========================================================
HEURISTIC TRAJECTORY: VND Incremental (RF)
========================================================
STEP 0 [START] - Distance: 27.0000
((((28,(((24,3),(15,9)),(((1,(18,22)),((17,(21,10)),(14,7))),(6,(8,29))))),(26,(16,(27,5)))),(12,(13,25))),((2,(30,(19,4))),(11,23)),20);

STEP 1 [uTBR_IncrementalHeuristic_RF -> NNI_Substep_1] - Distance: 27.0000
((((28,(((24,3),(15,9)),(((1,(18,22)),(((17,(21,10)),7),14)),(6,(8,29))))),(26,(16,(27,5)))),(12,(13,25))),((2,(30,(19,4))),(11,23)),20);

STEP 2 [uTBR_IncrementalHeuristic_RF -> NNI_Substep_2] - Distance: 27.0000
((((28,(((24,3),(15,9)),((((1,(18,22)),((17,(21,10)),7)),14),(6,(8,29))))),(26,(16,(27,5)))),(12,(13,25))),((2,(30,(19,4))),(11,23)),20);

STEP 3 [uTBR_IncrementalHeuristic_RF -> NNI_Substep_3] - Distance: 27.0000
((((28,(((24,3),(15,9)),((((1,(18,22)),((17,(21,10)),7)),(6,(8,29))),14))),(26,(16,(27,5)))),(12,(13,25))),((2,(30,(19,4))),(11,23)),20);

STEP 4 [uTBR_IncrementalHeuristic_RF -> NNI_Substep_4] - Distance: 27.0000
((((28,((((24,3),(15,9)),(((1,(18,22)),((17,(21,10)),7)),(6,(8,29)))),14)),(26,(16,(27,5)))),(12,(13,25))),((2,(30,(19,4))),(11,23)),20);

STEP 5 [uTBR_IncrementalHeuristic_RF -> NNI_Substep_5] - Distance: 27.0000
((((28,((((24,3),(15,9)),14),(((1,(18,22)),((17,(21,10)),7)),(6,(8,29))))),(26,(16,(27,5)))),(12,(13,25))),((2,(30,(19,4))),(11,23)),20);

STEP 6 [uTBR_IncrementalHeuristic_RF -> NNI_Substep_6] - Distance: 26.0000
((((28,(((24,3),((15,9),14)),(((1,(18,22)),((17,(21,10)),7)),(6,(8,29))))),(26,(16,(27,5)))),(12,(13,25))),((2,(30,(19,4))),(11,23)),20);

STEP 7 [uTBR_IncrementalHeuristic_RF -> NNI_Substep_7] - Distance: 25.0000
((((28,(((24,3),(15,(9,14))),(((1,(18,22)),((17,(21,10)),7)),(6,(8,29))))),(26,(16,(27,5)))),(12,(13,25))),((2,(30,(19,4))),(11,23)),20);

STEP 8 [uTBR_IncrementalHeuristic_RF -> NNI_Substep_8] - Distance: 25.0000
(((((((24,3),(15,(9,14))),(((1,(18,22)),((17,(21,10)),7)),(6,(8,29)))),(26,(16,(27,5)))),28),(12,(13,25))),((2,(30,(19,4))),(11,23)),20);

STEP 9 [uTBR_IncrementalHeuristic_RF -> NNI_Substep_9] - Distance: 25.0000
(((((26,(16,(27,5))),28),(((24,3),(15,(9,14))),(((1,(18,22)),((17,(21,10)),7)),(6,(8,29))))),(12,(13,25))),((2,(30,(19,4))),(11,23)),20);

STEP 10 [uTBR_IncrementalHeuristic_RF -> NNI_Substep_10] - Distance: 25.0000
((((((16,(27,5)),28),26),(((24,3),(15,(9,14))),(((1,(18,22)),((17,(21,10)),7)),(6,(8,29))))),(12,(13,25))),((2,(30,(19,4))),(11,23)),20);

STEP 11 [uTBR_IncrementalHeuristic_RF -> NNI_Substep_11] - Distance: 24.0000
((((((24,3),(15,(9,14))),(((1,(18,22)),((17,(21,10)),7)),(6,(8,29)))),(26,((16,28),(27,5)))),(12,(13,25))),((2,(30,(19,4))),(11,23)),20);

STEP 12 [uTBR_IncrementalHeuristic_RF -> NNI_Substep_12] - Distance: 24.0000
((((((24,3),(15,(9,14))),((((1,18),22),((17,(21,10)),7)),(6,(8,29)))),(26,((16,28),(27,5)))),(12,(13,25))),((2,(30,(19,4))),(11,23)),20);

STEP 13 [uTBR_IncrementalHeuristic_RF -> NNI_Substep_13] - Distance: 24.0000
((((((24,3),(15,(9,14))),((((1,18),((17,(21,10)),7)),22),(6,(8,29)))),(26,((16,28),(27,5)))),(12,(13,25))),((2,(30,(19,4))),(11,23)),20);

STEP 14 [uTBR_IncrementalHeuristic_RF -> NNI_Substep_14] - Distance: 24.0000
((((((24,3),(15,(9,14))),(((1,18),(((17,(21,10)),7),22)),(6,(8,29)))),(26,((16,28),(27,5)))),(12,(13,25))),((2,(30,(19,4))),(11,23)),20);

STEP 15 [uTBR_IncrementalHeuristic_RF -> NNI_Substep_15] - Distance: 24.0000
((((((24,3),(15,(9,14))),(((1,18),(((17,(21,10)),22),7)),(6,(8,29)))),(26,((16,28),(27,5)))),(12,(13,25))),((2,(30,(19,4))),(11,23)),20);

STEP 16 [uTBR_IncrementalHeuristic_RF -> NNI_Substep_16] - Distance: 23.0000
((((((24,3),(15,(9,14))),(((1,18),(((17,22),(21,10)),7)),(6,(8,29)))),(26,((16,28),(27,5)))),(12,(13,25))),((2,(30,(19,4))),(11,23)),20);

STEP 17 [uTBR_IncrementalHeuristic_RF -> NNI_Substep_17] - Distance: 23.0000
(((((((24,3),(15,(9,14))),(((1,18),(((17,22),(21,10)),7)),(6,(8,29)))),(26,((16,28),(27,5)))),(13,25)),12),((2,(30,(19,4))),(11,23)),20);

STEP 18 [uTBR_IncrementalHeuristic_RF -> NNI_Substep_18] - Distance: 23.0000
((((((24,3),(15,(9,14))),(((1,18),(((17,22),(21,10)),7)),(6,(8,29)))),(26,((16,28),(27,5)))),(13,25)),(((2,(30,(19,4))),(11,23)),12),20);

STEP 19 [uTBR_IncrementalHeuristic_RF -> NNI_Substep_19] - Distance: 23.0000
((((((24,3),(15,(9,14))),(((1,18),(((17,22),(21,10)),7)),(6,(8,29)))),(26,((16,28),(27,5)))),(13,25)),((2,(30,(19,4))),((11,23),12)),20);

STEP 20 [uTBR_IncrementalHeuristic_RF -> NNI_Substep_20] - Distance: 22.0000
((((((24,3),(15,(9,14))),(((1,18),(((17,22),(21,10)),7)),(6,(8,29)))),(26,((16,28),(27,5)))),(13,25)),((2,(30,(19,4))),(11,(23,12))),20);

STEP 21 [uTBR_IncrementalHeuristic_RF -> NNI_Substep_21] - Distance: 22.0000
((((((3,(15,(9,14))),24),(((1,18),(((17,22),(21,10)),7)),(6,(8,29)))),(26,((16,28),(27,5)))),(13,25)),((2,(30,(19,4))),(11,(23,12))),20);

STEP 22 [uTBR_IncrementalHeuristic_RF -> NNI_Substep_22] - Distance: 22.0000
((((((3,(15,(9,14))),(((1,18),(((17,22),(21,10)),7)),(6,(8,29)))),24),(26,((16,28),(27,5)))),(13,25)),((2,(30,(19,4))),(11,(23,12))),20);

STEP 23 [uTBR_IncrementalHeuristic_RF -> NNI_Substep_23] - Distance: 22.0000
(((((3,(15,(9,14))),((((1,18),(((17,22),(21,10)),7)),(6,(8,29))),24)),(26,((16,28),(27,5)))),(13,25)),((2,(30,(19,4))),(11,(23,12))),20);

STEP 24 [uTBR_IncrementalHeuristic_RF -> NNI_Substep_24] - Distance: 22.0000
(((((3,(15,(9,14))),(((1,18),(((17,22),(21,10)),7)),((6,(8,29)),24))),(26,((16,28),(27,5)))),(13,25)),((2,(30,(19,4))),(11,(23,12))),20);

STEP 25 [uTBR_IncrementalHeuristic_RF -> NNI_Substep_25] - Distance: 22.0000
(((((3,(15,(9,14))),(((1,18),(((17,22),(21,10)),7)),(6,((8,29),24)))),(26,((16,28),(27,5)))),(13,25)),((2,(30,(19,4))),(11,(23,12))),20);

STEP 26 [uTBR_IncrementalHeuristic_RF -> NNI_Substep_26] - Distance: 21.0000
(((((3,(15,(9,14))),(((1,18),(((17,22),(21,10)),7)),(6,((8,24),29)))),(26,((16,28),(27,5)))),(13,25)),((2,(30,(19,4))),(11,(23,12))),20);

STEP 27 [uTBR_IncrementalHeuristic_RF -> NNI_Substep_27] - Distance: 21.0000
(((((3,(15,(9,14))),(((1,18),(((17,22),(21,10)),7)),(6,((8,24),29)))),(26,(((16,28),27),5))),(13,25)),((2,(30,(19,4))),(11,(23,12))),20);

STEP 28 [uTBR_IncrementalHeuristic_RF -> NNI_Substep_28] - Distance: 21.0000
(((((3,(15,(9,14))),(((1,18),(((17,22),(21,10)),7)),(6,((8,24),29)))),((26,((16,28),27)),5)),(13,25)),((2,(30,(19,4))),(11,(23,12))),20);

STEP 29 [uTBR_IncrementalHeuristic_RF -> NNI_Substep_29] - Distance: 21.0000
((((((3,(15,(9,14))),(((1,18),(((17,22),(21,10)),7)),(6,((8,24),29)))),(26,((16,28),27))),5),(13,25)),((2,(30,(19,4))),(11,(23,12))),20);

STEP 30 [uTBR_IncrementalHeuristic_RF -> NNI_Substep_30] - Distance: 21.0000
((((((3,(15,(9,14))),(((1,18),(((17,22),(21,10)),7)),(6,((8,24),29)))),(26,((16,28),27))),(13,25)),5),((2,(30,(19,4))),(11,(23,12))),20);

STEP 31 [uTBR_IncrementalHeuristic_RF -> NNI_Substep_31] - Distance: 20.0000
(((((3,(15,(9,14))),(((1,18),(((17,22),(21,10)),7)),(6,((8,24),29)))),(26,((16,28),27))),(13,25)),((2,(30,(19,4))),(11,(23,12))),(20,5));

STEP 32 [uTBR_IncrementalHeuristic_RF -> NNI_Substep_32] - Distance: 20.0000
(((((3,(15,(9,14))),(((1,18),(((17,22),(21,10)),7)),(6,((8,24),29)))),(26,((16,28),27))),(13,25)),((2,((30,19),4)),(11,(23,12))),(20,5));

STEP 33 [uTBR_IncrementalHeuristic_RF -> NNI_Substep_33] - Distance: 20.0000
(((((3,(15,(9,14))),(((1,18),(((17,22),(21,10)),7)),(6,((8,24),29)))),(26,((16,28),27))),(13,25)),(((2,(30,19)),4),(11,(23,12))),(20,5));

STEP 34 [uTBR_IncrementalHeuristic_RF -> NNI_Substep_34] - Distance: 20.0000
(((((3,(15,(9,14))),(((1,18),(((17,22),(21,10)),7)),(6,((8,24),29)))),(26,((16,28),27))),(13,25)),(((2,(30,19)),(11,(23,12))),4),(20,5));

STEP 35 [uTBR_IncrementalHeuristic_RF -> NNI_Substep_35] - Distance: 19.0000
(((((3,(15,(9,14))),(((1,18),(((17,22),(21,10)),7)),(6,((8,24),29)))),(26,((16,28),27))),(13,25)),((2,(30,19)),(11,(23,12))),((20,5),4));

STEP 36 [uTBR_IncrementalHeuristic_RF -> NNI_Substep_36] - Distance: 19.0000
((((((3,(15,(9,14))),(((1,18),(((17,22),(21,10)),7)),(6,((8,24),29)))),(26,((16,28),27))),13),25),((2,(30,19)),(11,(23,12))),((20,5),4));

STEP 37 [uTBR_IncrementalHeuristic_RF -> NNI_Substep_37] - Distance: 19.0000
(((((3,(15,(9,14))),(((1,18),(((17,22),(21,10)),7)),(6,((8,24),29)))),(26,((16,28),27))),13),(((2,(30,19)),(11,(23,12))),25),((20,5),4));

STEP 38 [uTBR_IncrementalHeuristic_RF -> NNI_Substep_38] - Distance: 19.0000
(((((3,(15,(9,14))),(((1,18),(((17,22),(21,10)),7)),(6,((8,24),29)))),(26,((16,28),27))),13),(((2,(30,19)),25),(11,(23,12))),((20,5),4));

STEP 39 [uTBR_IncrementalHeuristic_RF -> NNI_Substep_39] - Distance: 19.0000
(((((3,(15,(9,14))),(((1,18),(((17,22),(21,10)),7)),(6,((8,24),29)))),(26,((16,28),27))),13),((2,((30,19),25)),(11,(23,12))),((20,5),4));

STEP 40 [uTBR_IncrementalHeuristic_RF -> NNI_Substep_40] - Distance: 18.0000
(((((3,(15,(9,14))),(((1,18),(((17,22),(21,10)),7)),(6,((8,24),29)))),(26,((16,28),27))),13),((2,(30,(19,25))),(11,(23,12))),((20,5),4));

STEP 41 [uTBR_IncrementalHeuristic_RF -> NNI_Substep_41] - Distance: 18.0000
(((((3,(15,(9,14))),((((1,18),((17,22),(21,10))),7),(6,((8,24),29)))),(26,((16,28),27))),13),((2,(30,(19,25))),(11,(23,12))),((20,5),4));

STEP 42 [uTBR_IncrementalHeuristic_RF -> NNI_Substep_42] - Distance: 18.0000
(((((3,(15,(9,14))),((((1,18),((17,22),(21,10))),(6,((8,24),29))),7)),(26,((16,28),27))),13),((2,(30,(19,25))),(11,(23,12))),((20,5),4));

STEP 43 [uTBR_IncrementalHeuristic_RF -> NNI_Substep_43] - Distance: 18.0000
((((((3,(15,(9,14))),(((1,18),((17,22),(21,10))),(6,((8,24),29)))),7),(26,((16,28),27))),13),((2,(30,(19,25))),(11,(23,12))),((20,5),4));

STEP 44 [uTBR_IncrementalHeuristic_RF -> NNI_Substep_44] - Distance: 18.0000
((((((3,(15,(9,14))),(((1,18),((17,22),(21,10))),(6,((8,24),29)))),(26,((16,28),27))),7),13),((2,(30,(19,25))),(11,(23,12))),((20,5),4));

STEP 45 [uTBR_IncrementalHeuristic_RF -> NNI_Substep_45] - Distance: 18.0000
((((((3,(15,(9,14))),(((1,18),((17,22),(21,10))),(6,((8,24),29)))),(26,((16,28),27))),13),7),((2,(30,(19,25))),(11,(23,12))),((20,5),4));

STEP 46 [uTBR_IncrementalHeuristic_RF -> NNI_Substep_46] - Distance: 17.0000
(((((3,(15,(9,14))),(((1,18),((17,22),(21,10))),(6,((8,24),29)))),(26,((16,28),27))),13),((2,(30,(19,25))),(11,(23,12))),(((20,5),4),7));

STEP 47 [uTBR_IncrementalHeuristic_RF -> NNI_Substep_47] - Distance: 17.0000
(((((3,(15,(9,14))),(((1,18),((17,22),(21,10))),((6,29),(8,24)))),(26,((16,28),27))),13),((2,(30,(19,25))),(11,(23,12))),(((20,5),4),7));

STEP 48 [uTBR_IncrementalHeuristic_RF -> NNI_Substep_48] - Distance: 17.0000
(((((3,(15,(9,14))),((((1,18),((17,22),(21,10))),(6,29)),(8,24))),(26,((16,28),27))),13),((2,(30,(19,25))),(11,(23,12))),(((20,5),4),7));

STEP 49 [uTBR_IncrementalHeuristic_RF -> NNI_Substep_49] - Distance: 17.0000
((((((3,(15,(9,14))),(((1,18),((17,22),(21,10))),(6,29))),(8,24)),(26,((16,28),27))),13),((2,(30,(19,25))),(11,(23,12))),(((20,5),4),7));

STEP 50 [uTBR_IncrementalHeuristic_RF -> NNI_Substep_50] - Distance: 17.0000
((((((3,(15,(9,14))),(((1,18),((17,22),(21,10))),(6,29))),(26,((16,28),27))),(8,24)),13),((2,(30,(19,25))),(11,(23,12))),(((20,5),4),7));

STEP 51 [uTBR_IncrementalHeuristic_RF -> NNI_Substep_51] - Distance: 17.0000
(((((3,(15,(9,14))),(((1,18),((17,22),(21,10))),(6,29))),((26,((16,28),27)),(8,24))),13),((2,(30,(19,25))),(11,(23,12))),(((20,5),4),7));

STEP 52 [uTBR_IncrementalHeuristic_RF -> NNI_Substep_52] - Distance: 17.0000
(((((3,(15,(9,14))),(((1,18),((17,22),(21,10))),(6,29))),(26,(((16,28),27),(8,24)))),13),((2,(30,(19,25))),(11,(23,12))),(((20,5),4),7));

STEP 53 [uTBR_IncrementalHeuristic_RF -> NNI_Substep_53] - Distance: 16.0000
(((((3,(15,(9,14))),(((1,18),((17,22),(21,10))),(6,29))),(26,(((16,28),(8,24)),27))),13),((2,(30,(19,25))),(11,(23,12))),(((20,5),4),7));

STEP 54 [uTBR_IncrementalHeuristic_RF -> NNI_Substep_54] - Distance: 16.0000
(((((3,(15,(9,14))),((((1,18),((17,22),(21,10))),6),29)),(26,(((16,28),(8,24)),27))),13),((2,(30,(19,25))),(11,(23,12))),(((20,5),4),7));

STEP 55 [uTBR_IncrementalHeuristic_RF -> NNI_Substep_55] - Distance: 16.0000
((((((3,(15,(9,14))),(((1,18),((17,22),(21,10))),6)),29),(26,(((16,28),(8,24)),27))),13),((2,(30,(19,25))),(11,(23,12))),(((20,5),4),7));

STEP 56 [uTBR_IncrementalHeuristic_RF -> NNI_Substep_56] - Distance: 16.0000
((((((3,(15,(9,14))),(((1,18),((17,22),(21,10))),6)),(26,(((16,28),(8,24)),27))),29),13),((2,(30,(19,25))),(11,(23,12))),(((20,5),4),7));

STEP 57 [uTBR_IncrementalHeuristic_RF -> NNI_Substep_57] - Distance: 16.0000
((((((3,(15,(9,14))),(((1,18),((17,22),(21,10))),6)),(26,(((16,28),(8,24)),27))),13),29),((2,(30,(19,25))),(11,(23,12))),(((20,5),4),7));

STEP 58 [uTBR_IncrementalHeuristic_RF -> NNI_Substep_58] - Distance: 16.0000
(((((3,(15,(9,14))),(((1,18),((17,22),(21,10))),6)),(26,(((16,28),(8,24)),27))),13),(((2,(30,(19,25))),(11,(23,12))),29),(((20,5),4),7));

STEP 59 [uTBR_IncrementalHeuristic_RF -> NNI_Substep_59] - Distance: 16.0000
(((((3,(15,(9,14))),(((1,18),((17,22),(21,10))),6)),(26,(((16,28),(8,24)),27))),13),((2,(30,(19,25))),((11,(23,12)),29)),(((20,5),4),7));

STEP 60 [uTBR_IncrementalHeuristic_RF -> NNI_Substep_60] - Distance: 15.0000
(((((3,(15,(9,14))),(((1,18),((17,22),(21,10))),6)),(26,(((16,28),(8,24)),27))),13),((2,(30,(19,25))),((11,29),(23,12))),(((20,5),4),7));

STEP 61 [uTBR_IncrementalHeuristic_RF -> NNI_Substep_61] - Distance: 15.0000
(((((3,(15,(9,14))),(((1,18),((17,22),(21,10))),6)),(26,(((16,28),(8,24)),27))),13),(((2,(19,25)),30),((11,29),(23,12))),(((20,5),4),7));

STEP 62 [uTBR_IncrementalHeuristic_RF -> NNI_Substep_62] - Distance: 15.0000
(((((3,(15,(9,14))),(((1,18),((17,22),(21,10))),6)),(26,(((16,28),(8,24)),27))),13),(((2,(19,25)),((11,29),(23,12))),30),(((20,5),4),7));

STEP 63 [uTBR_IncrementalHeuristic_RF -> NNI_Substep_63] - Distance: 15.0000
(((((3,(15,(9,14))),(((1,18),((17,22),(21,10))),6)),(26,(((16,28),(8,24)),27))),13),((2,(19,25)),(((11,29),(23,12)),30)),(((20,5),4),7));

STEP 64 [uTBR_IncrementalHeuristic_RF -> NNI_Substep_64] - Distance: 14.0000
(((((3,(15,(9,14))),(((1,18),((17,22),(21,10))),6)),(26,(((16,28),(8,24)),27))),13),((2,(19,25)),(((11,29),30),(23,12))),(((20,5),4),7));

STEP 65 [uTBR_IncrementalHeuristic_RF -> NNI_Substep_65] - Distance: 14.0000
((((3,(15,(9,14))),(((1,18),((17,22),(21,10))),6)),(26,(((16,28),(8,24)),27))),(((2,(19,25)),(((11,29),30),(23,12))),13),(((20,5),4),7));

STEP 66 [uTBR_IncrementalHeuristic_RF -> NNI_Substep_66] - Distance: 14.0000
((((3,(15,(9,14))),(((1,18),((17,22),(21,10))),6)),(26,(((16,28),(8,24)),27))),((2,(19,25)),((((11,29),30),(23,12)),13)),(((20,5),4),7));

STEP 67 [uTBR_IncrementalHeuristic_RF -> NNI_Substep_67] - Distance: 13.0000
((((3,(15,(9,14))),(((1,18),((17,22),(21,10))),6)),(26,(((16,28),(8,24)),27))),((2,(19,25)),((((11,29),30),13),(23,12))),(((20,5),4),7));

STEP 68 [uTBR_IncrementalHeuristic_RF -> NNI_Substep_68] - Distance: 13.0000
(((((3,(15,(9,14))),((1,18),((17,22),(21,10)))),6),(26,(((16,28),(8,24)),27))),((2,(19,25)),((((11,29),30),13),(23,12))),(((20,5),4),7));

STEP 69 [uTBR_IncrementalHeuristic_RF -> NNI_Substep_69] - Distance: 13.0000
(((((3,(15,(9,14))),((1,18),((17,22),(21,10)))),(26,(((16,28),(8,24)),27))),6),((2,(19,25)),((((11,29),30),13),(23,12))),(((20,5),4),7));

STEP 70 [uTBR_IncrementalHeuristic_RF -> NNI_Substep_70] - Distance: 13.0000
((((3,(15,(9,14))),((1,18),((17,22),(21,10)))),(26,(((16,28),(8,24)),27))),(((2,(19,25)),((((11,29),30),13),(23,12))),6),(((20,5),4),7));

STEP 71 [uTBR_IncrementalHeuristic_RF -> NNI_Substep_71] - Distance: 13.0000
((((3,(15,(9,14))),((1,18),((17,22),(21,10)))),(26,(((16,28),(8,24)),27))),(((2,(19,25)),6),((((11,29),30),13),(23,12))),(((20,5),4),7));

STEP 72 [uTBR_IncrementalHeuristic_RF -> NNI_Substep_72] - Distance: 12.0000
((((3,(15,(9,14))),((1,18),((17,22),(21,10)))),(26,(((16,28),(8,24)),27))),((2,((19,25),6)),((((11,29),30),13),(23,12))),(((20,5),4),7));

STEP 73 [uTBR_IncrementalHeuristic_RF -> NNI_Substep_73] - Distance: 12.0000
((((3,(15,(9,14))),((1,18),((17,22),(21,10)))),(26,(((16,28),(8,24)),27))),((2,((((11,29),30),13),(23,12))),((19,25),6)),(((20,5),4),7));

STEP 74 [uTBR_IncrementalHeuristic_RF -> NNI_Substep_74] - Distance: 12.0000
(((((3,(15,(9,14))),((1,18),((17,22),(21,10)))),(26,(((16,28),(8,24)),27))),((19,25),6)),(2,((((11,29),30),13),(23,12))),(((20,5),4),7));

STEP 75 [uTBR_IncrementalHeuristic_RF -> NNI_Substep_75] - Distance: 12.0000
(((((3,(15,(9,14))),((1,18),((17,22),(21,10)))),((19,25),6)),(26,(((16,28),(8,24)),27))),(2,((((11,29),30),13),(23,12))),(((20,5),4),7));

STEP 76 [uTBR_IncrementalHeuristic_RF -> NNI_Substep_76] - Distance: 12.0000
((((3,(15,(9,14))),(((1,18),((17,22),(21,10))),((19,25),6))),(26,(((16,28),(8,24)),27))),(2,((((11,29),30),13),(23,12))),(((20,5),4),7));

STEP 77 [uTBR_IncrementalHeuristic_RF -> NNI_Substep_77] - Distance: 12.0000
((((3,(15,(9,14))),((1,18),(((17,22),(21,10)),((19,25),6)))),(26,(((16,28),(8,24)),27))),(2,((((11,29),30),13),(23,12))),(((20,5),4),7));

STEP 78 [uTBR_IncrementalHeuristic_RF -> NNI_Substep_78] - Distance: 11.0000
((((3,(15,(9,14))),((1,18),((17,22),((21,10),((19,25),6))))),(26,(((16,28),(8,24)),27))),(2,((((11,29),30),13),(23,12))),(((20,5),4),7));

STEP 79 [uTBR_IncrementalHeuristic_RF -> NNI_Substep_79] - Distance: 10.0000
((((3,(15,(9,14))),((1,18),((17,22),((21,((19,25),6)),10)))),(26,(((16,28),(8,24)),27))),(2,((((11,29),30),13),(23,12))),(((20,5),4),7));

STEP 80 [uTBR_IncrementalHeuristic_RF -> NNI_Substep_80] - Distance: 10.0000
((((3,(15,(9,14))),(((1,18),((21,((19,25),6)),10)),(17,22))),(26,(((16,28),(8,24)),27))),(2,((((11,29),30),13),(23,12))),(((20,5),4),7));

STEP 81 [uTBR_IncrementalHeuristic_RF -> NNI_Substep_81] - Distance: 10.0000
(((((3,(15,(9,14))),((1,18),((21,((19,25),6)),10))),(17,22)),(26,(((16,28),(8,24)),27))),(2,((((11,29),30),13),(23,12))),(((20,5),4),7));

STEP 82 [uTBR_IncrementalHeuristic_RF -> NNI_Substep_82] - Distance: 10.0000
(((((3,(15,(9,14))),((1,18),((21,((19,25),6)),10))),(26,(((16,28),(8,24)),27))),(17,22)),(2,((((11,29),30),13),(23,12))),(((20,5),4),7));

STEP 83 [uTBR_IncrementalHeuristic_RF -> NNI_Substep_83] - Distance: 10.0000
((((3,(15,(9,14))),((1,18),((21,((19,25),6)),10))),(26,(((16,28),(8,24)),27))),((2,((((11,29),30),13),(23,12))),(17,22)),(((20,5),4),7));

STEP 84 [uTBR_IncrementalHeuristic_RF -> NNI_Substep_84] - Distance: 9.0000
((((3,(15,(9,14))),((1,18),((21,((19,25),6)),10))),(26,(((16,28),(8,24)),27))),((2,(17,22)),((((11,29),30),13),(23,12))),(((20,5),4),7));

STEP 85 [uTBR_IncrementalHeuristic_RF -> NNI_Substep_85] - Distance: 9.0000
(((((3,(15,(9,14))),((1,18),((21,((19,25),6)),10))),(((16,28),(8,24)),27)),26),((2,(17,22)),((((11,29),30),13),(23,12))),(((20,5),4),7));

STEP 86 [uTBR_IncrementalHeuristic_RF -> NNI_Substep_86] - Distance: 9.0000
((((3,(15,(9,14))),((1,18),((21,((19,25),6)),10))),(((16,28),(8,24)),27)),(((2,(17,22)),((((11,29),30),13),(23,12))),26),(((20,5),4),7));

STEP 87 [uTBR_IncrementalHeuristic_RF -> NNI_Substep_87] - Distance: 8.0000
((((3,(15,(9,14))),((1,18),((21,((19,25),6)),10))),(((16,28),(8,24)),27)),(((2,(17,22)),26),((((11,29),30),13),(23,12))),(((20,5),4),7));

STEP 88 [uTBR_IncrementalHeuristic_RF -> NNI_Substep_88] - Distance: 8.0000
(((((3,(15,(9,14))),(1,18)),((21,((19,25),6)),10)),(((16,28),(8,24)),27)),(((2,(17,22)),26),((((11,29),30),13),(23,12))),(((20,5),4),7));

STEP 89 [uTBR_IncrementalHeuristic_RF -> NNI_Substep_89] - Distance: 8.0000
(((((3,(15,(9,14))),(1,18)),(((16,28),(8,24)),27)),((21,((19,25),6)),10)),(((2,(17,22)),26),((((11,29),30),13),(23,12))),(((20,5),4),7));

STEP 90 [uTBR_IncrementalHeuristic_RF -> NNI_Substep_90] - Distance: 8.0000
((((3,(15,(9,14))),(1,18)),((((16,28),(8,24)),27),((21,((19,25),6)),10))),(((2,(17,22)),26),((((11,29),30),13),(23,12))),(((20,5),4),7));

STEP 91 [uTBR_IncrementalHeuristic_RF -> NNI_Substep_91] - Distance: 7.0000
((((3,(15,(9,14))),(1,18)),(((16,28),(8,24)),(27,((21,((19,25),6)),10)))),(((2,(17,22)),26),((((11,29),30),13),(23,12))),(((20,5),4),7));

STEP 92 [uTBR_IncrementalHeuristic_RF -> NNI_Substep_92] - Distance: 7.0000
(((((3,(15,(9,14))),(1,18)),((16,28),(8,24))),(27,((21,((19,25),6)),10))),(((2,(17,22)),26),((((11,29),30),13),(23,12))),(((20,5),4),7));

STEP 93 [uTBR_IncrementalHeuristic_RF -> NNI_Substep_93] - Distance: 6.0000
((((3,(15,(9,14))),(1,18)),((16,28),(8,24))),(((2,(17,22)),26),((((11,29),30),13),(23,12))),((((20,5),4),7),(27,((21,((19,25),6)),10))));

STEP 94 [uTBR_IncrementalHeuristic_RF -> NNI_Substep_94] - Distance: 6.0000
((((3,(15,(9,14))),(1,18)),((16,28),(8,24))),((((2,(17,22)),26),(23,12)),(((11,29),30),13)),((((20,5),4),7),(27,((21,((19,25),6)),10))));

STEP 95 [uTBR_IncrementalHeuristic_RF -> NNI_Substep_95] - Distance: 5.0000
((((3,(15,(9,14))),(1,18)),((16,28),(8,24))),(((2,(17,22)),26),(23,12)),(((((20,5),4),7),(27,((21,((19,25),6)),10))),(((11,29),30),13)));

STEP 96 [uTBR_IncrementalHeuristic_RF -> NNI_Substep_96] - Distance: 5.0000
(((((15,(9,14)),(1,18)),3),((16,28),(8,24))),(((2,(17,22)),26),(23,12)),(((((20,5),4),7),(27,((21,((19,25),6)),10))),(((11,29),30),13)));

STEP 97 [uTBR_IncrementalHeuristic_RF -> NNI_Substep_97] - Distance: 5.0000
(((((15,(9,14)),(1,18)),((16,28),(8,24))),3),(((2,(17,22)),26),(23,12)),(((((20,5),4),7),(27,((21,((19,25),6)),10))),(((11,29),30),13)));

STEP 98 [uTBR_IncrementalHeuristic_RF -> NNI_Substep_98] - Distance: 5.0000
((((15,(9,14)),(1,18)),((16,28),(8,24))),((((2,(17,22)),26),(23,12)),3),(((((20,5),4),7),(27,((21,((19,25),6)),10))),(((11,29),30),13)));

STEP 99 [uTBR_IncrementalHeuristic_RF -> NNI_Substep_99] - Distance: 4.0000
((((15,(9,14)),(1,18)),((16,28),(8,24))),((((2,(17,22)),26),3),(23,12)),(((((20,5),4),7),(27,((21,((19,25),6)),10))),(((11,29),30),13)));

STEP 100 [uTBR_IncrementalHeuristic_RF -> NNI_Substep_100] - Distance: 4.0000
(((((15,(9,14)),18),1),((16,28),(8,24))),((((2,(17,22)),26),3),(23,12)),(((((20,5),4),7),(27,((21,((19,25),6)),10))),(((11,29),30),13)));

STEP 101 [uTBR_IncrementalHeuristic_RF -> NNI_Substep_101] - Distance: 4.0000
(((((15,(9,14)),18),((16,28),(8,24))),1),((((2,(17,22)),26),3),(23,12)),(((((20,5),4),7),(27,((21,((19,25),6)),10))),(((11,29),30),13)));

STEP 102 [uTBR_IncrementalHeuristic_RF -> NNI_Substep_102] - Distance: 4.0000
((((15,(9,14)),18),((16,28),(8,24))),(((((2,(17,22)),26),3),(23,12)),1),(((((20,5),4),7),(27,((21,((19,25),6)),10))),(((11,29),30),13)));

STEP 103 [uTBR_IncrementalHeuristic_RF -> NNI_Substep_103] - Distance: 3.0000
((((15,(9,14)),18),((16,28),(8,24))),(((((2,(17,22)),26),3),1),(23,12)),(((((20,5),4),7),(27,((21,((19,25),6)),10))),(((11,29),30),13)));

STEP 104 [uTBR_IncrementalHeuristic_RF -> NNI_Substep_104] - Distance: 3.0000
(((((15,(9,14)),18),((16,28),(8,24))),(23,12)),((((2,(17,22)),26),3),1),(((((20,5),4),7),(27,((21,((19,25),6)),10))),(((11,29),30),13)));

STEP 105 [uTBR_IncrementalHeuristic_RF -> NNI_Substep_105] - Distance: 2.0000
(((((15,(9,14)),18),(23,12)),((16,28),(8,24))),((((2,(17,22)),26),3),1),(((((20,5),4),7),(27,((21,((19,25),6)),10))),(((11,29),30),13)));

STEP 106 [uTBR_IncrementalHeuristic_RF -> NNI_Substep_106] - Distance: 1.0000
((((15,(9,14)),(18,(23,12))),((16,28),(8,24))),((((2,(17,22)),26),3),1),(((((20,5),4),7),(27,((21,((19,25),6)),10))),(((11,29),30),13)));

STEP 107 [uTBR_IncrementalHeuristic_RF -> NNI_Substep_107] - Distance: 0.0000
(((16,28),(8,24)),((((2,(17,22)),26),3),1),((((((20,5),4),7),(27,((21,((19,25),6)),10))),(((11,29),30),13)),((15,(9,14)),(18,(23,12)))));

========================================================
[FINAL] Total Steps: 107 | Final Distance: 0.0000
========================================================
