========================================================
HEURISTIC TRAJECTORY: VND Incremental (RF)
========================================================
STEP 0 [START] - Distance: 25.0000
(((8,(24,28)),(25,1)),(17,11),((((13,26),(4,(23,12))),(((27,((21,22),(2,10))),(9,(19,18))),(5,(15,(16,(3,(6,29))))))),((30,14),(20,7))));

STEP 1 [uTBR_IncrementalHeuristic_RF -> NNI_Substep_1] - Distance: 25.0000
(((8,(24,28)),(25,1)),(17,11),((((13,26),(4,(23,12))),(((((21,22),27),(2,10)),(9,(19,18))),(5,(15,(16,(3,(6,29))))))),((30,14),(20,7))));

STEP 2 [uTBR_IncrementalHeuristic_RF -> NNI_Substep_2] - Distance: 24.0000
(((8,(24,28)),(25,1)),(17,11),((((13,26),(4,(23,12))),(((((22,27),21),(2,10)),(9,(19,18))),(5,(15,(16,(3,(6,29))))))),((30,14),(20,7))));

STEP 3 [uTBR_IncrementalHeuristic_RF -> NNI_Substep_3] - Distance: 24.0000
(((8,(24,28)),(25,1)),(17,11),((((13,26),(4,(23,12))),(((((21,(22,27)),10),2),(9,(19,18))),(5,(15,(16,(3,(6,29))))))),((30,14),(20,7))));

STEP 4 [uTBR_IncrementalHeuristic_RF -> NNI_Substep_4] - Distance: 24.0000
(((8,(24,28)),(25,1)),(17,11),((((13,26),(4,(23,12))),(((((21,(22,27)),10),(9,(19,18))),2),(5,(15,(16,(3,(6,29))))))),((30,14),(20,7))));

STEP 5 [uTBR_IncrementalHeuristic_RF -> NNI_Substep_5] - Distance: 24.0000
(((8,(24,28)),(25,1)),(17,11),((((13,26),(4,(23,12))),((((21,(22,27)),10),((9,(19,18)),2)),(5,(15,(16,(3,(6,29))))))),((30,14),(20,7))));

STEP 6 [uTBR_IncrementalHeuristic_RF -> NNI_Substep_6] - Distance: 23.0000
(((8,(24,28)),(25,1)),(17,11),((((13,26),(4,(23,12))),((((21,(22,27)),10),((9,2),(19,18))),(5,(15,(16,(3,(6,29))))))),((30,14),(20,7))));

STEP 7 [uTBR_IncrementalHeuristic_RF -> NNI_Substep_7] - Distance: 23.0000
(((8,(24,28)),(25,1)),(17,11),((((13,26),(4,(23,12))),(((((22,27),10),21),((9,2),(19,18))),(5,(15,(16,(3,(6,29))))))),((30,14),(20,7))));

STEP 8 [uTBR_IncrementalHeuristic_RF -> NNI_Substep_8] - Distance: 23.0000
(((8,(24,28)),(25,1)),(17,11),((((13,26),(4,(23,12))),(((((22,27),10),((9,2),(19,18))),21),(5,(15,(16,(3,(6,29))))))),((30,14),(20,7))));

STEP 9 [uTBR_IncrementalHeuristic_RF -> NNI_Substep_9] - Distance: 23.0000
(((8,(24,28)),(25,1)),(17,11),((((13,26),(4,(23,12))),((((22,27),10),(((9,2),(19,18)),21)),(5,(15,(16,(3,(6,29))))))),((30,14),(20,7))));

STEP 10 [uTBR_IncrementalHeuristic_RF -> NNI_Substep_10] - Distance: 23.0000
(((8,(24,28)),(25,1)),(17,11),((((13,26),(4,(23,12))),((((22,27),10),((9,2),((19,18),21))),(5,(15,(16,(3,(6,29))))))),((30,14),(20,7))));

STEP 11 [uTBR_IncrementalHeuristic_RF -> NNI_Substep_11] - Distance: 22.0000
(((8,(24,28)),(25,1)),(17,11),((((13,26),(4,(23,12))),((((22,27),10),((9,2),((19,21),18))),(5,(15,(16,(3,(6,29))))))),((30,14),(20,7))));

STEP 12 [uTBR_IncrementalHeuristic_RF -> NNI_Substep_12] - Distance: 22.0000
(((8,(24,28)),(25,1)),(17,11),((((13,26),(4,(23,12))),((((22,27),10),((9,2),((19,21),18))),(((16,(3,(6,29))),5),15))),((30,14),(20,7))));

STEP 13 [uTBR_IncrementalHeuristic_RF -> NNI_Substep_13] - Distance: 22.0000
(((8,(24,28)),(25,1)),(17,11),((((13,26),(4,(23,12))),((((22,27),10),((9,2),((19,21),18))),((((3,(6,29)),5),16),15))),((30,14),(20,7))));

STEP 14 [uTBR_IncrementalHeuristic_RF -> NNI_Substep_14] - Distance: 22.0000
(((8,(24,28)),(25,1)),(17,11),((((13,26),(4,(23,12))),((((22,27),10),((9,2),((19,21),18))),(15,(16,(3,((6,29),5)))))),((30,14),(20,7))));

STEP 15 [uTBR_IncrementalHeuristic_RF -> NNI_Substep_15] - Distance: 21.0000
(((8,(24,28)),(25,1)),(17,11),((((13,26),(4,(23,12))),((((22,27),10),((9,2),((19,21),18))),(15,(16,(3,((6,5),29)))))),((30,14),(20,7))));

STEP 16 [uTBR_IncrementalHeuristic_RF -> NNI_Substep_16] - Distance: 21.0000
(((8,(24,28)),(25,1)),(17,11),((((13,26),(4,(23,12))),((((22,27),10),((9,2),((19,21),18))),(((3,((6,5),29)),15),16))),((30,14),(20,7))));

STEP 17 [uTBR_IncrementalHeuristic_RF -> NNI_Substep_17] - Distance: 21.0000
(((8,(24,28)),(25,1)),(17,11),((((13,26),(4,(23,12))),((((22,27),10),((9,2),((19,21),18))),(((((6,5),29),15),3),16))),((30,14),(20,7))));

STEP 18 [uTBR_IncrementalHeuristic_RF -> NNI_Substep_18] - Distance: 20.0000
(((8,(24,28)),(25,1)),(17,11),((((13,26),(4,(23,12))),((((22,27),10),((9,2),((19,21),18))),(16,(3,(((6,5),15),29))))),((30,14),(20,7))));

STEP 19 [uTBR_IncrementalHeuristic_RF -> NNI_Substep_19] - Distance: 20.0000
(((8,(24,28)),(25,1)),(17,11),(((((13,26),(23,12)),4),((((22,27),10),((9,2),((19,21),18))),(16,(3,(((6,5),15),29))))),((30,14),(20,7))));

STEP 20 [uTBR_IncrementalHeuristic_RF -> NNI_Substep_20] - Distance: 20.0000
(((8,(24,28)),(25,1)),(17,11),(((((13,26),(23,12)),((((22,27),10),((9,2),((19,21),18))),(16,(3,(((6,5),15),29))))),4),((30,14),(20,7))));

STEP 21 [uTBR_IncrementalHeuristic_RF -> NNI_Substep_21] - Distance: 20.0000
(((8,(24,28)),(25,1)),(17,11),(((((13,26),(23,12)),((((22,27),10),((9,2),((19,21),18))),(16,(3,(((6,5),15),29))))),((30,14),(20,7))),4));

STEP 22 [uTBR_IncrementalHeuristic_RF -> NNI_Substep_22] - Distance: 20.0000
(((8,(24,28)),(25,1)),(17,11),((((13,26),(23,12)),((((22,27),10),((9,2),((19,21),18))),(16,(3,(((6,5),15),29))))),(((30,14),(20,7)),4)));

STEP 23 [uTBR_IncrementalHeuristic_RF -> NNI_Substep_23] - Distance: 20.0000
(((8,(24,28)),(25,1)),(17,11),((((13,26),(23,12)),((((22,27),10),((9,2),((19,21),18))),(16,(3,(((6,5),15),29))))),(((30,14),4),(20,7))));

STEP 24 [uTBR_IncrementalHeuristic_RF -> NNI_Substep_24] - Distance: 19.0000
(((8,(24,28)),(25,1)),(17,11),((((13,26),(23,12)),((((22,27),10),((9,2),((19,21),18))),(16,(3,(((6,5),15),29))))),((30,(14,4)),(20,7))));

STEP 25 [uTBR_IncrementalHeuristic_RF -> NNI_Substep_25] - Distance: 19.0000
(((8,(24,28)),(25,1)),(17,11),(((((13,26),12),23),((((22,27),10),((9,2),((19,21),18))),(16,(3,(((6,5),15),29))))),((30,(14,4)),(20,7))));

STEP 26 [uTBR_IncrementalHeuristic_RF -> NNI_Substep_26] - Distance: 19.0000
(((8,(24,28)),(25,1)),(17,11),(((((13,26),12),((((22,27),10),((9,2),((19,21),18))),(16,(3,(((6,5),15),29))))),23),((30,(14,4)),(20,7))));

STEP 27 [uTBR_IncrementalHeuristic_RF -> NNI_Substep_27] - Distance: 19.0000
(((8,(24,28)),(25,1)),(17,11),(((((13,26),12),((((22,27),10),((9,2),((19,21),18))),(16,(3,(((6,5),15),29))))),((30,(14,4)),(20,7))),23));

STEP 28 [uTBR_IncrementalHeuristic_RF -> NNI_Substep_28] - Distance: 19.0000
(((8,(24,28)),(25,1)),(17,11),((((13,26),12),((((22,27),10),((9,2),((19,21),18))),(16,(3,(((6,5),15),29))))),(((30,(14,4)),(20,7)),23)));

STEP 29 [uTBR_IncrementalHeuristic_RF -> NNI_Substep_29] - Distance: 19.0000
(((8,(24,28)),(25,1)),(17,11),((((13,26),12),((((22,27),10),((9,2),((19,21),18))),(16,(3,(((6,5),15),29))))),(((30,(14,4)),23),(20,7))));

STEP 30 [uTBR_IncrementalHeuristic_RF -> NNI_Substep_30] - Distance: 18.0000
(((8,(24,28)),(25,1)),(17,11),((((13,26),12),((((22,27),10),((9,2),((19,21),18))),(16,(3,(((6,5),15),29))))),(((30,23),(14,4)),(20,7))));

STEP 31 [uTBR_IncrementalHeuristic_RF -> NNI_Substep_31] - Distance: 18.0000
(((8,(24,28)),(25,1)),(17,11),((((13,26),12),(((((22,27),10),((9,2),((19,21),18))),(3,(((6,5),15),29))),16)),(((30,23),(14,4)),(20,7))));

STEP 32 [uTBR_IncrementalHeuristic_RF -> NNI_Substep_32] - Distance: 18.0000
(((8,(24,28)),(25,1)),(17,11),(((((13,26),12),((((22,27),10),((9,2),((19,21),18))),(3,(((6,5),15),29)))),16),(((30,23),(14,4)),(20,7))));

STEP 33 [uTBR_IncrementalHeuristic_RF -> NNI_Substep_33] - Distance: 18.0000
(((8,(24,28)),(25,1)),(17,11),(((((13,26),12),((((22,27),10),((9,2),((19,21),18))),(3,(((6,5),15),29)))),(((30,23),(14,4)),(20,7))),16));

STEP 34 [uTBR_IncrementalHeuristic_RF -> NNI_Substep_34] - Distance: 18.0000
(((8,(24,28)),(25,1)),(17,11),((((13,26),12),((((22,27),10),((9,2),((19,21),18))),(3,(((6,5),15),29)))),((((30,23),(14,4)),(20,7)),16)));

STEP 35 [uTBR_IncrementalHeuristic_RF -> NNI_Substep_35] - Distance: 18.0000
(((8,(24,28)),(25,1)),(17,11),((((13,26),12),((((22,27),10),((9,2),((19,21),18))),(3,(((6,5),15),29)))),((((30,23),(14,4)),16),(20,7))));

STEP 36 [uTBR_IncrementalHeuristic_RF -> NNI_Substep_36] - Distance: 17.0000
(((8,(24,28)),(25,1)),(17,11),((((13,26),12),((((22,27),10),((9,2),((19,21),18))),(3,(((6,5),15),29)))),((((30,23),16),(14,4)),(20,7))));

STEP 37 [uTBR_IncrementalHeuristic_RF -> NNI_Substep_37] - Distance: 17.0000
((((8,(24,28)),1),25),(17,11),((((13,26),12),((((22,27),10),((9,2),((19,21),18))),(3,(((6,5),15),29)))),((((30,23),16),(14,4)),(20,7))));

STEP 38 [uTBR_IncrementalHeuristic_RF -> NNI_Substep_38] - Distance: 17.0000
(((8,(24,28)),1),(17,11),(((((13,26),12),((((22,27),10),((9,2),((19,21),18))),(3,(((6,5),15),29)))),((((30,23),16),(14,4)),(20,7))),25));

STEP 39 [uTBR_IncrementalHeuristic_RF -> NNI_Substep_39] - Distance: 17.0000
(((8,(24,28)),1),(17,11),(((((13,26),12),((((22,27),10),((9,2),((19,21),18))),(3,(((6,5),15),29)))),25),((((30,23),16),(14,4)),(20,7))));

STEP 40 [uTBR_IncrementalHeuristic_RF -> NNI_Substep_40] - Distance: 17.0000
(((8,(24,28)),1),(17,11),((((13,26),12),(((((22,27),10),((9,2),((19,21),18))),(3,(((6,5),15),29))),25)),((((30,23),16),(14,4)),(20,7))));

STEP 41 [uTBR_IncrementalHeuristic_RF -> NNI_Substep_41] - Distance: 17.0000
(((8,(24,28)),1),(17,11),((((13,26),12),((((22,27),10),((9,2),((19,21),18))),((3,(((6,5),15),29)),25))),((((30,23),16),(14,4)),(20,7))));

STEP 42 [uTBR_IncrementalHeuristic_RF -> NNI_Substep_42] - Distance: 16.0000
(((8,(24,28)),1),(17,11),((((13,26),12),((((22,27),10),((9,2),((19,21),18))),((3,25),(((6,5),15),29)))),((((30,23),16),(14,4)),(20,7))));

STEP 43 [uTBR_IncrementalHeuristic_RF -> NNI_Substep_43] - Distance: 16.0000
((8,(24,28)),(17,11),(((((13,26),12),((((22,27),10),((9,2),((19,21),18))),((3,25),(((6,5),15),29)))),((((30,23),16),(14,4)),(20,7))),1));

STEP 44 [uTBR_IncrementalHeuristic_RF -> NNI_Substep_44] - Distance: 16.0000
((8,(24,28)),(17,11),(((((13,26),12),((((22,27),10),((9,2),((19,21),18))),((3,25),(((6,5),15),29)))),1),((((30,23),16),(14,4)),(20,7))));

STEP 45 [uTBR_IncrementalHeuristic_RF -> NNI_Substep_45] - Distance: 16.0000
((8,(24,28)),(17,11),(((((13,26),12),1),((((22,27),10),((9,2),((19,21),18))),((3,25),(((6,5),15),29)))),((((30,23),16),(14,4)),(20,7))));

STEP 46 [uTBR_IncrementalHeuristic_RF -> NNI_Substep_46] - Distance: 16.0000
((8,(24,28)),(17,11),(((((13,26),1),12),((((22,27),10),((9,2),((19,21),18))),((3,25),(((6,5),15),29)))),((((30,23),16),(14,4)),(20,7))));

STEP 47 [uTBR_IncrementalHeuristic_RF -> NNI_Substep_47] - Distance: 15.0000
((8,(24,28)),(17,11),((((13,(26,1)),12),((((22,27),10),((9,2),((19,21),18))),((3,25),(((6,5),15),29)))),((((30,23),16),(14,4)),(20,7))));

STEP 48 [uTBR_IncrementalHeuristic_RF -> NNI_Substep_48] - Distance: 14.0000
((8,(24,28)),(17,11),(((((26,1),12),13),((((22,27),10),((9,2),((19,21),18))),((3,25),(((6,5),15),29)))),((((30,23),16),(14,4)),(20,7))));

STEP 49 [uTBR_IncrementalHeuristic_RF -> NNI_Substep_49] - Distance: 14.0000
((8,(24,28)),(17,11),(((((26,1),12),((((22,27),10),((9,2),((19,21),18))),((3,25),(((6,5),15),29)))),13),((((30,23),16),(14,4)),(20,7))));

STEP 50 [uTBR_IncrementalHeuristic_RF -> NNI_Substep_50] - Distance: 14.0000
((8,(24,28)),(17,11),(((((26,1),12),((((22,27),10),((9,2),((19,21),18))),((3,25),(((6,5),15),29)))),((((30,23),16),(14,4)),(20,7))),13));

STEP 51 [uTBR_IncrementalHeuristic_RF -> NNI_Substep_51] - Distance: 14.0000
(((8,(24,28)),13),(17,11),((((26,1),12),((((22,27),10),((9,2),((19,21),18))),((3,25),(((6,5),15),29)))),((((30,23),16),(14,4)),(20,7))));

STEP 52 [uTBR_IncrementalHeuristic_RF -> NNI_Substep_52] - Distance: 14.0000
((8,((24,28),13)),(17,11),((((26,1),12),((((22,27),10),((9,2),((19,21),18))),((3,25),(((6,5),15),29)))),((((30,23),16),(14,4)),(20,7))));

STEP 53 [uTBR_IncrementalHeuristic_RF -> NNI_Substep_53] - Distance: 13.0000
((8,((24,13),28)),(17,11),((((26,1),12),((((22,27),10),((9,2),((19,21),18))),((3,25),(((6,5),15),29)))),((((30,23),16),(14,4)),(20,7))));

STEP 54 [uTBR_IncrementalHeuristic_RF -> NNI_Substep_54] - Distance: 13.0000
((8,((24,13),28)),(17,11),((((((22,27),10),((9,2),((19,21),18))),((3,25),(((6,5),15),29))),((((30,23),16),(14,4)),(20,7))),((26,1),12)));

STEP 55 [uTBR_IncrementalHeuristic_RF -> NNI_Substep_55] - Distance: 13.0000
((8,((24,13),28)),(17,11),((((((30,23),16),(14,4)),(20,7)),((26,1),12)),((((22,27),10),((9,2),((19,21),18))),((3,25),(((6,5),15),29)))));

STEP 56 [uTBR_IncrementalHeuristic_RF -> NNI_Substep_56] - Distance: 13.0000
((8,((24,13),28)),(17,11),((((((30,23),16),(14,4)),((26,1),12)),(20,7)),((((22,27),10),((9,2),((19,21),18))),((3,25),(((6,5),15),29)))));

STEP 57 [uTBR_IncrementalHeuristic_RF -> NNI_Substep_57] - Distance: 12.0000
((8,((24,13),28)),(17,11),(((((22,27),10),((9,2),((19,21),18))),((3,25),(((6,5),15),29))),((((30,23),16),((14,4),((26,1),12))),(20,7))));

STEP 58 [uTBR_IncrementalHeuristic_RF -> NNI_Substep_58] - Distance: 12.0000
(((24,13),28),(17,11),((((((22,27),10),((9,2),((19,21),18))),((3,25),(((6,5),15),29))),((((30,23),16),((14,4),((26,1),12))),(20,7))),8));

STEP 59 [uTBR_IncrementalHeuristic_RF -> NNI_Substep_59] - Distance: 12.0000
(((24,13),28),(17,11),((((((22,27),10),((9,2),((19,21),18))),((3,25),(((6,5),15),29))),8),((((30,23),16),((14,4),((26,1),12))),(20,7))));

STEP 60 [uTBR_IncrementalHeuristic_RF -> NNI_Substep_60] - Distance: 12.0000
(((24,13),28),(17,11),(((((22,27),10),((9,2),((19,21),18))),(((3,25),(((6,5),15),29)),8)),((((30,23),16),((14,4),((26,1),12))),(20,7))));

STEP 61 [uTBR_IncrementalHeuristic_RF -> NNI_Substep_61] - Distance: 11.0000
(((24,13),28),(17,11),(((((22,27),10),((9,2),((19,21),18))),(((3,25),8),(((6,5),15),29))),((((30,23),16),((14,4),((26,1),12))),(20,7))));

STEP 62 [uTBR_IncrementalHeuristic_RF -> NNI_Substep_62] - Distance: 11.0000
(((24,13),28),(17,11),((((10,((9,2),((19,21),18))),(22,27)),(((3,25),8),(((6,5),15),29))),((((30,23),16),((14,4),((26,1),12))),(20,7))));

STEP 63 [uTBR_IncrementalHeuristic_RF -> NNI_Substep_63] - Distance: 11.0000
(((24,13),28),(17,11),((((10,((9,2),((19,21),18))),(((3,25),8),(((6,5),15),29))),(22,27)),((((30,23),16),((14,4),((26,1),12))),(20,7))));

STEP 64 [uTBR_IncrementalHeuristic_RF -> NNI_Substep_64] - Distance: 11.0000
(((24,13),28),(17,11),(((10,((9,2),((19,21),18))),((((3,25),8),(((6,5),15),29)),(22,27))),((((30,23),16),((14,4),((26,1),12))),(20,7))));

STEP 65 [uTBR_IncrementalHeuristic_RF -> NNI_Substep_65] - Distance: 10.0000
(((24,13),28),(17,11),(((10,((9,2),((19,21),18))),((((3,25),8),(22,27)),(((6,5),15),29))),((((30,23),16),((14,4),((26,1),12))),(20,7))));

STEP 66 [uTBR_IncrementalHeuristic_RF -> NNI_Substep_66] - Distance: 10.0000
((24,13),(17,11),((((10,((9,2),((19,21),18))),((((3,25),8),(22,27)),(((6,5),15),29))),((((30,23),16),((14,4),((26,1),12))),(20,7))),28));

STEP 67 [uTBR_IncrementalHeuristic_RF -> NNI_Substep_67] - Distance: 10.0000
((24,13),(17,11),((((10,((9,2),((19,21),18))),((((3,25),8),(22,27)),(((6,5),15),29))),28),((((30,23),16),((14,4),((26,1),12))),(20,7))));

STEP 68 [uTBR_IncrementalHeuristic_RF -> NNI_Substep_68] - Distance: 10.0000
((24,13),(17,11),(((10,((9,2),((19,21),18))),(((((3,25),8),(22,27)),(((6,5),15),29)),28)),((((30,23),16),((14,4),((26,1),12))),(20,7))));

STEP 69 [uTBR_IncrementalHeuristic_RF -> NNI_Substep_69] - Distance: 10.0000
((24,13),(17,11),(((10,((9,2),((19,21),18))),((((3,25),8),(22,27)),((((6,5),15),29),28))),((((30,23),16),((14,4),((26,1),12))),(20,7))));

STEP 70 [uTBR_IncrementalHeuristic_RF -> NNI_Substep_70] - Distance: 9.0000
((24,13),(17,11),(((10,((9,2),((19,21),18))),((((3,25),8),(22,27)),(((6,5),15),(29,28)))),((((30,23),16),((14,4),((26,1),12))),(20,7))));

STEP 71 [uTBR_IncrementalHeuristic_RF -> NNI_Substep_71] - Distance: 9.0000
((24,13),(17,11),(((10,(((9,2),(19,21)),18)),((((3,25),8),(22,27)),(((6,5),15),(29,28)))),((((30,23),16),((14,4),((26,1),12))),(20,7))));

STEP 72 [uTBR_IncrementalHeuristic_RF -> NNI_Substep_72] - Distance: 9.0000
((24,13),(17,11),((((10,((9,2),(19,21))),18),((((3,25),8),(22,27)),(((6,5),15),(29,28)))),((((30,23),16),((14,4),((26,1),12))),(20,7))));

STEP 73 [uTBR_IncrementalHeuristic_RF -> NNI_Substep_73] - Distance: 9.0000
((24,13),(17,11),((((10,((9,2),(19,21))),((((3,25),8),(22,27)),(((6,5),15),(29,28)))),18),((((30,23),16),((14,4),((26,1),12))),(20,7))));

STEP 74 [uTBR_IncrementalHeuristic_RF -> NNI_Substep_74] - Distance: 8.0000
((24,13),(17,11),((((10,((9,2),(19,21))),((((3,25),8),(22,27)),(((6,5),15),(29,28)))),((((30,23),16),((14,4),((26,1),12))),(20,7))),18));

STEP 75 [uTBR_IncrementalHeuristic_RF -> NNI_Substep_75] - Distance: 7.0000
((24,13),((17,11),18),(((10,((9,2),(19,21))),((((3,25),8),(22,27)),(((6,5),15),(29,28)))),((((30,23),16),((14,4),((26,1),12))),(20,7))));

STEP 76 [uTBR_IncrementalHeuristic_RF -> NNI_Substep_76] - Distance: 6.0000
((24,13),((17,11),18),(((10,((9,2),(19,21))),(((((3,25),8),(22,27)),(29,28)),((6,5),15))),((((30,23),16),((14,4),((26,1),12))),(20,7))));

STEP 77 [uTBR_IncrementalHeuristic_RF -> NNI_Substep_77] - Distance: 6.0000
((24,13),((17,11),18),((((10,((9,2),(19,21))),((((3,25),8),(22,27)),(29,28))),((6,5),15)),((((30,23),16),((14,4),((26,1),12))),(20,7))));

STEP 78 [uTBR_IncrementalHeuristic_RF -> NNI_Substep_78] - Distance: 6.0000
((24,13),((17,11),18),((((10,((9,2),(19,21))),((((3,25),8),(22,27)),(29,28))),((((30,23),16),((14,4),((26,1),12))),(20,7))),((6,5),15)));

STEP 79 [uTBR_IncrementalHeuristic_RF -> NNI_Substep_79] - Distance: 6.0000
((24,13),((17,11),18),(((10,((9,2),(19,21))),((((3,25),8),(22,27)),(29,28))),(((((30,23),16),((14,4),((26,1),12))),(20,7)),((6,5),15))));

STEP 80 [uTBR_IncrementalHeuristic_RF -> NNI_Substep_80] - Distance: 6.0000
((24,13),((17,11),18),(((10,((9,2),(19,21))),((((3,25),8),(22,27)),(29,28))),(((((30,23),16),((14,4),((26,1),12))),((6,5),15)),(20,7))));

STEP 81 [uTBR_IncrementalHeuristic_RF -> NNI_Substep_81] - Distance: 5.0000
((24,13),((17,11),18),(((10,((9,2),(19,21))),((((3,25),8),(22,27)),(29,28))),(((((30,23),16),((6,5),15)),((14,4),((26,1),12))),(20,7))));

STEP 82 [uTBR_IncrementalHeuristic_RF -> NNI_Substep_82] - Distance: 5.0000
((24,13),((17,11),18),((((10,(9,2)),(19,21)),((((3,25),8),(22,27)),(29,28))),(((((30,23),16),((6,5),15)),((14,4),((26,1),12))),(20,7))));

STEP 83 [uTBR_IncrementalHeuristic_RF -> NNI_Substep_83] - Distance: 5.0000
((24,13),((17,11),18),((((10,(9,2)),((((3,25),8),(22,27)),(29,28))),(19,21)),(((((30,23),16),((6,5),15)),((14,4),((26,1),12))),(20,7))));

STEP 84 [uTBR_IncrementalHeuristic_RF -> NNI_Substep_84] - Distance: 5.0000
((24,13),((17,11),18),((((10,(9,2)),((((3,25),8),(22,27)),(29,28))),(((((30,23),16),((6,5),15)),((14,4),((26,1),12))),(20,7))),(19,21)));

STEP 85 [uTBR_IncrementalHeuristic_RF -> NNI_Substep_85] - Distance: 4.0000
((24,13),((17,11),18),(((10,(9,2)),((((3,25),8),(22,27)),(29,28))),((((((30,23),16),((6,5),15)),((14,4),((26,1),12))),(20,7)),(19,21))));

STEP 86 [uTBR_IncrementalHeuristic_RF -> NNI_Substep_86] - Distance: 4.0000
((24,13),((17,11),18),(((10,(9,2)),((((3,25),8),(22,27)),(29,28))),((((((30,23),16),((6,5),15)),((14,4),((26,1),12))),(19,21)),(20,7))));

STEP 87 [uTBR_IncrementalHeuristic_RF -> NNI_Substep_87] - Distance: 3.0000
((24,13),((17,11),18),(((10,(9,2)),((((3,25),8),(22,27)),(29,28))),(((((30,23),16),((6,5),15)),(((14,4),((26,1),12)),(19,21))),(20,7))));

STEP 88 [uTBR_IncrementalHeuristic_RF -> NNI_Substep_88] - Distance: 2.0000
((24,13),((17,11),18),((((9,2),((((3,25),8),(22,27)),(29,28))),10),(((((30,23),16),((6,5),15)),(((14,4),((26,1),12)),(19,21))),(20,7))));

STEP 89 [uTBR_IncrementalHeuristic_RF -> NNI_Substep_89] - Distance: 2.0000
((24,13),((17,11),18),((((9,2),((((3,25),8),(22,27)),(29,28))),(((((30,23),16),((6,5),15)),(((14,4),((26,1),12)),(19,21))),(20,7))),10));

STEP 90 [uTBR_IncrementalHeuristic_RF -> NNI_Substep_90] - Distance: 1.0000
((24,13),((17,11),18),(((9,2),((((3,25),8),(22,27)),(29,28))),((((((30,23),16),((6,5),15)),(((14,4),((26,1),12)),(19,21))),(20,7)),10)));

STEP 91 [uTBR_IncrementalHeuristic_RF -> NNI_Substep_91] - Distance: 0.0000
((24,13),((17,11),18),(((9,2),((((3,25),8),(22,27)),(29,28))),((((((14,4),((26,1),12)),(19,21)),(20,7)),(((30,23),16),((6,5),15))),10)));

========================================================
[FINAL] Total Steps: 91 | Final Distance: 0.0000
========================================================
