========================================================
HEURISTIC TRAJECTORY: VND Classic (MP)
========================================================
STEP 0 [START] - Distance: 307.0000
((23,((1,(6,(20,(13,2)))),(22,10))),(((9,(((19,((15,(8,(24,28))),(14,5))),(12,25)),(7,((21,(4,18)),(16,3))))),(27,(29,30))),(26,(17,11))));

STEP 1 [NNI_ClassicHeuristic_MP -> NNI_Substep_1] - Distance: 293.0000
((((17,11),(26,(23,((1,(6,(20,(13,2)))),(22,10))))),(27,(29,30))),(9,(((19,((15,(8,(24,28))),(14,5))),(12,25)),(7,((21,(4,18)),(16,3))))));

STEP 2 [NNI_ClassicHeuristic_MP -> NNI_Substep_2] - Distance: 291.0000
((((17,(26,(23,((1,(6,(20,(13,2)))),(22,10))))),11),(27,(29,30))),(9,(((19,((15,(8,(24,28))),(14,5))),(12,25)),(7,((21,(4,18)),(16,3))))));

STEP 3 [NNI_ClassicHeuristic_MP -> NNI_Substep_3] - Distance: 289.0000
((((17,(26,(23,((1,(6,(20,(13,2)))),(22,10))))),(27,(29,30))),11),(9,(((19,((15,(8,(24,28))),(14,5))),(12,25)),(7,((21,(4,18)),(16,3))))));

STEP 4 [NNI_ClassicHeuristic_MP -> NNI_Substep_4] - Distance: 285.0000
((((17,(26,(23,((1,(6,(20,(13,2)))),(22,10))))),(27,(29,30))),11),(9,(7,(((19,((15,(8,(24,28))),(14,5))),(12,25)),((21,(4,18)),(16,3))))));

STEP 5 [TBR_ClassicHeuristic_MP -> NNI_Substep_1] - Distance: 285.0000
((((17,(26,(23,((1,(6,(20,(13,2)))),(22,10))))),(27,(29,30))),(9,((7,((19,((15,(8,(24,28))),(14,5))),(12,25))),((21,(4,18)),(16,3))))),11);

STEP 6 [TBR_ClassicHeuristic_MP -> NNI_Substep_2] - Distance: 285.0000
((((17,(26,(23,((1,(6,(20,(13,2)))),(22,10))))),(27,(29,30))),((9,(7,((19,((15,(8,(24,28))),(14,5))),(12,25)))),((21,(4,18)),(16,3)))),11);

STEP 7 [TBR_ClassicHeuristic_MP -> NNI_Substep_3] - Distance: 289.0000
(((((17,(26,(23,((1,(6,(20,(13,2)))),(22,10))))),(27,(29,30))),(9,(7,((19,((15,(8,(24,28))),(14,5))),(12,25))))),((21,(4,18)),(16,3))),11);

STEP 8 [TBR_ClassicHeuristic_MP -> NNI_Substep_4] - Distance: 264.0000
(((((17,(26,(23,((1,(6,(20,(13,2)))),(22,10))))),(27,(29,30))),((21,(4,18)),(16,3))),(9,(7,((19,((15,(8,(24,28))),(14,5))),(12,25))))),11);

STEP 9 [TBR_ClassicHeuristic_MP -> NNI_Substep_5] - Distance: 263.0000
((((17,(26,(23,((1,(6,(20,(13,2)))),(22,10))))),((27,(29,30)),((21,(4,18)),(16,3)))),(9,(7,((19,((15,(8,(24,28))),(14,5))),(12,25))))),11);

STEP 10 [TBR_ClassicHeuristic_MP -> NNI_Substep_6] - Distance: 263.0000
((((17,(26,(23,((1,(22,10)),(6,(20,(13,2))))))),((27,(29,30)),((21,(4,18)),(16,3)))),(9,(7,((19,((15,(8,(24,28))),(14,5))),(12,25))))),11);

STEP 11 [TBR_ClassicHeuristic_MP -> NNI_Substep_7] - Distance: 263.0000
((((17,(26,((23,(1,(22,10))),(6,(20,(13,2)))))),((27,(29,30)),((21,(4,18)),(16,3)))),(9,(7,((19,((15,(8,(24,28))),(14,5))),(12,25))))),11);

STEP 12 [TBR_ClassicHeuristic_MP -> NNI_Substep_8] - Distance: 264.0000
((((17,((26,(23,(1,(22,10)))),(6,(20,(13,2))))),((27,(29,30)),((21,(4,18)),(16,3)))),(9,(7,((19,((15,(8,(24,28))),(14,5))),(12,25))))),11);

STEP 13 [TBR_ClassicHeuristic_MP -> NNI_Substep_9] - Distance: 264.0000
(((((17,(26,(23,(1,(22,10))))),(6,(20,(13,2)))),((27,(29,30)),((21,(4,18)),(16,3)))),(9,(7,((19,((15,(8,(24,28))),(14,5))),(12,25))))),11);

STEP 14 [TBR_ClassicHeuristic_MP -> NNI_Substep_10] - Distance: 266.0000
(((((17,(26,(23,(1,(22,10))))),((27,(29,30)),((21,(4,18)),(16,3)))),(6,(20,(13,2)))),(9,(7,((19,((15,(8,(24,28))),(14,5))),(12,25))))),11);

STEP 15 [TBR_ClassicHeuristic_MP -> NNI_Substep_11] - Distance: 276.0000
(((((17,(26,(23,(1,(22,10))))),((27,(29,30)),((21,(4,18)),(16,3)))),(9,(7,((19,((15,(8,(24,28))),(14,5))),(12,25))))),(6,(20,(13,2)))),11);

STEP 16 [TBR_ClassicHeuristic_MP -> NNI_Substep_12] - Distance: 242.0000
((((17,(26,(23,(1,(22,10))))),((27,(29,30)),((21,(4,18)),(16,3)))),((9,(7,((19,((15,(8,(24,28))),(14,5))),(12,25)))),(6,(20,(13,2))))),11);

STEP 17 [TBR_ClassicHeuristic_MP -> NNI_Substep_13] - Distance: 238.0000
((((17,(26,(23,(1,(22,10))))),((27,(29,30)),((21,(4,18)),(16,3)))),((9,(6,(20,(13,2)))),(7,((19,((15,(8,(24,28))),(14,5))),(12,25))))),11);

STEP 18 [TBR_ClassicHeuristic_MP -> NNI_Substep_14] - Distance: 238.0000
((((17,(26,(23,(1,(22,10))))),((27,(29,30)),((21,(4,18)),(16,3)))),((9,(6,(20,(13,2)))),(7,(((19,((15,(8,(24,28))),(14,5))),25),12)))),11);

STEP 19 [TBR_ClassicHeuristic_MP -> NNI_Substep_15] - Distance: 238.0000
((((17,(26,(23,(1,(22,10))))),((27,(29,30)),((21,(4,18)),(16,3)))),((9,(6,(20,(13,2)))),((7,((19,((15,(8,(24,28))),(14,5))),25)),12))),11);

STEP 20 [TBR_ClassicHeuristic_MP -> NNI_Substep_16] - Distance: 238.0000
((((17,(26,(23,(1,(22,10))))),((27,(29,30)),((21,(4,18)),(16,3)))),(((9,(6,(20,(13,2)))),(7,((19,((15,(8,(24,28))),(14,5))),25))),12)),11);

STEP 21 [TBR_ClassicHeuristic_MP -> NNI_Substep_17] - Distance: 239.0000
(((((17,(26,(23,(1,(22,10))))),((27,(29,30)),((21,(4,18)),(16,3)))),((9,(6,(20,(13,2)))),(7,((19,((15,(8,(24,28))),(14,5))),25)))),12),11);

STEP 22 [TBR_ClassicHeuristic_MP -> NNI_Substep_18] - Distance: 229.0000
(((((17,(26,(23,(1,(22,10))))),((27,(29,30)),((21,(4,18)),(16,3)))),12),((9,(6,(20,(13,2)))),(7,((19,((15,(8,(24,28))),(14,5))),25)))),11);

STEP 23 [TBR_ClassicHeuristic_MP -> NNI_Substep_19] - Distance: 226.0000
((((17,(26,(23,(1,(22,10))))),(((27,(29,30)),((21,(4,18)),(16,3))),12)),((9,(6,(20,(13,2)))),(7,((19,((15,(8,(24,28))),(14,5))),25)))),11);

STEP 24 [TBR_ClassicHeuristic_MP -> NNI_Substep_20] - Distance: 225.0000
((((17,(26,(23,(1,(22,10))))),((27,(29,30)),(((21,(4,18)),(16,3)),12))),((9,(6,(20,(13,2)))),(7,((19,((15,(8,(24,28))),(14,5))),25)))),11);

STEP 25 [TBR_ClassicHeuristic_MP -> NNI_Substep_21] - Distance: 224.0000
((((17,(26,(23,(1,(22,10))))),((27,(29,30)),((21,(4,18)),((16,3),12)))),((9,(6,(20,(13,2)))),(7,((19,((15,(8,(24,28))),(14,5))),25)))),11);

STEP 26 [TBR_ClassicHeuristic_MP -> NNI_Substep_22] - Distance: 223.0000
((((17,(26,(23,(1,(22,10))))),((27,(29,30)),((21,(4,18)),((16,12),3)))),((9,(6,(20,(13,2)))),(7,((19,((15,(8,(24,28))),(14,5))),25)))),11);

STEP 27 [TBR_ClassicHeuristic_MP -> NNI_Substep_23] - Distance: 223.0000
((((17,(26,(23,(1,(22,10))))),(((29,30),((21,(4,18)),((16,12),3))),27)),((9,(6,(20,(13,2)))),(7,((19,((15,(8,(24,28))),(14,5))),25)))),11);

STEP 28 [TBR_ClassicHeuristic_MP -> NNI_Substep_24] - Distance: 223.0000
(((((17,(26,(23,(1,(22,10))))),((29,30),((21,(4,18)),((16,12),3)))),27),((9,(6,(20,(13,2)))),(7,((19,((15,(8,(24,28))),(14,5))),25)))),11);

STEP 29 [TBR_ClassicHeuristic_MP -> NNI_Substep_25] - Distance: 225.0000
(((((17,(26,(23,(1,(22,10))))),((29,30),((21,(4,18)),((16,12),3)))),((9,(6,(20,(13,2)))),(7,((19,((15,(8,(24,28))),(14,5))),25)))),27),11);

STEP 30 [TBR_ClassicHeuristic_MP -> NNI_Substep_26] - Distance: 212.0000
((((17,(26,(23,(1,(22,10))))),((29,30),((21,(4,18)),((16,12),3)))),(((9,(6,(20,(13,2)))),(7,((19,((15,(8,(24,28))),(14,5))),25))),27)),11);

STEP 31 [TBR_ClassicHeuristic_MP -> NNI_Substep_27] - Distance: 210.0000
((((17,(26,(23,(1,(22,10))))),((29,30),((21,(4,18)),((16,12),3)))),((9,(6,(20,(13,2)))),((7,((19,((15,(8,(24,28))),(14,5))),25)),27))),11);

STEP 32 [TBR_ClassicHeuristic_MP -> NNI_Substep_28] - Distance: 208.0000
((((17,(26,(23,(1,(22,10))))),((29,30),((21,(4,18)),((16,12),3)))),((9,(6,(20,(13,2)))),((7,27),((19,((15,(8,(24,28))),(14,5))),25)))),11);

STEP 33 [TBR_ClassicHeuristic_MP -> NNI_Substep_29] - Distance: 208.0000
((((17,(26,(23,(1,(22,10))))),((29,30),((21,(4,18)),((16,12),3)))),((9,((6,(13,2)),20)),((7,27),((19,((15,(8,(24,28))),(14,5))),25)))),11);

STEP 34 [TBR_ClassicHeuristic_MP -> NNI_Substep_30] - Distance: 208.0000
((((17,(26,(23,(1,(22,10))))),((29,30),((21,(4,18)),((16,12),3)))),(((9,(6,(13,2))),20),((7,27),((19,((15,(8,(24,28))),(14,5))),25)))),11);

STEP 35 [TBR_ClassicHeuristic_MP -> NNI_Substep_31] - Distance: 208.0000
((((17,(26,(23,(1,(22,10))))),((29,30),((21,(4,18)),((16,12),3)))),(((9,(6,(13,2))),((7,27),((19,((15,(8,(24,28))),(14,5))),25))),20)),11);

STEP 36 [TBR_ClassicHeuristic_MP -> NNI_Substep_32] - Distance: 205.0000
(((((17,(26,(23,(1,(22,10))))),((29,30),((21,(4,18)),((16,12),3)))),((9,(6,(13,2))),((7,27),((19,((15,(8,(24,28))),(14,5))),25)))),20),11);

STEP 37 [TBR_ClassicHeuristic_MP -> NNI_Substep_33] - Distance: 195.0000
(((((17,(26,(23,(1,(22,10))))),((29,30),((21,(4,18)),((16,12),3)))),20),((9,(6,(13,2))),((7,27),((19,((15,(8,(24,28))),(14,5))),25)))),11);

STEP 38 [TBR_ClassicHeuristic_MP -> NNI_Substep_34] - Distance: 192.0000
(((((17,(26,(23,(1,(22,10))))),20),((29,30),((21,(4,18)),((16,12),3)))),((9,(6,(13,2))),((7,27),((19,((15,(8,(24,28))),(14,5))),25)))),11);

STEP 39 [TBR_ClassicHeuristic_MP -> NNI_Substep_35] - Distance: 192.0000
((((17,((26,(23,(1,(22,10)))),20)),((29,30),((21,(4,18)),((16,12),3)))),((9,(6,(13,2))),((7,27),((19,((15,(8,(24,28))),(14,5))),25)))),11);

STEP 40 [TBR_ClassicHeuristic_MP -> NNI_Substep_36] - Distance: 191.0000
((((17,(26,((23,(1,(22,10))),20))),((29,30),((21,(4,18)),((16,12),3)))),((9,(6,(13,2))),((7,27),((19,((15,(8,(24,28))),(14,5))),25)))),11);

STEP 41 [TBR_ClassicHeuristic_MP -> NNI_Substep_37] - Distance: 191.0000
((((17,(26,((23,(1,(22,10))),20))),((29,30),((21,(4,18)),((16,12),3)))),((9,(6,(13,2))),((7,27),((19,(((8,(24,28)),(14,5)),15)),25)))),11);

STEP 42 [TBR_ClassicHeuristic_MP -> NNI_Substep_38] - Distance: 191.0000
((((17,(26,((23,(1,(22,10))),20))),((29,30),((21,(4,18)),((16,12),3)))),((9,(6,(13,2))),((7,27),(((19,((8,(24,28)),(14,5))),15),25)))),11);

STEP 43 [TBR_ClassicHeuristic_MP -> NNI_Substep_39] - Distance: 191.0000
((((17,(26,((23,(1,(22,10))),20))),((29,30),((21,(4,18)),((16,12),3)))),((9,(6,(13,2))),((7,27),(((19,((8,(24,28)),(14,5))),25),15)))),11);

STEP 44 [TBR_ClassicHeuristic_MP -> NNI_Substep_40] - Distance: 191.0000
((((17,(26,((23,(1,(22,10))),20))),((29,30),((21,(4,18)),((16,12),3)))),((9,(6,(13,2))),(((7,27),((19,((8,(24,28)),(14,5))),25)),15))),11);

STEP 45 [TBR_ClassicHeuristic_MP -> NNI_Substep_41] - Distance: 191.0000
((((17,(26,((23,(1,(22,10))),20))),((29,30),((21,(4,18)),((16,12),3)))),(((9,(6,(13,2))),((7,27),((19,((8,(24,28)),(14,5))),25))),15)),11);

STEP 46 [TBR_ClassicHeuristic_MP -> NNI_Substep_42] - Distance: 185.0000
(((((17,(26,((23,(1,(22,10))),20))),((29,30),((21,(4,18)),((16,12),3)))),((9,(6,(13,2))),((7,27),((19,((8,(24,28)),(14,5))),25)))),15),11);

STEP 47 [TBR_ClassicHeuristic_MP -> NNI_Substep_43] - Distance: 175.0000
(((((17,(26,((23,(1,(22,10))),20))),((29,30),((21,(4,18)),((16,12),3)))),15),((9,(6,(13,2))),((7,27),((19,((8,(24,28)),(14,5))),25)))),11);

STEP 48 [TBR_ClassicHeuristic_MP -> NNI_Substep_44] - Distance: 173.0000
(((((17,(26,((23,(1,(22,10))),20))),15),((29,30),((21,(4,18)),((16,12),3)))),((9,(6,(13,2))),((7,27),((19,((8,(24,28)),(14,5))),25)))),11);

STEP 49 [TBR_ClassicHeuristic_MP -> NNI_Substep_45] - Distance: 173.0000
(((((17,(26,((23,(1,(22,10))),20))),15),((29,30),((21,(4,18)),((16,12),3)))),((9,(6,(13,2))),((7,27),((19,(((24,28),(14,5)),8)),25)))),11);

STEP 50 [TBR_ClassicHeuristic_MP -> NNI_Substep_46] - Distance: 173.0000
(((((17,(26,((23,(1,(22,10))),20))),15),((29,30),((21,(4,18)),((16,12),3)))),((9,(6,(13,2))),((7,27),(((19,((24,28),(14,5))),8),25)))),11);

STEP 51 [TBR_ClassicHeuristic_MP -> NNI_Substep_47] - Distance: 173.0000
(((((17,(26,((23,(1,(22,10))),20))),15),((29,30),((21,(4,18)),((16,12),3)))),((9,(6,(13,2))),((7,27),(((19,((24,28),(14,5))),25),8)))),11);

STEP 52 [TBR_ClassicHeuristic_MP -> NNI_Substep_48] - Distance: 173.0000
(((((17,(26,((23,(1,(22,10))),20))),15),((29,30),((21,(4,18)),((16,12),3)))),((9,(6,(13,2))),(((7,27),((19,((24,28),(14,5))),25)),8))),11);

STEP 53 [TBR_ClassicHeuristic_MP -> NNI_Substep_49] - Distance: 173.0000
(((((17,(26,((23,(1,(22,10))),20))),15),((29,30),((21,(4,18)),((16,12),3)))),(((9,(6,(13,2))),((7,27),((19,((24,28),(14,5))),25))),8)),11);

STEP 54 [TBR_ClassicHeuristic_MP -> NNI_Substep_50] - Distance: 172.0000
((((((17,(26,((23,(1,(22,10))),20))),15),((29,30),((21,(4,18)),((16,12),3)))),((9,(6,(13,2))),((7,27),((19,((24,28),(14,5))),25)))),8),11);

STEP 55 [TBR_ClassicHeuristic_MP -> NNI_Substep_51] - Distance: 161.0000
((((((17,(26,((23,(1,(22,10))),20))),15),((29,30),((21,(4,18)),((16,12),3)))),8),((9,(6,(13,2))),((7,27),((19,((24,28),(14,5))),25)))),11);

STEP 56 [TBR_ClassicHeuristic_MP -> NNI_Substep_52] - Distance: 157.0000
(((((17,(26,((23,(1,(22,10))),20))),15),(((29,30),((21,(4,18)),((16,12),3))),8)),((9,(6,(13,2))),((7,27),((19,((24,28),(14,5))),25)))),11);

STEP 57 [TBR_ClassicHeuristic_MP -> NNI_Substep_53] - Distance: 154.0000
(((((17,(26,((23,(1,(22,10))),20))),15),(((29,30),8),((21,(4,18)),((16,12),3)))),((9,(6,(13,2))),((7,27),((19,((24,28),(14,5))),25)))),11);

STEP 58 [TBR_ClassicHeuristic_MP -> NNI_Substep_54] - Distance: 154.0000
(((((17,(26,((23,((1,22),10)),20))),15),(((29,30),8),((21,(4,18)),((16,12),3)))),((9,(6,(13,2))),((7,27),((19,((24,28),(14,5))),25)))),11);

STEP 59 [TBR_ClassicHeuristic_MP -> NNI_Substep_55] - Distance: 154.0000
(((((17,(26,(((23,(1,22)),10),20))),15),(((29,30),8),((21,(4,18)),((16,12),3)))),((9,(6,(13,2))),((7,27),((19,((24,28),(14,5))),25)))),11);

STEP 60 [TBR_ClassicHeuristic_MP -> NNI_Substep_56] - Distance: 154.0000
(((((17,(26,(((23,(1,22)),20),10))),15),(((29,30),8),((21,(4,18)),((16,12),3)))),((9,(6,(13,2))),((7,27),((19,((24,28),(14,5))),25)))),11);

STEP 61 [TBR_ClassicHeuristic_MP -> NNI_Substep_57] - Distance: 154.0000
(((((17,((26,((23,(1,22)),20)),10)),15),(((29,30),8),((21,(4,18)),((16,12),3)))),((9,(6,(13,2))),((7,27),((19,((24,28),(14,5))),25)))),11);

STEP 62 [TBR_ClassicHeuristic_MP -> NNI_Substep_58] - Distance: 154.0000
((((((17,(26,((23,(1,22)),20))),10),15),(((29,30),8),((21,(4,18)),((16,12),3)))),((9,(6,(13,2))),((7,27),((19,((24,28),(14,5))),25)))),11);

STEP 63 [TBR_ClassicHeuristic_MP -> NNI_Substep_59] - Distance: 154.0000
((((((17,(26,((23,(1,22)),20))),15),10),(((29,30),8),((21,(4,18)),((16,12),3)))),((9,(6,(13,2))),((7,27),((19,((24,28),(14,5))),25)))),11);

STEP 64 [TBR_ClassicHeuristic_MP -> NNI_Substep_60] - Distance: 154.0000
((((((17,(26,((23,(1,22)),20))),15),(((29,30),8),((21,(4,18)),((16,12),3)))),10),((9,(6,(13,2))),((7,27),((19,((24,28),(14,5))),25)))),11);

STEP 65 [TBR_ClassicHeuristic_MP -> NNI_Substep_61] - Distance: 151.0000
((((((17,(26,((23,(1,22)),20))),15),(((29,30),8),((21,(4,18)),((16,12),3)))),((9,(6,(13,2))),((7,27),((19,((24,28),(14,5))),25)))),10),11);

STEP 66 [TBR_ClassicHeuristic_MP -> NNI_Substep_62] - Distance: 135.0000
(((((17,(26,((23,(1,22)),20))),15),(((29,30),8),((21,(4,18)),((16,12),3)))),(((9,(6,(13,2))),((7,27),((19,((24,28),(14,5))),25))),10)),11);

STEP 67 [TBR_ClassicHeuristic_MP -> NNI_Substep_63] - Distance: 133.0000
(((((17,(26,((23,(1,22)),20))),15),(((29,30),8),((21,(4,18)),((16,12),3)))),((9,(6,(13,2))),(((7,27),((19,((24,28),(14,5))),25)),10))),11);

STEP 68 [TBR_ClassicHeuristic_MP -> NNI_Substep_64] - Distance: 133.0000
(((((17,(26,((23,(1,22)),20))),15),(((29,30),8),((21,(4,18)),((16,12),3)))),((9,(6,(13,2))),(((7,27),((19,(((24,28),5),14)),25)),10))),11);

STEP 69 [TBR_ClassicHeuristic_MP -> NNI_Substep_65] - Distance: 133.0000
(((((17,(26,((23,(1,22)),20))),15),(((29,30),8),((21,(4,18)),((16,12),3)))),((9,(6,(13,2))),(((7,27),(((19,((24,28),5)),14),25)),10))),11);

STEP 70 [TBR_ClassicHeuristic_MP -> NNI_Substep_66] - Distance: 133.0000
(((((17,(26,((23,(1,22)),20))),15),(((29,30),8),((21,(4,18)),((16,12),3)))),((9,(6,(13,2))),(((7,27),(((19,((24,28),5)),25),14)),10))),11);

STEP 71 [TBR_ClassicHeuristic_MP -> NNI_Substep_67] - Distance: 133.0000
(((((17,(26,((23,(1,22)),20))),15),(((29,30),8),((21,(4,18)),((16,12),3)))),((9,(6,(13,2))),((((7,27),((19,((24,28),5)),25)),14),10))),11);

STEP 72 [TBR_ClassicHeuristic_MP -> NNI_Substep_68] - Distance: 133.0000
(((((17,(26,((23,(1,22)),20))),15),(((29,30),8),((21,(4,18)),((16,12),3)))),((9,(6,(13,2))),((((7,27),((19,((24,28),5)),25)),10),14))),11);

STEP 73 [TBR_ClassicHeuristic_MP -> NNI_Substep_69] - Distance: 133.0000
(((((17,(26,((23,(1,22)),20))),15),(((29,30),8),((21,(4,18)),((16,12),3)))),(((9,(6,(13,2))),(((7,27),((19,((24,28),5)),25)),10)),14)),11);

STEP 74 [TBR_ClassicHeuristic_MP -> NNI_Substep_70] - Distance: 132.0000
((((((17,(26,((23,(1,22)),20))),15),(((29,30),8),((21,(4,18)),((16,12),3)))),((9,(6,(13,2))),(((7,27),((19,((24,28),5)),25)),10))),14),11);

STEP 75 [TBR_ClassicHeuristic_MP -> NNI_Substep_71] - Distance: 120.0000
((((((17,(26,((23,(1,22)),20))),15),(((29,30),8),((21,(4,18)),((16,12),3)))),14),((9,(6,(13,2))),(((7,27),((19,((24,28),5)),25)),10))),11);

STEP 76 [TBR_ClassicHeuristic_MP -> NNI_Substep_72] - Distance: 114.0000
((((((17,(26,((23,(1,22)),20))),15),14),(((29,30),8),((21,(4,18)),((16,12),3)))),((9,(6,(13,2))),(((7,27),((19,((24,28),5)),25)),10))),11);

STEP 77 [TBR_ClassicHeuristic_MP -> NNI_Substep_73] - Distance: 113.0000
((((((17,(26,((23,(1,22)),20))),14),15),(((29,30),8),((21,(4,18)),((16,12),3)))),((9,(6,(13,2))),(((7,27),((19,((24,28),5)),25)),10))),11);

STEP 78 [TBR_ClassicHeuristic_MP -> NNI_Substep_74] - Distance: 113.0000
(((((17,((26,((23,(1,22)),20)),14)),15),(((29,30),8),((21,(4,18)),((16,12),3)))),((9,(6,(13,2))),(((7,27),((19,((24,28),5)),25)),10))),11);

STEP 79 [TBR_ClassicHeuristic_MP -> NNI_Substep_75] - Distance: 112.0000
(((((17,((26,14),((23,(1,22)),20))),15),(((29,30),8),((21,(4,18)),((16,12),3)))),((9,(6,(13,2))),(((7,27),((19,((24,28),5)),25)),10))),11);

STEP 80 [TBR_ClassicHeuristic_MP -> NNI_Substep_76] - Distance: 100.0000
(((9,(6,(13,2))),(((7,27),((19,((24,5),28)),25)),10)),(11,(((17,((26,14),((23,(1,22)),20))),15),(((29,30),8),((21,(4,18)),((16,12),3))))));

STEP 81 [TBR_ClassicHeuristic_MP -> NNI_Substep_77] - Distance: 100.0000
(((9,(6,(13,2))),(((7,27),(((19,(24,5)),28),25)),10)),(11,(((17,((26,14),((23,(1,22)),20))),15),(((29,30),8),((21,(4,18)),((16,12),3))))));

STEP 82 [TBR_ClassicHeuristic_MP -> NNI_Substep_78] - Distance: 100.0000
(((9,(6,(13,2))),(((7,27),(((19,(24,5)),25),28)),10)),(11,(((17,((26,14),((23,(1,22)),20))),15),(((29,30),8),((21,(4,18)),((16,12),3))))));

STEP 83 [TBR_ClassicHeuristic_MP -> NNI_Substep_79] - Distance: 100.0000
(((9,(6,(13,2))),((((7,27),((19,(24,5)),25)),28),10)),(11,(((17,((26,14),((23,(1,22)),20))),15),(((29,30),8),((21,(4,18)),((16,12),3))))));

STEP 84 [TBR_ClassicHeuristic_MP -> NNI_Substep_80] - Distance: 100.0000
(((9,(6,(13,2))),((((7,27),((19,(24,5)),25)),10),28)),(11,(((17,((26,14),((23,(1,22)),20))),15),(((29,30),8),((21,(4,18)),((16,12),3))))));

STEP 85 [TBR_ClassicHeuristic_MP -> NNI_Substep_81] - Distance: 98.0000
((((9,(6,(13,2))),(((7,27),((19,(24,5)),25)),10)),28),(11,(((17,((26,14),((23,(1,22)),20))),15),(((29,30),8),((21,(4,18)),((16,12),3))))));

STEP 86 [TBR_ClassicHeuristic_MP -> NNI_Substep_82] - Distance: 91.0000
((((9,(6,(13,2))),28),(((7,27),((19,(24,5)),25)),10)),(11,(((17,((26,14),((23,(1,22)),20))),15),(((29,30),8),((21,(4,18)),((16,12),3))))));

STEP 87 [TBR_ClassicHeuristic_MP -> NNI_Substep_83] - Distance: 91.0000
((((9,((6,13),2)),28),(((7,27),((19,(24,5)),25)),10)),(11,(((17,((26,14),((23,(1,22)),20))),15),(((29,30),8),((21,(4,18)),((16,12),3))))));

STEP 88 [TBR_ClassicHeuristic_MP -> NNI_Substep_84] - Distance: 91.0000
(((((9,(6,13)),2),28),(((7,27),((19,(24,5)),25)),10)),(11,(((17,((26,14),((23,(1,22)),20))),15),(((29,30),8),((21,(4,18)),((16,12),3))))));

STEP 89 [TBR_ClassicHeuristic_MP -> NNI_Substep_85] - Distance: 91.0000
(((((9,(6,13)),28),2),(((7,27),((19,(24,5)),25)),10)),(11,(((17,((26,14),((23,(1,22)),20))),15),(((29,30),8),((21,(4,18)),((16,12),3))))));

STEP 90 [TBR_ClassicHeuristic_MP -> NNI_Substep_86] - Distance: 90.0000
(((((9,(6,13)),28),(((7,27),((19,(24,5)),25)),10)),2),(11,(((17,((26,14),((23,(1,22)),20))),15),(((29,30),8),((21,(4,18)),((16,12),3))))));

STEP 91 [TBR_ClassicHeuristic_MP -> NNI_Substep_87] - Distance: 86.0000
((((9,(6,13)),28),((((7,27),((19,(24,5)),25)),10),2)),(11,(((17,((26,14),((23,(1,22)),20))),15),(((29,30),8),((21,(4,18)),((16,12),3))))));

STEP 92 [TBR_ClassicHeuristic_MP -> NNI_Substep_88] - Distance: 85.0000
((((9,(6,13)),28),((((7,27),((19,(24,5)),25)),2),10)),(11,(((17,((26,14),((23,(1,22)),20))),15),(((29,30),8),((21,(4,18)),((16,12),3))))));

STEP 93 [TBR_ClassicHeuristic_MP -> NNI_Substep_89] - Distance: 83.0000
((((9,(6,13)),28),(((7,27),(((19,(24,5)),25),2)),10)),(11,(((17,((26,14),((23,(1,22)),20))),15),(((29,30),8),((21,(4,18)),((16,12),3))))));

STEP 94 [TBR_ClassicHeuristic_MP -> NNI_Substep_90] - Distance: 82.0000
((((9,(6,13)),28),(((7,27),((19,(24,5)),(25,2))),10)),(11,(((17,((26,14),((23,(1,22)),20))),15),(((29,30),8),((21,(4,18)),((16,12),3))))));

STEP 95 [TBR_ClassicHeuristic_MP -> NNI_Substep_91] - Distance: 82.0000
((((9,(6,13)),28),(((7,27),((19,(24,5)),(25,2))),10)),(11,(((17,((26,14),((23,(1,22)),20))),15),(((30,8),29),((21,(4,18)),((16,12),3))))));

STEP 96 [TBR_ClassicHeuristic_MP -> NNI_Substep_92] - Distance: 82.0000
((((9,(6,13)),28),(((7,27),((19,(24,5)),(25,2))),10)),(11,(((17,((26,14),((23,(1,22)),20))),15),(((30,8),((21,(4,18)),((16,12),3))),29))));

STEP 97 [TBR_ClassicHeuristic_MP -> NNI_Substep_93] - Distance: 82.0000
((((9,(6,13)),28),(((7,27),((19,(24,5)),(25,2))),10)),(11,((((17,((26,14),((23,(1,22)),20))),15),((30,8),((21,(4,18)),((16,12),3)))),29)));

STEP 98 [TBR_ClassicHeuristic_MP -> NNI_Substep_94] - Distance: 77.0000
((((9,(6,13)),28),(((7,27),((19,(24,5)),(25,2))),10)),(11,((((17,((26,14),((23,(1,22)),20))),15),29),((30,8),((21,(4,18)),((16,12),3))))));

STEP 99 [TBR_ClassicHeuristic_MP -> NNI_Substep_95] - Distance: 76.0000
((((9,(6,13)),28),(((7,27),((19,(24,5)),(25,2))),10)),(11,((((17,((26,14),((23,(1,22)),20))),29),15),((30,8),((21,(4,18)),((16,12),3))))));

STEP 100 [TBR_ClassicHeuristic_MP -> NNI_Substep_96] - Distance: 76.0000
((((9,(6,13)),28),(((7,27),((19,(24,5)),(25,2))),10)),(11,(((17,(((26,14),((23,(1,22)),20)),29)),15),((30,8),((21,(4,18)),((16,12),3))))));

STEP 101 [TBR_ClassicHeuristic_MP -> NNI_Substep_97] - Distance: 74.0000
((((9,(6,13)),28),(((7,27),((19,(24,5)),(25,2))),10)),(11,(((17,((26,14),(((23,(1,22)),20),29))),15),((30,8),((21,(4,18)),((16,12),3))))));

STEP 102 [TBR_ClassicHeuristic_MP -> NNI_Substep_98] - Distance: 73.0000
((((9,(6,13)),28),(((7,27),((19,(24,5)),(25,2))),10)),(11,(((17,((26,14),((23,(1,22)),(20,29)))),15),((30,8),((21,(4,18)),((16,12),3))))));

STEP 103 [TBR_ClassicHeuristic_MP -> NNI_Substep_99] - Distance: 73.0000
((((9,(6,13)),28),(((7,27),((19,(24,5)),(25,2))),10)),(11,(((((26,14),((23,(1,22)),(20,29))),15),17),((30,8),((21,(4,18)),((16,12),3))))));

STEP 104 [TBR_ClassicHeuristic_MP -> NNI_Substep_100] - Distance: 72.0000
((((9,(6,13)),28),(((7,27),((19,(24,5)),(25,2))),10)),(11,(((((26,14),((23,(1,22)),(20,29))),15),((30,8),((21,(4,18)),((16,12),3)))),17)));

STEP 105 [TBR_ClassicHeuristic_MP -> NNI_Substep_101] - Distance: 66.0000
((((9,(6,13)),28),(((7,27),((19,(24,5)),(25,2))),10)),(11,((((26,14),((23,(1,22)),(20,29))),15),(((30,8),((21,(4,18)),((16,12),3))),17))));

STEP 106 [TBR_ClassicHeuristic_MP -> NNI_Substep_102] - Distance: 64.0000
((((9,(6,13)),28),(((7,27),((19,(24,5)),(25,2))),10)),(11,((((26,14),((23,(1,22)),(20,29))),15),((30,8),(((21,(4,18)),((16,12),3)),17)))));

STEP 107 [TBR_ClassicHeuristic_MP -> NNI_Substep_103] - Distance: 63.0000
((((9,(6,13)),28),(((7,27),((19,(24,5)),(25,2))),10)),(11,((((26,14),((23,(1,22)),(20,29))),15),((30,8),((21,(4,18)),(((16,12),3),17))))));

STEP 108 [TBR_ClassicHeuristic_MP -> NNI_Substep_104] - Distance: 63.0000
((((9,(6,13)),28),(((7,27),((19,(24,5)),(25,2))),10)),(11,((((26,14),((23,(1,22)),(20,29))),15),((30,8),(((4,18),(((16,12),3),17)),21)))));

STEP 109 [TBR_ClassicHeuristic_MP -> NNI_Substep_105] - Distance: 63.0000
((((9,(6,13)),28),(((7,27),((19,(24,5)),(25,2))),10)),(11,((((26,14),((23,(1,22)),(20,29))),15),(((30,8),((4,18),(((16,12),3),17))),21))));

STEP 110 [TBR_ClassicHeuristic_MP -> NNI_Substep_106] - Distance: 63.0000
((((9,(6,13)),28),(((7,27),((19,(24,5)),(25,2))),10)),(11,(((((26,14),((23,(1,22)),(20,29))),15),((30,8),((4,18),(((16,12),3),17)))),21)));

STEP 111 [TBR_ClassicHeuristic_MP -> NNI_Substep_107] - Distance: 56.0000
((((9,(6,13)),28),(((7,27),((19,(24,5)),(25,2))),10)),(11,(((((26,14),((23,(1,22)),(20,29))),15),21),((30,8),((4,18),(((16,12),3),17))))));

STEP 112 [TBR_ClassicHeuristic_MP -> NNI_Substep_108] - Distance: 55.0000
((((9,(6,13)),28),(((7,27),((19,(24,5)),(25,2))),10)),(11,(((((26,14),((23,(1,22)),(20,29))),21),15),((30,8),((4,18),(((16,12),3),17))))));

STEP 113 [TBR_ClassicHeuristic_MP -> NNI_Substep_109] - Distance: 52.0000
((((9,(6,13)),28),(((7,27),((19,(24,5)),(25,2))),10)),(11,(((((26,14),21),((23,(1,22)),(20,29))),15),((30,8),((4,18),(((16,12),3),17))))));

STEP 114 [TBR_ClassicHeuristic_MP -> NNI_Substep_110] - Distance: 51.0000
((((9,(6,13)),28),(((7,27),((19,(24,5)),(25,2))),10)),(11,((((26,(14,21)),((23,(1,22)),(20,29))),15),((30,8),((4,18),(((16,12),3),17))))));

STEP 115 [TBR_ClassicHeuristic_MP -> NNI_Substep_111] - Distance: 51.0000
((((9,(6,13)),28),(((7,27),((19,(24,5)),(25,2))),10)),(11,((((26,(14,21)),(((23,22),1),(20,29))),15),((30,8),((4,18),(((16,12),3),17))))));

STEP 116 [TBR_ClassicHeuristic_MP -> NNI_Substep_112] - Distance: 51.0000
((((9,(6,13)),28),(((7,27),((19,(24,5)),(25,2))),10)),(11,((((26,(14,21)),(((23,22),(20,29)),1)),15),((30,8),((4,18),(((16,12),3),17))))));

STEP 117 [TBR_ClassicHeuristic_MP -> NNI_Substep_113] - Distance: 51.0000
((((9,(6,13)),28),(((7,27),((19,(24,5)),(25,2))),10)),(11,(((((26,(14,21)),((23,22),(20,29))),1),15),((30,8),((4,18),(((16,12),3),17))))));

STEP 118 [TBR_ClassicHeuristic_MP -> NNI_Substep_114] - Distance: 51.0000
((((9,(6,13)),28),(((7,27),((19,(24,5)),(25,2))),10)),(11,(((((26,(14,21)),((23,22),(20,29))),15),1),((30,8),((4,18),(((16,12),3),17))))));

STEP 119 [TBR_ClassicHeuristic_MP -> NNI_Substep_115] - Distance: 50.0000
((((9,(6,13)),28),(((7,27),((19,(24,5)),(25,2))),10)),(11,(((((26,(14,21)),((23,22),(20,29))),15),((30,8),((4,18),(((16,12),3),17)))),1)));

STEP 120 [TBR_ClassicHeuristic_MP -> NNI_Substep_116] - Distance: 42.0000
((((9,(6,13)),28),(((7,27),((19,(24,5)),(25,2))),10)),(11,((((26,(14,21)),((23,22),(20,29))),15),(((30,8),((4,18),(((16,12),3),17))),1))));

STEP 121 [TBR_ClassicHeuristic_MP -> NNI_Substep_117] - Distance: 40.0000
((((9,(6,13)),28),(((7,27),((19,(24,5)),(25,2))),10)),(11,((((26,(14,21)),((23,22),(20,29))),15),((30,8),(((4,18),(((16,12),3),17)),1)))));

STEP 122 [TBR_ClassicHeuristic_MP -> NNI_Substep_118] - Distance: 39.0000
((((9,(6,13)),28),(((7,27),((19,(24,5)),(25,2))),10)),(11,((((26,(14,21)),((23,22),(20,29))),15),((30,8),((4,18),((((16,12),3),17),1))))));

STEP 123 [TBR_ClassicHeuristic_MP -> NNI_Substep_119] - Distance: 38.0000
((((9,(6,13)),28),(((7,27),((19,(24,5)),(25,2))),10)),(11,((((26,(14,21)),((23,22),(20,29))),15),((30,8),((4,18),((((16,12),3),1),17))))));

STEP 124 [TBR_ClassicHeuristic_MP -> NNI_Substep_120] - Distance: 37.0000
((((9,(6,13)),28),(((7,27),((19,(24,5)),(25,2))),10)),(11,((((26,(14,21)),((23,22),(20,29))),15),((30,8),((4,18),((((16,12),1),3),17))))));

STEP 125 [TBR_ClassicHeuristic_MP -> NNI_Substep_121] - Distance: 37.0000
((((9,(6,13)),28),(((7,27),((19,(24,5)),(25,2))),10)),(11,((((26,(14,21)),((23,22),(20,29))),15),((30,8),((4,((((16,12),1),3),17)),18)))));

STEP 126 [TBR_ClassicHeuristic_MP -> NNI_Substep_122] - Distance: 37.0000
((((9,(6,13)),28),(((7,27),((19,(24,5)),(25,2))),10)),(11,((((26,(14,21)),((23,22),(20,29))),15),(((30,8),(4,((((16,12),1),3),17))),18))));

STEP 127 [TBR_ClassicHeuristic_MP -> NNI_Substep_123] - Distance: 36.0000
((((9,(6,13)),28),(((7,27),((19,(24,5)),(25,2))),10)),(11,(((((26,(14,21)),((23,22),(20,29))),15),((30,8),(4,((((16,12),1),3),17)))),18)));

STEP 128 [TBR_ClassicHeuristic_MP -> NNI_Substep_124] - Distance: 28.0000
((((9,(6,13)),28),(((7,27),((19,(24,5)),(25,2))),10)),(11,(((((26,(14,21)),((23,22),(20,29))),15),18),((30,8),(4,((((16,12),1),3),17))))));

STEP 129 [TBR_ClassicHeuristic_MP -> NNI_Substep_125] - Distance: 27.0000
((((9,(6,13)),28),(((7,27),((19,(24,5)),(25,2))),10)),(11,(((((26,(14,21)),((23,22),(20,29))),18),15),((30,8),(4,((((16,12),1),3),17))))));

STEP 130 [TBR_ClassicHeuristic_MP -> NNI_Substep_126] - Distance: 24.0000
((((9,(6,13)),28),(((7,27),((19,(24,5)),(25,2))),10)),(11,(((((26,(14,21)),18),((23,22),(20,29))),15),((30,8),(4,((((16,12),1),3),17))))));

STEP 131 [TBR_ClassicHeuristic_MP -> NNI_Substep_127] - Distance: 22.0000
((((9,(6,13)),28),(((7,27),((19,(24,5)),(25,2))),10)),(11,(((((26,18),(14,21)),((23,22),(20,29))),15),((30,8),(4,((((16,12),1),3),17))))));

STEP 132 [TBR_ClassicHeuristic_MP -> NNI_Substep_128] - Distance: 22.0000
((((9,(6,13)),28),(((7,27),((19,(24,5)),(25,2))),10)),(11,(((((26,18),(14,21)),((23,(20,29)),22)),15),((30,8),(4,((((16,12),1),3),17))))));

STEP 133 [TBR_ClassicHeuristic_MP -> NNI_Substep_129] - Distance: 20.0000
((((9,(6,13)),28),(((7,27),((19,(24,5)),(25,2))),10)),(11,((((((26,18),(14,21)),(23,(20,29))),22),15),((30,8),(4,((((16,12),1),3),17))))));

STEP 134 [TBR_ClassicHeuristic_MP -> NNI_Substep_130] - Distance: 17.0000
((((9,(6,13)),28),(((7,27),((19,(24,5)),(25,2))),10)),(11,((((((26,18),(14,21)),22),(23,(20,29))),15),((30,8),(4,((((16,12),1),3),17))))));

STEP 135 [TBR_ClassicHeuristic_MP -> NNI_Substep_131] - Distance: 15.0000
((((9,(6,13)),28),(((7,27),((19,(24,5)),(25,2))),10)),(11,(((((26,18),((14,21),22)),(23,(20,29))),15),((30,8),(4,((((16,12),1),3),17))))));

STEP 136 [TBR_ClassicHeuristic_MP -> NNI_Substep_132] - Distance: 14.0000
((((9,(6,13)),28),((((7,27),(25,2)),(19,(24,5))),10)),(11,(((((26,18),((14,21),22)),(23,(20,29))),15),((30,8),(4,((((16,12),1),3),17))))));

STEP 137 [TBR_ClassicHeuristic_MP -> NNI_Substep_133] - Distance: 15.0000
((((9,(6,13)),28),((((7,27),(25,2)),10),(19,(24,5)))),(11,(((((26,18),((14,21),22)),(23,(20,29))),15),((30,8),(4,((((16,12),1),3),17))))));

STEP 138 [TBR_ClassicHeuristic_MP -> NNI_Substep_134] - Distance: 10.0000
((((9,(6,13)),28),(((7,27),(25,2)),(10,(19,(24,5))))),(11,(((((26,18),((14,21),22)),(23,(20,29))),15),((30,8),(4,((((16,12),1),3),17))))));

STEP 139 [TBR_ClassicHeuristic_MP -> NNI_Substep_135] - Distance: 10.0000
((((9,(6,13)),28),(((7,27),(25,2)),(10,((19,5),24)))),(11,(((((26,18),((14,21),22)),(23,(20,29))),15),((30,8),(4,((((16,12),1),3),17))))));

STEP 140 [TBR_ClassicHeuristic_MP -> NNI_Substep_136] - Distance: 10.0000
((((9,(6,13)),28),(((7,27),(25,2)),((10,(19,5)),24))),(11,(((((26,18),((14,21),22)),(23,(20,29))),15),((30,8),(4,((((16,12),1),3),17))))));

STEP 141 [TBR_ClassicHeuristic_MP -> NNI_Substep_137] - Distance: 8.0000
((((9,(6,13)),28),((((7,27),(25,2)),(10,(19,5))),24)),(11,(((((26,18),((14,21),22)),(23,(20,29))),15),((30,8),(4,((((16,12),1),3),17))))));

STEP 142 [TBR_ClassicHeuristic_MP -> NNI_Substep_138] - Distance: 5.0000
((((9,(6,13)),28),((((7,27),(25,2)),24),(10,(19,5)))),(11,(((((26,18),((14,21),22)),(23,(20,29))),15),((30,8),(4,((((16,12),1),3),17))))));

STEP 143 [TBR_ClassicHeuristic_MP -> NNI_Substep_139] - Distance: 3.0000
((((9,(6,13)),28),(((7,27),((25,2),24)),(10,(19,5)))),(11,(((((26,18),((14,21),22)),(23,(20,29))),15),((30,8),(4,((((16,12),1),3),17))))));

STEP 144 [TBR_ClassicHeuristic_MP -> NNI_Substep_140] - Distance: 1.0000
((((9,(6,13)),28),(((7,27),((25,2),24)),(10,(19,5)))),(11,(((((26,18),((14,21),22)),(23,(20,29))),15),(4,(((((16,12),1),3),17),(30,8))))));

STEP 145 [TBR_ClassicHeuristic_MP -> NNI_Substep_141] - Distance: 0.0000
(((28,(13,(6,9))),(((7,27),((25,2),24)),(10,(19,5)))),(11,(((((26,18),((14,21),22)),(23,(20,29))),15),(4,(((((16,12),1),3),17),(30,8))))));

========================================================
[FINAL] Total Steps: 145 | Final Distance: 0.0000
========================================================
