========================================================
HEURISTIC TRAJECTORY: VND Incremental (MS_RF)
========================================================
STEP 0 [START] - Distance: 139.0000
((((28,(27,(8,(4,22)))),(21,13)),(7,(17,(18,(23,26))))),(29,((((2,14),(10,6)),(1,19)),(12,9))),(((24,(20,25)),(30,16)),((3,11),(5,15))));

STEP 1 [NNI_IncrementalHeuristic_MS_RF -> NNI_Substep_1] - Distance: 135.0000
((((7,(17,(18,(23,26)))),(21,13)),(28,(27,(8,(4,22))))),(29,((((2,14),(10,6)),(1,19)),(12,9))),(((24,(20,25)),(30,16)),((3,11),(5,15))));

STEP 2 [NNI_IncrementalHeuristic_MS_RF -> NNI_Substep_2] - Distance: 132.0000
(29,((((7,(17,(18,(23,26)))),(21,13)),(28,(27,(8,(4,22))))),((((2,14),(10,6)),(1,19)),(12,9))),(((24,(20,25)),(30,16)),((3,11),(5,15))));

STEP 3 [NNI_IncrementalHeuristic_MS_RF -> NNI_Substep_3] - Distance: 130.0000
(29,(((((18,(23,26)),(17,7)),(21,13)),(28,(27,(8,(4,22))))),((((2,14),(10,6)),(1,19)),(12,9))),(((24,(20,25)),(30,16)),((3,11),(5,15))));

STEP 4 [NNI_IncrementalHeuristic_MS_RF -> NNI_Substep_4] - Distance: 127.0000
(29,(((((21,13),(17,7)),(18,(23,26))),(28,(27,(8,(4,22))))),((((2,14),(10,6)),(1,19)),(12,9))),(((24,(20,25)),(30,16)),((3,11),(5,15))));

STEP 5 [NNI_IncrementalHeuristic_MS_RF -> NNI_Substep_5] - Distance: 125.0000
(29,(((((21,13),(17,7)),(18,(23,26))),((8,(4,22)),(27,28))),((((2,14),(10,6)),(1,19)),(12,9))),(((24,(20,25)),(30,16)),((3,11),(5,15))));

STEP 6 [NNI_IncrementalHeuristic_MS_RF -> NNI_Substep_6] - Distance: 123.0000
(29,(((((21,13),(17,7)),(18,(23,26))),((8,(4,22)),(27,28))),(((12,9),(1,19)),((2,14),(10,6)))),(((24,(20,25)),(30,16)),((3,11),(5,15))));

STEP 7 [NNI_IncrementalHeuristic_MS_RF -> NNI_Substep_7] - Distance: 121.0000
(((24,(20,25)),(30,16)),(((((21,13),(17,7)),(18,(23,26))),((8,(4,22)),(27,28))),(((12,9),(1,19)),((2,14),(10,6)))),(29,((3,11),(5,15))));

STEP 8 [NNI_IncrementalHeuristic_MS_RF -> NNI_Substep_8] - Distance: 120.0000
(((((((21,13),(17,7)),(18,(23,26))),((8,(4,22)),(27,28))),(((12,9),(1,19)),((2,14),(10,6)))),(30,16)),(24,(20,25)),(29,((3,11),(5,15))));

STEP 9 [NNI_IncrementalHeuristic_MS_RF -> NNI_Substep_9] - Distance: 119.0000
(((((((12,9),(1,19)),((2,14),(10,6))),((8,(4,22)),(27,28))),(((21,13),(17,7)),(18,(23,26)))),(30,16)),(24,(20,25)),(29,((3,11),(5,15))));

STEP 10 [NNI_IncrementalHeuristic_MS_RF -> NNI_Substep_10] - Distance: 118.0000
(((((21,13),(17,7)),(((((12,9),(1,19)),((2,14),(10,6))),((8,(4,22)),(27,28))),(18,(23,26)))),(30,16)),(24,(20,25)),(29,((3,11),(5,15))));

STEP 11 [NNI_IncrementalHeuristic_MS_RF -> NNI_Substep_11] - Distance: 115.0000
(((((21,13),(17,7)),(((18,(23,26)),((8,(4,22)),(27,28))),(((12,9),(1,19)),((2,14),(10,6))))),(30,16)),(24,(20,25)),(29,((3,11),(5,15))));

STEP 12 [NNI_IncrementalHeuristic_MS_RF -> NNI_Substep_12] - Distance: 111.0000
(((((21,13),(17,7)),(30,16)),(((18,(23,26)),((8,(4,22)),(27,28))),(((12,9),(1,19)),((2,14),(10,6))))),(24,(20,25)),(29,((3,11),(5,15))));

STEP 13 [NNI_IncrementalHeuristic_MS_RF -> NNI_Substep_13] - Distance: 110.0000
(24,(((((21,13),(17,7)),(30,16)),(((18,(23,26)),((8,(4,22)),(27,28))),(((12,9),(1,19)),((2,14),(10,6))))),(20,25)),(29,((3,11),(5,15))));

STEP 14 [NNI_IncrementalHeuristic_MS_RF -> NNI_Substep_14] - Distance: 107.0000
(((3,11),(5,15)),(((((21,13),(17,7)),(30,16)),(((18,(23,26)),((8,(4,22)),(27,28))),(((12,9),(1,19)),((2,14),(10,6))))),(20,25)),(29,24));

STEP 15 [NNI_IncrementalHeuristic_MS_RF -> NNI_Substep_15] - Distance: 106.0000
(((3,(5,15)),11),(((((21,13),(17,7)),(30,16)),(((18,(23,26)),((8,(4,22)),(27,28))),(((12,9),(1,19)),((2,14),(10,6))))),(20,25)),(29,24));

STEP 16 [NNI_IncrementalHeuristic_MS_RF -> NNI_Substep_16] - Distance: 105.0000
(((3,(5,15)),(((((21,13),(17,7)),(30,16)),(((18,(23,26)),((8,(4,22)),(27,28))),(((12,9),(1,19)),((2,14),(10,6))))),(20,25))),11,(29,24));

STEP 17 [NNI_IncrementalHeuristic_MS_RF -> NNI_Substep_17] - Distance: 104.0000
((((((21,13),(17,7)),(30,16)),(((18,(23,26)),((8,(4,22)),(27,28))),(((12,9),(1,19)),((2,14),(10,6))))),((3,(5,15)),(20,25))),11,(29,24));

STEP 18 [Heur. uSPR MS_RF -> NNI_Substep_1] - Distance: 104.0000
((((((21,13),(17,7)),(30,16)),(((18,(23,26)),((8,(4,22)),(27,28))),(((12,9),(1,19)),((2,14),(10,6))))),(((3,15),5),(20,25))),11,(29,24));

STEP 19 [Heur. uSPR MS_RF -> NNI_Substep_2] - Distance: 105.0000
((((((21,13),(17,7)),(30,16)),(((18,(23,26)),((8,(4,22)),(27,28))),(((12,9),(1,19)),((2,14),(10,6))))),(((3,15),(20,25)),5)),11,(29,24));

STEP 20 [Heur. uSPR MS_RF -> NNI_Substep_3] - Distance: 102.0000
(((((((21,13),(17,7)),(30,16)),(((18,(23,26)),((8,(4,22)),(27,28))),(((12,9),(1,19)),((2,14),(10,6))))),((3,15),(20,25))),5),11,(29,24));

STEP 21 [Heur. uSPR MS_RF -> NNI_Substep_4] - Distance: 100.0000
((((((21,13),(17,7)),(30,16)),(((18,(23,26)),((8,(4,22)),(27,28))),(((12,9),(1,19)),((2,14),(10,6))))),((3,15),(20,25))),11,((29,24),5));

STEP 22 [Heur. uSPR MS_RF -> NNI_Substep_5] - Distance: 98.0000
((((((21,13),(17,7)),(30,16)),(((18,(23,26)),((8,(4,22)),(27,28))),(((12,9),(1,19)),((2,14),(10,6))))),((3,15),(20,25))),11,((29,5),24));

STEP 23 [Heur. uSPR MS_RF -> NNI_Substep_6] - Distance: 98.0000
((((((21,13),(17,7)),(30,16)),(((18,(23,26)),(((8,4),22),(27,28))),(((12,9),(1,19)),((2,14),(10,6))))),((3,15),(20,25))),11,((29,5),24));

STEP 24 [Heur. uSPR MS_RF -> NNI_Substep_7] - Distance: 99.0000
((((((21,13),(17,7)),(30,16)),(((18,(23,26)),(((8,4),(27,28)),22)),(((12,9),(1,19)),((2,14),(10,6))))),((3,15),(20,25))),11,((29,5),24));

STEP 25 [Heur. uSPR MS_RF -> NNI_Substep_8] - Distance: 101.0000
((((((21,13),(17,7)),(30,16)),((((18,(23,26)),((8,4),(27,28))),22),(((12,9),(1,19)),((2,14),(10,6))))),((3,15),(20,25))),11,((29,5),24));

STEP 26 [Heur. uSPR MS_RF -> NNI_Substep_9] - Distance: 102.0000
((((((21,13),(17,7)),(30,16)),((((18,(23,26)),((8,4),(27,28))),(((12,9),(1,19)),((2,14),(10,6)))),22)),((3,15),(20,25))),11,((29,5),24));

STEP 27 [Heur. uSPR MS_RF -> NNI_Substep_10] - Distance: 98.0000
((((((21,13),(17,7)),(30,16)),(((18,(23,26)),((8,4),(27,28))),((((12,9),(1,19)),((2,14),(10,6))),22))),((3,15),(20,25))),11,((29,5),24));

STEP 28 [Heur. uSPR MS_RF -> NNI_Substep_11] - Distance: 95.0000
((((((21,13),(17,7)),(30,16)),(((18,(23,26)),((8,4),(27,28))),(((12,9),(1,19)),(((2,14),(10,6)),22)))),((3,15),(20,25))),11,((29,5),24));

STEP 29 [Heur. uSPR MS_RF -> NNI_Substep_12] - Distance: 92.0000
((((((21,13),(17,7)),(30,16)),(((18,(23,26)),((8,4),(27,28))),(((12,9),(1,19)),((2,14),((10,6),22))))),((3,15),(20,25))),11,((29,5),24));

STEP 30 [Heur. uSPR MS_RF -> NNI_Substep_13] - Distance: 92.0000
((((((21,13),(17,7)),(30,16)),(((18,(23,26)),((8,4),(27,28))),(((12,9),(1,19)),((2,14),((10,22),6))))),((3,15),(20,25))),11,((29,5),24));

STEP 31 [Heur. uSPR MS_RF -> NNI_Substep_14] - Distance: 93.0000
((((((21,13),(17,7)),(30,16)),(((18,(23,26)),((8,4),(27,28))),(((12,9),(1,19)),(((2,14),(10,22)),6)))),((3,15),(20,25))),11,((29,5),24));

STEP 32 [Heur. uSPR MS_RF -> NNI_Substep_15] - Distance: 94.0000
((((((21,13),(17,7)),(30,16)),(((18,(23,26)),((8,4),(27,28))),((((12,9),(1,19)),((2,14),(10,22))),6))),((3,15),(20,25))),11,((29,5),24));

STEP 33 [Heur. uSPR MS_RF -> NNI_Substep_16] - Distance: 94.0000
((((((21,13),(17,7)),(30,16)),((((18,(23,26)),((8,4),(27,28))),(((12,9),(1,19)),((2,14),(10,22)))),6)),((3,15),(20,25))),11,((29,5),24));

STEP 34 [Heur. uSPR MS_RF -> NNI_Substep_17] - Distance: 93.0000
(((((((21,13),(17,7)),(30,16)),(((18,(23,26)),((8,4),(27,28))),(((12,9),(1,19)),((2,14),(10,22))))),6),((3,15),(20,25))),11,((29,5),24));

STEP 35 [Heur. uSPR MS_RF -> NNI_Substep_18] - Distance: 91.0000
(((((((21,13),(17,7)),(30,16)),6),(((18,(23,26)),((8,4),(27,28))),(((12,9),(1,19)),((2,14),(10,22))))),((3,15),(20,25))),11,((29,5),24));

STEP 36 [Heur. uSPR MS_RF -> NNI_Substep_19] - Distance: 86.0000
((((((21,13),(17,7)),((30,16),6)),(((18,(23,26)),((8,4),(27,28))),(((12,9),(1,19)),((2,14),(10,22))))),((3,15),(20,25))),11,((29,5),24));

STEP 37 [Heur. uSPR MS_RF -> NNI_Substep_20] - Distance: 86.0000
((((((21,13),(17,7)),((30,6),16)),(((18,(23,26)),((8,4),(27,28))),(((12,9),(1,19)),((2,14),(10,22))))),((3,15),(20,25))),11,((29,5),24));

STEP 38 [Heur. uSPR MS_RF -> NNI_Substep_21] - Distance: 87.0000
((((((21,13),(17,7)),((30,6),16)),(((18,(23,26)),((8,4),(27,28))),((((12,9),19),1),((2,14),(10,22))))),((3,15),(20,25))),11,((29,5),24));

STEP 39 [Heur. uSPR MS_RF -> NNI_Substep_22] - Distance: 90.0000
((((((21,13),(17,7)),((30,6),16)),(((18,(23,26)),((8,4),(27,28))),((((12,9),19),((2,14),(10,22))),1))),((3,15),(20,25))),11,((29,5),24));

STEP 40 [Heur. uSPR MS_RF -> NNI_Substep_23] - Distance: 94.0000
((((((21,13),(17,7)),((30,6),16)),((((18,(23,26)),((8,4),(27,28))),(((12,9),19),((2,14),(10,22)))),1)),((3,15),(20,25))),11,((29,5),24));

STEP 41 [Heur. uSPR MS_RF -> NNI_Substep_24] - Distance: 88.0000
((((((21,13),(17,7)),((30,6),16)),((((18,(23,26)),((8,4),(27,28))),1),(((12,9),19),((2,14),(10,22))))),((3,15),(20,25))),11,((29,5),24));

STEP 42 [Heur. uSPR MS_RF -> NNI_Substep_25] - Distance: 84.0000
((((((21,13),(17,7)),((30,6),16)),(((18,(23,26)),(((8,4),(27,28)),1)),(((12,9),19),((2,14),(10,22))))),((3,15),(20,25))),11,((29,5),24));

STEP 43 [Heur. uSPR MS_RF -> NNI_Substep_26] - Distance: 83.0000
((((((21,13),(17,7)),((30,6),16)),(((18,(23,26)),(((8,4),1),(27,28))),(((12,9),19),((2,14),(10,22))))),((3,15),(20,25))),11,((29,5),24));

STEP 44 [Heur. uSPR MS_RF -> NNI_Substep_27] - Distance: 81.0000
((((((21,13),(17,7)),((30,6),16)),(((18,(23,26)),((8,(4,1)),(27,28))),(((12,9),19),((2,14),(10,22))))),((3,15),(20,25))),11,((29,5),24));

STEP 45 [Heur. uSPR MS_RF -> NNI_Substep_28] - Distance: 81.0000
((((((21,13),(17,7)),((30,6),16)),(((18,(23,26)),((8,(27,28)),(4,1))),(((12,9),19),((2,14),(10,22))))),((3,15),(20,25))),11,((29,5),24));

STEP 46 [Heur. uSPR MS_RF -> NNI_Substep_29] - Distance: 84.0000
((((((21,13),(17,7)),((30,6),16)),((((18,(23,26)),(8,(27,28))),(4,1)),(((12,9),19),((2,14),(10,22))))),((3,15),(20,25))),11,((29,5),24));

STEP 47 [Heur. uSPR MS_RF -> NNI_Substep_30] - Distance: 91.0000
((((((21,13),(17,7)),((30,6),16)),((((18,(23,26)),(8,(27,28))),(((12,9),19),((2,14),(10,22)))),(4,1))),((3,15),(20,25))),11,((29,5),24));

STEP 48 [Heur. uSPR MS_RF -> NNI_Substep_31] - Distance: 86.0000
(((((((21,13),(17,7)),((30,6),16)),(((18,(23,26)),(8,(27,28))),(((12,9),19),((2,14),(10,22))))),(4,1)),((3,15),(20,25))),11,((29,5),24));

STEP 49 [Heur. uSPR MS_RF -> NNI_Substep_32] - Distance: 80.0000
(((((((21,13),(17,7)),((30,6),16)),(((18,(23,26)),(8,(27,28))),(((12,9),19),((2,14),(10,22))))),((3,15),(20,25))),(4,1)),11,((29,5),24));

STEP 50 [Heur. uSPR MS_RF -> NNI_Substep_33] - Distance: 77.0000
((((((21,13),(17,7)),((30,6),16)),(((18,(23,26)),(8,(27,28))),(((12,9),19),((2,14),(10,22))))),((3,15),(20,25))),(11,(4,1)),((29,5),24));

STEP 51 [Heur. uSPR MS_RF -> NNI_Substep_34] - Distance: 78.0000
((((((21,13),(17,7)),((30,6),16)),(((18,(23,26)),(8,(27,28))),(((12,9),19),((14,(10,22)),2)))),((3,15),(20,25))),(11,(4,1)),((29,5),24));

STEP 52 [Heur. uSPR MS_RF -> NNI_Substep_35] - Distance: 80.0000
((((((21,13),(17,7)),((30,6),16)),(((18,(23,26)),(8,(27,28))),((((12,9),19),(14,(10,22))),2))),((3,15),(20,25))),(11,(4,1)),((29,5),24));

STEP 53 [Heur. uSPR MS_RF -> NNI_Substep_36] - Distance: 83.0000
((((((21,13),(17,7)),((30,6),16)),((((18,(23,26)),(8,(27,28))),(((12,9),19),(14,(10,22)))),2)),((3,15),(20,25))),(11,(4,1)),((29,5),24));

STEP 54 [Heur. uSPR MS_RF -> NNI_Substep_37] - Distance: 77.0000
(((((((21,13),(17,7)),((30,6),16)),(((18,(23,26)),(8,(27,28))),(((12,9),19),(14,(10,22))))),2),((3,15),(20,25))),(11,(4,1)),((29,5),24));

STEP 55 [Heur. uSPR MS_RF -> NNI_Substep_38] - Distance: 78.0000
(((((((21,13),(17,7)),((30,6),16)),2),(((18,(23,26)),(8,(27,28))),(((12,9),19),(14,(10,22))))),((3,15),(20,25))),(11,(4,1)),((29,5),24));

STEP 56 [Heur. uSPR MS_RF -> NNI_Substep_39] - Distance: 75.0000
((((((21,13),(17,7)),(((30,6),16),2)),(((18,(23,26)),(8,(27,28))),(((12,9),19),(14,(10,22))))),((3,15),(20,25))),(11,(4,1)),((29,5),24));

STEP 57 [Heur. uSPR MS_RF -> NNI_Substep_40] - Distance: 72.0000
((((((21,13),(17,7)),((30,6),(16,2))),(((18,(23,26)),(8,(27,28))),(((12,9),19),(14,(10,22))))),((3,15),(20,25))),(11,(4,1)),((29,5),24));

STEP 58 [Heur. uSPR MS_RF -> NNI_Substep_41] - Distance: 73.0000
((((((21,13),(17,7)),((30,6),(16,2))),(((18,(23,26)),(8,(27,28))),(((12,9),19),(14,(10,22))))),(((3,15),20),25)),(11,(4,1)),((29,5),24));

STEP 59 [Heur. uSPR MS_RF -> NNI_Substep_42] - Distance: 72.0000
(((((((21,13),(17,7)),((30,6),(16,2))),(((18,(23,26)),(8,(27,28))),(((12,9),19),(14,(10,22))))),((3,15),20)),25),(11,(4,1)),((29,5),24));

STEP 60 [Heur. uSPR MS_RF -> NNI_Substep_43] - Distance: 74.0000
(((((((21,13),(17,7)),((30,6),(16,2))),(((18,(23,26)),(8,(27,28))),(((12,9),19),(14,(10,22))))),25),((3,15),20)),(11,(4,1)),((29,5),24));

STEP 61 [Heur. uSPR MS_RF -> NNI_Substep_44] - Distance: 77.0000
(((((((21,13),(17,7)),((30,6),(16,2))),25),(((18,(23,26)),(8,(27,28))),(((12,9),19),(14,(10,22))))),((3,15),20)),(11,(4,1)),((29,5),24));

STEP 62 [Heur. uSPR MS_RF -> NNI_Substep_45] - Distance: 72.0000
(((((((21,13),(17,7)),25),((30,6),(16,2))),(((18,(23,26)),(8,(27,28))),(((12,9),19),(14,(10,22))))),((3,15),20)),(11,(4,1)),((29,5),24));

STEP 63 [Heur. uSPR MS_RF -> NNI_Substep_46] - Distance: 69.0000
(((((((21,13),25),(17,7)),((30,6),(16,2))),(((18,(23,26)),(8,(27,28))),(((12,9),19),(14,(10,22))))),((3,15),20)),(11,(4,1)),((29,5),24));

STEP 64 [Heur. uSPR MS_RF -> NNI_Substep_47] - Distance: 67.0000
(((((((21,25),13),(17,7)),((30,6),(16,2))),(((18,(23,26)),(8,(27,28))),(((12,9),19),(14,(10,22))))),((3,15),20)),(11,(4,1)),((29,5),24));

STEP 65 [Heur. uSPR MS_RF -> NNI_Substep_48] - Distance: 71.0000
((((((13,(17,7)),(21,25)),((30,6),(16,2))),(((18,(23,26)),(8,(27,28))),(((12,9),19),(14,(10,22))))),((3,15),20)),(11,(4,1)),((29,5),24));

STEP 66 [Heur. uSPR MS_RF -> NNI_Substep_49] - Distance: 77.0000
((((((13,(17,7)),((30,6),(16,2))),(21,25)),(((18,(23,26)),(8,(27,28))),(((12,9),19),(14,(10,22))))),((3,15),20)),(11,(4,1)),((29,5),24));

STEP 67 [Heur. uSPR MS_RF -> NNI_Substep_50] - Distance: 75.0000
((((((13,(17,7)),((30,6),(16,2))),(((18,(23,26)),(8,(27,28))),(((12,9),19),(14,(10,22))))),(21,25)),((3,15),20)),(11,(4,1)),((29,5),24));

STEP 68 [Heur. uSPR MS_RF -> NNI_Substep_51] - Distance: 74.0000
((((((13,(17,7)),((30,6),(16,2))),(((18,(23,26)),(8,(27,28))),(((12,9),19),(14,(10,22))))),((3,15),20)),(21,25)),(11,(4,1)),((29,5),24));

STEP 69 [Heur. uSPR MS_RF -> NNI_Substep_52] - Distance: 73.0000
(((((13,(17,7)),((30,6),(16,2))),(((18,(23,26)),(8,(27,28))),(((12,9),19),(14,(10,22))))),(((3,15),20),(21,25))),(11,(4,1)),((29,5),24));

STEP 70 [Heur. uSPR MS_RF -> NNI_Substep_53] - Distance: 70.0000
(((((13,(17,7)),((30,6),(16,2))),(((18,(23,26)),(8,(27,28))),(((12,9),19),(14,(10,22))))),(((3,15),(21,25)),20)),(11,(4,1)),((29,5),24));

STEP 71 [Heur. uSPR MS_RF -> NNI_Substep_54] - Distance: 67.0000
(((((13,(17,7)),((30,6),(16,2))),(((18,(23,26)),(8,(27,28))),(((12,9),19),(14,(10,22))))),(((3,(21,25)),15),20)),(11,(4,1)),((29,5),24));

STEP 72 [Heur. uSPR MS_RF -> NNI_Substep_55] - Distance: 67.0000
(((((13,(17,7)),((30,6),(16,2))),(((18,(23,26)),(8,(27,28))),(((12,9),(14,(10,22))),19))),(((3,(21,25)),15),20)),(11,(4,1)),((29,5),24));

STEP 73 [Heur. uSPR MS_RF -> NNI_Substep_56] - Distance: 70.0000
(((((13,(17,7)),((30,6),(16,2))),((((18,(23,26)),(8,(27,28))),((12,9),(14,(10,22)))),19)),(((3,(21,25)),15),20)),(11,(4,1)),((29,5),24));

STEP 74 [Heur. uSPR MS_RF -> NNI_Substep_57] - Distance: 68.0000
((((((13,(17,7)),((30,6),(16,2))),(((18,(23,26)),(8,(27,28))),((12,9),(14,(10,22))))),19),(((3,(21,25)),15),20)),(11,(4,1)),((29,5),24));

STEP 75 [Heur. uSPR MS_RF -> NNI_Substep_58] - Distance: 64.0000
((((((13,(17,7)),((30,6),(16,2))),(((18,(23,26)),(8,(27,28))),((12,9),(14,(10,22))))),(((3,(21,25)),15),20)),19),(11,(4,1)),((29,5),24));

STEP 76 [Heur. uSPR MS_RF -> NNI_Substep_59] - Distance: 63.0000
(((((13,(17,7)),((30,6),(16,2))),(((18,(23,26)),(8,(27,28))),((12,9),(14,(10,22))))),((((3,(21,25)),15),20),19)),(11,(4,1)),((29,5),24));

STEP 77 [Heur. uSPR MS_RF -> NNI_Substep_60] - Distance: 61.0000
(((((13,(17,7)),((30,6),(16,2))),(((18,(23,26)),(8,(27,28))),((12,9),(14,(10,22))))),((((3,(21,25)),15),19),20)),(11,(4,1)),((29,5),24));

STEP 78 [Heur. uSPR MS_RF -> NNI_Substep_61] - Distance: 66.0000
((((((13,(17,7)),((30,6),(16,2))),(((18,(23,26)),(8,(27,28))),((12,9),(14,(10,22))))),20),(((3,(21,25)),15),19)),(11,(4,1)),((29,5),24));

STEP 79 [Heur. uSPR MS_RF -> NNI_Substep_62] - Distance: 62.0000
((((((13,(17,7)),((30,6),(16,2))),(((18,(23,26)),(8,(27,28))),((12,9),(14,(10,22))))),(((3,(21,25)),15),19)),20),(11,(4,1)),((29,5),24));

STEP 80 [Heur. uSPR MS_RF -> NNI_Substep_63] - Distance: 58.0000
((((((13,(17,7)),((30,6),(16,2))),(((3,(21,25)),15),19)),(((18,(23,26)),(8,(27,28))),((12,9),(14,(10,22))))),20),(11,(4,1)),((29,5),24));

STEP 81 [Heur. uSPR MS_RF -> NNI_Substep_64] - Distance: 49.0000
((((((13,(17,7)),(((3,(21,25)),15),19)),((30,6),(16,2))),(((18,(23,26)),(8,(27,28))),((12,9),(14,(10,22))))),20),(11,(4,1)),((29,5),24));

STEP 82 [Heur. uSPR MS_RF -> NNI_Substep_65] - Distance: 47.0000
(((((13,((17,7),(((3,(21,25)),15),19))),((30,6),(16,2))),(((18,(23,26)),(8,(27,28))),((12,9),(14,(10,22))))),20),(11,(4,1)),((29,5),24));

STEP 83 [Heur. uSPR MS_RF -> NNI_Substep_66] - Distance: 46.0000
(((((((17,7),(((3,(21,25)),15),19)),((30,6),(16,2))),13),(((18,(23,26)),(8,(27,28))),((12,9),(14,(10,22))))),20),(11,(4,1)),((29,5),24));

STEP 84 [Heur. uSPR MS_RF -> NNI_Substep_67] - Distance: 46.0000
(((((((17,7),(((3,(21,25)),15),19)),((30,6),(16,2))),(((18,(23,26)),(8,(27,28))),((12,9),(14,(10,22))))),13),20),(11,(4,1)),((29,5),24));

STEP 85 [Heur. uSPR MS_RF -> NNI_Substep_68] - Distance: 50.0000
((((((17,7),(((3,(21,25)),15),19)),((30,6),(16,2))),((((18,(23,26)),(8,(27,28))),((12,9),(14,(10,22)))),13)),20),(11,(4,1)),((29,5),24));

STEP 86 [Heur. uSPR MS_RF -> NNI_Substep_69] - Distance: 45.0000
((((((17,7),(((3,(21,25)),15),19)),((30,6),(16,2))),(((18,(23,26)),(8,(27,28))),(((12,9),(14,(10,22))),13))),20),(11,(4,1)),((29,5),24));

STEP 87 [Heur. uSPR MS_RF -> NNI_Substep_70] - Distance: 43.0000
((((((17,7),(((3,(21,25)),15),19)),((30,6),(16,2))),(((18,(23,26)),(8,(27,28))),(((12,9),13),(14,(10,22))))),20),(11,(4,1)),((29,5),24));

STEP 88 [Heur. uSPR MS_RF -> NNI_Substep_71] - Distance: 41.0000
((((((17,7),(((3,(21,25)),15),19)),((30,6),(16,2))),(((18,(23,26)),(8,(27,28))),((12,(9,13)),(14,(10,22))))),20),(11,(4,1)),((29,5),24));

STEP 89 [Heur. uSPR MS_RF -> NNI_Substep_72] - Distance: 44.0000
((((((17,7),(((3,(21,25)),15),19)),((30,6),(16,2))),(((18,(23,26)),(8,(27,28))),((12,(14,(10,22))),(9,13)))),20),(11,(4,1)),((29,5),24));

STEP 90 [Heur. uSPR MS_RF -> NNI_Substep_73] - Distance: 41.0000
((((((17,7),(((3,(21,25)),15),19)),((30,6),(16,2))),(((18,(23,26)),(8,(27,28))),(12,((14,(10,22)),(9,13))))),20),(11,(4,1)),((29,5),24));

STEP 91 [Heur. uSPR MS_RF -> NNI_Substep_74] - Distance: 37.0000
((((((17,7),(((3,(21,25)),15),19)),((30,6),(16,2))),(((18,(23,26)),(8,(27,28))),(12,((14,(9,13)),(10,22))))),20),(11,(4,1)),((29,5),24));

STEP 92 [Heur. uSPR MS_RF -> NNI_Substep_75] - Distance: 39.0000
((((((17,7),(((3,(21,25)),15),19)),((30,6),(16,2))),((((23,26),(8,(27,28))),18),(12,((14,(9,13)),(10,22))))),20),(11,(4,1)),((29,5),24));

STEP 93 [Heur. uSPR MS_RF -> NNI_Substep_76] - Distance: 44.0000
((((((17,7),(((3,(21,25)),15),19)),((30,6),(16,2))),((((23,26),(8,(27,28))),(12,((14,(9,13)),(10,22)))),18)),20),(11,(4,1)),((29,5),24));

STEP 94 [Heur. uSPR MS_RF -> NNI_Substep_77] - Distance: 38.0000
((((((17,7),(((3,(21,25)),15),19)),((30,6),(16,2))),(((23,26),(8,(27,28))),((12,((14,(9,13)),(10,22))),18))),20),(11,(4,1)),((29,5),24));

STEP 95 [Heur. uSPR MS_RF -> NNI_Substep_78] - Distance: 32.0000
((((((17,7),(((3,(21,25)),15),19)),((30,6),(16,2))),(((23,26),(8,(27,28))),((12,18),((14,(9,13)),(10,22))))),20),(11,(4,1)),((29,5),24));

STEP 96 [Heur. uSPR MS_RF -> NNI_Substep_79] - Distance: 35.0000
(((((((17,7),(((3,(21,25)),15),19)),(30,6)),(16,2)),(((23,26),(8,(27,28))),((12,18),((14,(9,13)),(10,22))))),20),(11,(4,1)),((29,5),24));

STEP 97 [Heur. uSPR MS_RF -> NNI_Substep_80] - Distance: 31.0000
(((((((17,7),(((3,(21,25)),15),19)),(30,6)),(((23,26),(8,(27,28))),((12,18),((14,(9,13)),(10,22))))),(16,2)),20),(11,(4,1)),((29,5),24));

STEP 98 [Heur. uSPR MS_RF -> NNI_Substep_81] - Distance: 38.0000
((((((17,7),(((3,(21,25)),15),19)),(30,6)),((((23,26),(8,(27,28))),((12,18),((14,(9,13)),(10,22)))),(16,2))),20),(11,(4,1)),((29,5),24));

STEP 99 [Heur. uSPR MS_RF -> NNI_Substep_82] - Distance: 33.0000
((((((17,7),(((3,(21,25)),15),19)),(30,6)),((((23,26),(8,(27,28))),(16,2)),((12,18),((14,(9,13)),(10,22))))),20),(11,(4,1)),((29,5),24));

STEP 100 [Heur. uSPR MS_RF -> NNI_Substep_83] - Distance: 31.0000
((((((17,7),(((3,(21,25)),15),19)),(30,6)),(((23,26),((8,(27,28)),(16,2))),((12,18),((14,(9,13)),(10,22))))),20),(11,(4,1)),((29,5),24));

STEP 101 [Heur. uSPR MS_RF -> NNI_Substep_84] - Distance: 29.0000
((((((17,7),(((3,(21,25)),15),19)),(30,6)),(((23,26),((8,(16,2)),(27,28))),((12,18),((14,(9,13)),(10,22))))),20),(11,(4,1)),((29,5),24));

STEP 102 [Heur. uSPR MS_RF -> NNI_Substep_85] - Distance: 31.0000
((((((17,7),(((3,(21,25)),15),19)),(30,6)),(((23,26),(((8,(16,2)),28),27)),((12,18),((14,(9,13)),(10,22))))),20),(11,(4,1)),((29,5),24));

STEP 103 [Heur. uSPR MS_RF -> NNI_Substep_86] - Distance: 32.0000
((((((17,7),(((3,(21,25)),15),19)),(30,6)),((((23,26),((8,(16,2)),28)),27),((12,18),((14,(9,13)),(10,22))))),20),(11,(4,1)),((29,5),24));

STEP 104 [Heur. uSPR MS_RF -> NNI_Substep_87] - Distance: 29.0000
((((((17,7),(((3,(21,25)),15),19)),(30,6)),((((23,26),27),((8,(16,2)),28)),((12,18),((14,(9,13)),(10,22))))),20),(11,(4,1)),((29,5),24));

STEP 105 [Heur. uSPR MS_RF -> NNI_Substep_88] - Distance: 27.0000
((((((17,7),(((3,(21,25)),15),19)),(30,6)),(((23,(26,27)),((8,(16,2)),28)),((12,18),((14,(9,13)),(10,22))))),20),(11,(4,1)),((29,5),24));

STEP 106 [Heur. uSPR MS_RF -> NNI_Substep_89] - Distance: 29.0000
((((((17,7),(((3,(21,25)),15),19)),(30,6)),((((8,(16,2)),28),((12,18),((14,(9,13)),(10,22)))),(23,(26,27)))),20),(11,(4,1)),((29,5),24));

STEP 107 [Heur. uSPR MS_RF -> NNI_Substep_90] - Distance: 32.0000
((((((17,7),(((3,(21,25)),15),19)),(30,6)),20),((((8,(16,2)),28),((12,18),((14,(9,13)),(10,22)))),(23,(26,27)))),(11,(4,1)),((29,5),24));

STEP 108 [Heur. uSPR MS_RF -> NNI_Substep_91] - Distance: 21.0000
((((((8,(16,2)),28),((12,18),((14,(9,13)),(10,22)))),((((17,7),(((3,(21,25)),15),19)),(30,6)),20)),(23,(26,27))),(11,(4,1)),((29,5),24));

STEP 109 [Heur. uSPR MS_RF -> NNI_Substep_92] - Distance: 18.0000
((((((8,(16,2)),28),((((17,7),(((3,(21,25)),15),19)),(30,6)),20)),((12,18),((14,(9,13)),(10,22)))),(23,(26,27))),(11,(4,1)),((29,5),24));

STEP 110 [Heur. uSPR MS_RF -> NNI_Substep_93] - Distance: 11.0000
(((23,((((8,(16,2)),28),((((17,7),(((3,(21,25)),15),19)),(30,6)),20)),((12,18),((14,(9,13)),(10,22))))),(26,27)),(11,(4,1)),((29,5),24));

STEP 111 [Heur. uSPR MS_RF -> NNI_Substep_94] - Distance: 4.0000
((11,(4,1)),((29,5),24),((26,27),(23,(((20,((8,(16,2)),28)),(((17,7),(((3,(21,25)),15),19)),(30,6))),((12,18),((14,(9,13)),(10,22)))))));

STEP 112 [Heur. uSPR MS_RF -> NNI_Substep_95] - Distance: 0.0000
((11,(4,1)),((29,5),24),((26,27),(23,(((12,18),((14,(9,13)),(10,22))),((((17,7),(((3,(21,25)),15),19)),(30,6)),((20,28),(8,(16,2))))))));

========================================================
[FINAL] Total Steps: 112 | Final Distance: 0.0000
========================================================
