========================================================
HEURISTIC TRAJECTORY: VND Classic (MC)
========================================================
STEP 0 [START] - Distance: 148.0000
((((8,(5,25)),((((10,(13,26)),(14,(1,18))),(16,19)),(6,(28,21)))),(2,(15,(12,29)))),(((7,(3,20)),((4,9),(30,24))),((11,(27,23)),(22,17))));

STEP 1 [NNI_ClassicHeuristic_MC -> NNI_Substep_1] - Distance: 142.0000
(((((7,(3,20)),((4,9),(30,24))),((11,(22,17)),(27,23))),(2,(15,(12,29)))),((8,(5,25)),((((10,(13,26)),(14,(1,18))),(16,19)),(6,(28,21)))));

STEP 2 [NNI_ClassicHeuristic_MC -> NNI_Substep_2] - Distance: 140.0000
((((((11,(22,17)),(27,23)),((4,9),(30,24))),(7,(3,20))),(2,(15,(12,29)))),((8,(5,25)),((((10,(13,26)),(14,(1,18))),(16,19)),(6,(28,21)))));

STEP 3 [NNI_ClassicHeuristic_MC -> NNI_Substep_3] - Distance: 139.0000
((((((11,(22,17)),(27,23)),(((30,24),9),4)),(7,(3,20))),(2,(15,(12,29)))),((8,(5,25)),((((10,(13,26)),(14,(1,18))),(16,19)),(6,(28,21)))));

STEP 4 [NNI_ClassicHeuristic_MC -> NNI_Substep_4] - Distance: 138.0000
((((((11,(22,17)),(27,23)),(((30,24),9),4)),(7,(3,20))),((12,29),(15,2))),((8,(5,25)),((((10,(13,26)),(14,(1,18))),(16,19)),(6,(28,21)))));

STEP 5 [NNI_ClassicHeuristic_MC -> NNI_Substep_5] - Distance: 137.0000
((((((11,(22,17)),(27,23)),(((30,24),9),4)),(7,(3,20))),((12,29),(15,2))),((8,(5,25)),((((10,(13,26)),(14,(1,18))),(6,(28,21))),(16,19))));

STEP 6 [2sECR_ClassicHeuristic_MC -> NNI_Substep_1] - Distance: 138.0000
(((((11,(22,17)),((27,23),(((30,24),9),4))),(7,(3,20))),((12,29),(15,2))),((8,(5,25)),((((10,(13,26)),(14,(1,18))),(6,(28,21))),(16,19))));

STEP 7 [2sECR_ClassicHeuristic_MC -> NNI_Substep_2] - Distance: 135.0000
(((((11,(22,17)),(((30,24),9),((27,23),4))),(7,(3,20))),((12,29),(15,2))),((8,(5,25)),((((10,(13,26)),(14,(1,18))),(6,(28,21))),(16,19))));

STEP 8 [2sECR_ClassicHeuristic_MC -> NNI_Substep_3] - Distance: 133.0000
(((((11,(22,17)),(((30,24),9),(27,(4,23)))),(7,(3,20))),((12,29),(15,2))),((8,(5,25)),((((10,(13,26)),(14,(1,18))),(6,(28,21))),(16,19))));

STEP 9 [2sECR_ClassicHeuristic_MC -> NNI_Substep_4] - Distance: 134.0000
(((((11,(22,17)),((4,23),(((30,24),9),27))),(7,(3,20))),((12,29),(15,2))),((8,(5,25)),((((10,(13,26)),(14,(1,18))),(6,(28,21))),(16,19))));

STEP 10 [2sECR_ClassicHeuristic_MC -> NNI_Substep_5] - Distance: 131.0000
((((((11,(22,17)),(4,23)),(((30,24),9),27)),(7,(3,20))),((12,29),(15,2))),((8,(5,25)),((((10,(13,26)),(14,(1,18))),(6,(28,21))),(16,19))));

STEP 11 [2sECR_ClassicHeuristic_MC -> NNI_Substep_6] - Distance: 131.0000
((((((22,(11,17)),(4,23)),(((30,24),9),27)),(7,(3,20))),((12,29),(15,2))),((8,(5,25)),((((10,(13,26)),(14,(1,18))),(6,(28,21))),(16,19))));

STEP 12 [2sECR_ClassicHeuristic_MC -> NNI_Substep_7] - Distance: 129.0000
((((((11,17),((4,23),22)),(((30,24),9),27)),(7,(3,20))),((12,29),(15,2))),((8,(5,25)),((((10,(13,26)),(14,(1,18))),(6,(28,21))),(16,19))));

STEP 13 [2sECR_ClassicHeuristic_MC -> NNI_Substep_8] - Distance: 131.0000
(((((11,17),((((30,24),9),27),((4,23),22))),(7,(3,20))),((12,29),(15,2))),((8,(5,25)),((((10,(13,26)),(14,(1,18))),(6,(28,21))),(16,19))));

STEP 14 [2sECR_ClassicHeuristic_MC -> NNI_Substep_9] - Distance: 127.0000
(((((((30,24),9),27),((4,23),22)),((7,(3,20)),(11,17))),((12,29),(15,2))),((8,(5,25)),((((10,(13,26)),(14,(1,18))),(6,(28,21))),(16,19))));

STEP 15 [2sECR_ClassicHeuristic_MC -> NNI_Substep_10] - Distance: 127.0000
(((((((30,24),9),27),((4,23),22)),((7,(3,20)),(11,17))),((12,29),(15,2))),((8,(5,25)),(((28,21),(6,((10,(13,26)),(14,(1,18))))),(16,19))));

STEP 16 [2sECR_ClassicHeuristic_MC -> NNI_Substep_11] - Distance: 125.0000
(((((((30,24),9),27),((4,23),22)),((7,(3,20)),(11,17))),((12,29),(15,2))),((8,(5,25)),(((28,21),((10,(13,26)),((14,(1,18)),6))),(16,19))));

STEP 17 [2sECR_ClassicHeuristic_MC -> NNI_Substep_12] - Distance: 125.0000
(((((((30,24),9),27),((4,23),22)),((7,(3,20)),(11,17))),((12,29),(15,2))),((8,(5,25)),(((28,21),((14,(1,18)),(6,(10,(13,26))))),(16,19))));

STEP 18 [2sECR_ClassicHeuristic_MC -> NNI_Substep_13] - Distance: 122.0000
(((((((30,24),9),27),((4,23),22)),((7,(3,20)),(11,17))),((12,29),(15,2))),((8,(5,25)),(((28,21),((14,(1,18)),((13,26),(10,6)))),(16,19))));

STEP 19 [2sECR_ClassicHeuristic_MC -> NNI_Substep_14] - Distance: 123.0000
(((((((30,24),9),27),((4,23),22)),((7,(3,20)),(11,17))),((12,29),(15,2))),((8,(5,25)),(((14,(1,18)),((13,26),(10,6))),((16,19),(28,21)))));

STEP 20 [2sECR_ClassicHeuristic_MC -> NNI_Substep_15] - Distance: 120.0000
(((((((30,24),9),27),((4,23),22)),((7,(3,20)),(11,17))),((12,29),(15,2))),(((8,(5,25)),((14,(1,18)),((13,26),(10,6)))),((16,19),(28,21))));

STEP 21 [2sECR_ClassicHeuristic_MC -> NNI_Substep_16] - Distance: 122.0000
(((((((30,24),9),27),((4,23),22)),((7,(3,20)),(11,17))),((12,29),(15,2))),((8,((5,25),((14,(1,18)),((13,26),(10,6))))),((16,19),(28,21))));

STEP 22 [2sECR_ClassicHeuristic_MC -> NNI_Substep_17] - Distance: 122.0000
(((((((30,24),9),27),((4,23),22)),((7,(3,20)),(11,17))),((12,29),(15,2))),((8,(((13,26),(10,6)),((5,25),(14,(1,18))))),((16,19),(28,21))));

STEP 23 [2sECR_ClassicHeuristic_MC -> NNI_Substep_18] - Distance: 118.0000
(((((((30,24),9),27),((4,23),22)),((7,(3,20)),(11,17))),((12,29),(15,2))),(((8,((13,26),(10,6))),((5,25),(14,(1,18)))),((16,19),(28,21))));

STEP 24 [2sECR_ClassicHeuristic_MC -> NNI_Substep_19] - Distance: 119.0000
(((((((30,24),9),27),((4,23),22)),((7,(3,20)),(11,17))),((12,29),(15,2))),(((8,(13,((10,6),26))),((5,25),(14,(1,18)))),((16,19),(28,21))));

STEP 25 [2sECR_ClassicHeuristic_MC -> NNI_Substep_20] - Distance: 117.0000
(((((((30,24),9),27),((4,23),22)),((7,(3,20)),(11,17))),((12,29),(15,2))),(((13,(8,((10,6),26))),((5,25),(14,(1,18)))),((16,19),(28,21))));

STEP 26 [2sECR_ClassicHeuristic_MC -> NNI_Substep_21] - Distance: 114.0000
(((((((30,24),9),27),((4,23),22)),((7,(3,20)),(11,17))),((12,29),(15,2))),(((13,((10,6),(8,26))),((5,25),(14,(1,18)))),((16,19),(28,21))));

STEP 27 [2sECR_ClassicHeuristic_MC -> NNI_Substep_22] - Distance: 112.0000
((((((30,(9,24)),27),((4,23),22)),((7,(3,20)),(11,17))),((12,29),(15,2))),(((13,((10,6),(8,26))),((5,25),(14,(1,18)))),((16,19),(28,21))));

STEP 28 [2sECR_ClassicHeuristic_MC -> NNI_Substep_23] - Distance: 113.0000
((((((30,(9,24)),27),((4,23),22)),((7,(3,20)),(11,17))),((12,29),(15,2))),((13,((10,6),(8,26))),(((5,25),(14,(1,18))),((16,19),(28,21)))));

STEP 29 [2sECR_ClassicHeuristic_MC -> NNI_Substep_24] - Distance: 112.0000
((((((30,(9,24)),27),((4,23),22)),((7,(3,20)),(11,17))),((12,29),(15,2))),((13,((10,6),(8,26))),((16,19),(((5,25),(14,(1,18))),(28,21)))));

STEP 30 [2sECR_ClassicHeuristic_MC -> NNI_Substep_25] - Distance: 110.0000
((((((30,(9,24)),27),((4,23),22)),((7,(3,20)),(11,17))),((12,29),(15,2))),(((13,((10,6),(8,26))),(16,19)),(((5,25),(14,(1,18))),(28,21))));

STEP 31 [2sECR_ClassicHeuristic_MC -> NNI_Substep_26] - Distance: 113.0000
(((((30,(9,24)),27),((4,23),22)),((7,(3,20)),(11,17))),(((13,((10,6),(8,26))),(16,19)),(((12,29),(15,2)),(((5,25),(14,(1,18))),(28,21)))));

STEP 32 [2sECR_ClassicHeuristic_MC -> NNI_Substep_27] - Distance: 107.0000
((((11,17),((((30,(9,24)),27),((4,23),22)),(7,(3,20)))),((13,((10,6),(8,26))),(16,19))),(((12,29),(15,2)),(((5,25),(14,(1,18))),(28,21))));

STEP 33 [2sECR_ClassicHeuristic_MC -> NNI_Substep_28] - Distance: 100.0000
((((((30,(9,24)),27),((4,23),22)),(7,(3,20))),(((13,((10,6),(8,26))),(16,19)),(11,17))),(((12,29),(15,2)),(((5,25),(14,(1,18))),(28,21))));

STEP 34 [2sECR_ClassicHeuristic_MC -> NNI_Substep_29] - Distance: 99.0000
((((((30,(9,24)),27),((4,23),22)),(7,(3,20))),(((13,((10,6),(8,26))),(16,19)),(11,17))),((15,2),((12,29),(((5,25),(14,(1,18))),(28,21)))));

STEP 35 [2sECR_ClassicHeuristic_MC -> NNI_Substep_30] - Distance: 96.0000
((((((30,(9,24)),27),((4,23),22)),(7,(3,20))),(((13,((10,6),(8,26))),(16,19)),(11,17))),((15,2),(((5,25),(14,(1,18))),((12,29),(28,21)))));

STEP 36 [2sECR_ClassicHeuristic_MC -> NNI_Substep_31] - Distance: 96.0000
((((((30,(9,24)),27),((4,23),22)),(7,(3,20))),(((13,((10,6),(8,26))),(16,19)),(11,17))),((15,2),((5,((14,(1,18)),25)),((12,29),(28,21)))));

STEP 37 [2sECR_ClassicHeuristic_MC -> NNI_Substep_32] - Distance: 93.0000
((((((30,(9,24)),27),((4,23),22)),(7,(3,20))),(((13,((10,6),(8,26))),(16,19)),(11,17))),((15,2),((((12,29),(28,21)),((14,(1,18)),25)),5)));

STEP 38 [2sECR_ClassicHeuristic_MC -> NNI_Substep_33] - Distance: 91.0000
((((((30,(9,24)),27),((4,23),22)),(7,(3,20))),(((11,17),(13,((10,6),(8,26)))),(16,19))),((15,2),((((12,29),(28,21)),((14,(1,18)),25)),5)));

STEP 39 [2sECR_ClassicHeuristic_MC -> NNI_Substep_34] - Distance: 92.0000
((((((30,(9,24)),27),((4,23),22)),(7,(3,20))),(((11,17),(13,((10,6),(8,26)))),(16,19))),((15,2),(((14,(1,18)),(25,((12,29),(28,21)))),5)));

STEP 40 [2sECR_ClassicHeuristic_MC -> NNI_Substep_35] - Distance: 89.0000
((((((30,(9,24)),27),((4,23),22)),(7,(3,20))),(((11,17),(13,((10,6),(8,26)))),(16,19))),((15,2),(((14,(1,18)),((28,21),((12,29),25))),5)));

STEP 41 [2sECR_ClassicHeuristic_MC -> NNI_Substep_36] - Distance: 87.0000
((((((30,(9,24)),27),((4,23),22)),(7,(3,20))),(((11,17),(13,((10,6),(8,26)))),(16,19))),((15,2),(((14,(1,18)),((28,21),(12,(25,29)))),5)));

STEP 42 [2sECR_ClassicHeuristic_MC -> NNI_Substep_37] - Distance: 95.0000
(((((30,(9,24)),27),((4,23),22)),((7,(3,20)),(((11,17),(13,((10,6),(8,26)))),(16,19)))),((15,2),(((14,(1,18)),((28,21),(12,(25,29)))),5)));

STEP 43 [2sECR_ClassicHeuristic_MC -> NNI_Substep_38] - Distance: 94.0000
(((((30,(9,24)),27),((4,23),22)),((16,19),((7,(3,20)),((11,17),(13,((10,6),(8,26))))))),((15,2),(((14,(1,18)),((28,21),(12,(25,29)))),5)));

STEP 44 [2sECR_ClassicHeuristic_MC -> NNI_Substep_39] - Distance: 85.0000
((((((30,(9,24)),27),((4,23),22)),(16,19)),((7,(3,20)),((11,17),(13,((10,6),(8,26)))))),((15,2),(((14,(1,18)),((28,21),(12,(25,29)))),5)));

STEP 45 [3sECR_ClassicHeuristic_MC -> NNI_Substep_1] - Distance: 89.0000
((((((30,(9,24)),27),((4,23),22)),(16,19)),(7,((3,20),((11,17),(13,((10,6),(8,26))))))),((15,2),(((14,(1,18)),((28,21),(12,(25,29)))),5)));

STEP 46 [3sECR_ClassicHeuristic_MC -> NNI_Substep_2] - Distance: 87.0000
((((((30,(9,24)),27),((4,23),22)),(16,19)),(7,((3,20),(((11,17),13),((10,6),(8,26)))))),((15,2),(((14,(1,18)),((28,21),(12,(25,29)))),5)));

STEP 47 [3sECR_ClassicHeuristic_MC -> NNI_Substep_3] - Distance: 84.0000
((((((30,(9,24)),27),((4,23),22)),(16,19)),(7,(((3,20),((10,6),(8,26))),((11,17),13)))),((15,2),(((14,(1,18)),((28,21),(12,(25,29)))),5)));

STEP 48 [3sECR_ClassicHeuristic_MC -> NNI_Substep_4] - Distance: 87.0000
((((((30,(9,24)),27),((4,23),22)),(16,19)),(7,((((3,20),((10,6),(8,26))),(11,17)),13))),((15,2),(((14,(1,18)),((28,21),(12,(25,29)))),5)));

STEP 49 [3sECR_ClassicHeuristic_MC -> NNI_Substep_5] - Distance: 80.0000
((((((30,(9,24)),27),((4,23),22)),(16,19)),((7,13),(((3,20),((10,6),(8,26))),(11,17)))),((15,2),(((14,(1,18)),((28,21),(12,(25,29)))),5)));

STEP 50 [3sECR_ClassicHeuristic_MC -> NNI_Substep_6] - Distance: 95.0000
(((((30,(9,24)),27),((4,23),22)),(16,19)),((7,13),((((3,20),((10,6),(8,26))),(11,17)),((15,2),(((14,(1,18)),((28,21),(12,(25,29)))),5)))));

STEP 51 [3sECR_ClassicHeuristic_MC -> NNI_Substep_7] - Distance: 92.0000
(((((30,(9,24)),27),((4,23),22)),(16,19)),((7,13),(((((3,20),((10,6),(8,26))),(11,17)),(15,2)),(((14,(1,18)),((28,21),(12,(25,29)))),5))));

STEP 52 [3sECR_ClassicHeuristic_MC -> NNI_Substep_8] - Distance: 84.0000
(((((30,(9,24)),27),((4,23),22)),(16,19)),(((7,13),(((14,(1,18)),((28,21),(12,(25,29)))),5)),((((3,20),((10,6),(8,26))),(11,17)),(15,2))));

STEP 53 [3sECR_ClassicHeuristic_MC -> NNI_Substep_9] - Distance: 67.0000
((((((30,(9,24)),27),((4,23),22)),(16,19)),((((3,20),((10,6),(8,26))),(11,17)),(15,2))),(((7,13),((14,(1,18)),((28,21),(12,(25,29))))),5));

STEP 54 [3sECR_ClassicHeuristic_MC -> NNI_Substep_10] - Distance: 68.0000
((((16,19),(((4,23),22),((27,30),(9,24)))),((((3,20),((10,6),(8,26))),(11,17)),(15,2))),(((7,13),((14,(1,18)),((28,21),(12,(25,29))))),5));

STEP 55 [3sECR_ClassicHeuristic_MC -> NNI_Substep_11] - Distance: 71.0000
(((((16,19),((27,30),(9,24))),((4,23),22)),((((3,20),((10,6),(8,26))),(11,17)),(15,2))),(((7,13),((14,(1,18)),((28,21),(12,(25,29))))),5));

STEP 56 [3sECR_ClassicHeuristic_MC -> NNI_Substep_12] - Distance: 71.0000
((((((16,19),(9,24)),(27,30)),((4,23),22)),((((3,20),((10,6),(8,26))),(11,17)),(15,2))),(((7,13),((14,(1,18)),((28,21),(12,(25,29))))),5));

STEP 57 [3sECR_ClassicHeuristic_MC -> NNI_Substep_13] - Distance: 68.0000
(((((((16,19),(9,24)),27),30),((4,23),22)),((((3,20),((10,6),(8,26))),(11,17)),(15,2))),(((7,13),((14,(1,18)),((28,21),(12,(25,29))))),5));

STEP 58 [3sECR_ClassicHeuristic_MC -> NNI_Substep_14] - Distance: 64.0000
(((((((16,19),(9,24)),27),((4,23),22)),30),((((3,20),((10,6),(8,26))),(11,17)),(15,2))),(((7,13),((14,(1,18)),((28,21),(12,(25,29))))),5));

STEP 59 [3sECR_ClassicHeuristic_MC -> NNI_Substep_15] - Distance: 74.0000
((((((16,19),(9,24)),27),((4,23),22)),(30,((((3,20),((10,6),(8,26))),(11,17)),(15,2)))),(((7,13),((14,(1,18)),((28,21),(12,(25,29))))),5));

STEP 60 [3sECR_ClassicHeuristic_MC -> NNI_Substep_16] - Distance: 79.0000
((((((16,19),(9,24)),27),((4,23),22)),(30,(((((3,20),((10,6),(8,26))),(11,17)),15),2))),(((7,13),((14,(1,18)),((28,21),(12,(25,29))))),5));

STEP 61 [3sECR_ClassicHeuristic_MC -> NNI_Substep_17] - Distance: 77.0000
((((((16,19),(9,24)),27),((4,23),22)),((30,((((3,20),((10,6),(8,26))),(11,17)),15)),2)),(((7,13),((14,(1,18)),((28,21),(12,(25,29))))),5));

STEP 62 [3sECR_ClassicHeuristic_MC -> NNI_Substep_18] - Distance: 72.0000
((((((16,19),(9,24)),27),((4,23),22)),(((30,15),(((3,20),((10,6),(8,26))),(11,17))),2)),(((7,13),((14,(1,18)),((28,21),(12,(25,29))))),5));

STEP 63 [3sECR_ClassicHeuristic_MC -> NNI_Substep_19] - Distance: 60.0000
(((((((16,19),(9,24)),27),((4,23),22)),2),((30,15),(((3,20),((10,6),(8,26))),(11,17)))),(((7,13),((14,(1,18)),((28,21),(12,(25,29))))),5));

STEP 64 [3sECR_ClassicHeuristic_MC -> NNI_Substep_20] - Distance: 65.0000
(((((((16,19),(9,24)),27),((4,23),22)),2),((30,15),((((3,20),((10,6),(8,26))),11),17))),(((7,13),((14,(1,18)),((28,21),(12,(25,29))))),5));

STEP 65 [3sECR_ClassicHeuristic_MC -> NNI_Substep_21] - Distance: 62.0000
(((((((16,19),(9,24)),27),((4,23),22)),2),(((30,15),(((3,20),((10,6),(8,26))),11)),17)),(((7,13),((14,(1,18)),((28,21),(12,(25,29))))),5));

STEP 66 [3sECR_ClassicHeuristic_MC -> NNI_Substep_22] - Distance: 56.0000
(((((((16,19),(9,24)),27),((4,23),22)),2),((((30,15),11),((3,20),((10,6),(8,26)))),17)),(((7,13),((14,(1,18)),((28,21),(12,(25,29))))),5));

STEP 67 [3sECR_ClassicHeuristic_MC -> NNI_Substep_23] - Distance: 57.0000
(((((27,(16,(19,(9,24)))),((4,23),22)),2),((((30,15),11),((3,20),((10,6),(8,26)))),17)),(((7,13),((14,(1,18)),((28,21),(12,(25,29))))),5));

STEP 68 [3sECR_ClassicHeuristic_MC -> NNI_Substep_24] - Distance: 55.0000
(((((27,(16,((19,9),24))),((4,23),22)),2),((((30,15),11),((3,20),((10,6),(8,26)))),17)),(((7,13),((14,(1,18)),((28,21),(12,(25,29))))),5));

STEP 69 [3sECR_ClassicHeuristic_MC -> NNI_Substep_25] - Distance: 53.0000
((((((27,16),((19,9),24)),((4,23),22)),2),((((30,15),11),((3,20),((10,6),(8,26)))),17)),(((7,13),((14,(1,18)),((28,21),(12,(25,29))))),5));

STEP 70 [3sECR_ClassicHeuristic_MC -> NNI_Substep_26] - Distance: 55.0000
(((2,(((4,23),22),((((19,9),24),27),16))),((((30,15),11),((3,20),((10,6),(8,26)))),17)),(((7,13),((14,(1,18)),((28,21),(12,(25,29))))),5));

STEP 71 [3sECR_ClassicHeuristic_MC -> NNI_Substep_27] - Distance: 57.0000
(((2,((((4,23),22),(((19,9),24),27)),16)),((((30,15),11),((3,20),((10,6),(8,26)))),17)),(((7,13),((14,(1,18)),((28,21),(12,(25,29))))),5));

STEP 72 [3sECR_ClassicHeuristic_MC -> NNI_Substep_28] - Distance: 51.0000
((((2,16),(((4,23),22),(((19,9),24),27))),((((30,15),11),((3,20),((10,6),(8,26)))),17)),(((7,13),((14,(1,18)),((28,21),(12,(25,29))))),5));

STEP 73 [3sECR_ClassicHeuristic_MC -> NNI_Substep_29] - Distance: 54.0000
((((2,16),(((4,23),22),(((19,9),24),27))),(17,(((30,15),11),((((10,6),(8,26)),3),20)))),(((7,13),((14,(1,18)),((28,21),(12,(25,29))))),5));

STEP 74 [3sECR_ClassicHeuristic_MC -> NNI_Substep_30] - Distance: 56.0000
((((2,16),(((4,23),22),(((19,9),24),27))),(17,((((30,15),11),(((10,6),(8,26)),3)),20))),(((7,13),((14,(1,18)),((28,21),(12,(25,29))))),5));

STEP 75 [3sECR_ClassicHeuristic_MC -> NNI_Substep_31] - Distance: 49.0000
((((2,16),(((4,23),22),(((19,9),24),27))),((17,20),(((30,15),11),(((10,6),(8,26)),3)))),(((7,13),((14,(1,18)),((28,21),(12,(25,29))))),5));

STEP 76 [3sECR_ClassicHeuristic_MC -> NNI_Substep_32] - Distance: 49.0000
((((2,16),(((4,23),22),(((19,9),24),27))),((17,20),(((11,30),15),(((10,6),(8,26)),3)))),(((7,13),((14,(1,18)),((28,21),(12,(25,29))))),5));

STEP 77 [3sECR_ClassicHeuristic_MC -> NNI_Substep_33] - Distance: 50.0000
((((2,16),(((4,23),22),(((19,9),24),27))),((17,20),((11,30),(15,(((10,6),(8,26)),3))))),(((7,13),((14,(1,18)),((28,21),(12,(25,29))))),5));

STEP 78 [3sECR_ClassicHeuristic_MC -> NNI_Substep_34] - Distance: 47.0000
((((2,16),(((4,23),22),(((19,9),24),27))),((17,20),((11,30),((15,3),((10,6),(8,26)))))),(((7,13),((14,(1,18)),((28,21),(12,(25,29))))),5));

STEP 79 [3sECR_ClassicHeuristic_MC -> NNI_Substep_35] - Distance: 48.0000
((((2,16),(((4,23),22),(((19,9),24),27))),((17,20),((11,30),((15,((8,26),(10,6))),3)))),(((7,13),((14,(1,18)),((28,21),(12,(25,29))))),5));

STEP 80 [3sECR_ClassicHeuristic_MC -> NNI_Substep_36] - Distance: 45.0000
((((2,16),(((4,23),22),(((19,9),24),27))),((17,20),((11,30),(((15,(10,6)),(8,26)),3)))),(((7,13),((14,(1,18)),((28,21),(12,(25,29))))),5));

STEP 81 [3sECR_ClassicHeuristic_MC -> NNI_Substep_37] - Distance: 43.0000
((((2,16),(((4,23),22),(((19,9),24),27))),((17,20),((11,30),((((15,6),10),(8,26)),3)))),(((7,13),((14,(1,18)),((28,21),(12,(25,29))))),5));

STEP 82 [3sECR_ClassicHeuristic_MC -> NNI_Substep_38] - Distance: 43.0000
((((2,16),(((4,23),22),(((19,9),24),27))),((17,20),((11,30),((((15,6),10),(8,26)),3)))),(((7,13),(((14,1),18),((28,21),(12,(25,29))))),5));

STEP 83 [3sECR_ClassicHeuristic_MC -> NNI_Substep_39] - Distance: 44.0000
((((2,16),(((4,23),22),(((19,9),24),27))),((17,20),((11,30),((((15,6),10),(8,26)),3)))),(((7,13),((14,1),(18,((28,21),(12,(25,29)))))),5));

STEP 84 [3sECR_ClassicHeuristic_MC -> NNI_Substep_40] - Distance: 41.0000
((((2,16),(((4,23),22),(((19,9),24),27))),((17,20),((11,30),((((15,6),10),(8,26)),3)))),(((7,13),((14,1),((18,(12,(25,29))),(28,21)))),5));

STEP 85 [3sECR_ClassicHeuristic_MC -> NNI_Substep_41] - Distance: 39.0000
((((2,16),(((4,23),22),(((19,9),24),27))),((17,20),((11,30),((((15,6),10),(8,26)),3)))),(((7,13),((14,1),((28,21),((18,(25,29)),12)))),5));

STEP 86 [3sECR_ClassicHeuristic_MC -> NNI_Substep_42] - Distance: 37.0000
((((2,16),(((4,23),22),(((19,9),24),27))),((17,20),((11,30),((((15,6),10),(8,26)),3)))),(((7,13),((14,1),((28,21),(((18,29),25),12)))),5));

STEP 87 [3sECR_ClassicHeuristic_MC -> NNI_Substep_43] - Distance: 42.0000
((((2,16),(((4,23),22),(((19,9),24),27))),((17,20),((11,30),((((15,6),10),(8,26)),3)))),(5,((7,13),((((28,21),(((18,29),25),12)),14),1))));

STEP 88 [3sECR_ClassicHeuristic_MC -> NNI_Substep_44] - Distance: 43.0000
((((2,16),(((4,23),22),(((19,9),24),27))),((17,20),((11,30),((((15,6),10),(8,26)),3)))),(5,(((7,13),(((28,21),(((18,29),25),12)),14)),1)));

STEP 89 [3sECR_ClassicHeuristic_MC -> NNI_Substep_45] - Distance: 35.0000
((((2,16),(((4,23),22),(((19,9),24),27))),((17,20),((11,30),((((15,6),10),(8,26)),3)))),((5,1),((7,13),(((28,21),(((18,29),25),12)),14))));

STEP 90 [3sECR_ClassicHeuristic_MC -> NNI_Substep_46] - Distance: 38.0000
((((2,16),(((4,23),22),(((19,9),24),27))),((17,20),((11,30),((((15,6),10),(8,26)),3)))),((5,1),((7,13),(14,(28,(21,(((18,29),25),12)))))));

STEP 91 [3sECR_ClassicHeuristic_MC -> NNI_Substep_47] - Distance: 34.0000
((((2,16),(((4,23),22),(((19,9),24),27))),((17,20),((11,30),((((15,6),10),(8,26)),3)))),((5,1),((7,13),((14,28),(21,(((18,29),25),12))))));

STEP 92 [3sECR_ClassicHeuristic_MC -> NNI_Substep_48] - Distance: 41.0000
((((2,16),(((4,23),22),(((19,9),24),27))),((((11,30),((((15,6),10),(8,26)),3)),17),20)),((5,1),((7,13),((14,28),(21,(((18,29),25),12))))));

STEP 93 [3sECR_ClassicHeuristic_MC -> NNI_Substep_49] - Distance: 37.0000
(((((2,16),(((4,23),22),(((19,9),24),27))),20),(((11,30),((((15,6),10),(8,26)),3)),17)),((5,1),((7,13),((14,28),(21,(((18,29),25),12))))));

STEP 94 [3sECR_ClassicHeuristic_MC -> NNI_Substep_50] - Distance: 33.0000
(((((2,16),20),(((4,23),22),(((19,9),24),27))),(((11,30),((((15,6),10),(8,26)),3)),17)),((5,1),((7,13),((14,28),(21,(((18,29),25),12))))));

STEP 95 [3sECR_ClassicHeuristic_MC -> NNI_Substep_51] - Distance: 34.0000
((((2,16),(20,(((4,23),22),(((19,9),24),27)))),(((11,30),((((15,6),10),(8,26)),3)),17)),((5,1),((7,13),((14,28),(21,(((18,29),25),12))))));

STEP 96 [3sECR_ClassicHeuristic_MC -> NNI_Substep_52] - Distance: 30.0000
((((2,16),((20,(((19,9),24),27)),((4,23),22))),(((11,30),((((15,6),10),(8,26)),3)),17)),((5,1),((7,13),((14,28),(21,(((18,29),25),12))))));

STEP 97 [3sECR_ClassicHeuristic_MC -> NNI_Substep_53] - Distance: 28.0000
((((2,16),(((20,((19,9),24)),27),((4,23),22))),(((11,30),((((15,6),10),(8,26)),3)),17)),((5,1),((7,13),((14,28),(21,(((18,29),25),12))))));

STEP 98 [3sECR_ClassicHeuristic_MC -> NNI_Substep_54] - Distance: 26.0000
((((2,16),((27,((20,(19,9)),24)),((4,23),22))),(((11,30),((((15,6),10),(8,26)),3)),17)),((5,1),((7,13),((14,28),(21,(((18,29),25),12))))));

STEP 99 [3sECR_ClassicHeuristic_MC -> NNI_Substep_55] - Distance: 30.0000
((((2,16),((27,((20,(19,9)),24)),((4,23),22))),(((11,30),((((15,6),10),(8,26)),3)),17)),((5,1),((7,13),(((21,(((18,29),25),12)),14),28))));

STEP 100 [3sECR_ClassicHeuristic_MC -> NNI_Substep_56] - Distance: 31.0000
((((2,16),((27,((20,(19,9)),24)),((4,23),22))),(((11,30),((((15,6),10),(8,26)),3)),17)),((5,1),(((7,13),((21,(((18,29),25),12)),14)),28)));

STEP 101 [3sECR_ClassicHeuristic_MC -> NNI_Substep_57] - Distance: 25.0000
((((2,16),((27,((20,(19,9)),24)),((4,23),22))),(((11,30),((((15,6),10),(8,26)),3)),17)),(((5,1),28),((7,13),((21,(((18,29),25),12)),14))));

STEP 102 [3sECR_ClassicHeuristic_MC -> NNI_Substep_58] - Distance: 50.0000
((((11,30),((((15,6),10),(8,26)),3)),17),((2,16),(((27,((20,(19,9)),24)),((4,23),22)),(((5,1),28),((7,13),((21,(((18,29),25),12)),14))))));

STEP 103 [3sECR_ClassicHeuristic_MC -> NNI_Substep_59] - Distance: 50.0000
((((11,30),((((15,6),10),(8,26)),3)),17),((2,16),((((27,((20,(19,9)),24)),((4,23),22)),((5,1),28)),((7,13),((21,(((18,29),25),12)),14)))));

STEP 104 [3sECR_ClassicHeuristic_MC -> NNI_Substep_60] - Distance: 41.0000
((((11,30),((((15,6),10),(8,26)),3)),17),(((2,16),((7,13),((21,(((18,29),25),12)),14))),(((27,((20,(19,9)),24)),((4,23),22)),((5,1),28))));

STEP 105 [3sECR_ClassicHeuristic_MC -> NNI_Substep_61] - Distance: 26.0000
(((((11,30),((((15,6),10),(8,26)),3)),17),((((27,((20,(19,9)),24)),((4,23),22)),28),(5,1))),((2,16),((7,13),((21,(((18,29),25),12)),14))));

STEP 106 [3sECR_ClassicHeuristic_MC -> NNI_Substep_62] - Distance: 20.0000
(((((11,30),((((15,6),10),(8,26)),3)),17),(((27,((20,(19,9)),24)),(((4,23),22),28)),(5,1))),((2,16),((7,13),((21,(((18,29),25),12)),14))));

STEP 107 [3sECR_ClassicHeuristic_MC -> NNI_Substep_63] - Distance: 18.0000
(((((11,30),((((15,6),10),(8,26)),3)),17),(((27,((20,(19,9)),24)),(((4,23),28),22)),(5,1))),((2,16),((7,13),((21,(((18,29),25),12)),14))));

STEP 108 [3sECR_ClassicHeuristic_MC -> NNI_Substep_64] - Distance: 23.0000
(((((11,30),((((15,6),10),(8,26)),3)),17),(((27,((20,(19,9)),24)),(((4,23),28),22)),(5,1))),(2,(16,(((21,(((18,29),25),12)),14),(7,13)))));

STEP 109 [3sECR_ClassicHeuristic_MC -> NNI_Substep_65] - Distance: 16.0000
(((((11,30),((((15,6),10),(8,26)),3)),17),(((27,((20,(19,9)),24)),(((4,23),28),22)),(5,1))),(2,((16,(7,13)),((21,(((18,29),25),12)),14))));

STEP 110 [3sECR_ClassicHeuristic_MC -> NNI_Substep_66] - Distance: 14.0000
(((((11,30),((((15,6),10),(8,26)),3)),17),(((27,((20,(19,9)),24)),(((4,23),28),22)),(5,1))),(2,(((16,7),13),((21,(((18,29),25),12)),14))));

STEP 111 [3sECR_ClassicHeuristic_MC -> NNI_Substep_67] - Distance: 46.0000
((((11,30),((((15,6),10),(8,26)),3)),17),(((27,((20,(19,9)),24)),(((4,23),28),22)),((5,1),(2,(((16,7),13),((21,(((18,29),25),12)),14))))));

STEP 112 [3sECR_ClassicHeuristic_MC -> NNI_Substep_68] - Distance: 47.0000
((((11,30),((((15,6),10),(8,26)),3)),17),(((27,((20,(19,9)),24)),(((4,23),28),22)),(((5,1),(((16,7),13),((21,(((18,29),25),12)),14))),2)));

STEP 113 [3sECR_ClassicHeuristic_MC -> NNI_Substep_69] - Distance: 9.0000
((((11,30),((((15,6),10),(8,26)),3)),17),((((27,((20,(19,9)),24)),(((4,23),28),22)),2),((5,1),(((16,7),13),((21,(((18,29),25),12)),14)))));

STEP 114 [SPR_ClassicHeuristic_MC -> NNI_Substep_1] - Distance: 17.0000
(((((11,30),((((15,6),10),(8,26)),3)),17),(((27,((20,(19,9)),24)),(((4,23),28),22)),2)),((5,(((16,7),13),((21,(((18,29),25),12)),14))),1));

STEP 115 [SPR_ClassicHeuristic_MC -> NNI_Substep_2] - Distance: 13.0000
((((((11,30),((((15,6),10),(8,26)),3)),17),1),(((27,((20,(19,9)),24)),(((4,23),28),22)),2)),(5,(((16,7),13),((21,(((18,29),25),12)),14))));

STEP 116 [SPR_ClassicHeuristic_MC -> NNI_Substep_3] - Distance: 11.0000
((((((11,30),((((15,6),10),(8,26)),3)),1),17),(((27,((20,(19,9)),24)),(((4,23),28),22)),2)),(5,(((16,7),13),((21,(((18,29),25),12)),14))));

STEP 117 [SPR_ClassicHeuristic_MC -> NNI_Substep_4] - Distance: 8.0000
(((((11,30),(((((15,6),10),(8,26)),3),1)),17),(((27,((20,(19,9)),24)),(((4,23),28),22)),2)),(5,(((16,7),13),((21,(((18,29),25),12)),14))));

STEP 118 [SPR_ClassicHeuristic_MC -> NNI_Substep_5] - Distance: 6.0000
(((((11,30),(((((15,6),10),(8,26)),1),3)),17),(((27,((20,(19,9)),24)),(((4,23),28),22)),2)),(5,(((16,7),13),((21,(((18,29),25),12)),14))));

STEP 119 [SPR_ClassicHeuristic_MC -> NNI_Substep_6] - Distance: 3.0000
(((((11,30),(((((15,6),10),1),(8,26)),3)),17),(((27,((20,(19,9)),24)),(((4,23),28),22)),2)),(5,(((16,7),13),((21,(((18,29),25),12)),14))));

STEP 120 [SPR_ClassicHeuristic_MC -> NNI_Substep_7] - Distance: 0.0000
(((((11,30),((((15,6),(10,1)),(8,26)),3)),17),(((27,((20,(19,9)),24)),(((4,23),28),22)),2)),(5,(((16,7),13),((21,(((18,29),25),12)),14))));

========================================================
[FINAL] Total Steps: 120 | Final Distance: 0.0000
========================================================
