========================================================
HEURISTIC TRAJECTORY: VND Incremental (RF)
========================================================
STEP 0 [START] - Distance: 27.0000
(27,(9,20),((((8,(12,(7,3))),(30,(23,(10,11)))),((17,((18,26),((19,(13,(29,24))),(16,(6,2))))),(1,15))),(14,((22,(25,28)),(5,(4,21))))));

STEP 1 [uTBR_IncrementalHeuristic_RF -> NNI_Substep_1] - Distance: 27.0000
(27,(9,20),(((((8,(7,3)),12),(30,(23,(10,11)))),((17,((18,26),((19,(13,(29,24))),(16,(6,2))))),(1,15))),(14,((22,(25,28)),(5,(4,21))))));

STEP 2 [uTBR_IncrementalHeuristic_RF -> NNI_Substep_2] - Distance: 27.0000
(27,(9,20),(((((8,(7,3)),(30,(23,(10,11)))),12),((17,((18,26),((19,(13,(29,24))),(16,(6,2))))),(1,15))),(14,((22,(25,28)),(5,(4,21))))));

STEP 3 [uTBR_IncrementalHeuristic_RF -> NNI_Substep_3] - Distance: 27.0000
(27,(9,20),((((8,(7,3)),((30,(23,(10,11))),12)),((17,((18,26),((19,(13,(29,24))),(16,(6,2))))),(1,15))),(14,((22,(25,28)),(5,(4,21))))));

STEP 4 [uTBR_IncrementalHeuristic_RF -> NNI_Substep_4] - Distance: 27.0000
(27,(9,20),((((8,(7,3)),(30,((23,(10,11)),12))),((17,((18,26),((19,(13,(29,24))),(16,(6,2))))),(1,15))),(14,((22,(25,28)),(5,(4,21))))));

STEP 5 [uTBR_IncrementalHeuristic_RF -> NNI_Substep_5] - Distance: 26.0000
(27,(9,20),((((8,(7,3)),(30,((23,12),(10,11)))),((17,((18,26),((19,(13,(29,24))),(16,(6,2))))),(1,15))),(14,((22,(25,28)),(5,(4,21))))));

STEP 6 [uTBR_IncrementalHeuristic_RF -> NNI_Substep_6] - Distance: 26.0000
(27,(9,20),((((8,(7,3)),(30,((23,12),(10,11)))),((17,((26,((19,(13,(29,24))),(16,(6,2)))),18)),(1,15))),(14,((22,(25,28)),(5,(4,21))))));

STEP 7 [uTBR_IncrementalHeuristic_RF -> NNI_Substep_7] - Distance: 26.0000
(27,(9,20),((((8,(7,3)),(30,((23,12),(10,11)))),((17,((((19,(13,(29,24))),(16,(6,2))),18),26)),(1,15))),(14,((22,(25,28)),(5,(4,21))))));

STEP 8 [uTBR_IncrementalHeuristic_RF -> NNI_Substep_8] - Distance: 26.0000
(27,(9,20),((((8,(7,3)),(30,((23,12),(10,11)))),((17,((((16,(6,2)),18),(19,(13,(29,24)))),26)),(1,15))),(14,((22,(25,28)),(5,(4,21))))));

STEP 9 [uTBR_IncrementalHeuristic_RF -> NNI_Substep_9] - Distance: 26.0000
(27,(9,20),((((8,(7,3)),(30,((23,12),(10,11)))),((17,(26,((19,(13,(29,24))),(16,((6,2),18))))),(1,15))),(14,((22,(25,28)),(5,(4,21))))));

STEP 10 [uTBR_IncrementalHeuristic_RF -> NNI_Substep_10] - Distance: 25.0000
(27,(9,20),((((8,(7,3)),(30,((23,12),(10,11)))),((17,(26,((19,(13,(29,24))),(16,(6,(2,18)))))),(1,15))),(14,((22,(25,28)),(5,(4,21))))));

STEP 11 [uTBR_IncrementalHeuristic_RF -> NNI_Substep_11] - Distance: 25.0000
(27,(9,20),((((8,(7,3)),(30,((23,12),(10,11)))),((17,(((16,(6,(2,18))),26),(19,(13,(29,24))))),(1,15))),(14,((22,(25,28)),(5,(4,21))))));

STEP 12 [uTBR_IncrementalHeuristic_RF -> NNI_Substep_12] - Distance: 25.0000
(27,(9,20),((((8,(7,3)),(30,((23,12),(10,11)))),((17,((((6,(2,18)),26),16),(19,(13,(29,24))))),(1,15))),(14,((22,(25,28)),(5,(4,21))))));

STEP 13 [uTBR_IncrementalHeuristic_RF -> NNI_Substep_13] - Distance: 24.0000
(27,(9,20),((((8,(7,3)),(30,((23,12),(10,11)))),((17,((19,(13,(29,24))),(16,((6,26),(2,18))))),(1,15))),(14,((22,(25,28)),(5,(4,21))))));

STEP 14 [uTBR_IncrementalHeuristic_RF -> NNI_Substep_14] - Distance: 24.0000
(27,(9,20),((((8,(7,3)),(30,((23,12),(10,11)))),((((16,((6,26),(2,18))),17),(19,(13,(29,24)))),(1,15))),(14,((22,(25,28)),(5,(4,21))))));

STEP 15 [uTBR_IncrementalHeuristic_RF -> NNI_Substep_15] - Distance: 24.0000
(27,(9,20),((((8,(7,3)),(30,((23,12),(10,11)))),((((((6,26),(2,18)),17),16),(19,(13,(29,24)))),(1,15))),(14,((22,(25,28)),(5,(4,21))))));

STEP 16 [uTBR_IncrementalHeuristic_RF -> NNI_Substep_16] - Distance: 23.0000
(27,(9,20),((((8,(7,3)),(30,((23,12),(10,11)))),(((19,(13,(29,24))),(16,(((6,26),17),(2,18)))),(1,15))),(14,((22,(25,28)),(5,(4,21))))));

STEP 17 [uTBR_IncrementalHeuristic_RF -> NNI_Substep_17] - Distance: 23.0000
(27,9,(((((8,(7,3)),(30,((23,12),(10,11)))),(((19,(13,(29,24))),(16,(((6,26),17),(2,18)))),(1,15))),(14,((22,(25,28)),(5,(4,21))))),20));

STEP 18 [uTBR_IncrementalHeuristic_RF -> NNI_Substep_18] - Distance: 23.0000
(27,9,((((8,(7,3)),(30,((23,12),(10,11)))),(((19,(13,(29,24))),(16,(((6,26),17),(2,18)))),(1,15))),((14,((22,(25,28)),(5,(4,21)))),20)));

STEP 19 [uTBR_IncrementalHeuristic_RF -> NNI_Substep_19] - Distance: 23.0000
(27,9,((((8,(7,3)),(30,((23,12),(10,11)))),(((19,(13,(29,24))),(16,(((6,26),17),(2,18)))),(1,15))),(14,(((22,(25,28)),(5,(4,21))),20))));

STEP 20 [uTBR_IncrementalHeuristic_RF -> NNI_Substep_20] - Distance: 23.0000
(27,9,((((8,(7,3)),(30,((23,12),(10,11)))),(((19,(13,(29,24))),(16,(((6,26),17),(2,18)))),(1,15))),(14,((22,(25,28)),((5,(4,21)),20)))));

STEP 21 [uTBR_IncrementalHeuristic_RF -> NNI_Substep_21] - Distance: 22.0000
(27,9,((((8,(7,3)),(30,((23,12),(10,11)))),(((19,(13,(29,24))),(16,(((6,26),17),(2,18)))),(1,15))),(14,((22,(25,28)),((5,20),(4,21))))));

STEP 22 [uTBR_IncrementalHeuristic_RF -> NNI_Substep_22] - Distance: 22.0000
(((((8,(7,3)),(30,((23,12),(10,11)))),(((19,(13,(29,24))),(16,(((6,26),17),(2,18)))),(1,15))),9),(14,((22,(25,28)),((5,20),(4,21)))),27);

STEP 23 [uTBR_IncrementalHeuristic_RF -> NNI_Substep_23] - Distance: 22.0000
((((8,(7,3)),(30,((23,12),(10,11)))),((((19,(13,(29,24))),(16,(((6,26),17),(2,18)))),(1,15)),9)),(14,((22,(25,28)),((5,20),(4,21)))),27);

STEP 24 [uTBR_IncrementalHeuristic_RF -> NNI_Substep_24] - Distance: 22.0000
((((8,(7,3)),(30,((23,12),(10,11)))),((((19,(13,(29,24))),(16,(((6,26),17),(2,18)))),9),(1,15))),(14,((22,(25,28)),((5,20),(4,21)))),27);

STEP 25 [uTBR_IncrementalHeuristic_RF -> NNI_Substep_25] - Distance: 22.0000
((((8,(7,3)),(30,((23,12),(10,11)))),(((19,(13,(29,24))),((16,(((6,26),17),(2,18))),9)),(1,15))),(14,((22,(25,28)),((5,20),(4,21)))),27);

STEP 26 [uTBR_IncrementalHeuristic_RF -> NNI_Substep_26] - Distance: 21.0000
((((8,(7,3)),(30,((23,12),(10,11)))),(((19,(13,(29,24))),((16,9),(((6,26),17),(2,18)))),(1,15))),(14,((22,(25,28)),((5,20),(4,21)))),27);

STEP 27 [uTBR_IncrementalHeuristic_RF -> NNI_Substep_27] - Distance: 21.0000
(((((7,3),(30,((23,12),(10,11)))),8),(((19,(13,(29,24))),((16,9),(((6,26),17),(2,18)))),(1,15))),(14,((22,(25,28)),((5,20),(4,21)))),27);

STEP 28 [uTBR_IncrementalHeuristic_RF -> NNI_Substep_28] - Distance: 21.0000
(((((7,3),(30,((23,12),(10,11)))),(((19,(13,(29,24))),((16,9),(((6,26),17),(2,18)))),(1,15))),8),(14,((22,(25,28)),((5,20),(4,21)))),27);

STEP 29 [uTBR_IncrementalHeuristic_RF -> NNI_Substep_29] - Distance: 21.0000
((((7,3),(30,((23,12),(10,11)))),((((19,(13,(29,24))),((16,9),(((6,26),17),(2,18)))),(1,15)),8)),(14,((22,(25,28)),((5,20),(4,21)))),27);

STEP 30 [uTBR_IncrementalHeuristic_RF -> NNI_Substep_30] - Distance: 21.0000
((((7,3),(30,((23,12),(10,11)))),((((19,(13,(29,24))),((16,9),(((6,26),17),(2,18)))),8),(1,15))),(14,((22,(25,28)),((5,20),(4,21)))),27);

STEP 31 [uTBR_IncrementalHeuristic_RF -> NNI_Substep_31] - Distance: 21.0000
((((7,3),(30,((23,12),(10,11)))),((((19,(13,(29,24))),8),((16,9),(((6,26),17),(2,18)))),(1,15))),(14,((22,(25,28)),((5,20),(4,21)))),27);

STEP 32 [uTBR_IncrementalHeuristic_RF -> NNI_Substep_32] - Distance: 20.0000
((((7,3),(30,((23,12),(10,11)))),((((19,8),(13,(29,24))),((16,9),(((6,26),17),(2,18)))),(1,15))),(14,((22,(25,28)),((5,20),(4,21)))),27);

STEP 33 [uTBR_IncrementalHeuristic_RF -> NNI_Substep_33] - Distance: 20.0000
((((3,(30,((23,12),(10,11)))),7),((((19,8),(13,(29,24))),((16,9),(((6,26),17),(2,18)))),(1,15))),(14,((22,(25,28)),((5,20),(4,21)))),27);

STEP 34 [uTBR_IncrementalHeuristic_RF -> NNI_Substep_34] - Distance: 20.0000
(((((30,((23,12),(10,11))),7),3),((((19,8),(13,(29,24))),((16,9),(((6,26),17),(2,18)))),(1,15))),(14,((22,(25,28)),((5,20),(4,21)))),27);

STEP 35 [uTBR_IncrementalHeuristic_RF -> NNI_Substep_35] - Distance: 20.0000
(((((((23,12),(10,11)),7),30),3),((((19,8),(13,(29,24))),((16,9),(((6,26),17),(2,18)))),(1,15))),(14,((22,(25,28)),((5,20),(4,21)))),27);

STEP 36 [uTBR_IncrementalHeuristic_RF -> NNI_Substep_36] - Distance: 20.0000
(((3,(30,((23,12),((10,11),7)))),((((19,8),(13,(29,24))),((16,9),(((6,26),17),(2,18)))),(1,15))),(14,((22,(25,28)),((5,20),(4,21)))),27);

STEP 37 [uTBR_IncrementalHeuristic_RF -> NNI_Substep_37] - Distance: 19.0000
(((3,(30,((23,12),((10,7),11)))),((((19,8),(13,(29,24))),((16,9),(((6,26),17),(2,18)))),(1,15))),(14,((22,(25,28)),((5,20),(4,21)))),27);

STEP 38 [uTBR_IncrementalHeuristic_RF -> NNI_Substep_38] - Distance: 19.0000
(((3,(30,(((23,12),11),(10,7)))),((((19,8),(13,(29,24))),((16,9),(((6,26),17),(2,18)))),(1,15))),(14,((22,(25,28)),((5,20),(4,21)))),27);

STEP 39 [uTBR_IncrementalHeuristic_RF -> NNI_Substep_39] - Distance: 19.0000
(((3,((30,((23,12),11)),(10,7))),((((19,8),(13,(29,24))),((16,9),(((6,26),17),(2,18)))),(1,15))),(14,((22,(25,28)),((5,20),(4,21)))),27);

STEP 40 [uTBR_IncrementalHeuristic_RF -> NNI_Substep_40] - Distance: 19.0000
((((3,(30,((23,12),11))),(10,7)),((((19,8),(13,(29,24))),((16,9),(((6,26),17),(2,18)))),(1,15))),(14,((22,(25,28)),((5,20),(4,21)))),27);

STEP 41 [uTBR_IncrementalHeuristic_RF -> NNI_Substep_41] - Distance: 19.0000
((((3,(30,((23,12),11))),((((19,8),(13,(29,24))),((16,9),(((6,26),17),(2,18)))),(1,15))),(10,7)),(14,((22,(25,28)),((5,20),(4,21)))),27);

STEP 42 [uTBR_IncrementalHeuristic_RF -> NNI_Substep_42] - Distance: 19.0000
(((3,(30,((23,12),11))),(((((19,8),(13,(29,24))),((16,9),(((6,26),17),(2,18)))),(1,15)),(10,7))),(14,((22,(25,28)),((5,20),(4,21)))),27);

STEP 43 [uTBR_IncrementalHeuristic_RF -> NNI_Substep_43] - Distance: 18.0000
(((3,(30,((23,12),11))),((((19,8),(13,(29,24))),((16,9),(((6,26),17),(2,18)))),((1,15),(10,7)))),(14,((22,(25,28)),((5,20),(4,21)))),27);

STEP 44 [uTBR_IncrementalHeuristic_RF -> NNI_Substep_44] - Distance: 17.0000
(((3,(30,((23,12),11))),((((19,8),(13,(29,24))),((16,9),(((6,26),17),(2,18)))),((1,(10,7)),15))),(14,((22,(25,28)),((5,20),(4,21)))),27);

STEP 45 [uTBR_IncrementalHeuristic_RF -> NNI_Substep_45] - Distance: 17.0000
((((30,((23,12),11)),((((19,8),(13,(29,24))),((16,9),(((6,26),17),(2,18)))),((1,(10,7)),15))),3),(14,((22,(25,28)),((5,20),(4,21)))),27);

STEP 46 [uTBR_IncrementalHeuristic_RF -> NNI_Substep_46] - Distance: 17.0000
(((30,((23,12),11)),((((19,8),(13,(29,24))),((16,9),(((6,26),17),(2,18)))),((1,(10,7)),15))),((14,((22,(25,28)),((5,20),(4,21)))),3),27);

STEP 47 [uTBR_IncrementalHeuristic_RF -> NNI_Substep_47] - Distance: 16.0000
(((30,((23,12),11)),((((19,8),(13,(29,24))),((16,9),(((6,26),17),(2,18)))),((1,(10,7)),15))),((14,3),((22,(25,28)),((5,20),(4,21)))),27);

STEP 48 [uTBR_IncrementalHeuristic_RF -> NNI_Substep_48] - Distance: 16.0000
(((30,((23,12),11)),((((19,8),(13,(29,24))),((16,9),(((6,26),17),(2,18)))),((1,(10,7)),15))),((22,(25,28)),(((5,20),(4,21)),(14,3))),27);

STEP 49 [uTBR_IncrementalHeuristic_RF -> NNI_Substep_49] - Distance: 15.0000
(((30,((23,12),11)),((((19,8),(13,(29,24))),((16,9),(((6,26),17),(2,18)))),((1,(10,7)),15))),((22,(25,28)),(((5,20),(14,3)),(4,21))),27);

STEP 50 [uTBR_IncrementalHeuristic_RF -> NNI_Substep_50] - Distance: 15.0000
((((30,(23,12)),11),((((19,8),(13,(29,24))),((16,9),(((6,26),17),(2,18)))),((1,(10,7)),15))),((22,(25,28)),(((5,20),(14,3)),(4,21))),27);

STEP 51 [uTBR_IncrementalHeuristic_RF -> NNI_Substep_51] - Distance: 15.0000
((((30,(23,12)),((((19,8),(13,(29,24))),((16,9),(((6,26),17),(2,18)))),((1,(10,7)),15))),11),((22,(25,28)),(((5,20),(14,3)),(4,21))),27);

STEP 52 [uTBR_IncrementalHeuristic_RF -> NNI_Substep_52] - Distance: 14.0000
(((30,(23,12)),((((19,8),(13,(29,24))),((16,9),(((6,26),17),(2,18)))),((1,(10,7)),15))),((22,(25,28)),(((5,20),(14,3)),(4,21))),(27,11));

STEP 53 [uTBR_IncrementalHeuristic_RF -> NNI_Substep_53] - Distance: 14.0000
((((23,12),((((19,8),(13,(29,24))),((16,9),(((6,26),17),(2,18)))),((1,(10,7)),15))),30),((22,(25,28)),(((5,20),(14,3)),(4,21))),(27,11));

STEP 54 [uTBR_IncrementalHeuristic_RF -> NNI_Substep_54] - Distance: 14.0000
(((((((19,8),(13,(29,24))),((16,9),(((6,26),17),(2,18)))),((1,(10,7)),15)),30),(23,12)),((22,(25,28)),(((5,20),(14,3)),(4,21))),(27,11));

STEP 55 [uTBR_IncrementalHeuristic_RF -> NNI_Substep_55] - Distance: 14.0000
(((((((19,8),(13,(29,24))),((16,9),(((6,26),17),(2,18)))),30),((1,(10,7)),15)),(23,12)),((22,(25,28)),(((5,20),(14,3)),(4,21))),(27,11));

STEP 56 [uTBR_IncrementalHeuristic_RF -> NNI_Substep_56] - Distance: 14.0000
(((23,12),((((19,8),(13,(29,24))),(((16,9),(((6,26),17),(2,18))),30)),((1,(10,7)),15))),((22,(25,28)),(((5,20),(14,3)),(4,21))),(27,11));

STEP 57 [uTBR_IncrementalHeuristic_RF -> NNI_Substep_57] - Distance: 13.0000
(((23,12),((((19,8),(13,(29,24))),(((16,9),30),(((6,26),17),(2,18)))),((1,(10,7)),15))),((22,(25,28)),(((5,20),(14,3)),(4,21))),(27,11));

STEP 58 [uTBR_IncrementalHeuristic_RF -> NNI_Substep_58] - Distance: 13.0000
(((23,12),(((((19,8),(13,(29,24))),(((6,26),17),(2,18))),((16,9),30)),((1,(10,7)),15))),((22,(25,28)),(((5,20),(14,3)),(4,21))),(27,11));

STEP 59 [uTBR_IncrementalHeuristic_RF -> NNI_Substep_59] - Distance: 13.0000
(((23,12),(((((19,8),(13,(29,24))),(((6,26),17),(2,18))),((1,(10,7)),15)),((16,9),30))),((22,(25,28)),(((5,20),(14,3)),(4,21))),(27,11));

STEP 60 [uTBR_IncrementalHeuristic_RF -> NNI_Substep_60] - Distance: 13.0000
((((23,12),((((19,8),(13,(29,24))),(((6,26),17),(2,18))),((1,(10,7)),15))),((16,9),30)),((22,(25,28)),(((5,20),(14,3)),(4,21))),(27,11));

STEP 61 [uTBR_IncrementalHeuristic_RF -> NNI_Substep_61] - Distance: 13.0000
(((23,12),((((19,8),(13,(29,24))),(((6,26),17),(2,18))),((1,(10,7)),15))),(((22,(25,28)),(((5,20),(14,3)),(4,21))),((16,9),30)),(27,11));

STEP 62 [uTBR_IncrementalHeuristic_RF -> NNI_Substep_62] - Distance: 13.0000
(((23,12),((((19,8),(13,(29,24))),(((6,26),17),(2,18))),((1,(10,7)),15))),((22,(25,28)),((((5,20),(14,3)),(4,21)),((16,9),30))),(27,11));

STEP 63 [uTBR_IncrementalHeuristic_RF -> NNI_Substep_63] - Distance: 13.0000
(((23,12),((((19,8),(13,(29,24))),(((6,26),17),(2,18))),((1,(10,7)),15))),((22,(25,28)),(((5,20),(14,3)),((4,21),((16,9),30)))),(27,11));

STEP 64 [uTBR_IncrementalHeuristic_RF -> NNI_Substep_64] - Distance: 12.0000
(((23,12),((((19,8),(13,(29,24))),(((6,26),17),(2,18))),((1,(10,7)),15))),((22,(25,28)),(((5,20),(14,3)),((4,((16,9),30)),21))),(27,11));

STEP 65 [uTBR_IncrementalHeuristic_RF -> NNI_Substep_65] - Distance: 12.0000
(((23,12),((((19,8),(13,(29,24))),(((6,26),17),(2,18))),((1,(10,7)),15))),((22,(25,28)),((((5,20),(14,3)),21),(4,((16,9),30)))),(27,11));

STEP 66 [uTBR_IncrementalHeuristic_RF -> NNI_Substep_66] - Distance: 12.0000
(((23,12),((((19,8),(13,(29,24))),(((6,26),17),(2,18))),((1,(10,7)),15))),(((22,(25,28)),(((5,20),(14,3)),21)),(4,((16,9),30))),(27,11));

STEP 67 [uTBR_IncrementalHeuristic_RF -> NNI_Substep_67] - Distance: 11.0000
(((23,12),((((19,8),(13,(29,24))),(((6,26),17),(2,18))),((1,(10,7)),15))),((22,(25,28)),(((5,20),(14,3)),21)),((27,11),(4,((16,9),30))));

STEP 68 [uTBR_IncrementalHeuristic_RF -> NNI_Substep_68] - Distance: 11.0000
(((23,12),(((((19,8),(13,(29,24))),(2,18)),((6,26),17)),((1,(10,7)),15))),((22,(25,28)),(((5,20),(14,3)),21)),((27,11),(4,((16,9),30))));

STEP 69 [uTBR_IncrementalHeuristic_RF -> NNI_Substep_69] - Distance: 11.0000
(((23,12),(((((19,8),(13,(29,24))),(2,18)),((1,(10,7)),15)),((6,26),17))),((22,(25,28)),(((5,20),(14,3)),21)),((27,11),(4,((16,9),30))));

STEP 70 [uTBR_IncrementalHeuristic_RF -> NNI_Substep_70] - Distance: 11.0000
((((23,12),((((19,8),(13,(29,24))),(2,18)),((1,(10,7)),15))),((6,26),17)),((22,(25,28)),(((5,20),(14,3)),21)),((27,11),(4,((16,9),30))));

STEP 71 [uTBR_IncrementalHeuristic_RF -> NNI_Substep_71] - Distance: 11.0000
(((23,12),((((19,8),(13,(29,24))),(2,18)),((1,(10,7)),15))),(((22,(25,28)),(((5,20),(14,3)),21)),((6,26),17)),((27,11),(4,((16,9),30))));

STEP 72 [uTBR_IncrementalHeuristic_RF -> NNI_Substep_72] - Distance: 11.0000
(((23,12),((((19,8),(13,(29,24))),(2,18)),((1,(10,7)),15))),(((22,(25,28)),((6,26),17)),(((5,20),(14,3)),21)),((27,11),(4,((16,9),30))));

STEP 73 [uTBR_IncrementalHeuristic_RF -> NNI_Substep_73] - Distance: 10.0000
(((23,12),((((19,8),(13,(29,24))),(2,18)),((1,(10,7)),15))),(((22,((6,26),17)),(25,28)),(((5,20),(14,3)),21)),((27,11),(4,((16,9),30))));

STEP 74 [uTBR_IncrementalHeuristic_RF -> NNI_Substep_74] - Distance: 10.0000
(((23,12),((((19,8),(13,(29,24))),((1,(10,7)),15)),(2,18))),(((22,((6,26),17)),(25,28)),(((5,20),(14,3)),21)),((27,11),(4,((16,9),30))));

STEP 75 [uTBR_IncrementalHeuristic_RF -> NNI_Substep_75] - Distance: 10.0000
((((23,12),(((19,8),(13,(29,24))),((1,(10,7)),15))),(2,18)),(((22,((6,26),17)),(25,28)),(((5,20),(14,3)),21)),((27,11),(4,((16,9),30))));

STEP 76 [uTBR_IncrementalHeuristic_RF -> NNI_Substep_76] - Distance: 10.0000
(((23,12),(((19,8),(13,(29,24))),((1,(10,7)),15))),((((22,((6,26),17)),(25,28)),(((5,20),(14,3)),21)),(2,18)),((27,11),(4,((16,9),30))));

STEP 77 [uTBR_IncrementalHeuristic_RF -> NNI_Substep_77] - Distance: 10.0000
(((23,12),(((19,8),(13,(29,24))),((1,(10,7)),15))),(((22,((6,26),17)),(25,28)),((((5,20),(14,3)),21),(2,18))),((27,11),(4,((16,9),30))));

STEP 78 [uTBR_IncrementalHeuristic_RF -> NNI_Substep_78] - Distance: 9.0000
(((23,12),(((19,8),(13,(29,24))),((1,(10,7)),15))),(((22,((6,26),17)),(25,28)),((((5,20),(14,3)),(2,18)),21)),((27,11),(4,((16,9),30))));

STEP 79 [uTBR_IncrementalHeuristic_RF -> NNI_Substep_79] - Distance: 9.0000
(((23,12),(((13,(29,24)),((1,(10,7)),15)),(19,8))),(((22,((6,26),17)),(25,28)),((((5,20),(14,3)),(2,18)),21)),((27,11),(4,((16,9),30))));

STEP 80 [uTBR_IncrementalHeuristic_RF -> NNI_Substep_80] - Distance: 9.0000
((((23,12),((13,(29,24)),((1,(10,7)),15))),(19,8)),(((22,((6,26),17)),(25,28)),((((5,20),(14,3)),(2,18)),21)),((27,11),(4,((16,9),30))));

STEP 81 [uTBR_IncrementalHeuristic_RF -> NNI_Substep_81] - Distance: 9.0000
(((23,12),((13,(29,24)),((1,(10,7)),15))),((((22,((6,26),17)),(25,28)),((((5,20),(14,3)),(2,18)),21)),(19,8)),((27,11),(4,((16,9),30))));

STEP 82 [uTBR_IncrementalHeuristic_RF -> NNI_Substep_82] - Distance: 9.0000
(((23,12),((13,(29,24)),((1,(10,7)),15))),((((22,((6,26),17)),(25,28)),(19,8)),((((5,20),(14,3)),(2,18)),21)),((27,11),(4,((16,9),30))));

STEP 83 [uTBR_IncrementalHeuristic_RF -> NNI_Substep_83] - Distance: 8.0000
(((23,12),((13,(29,24)),((1,(10,7)),15))),((((22,((6,26),17)),(19,8)),(25,28)),((((5,20),(14,3)),(2,18)),21)),((27,11),(4,((16,9),30))));

STEP 84 [uTBR_IncrementalHeuristic_RF -> NNI_Substep_84] - Distance: 8.0000
(((13,(29,24)),((1,(10,7)),15)),(((((22,((6,26),17)),(19,8)),(25,28)),((((5,20),(14,3)),(2,18)),21)),(23,12)),((27,11),(4,((16,9),30))));

STEP 85 [uTBR_IncrementalHeuristic_RF -> NNI_Substep_85] - Distance: 8.0000
(((13,(29,24)),((1,(10,7)),15)),(((((22,((6,26),17)),(19,8)),(25,28)),(23,12)),((((5,20),(14,3)),(2,18)),21)),((27,11),(4,((16,9),30))));

STEP 86 [uTBR_IncrementalHeuristic_RF -> NNI_Substep_86] - Distance: 7.0000
(((13,(29,24)),((1,(10,7)),15)),(((((22,((6,26),17)),(19,8)),(23,12)),(25,28)),((((5,20),(14,3)),(2,18)),21)),((27,11),(4,((16,9),30))));

STEP 87 [uTBR_IncrementalHeuristic_RF -> NNI_Substep_87] - Distance: 7.0000
((((29,24),((1,(10,7)),15)),13),(((((22,((6,26),17)),(19,8)),(23,12)),(25,28)),((((5,20),(14,3)),(2,18)),21)),((27,11),(4,((16,9),30))));

STEP 88 [uTBR_IncrementalHeuristic_RF -> NNI_Substep_88] - Distance: 7.0000
(((29,24),((1,(10,7)),15)),((((((22,((6,26),17)),(19,8)),(23,12)),(25,28)),((((5,20),(14,3)),(2,18)),21)),13),((27,11),(4,((16,9),30))));

STEP 89 [uTBR_IncrementalHeuristic_RF -> NNI_Substep_89] - Distance: 7.0000
(((29,24),((1,(10,7)),15)),((((((22,((6,26),17)),(19,8)),(23,12)),(25,28)),13),((((5,20),(14,3)),(2,18)),21)),((27,11),(4,((16,9),30))));

STEP 90 [uTBR_IncrementalHeuristic_RF -> NNI_Substep_90] - Distance: 7.0000
(((29,24),((1,(10,7)),15)),(((((22,((6,26),17)),(19,8)),(23,12)),((25,28),13)),((((5,20),(14,3)),(2,18)),21)),((27,11),(4,((16,9),30))));

STEP 91 [uTBR_IncrementalHeuristic_RF -> NNI_Substep_91] - Distance: 6.0000
(((29,24),((1,(10,7)),15)),(((((22,((6,26),17)),(19,8)),(23,12)),((25,13),28)),((((5,20),(14,3)),(2,18)),21)),((27,11),(4,((16,9),30))));

STEP 92 [uTBR_IncrementalHeuristic_RF -> NNI_Substep_92] - Distance: 6.0000
(((29,24),((1,(10,7)),15)),((((((22,((6,26),17)),(19,8)),(23,12)),28),(25,13)),((((5,20),(14,3)),(2,18)),21)),((27,11),(4,((16,9),30))));

STEP 93 [uTBR_IncrementalHeuristic_RF -> NNI_Substep_93] - Distance: 6.0000
(((29,24),((1,(10,7)),15)),((((((22,((6,26),17)),(19,8)),(23,12)),28),((((5,20),(14,3)),(2,18)),21)),(25,13)),((27,11),(4,((16,9),30))));

STEP 94 [uTBR_IncrementalHeuristic_RF -> NNI_Substep_94] - Distance: 6.0000
(((29,24),((1,(10,7)),15)),(((((22,((6,26),17)),(19,8)),(23,12)),28),(((((5,20),(14,3)),(2,18)),21),(25,13))),((27,11),(4,((16,9),30))));

STEP 95 [uTBR_IncrementalHeuristic_RF -> NNI_Substep_95] - Distance: 5.0000
(((29,24),((1,(10,7)),15)),(((((22,((6,26),17)),(19,8)),(23,12)),28),(((((5,20),(14,3)),(2,18)),(25,13)),21)),((27,11),(4,((16,9),30))));

STEP 96 [uTBR_IncrementalHeuristic_RF -> NNI_Substep_96] - Distance: 5.0000
(((29,24),((1,(10,7)),15)),((28,(((((5,20),(14,3)),(2,18)),(25,13)),21)),(((22,((6,26),17)),(19,8)),(23,12))),((27,11),(4,((16,9),30))));

STEP 97 [uTBR_IncrementalHeuristic_RF -> NNI_Substep_97] - Distance: 5.0000
(((29,24),((1,(10,7)),15)),(((((((5,20),(14,3)),(2,18)),(25,13)),21),(((22,((6,26),17)),(19,8)),(23,12))),28),((27,11),(4,((16,9),30))));

STEP 98 [uTBR_IncrementalHeuristic_RF -> NNI_Substep_98] - Distance: 4.0000
(((29,24),((1,(10,7)),15)),(((((((5,20),(14,3)),(2,18)),(25,13)),(((22,((6,26),17)),(19,8)),(23,12))),21),28),((27,11),(4,((16,9),30))));

STEP 99 [uTBR_IncrementalHeuristic_RF -> NNI_Substep_99] - Distance: 4.0000
(((29,((1,(10,7)),15)),24),(28,((((((5,20),(14,3)),(2,18)),(25,13)),(((22,((6,26),17)),(19,8)),(23,12))),21)),((27,11),(4,((16,9),30))));

STEP 100 [uTBR_IncrementalHeuristic_RF -> NNI_Substep_100] - Distance: 4.0000
((29,((1,(10,7)),15)),((28,((((((5,20),(14,3)),(2,18)),(25,13)),(((22,((6,26),17)),(19,8)),(23,12))),21)),24),((27,11),(4,((16,9),30))));

STEP 101 [uTBR_IncrementalHeuristic_RF -> NNI_Substep_101] - Distance: 3.0000
((29,((1,(10,7)),15)),((28,24),((((((5,20),(14,3)),(2,18)),(25,13)),(((22,((6,26),17)),(19,8)),(23,12))),21)),((27,11),(4,((16,9),30))));

STEP 102 [uTBR_IncrementalHeuristic_RF -> NNI_Substep_102] - Distance: 2.0000
((28,24),(((((((5,20),(14,3)),(2,18)),(25,13)),(((22,((6,26),17)),(19,8)),(23,12))),21),(29,((1,(10,7)),15))),((27,11),(4,((16,9),30))));

STEP 103 [uTBR_IncrementalHeuristic_RF -> NNI_Substep_103] - Distance: 1.0000
((28,24),((((((5,20),(14,3)),(2,18)),(25,13)),(((22,((6,26),17)),(19,8)),(23,12))),(21,(29,((1,(10,7)),15)))),((27,11),(4,((16,9),30))));

STEP 104 [uTBR_IncrementalHeuristic_RF -> NNI_Substep_104] - Distance: 0.0000
((28,24),((((((5,20),(14,3)),(2,18)),(25,13)),(((22,((6,26),17)),(19,8)),(23,12))),((21,29),((1,(10,7)),15))),((27,11),(4,((16,9),30))));

========================================================
[FINAL] Total Steps: 104 | Final Distance: 0.0000
========================================================
