========================================================
HEURISTIC TRAJECTORY: VND Classic (MP_RF)
========================================================
STEP 0 [START] - Distance: 299.0000
(((8,(10,((21,22),(25,(24,1))))),(((3,9),((13,(30,(7,18))),(12,17))),((23,(16,28)),(26,(5,19))))),(11,(27,(4,(29,(15,(20,(14,(2,6)))))))));

STEP 1 [NNI_ClassicHeuristic_MP_RF -> NNI_Substep_1] - Distance: 298.0000
(((8,((21,22),(10,(25,(24,1))))),(((3,9),((13,(30,(7,18))),(12,17))),((23,(16,28)),(26,(5,19))))),(11,(27,(4,(29,(15,(20,(14,(2,6)))))))));

STEP 2 [NNI_ClassicHeuristic_MP_RF -> NNI_Substep_2] - Distance: 297.0000
(((8,((21,22),(10,(25,(24,1))))),(((((13,(30,(7,18))),(12,17)),9),3),((23,(16,28)),(26,(5,19))))),(11,(27,(4,(29,(15,(20,(14,(2,6)))))))));

STEP 3 [NNI_ClassicHeuristic_MP_RF -> NNI_Substep_3] - Distance: 296.0000
(((8,((21,22),(10,(25,(24,1))))),((23,(16,28)),(((((13,(30,(7,18))),(12,17)),9),3),(26,(5,19))))),(11,(27,(4,(29,(15,(20,(14,(2,6)))))))));

STEP 4 [NNI_ClassicHeuristic_MP_RF -> NNI_Substep_4] - Distance: 293.0000
(((23,(16,28)),((8,((21,22),(10,(25,(24,1))))),(((((13,(30,(7,18))),(12,17)),9),3),(26,(5,19))))),(11,(27,(4,(29,(15,(20,(14,(2,6)))))))));

STEP 5 [NNI_ClassicHeuristic_MP_RF -> NNI_Substep_5] - Distance: 292.0000
(((23,(16,28)),((8,((21,22),(10,(25,(24,1))))),(26,(((((13,(30,(7,18))),(12,17)),9),3),(5,19))))),(11,(27,(4,(29,(15,(20,(14,(2,6)))))))));

STEP 6 [NNI_ClassicHeuristic_MP_RF -> NNI_Substep_6] - Distance: 291.0000
(((((8,((21,22),(10,(25,(24,1))))),(26,(((((13,(30,(7,18))),(12,17)),9),3),(5,19)))),(16,28)),23),(11,(27,(4,(29,(15,(20,(14,(2,6)))))))));

STEP 7 [NNI_ClassicHeuristic_MP_RF -> NNI_Substep_7] - Distance: 277.0000
(((11,(27,(4,(29,(15,(20,(14,(2,6)))))))),23),(16,(((8,((21,22),(10,(25,(24,1))))),(26,(((((13,(30,(7,18))),(12,17)),9),3),(5,19)))),28)));

STEP 8 [NNI_ClassicHeuristic_MP_RF -> NNI_Substep_8] - Distance: 275.0000
(((11,(27,(4,(29,(15,(20,(14,(2,6)))))))),23),(16,((28,(26,(((((13,(30,(7,18))),(12,17)),9),3),(5,19)))),(8,((21,22),(10,(25,(24,1))))))));

STEP 9 [TBR_ClassicHeuristic_MP_RF -> NNI_Substep_1] - Distance: 275.0000
(((11,(27,(4,(29,(15,(20,(14,(2,6)))))))),23),(16,((28,(26,((((((13,(30,(7,18))),12),17),9),3),(5,19)))),(8,((21,22),(10,(25,(24,1))))))));

STEP 10 [TBR_ClassicHeuristic_MP_RF -> NNI_Substep_2] - Distance: 275.0000
(((11,(27,(4,(29,(15,(20,(14,(2,6)))))))),23),(16,((28,(26,((((((13,(30,(7,18))),12),9),17),3),(5,19)))),(8,((21,22),(10,(25,(24,1))))))));

STEP 11 [TBR_ClassicHeuristic_MP_RF -> NNI_Substep_3] - Distance: 275.0000
(((11,(27,(4,(29,(15,(20,(14,(2,6)))))))),23),(16,((28,(26,((((((13,(30,(7,18))),12),9),3),17),(5,19)))),(8,((21,22),(10,(25,(24,1))))))));

STEP 12 [TBR_ClassicHeuristic_MP_RF -> NNI_Substep_4] - Distance: 275.0000
(((11,(27,(4,(29,(15,(20,(14,(2,6)))))))),23),(16,((28,(26,((((((13,(30,(7,18))),12),9),3),(5,19)),17))),(8,((21,22),(10,(25,(24,1))))))));

STEP 13 [TBR_ClassicHeuristic_MP_RF -> NNI_Substep_5] - Distance: 275.0000
(((11,(27,(4,(29,(15,(20,(14,(2,6)))))))),23),(16,((28,((26,(((((13,(30,(7,18))),12),9),3),(5,19))),17)),(8,((21,22),(10,(25,(24,1))))))));

STEP 14 [TBR_ClassicHeuristic_MP_RF -> NNI_Substep_6] - Distance: 275.0000
(((11,(27,(4,(29,(15,(20,(14,(2,6)))))))),23),(16,(((28,(26,(((((13,(30,(7,18))),12),9),3),(5,19)))),17),(8,((21,22),(10,(25,(24,1))))))));

STEP 15 [TBR_ClassicHeuristic_MP_RF -> NNI_Substep_7] - Distance: 274.0000
(((11,(27,(4,(29,(15,(20,(14,(2,6)))))))),23),(16,(((28,(26,(((((13,(30,(7,18))),12),9),3),(5,19)))),(8,((21,22),(10,(25,(24,1)))))),17)));

STEP 16 [TBR_ClassicHeuristic_MP_RF -> NNI_Substep_8] - Distance: 274.0000
(((11,(27,(4,(29,(15,(20,(14,(2,6)))))))),23),((16,((28,(26,(((((13,(30,(7,18))),12),9),3),(5,19)))),(8,((21,22),(10,(25,(24,1))))))),17));

STEP 17 [TBR_ClassicHeuristic_MP_RF -> NNI_Substep_9] - Distance: 260.0000
(((11,(27,(4,(29,(15,(20,(14,(2,6)))))))),23),((16,17),((28,(26,(((((13,(30,(7,18))),12),9),3),(5,19)))),(8,((21,22),(10,(25,(24,1))))))));

STEP 18 [TBR_ClassicHeuristic_MP_RF -> NNI_Substep_10] - Distance: 260.0000
(((11,(27,(4,(29,(15,(20,(14,(2,6)))))))),23),((16,17),((28,(26,(((((13,(30,(7,18))),12),9),3),(5,19)))),(8,((21,(10,(25,(24,1)))),22)))));

STEP 19 [TBR_ClassicHeuristic_MP_RF -> NNI_Substep_11] - Distance: 260.0000
(((11,(27,(4,(29,(15,(20,(14,(2,6)))))))),23),((16,17),((28,(26,(((((13,(30,(7,18))),12),9),3),(5,19)))),((8,(21,(10,(25,(24,1))))),22))));

STEP 20 [TBR_ClassicHeuristic_MP_RF -> NNI_Substep_12] - Distance: 260.0000
(((11,(27,(4,(29,(15,(20,(14,(2,6)))))))),23),((16,17),(((28,(26,(((((13,(30,(7,18))),12),9),3),(5,19)))),(8,(21,(10,(25,(24,1)))))),22)));

STEP 21 [TBR_ClassicHeuristic_MP_RF -> NNI_Substep_13] - Distance: 260.0000
(((11,(27,(4,(29,(15,(20,(14,(2,6)))))))),23),(((16,17),((28,(26,(((((13,(30,(7,18))),12),9),3),(5,19)))),(8,(21,(10,(25,(24,1))))))),22));

STEP 22 [TBR_ClassicHeuristic_MP_RF -> NNI_Substep_14] - Distance: 247.0000
(((11,(27,(4,(29,(15,(20,(14,(2,6)))))))),(23,22)),((16,17),((28,(26,(((((13,(30,(7,18))),12),9),3),(5,19)))),(8,(21,(10,(25,(24,1))))))));

STEP 23 [TBR_ClassicHeuristic_MP_RF -> NNI_Substep_15] - Distance: 247.0000
(((11,(27,(4,(29,(15,(20,(14,(2,6)))))))),(23,22)),((16,17),(((28,(((((13,(30,(7,18))),12),9),3),(5,19))),26),(8,(21,(10,(25,(24,1))))))));

STEP 24 [TBR_ClassicHeuristic_MP_RF -> NNI_Substep_16] - Distance: 247.0000
(((11,(27,(4,(29,(15,(20,(14,(2,6)))))))),(23,22)),((16,17),(((28,(((((13,(30,(7,18))),12),9),3),(5,19))),(8,(21,(10,(25,(24,1)))))),26)));

STEP 25 [TBR_ClassicHeuristic_MP_RF -> NNI_Substep_17] - Distance: 247.0000
(((11,(27,(4,(29,(15,(20,(14,(2,6)))))))),(23,22)),(((16,17),((28,(((((13,(30,(7,18))),12),9),3),(5,19))),(8,(21,(10,(25,(24,1))))))),26));

STEP 26 [TBR_ClassicHeuristic_MP_RF -> NNI_Substep_18] - Distance: 235.0000
((((11,(27,(4,(29,(15,(20,(14,(2,6)))))))),26),(23,22)),((16,17),((28,(((((13,(30,(7,18))),12),9),3),(5,19))),(8,(21,(10,(25,(24,1))))))));

STEP 27 [TBR_ClassicHeuristic_MP_RF -> NNI_Substep_19] - Distance: 235.0000
(((11,((27,(4,(29,(15,(20,(14,(2,6))))))),26)),(23,22)),((16,17),((28,(((((13,(30,(7,18))),12),9),3),(5,19))),(8,(21,(10,(25,(24,1))))))));

STEP 28 [TBR_ClassicHeuristic_MP_RF -> NNI_Substep_20] - Distance: 235.0000
(((11,(27,((4,(29,(15,(20,(14,(2,6)))))),26))),(23,22)),((16,17),((28,(((((13,(30,(7,18))),12),9),3),(5,19))),(8,(21,(10,(25,(24,1))))))));

STEP 29 [TBR_ClassicHeuristic_MP_RF -> NNI_Substep_21] - Distance: 234.0000
(((11,(27,(4,((29,(15,(20,(14,(2,6))))),26)))),(23,22)),((16,17),((28,(((((13,(30,(7,18))),12),9),3),(5,19))),(8,(21,(10,(25,(24,1))))))));

STEP 30 [TBR_ClassicHeuristic_MP_RF -> NNI_Substep_22] - Distance: 234.0000
(((11,(27,(4,(29,((15,(20,(14,(2,6)))),26))))),(23,22)),((16,17),((28,(((((13,(30,(7,18))),12),9),3),(5,19))),(8,(21,(10,(25,(24,1))))))));

STEP 31 [TBR_ClassicHeuristic_MP_RF -> NNI_Substep_23] - Distance: 233.0000
(((11,(27,(4,(29,((15,26),(20,(14,(2,6)))))))),(23,22)),((16,17),((28,(((((13,(30,(7,18))),12),9),3),(5,19))),(8,(21,(10,(25,(24,1))))))));

STEP 32 [TBR_ClassicHeuristic_MP_RF -> NNI_Substep_24] - Distance: 233.0000
(((11,(27,(4,(29,((15,26),(20,((14,2),6))))))),(23,22)),((16,17),((28,(((((13,(30,(7,18))),12),9),3),(5,19))),(8,(21,(10,(25,(24,1))))))));

STEP 33 [TBR_ClassicHeuristic_MP_RF -> NNI_Substep_25] - Distance: 233.0000
(((11,(27,(4,(29,((15,26),((20,(14,2)),6)))))),(23,22)),((16,17),((28,(((((13,(30,(7,18))),12),9),3),(5,19))),(8,(21,(10,(25,(24,1))))))));

STEP 34 [TBR_ClassicHeuristic_MP_RF -> NNI_Substep_26] - Distance: 233.0000
(((11,(27,(4,(29,(((15,26),(20,(14,2))),6))))),(23,22)),((16,17),((28,(((((13,(30,(7,18))),12),9),3),(5,19))),(8,(21,(10,(25,(24,1))))))));

STEP 35 [TBR_ClassicHeuristic_MP_RF -> NNI_Substep_27] - Distance: 232.0000
(((11,(27,(4,((29,((15,26),(20,(14,2)))),6)))),(23,22)),((16,17),((28,(((((13,(30,(7,18))),12),9),3),(5,19))),(8,(21,(10,(25,(24,1))))))));

STEP 36 [TBR_ClassicHeuristic_MP_RF -> NNI_Substep_28] - Distance: 232.0000
(((11,(27,((4,(29,((15,26),(20,(14,2))))),6))),(23,22)),((16,17),((28,(((((13,(30,(7,18))),12),9),3),(5,19))),(8,(21,(10,(25,(24,1))))))));

STEP 37 [TBR_ClassicHeuristic_MP_RF -> NNI_Substep_29] - Distance: 232.0000
(((11,((27,(4,(29,((15,26),(20,(14,2)))))),6)),(23,22)),((16,17),((28,(((((13,(30,(7,18))),12),9),3),(5,19))),(8,(21,(10,(25,(24,1))))))));

STEP 38 [TBR_ClassicHeuristic_MP_RF -> NNI_Substep_30] - Distance: 232.0000
((((11,(27,(4,(29,((15,26),(20,(14,2))))))),6),(23,22)),((16,17),((28,(((((13,(30,(7,18))),12),9),3),(5,19))),(8,(21,(10,(25,(24,1))))))));

STEP 39 [TBR_ClassicHeuristic_MP_RF -> NNI_Substep_31] - Distance: 232.0000
((((11,(27,(4,(29,((15,26),(20,(14,2))))))),(23,22)),6),((16,17),((28,(((((13,(30,(7,18))),12),9),3),(5,19))),(8,(21,(10,(25,(24,1))))))));

STEP 40 [TBR_ClassicHeuristic_MP_RF -> NNI_Substep_32] - Distance: 225.0000
(((11,(27,(4,(29,((15,26),(20,(14,2))))))),(23,22)),((16,17),(((28,(((((13,(30,(7,18))),12),9),3),(5,19))),(8,(21,(10,(25,(24,1)))))),6)));

STEP 41 [TBR_ClassicHeuristic_MP_RF -> NNI_Substep_33] - Distance: 221.0000
(((11,(27,(4,(29,((15,26),(20,(14,2))))))),(23,22)),((16,17),((28,(((((13,(30,(7,18))),12),9),3),(5,19))),((8,(21,(10,(25,(24,1))))),6))));

STEP 42 [TBR_ClassicHeuristic_MP_RF -> NNI_Substep_34] - Distance: 221.0000
(((11,(27,(4,(29,((15,26),(20,(14,2))))))),(23,22)),((16,17),((28,(((((13,(30,(7,18))),12),9),3),(5,19))),(8,((21,(10,(25,(24,1)))),6)))));

STEP 43 [TBR_ClassicHeuristic_MP_RF -> NNI_Substep_35] - Distance: 220.0000
(((11,(27,(4,(29,((15,26),(20,(14,2))))))),(23,22)),((16,17),((28,(((((13,(30,(7,18))),12),9),3),(5,19))),(8,(21,((10,(25,(24,1))),6))))));

STEP 44 [TBR_ClassicHeuristic_MP_RF -> NNI_Substep_36] - Distance: 219.0000
(((11,(27,(4,(29,((15,26),(20,(14,2))))))),(23,22)),((16,17),((28,(((((13,(30,(7,18))),12),9),3),(5,19))),(8,(21,(10,((25,(24,1)),6)))))));

STEP 45 [TBR_ClassicHeuristic_MP_RF -> NNI_Substep_37] - Distance: 219.0000
(((11,(27,(4,(29,((15,26),(20,(14,2))))))),(23,22)),((16,17),((28,(((((13,(30,(7,18))),12),9),3),(5,19))),(8,(21,(10,(25,((24,1),6))))))));

STEP 46 [TBR_ClassicHeuristic_MP_RF -> NNI_Substep_38] - Distance: 219.0000
(((11,(27,(4,(29,((15,26),(20,(14,2))))))),(23,22)),((16,17),((28,(((((13,(30,(7,18))),12),9),3),(5,19))),(8,(21,(10,(25,((24,6),1))))))));

STEP 47 [TBR_ClassicHeuristic_MP_RF -> NNI_Substep_39] - Distance: 219.0000
((((11,(4,(29,((15,26),(20,(14,2)))))),27),(23,22)),((16,17),((28,(((((13,(30,(7,18))),12),9),3),(5,19))),(8,(21,(10,(25,((24,6),1))))))));

STEP 48 [TBR_ClassicHeuristic_MP_RF -> NNI_Substep_40] - Distance: 219.0000
((((11,(4,(29,((15,26),(20,(14,2)))))),(23,22)),27),((16,17),((28,(((((13,(30,(7,18))),12),9),3),(5,19))),(8,(21,(10,(25,((24,6),1))))))));

STEP 49 [TBR_ClassicHeuristic_MP_RF -> NNI_Substep_41] - Distance: 212.0000
(((11,(4,(29,((15,26),(20,(14,2)))))),(23,22)),((16,17),(((28,(((((13,(30,(7,18))),12),9),3),(5,19))),(8,(21,(10,(25,((24,6),1)))))),27)));

STEP 50 [TBR_ClassicHeuristic_MP_RF -> NNI_Substep_42] - Distance: 208.0000
(((11,(4,(29,((15,26),(20,(14,2)))))),(23,22)),((16,17),(((28,(((((13,(30,(7,18))),12),9),3),(5,19))),27),(8,(21,(10,(25,((24,6),1))))))));

STEP 51 [TBR_ClassicHeuristic_MP_RF -> NNI_Substep_43] - Distance: 207.0000
(((11,(4,(29,((15,26),(20,(14,2)))))),(23,22)),((16,17),((28,((((((13,(30,(7,18))),12),9),3),(5,19)),27)),(8,(21,(10,(25,((24,6),1))))))));

STEP 52 [TBR_ClassicHeuristic_MP_RF -> NNI_Substep_44] - Distance: 207.0000
(((11,(4,(29,((15,26),(20,(14,2)))))),(23,22)),((16,17),((28,((((((13,(30,(7,18))),12),9),3),27),(5,19))),(8,(21,(10,(25,((24,6),1))))))));

STEP 53 [TBR_ClassicHeuristic_MP_RF -> NNI_Substep_45] - Distance: 206.0000
(((11,(4,(29,((15,26),(20,(14,2)))))),(23,22)),((16,17),((28,((((((13,(30,(7,18))),12),9),27),3),(5,19))),(8,(21,(10,(25,((24,6),1))))))));

STEP 54 [TBR_ClassicHeuristic_MP_RF -> NNI_Substep_46] - Distance: 206.0000
(((11,(4,(29,((15,26),(20,(14,2)))))),(23,22)),((16,17),((28,((((((13,(30,(7,18))),12),27),9),3),(5,19))),(8,(21,(10,(25,((24,6),1))))))));

STEP 55 [TBR_ClassicHeuristic_MP_RF -> NNI_Substep_47] - Distance: 206.0000
(((11,(4,(29,((15,26),(20,(14,2)))))),(23,22)),((16,17),((28,((((((13,(30,(7,18))),27),12),9),3),(5,19))),(8,(21,(10,(25,((24,6),1))))))));

STEP 56 [TBR_ClassicHeuristic_MP_RF -> NNI_Substep_48] - Distance: 206.0000
(((11,(4,(29,((15,26),(20,(14,2)))))),(23,22)),((16,17),((28,(((((13,((30,(7,18)),27)),12),9),3),(5,19))),(8,(21,(10,(25,((24,6),1))))))));

STEP 57 [TBR_ClassicHeuristic_MP_RF -> NNI_Substep_49] - Distance: 206.0000
(((11,(4,(29,((15,26),(20,(14,2)))))),(23,22)),((16,17),((28,(((((13,(30,((7,18),27))),12),9),3),(5,19))),(8,(21,(10,(25,((24,6),1))))))));

STEP 58 [TBR_ClassicHeuristic_MP_RF -> NNI_Substep_50] - Distance: 205.0000
(((11,(4,(29,((15,26),(20,(14,2)))))),(23,22)),((16,17),((28,(((((13,(30,(7,(18,27)))),12),9),3),(5,19))),(8,(21,(10,(25,((24,6),1))))))));

STEP 59 [TBR_ClassicHeuristic_MP_RF -> NNI_Substep_51] - Distance: 205.0000
(((11,(4,(29,((15,26),((20,2),14))))),(23,22)),((16,17),((28,(((((13,(30,(7,(18,27)))),12),9),3),(5,19))),(8,(21,(10,(25,((24,6),1))))))));

STEP 60 [TBR_ClassicHeuristic_MP_RF -> NNI_Substep_52] - Distance: 205.0000
(((11,(4,(29,(((15,26),(20,2)),14)))),(23,22)),((16,17),((28,(((((13,(30,(7,(18,27)))),12),9),3),(5,19))),(8,(21,(10,(25,((24,6),1))))))));

STEP 61 [TBR_ClassicHeuristic_MP_RF -> NNI_Substep_53] - Distance: 205.0000
(((11,(4,((29,((15,26),(20,2))),14))),(23,22)),((16,17),((28,(((((13,(30,(7,(18,27)))),12),9),3),(5,19))),(8,(21,(10,(25,((24,6),1))))))));

STEP 62 [TBR_ClassicHeuristic_MP_RF -> NNI_Substep_54] - Distance: 205.0000
(((11,((4,(29,((15,26),(20,2)))),14)),(23,22)),((16,17),((28,(((((13,(30,(7,(18,27)))),12),9),3),(5,19))),(8,(21,(10,(25,((24,6),1))))))));

STEP 63 [TBR_ClassicHeuristic_MP_RF -> NNI_Substep_55] - Distance: 205.0000
((((11,(4,(29,((15,26),(20,2))))),14),(23,22)),((16,17),((28,(((((13,(30,(7,(18,27)))),12),9),3),(5,19))),(8,(21,(10,(25,((24,6),1))))))));

STEP 64 [TBR_ClassicHeuristic_MP_RF -> NNI_Substep_56] - Distance: 205.0000
((((11,(4,(29,((15,26),(20,2))))),(23,22)),14),((16,17),((28,(((((13,(30,(7,(18,27)))),12),9),3),(5,19))),(8,(21,(10,(25,((24,6),1))))))));

STEP 65 [TBR_ClassicHeuristic_MP_RF -> NNI_Substep_57] - Distance: 196.0000
(((11,(4,(29,((15,26),(20,2))))),(23,22)),((16,17),(((28,(((((13,(30,(7,(18,27)))),12),9),3),(5,19))),(8,(21,(10,(25,((24,6),1)))))),14)));

STEP 66 [TBR_ClassicHeuristic_MP_RF -> NNI_Substep_58] - Distance: 192.0000
(((11,(4,(29,((15,26),(20,2))))),(23,22)),((16,17),(((28,(((((13,(30,(7,(18,27)))),12),9),3),(5,19))),14),(8,(21,(10,(25,((24,6),1))))))));

STEP 67 [TBR_ClassicHeuristic_MP_RF -> NNI_Substep_59] - Distance: 191.0000
(((11,(4,(29,((15,26),(20,2))))),(23,22)),((16,17),((28,((((((13,(30,(7,(18,27)))),12),9),3),(5,19)),14)),(8,(21,(10,(25,((24,6),1))))))));

STEP 68 [TBR_ClassicHeuristic_MP_RF -> NNI_Substep_60] - Distance: 191.0000
(((11,(4,(29,((15,26),(20,2))))),(23,22)),((16,17),((28,((((((13,(30,(7,(18,27)))),12),9),3),14),(5,19))),(8,(21,(10,(25,((24,6),1))))))));

STEP 69 [TBR_ClassicHeuristic_MP_RF -> NNI_Substep_61] - Distance: 190.0000
(((11,(4,(29,((15,26),(20,2))))),(23,22)),((16,17),((28,((((((13,(30,(7,(18,27)))),12),9),14),3),(5,19))),(8,(21,(10,(25,((24,6),1))))))));

STEP 70 [TBR_ClassicHeuristic_MP_RF -> NNI_Substep_62] - Distance: 190.0000
(((11,(4,(29,((15,26),(20,2))))),(23,22)),((16,17),((28,((((((13,(30,(7,(18,27)))),12),14),9),3),(5,19))),(8,(21,(10,(25,((24,6),1))))))));

STEP 71 [TBR_ClassicHeuristic_MP_RF -> NNI_Substep_63] - Distance: 190.0000
(((11,(4,(29,((15,26),(20,2))))),(23,22)),((16,17),((28,((((((13,(30,(7,(18,27)))),14),12),9),3),(5,19))),(8,(21,(10,(25,((24,6),1))))))));

STEP 72 [TBR_ClassicHeuristic_MP_RF -> NNI_Substep_64] - Distance: 190.0000
(((11,(4,(29,((15,26),(20,2))))),(23,22)),((16,17),((28,(((((13,((30,(7,(18,27))),14)),12),9),3),(5,19))),(8,(21,(10,(25,((24,6),1))))))));

STEP 73 [TBR_ClassicHeuristic_MP_RF -> NNI_Substep_65] - Distance: 190.0000
(((11,(4,(29,((15,26),(20,2))))),(23,22)),((16,17),((28,(((((13,(30,((7,(18,27)),14))),12),9),3),(5,19))),(8,(21,(10,(25,((24,6),1))))))));

STEP 74 [TBR_ClassicHeuristic_MP_RF -> NNI_Substep_66] - Distance: 189.0000
(((11,(4,(29,((15,26),(20,2))))),(23,22)),((16,17),((28,(((((13,(30,(7,((18,27),14)))),12),9),3),(5,19))),(8,(21,(10,(25,((24,6),1))))))));

STEP 75 [TBR_ClassicHeuristic_MP_RF -> NNI_Substep_67] - Distance: 192.0000
(((11,(4,(29,((15,26),(20,2))))),(23,22)),((16,17),(((28,(((((13,(30,(7,((18,27),14)))),12),9),3),(5,19))),(21,(10,(25,((24,6),1))))),8)));

STEP 76 [TBR_ClassicHeuristic_MP_RF -> NNI_Substep_68] - Distance: 188.0000
(((11,(4,(29,((15,26),(20,2))))),(23,22)),((16,17),(((28,(((((13,(30,(7,((18,27),14)))),12),9),3),(5,19))),8),(21,(10,(25,((24,6),1)))))));

STEP 77 [TBR_ClassicHeuristic_MP_RF -> NNI_Substep_69] - Distance: 187.0000
(((11,(4,(29,((15,26),(20,2))))),(23,22)),((16,17),((28,((((((13,(30,(7,((18,27),14)))),12),9),3),(5,19)),8)),(21,(10,(25,((24,6),1)))))));

STEP 78 [TBR_ClassicHeuristic_MP_RF -> NNI_Substep_70] - Distance: 187.0000
(((11,(4,(29,((15,26),(20,2))))),(23,22)),((16,17),((28,((((((13,(30,(7,((18,27),14)))),12),9),3),8),(5,19))),(21,(10,(25,((24,6),1)))))));

STEP 79 [TBR_ClassicHeuristic_MP_RF -> NNI_Substep_71] - Distance: 186.0000
(((11,(4,(29,((15,26),(20,2))))),(23,22)),((16,17),((28,((((((13,(30,(7,((18,27),14)))),12),9),8),3),(5,19))),(21,(10,(25,((24,6),1)))))));

STEP 80 [TBR_ClassicHeuristic_MP_RF -> NNI_Substep_72] - Distance: 186.0000
(((11,(4,(29,((15,26),(20,2))))),(23,22)),((16,17),((28,((((((13,(30,(7,((18,27),14)))),12),8),9),3),(5,19))),(21,(10,(25,((24,6),1)))))));

STEP 81 [TBR_ClassicHeuristic_MP_RF -> NNI_Substep_73] - Distance: 186.0000
(((11,(4,(29,((15,26),(20,2))))),(23,22)),((16,17),((28,((((((13,(30,(7,((18,27),14)))),8),12),9),3),(5,19))),(21,(10,(25,((24,6),1)))))));

STEP 82 [TBR_ClassicHeuristic_MP_RF -> NNI_Substep_74] - Distance: 186.0000
(((11,(4,(29,((15,26),(20,2))))),(23,22)),((16,17),((28,(((((13,((30,(7,((18,27),14))),8)),12),9),3),(5,19))),(21,(10,(25,((24,6),1)))))));

STEP 83 [TBR_ClassicHeuristic_MP_RF -> NNI_Substep_75] - Distance: 186.0000
(((11,(4,(29,((15,26),(20,2))))),(23,22)),((16,17),((28,(((((13,(30,((7,((18,27),14)),8))),12),9),3),(5,19))),(21,(10,(25,((24,6),1)))))));

STEP 84 [TBR_ClassicHeuristic_MP_RF -> NNI_Substep_76] - Distance: 183.0000
(((11,(4,(29,((15,26),(20,2))))),(23,22)),((16,17),((28,(((((13,(30,((7,8),((18,27),14)))),12),9),3),(5,19))),(21,(10,(25,((24,6),1)))))));

STEP 85 [TBR_ClassicHeuristic_MP_RF -> NNI_Substep_77] - Distance: 183.0000
(((11,(4,(29,((15,26),(20,2))))),(23,22)),((16,17),((28,((((((13,(30,((7,8),((18,27),14)))),12),9),3),5),19)),(21,(10,(25,((24,6),1)))))));

STEP 86 [TBR_ClassicHeuristic_MP_RF -> NNI_Substep_78] - Distance: 183.0000
(((11,(4,(29,((15,26),(20,2))))),(23,22)),((16,17),(((28,(((((13,(30,((7,8),((18,27),14)))),12),9),3),5)),19),(21,(10,(25,((24,6),1)))))));

STEP 87 [TBR_ClassicHeuristic_MP_RF -> NNI_Substep_79] - Distance: 185.0000
(((11,(4,(29,((15,26),(20,2))))),(23,22)),((16,17),(((28,(((((13,(30,((7,8),((18,27),14)))),12),9),3),5)),(21,(10,(25,((24,6),1))))),19)));

STEP 88 [TBR_ClassicHeuristic_MP_RF -> NNI_Substep_80] - Distance: 178.0000
(((11,(4,(29,((15,26),(20,2))))),(23,22)),((16,17),((28,(((((13,(30,((7,8),((18,27),14)))),12),9),3),5)),((21,(10,(25,((24,6),1)))),19))));

STEP 89 [TBR_ClassicHeuristic_MP_RF -> NNI_Substep_81] - Distance: 175.0000
(((11,(4,(29,((15,26),(20,2))))),(23,22)),((16,17),((28,(((((13,(30,((7,8),((18,27),14)))),12),9),3),5)),((21,19),(10,(25,((24,6),1)))))));

STEP 90 [TBR_ClassicHeuristic_MP_RF -> NNI_Substep_82] - Distance: 175.0000
(((11,(4,(29,((15,26),(20,2))))),(23,22)),((16,17),((28,(((((13,(30,((7,8),((18,27),14)))),9),12),3),5)),((21,19),(10,(25,((24,6),1)))))));

STEP 91 [TBR_ClassicHeuristic_MP_RF -> NNI_Substep_83] - Distance: 175.0000
(((11,(4,(29,((15,26),(20,2))))),(23,22)),((16,17),((28,(((((13,(30,((7,8),((18,27),14)))),9),3),12),5)),((21,19),(10,(25,((24,6),1)))))));

STEP 92 [TBR_ClassicHeuristic_MP_RF -> NNI_Substep_84] - Distance: 175.0000
(((11,(4,(29,((15,26),(20,2))))),(23,22)),((16,17),((28,(((((13,(30,((7,8),((18,27),14)))),9),3),5),12)),((21,19),(10,(25,((24,6),1)))))));

STEP 93 [TBR_ClassicHeuristic_MP_RF -> NNI_Substep_85] - Distance: 175.0000
(((11,(4,(29,((15,26),(20,2))))),(23,22)),((16,17),(((28,((((13,(30,((7,8),((18,27),14)))),9),3),5)),12),((21,19),(10,(25,((24,6),1)))))));

STEP 94 [TBR_ClassicHeuristic_MP_RF -> NNI_Substep_86] - Distance: 175.0000
(((11,(4,(29,((15,26),(20,2))))),(23,22)),((16,17),(((28,((((13,(30,((7,8),((18,27),14)))),9),3),5)),((21,19),(10,(25,((24,6),1))))),12)));

STEP 95 [TBR_ClassicHeuristic_MP_RF -> NNI_Substep_87] - Distance: 168.0000
(((11,(4,(29,((15,26),(20,2))))),(23,22)),((16,17),((28,((((13,(30,((7,8),((18,27),14)))),9),3),5)),(((21,19),(10,(25,((24,6),1)))),12))));

STEP 96 [TBR_ClassicHeuristic_MP_RF -> NNI_Substep_88] - Distance: 165.0000
(((11,(4,(29,((15,26),(20,2))))),(23,22)),((16,17),((28,((((13,(30,((7,8),((18,27),14)))),9),3),5)),(((21,19),12),(10,(25,((24,6),1)))))));

STEP 97 [TBR_ClassicHeuristic_MP_RF -> NNI_Substep_89] - Distance: 165.0000
(((11,(4,(29,((15,26),(20,2))))),(23,22)),((16,17),((28,((((13,(30,((7,8),((18,27),14)))),9),3),5)),(((21,19),12),(10,((25,(24,6)),1))))));

STEP 98 [TBR_ClassicHeuristic_MP_RF -> NNI_Substep_90] - Distance: 165.0000
(((11,(4,(29,((15,26),(20,2))))),(23,22)),((16,17),((28,((((13,(30,((7,8),((18,27),14)))),9),3),5)),(((21,19),12),((10,(25,(24,6))),1)))));

STEP 99 [TBR_ClassicHeuristic_MP_RF -> NNI_Substep_91] - Distance: 165.0000
(((11,(4,(29,((15,26),(20,2))))),(23,22)),((16,17),((28,((((13,(30,((7,8),((18,27),14)))),9),3),5)),((((21,19),12),(10,(25,(24,6)))),1))));

STEP 100 [TBR_ClassicHeuristic_MP_RF -> NNI_Substep_92] - Distance: 167.0000
(((11,(4,(29,((15,26),(20,2))))),(23,22)),((16,17),(((28,((((13,(30,((7,8),((18,27),14)))),9),3),5)),(((21,19),12),(10,(25,(24,6))))),1)));

STEP 101 [TBR_ClassicHeuristic_MP_RF -> NNI_Substep_93] - Distance: 161.0000
(((11,(4,(29,((15,26),(20,2))))),(23,22)),((16,17),(((28,((((13,(30,((7,8),((18,27),14)))),9),3),5)),1),(((21,19),12),(10,(25,(24,6)))))));

STEP 102 [TBR_ClassicHeuristic_MP_RF -> NNI_Substep_94] - Distance: 155.0000
(((11,(4,(29,((15,26),(20,2))))),(23,22)),((16,17),(((28,1),((((13,(30,((7,8),((18,27),14)))),9),3),5)),(((21,19),12),(10,(25,(24,6)))))));

STEP 103 [TBR_ClassicHeuristic_MP_RF -> NNI_Substep_95] - Distance: 152.0000
((((11,4),(29,((15,26),(20,2)))),(23,22)),((16,17),(((28,1),((((13,(30,((7,8),((18,27),14)))),9),3),5)),(((21,19),12),(10,(25,(24,6)))))));

STEP 104 [TBR_ClassicHeuristic_MP_RF -> NNI_Substep_96] - Distance: 154.0000
((((11,4),(23,22)),(29,((15,26),(20,2)))),((16,17),(((28,1),((((13,(30,((7,8),((18,27),14)))),9),3),5)),(((21,19),12),(10,(25,(24,6)))))));

STEP 105 [TBR_ClassicHeuristic_MP_RF -> NNI_Substep_97] - Distance: 148.0000
(((11,4),((23,22),(29,((15,26),(20,2))))),((16,17),(((28,1),((((13,(30,((7,8),((18,27),14)))),9),3),5)),(((21,19),12),(10,(25,(24,6)))))));

STEP 106 [TBR_ClassicHeuristic_MP_RF -> NNI_Substep_98] - Distance: 148.0000
(((11,4),(29,(((15,26),(20,2)),(23,22)))),((16,17),(((28,1),((((13,(30,((7,8),((18,27),14)))),9),3),5)),(((21,19),12),(10,(25,(24,6)))))));

STEP 107 [TBR_ClassicHeuristic_MP_RF -> NNI_Substep_99] - Distance: 146.0000
(((11,4),(29,(((15,26),(23,22)),(20,2)))),((16,17),(((28,1),((((13,(30,((7,8),((18,27),14)))),9),3),5)),(((21,19),12),(10,(25,(24,6)))))));

STEP 108 [TBR_ClassicHeuristic_MP_RF -> NNI_Substep_100] - Distance: 146.0000
(((11,4),(((15,26),(23,22)),((20,2),29))),((16,17),(((28,1),((((13,(30,((7,8),((18,27),14)))),9),3),5)),(((21,19),12),(10,(25,(24,6)))))));

STEP 109 [TBR_ClassicHeuristic_MP_RF -> NNI_Substep_101] - Distance: 146.0000
(((11,4),(((15,26),(23,22)),((20,29),2))),((16,17),(((28,1),((((13,(30,((7,8),((18,27),14)))),9),3),5)),(((21,19),12),(10,(25,(24,6)))))));

STEP 110 [TBR_ClassicHeuristic_MP_RF -> NNI_Substep_102] - Distance: 146.0000
(((11,4),((((15,26),(23,22)),2),(20,29))),((16,17),(((28,1),((((13,(30,((7,8),((18,27),14)))),9),3),5)),(((21,19),12),(10,(25,(24,6)))))));

STEP 111 [TBR_ClassicHeuristic_MP_RF -> NNI_Substep_103] - Distance: 146.0000
((((11,4),(((15,26),(23,22)),2)),(20,29)),((16,17),(((28,1),((((13,(30,((7,8),((18,27),14)))),9),3),5)),(((21,19),12),(10,(25,(24,6)))))));

STEP 112 [TBR_ClassicHeuristic_MP_RF -> NNI_Substep_104] - Distance: 130.0000
(((11,4),(((15,26),(23,22)),2)),((16,17),((((28,1),((((13,(30,((7,8),((18,27),14)))),9),3),5)),(((21,19),12),(10,(25,(24,6))))),(20,29))));

STEP 113 [TBR_ClassicHeuristic_MP_RF -> NNI_Substep_105] - Distance: 114.0000
(((11,4),(((15,26),(23,22)),2)),((16,17),(((28,1),((((13,(30,((7,8),((18,27),14)))),9),3),5)),((((21,19),12),(10,(25,(24,6)))),(20,29)))));

STEP 114 [TBR_ClassicHeuristic_MP_RF -> NNI_Substep_106] - Distance: 108.0000
(((11,4),(((15,26),(23,22)),2)),((16,17),(((28,1),((((13,(30,((7,8),((18,27),14)))),9),3),5)),(((21,19),12),((10,(25,(24,6))),(20,29))))));

STEP 115 [TBR_ClassicHeuristic_MP_RF -> NNI_Substep_107] - Distance: 104.0000
(((11,4),(((15,26),(23,22)),2)),((16,17),(((28,1),((((13,(30,((7,8),((18,27),14)))),9),3),5)),(((21,19),12),((10,(20,29)),(25,(24,6)))))));

STEP 116 [TBR_ClassicHeuristic_MP_RF -> NNI_Substep_108] - Distance: 104.0000
(((11,4),(((15,26),(23,22)),2)),((16,17),((((28,1),(((13,(30,((7,8),((18,27),14)))),9),3)),5),(((21,19),12),((10,(20,29)),(25,(24,6)))))));

STEP 117 [TBR_ClassicHeuristic_MP_RF -> NNI_Substep_109] - Distance: 103.0000
(((11,4),(((15,26),(23,22)),2)),((16,17),((((28,1),(((13,(30,((7,8),((18,27),14)))),9),3)),(((21,19),12),((10,(20,29)),(25,(24,6))))),5)));

STEP 118 [TBR_ClassicHeuristic_MP_RF -> NNI_Substep_110] - Distance: 95.0000
(((11,4),(((15,26),(23,22)),2)),((16,17),(((28,1),(((13,(30,((7,8),((18,27),14)))),9),3)),((((21,19),12),((10,(20,29)),(25,(24,6)))),5))));

STEP 119 [TBR_ClassicHeuristic_MP_RF -> NNI_Substep_111] - Distance: 92.0000
(((11,4),(((15,26),(23,22)),2)),((16,17),(((28,1),(((13,(30,((7,8),((18,27),14)))),9),3)),(((21,19),12),(((10,(20,29)),(25,(24,6))),5)))));

STEP 120 [TBR_ClassicHeuristic_MP_RF -> NNI_Substep_112] - Distance: 90.0000
(((11,4),(((15,26),(23,22)),2)),((16,17),(((28,1),(((13,(30,((7,8),((18,27),14)))),9),3)),(((21,19),12),(((10,(20,29)),5),(25,(24,6)))))));

STEP 121 [TBR_ClassicHeuristic_MP_RF -> NNI_Substep_113] - Distance: 90.0000
(((11,4),(((15,26),(23,22)),2)),((16,17),(((28,1),(((13,(30,((7,8),((18,27),14)))),9),3)),(((21,19),12),((((10,(20,29)),5),(24,6)),25)))));

STEP 122 [TBR_ClassicHeuristic_MP_RF -> NNI_Substep_114] - Distance: 90.0000
(((11,4),(((15,26),(23,22)),2)),((16,17),(((28,1),(((13,(30,((7,8),((18,27),14)))),9),3)),((((21,19),12),(((10,(20,29)),5),(24,6))),25))));

STEP 123 [TBR_ClassicHeuristic_MP_RF -> NNI_Substep_115] - Distance: 83.0000
(((11,4),(((15,26),(23,22)),2)),((16,17),((((28,1),(((13,(30,((7,8),((18,27),14)))),9),3)),(((21,19),12),(((10,(20,29)),5),(24,6)))),25)));

STEP 124 [TBR_ClassicHeuristic_MP_RF -> NNI_Substep_116] - Distance: 74.0000
(((11,4),(((15,26),(23,22)),2)),((16,17),((((28,1),(((13,(30,((7,8),((18,27),14)))),9),3)),25),(((21,19),12),(((10,(20,29)),5),(24,6))))));

STEP 125 [TBR_ClassicHeuristic_MP_RF -> NNI_Substep_117] - Distance: 74.0000
(((11,4),(((15,26),(23,22)),2)),((16,17),((((28,1),((((30,((7,8),((18,27),14))),9),13),3)),25),(((21,19),12),(((10,(20,29)),5),(24,6))))));

STEP 126 [TBR_ClassicHeuristic_MP_RF -> NNI_Substep_118] - Distance: 74.0000
(((11,4),(((15,26),(23,22)),2)),((16,17),((((28,1),((((30,((7,8),((18,27),14))),9),3),13)),25),(((21,19),12),(((10,(20,29)),5),(24,6))))));

STEP 127 [TBR_ClassicHeuristic_MP_RF -> NNI_Substep_119] - Distance: 74.0000
(((11,4),(((15,26),(23,22)),2)),((16,17),(((((28,1),(((30,((7,8),((18,27),14))),9),3)),13),25),(((21,19),12),(((10,(20,29)),5),(24,6))))));

STEP 128 [TBR_ClassicHeuristic_MP_RF -> NNI_Substep_120] - Distance: 74.0000
(((11,4),(((15,26),(23,22)),2)),((16,17),(((((28,1),(((30,((7,8),((18,27),14))),9),3)),25),13),(((21,19),12),(((10,(20,29)),5),(24,6))))));

STEP 129 [TBR_ClassicHeuristic_MP_RF -> NNI_Substep_121] - Distance: 65.0000
(((11,4),(((15,26),(23,22)),2)),((16,17),(((((28,1),(((30,((7,8),((18,27),14))),9),3)),25),(((21,19),12),(((10,(20,29)),5),(24,6)))),13)));

STEP 130 [TBR_ClassicHeuristic_MP_RF -> NNI_Substep_122] - Distance: 56.0000
(((11,4),(((15,26),(23,22)),2)),((16,17),((((28,1),(((30,((7,8),((18,27),14))),9),3)),25),((((21,19),12),(((10,(20,29)),5),(24,6))),13))));

STEP 131 [TBR_ClassicHeuristic_MP_RF -> NNI_Substep_123] - Distance: 56.0000
(((11,4),(((15,26),(23,22)),2)),((16,17),((((28,1),(((30,9),((7,8),((18,27),14))),3)),25),((((21,19),12),(((10,(20,29)),5),(24,6))),13))));

STEP 132 [TBR_ClassicHeuristic_MP_RF -> NNI_Substep_124] - Distance: 56.0000
(((11,4),(((15,26),(23,22)),2)),((16,17),((((28,1),(((30,9),3),((7,8),((18,27),14)))),25),((((21,19),12),(((10,(20,29)),5),(24,6))),13))));

STEP 133 [TBR_ClassicHeuristic_MP_RF -> NNI_Substep_125] - Distance: 56.0000
(((11,4),(((15,26),(23,22)),2)),((16,17),((((28,1),((30,9),(3,((7,8),((18,27),14))))),25),((((21,19),12),(((10,(20,29)),5),(24,6))),13))));

STEP 134 [TBR_ClassicHeuristic_MP_RF -> NNI_Substep_126] - Distance: 56.0000
(((11,4),(((15,26),(23,22)),2)),((16,17),(((((28,1),(3,((7,8),((18,27),14)))),(30,9)),25),((((21,19),12),(((10,(20,29)),5),(24,6))),13))));

STEP 135 [TBR_ClassicHeuristic_MP_RF -> NNI_Substep_127] - Distance: 56.0000
(((11,4),(((15,26),(23,22)),2)),((16,17),(((((28,1),(3,((7,8),((18,27),14)))),25),(30,9)),((((21,19),12),(((10,(20,29)),5),(24,6))),13))));

STEP 136 [TBR_ClassicHeuristic_MP_RF -> NNI_Substep_128] - Distance: 56.0000
(((11,4),(((15,26),(23,22)),2)),((16,17),(((((28,1),(3,((7,8),((18,27),14)))),25),((((21,19),12),(((10,(20,29)),5),(24,6))),13)),(30,9))));

STEP 137 [TBR_ClassicHeuristic_MP_RF -> NNI_Substep_129] - Distance: 56.0000
(((11,4),(((15,26),(23,22)),2)),(((16,17),((((28,1),(3,((7,8),((18,27),14)))),25),((((21,19),12),(((10,(20,29)),5),(24,6))),13))),(30,9)));

STEP 138 [TBR_ClassicHeuristic_MP_RF -> NNI_Substep_130] - Distance: 2.0000
(((11,4),((((15,26),(23,22)),2),(30,9))),((16,17),((((28,1),(3,((7,8),((18,27),14)))),25),((((21,19),12),(((10,(20,29)),5),(24,6))),13))));

STEP 139 [TBR_ClassicHeuristic_MP_RF -> NNI_Substep_131] - Distance: 0.0000
(((11,4),((((15,26),(23,22)),(30,9)),2)),((16,17),((((28,1),(3,((7,8),((18,27),14)))),25),((((21,19),12),(((10,(20,29)),5),(24,6))),13))));

========================================================
[FINAL] Total Steps: 139 | Final Distance: 0.0000
========================================================
