========================================================
HEURISTIC TRAJECTORY: VND Classic (MC_RF)
========================================================
STEP 0 [START] - Distance: 141.0000
((28,(((((24,27),((14,(1,6)),(2,(4,9)))),(18,(26,12))),((19,8),(22,5))),(21,3))),(((23,(30,7)),(((13,10),(11,25)),(15,16))),(20,(29,17))));

STEP 1 [NNI_ClassicHeuristic_MC_RF -> NNI_Substep_1] - Distance: 126.0000
(((21,3),(((((24,27),((14,(1,6)),(2,(4,9)))),(18,(26,12))),((19,8),(22,5))),(((23,(30,7)),(((13,10),(11,25)),(15,16))),(20,(29,17))))),28);

STEP 2 [NNI_ClassicHeuristic_MC_RF -> NNI_Substep_2] - Distance: 123.0000
(((21,3),(((((2,(4,9)),((14,(1,6)),(24,27))),(18,(26,12))),((19,8),(22,5))),(((23,(30,7)),(((13,10),(11,25)),(15,16))),(20,(29,17))))),28);

STEP 3 [NNI_ClassicHeuristic_MC_RF -> NNI_Substep_3] - Distance: 120.0000
(((21,3),(((((2,(4,9)),((14,(1,6)),(24,27))),((19,8),(22,5))),(18,(26,12))),(((23,(30,7)),(((13,10),(11,25)),(15,16))),(20,(29,17))))),28);

STEP 4 [NNI_ClassicHeuristic_MC_RF -> NNI_Substep_4] - Distance: 119.0000
(((21,3),((((((19,8),(22,5)),((14,(1,6)),(24,27))),(2,(4,9))),(18,(26,12))),(((23,(30,7)),(((13,10),(11,25)),(15,16))),(20,(29,17))))),28);

STEP 5 [NNI_ClassicHeuristic_MC_RF -> NNI_Substep_5] - Distance: 118.0000
(((21,3),(((((((14,(1,6)),(24,27)),(22,5)),(19,8)),(2,(4,9))),(18,(26,12))),(((23,(30,7)),(((13,10),(11,25)),(15,16))),(20,(29,17))))),28);

STEP 6 [NNI_ClassicHeuristic_MC_RF -> NNI_Substep_6] - Distance: 116.0000
(((21,3),(((((2,(4,9)),(19,8)),(((14,(1,6)),(24,27)),(22,5))),(18,(26,12))),(((23,(30,7)),(((13,10),(11,25)),(15,16))),(20,(29,17))))),28);

STEP 7 [NNI_ClassicHeuristic_MC_RF -> NNI_Substep_7] - Distance: 115.0000
(((21,3),(((((2,(4,9)),(19,8)),(((22,5),(24,27)),(14,(1,6)))),(18,(26,12))),(((23,(30,7)),(((13,10),(11,25)),(15,16))),(20,(29,17))))),28);

STEP 8 [NNI_ClassicHeuristic_MC_RF -> NNI_Substep_8] - Distance: 114.0000
(((21,3),(((((2,(4,9)),(19,8)),(((22,(24,27)),5),(14,(1,6)))),(18,(26,12))),(((23,(30,7)),(((13,10),(11,25)),(15,16))),(20,(29,17))))),28);

STEP 9 [NNI_ClassicHeuristic_MC_RF -> NNI_Substep_9] - Distance: 113.0000
(((21,3),(((((2,(4,9)),(19,8)),(((22,(24,27)),5),(14,(1,6)))),(18,(26,12))),((((13,10),(11,25)),((23,(30,7)),(15,16))),(20,(29,17))))),28);

STEP 10 [NNI_ClassicHeuristic_MC_RF -> NNI_Substep_10] - Distance: 112.0000
(((21,3),(((((2,(4,9)),(19,8)),(((22,(24,27)),5),(14,(1,6)))),(18,(26,12))),(((20,(29,17)),((23,(30,7)),(15,16))),((13,10),(11,25))))),28);

STEP 11 [TBR_ClassicHeuristic_MC_RF -> NNI_Substep_1] - Distance: 121.0000
((21,3),(((((2,(4,9)),(19,8)),(((22,(24,27)),5),(14,(1,6)))),(18,(26,12))),((((20,(29,17)),((23,(30,7)),(15,16))),((13,10),(11,25))),28)));

STEP 12 [TBR_ClassicHeuristic_MC_RF -> NNI_Substep_2] - Distance: 118.0000
((21,3),(((((2,(4,9)),(19,8)),(((22,(24,27)),5),(14,(1,6)))),(18,(26,12))),((((20,(29,17)),((23,(30,7)),(15,16))),28),((13,10),(11,25)))));

STEP 13 [TBR_ClassicHeuristic_MC_RF -> NNI_Substep_3] - Distance: 116.0000
((21,3),(((((2,(4,9)),(19,8)),(((22,(24,27)),5),(14,(1,6)))),(18,(26,12))),(((20,(29,17)),(((23,(30,7)),(15,16)),28)),((13,10),(11,25)))));

STEP 14 [TBR_ClassicHeuristic_MC_RF -> NNI_Substep_4] - Distance: 112.0000
((21,3),(((((2,(4,9)),(19,8)),(((22,(24,27)),5),(14,(1,6)))),(18,(26,12))),(((20,(29,17)),((23,(30,7)),((15,16),28))),((13,10),(11,25)))));

STEP 15 [TBR_ClassicHeuristic_MC_RF -> NNI_Substep_5] - Distance: 110.0000
((21,3),(((((2,(4,9)),(19,8)),(((22,(24,27)),5),(14,(1,6)))),(18,(26,12))),(((20,(29,17)),((23,(30,7)),(15,(16,28)))),((13,10),(11,25)))));

STEP 16 [TBR_ClassicHeuristic_MC_RF -> NNI_Substep_6] - Distance: 113.0000
((21,3),(((((2,(4,9)),(19,8)),((((22,(24,27)),5),(1,6)),14)),(18,(26,12))),(((20,(29,17)),((23,(30,7)),(15,(16,28)))),((13,10),(11,25)))));

STEP 17 [TBR_ClassicHeuristic_MC_RF -> NNI_Substep_7] - Distance: 110.0000
((21,3),(((((2,(4,9)),(19,8)),((((22,(24,27)),5),14),(1,6))),(18,(26,12))),(((20,(29,17)),((23,(30,7)),(15,(16,28)))),((13,10),(11,25)))));

STEP 18 [TBR_ClassicHeuristic_MC_RF -> NNI_Substep_8] - Distance: 108.0000
((21,3),(((((2,(4,9)),(19,8)),((((22,(24,27)),14),5),(1,6))),(18,(26,12))),(((20,(29,17)),((23,(30,7)),(15,(16,28)))),((13,10),(11,25)))));

STEP 19 [TBR_ClassicHeuristic_MC_RF -> NNI_Substep_9] - Distance: 108.0000
((21,3),(((((2,(4,9)),(19,8)),(((22,((24,27),14)),5),(1,6))),(18,(26,12))),(((20,(29,17)),((23,(30,7)),(15,(16,28)))),((13,10),(11,25)))));

STEP 20 [TBR_ClassicHeuristic_MC_RF -> NNI_Substep_10] - Distance: 108.0000
((21,3),(((((2,(4,9)),(19,8)),(((22,((24,14),27)),5),(1,6))),(18,(26,12))),(((20,(29,17)),((23,(30,7)),(15,(16,28)))),((13,10),(11,25)))));

STEP 21 [TBR_ClassicHeuristic_MC_RF -> NNI_Substep_11] - Distance: 105.0000
((21,3),(((((2,(4,9)),(19,8)),((5,((24,14),(27,22))),(1,6))),(18,(26,12))),(((20,(29,17)),((23,(30,7)),(15,(16,28)))),((13,10),(11,25)))));

STEP 22 [TBR_ClassicHeuristic_MC_RF -> NNI_Substep_12] - Distance: 105.0000
((21,3),(((((2,(4,9)),(19,8)),((5,(1,6)),((24,14),(27,22)))),(18,(26,12))),(((20,(29,17)),((23,(30,7)),(15,(16,28)))),((13,10),(11,25)))));

STEP 23 [TBR_ClassicHeuristic_MC_RF -> NNI_Substep_13] - Distance: 110.0000
((21,3),((((((2,(4,9)),(19,8)),(5,(1,6))),((24,14),(27,22))),(18,(26,12))),(((20,(29,17)),((23,(30,7)),(15,(16,28)))),((13,10),(11,25)))));

STEP 24 [TBR_ClassicHeuristic_MC_RF -> NNI_Substep_14] - Distance: 115.0000
((21,3),((((((2,(4,9)),(19,8)),(5,(1,6))),(18,(26,12))),((24,14),(27,22))),(((20,(29,17)),((23,(30,7)),(15,(16,28)))),((13,10),(11,25)))));

STEP 25 [TBR_ClassicHeuristic_MC_RF -> NNI_Substep_15] - Distance: 112.0000
((21,3),((((((2,(4,9)),(19,8)),(5,(1,6))),(18,(26,12))),(((20,(29,17)),((23,(30,7)),(15,(16,28)))),((13,10),(11,25)))),((24,14),(27,22))));

STEP 26 [TBR_ClassicHeuristic_MC_RF -> NNI_Substep_16] - Distance: 113.0000
((21,3),(((((2,(4,9)),(19,8)),(5,(1,6))),(18,(26,12))),((((20,(29,17)),((23,(30,7)),(15,(16,28)))),((13,10),(11,25))),((24,14),(27,22)))));

STEP 27 [TBR_ClassicHeuristic_MC_RF -> NNI_Substep_17] - Distance: 109.0000
((21,3),(((((2,(4,9)),(19,8)),(5,(1,6))),(18,(26,12))),((((20,(29,17)),((23,(30,7)),(15,(16,28)))),((24,14),(27,22))),((13,10),(11,25)))));

STEP 28 [TBR_ClassicHeuristic_MC_RF -> NNI_Substep_18] - Distance: 99.0000
((21,3),(((((2,(4,9)),(19,8)),(5,(1,6))),(18,(26,12))),((((20,(29,17)),((24,14),(27,22))),((23,(30,7)),(15,(16,28)))),((13,10),(11,25)))));

STEP 29 [TBR_ClassicHeuristic_MC_RF -> NNI_Substep_19] - Distance: 94.0000
((21,3),(((((2,(4,9)),(19,8)),(5,(1,6))),(18,(26,12))),(((20,((29,17),((24,14),(27,22)))),((23,(30,7)),(15,(16,28)))),((13,10),(11,25)))));

STEP 30 [TBR_ClassicHeuristic_MC_RF -> NNI_Substep_20] - Distance: 96.0000
((21,3),((((((2,(4,9)),8),19),(5,(1,6))),(18,(26,12))),(((20,((29,17),((24,14),(27,22)))),((23,(30,7)),(15,(16,28)))),((13,10),(11,25)))));

STEP 31 [TBR_ClassicHeuristic_MC_RF -> NNI_Substep_21] - Distance: 98.0000
((21,3),((((((2,(4,9)),8),(5,(1,6))),19),(18,(26,12))),(((20,((29,17),((24,14),(27,22)))),((23,(30,7)),(15,(16,28)))),((13,10),(11,25)))));

STEP 32 [TBR_ClassicHeuristic_MC_RF -> NNI_Substep_22] - Distance: 100.0000
((21,3),((((((2,(4,9)),8),(5,(1,6))),(18,(26,12))),19),(((20,((29,17),((24,14),(27,22)))),((23,(30,7)),(15,(16,28)))),((13,10),(11,25)))));

STEP 33 [TBR_ClassicHeuristic_MC_RF -> NNI_Substep_23] - Distance: 98.0000
((21,3),((((((2,(4,9)),8),(5,(1,6))),(18,(26,12))),(((20,((29,17),((24,14),(27,22)))),((23,(30,7)),(15,(16,28)))),((13,10),(11,25)))),19));

STEP 34 [TBR_ClassicHeuristic_MC_RF -> NNI_Substep_24] - Distance: 101.0000
((21,3),(((((2,(4,9)),8),(5,(1,6))),(18,(26,12))),((((20,((29,17),((24,14),(27,22)))),((23,(30,7)),(15,(16,28)))),((13,10),(11,25))),19)));

STEP 35 [TBR_ClassicHeuristic_MC_RF -> NNI_Substep_25] - Distance: 100.0000
((21,3),(((((2,(4,9)),8),(5,(1,6))),(18,(26,12))),((((20,((29,17),((24,14),(27,22)))),((23,(30,7)),(15,(16,28)))),19),((13,10),(11,25)))));

STEP 36 [TBR_ClassicHeuristic_MC_RF -> NNI_Substep_26] - Distance: 92.0000
((21,3),(((((2,(4,9)),8),(5,(1,6))),(18,(26,12))),(((20,((29,17),((24,14),(27,22)))),(((23,(30,7)),(15,(16,28))),19)),((13,10),(11,25)))));

STEP 37 [TBR_ClassicHeuristic_MC_RF -> NNI_Substep_27] - Distance: 90.0000
((21,3),(((((2,(4,9)),8),(5,(1,6))),(18,(26,12))),(((20,((29,17),((24,14),(27,22)))),(((23,(30,7)),19),(15,(16,28)))),((13,10),(11,25)))));

STEP 38 [TBR_ClassicHeuristic_MC_RF -> NNI_Substep_28] - Distance: 87.0000
((21,3),(((((2,(4,9)),8),(5,(1,6))),(18,(26,12))),(((20,((29,17),((24,14),(27,22)))),(((23,19),(30,7)),(15,(16,28)))),((13,10),(11,25)))));

STEP 39 [TBR_ClassicHeuristic_MC_RF -> NNI_Substep_29] - Distance: 88.0000
((21,3),(((((2,(4,9)),8),(5,(1,6))),(18,(26,12))),(((20,((29,17),((24,14),(27,22)))),((((23,19),30),7),(15,(16,28)))),((13,10),(11,25)))));

STEP 40 [TBR_ClassicHeuristic_MC_RF -> NNI_Substep_30] - Distance: 90.0000
((21,3),(((((2,(4,9)),8),(5,(1,6))),(18,(26,12))),(((20,((29,17),((24,14),(27,22)))),((((23,19),30),(15,(16,28))),7)),((13,10),(11,25)))));

STEP 41 [TBR_ClassicHeuristic_MC_RF -> NNI_Substep_31] - Distance: 96.0000
((21,3),(((((2,(4,9)),8),(5,(1,6))),(18,(26,12))),((((20,((29,17),((24,14),(27,22)))),(((23,19),30),(15,(16,28)))),7),((13,10),(11,25)))));

STEP 42 [TBR_ClassicHeuristic_MC_RF -> NNI_Substep_32] - Distance: 97.0000
((21,3),(((((2,(4,9)),8),(5,(1,6))),(18,(26,12))),((((20,((29,17),((24,14),(27,22)))),(((23,19),30),(15,(16,28)))),((13,10),(11,25))),7)));

STEP 43 [TBR_ClassicHeuristic_MC_RF -> NNI_Substep_33] - Distance: 94.0000
((21,3),((((((2,(4,9)),8),(5,(1,6))),(18,(26,12))),(((20,((29,17),((24,14),(27,22)))),(((23,19),30),(15,(16,28)))),((13,10),(11,25)))),7));

STEP 44 [TBR_ClassicHeuristic_MC_RF -> NNI_Substep_34] - Distance: 85.0000
((21,(3,7)),(((((2,(4,9)),8),(5,(1,6))),(18,(26,12))),(((20,((29,17),((24,14),(27,22)))),(((23,19),30),(15,(16,28)))),((13,10),(11,25)))));

STEP 45 [TBR_ClassicHeuristic_MC_RF -> NNI_Substep_35] - Distance: 84.0000
((21,(3,7)),((((5,(1,6)),((4,9),(2,8))),(18,(26,12))),(((20,((29,17),((24,14),(27,22)))),(((23,19),30),(15,(16,28)))),((13,10),(11,25)))));

STEP 46 [TBR_ClassicHeuristic_MC_RF -> NNI_Substep_36] - Distance: 83.0000
((21,(3,7)),((((5,(1,6)),(18,(26,12))),((4,9),(2,8))),(((20,((29,17),((24,14),(27,22)))),(((23,19),30),(15,(16,28)))),((13,10),(11,25)))));

STEP 47 [TBR_ClassicHeuristic_MC_RF -> NNI_Substep_37] - Distance: 88.0000
((21,(3,7)),((((5,(1,6)),(18,(26,12))),(((20,((29,17),((24,14),(27,22)))),(((23,19),30),(15,(16,28)))),((13,10),(11,25)))),((4,9),(2,8))));

STEP 48 [TBR_ClassicHeuristic_MC_RF -> NNI_Substep_38] - Distance: 84.0000
((21,(3,7)),(((5,(1,6)),(18,(26,12))),((((20,((29,17),((24,14),(27,22)))),(((23,19),30),(15,(16,28)))),((13,10),(11,25))),((4,9),(2,8)))));

STEP 49 [TBR_ClassicHeuristic_MC_RF -> NNI_Substep_39] - Distance: 84.0000
((21,(3,7)),(((5,(1,6)),(18,(26,12))),((((20,((29,17),((24,14),(27,22)))),(((23,19),30),(15,(16,28)))),((4,9),(2,8))),((13,10),(11,25)))));

STEP 50 [TBR_ClassicHeuristic_MC_RF -> NNI_Substep_40] - Distance: 80.0000
((21,(3,7)),(((5,(1,6)),(18,(26,12))),((((20,((29,17),((24,14),(27,22)))),((4,9),(2,8))),(((23,19),30),(15,(16,28)))),((13,10),(11,25)))));

STEP 51 [TBR_ClassicHeuristic_MC_RF -> NNI_Substep_41] - Distance: 78.0000
((21,(3,7)),(((5,(1,6)),(18,(26,12))),((((20,((4,9),(2,8))),((29,17),((24,14),(27,22)))),(((23,19),30),(15,(16,28)))),((13,10),(11,25)))));

STEP 52 [TBR_ClassicHeuristic_MC_RF -> NNI_Substep_42] - Distance: 83.0000
((21,(3,7)),(((5,(1,6)),(18,(26,12))),((((((4,9),(2,8)),((29,17),((24,14),(27,22)))),20),(((23,19),30),(15,(16,28)))),((13,10),(11,25)))));

STEP 53 [TBR_ClassicHeuristic_MC_RF -> NNI_Substep_43] - Distance: 82.0000
((21,(3,7)),(((5,(1,6)),(18,(26,12))),((((((4,9),(2,8)),((29,17),((24,14),(27,22)))),(((23,19),30),(15,(16,28)))),20),((13,10),(11,25)))));

STEP 54 [TBR_ClassicHeuristic_MC_RF -> NNI_Substep_44] - Distance: 83.0000
((21,(3,7)),(((5,(1,6)),(18,(26,12))),((((((4,9),(2,8)),((29,17),((24,14),(27,22)))),(((23,19),30),(15,(16,28)))),((13,10),(11,25))),20)));

STEP 55 [TBR_ClassicHeuristic_MC_RF -> NNI_Substep_45] - Distance: 84.0000
((21,(3,7)),((((5,(1,6)),(18,(26,12))),(((((4,9),(2,8)),((29,17),((24,14),(27,22)))),(((23,19),30),(15,(16,28)))),((13,10),(11,25)))),20));

STEP 56 [TBR_ClassicHeuristic_MC_RF -> NNI_Substep_46] - Distance: 77.0000
((21,(3,7)),((((5,(1,6)),(18,(26,12))),20),(((((4,9),(2,8)),((29,17),((24,14),(27,22)))),(((23,19),30),(15,(16,28)))),((13,10),(11,25)))));

STEP 57 [TBR_ClassicHeuristic_MC_RF -> NNI_Substep_47] - Distance: 73.0000
((21,(3,7)),((((5,(1,6)),20),(18,(26,12))),(((((4,9),(2,8)),((29,17),((24,14),(27,22)))),(((23,19),30),(15,(16,28)))),((13,10),(11,25)))));

STEP 58 [TBR_ClassicHeuristic_MC_RF -> NNI_Substep_48] - Distance: 71.0000
((21,(3,7)),(((5,((1,6),20)),(18,(26,12))),(((((4,9),(2,8)),((29,17),((24,14),(27,22)))),(((23,19),30),(15,(16,28)))),((13,10),(11,25)))));

STEP 59 [TBR_ClassicHeuristic_MC_RF -> NNI_Substep_49] - Distance: 69.0000
((21,(3,7)),(((5,(1,(6,20))),(18,(26,12))),(((((4,9),(2,8)),((29,17),((24,14),(27,22)))),(((23,19),30),(15,(16,28)))),((13,10),(11,25)))));

STEP 60 [TBR_ClassicHeuristic_MC_RF -> NNI_Substep_50] - Distance: 70.0000
((21,(3,7)),(((5,(1,(6,20))),(18,(26,12))),(((((4,9),(2,8)),((29,17),((24,14),(27,22)))),(((23,19),30),(15,(16,28)))),(((13,10),11),25))));

STEP 61 [TBR_ClassicHeuristic_MC_RF -> NNI_Substep_51] - Distance: 79.0000
((21,(3,7)),(((5,(1,(6,20))),(18,(26,12))),((((((4,9),(2,8)),((29,17),((24,14),(27,22)))),(((23,19),30),(15,(16,28)))),((13,10),11)),25)));

STEP 62 [TBR_ClassicHeuristic_MC_RF -> NNI_Substep_52] - Distance: 79.0000
((21,(3,7)),((((5,(1,(6,20))),(18,(26,12))),(((((4,9),(2,8)),((29,17),((24,14),(27,22)))),(((23,19),30),(15,(16,28)))),((13,10),11))),25));

STEP 63 [TBR_ClassicHeuristic_MC_RF -> NNI_Substep_53] - Distance: 73.0000
((21,(3,7)),((((5,(1,(6,20))),(18,(26,12))),25),(((((4,9),(2,8)),((29,17),((24,14),(27,22)))),(((23,19),30),(15,(16,28)))),((13,10),11))));

STEP 64 [TBR_ClassicHeuristic_MC_RF -> NNI_Substep_54] - Distance: 69.0000
((21,(3,7)),((((5,(1,(6,20))),25),(18,(26,12))),(((((4,9),(2,8)),((29,17),((24,14),(27,22)))),(((23,19),30),(15,(16,28)))),((13,10),11))));

STEP 65 [TBR_ClassicHeuristic_MC_RF -> NNI_Substep_55] - Distance: 67.0000
((21,(3,7)),(((5,((1,(6,20)),25)),(18,(26,12))),(((((4,9),(2,8)),((29,17),((24,14),(27,22)))),(((23,19),30),(15,(16,28)))),((13,10),11))));

STEP 66 [TBR_ClassicHeuristic_MC_RF -> NNI_Substep_56] - Distance: 64.0000
((21,(3,7)),(((5,((1,25),(6,20))),(18,(26,12))),(((((4,9),(2,8)),((29,17),((24,14),(27,22)))),(((23,19),30),(15,(16,28)))),((13,10),11))));

STEP 67 [TBR_ClassicHeuristic_MC_RF -> NNI_Substep_57] - Distance: 68.0000
((21,(3,7)),(((5,((1,25),(6,20))),(18,(26,12))),(((((2,8),((29,17),((24,14),(27,22)))),(4,9)),(((23,19),30),(15,(16,28)))),((13,10),11))));

STEP 68 [TBR_ClassicHeuristic_MC_RF -> NNI_Substep_58] - Distance: 66.0000
((21,(3,7)),(((5,((1,25),(6,20))),(18,(26,12))),(((((2,8),((29,17),((24,14),(27,22)))),(((23,19),30),(15,(16,28)))),(4,9)),((13,10),11))));

STEP 69 [TBR_ClassicHeuristic_MC_RF -> NNI_Substep_59] - Distance: 60.0000
((21,(3,7)),(((5,((1,25),(6,20))),(18,(26,12))),((((2,8),((29,17),((24,14),(27,22)))),((((23,19),30),(15,(16,28))),(4,9))),((13,10),11))));

STEP 70 [TBR_ClassicHeuristic_MC_RF -> NNI_Substep_60] - Distance: 57.0000
((21,(3,7)),(((5,((1,25),(6,20))),(18,(26,12))),((((2,8),((29,17),((24,14),(27,22)))),(((23,19),30),((15,(16,28)),(4,9)))),((13,10),11))));

STEP 71 [TBR_ClassicHeuristic_MC_RF -> NNI_Substep_61] - Distance: 59.0000
((21,(3,7)),(((5,((1,25),(6,20))),(18,(26,12))),((((2,8),((29,17),((24,14),(27,22)))),(((23,19),30),(9,(4,(15,(16,28)))))),((13,10),11))));

STEP 72 [TBR_ClassicHeuristic_MC_RF -> NNI_Substep_62] - Distance: 62.0000
((21,(3,7)),(((5,((1,25),(6,20))),(18,(26,12))),(((((2,8),((29,17),((24,14),(27,22)))),((23,19),30)),(9,(4,(15,(16,28))))),((13,10),11))));

STEP 73 [TBR_ClassicHeuristic_MC_RF -> NNI_Substep_63] - Distance: 60.0000
((21,(3,7)),(((5,((1,25),(6,20))),(18,(26,12))),(((((2,8),((29,17),((24,14),(27,22)))),((23,19),30)),((13,10),11)),(9,(4,(15,(16,28)))))));

STEP 74 [TBR_ClassicHeuristic_MC_RF -> NNI_Substep_64] - Distance: 52.0000
((21,(3,7)),(((5,((1,25),(6,20))),(18,(26,12))),((((2,8),((29,17),((24,14),(27,22)))),((23,19),30)),(((13,10),11),(9,(4,(15,(16,28))))))));

STEP 75 [TBR_ClassicHeuristic_MC_RF -> NNI_Substep_65] - Distance: 52.0000
((21,(3,7)),(((5,((1,25),(6,20))),((18,26),12)),((((2,8),((29,17),((24,14),(27,22)))),((23,19),30)),(((13,10),11),(9,(4,(15,(16,28))))))));

STEP 76 [TBR_ClassicHeuristic_MC_RF -> NNI_Substep_66] - Distance: 56.0000
((21,(3,7)),((((5,((1,25),(6,20))),(18,26)),12),((((2,8),((29,17),((24,14),(27,22)))),((23,19),30)),(((13,10),11),(9,(4,(15,(16,28))))))));

STEP 77 [TBR_ClassicHeuristic_MC_RF -> NNI_Substep_67] - Distance: 64.0000
((21,(3,7)),((((5,((1,25),(6,20))),(18,26)),((((2,8),((29,17),((24,14),(27,22)))),((23,19),30)),(((13,10),11),(9,(4,(15,(16,28))))))),12));

STEP 78 [TBR_ClassicHeuristic_MC_RF -> NNI_Substep_68] - Distance: 64.0000
((21,(3,7)),(((5,((1,25),(6,20))),(18,26)),(((((2,8),((29,17),((24,14),(27,22)))),((23,19),30)),(((13,10),11),(9,(4,(15,(16,28)))))),12)));

STEP 79 [TBR_ClassicHeuristic_MC_RF -> NNI_Substep_69] - Distance: 52.0000
((21,(3,7)),(((5,((1,25),(6,20))),(18,26)),((((2,8),((29,17),((24,14),(27,22)))),((23,19),30)),((((13,10),11),(9,(4,(15,(16,28))))),12))));

STEP 80 [TBR_ClassicHeuristic_MC_RF -> NNI_Substep_70] - Distance: 48.0000
((21,(3,7)),(((5,((1,25),(6,20))),(18,26)),((((2,8),((29,17),((24,14),(27,22)))),((23,19),30)),((((13,10),11),12),(9,(4,(15,(16,28))))))));

STEP 81 [TBR_ClassicHeuristic_MC_RF -> NNI_Substep_71] - Distance: 46.0000
((21,(3,7)),(((5,((1,25),(6,20))),(18,26)),((((2,8),((29,17),((24,14),(27,22)))),((23,19),30)),((((13,10),12),11),(9,(4,(15,(16,28))))))));

STEP 82 [TBR_ClassicHeuristic_MC_RF -> NNI_Substep_72] - Distance: 46.0000
((21,(3,7)),(((5,((1,25),(6,20))),(18,26)),((((2,8),((29,17),((24,14),(27,22)))),((23,19),30)),((((13,12),10),11),(9,(4,(15,(16,28))))))));

STEP 83 [TBR_ClassicHeuristic_MC_RF -> NNI_Substep_73] - Distance: 45.0000
((21,(3,7)),(((5,((1,25),(6,20))),(18,26)),((((2,8),((29,17),((24,14),(27,22)))),((23,19),30)),(((10,11),(13,12)),(9,(4,(15,(16,28))))))));

STEP 84 [TBR_ClassicHeuristic_MC_RF -> NNI_Substep_74] - Distance: 50.0000
((21,(3,7)),(((5,((1,25),(6,20))),(18,26)),((((2,8),((29,17),((24,14),(27,22)))),((23,19),30)),(((10,11),(9,(4,(15,(16,28))))),(13,12)))));

STEP 85 [TBR_ClassicHeuristic_MC_RF -> NNI_Substep_75] - Distance: 46.0000
((21,(3,7)),(((5,((1,25),(6,20))),(18,26)),((((2,8),((29,17),((24,14),(27,22)))),((23,19),30)),((10,11),((9,(4,(15,(16,28)))),(13,12))))));

STEP 86 [TBR_ClassicHeuristic_MC_RF -> NNI_Substep_76] - Distance: 40.0000
((21,(3,7)),(((5,((1,25),(6,20))),(18,26)),((((2,8),((29,17),((24,14),(27,22)))),((23,19),30)),((10,11),((9,(13,12)),(4,(15,(16,28))))))));

STEP 87 [TBR_ClassicHeuristic_MC_RF -> NNI_Substep_77] - Distance: 50.0000
((21,(3,7)),(((5,((1,25),(6,20))),((((2,8),((29,17),((24,14),(27,22)))),((23,19),30)),((10,11),((9,(13,12)),(4,(15,(16,28))))))),(18,26)));

STEP 88 [TBR_ClassicHeuristic_MC_RF -> NNI_Substep_78] - Distance: 51.0000
((21,(3,7)),((5,((1,25),(6,20))),(((((2,8),((29,17),((24,14),(27,22)))),((23,19),30)),((10,11),((9,(13,12)),(4,(15,(16,28)))))),(18,26))));

STEP 89 [TBR_ClassicHeuristic_MC_RF -> NNI_Substep_79] - Distance: 42.0000
((21,(3,7)),((5,((1,25),(6,20))),((((2,8),((29,17),((24,14),(27,22)))),((23,19),30)),(((10,11),((9,(13,12)),(4,(15,(16,28))))),(18,26)))));

STEP 90 [TBR_ClassicHeuristic_MC_RF -> NNI_Substep_80] - Distance: 37.0000
((21,(3,7)),((5,((1,25),(6,20))),((((2,8),((29,17),((24,14),(27,22)))),((23,19),30)),(((10,11),(18,26)),((9,(13,12)),(4,(15,(16,28))))))));

STEP 91 [TBR_ClassicHeuristic_MC_RF -> NNI_Substep_81] - Distance: 36.0000
((21,(3,7)),((5,((1,25),(6,20))),((((2,8),((29,17),((24,14),(27,22)))),((23,19),30)),(((10,(18,26)),11),((9,(13,12)),(4,(15,(16,28))))))));

STEP 92 [TBR_ClassicHeuristic_MC_RF -> NNI_Substep_82] - Distance: 36.0000
((21,(3,7)),((5,((1,25),(6,20))),((((2,8),((29,17),((24,14),(27,22)))),((23,19),30)),((((10,18),26),11),((9,(13,12)),(4,(15,(16,28))))))));

STEP 93 [TBR_ClassicHeuristic_MC_RF -> NNI_Substep_83] - Distance: 36.0000
((21,(3,7)),((5,((1,25),(6,20))),((((2,8),((29,17),((24,14),(27,22)))),((23,19),30)),((((10,18),11),26),((9,(13,12)),(4,(15,(16,28))))))));

STEP 94 [TBR_ClassicHeuristic_MC_RF -> NNI_Substep_84] - Distance: 33.0000
((21,(3,7)),((5,((1,25),(6,20))),((((2,8),((29,17),((24,14),(27,22)))),((23,19),30)),(((10,18),(11,26)),((9,(13,12)),(4,(15,(16,28))))))));

STEP 95 [TBR_ClassicHeuristic_MC_RF -> NNI_Substep_85] - Distance: 40.0000
((21,(3,7)),((5,((1,25),(6,20))),(((((2,8),((29,17),((24,14),(27,22)))),((23,19),30)),((9,(13,12)),(4,(15,(16,28))))),((10,18),(11,26)))));

STEP 96 [TBR_ClassicHeuristic_MC_RF -> NNI_Substep_86] - Distance: 33.0000
((21,(3,7)),(((5,((1,25),(6,20))),((((2,8),((29,17),((24,14),(27,22)))),((23,19),30)),((9,(13,12)),(4,(15,(16,28)))))),((10,18),(11,26))));

STEP 97 [TBR_ClassicHeuristic_MC_RF -> NNI_Substep_87] - Distance: 38.0000
((((3,7),((5,((1,25),(6,20))),((((2,8),((29,17),((24,14),(27,22)))),((23,19),30)),((9,(13,12)),(4,(15,(16,28))))))),21),((10,18),(11,26)));

STEP 98 [TBR_ClassicHeuristic_MC_RF -> NNI_Substep_88] - Distance: 41.0000
(((3,7),(((5,((1,25),(6,20))),((((2,8),((29,17),((24,14),(27,22)))),((23,19),30)),((9,(13,12)),(4,(15,(16,28)))))),21)),((10,18),(11,26)));

STEP 99 [TBR_ClassicHeuristic_MC_RF -> NNI_Substep_89] - Distance: 28.0000
(((3,7),(((5,((1,25),(6,20))),21),((((2,8),((29,17),((24,14),(27,22)))),((23,19),30)),((9,(13,12)),(4,(15,(16,28))))))),((10,18),(11,26)));

STEP 100 [TBR_ClassicHeuristic_MC_RF -> NNI_Substep_90] - Distance: 25.0000
(((3,7),(((5,21),((1,25),(6,20))),((((2,8),((29,17),((24,14),(27,22)))),((23,19),30)),((9,(13,12)),(4,(15,(16,28))))))),((10,18),(11,26)));

STEP 101 [TBR_ClassicHeuristic_MC_RF -> NNI_Substep_91] - Distance: 19.0000
(((((5,21),((1,25),(6,20))),(3,7)),((((2,8),((29,17),((24,14),(27,22)))),((23,19),30)),((9,(13,12)),(4,(15,(16,28)))))),((10,18),(11,26)));

STEP 102 [TBR_ClassicHeuristic_MC_RF -> NNI_Substep_92] - Distance: 15.0000
((((5,21),(((1,25),(6,20)),(3,7))),((((2,8),((29,17),((24,14),(27,22)))),((23,19),30)),((9,(13,12)),(4,(15,(16,28)))))),((10,18),(11,26)));

STEP 103 [TBR_ClassicHeuristic_MC_RF -> NNI_Substep_93] - Distance: 25.0000
((((5,21),((((2,8),((29,17),((24,14),(27,22)))),((23,19),30)),((9,(13,12)),(4,(15,(16,28)))))),(((1,25),(6,20)),(3,7))),((10,18),(11,26)));

STEP 104 [TBR_ClassicHeuristic_MC_RF -> NNI_Substep_94] - Distance: 17.0000
(((5,21),(((((2,8),((29,17),((24,14),(27,22)))),((23,19),30)),((9,(13,12)),(4,(15,(16,28))))),(((1,25),(6,20)),(3,7)))),((10,18),(11,26)));

STEP 105 [TBR_ClassicHeuristic_MC_RF -> NNI_Substep_95] - Distance: 0.0000
(((5,21),((((2,8),((29,17),((24,14),(27,22)))),((23,19),30)),(((9,(13,12)),(4,(15,(16,28)))),(((1,25),(6,20)),(3,7))))),((10,18),(11,26)));

========================================================
[FINAL] Total Steps: 105 | Final Distance: 0.0000
========================================================
