========================================================
HEURISTIC TRAJECTORY: VND Incremental (MP)
========================================================
STEP 0 [START] - Distance: 289.0000
((13,(((14,((7,28),(17,22))),(26,(6,16))),(20,(24,(15,23))))),(3,(8,((4,(29,(2,30))),(((25,(19,(21,9))),(5,(18,(10,1)))),(11,(27,12)))))));

STEP 1 [NNI_IncrementalHeuristic_MP -> NNI_Substep_1] - Distance: 278.0000
((13,(((14,((7,28),(17,22))),(26,(6,16))),(20,(24,(15,23))))),(3,(8,(((((25,(19,(21,9))),(5,(18,(10,1)))),(11,(27,12))),(29,(2,30))),4))));

STEP 2 [NNI_IncrementalHeuristic_MP -> NNI_Substep_2] - Distance: 276.0000
((((14,((7,28),(17,22))),(26,(6,16))),(13,(20,(24,(15,23))))),(3,(8,(((((25,(19,(21,9))),(5,(18,(10,1)))),(11,(27,12))),(29,(2,30))),4))));

STEP 3 [NNI_IncrementalHeuristic_MP -> NNI_Substep_3] - Distance: 275.0000
((((13,(20,(24,(15,23)))),(26,(6,16))),(14,((7,28),(17,22)))),(3,(8,(((((25,(19,(21,9))),(5,(18,(10,1)))),(11,(27,12))),(29,(2,30))),4))));

STEP 4 [NNI_IncrementalHeuristic_MP -> NNI_Substep_4] - Distance: 274.0000
((((6,16),(26,(13,(20,(24,(15,23)))))),(14,((7,28),(17,22)))),(3,(8,(((((25,(19,(21,9))),(5,(18,(10,1)))),(11,(27,12))),(29,(2,30))),4))));

STEP 5 [NNI_IncrementalHeuristic_MP -> NNI_Substep_5] - Distance: 273.0000
((((7,28),(17,22)),(14,((6,16),(26,(13,(20,(24,(15,23)))))))),(3,(8,(((((25,(19,(21,9))),(5,(18,(10,1)))),(11,(27,12))),(29,(2,30))),4))));

STEP 6 [NNI_IncrementalHeuristic_MP -> NNI_Substep_6] - Distance: 269.0000
((((14,((6,16),(26,(13,(20,(24,(15,23))))))),(17,22)),(7,28)),(3,(8,(((((25,(19,(21,9))),(5,(18,(10,1)))),(11,(27,12))),(29,(2,30))),4))));

STEP 7 [NNI_IncrementalHeuristic_MP -> NNI_Substep_7] - Distance: 249.0000
(28,((3,(8,(((((25,(19,(21,9))),(5,(18,(10,1)))),(11,(27,12))),(29,(2,30))),4))),(((14,((6,16),(26,(13,(20,(24,(15,23))))))),(17,22)),7)));

STEP 8 [NNI_IncrementalHeuristic_MP -> NNI_Substep_8] - Distance: 248.0000
(28,((3,(4,(((((25,(19,(21,9))),(5,(18,(10,1)))),(11,(27,12))),(29,(2,30))),8))),(((14,((6,16),(26,(13,(20,(24,(15,23))))))),(17,22)),7)));

STEP 9 [NNI_IncrementalHeuristic_MP -> NNI_Substep_9] - Distance: 247.0000
(28,((4,(3,(((((25,(19,(21,9))),(5,(18,(10,1)))),(11,(27,12))),(29,(2,30))),8))),(((14,((6,16),(26,(13,(20,(24,(15,23))))))),(17,22)),7)));

STEP 10 [NNI_IncrementalHeuristic_MP -> NNI_Substep_10] - Distance: 236.0000
(28,(((((14,((6,16),(26,(13,(20,(24,(15,23))))))),(17,22)),7),(3,(((((25,(19,(21,9))),(5,(18,(10,1)))),(11,(27,12))),(29,(2,30))),8))),4));

STEP 11 [NNI_IncrementalHeuristic_MP -> NNI_Substep_11] - Distance: 235.0000
(28,((((17,((14,((6,16),(26,(13,(20,(24,(15,23))))))),22)),7),(3,(((((25,(19,(21,9))),(5,(18,(10,1)))),(11,(27,12))),(29,(2,30))),8))),4));

STEP 12 [NNI_IncrementalHeuristic_MP -> NNI_Substep_12] - Distance: 234.0000
(28,((((17,((14,((6,16),(26,(13,(20,(24,(15,23))))))),22)),7),(3,((((((5,(18,(10,1))),(19,(21,9))),25),(11,(27,12))),(29,(2,30))),8))),4));

STEP 13 [NNI_IncrementalHeuristic_MP -> NNI_Substep_13] - Distance: 231.0000
(28,((((17,((14,((6,16),(26,(13,(20,(24,(15,23))))))),22)),7),(3,(((((11,(27,12)),25),((5,(18,(10,1))),(19,(21,9)))),(29,(2,30))),8))),4));

STEP 14 [Heur. rSPR MP -> NNI_Substep_1] - Distance: 231.0000
(28,((((17,((14,((16,(26,(13,(20,(24,(15,23)))))),6)),22)),7),(3,(((((11,(27,12)),25),((5,(18,(10,1))),(19,(21,9)))),(29,(2,30))),8))),4));

STEP 15 [Heur. rSPR MP -> NNI_Substep_2] - Distance: 231.0000
(28,((((17,(((14,(16,(26,(13,(20,(24,(15,23))))))),6),22)),7),(3,(((((11,(27,12)),25),((5,(18,(10,1))),(19,(21,9)))),(29,(2,30))),8))),4));

STEP 16 [Heur. rSPR MP -> NNI_Substep_3] - Distance: 231.0000
(28,((((17,(((14,(16,(26,(13,(20,(24,(15,23))))))),22),6)),7),(3,(((((11,(27,12)),25),((5,(18,(10,1))),(19,(21,9)))),(29,(2,30))),8))),4));

STEP 17 [Heur. rSPR MP -> NNI_Substep_4] - Distance: 231.0000
(28,(((((17,((14,(16,(26,(13,(20,(24,(15,23))))))),22)),6),7),(3,(((((11,(27,12)),25),((5,(18,(10,1))),(19,(21,9)))),(29,(2,30))),8))),4));

STEP 18 [Heur. rSPR MP -> NNI_Substep_5] - Distance: 231.0000
(28,(((((17,((14,(16,(26,(13,(20,(24,(15,23))))))),22)),7),6),(3,(((((11,(27,12)),25),((5,(18,(10,1))),(19,(21,9)))),(29,(2,30))),8))),4));

STEP 19 [Heur. rSPR MP -> NNI_Substep_6] - Distance: 230.0000
(28,(((((17,((14,(16,(26,(13,(20,(24,(15,23))))))),22)),7),(3,(((((11,(27,12)),25),((5,(18,(10,1))),(19,(21,9)))),(29,(2,30))),8))),6),4));

STEP 20 [Heur. rSPR MP -> NNI_Substep_7] - Distance: 230.0000
(28,(((((17,((14,(16,(26,(13,(20,(24,(15,23))))))),22)),7),(3,(((((11,(27,12)),25),((5,(18,(10,1))),(19,(21,9)))),(29,(2,30))),8))),4),6));

STEP 21 [Heur. rSPR MP -> NNI_Substep_8] - Distance: 203.0000
(28,((((17,((14,(16,(26,(13,(20,(24,(15,23))))))),22)),7),(3,(((((11,(27,12)),25),((5,(18,(10,1))),(19,(21,9)))),(29,(2,30))),8))),(4,6)));

STEP 22 [Heur. rSPR MP -> NNI_Substep_9] - Distance: 203.0000
(28,((((17,((14,(16,(26,(13,(20,(24,(15,23))))))),22)),7),(3,(((((11,25),(27,12)),((5,(18,(10,1))),(19,(21,9)))),(29,(2,30))),8))),(4,6)));

STEP 23 [Heur. rSPR MP -> NNI_Substep_10] - Distance: 202.0000
(28,((((17,((14,(16,(26,(13,(20,(24,(15,23))))))),22)),7),(3,(((((11,25),((5,(18,(10,1))),(19,(21,9)))),(27,12)),(29,(2,30))),8))),(4,6)));

STEP 24 [Heur. rSPR MP -> NNI_Substep_11] - Distance: 202.0000
(28,((((17,((14,(16,(26,(13,(20,(24,(15,23))))))),22)),7),(3,(((((11,25),((5,(18,(10,1))),(19,(21,9)))),(29,(2,30))),(27,12)),8))),(4,6)));

STEP 25 [Heur. rSPR MP -> NNI_Substep_12] - Distance: 202.0000
(28,((((17,((14,(16,(26,(13,(20,(24,(15,23))))))),22)),7),(3,(((((11,25),((5,(18,(10,1))),(19,(21,9)))),(29,(2,30))),8),(27,12)))),(4,6)));

STEP 26 [Heur. rSPR MP -> NNI_Substep_13] - Distance: 202.0000
(28,((((17,((14,(16,(26,(13,(20,(24,(15,23))))))),22)),7),((3,((((11,25),((5,(18,(10,1))),(19,(21,9)))),(29,(2,30))),8)),(27,12))),(4,6)));

STEP 27 [Heur. rSPR MP -> NNI_Substep_14] - Distance: 202.0000
(28,(((((17,((14,(16,(26,(13,(20,(24,(15,23))))))),22)),7),(3,((((11,25),((5,(18,(10,1))),(19,(21,9)))),(29,(2,30))),8))),(27,12)),(4,6)));

STEP 28 [Heur. rSPR MP -> NNI_Substep_15] - Distance: 184.0000
(28,(((((17,((14,(16,(26,(13,(20,(24,(15,23))))))),22)),7),(27,12)),(3,((((11,25),((5,(18,(10,1))),(19,(21,9)))),(29,(2,30))),8))),(4,6)));

STEP 29 [Heur. rSPR MP -> NNI_Substep_16] - Distance: 182.0000
(28,(((((17,((14,(16,(26,(13,(20,(24,(15,23))))))),22)),(27,12)),7),(3,((((11,25),((5,(18,(10,1))),(19,(21,9)))),(29,(2,30))),8))),(4,6)));

STEP 30 [Heur. rSPR MP -> NNI_Substep_17] - Distance: 182.0000
(28,(((((17,(((16,(26,(13,(20,(24,(15,23)))))),22),14)),(27,12)),7),(3,((((11,25),((5,(18,(10,1))),(19,(21,9)))),(29,(2,30))),8))),(4,6)));

STEP 31 [Heur. rSPR MP -> NNI_Substep_18] - Distance: 182.0000
(28,((((((17,((16,(26,(13,(20,(24,(15,23)))))),22)),14),(27,12)),7),(3,((((11,25),((5,(18,(10,1))),(19,(21,9)))),(29,(2,30))),8))),(4,6)));

STEP 32 [Heur. rSPR MP -> NNI_Substep_19] - Distance: 182.0000
(28,((((((17,((16,(26,(13,(20,(24,(15,23)))))),22)),(27,12)),14),7),(3,((((11,25),((5,(18,(10,1))),(19,(21,9)))),(29,(2,30))),8))),(4,6)));

STEP 33 [Heur. rSPR MP -> NNI_Substep_20] - Distance: 182.0000
(28,((((((17,((16,(26,(13,(20,(24,(15,23)))))),22)),(27,12)),7),14),(3,((((11,25),((5,(18,(10,1))),(19,(21,9)))),(29,(2,30))),8))),(4,6)));

STEP 34 [Heur. rSPR MP -> NNI_Substep_21] - Distance: 182.0000
(28,((((((17,((16,(26,(13,(20,(24,(15,23)))))),22)),(27,12)),7),(3,((((11,25),((5,(18,(10,1))),(19,(21,9)))),(29,(2,30))),8))),14),(4,6)));

STEP 35 [Heur. rSPR MP -> NNI_Substep_22] - Distance: 172.0000
(28,(((((17,((16,(26,(13,(20,(24,(15,23)))))),22)),(27,12)),7),((3,((((11,25),((5,(18,(10,1))),(19,(21,9)))),(29,(2,30))),8)),14)),(4,6)));

STEP 36 [Heur. rSPR MP -> NNI_Substep_23] - Distance: 171.0000
(28,(((((17,((16,(26,(13,(20,(24,(15,23)))))),22)),(27,12)),7),(3,(((((11,25),((5,(18,(10,1))),(19,(21,9)))),(29,(2,30))),8),14))),(4,6)));

STEP 37 [Heur. rSPR MP -> NNI_Substep_24] - Distance: 171.0000
(28,(((((17,((16,(26,(13,(20,(24,(15,23)))))),22)),(27,12)),7),(3,(((((11,25),((5,(18,(10,1))),(19,(21,9)))),(29,(2,30))),14),8))),(4,6)));

STEP 38 [Heur. rSPR MP -> NNI_Substep_25] - Distance: 165.0000
(28,(((((17,((16,(26,(13,(20,(24,(15,23)))))),22)),(27,12)),7),(3,((((11,25),((5,(18,(10,1))),(19,(21,9)))),((29,(2,30)),14)),8))),(4,6)));

STEP 39 [Heur. rSPR MP -> NNI_Substep_26] - Distance: 165.0000
(28,(((((17,((16,(26,(13,(20,(24,(15,23)))))),22)),(27,12)),7),((3,(((11,25),((5,(18,(10,1))),(19,(21,9)))),((29,(2,30)),14))),8)),(4,6)));

STEP 40 [Heur. rSPR MP -> NNI_Substep_27] - Distance: 166.0000
(28,((((((17,((16,(26,(13,(20,(24,(15,23)))))),22)),(27,12)),7),(3,(((11,25),((5,(18,(10,1))),(19,(21,9)))),((29,(2,30)),14)))),8),(4,6)));

STEP 41 [Heur. rSPR MP -> NNI_Substep_28] - Distance: 154.0000
(28,((((((17,((16,(26,(13,(20,(24,(15,23)))))),22)),(27,12)),7),8),(3,(((11,25),((5,(18,(10,1))),(19,(21,9)))),((29,(2,30)),14)))),(4,6)));

STEP 42 [Heur. rSPR MP -> NNI_Substep_29] - Distance: 153.0000
(28,((((((17,((16,(26,(13,(20,(24,(15,23)))))),22)),(27,12)),8),7),(3,(((11,25),((5,(18,(10,1))),(19,(21,9)))),((29,(2,30)),14)))),(4,6)));

STEP 43 [Heur. rSPR MP -> NNI_Substep_30] - Distance: 151.0000
(28,((((((17,((16,(26,(13,(20,(24,(15,23)))))),22)),8),(27,12)),7),(3,(((11,25),((5,(18,(10,1))),(19,(21,9)))),((29,(2,30)),14)))),(4,6)));

STEP 44 [Heur. rSPR MP -> NNI_Substep_31] - Distance: 151.0000
(28,(((((17,(((16,(26,(13,(20,(24,(15,23)))))),22),8)),(27,12)),7),(3,(((11,25),((5,(18,(10,1))),(19,(21,9)))),((29,(2,30)),14)))),(4,6)));

STEP 45 [Heur. rSPR MP -> NNI_Substep_32] - Distance: 150.0000
(28,(((((17,(((16,(26,(13,(20,(24,(15,23)))))),8),22)),(27,12)),7),(3,(((11,25),((5,(18,(10,1))),(19,(21,9)))),((29,(2,30)),14)))),(4,6)));

STEP 46 [Heur. rSPR MP -> NNI_Substep_33] - Distance: 150.0000
(28,(((((17,((16,((26,(13,(20,(24,(15,23))))),8)),22)),(27,12)),7),(3,(((11,25),((5,(18,(10,1))),(19,(21,9)))),((29,(2,30)),14)))),(4,6)));

STEP 47 [Heur. rSPR MP -> NNI_Substep_34] - Distance: 150.0000
(28,(((((17,((16,(26,((13,(20,(24,(15,23)))),8))),22)),(27,12)),7),(3,(((11,25),((5,(18,(10,1))),(19,(21,9)))),((29,(2,30)),14)))),(4,6)));

STEP 48 [Heur. rSPR MP -> NNI_Substep_35] - Distance: 149.0000
(28,(((((17,((16,(26,(13,((20,(24,(15,23))),8)))),22)),(27,12)),7),(3,(((11,25),((5,(18,(10,1))),(19,(21,9)))),((29,(2,30)),14)))),(4,6)));

STEP 49 [Heur. rSPR MP -> NNI_Substep_36] - Distance: 149.0000
(28,(((((((16,(26,(13,((20,(24,(15,23))),8)))),22),(27,12)),17),7),(3,(((11,25),((5,(18,(10,1))),(19,(21,9)))),((29,(2,30)),14)))),(4,6)));

STEP 50 [Heur. rSPR MP -> NNI_Substep_37] - Distance: 149.0000
(28,(((((((16,(26,(13,((20,(24,(15,23))),8)))),22),(27,12)),7),17),(3,(((11,25),((5,(18,(10,1))),(19,(21,9)))),((29,(2,30)),14)))),(4,6)));

STEP 51 [Heur. rSPR MP -> NNI_Substep_38] - Distance: 145.0000
(28,(((((((16,(26,(13,((20,(24,(15,23))),8)))),22),(27,12)),7),(3,(((11,25),((5,(18,(10,1))),(19,(21,9)))),((29,(2,30)),14)))),17),(4,6)));

STEP 52 [Heur. rSPR MP -> NNI_Substep_39] - Distance: 135.0000
(28,((((((16,(26,(13,((20,(24,(15,23))),8)))),22),(27,12)),7),((3,(((11,25),((5,(18,(10,1))),(19,(21,9)))),((29,(2,30)),14))),17)),(4,6)));

STEP 53 [Heur. rSPR MP -> NNI_Substep_40] - Distance: 135.0000
(28,((((((16,(26,(13,((20,(24,(15,23))),8)))),22),(27,12)),7),(3,((((11,25),((5,(18,(10,1))),(19,(21,9)))),((29,(2,30)),14)),17))),(4,6)));

STEP 54 [Heur. rSPR MP -> NNI_Substep_41] - Distance: 132.0000
(28,((((((16,(26,(13,((20,(24,(15,23))),8)))),22),(27,12)),7),(3,((((11,25),((5,(18,(10,1))),(19,(21,9)))),17),((29,(2,30)),14)))),(4,6)));

STEP 55 [Heur. rSPR MP -> NNI_Substep_42] - Distance: 132.0000
(28,((((((16,(26,(13,((20,(24,(15,23))),8)))),22),(27,12)),7),(3,((((11,25),(((5,(10,1)),18),(19,(21,9)))),17),((29,(2,30)),14)))),(4,6)));

STEP 56 [Heur. rSPR MP -> NNI_Substep_43] - Distance: 132.0000
(28,((((((16,(26,(13,((20,(24,(15,23))),8)))),22),(27,12)),7),(3,((((11,25),(((5,(10,1)),(19,(21,9))),18)),17),((29,(2,30)),14)))),(4,6)));

STEP 57 [Heur. rSPR MP -> NNI_Substep_44] - Distance: 132.0000
(28,((((((16,(26,(13,((20,(24,(15,23))),8)))),22),(27,12)),7),(3,(((((11,25),((5,(10,1)),(19,(21,9)))),18),17),((29,(2,30)),14)))),(4,6)));

STEP 58 [Heur. rSPR MP -> NNI_Substep_45] - Distance: 132.0000
(28,((((((16,(26,(13,((20,(24,(15,23))),8)))),22),(27,12)),7),(3,(((((11,25),((5,(10,1)),(19,(21,9)))),17),18),((29,(2,30)),14)))),(4,6)));

STEP 59 [Heur. rSPR MP -> NNI_Substep_46] - Distance: 132.0000
(28,((((((16,(26,(13,((20,(24,(15,23))),8)))),22),(27,12)),7),(3,(((((11,25),((5,(10,1)),(19,(21,9)))),17),((29,(2,30)),14)),18))),(4,6)));

STEP 60 [Heur. rSPR MP -> NNI_Substep_47] - Distance: 132.0000
(28,((((((16,(26,(13,((20,(24,(15,23))),8)))),22),(27,12)),7),((3,((((11,25),((5,(10,1)),(19,(21,9)))),17),((29,(2,30)),14))),18)),(4,6)));

STEP 61 [Heur. rSPR MP -> NNI_Substep_48] - Distance: 131.0000
(28,(((((((16,(26,(13,((20,(24,(15,23))),8)))),22),(27,12)),7),(3,((((11,25),((5,(10,1)),(19,(21,9)))),17),((29,(2,30)),14)))),18),(4,6)));

STEP 62 [Heur. rSPR MP -> NNI_Substep_49] - Distance: 118.0000
(28,(((((((16,(26,(13,((20,(24,(15,23))),8)))),22),(27,12)),7),18),(3,((((11,25),((5,(10,1)),(19,(21,9)))),17),((29,(2,30)),14)))),(4,6)));

STEP 63 [Heur. rSPR MP -> NNI_Substep_50] - Distance: 117.0000
(28,(((((((16,(26,(13,((20,(24,(15,23))),8)))),22),(27,12)),18),7),(3,((((11,25),((5,(10,1)),(19,(21,9)))),17),((29,(2,30)),14)))),(4,6)));

STEP 64 [Heur. rSPR MP -> NNI_Substep_51] - Distance: 114.0000
(28,((((((16,(26,(13,((20,(24,(15,23))),8)))),22),((27,12),18)),7),(3,((((11,25),((5,(10,1)),(19,(21,9)))),17),((29,(2,30)),14)))),(4,6)));

STEP 65 [Heur. rSPR MP -> NNI_Substep_52] - Distance: 113.0000
(28,((((((16,(26,(13,((20,(24,(15,23))),8)))),22),(27,(12,18))),7),(3,((((11,25),((5,(10,1)),(19,(21,9)))),17),((29,(2,30)),14)))),(4,6)));

STEP 66 [Heur. rSPR MP -> NNI_Substep_53] - Distance: 113.0000
(28,((((((16,(26,(13,((20,(24,(15,23))),8)))),22),(27,(12,18))),7),(3,((((11,25),((5,(10,1)),(19,(21,9)))),17),(((29,30),2),14)))),(4,6)));

STEP 67 [Heur. rSPR MP -> NNI_Substep_54] - Distance: 113.0000
(28,((((((16,(26,(13,((20,(24,(15,23))),8)))),22),(27,(12,18))),7),(3,((((11,25),((5,(10,1)),(19,(21,9)))),17),(((29,30),14),2)))),(4,6)));

STEP 68 [Heur. rSPR MP -> NNI_Substep_55] - Distance: 113.0000
(28,((((((16,(26,(13,((20,(24,(15,23))),8)))),22),(27,(12,18))),7),(3,(((((11,25),((5,(10,1)),(19,(21,9)))),17),((29,30),14)),2))),(4,6)));

STEP 69 [Heur. rSPR MP -> NNI_Substep_56] - Distance: 113.0000
(28,((((((16,(26,(13,((20,(24,(15,23))),8)))),22),(27,(12,18))),7),((3,((((11,25),((5,(10,1)),(19,(21,9)))),17),((29,30),14))),2)),(4,6)));

STEP 70 [Heur. rSPR MP -> NNI_Substep_57] - Distance: 113.0000
(28,(((((((16,(26,(13,((20,(24,(15,23))),8)))),22),(27,(12,18))),7),(3,((((11,25),((5,(10,1)),(19,(21,9)))),17),((29,30),14)))),2),(4,6)));

STEP 71 [Heur. rSPR MP -> NNI_Substep_58] - Distance: 100.0000
(28,(((((((16,(26,(13,((20,(24,(15,23))),8)))),22),(27,(12,18))),7),2),(3,((((11,25),((5,(10,1)),(19,(21,9)))),17),((29,30),14)))),(4,6)));

STEP 72 [Heur. rSPR MP -> NNI_Substep_59] - Distance: 99.0000
(28,(((((((16,(26,(13,((20,(24,(15,23))),8)))),22),(27,(12,18))),2),7),(3,((((11,25),((5,(10,1)),(19,(21,9)))),17),((29,30),14)))),(4,6)));

STEP 73 [Heur. rSPR MP -> NNI_Substep_60] - Distance: 96.0000
(28,(((((((16,(26,(13,((20,(24,(15,23))),8)))),22),2),(27,(12,18))),7),(3,((((11,25),((5,(10,1)),(19,(21,9)))),17),((29,30),14)))),(4,6)));

STEP 74 [Heur. rSPR MP -> NNI_Substep_61] - Distance: 95.0000
(28,(((((((16,(26,(13,((20,(24,(15,23))),8)))),2),22),(27,(12,18))),7),(3,((((11,25),((5,(10,1)),(19,(21,9)))),17),((29,30),14)))),(4,6)));

STEP 75 [Heur. rSPR MP -> NNI_Substep_62] - Distance: 95.0000
(28,((((((16,((26,(13,((20,(24,(15,23))),8))),2)),22),(27,(12,18))),7),(3,((((11,25),((5,(10,1)),(19,(21,9)))),17),((29,30),14)))),(4,6)));

STEP 76 [Heur. rSPR MP -> NNI_Substep_63] - Distance: 95.0000
(28,((((((16,(26,((13,((20,(24,(15,23))),8)),2))),22),(27,(12,18))),7),(3,((((11,25),((5,(10,1)),(19,(21,9)))),17),((29,30),14)))),(4,6)));

STEP 77 [Heur. rSPR MP -> NNI_Substep_64] - Distance: 93.0000
(28,((((((16,(26,((13,2),((20,(24,(15,23))),8)))),22),(27,(12,18))),7),(3,((((11,25),((5,(10,1)),(19,(21,9)))),17),((29,30),14)))),(4,6)));

STEP 78 [Heur. rSPR MP -> NNI_Substep_65] - Distance: 93.0000
(28,((((((16,(26,((13,2),((20,((24,15),23)),8)))),22),(27,(12,18))),7),(3,((((11,25),((5,(10,1)),(19,(21,9)))),17),((29,30),14)))),(4,6)));

STEP 79 [Heur. rSPR MP -> NNI_Substep_66] - Distance: 93.0000
(28,((((((16,(26,((13,2),(((20,(24,15)),23),8)))),22),(27,(12,18))),7),(3,((((11,25),((5,(10,1)),(19,(21,9)))),17),((29,30),14)))),(4,6)));

STEP 80 [Heur. rSPR MP -> NNI_Substep_67] - Distance: 93.0000
(28,((((((16,(26,((13,2),(((20,(24,15)),8),23)))),22),(27,(12,18))),7),(3,((((11,25),((5,(10,1)),(19,(21,9)))),17),((29,30),14)))),(4,6)));

STEP 81 [Heur. rSPR MP -> NNI_Substep_68] - Distance: 93.0000
(28,((((((16,(26,(((13,2),((20,(24,15)),8)),23))),22),(27,(12,18))),7),(3,((((11,25),((5,(10,1)),(19,(21,9)))),17),((29,30),14)))),(4,6)));

STEP 82 [Heur. rSPR MP -> NNI_Substep_69] - Distance: 93.0000
(28,((((((16,((26,((13,2),((20,(24,15)),8))),23)),22),(27,(12,18))),7),(3,((((11,25),((5,(10,1)),(19,(21,9)))),17),((29,30),14)))),(4,6)));

STEP 83 [Heur. rSPR MP -> NNI_Substep_70] - Distance: 93.0000
(28,(((((((16,(26,((13,2),((20,(24,15)),8)))),23),22),(27,(12,18))),7),(3,((((11,25),((5,(10,1)),(19,(21,9)))),17),((29,30),14)))),(4,6)));

STEP 84 [Heur. rSPR MP -> NNI_Substep_71] - Distance: 93.0000
(28,(((((((16,(26,((13,2),((20,(24,15)),8)))),22),23),(27,(12,18))),7),(3,((((11,25),((5,(10,1)),(19,(21,9)))),17),((29,30),14)))),(4,6)));

STEP 85 [Heur. rSPR MP -> NNI_Substep_72] - Distance: 93.0000
(28,(((((((16,(26,((13,2),((20,(24,15)),8)))),22),(27,(12,18))),23),7),(3,((((11,25),((5,(10,1)),(19,(21,9)))),17),((29,30),14)))),(4,6)));

STEP 86 [Heur. rSPR MP -> NNI_Substep_73] - Distance: 93.0000
(28,(((((((16,(26,((13,2),((20,(24,15)),8)))),22),(27,(12,18))),7),23),(3,((((11,25),((5,(10,1)),(19,(21,9)))),17),((29,30),14)))),(4,6)));

STEP 87 [Heur. rSPR MP -> NNI_Substep_74] - Distance: 89.0000
(28,(((((((16,(26,((13,2),((20,(24,15)),8)))),22),(27,(12,18))),7),(3,((((11,25),((5,(10,1)),(19,(21,9)))),17),((29,30),14)))),23),(4,6)));

STEP 88 [Heur. rSPR MP -> NNI_Substep_75] - Distance: 76.0000
(28,((((((16,(26,((13,2),((20,(24,15)),8)))),22),(27,(12,18))),7),((3,((((11,25),((5,(10,1)),(19,(21,9)))),17),((29,30),14))),23)),(4,6)));

STEP 89 [Heur. rSPR MP -> NNI_Substep_76] - Distance: 76.0000
(28,((((((16,(26,((13,2),((20,(24,15)),8)))),22),(27,(12,18))),7),(3,(((((11,25),((5,(10,1)),(19,(21,9)))),17),((29,30),14)),23))),(4,6)));

STEP 90 [Heur. rSPR MP -> NNI_Substep_77] - Distance: 73.0000
(28,((((((16,(26,((13,2),((20,(24,15)),8)))),22),(27,(12,18))),7),(3,(((((11,25),((5,(10,1)),(19,(21,9)))),17),23),((29,30),14)))),(4,6)));

STEP 91 [Heur. rSPR MP -> NNI_Substep_78] - Distance: 72.0000
(28,((((((16,(26,((13,2),((20,(24,15)),8)))),22),(27,(12,18))),7),(3,(((((11,25),((5,(10,1)),(19,(21,9)))),23),17),((29,30),14)))),(4,6)));

STEP 92 [Heur. rSPR MP -> NNI_Substep_79] - Distance: 72.0000
(28,((((((16,(26,((13,2),((20,(24,15)),8)))),22),(27,(12,18))),7),(3,(((((11,25),(((5,(10,1)),(21,9)),19)),23),17),((29,30),14)))),(4,6)));

STEP 93 [Heur. rSPR MP -> NNI_Substep_80] - Distance: 72.0000
(28,((((((16,(26,((13,2),((20,(24,15)),8)))),22),(27,(12,18))),7),(3,((((((11,25),((5,(10,1)),(21,9))),19),23),17),((29,30),14)))),(4,6)));

STEP 94 [Heur. rSPR MP -> NNI_Substep_81] - Distance: 72.0000
(28,((((((16,(26,((13,2),((20,(24,15)),8)))),22),(27,(12,18))),7),(3,((((((11,25),((5,(10,1)),(21,9))),23),19),17),((29,30),14)))),(4,6)));

STEP 95 [Heur. rSPR MP -> NNI_Substep_82] - Distance: 72.0000
(28,((((((16,(26,((13,2),((20,(24,15)),8)))),22),(27,(12,18))),7),(3,((((((11,25),((5,(10,1)),(21,9))),23),17),19),((29,30),14)))),(4,6)));

STEP 96 [Heur. rSPR MP -> NNI_Substep_83] - Distance: 71.0000
(28,((((((16,(26,((13,2),((20,(24,15)),8)))),22),(27,(12,18))),7),(3,((((((11,25),((5,(10,1)),(21,9))),23),17),((29,30),14)),19))),(4,6)));

STEP 97 [Heur. rSPR MP -> NNI_Substep_84] - Distance: 62.0000
(28,((((((16,(26,((13,2),((20,(24,15)),8)))),22),(27,(12,18))),7),(3,(((((11,25),((5,(10,1)),(21,9))),23),17),(((29,30),14),19)))),(4,6)));

STEP 98 [Heur. rSPR MP -> NNI_Substep_85] - Distance: 61.0000
(28,((((((16,(26,((13,2),((20,(24,15)),8)))),22),(27,(12,18))),7),(3,(((((11,25),((5,(10,1)),(21,9))),23),17),(((29,30),19),14)))),(4,6)));

STEP 99 [Heur. rSPR MP -> NNI_Substep_86] - Distance: 60.0000
(28,((((((16,(26,((13,2),((20,(24,15)),8)))),22),(27,(12,18))),7),(3,(((((11,25),((5,(10,1)),(21,9))),23),17),(((29,19),30),14)))),(4,6)));

STEP 100 [Heur. rSPR MP -> NNI_Substep_87] - Distance: 60.0000
(28,(((((((26,((13,2),((20,(24,15)),8))),22),16),(27,(12,18))),7),(3,(((((11,25),((5,(10,1)),(21,9))),23),17),(((29,19),30),14)))),(4,6)));

STEP 101 [Heur. rSPR MP -> NNI_Substep_88] - Distance: 59.0000
(28,(((((((26,((13,2),((20,(24,15)),8))),22),(27,(12,18))),16),7),(3,(((((11,25),((5,(10,1)),(21,9))),23),17),(((29,19),30),14)))),(4,6)));

STEP 102 [Heur. rSPR MP -> NNI_Substep_89] - Distance: 60.0000
(28,(((((((26,((13,2),((20,(24,15)),8))),22),(27,(12,18))),7),16),(3,(((((11,25),((5,(10,1)),(21,9))),23),17),(((29,19),30),14)))),(4,6)));

STEP 103 [Heur. rSPR MP -> NNI_Substep_90] - Distance: 50.0000
(28,((((((26,((13,2),((20,(24,15)),8))),22),(27,(12,18))),(7,16)),(3,(((((11,25),((5,(10,1)),(21,9))),23),17),(((29,19),30),14)))),(4,6)));

STEP 104 [Heur. rSPR MP -> NNI_Substep_91] - Distance: 50.0000
(28,((((((26,((13,2),(((24,15),8),20))),22),(27,(12,18))),(7,16)),(3,(((((11,25),((5,(10,1)),(21,9))),23),17),(((29,19),30),14)))),(4,6)));

STEP 105 [Heur. rSPR MP -> NNI_Substep_92] - Distance: 50.0000
(28,((((((26,(((13,2),((24,15),8)),20)),22),(27,(12,18))),(7,16)),(3,(((((11,25),((5,(10,1)),(21,9))),23),17),(((29,19),30),14)))),(4,6)));

STEP 106 [Heur. rSPR MP -> NNI_Substep_93] - Distance: 50.0000
(28,(((((((26,((13,2),((24,15),8))),20),22),(27,(12,18))),(7,16)),(3,(((((11,25),((5,(10,1)),(21,9))),23),17),(((29,19),30),14)))),(4,6)));

STEP 107 [Heur. rSPR MP -> NNI_Substep_94] - Distance: 50.0000
(28,(((((((26,((13,2),((24,15),8))),22),20),(27,(12,18))),(7,16)),(3,(((((11,25),((5,(10,1)),(21,9))),23),17),(((29,19),30),14)))),(4,6)));

STEP 108 [Heur. rSPR MP -> NNI_Substep_95] - Distance: 50.0000
(28,(((((((26,((13,2),((24,15),8))),22),(27,(12,18))),20),(7,16)),(3,(((((11,25),((5,(10,1)),(21,9))),23),17),(((29,19),30),14)))),(4,6)));

STEP 109 [Heur. rSPR MP -> NNI_Substep_96] - Distance: 49.0000
(28,(((((((26,((13,2),((24,15),8))),22),(27,(12,18))),(7,16)),20),(3,(((((11,25),((5,(10,1)),(21,9))),23),17),(((29,19),30),14)))),(4,6)));

STEP 110 [Heur. rSPR MP -> NNI_Substep_97] - Distance: 39.0000
(28,((((((26,((13,2),((24,15),8))),22),(27,(12,18))),((7,16),20)),(3,(((((11,25),((5,(10,1)),(21,9))),23),17),(((29,19),30),14)))),(4,6)));

STEP 111 [Heur. rSPR MP -> NNI_Substep_98] - Distance: 38.0000
(28,((((((26,((13,2),((24,15),8))),22),(27,(12,18))),(7,(16,20))),(3,(((((11,25),((5,(10,1)),(21,9))),23),17),(((29,19),30),14)))),(4,6)));

STEP 112 [Heur. rSPR MP -> NNI_Substep_99] - Distance: 29.0000
(28,((((((26,((13,2),((24,15),8))),22),(27,(12,18))),(7,(16,20))),((3,(((29,19),30),14)),((((11,25),((5,(10,1)),(21,9))),23),17))),(4,6)));

STEP 113 [Heur. rSPR MP -> NNI_Substep_100] - Distance: 29.0000
(28,((((((((13,2),((24,15),8)),22),26),(27,(12,18))),(7,(16,20))),((3,(((29,19),30),14)),((((11,25),((5,(10,1)),(21,9))),23),17))),(4,6)));

STEP 114 [Heur. rSPR MP -> NNI_Substep_101] - Distance: 28.0000
(28,((((((((13,2),((24,15),8)),22),(27,(12,18))),26),(7,(16,20))),((3,(((29,19),30),14)),((((11,25),((5,(10,1)),(21,9))),23),17))),(4,6)));

STEP 115 [Heur. rSPR MP -> NNI_Substep_102] - Distance: 24.0000
(28,(((((((13,2),((24,15),8)),22),((27,(12,18)),26)),(7,(16,20))),((3,(((29,19),30),14)),((((11,25),((5,(10,1)),(21,9))),23),17))),(4,6)));

STEP 116 [Heur. rSPR MP -> NNI_Substep_103] - Distance: 22.0000
(28,(((((((13,2),((24,15),8)),22),((27,26),(12,18))),(7,(16,20))),((3,(((29,19),30),14)),((((11,25),((5,(10,1)),(21,9))),23),17))),(4,6)));

STEP 117 [Heur. rSPR MP -> NNI_Substep_104] - Distance: 22.0000
(28,(((((((13,2),((24,8),15)),22),((27,26),(12,18))),(7,(16,20))),((3,(((29,19),30),14)),((((11,25),((5,(10,1)),(21,9))),23),17))),(4,6)));

STEP 118 [Heur. rSPR MP -> NNI_Substep_105] - Distance: 22.0000
(28,((((((((13,2),(24,8)),15),22),((27,26),(12,18))),(7,(16,20))),((3,(((29,19),30),14)),((((11,25),((5,(10,1)),(21,9))),23),17))),(4,6)));

STEP 119 [Heur. rSPR MP -> NNI_Substep_106] - Distance: 22.0000
(28,((((((((13,2),(24,8)),22),15),((27,26),(12,18))),(7,(16,20))),((3,(((29,19),30),14)),((((11,25),((5,(10,1)),(21,9))),23),17))),(4,6)));

STEP 120 [Heur. rSPR MP -> NNI_Substep_107] - Distance: 21.0000
(28,((((((((13,2),(24,8)),22),((27,26),(12,18))),15),(7,(16,20))),((3,(((29,19),30),14)),((((11,25),((5,(10,1)),(21,9))),23),17))),(4,6)));

STEP 121 [Heur. rSPR MP -> NNI_Substep_108] - Distance: 16.0000
(28,(((((((13,2),(24,8)),22),(((27,26),(12,18)),15)),(7,(16,20))),((3,(((29,19),30),14)),((((11,25),((5,(10,1)),(21,9))),23),17))),(4,6)));

STEP 122 [Heur. rSPR MP -> NNI_Substep_109] - Distance: 14.0000
(28,(((((((13,2),(24,8)),22),(((27,26),15),(12,18))),(7,(16,20))),((3,(((29,19),30),14)),((((11,25),((5,(10,1)),(21,9))),23),17))),(4,6)));

STEP 123 [Heur. rSPR MP -> NNI_Substep_110] - Distance: 13.0000
(28,(((((((13,2),(24,8)),22),(((27,15),26),(12,18))),(7,(16,20))),((3,(((29,19),30),14)),((((11,25),((5,(10,1)),(21,9))),23),17))),(4,6)));

STEP 124 [Heur. rSPR MP -> NNI_Substep_111] - Distance: 11.0000
(28,(((((((13,2),(24,8)),22),(((27,15),26),(12,18))),(7,(16,20))),((3,(((29,19),30),14)),((((11,25),(((5,(10,1)),21),9)),23),17))),(4,6)));

STEP 125 [Heur. rSPR MP -> NNI_Substep_112] - Distance: 9.0000
(28,(((((((13,2),(24,8)),22),(((27,15),26),(12,18))),(7,(16,20))),((3,(((29,19),30),14)),(((((11,25),((5,(10,1)),21)),9),23),17))),(4,6)));

STEP 126 [Heur. rSPR MP -> NNI_Substep_113] - Distance: 8.0000
(28,(((((((13,2),(24,8)),22),(((27,15),26),(12,18))),(7,(16,20))),((3,(((29,19),30),14)),(((((11,25),((5,(10,1)),21)),23),9),17))),(4,6)));

STEP 127 [Heur. rSPR MP -> NNI_Substep_114] - Distance: 7.0000
(28,(((((((13,2),(24,8)),22),(((27,15),26),(12,18))),(7,(16,20))),((3,(((29,19),30),14)),(((((11,25),((5,(10,1)),21)),23),17),9))),(4,6)));

STEP 128 [Heur. rSPR MP -> NNI_Substep_115] - Distance: 7.0000
(28,(((((((13,2),(24,8)),22),(((27,15),26),(12,18))),(7,(16,20))),((3,(((29,19),30),14)),(((((11,25),(((5,10),1),21)),23),17),9))),(4,6)));

STEP 129 [Heur. rSPR MP -> NNI_Substep_116] - Distance: 7.0000
(28,(((((((13,2),(24,8)),22),(((27,15),26),(12,18))),(7,(16,20))),((3,(((29,19),30),14)),(((((11,25),(((5,10),21),1)),23),17),9))),(4,6)));

STEP 130 [Heur. rSPR MP -> NNI_Substep_117] - Distance: 6.0000
(28,(((((((13,2),(24,8)),22),(((27,15),26),(12,18))),(7,(16,20))),((3,(((29,19),30),14)),((((((11,25),((5,10),21)),1),23),17),9))),(4,6)));

STEP 131 [Heur. rSPR MP -> NNI_Substep_118] - Distance: 6.0000
(28,(((((((13,2),(24,8)),22),(((27,15),26),(12,18))),(7,(16,20))),((3,(((29,19),30),14)),((((((11,25),((5,10),21)),23),1),17),9))),(4,6)));

STEP 132 [Heur. rSPR MP -> NNI_Substep_119] - Distance: 1.0000
(28,(((((((13,2),(24,8)),22),(((27,15),26),(12,18))),(7,(16,20))),((3,(((29,19),30),14)),(((((11,25),((5,10),21)),(23,1)),17),9))),(4,6)));

STEP 133 [Heur. rSPR MP -> NNI_Substep_120] - Distance: 0.0000
(28,(((((((13,2),(24,8)),22),(((27,15),26),(12,18))),(7,(16,20))),((3,(((29,19),30),14)),(((((11,25),((10,21),5)),(23,1)),17),9))),(4,6)));

========================================================
[FINAL] Total Steps: 133 | Final Distance: 0.0000
========================================================
