========================================================
HEURISTIC TRAJECTORY: VND Classic (MP)
========================================================
STEP 0 [START] - Distance: 317.0000
(((27,(((22,((8,(26,20)),(14,(24,11)))),(9,6)),(23,4))),((18,(29,(16,(13,(28,(2,30)))))),(21,(((10,19),(25,1)),(15,12))))),(17,(5,(3,7))));

STEP 1 [NNI_ClassicHeuristic_MP -> NNI_Substep_1] - Distance: 293.0000
(((27,(((22,((8,(26,20)),(14,(24,11)))),(23,4)),(9,6))),(17,(5,(3,7)))),((18,(29,(16,(13,(28,(2,30)))))),(21,(((10,19),(25,1)),(15,12)))));

STEP 2 [NNI_ClassicHeuristic_MP -> NNI_Substep_2] - Distance: 290.0000
(((27,(((22,((8,(26,20)),(14,(24,11)))),(23,4)),(9,6))),(17,(5,(3,7)))),(21,((18,(29,(16,(13,(28,(2,30)))))),(((10,19),(25,1)),(15,12)))));

STEP 3 [NNI_ClassicHeuristic_MP -> NNI_Substep_3] - Distance: 288.0000
(((27,(((22,(23,4)),((8,(26,20)),(14,(24,11)))),(9,6))),(17,(5,(3,7)))),(21,((18,(29,(16,(13,(28,(2,30)))))),(((10,19),(25,1)),(15,12)))));

STEP 4 [NNI_ClassicHeuristic_MP -> NNI_Substep_4] - Distance: 287.0000
(((27,(((23,(22,4)),((8,(26,20)),(14,(24,11)))),(9,6))),(17,(5,(3,7)))),(21,((18,(29,(16,(13,(28,(2,30)))))),(((10,19),(25,1)),(15,12)))));

STEP 5 [NNI_ClassicHeuristic_MP -> NNI_Substep_5] - Distance: 286.0000
((17,((27,(((23,(22,4)),((8,(26,20)),(14,(24,11)))),(9,6))),(5,(3,7)))),(21,((18,(29,(16,(13,(28,(2,30)))))),(((10,19),(25,1)),(15,12)))));

STEP 6 [NNI_ClassicHeuristic_MP -> NNI_Substep_6] - Distance: 281.0000
((17,(21,((18,(29,(16,(13,(28,(2,30)))))),(((10,19),(25,1)),(15,12))))),(5,((27,(((23,(22,4)),((8,(26,20)),(14,(24,11)))),(9,6))),(3,7))));

STEP 7 [NNI_ClassicHeuristic_MP -> NNI_Substep_7] - Distance: 280.0000
((17,(21,(((((10,19),(25,1)),(15,12)),(29,(16,(13,(28,(2,30)))))),18))),(5,((27,(((23,(22,4)),((8,(26,20)),(14,(24,11)))),(9,6))),(3,7))));

STEP 8 [NNI_ClassicHeuristic_MP -> NNI_Substep_8] - Distance: 279.0000
((17,(21,(((((10,19),(25,1)),(15,12)),(29,(16,(13,(28,(2,30)))))),18))),(5,(3,((27,(((23,(22,4)),((8,(26,20)),(14,(24,11)))),(9,6))),7))));

STEP 9 [TBR_ClassicHeuristic_MP -> NNI_Substep_1] - Distance: 279.0000
((17,(21,(((((10,19),(25,1)),(15,12)),(29,(16,(13,((28,2),30))))),18))),(5,(3,((27,(((23,(22,4)),((8,(26,20)),(14,(24,11)))),(9,6))),7))));

STEP 10 [TBR_ClassicHeuristic_MP -> NNI_Substep_2] - Distance: 279.0000
((17,(21,(((((10,19),(25,1)),(15,12)),(29,(16,((13,(28,2)),30)))),18))),(5,(3,((27,(((23,(22,4)),((8,(26,20)),(14,(24,11)))),(9,6))),7))));

STEP 11 [TBR_ClassicHeuristic_MP -> NNI_Substep_3] - Distance: 279.0000
((17,(21,(((((10,19),(25,1)),(15,12)),(29,((16,(13,(28,2))),30))),18))),(5,(3,((27,(((23,(22,4)),((8,(26,20)),(14,(24,11)))),(9,6))),7))));

STEP 12 [TBR_ClassicHeuristic_MP -> NNI_Substep_4] - Distance: 279.0000
((17,(21,(((((10,19),(25,1)),(15,12)),((29,(16,(13,(28,2)))),30)),18))),(5,(3,((27,(((23,(22,4)),((8,(26,20)),(14,(24,11)))),(9,6))),7))));

STEP 13 [TBR_ClassicHeuristic_MP -> NNI_Substep_5] - Distance: 279.0000
((17,(21,((((((10,19),(25,1)),(15,12)),(29,(16,(13,(28,2))))),30),18))),(5,(3,((27,(((23,(22,4)),((8,(26,20)),(14,(24,11)))),(9,6))),7))));

STEP 14 [TBR_ClassicHeuristic_MP -> NNI_Substep_6] - Distance: 279.0000
((17,(21,((((((10,19),(25,1)),(15,12)),(29,(16,(13,(28,2))))),18),30))),(5,(3,((27,(((23,(22,4)),((8,(26,20)),(14,(24,11)))),(9,6))),7))));

STEP 15 [TBR_ClassicHeuristic_MP -> NNI_Substep_7] - Distance: 279.0000
((17,((21,(((((10,19),(25,1)),(15,12)),(29,(16,(13,(28,2))))),18)),30)),(5,(3,((27,(((23,(22,4)),((8,(26,20)),(14,(24,11)))),(9,6))),7))));

STEP 16 [TBR_ClassicHeuristic_MP -> NNI_Substep_8] - Distance: 279.0000
(((17,(21,(((((10,19),(25,1)),(15,12)),(29,(16,(13,(28,2))))),18))),30),(5,(3,((27,(((23,(22,4)),((8,(26,20)),(14,(24,11)))),(9,6))),7))));

STEP 17 [TBR_ClassicHeuristic_MP -> NNI_Substep_9] - Distance: 272.0000
((17,(21,(((((10,19),(25,1)),(15,12)),(29,(16,(13,(28,2))))),18))),(5,((3,((27,(((23,(22,4)),((8,(26,20)),(14,(24,11)))),(9,6))),7)),30)));

STEP 18 [TBR_ClassicHeuristic_MP -> NNI_Substep_10] - Distance: 273.0000
((17,(21,(((((10,19),(25,1)),(15,12)),(29,(16,(13,(28,2))))),18))),(5,(3,(((27,(((23,(22,4)),((8,(26,20)),(14,(24,11)))),(9,6))),7),30))));

STEP 19 [TBR_ClassicHeuristic_MP -> NNI_Substep_11] - Distance: 273.0000
((17,(21,(((((10,19),(25,1)),(15,12)),(29,(16,(13,(28,2))))),18))),(5,(3,(((27,(((23,(22,4)),((8,(26,20)),(14,(24,11)))),(9,6))),30),7))));

STEP 20 [TBR_ClassicHeuristic_MP -> NNI_Substep_12] - Distance: 273.0000
((17,(21,(((((10,19),(25,1)),(15,12)),(29,(16,(13,(28,2))))),18))),(5,(3,((27,((((23,(22,4)),((8,(26,20)),(14,(24,11)))),(9,6)),30)),7))));

STEP 21 [TBR_ClassicHeuristic_MP -> NNI_Substep_13] - Distance: 268.0000
((17,(21,(((((10,19),(25,1)),(15,12)),(29,(16,(13,(28,2))))),18))),(5,(3,((27,(((23,(22,4)),((8,(26,20)),(14,(24,11)))),((9,6),30))),7))));

STEP 22 [TBR_ClassicHeuristic_MP -> NNI_Substep_14] - Distance: 268.0000
((17,(21,(((((10,(25,1)),19),(15,12)),(29,(16,(13,(28,2))))),18))),(5,(3,((27,(((23,(22,4)),((8,(26,20)),(14,(24,11)))),((9,6),30))),7))));

STEP 23 [TBR_ClassicHeuristic_MP -> NNI_Substep_15] - Distance: 268.0000
((17,(21,(((((10,(25,1)),(15,12)),19),(29,(16,(13,(28,2))))),18))),(5,(3,((27,(((23,(22,4)),((8,(26,20)),(14,(24,11)))),((9,6),30))),7))));

STEP 24 [TBR_ClassicHeuristic_MP -> NNI_Substep_16] - Distance: 268.0000
((17,(21,(((((10,(25,1)),(15,12)),(29,(16,(13,(28,2))))),19),18))),(5,(3,((27,(((23,(22,4)),((8,(26,20)),(14,(24,11)))),((9,6),30))),7))));

STEP 25 [TBR_ClassicHeuristic_MP -> NNI_Substep_17] - Distance: 268.0000
((17,(21,(((((10,(25,1)),(15,12)),(29,(16,(13,(28,2))))),18),19))),(5,(3,((27,(((23,(22,4)),((8,(26,20)),(14,(24,11)))),((9,6),30))),7))));

STEP 26 [TBR_ClassicHeuristic_MP -> NNI_Substep_18] - Distance: 267.0000
((17,((21,((((10,(25,1)),(15,12)),(29,(16,(13,(28,2))))),18)),19)),(5,(3,((27,(((23,(22,4)),((8,(26,20)),(14,(24,11)))),((9,6),30))),7))));

STEP 27 [TBR_ClassicHeuristic_MP -> NNI_Substep_19] - Distance: 267.0000
(((17,(21,((((10,(25,1)),(15,12)),(29,(16,(13,(28,2))))),18))),19),(5,(3,((27,(((23,(22,4)),((8,(26,20)),(14,(24,11)))),((9,6),30))),7))));

STEP 28 [TBR_ClassicHeuristic_MP -> NNI_Substep_20] - Distance: 264.0000
((17,(21,((((10,(25,1)),(15,12)),(29,(16,(13,(28,2))))),18))),(5,((3,((27,(((23,(22,4)),((8,(26,20)),(14,(24,11)))),((9,6),30))),7)),19)));

STEP 29 [TBR_ClassicHeuristic_MP -> NNI_Substep_21] - Distance: 264.0000
((17,(21,((((10,(25,1)),(15,12)),(29,(16,(13,(28,2))))),18))),(5,(3,(((27,(((23,(22,4)),((8,(26,20)),(14,(24,11)))),((9,6),30))),7),19))));

STEP 30 [TBR_ClassicHeuristic_MP -> NNI_Substep_22] - Distance: 264.0000
((17,(21,((((10,(25,1)),(15,12)),(29,(16,(13,(28,2))))),18))),(5,(3,(((27,(((23,(22,4)),((8,(26,20)),(14,(24,11)))),((9,6),30))),19),7))));

STEP 31 [TBR_ClassicHeuristic_MP -> NNI_Substep_23] - Distance: 264.0000
((17,(21,((((10,(25,1)),(15,12)),(29,(16,(13,(28,2))))),18))),(5,(3,((27,((((23,(22,4)),((8,(26,20)),(14,(24,11)))),((9,6),30)),19)),7))));

STEP 32 [TBR_ClassicHeuristic_MP -> NNI_Substep_24] - Distance: 261.0000
((17,(21,((((10,(25,1)),(15,12)),(29,(16,(13,(28,2))))),18))),(5,(3,((27,((((23,(22,4)),((8,(26,20)),(14,(24,11)))),19),((9,6),30))),7))));

STEP 33 [TBR_ClassicHeuristic_MP -> NNI_Substep_25] - Distance: 258.0000
((17,(21,((((10,(25,1)),(15,12)),(29,(16,(13,(28,2))))),18))),(5,(3,((27,(((23,(22,4)),(((8,(26,20)),(14,(24,11))),19)),((9,6),30))),7))));

STEP 34 [TBR_ClassicHeuristic_MP -> NNI_Substep_26] - Distance: 257.0000
((17,(21,((((10,(25,1)),(15,12)),(29,(16,(13,(28,2))))),18))),(5,(3,((27,(((23,(22,4)),((8,(26,20)),((14,(24,11)),19))),((9,6),30))),7))));

STEP 35 [TBR_ClassicHeuristic_MP -> NNI_Substep_27] - Distance: 257.0000
((17,(21,(((((10,25),1),(15,12)),(29,(16,(13,(28,2))))),18))),(5,(3,((27,(((23,(22,4)),((8,(26,20)),((14,(24,11)),19))),((9,6),30))),7))));

STEP 36 [TBR_ClassicHeuristic_MP -> NNI_Substep_28] - Distance: 257.0000
((17,(21,(((((10,25),(15,12)),1),(29,(16,(13,(28,2))))),18))),(5,(3,((27,(((23,(22,4)),((8,(26,20)),((14,(24,11)),19))),((9,6),30))),7))));

STEP 37 [TBR_ClassicHeuristic_MP -> NNI_Substep_29] - Distance: 257.0000
((17,(21,(((((10,25),(15,12)),(29,(16,(13,(28,2))))),1),18))),(5,(3,((27,(((23,(22,4)),((8,(26,20)),((14,(24,11)),19))),((9,6),30))),7))));

STEP 38 [TBR_ClassicHeuristic_MP -> NNI_Substep_30] - Distance: 257.0000
((17,(21,(((((10,25),(15,12)),(29,(16,(13,(28,2))))),18),1))),(5,(3,((27,(((23,(22,4)),((8,(26,20)),((14,(24,11)),19))),((9,6),30))),7))));

STEP 39 [TBR_ClassicHeuristic_MP -> NNI_Substep_31] - Distance: 257.0000
((17,((21,((((10,25),(15,12)),(29,(16,(13,(28,2))))),18)),1)),(5,(3,((27,(((23,(22,4)),((8,(26,20)),((14,(24,11)),19))),((9,6),30))),7))));

STEP 40 [TBR_ClassicHeuristic_MP -> NNI_Substep_32] - Distance: 257.0000
(((17,(21,((((10,25),(15,12)),(29,(16,(13,(28,2))))),18))),1),(5,(3,((27,(((23,(22,4)),((8,(26,20)),((14,(24,11)),19))),((9,6),30))),7))));

STEP 41 [TBR_ClassicHeuristic_MP -> NNI_Substep_33] - Distance: 253.0000
((17,(21,((((10,25),(15,12)),(29,(16,(13,(28,2))))),18))),(5,((3,((27,(((23,(22,4)),((8,(26,20)),((14,(24,11)),19))),((9,6),30))),7)),1)));

STEP 42 [TBR_ClassicHeuristic_MP -> NNI_Substep_34] - Distance: 253.0000
((17,(21,((((10,25),(15,12)),(29,(16,(13,(28,2))))),18))),(5,(3,(((27,(((23,(22,4)),((8,(26,20)),((14,(24,11)),19))),((9,6),30))),7),1))));

STEP 43 [TBR_ClassicHeuristic_MP -> NNI_Substep_35] - Distance: 253.0000
((17,(21,((((10,25),(15,12)),(29,(16,(13,(28,2))))),18))),(5,(3,(((27,(((23,(22,4)),((8,(26,20)),((14,(24,11)),19))),((9,6),30))),1),7))));

STEP 44 [TBR_ClassicHeuristic_MP -> NNI_Substep_36] - Distance: 253.0000
((17,(21,((((10,25),(15,12)),(29,(16,(13,(28,2))))),18))),(5,(3,((27,((((23,(22,4)),((8,(26,20)),((14,(24,11)),19))),((9,6),30)),1)),7))));

STEP 45 [TBR_ClassicHeuristic_MP -> NNI_Substep_37] - Distance: 250.0000
((17,(21,((((10,25),(15,12)),(29,(16,(13,(28,2))))),18))),(5,(3,((27,((((23,(22,4)),((8,(26,20)),((14,(24,11)),19))),1),((9,6),30))),7))));

STEP 46 [TBR_ClassicHeuristic_MP -> NNI_Substep_38] - Distance: 247.0000
((17,(21,((((10,25),(15,12)),(29,(16,(13,(28,2))))),18))),(5,(3,((27,(((23,(22,4)),(((8,(26,20)),((14,(24,11)),19)),1)),((9,6),30))),7))));

STEP 47 [TBR_ClassicHeuristic_MP -> NNI_Substep_39] - Distance: 245.0000
((17,(21,((((10,25),(15,12)),(29,(16,(13,(28,2))))),18))),(5,(3,((27,(((23,(22,4)),(((8,(26,20)),1),((14,(24,11)),19))),((9,6),30))),7))));

STEP 48 [TBR_ClassicHeuristic_MP -> NNI_Substep_40] - Distance: 245.0000
((17,(21,((((10,25),(15,12)),(29,(16,(13,(28,2))))),18))),(5,(3,((27,(((23,(22,4)),(((8,(26,20)),1),(((24,11),19),14))),((9,6),30))),7))));

STEP 49 [TBR_ClassicHeuristic_MP -> NNI_Substep_41] - Distance: 245.0000
((17,(21,((((10,25),(15,12)),(29,(16,(13,(28,2))))),18))),(5,(3,((27,(((23,(22,4)),((((8,(26,20)),1),((24,11),19)),14)),((9,6),30))),7))));

STEP 50 [TBR_ClassicHeuristic_MP -> NNI_Substep_42] - Distance: 245.0000
((17,(21,((((10,25),(15,12)),(29,(16,(13,(28,2))))),18))),(5,(3,((27,((((23,(22,4)),(((8,(26,20)),1),((24,11),19))),14),((9,6),30))),7))));

STEP 51 [TBR_ClassicHeuristic_MP -> NNI_Substep_43] - Distance: 245.0000
((17,(21,((((10,25),(15,12)),(29,(16,(13,(28,2))))),18))),(5,(3,((27,((((23,(22,4)),(((8,(26,20)),1),((24,11),19))),((9,6),30)),14)),7))));

STEP 52 [TBR_ClassicHeuristic_MP -> NNI_Substep_44] - Distance: 244.0000
((17,(21,((((10,25),(15,12)),(29,(16,(13,(28,2))))),18))),(5,(3,(((27,(((23,(22,4)),(((8,(26,20)),1),((24,11),19))),((9,6),30))),14),7))));

STEP 53 [TBR_ClassicHeuristic_MP -> NNI_Substep_45] - Distance: 244.0000
((17,(21,((((10,25),(15,12)),(29,(16,(13,(28,2))))),18))),(5,(3,(((27,(((23,(22,4)),(((8,(26,20)),1),((24,11),19))),((9,6),30))),7),14))));

STEP 54 [TBR_ClassicHeuristic_MP -> NNI_Substep_46] - Distance: 244.0000
((17,(21,((((10,25),(15,12)),(29,(16,(13,(28,2))))),18))),(5,((3,((27,(((23,(22,4)),(((8,(26,20)),1),((24,11),19))),((9,6),30))),7)),14)));

STEP 55 [TBR_ClassicHeuristic_MP -> NNI_Substep_47] - Distance: 244.0000
((17,(21,((((10,25),(15,12)),(29,(16,(13,(28,2))))),18))),((5,(3,((27,(((23,(22,4)),(((8,(26,20)),1),((24,11),19))),((9,6),30))),7))),14));

STEP 56 [TBR_ClassicHeuristic_MP -> NNI_Substep_48] - Distance: 235.0000
((17,((21,((((10,25),(15,12)),(29,(16,(13,(28,2))))),18)),14)),(5,(3,((27,(((23,(22,4)),(((8,(26,20)),1),((24,11),19))),((9,6),30))),7))));

STEP 57 [TBR_ClassicHeuristic_MP -> NNI_Substep_49] - Distance: 235.0000
((17,(21,(((((10,25),(15,12)),(29,(16,(13,(28,2))))),18),14))),(5,(3,((27,(((23,(22,4)),(((8,(26,20)),1),((24,11),19))),((9,6),30))),7))));

STEP 58 [TBR_ClassicHeuristic_MP -> NNI_Substep_50] - Distance: 235.0000
((17,(21,(((((10,25),(15,12)),(29,(16,(13,(28,2))))),14),18))),(5,(3,((27,(((23,(22,4)),(((8,(26,20)),1),((24,11),19))),((9,6),30))),7))));

STEP 59 [TBR_ClassicHeuristic_MP -> NNI_Substep_51] - Distance: 233.0000
((17,(21,(((((10,25),(15,12)),14),(29,(16,(13,(28,2))))),18))),(5,(3,((27,(((23,(22,4)),(((8,(26,20)),1),((24,11),19))),((9,6),30))),7))));

STEP 60 [TBR_ClassicHeuristic_MP -> NNI_Substep_52] - Distance: 232.0000
((17,(21,(((((10,25),14),(15,12)),(29,(16,(13,(28,2))))),18))),(5,(3,((27,(((23,(22,4)),(((8,(26,20)),1),((24,11),19))),((9,6),30))),7))));

STEP 61 [TBR_ClassicHeuristic_MP -> NNI_Substep_53] - Distance: 232.0000
((17,(21,(((((10,25),14),(15,12)),(29,(16,(13,(28,2))))),18))),(5,((3,(27,(((23,(22,4)),(((8,(26,20)),1),((24,11),19))),((9,6),30)))),7)));

STEP 62 [TBR_ClassicHeuristic_MP -> NNI_Substep_54] - Distance: 232.0000
((17,(21,(((((10,25),14),(15,12)),(29,(16,(13,(28,2))))),18))),((5,(3,(27,(((23,(22,4)),(((8,(26,20)),1),((24,11),19))),((9,6),30))))),7));

STEP 63 [TBR_ClassicHeuristic_MP -> NNI_Substep_55] - Distance: 222.0000
((17,((21,(((((10,25),14),(15,12)),(29,(16,(13,(28,2))))),18)),7)),(5,(3,(27,(((23,(22,4)),(((8,(26,20)),1),((24,11),19))),((9,6),30))))));

STEP 64 [TBR_ClassicHeuristic_MP -> NNI_Substep_56] - Distance: 222.0000
((17,(21,((((((10,25),14),(15,12)),(29,(16,(13,(28,2))))),18),7))),(5,(3,(27,(((23,(22,4)),(((8,(26,20)),1),((24,11),19))),((9,6),30))))));

STEP 65 [TBR_ClassicHeuristic_MP -> NNI_Substep_57] - Distance: 222.0000
((17,(21,((((((10,25),14),(15,12)),(29,(16,(13,(28,2))))),7),18))),(5,(3,(27,(((23,(22,4)),(((8,(26,20)),1),((24,11),19))),((9,6),30))))));

STEP 66 [TBR_ClassicHeuristic_MP -> NNI_Substep_58] - Distance: 221.0000
((17,(21,((((((10,25),14),(15,12)),7),(29,(16,(13,(28,2))))),18))),(5,(3,(27,(((23,(22,4)),(((8,(26,20)),1),((24,11),19))),((9,6),30))))));

STEP 67 [TBR_ClassicHeuristic_MP -> NNI_Substep_59] - Distance: 220.0000
((17,(21,((((((10,25),14),7),(15,12)),(29,(16,(13,(28,2))))),18))),(5,(3,(27,(((23,(22,4)),(((8,(26,20)),1),((24,11),19))),((9,6),30))))));

STEP 68 [TBR_ClassicHeuristic_MP -> NNI_Substep_60] - Distance: 220.0000
(((17,((((((10,25),14),7),(15,12)),(29,(16,(13,(28,2))))),18)),21),(5,(3,(27,(((23,(22,4)),(((8,(26,20)),1),((24,11),19))),((9,6),30))))));

STEP 69 [TBR_ClassicHeuristic_MP -> NNI_Substep_61] - Distance: 214.0000
((17,((((((10,25),14),7),(15,12)),(29,(16,(13,(28,2))))),18)),(5,((3,(27,(((23,(22,4)),(((8,(26,20)),1),((24,11),19))),((9,6),30)))),21)));

STEP 70 [TBR_ClassicHeuristic_MP -> NNI_Substep_62] - Distance: 214.0000
((17,((((((10,25),14),7),(15,12)),(29,(16,(13,(28,2))))),18)),(5,(3,((27,(((23,(22,4)),(((8,(26,20)),1),((24,11),19))),((9,6),30))),21))));

STEP 71 [TBR_ClassicHeuristic_MP -> NNI_Substep_63] - Distance: 214.0000
((17,((((((10,25),14),7),(15,12)),(29,(16,(13,(28,2))))),18)),(5,(3,(27,((((23,(22,4)),(((8,(26,20)),1),((24,11),19))),((9,6),30)),21)))));

STEP 72 [TBR_ClassicHeuristic_MP -> NNI_Substep_64] - Distance: 211.0000
((17,((((((10,25),14),7),(15,12)),(29,(16,(13,(28,2))))),18)),(5,(3,(27,((((23,(22,4)),(((8,(26,20)),1),((24,11),19))),21),((9,6),30))))));

STEP 73 [TBR_ClassicHeuristic_MP -> NNI_Substep_65] - Distance: 207.0000
((17,((((((10,25),14),7),(15,12)),(29,(16,(13,(28,2))))),18)),(5,(3,(27,((((23,(22,4)),21),(((8,(26,20)),1),((24,11),19))),((9,6),30))))));

STEP 74 [TBR_ClassicHeuristic_MP -> NNI_Substep_66] - Distance: 206.0000
((17,((((((10,25),14),7),(15,12)),(29,(16,(13,(28,2))))),18)),(5,(3,(27,(((23,((22,4),21)),(((8,(26,20)),1),((24,11),19))),((9,6),30))))));

STEP 75 [TBR_ClassicHeuristic_MP -> NNI_Substep_67] - Distance: 206.0000
((17,(((((((10,25),14),7),15),12),(29,(16,(13,(28,2))))),18)),(5,(3,(27,(((23,((22,4),21)),(((8,(26,20)),1),((24,11),19))),((9,6),30))))));

STEP 76 [TBR_ClassicHeuristic_MP -> NNI_Substep_68] - Distance: 205.0000
((17,(((((((10,25),14),7),15),(29,(16,(13,(28,2))))),12),18)),(5,(3,(27,(((23,((22,4),21)),(((8,(26,20)),1),((24,11),19))),((9,6),30))))));

STEP 77 [TBR_ClassicHeuristic_MP -> NNI_Substep_69] - Distance: 206.0000
((17,(((((((10,25),14),7),15),(29,(16,(13,(28,2))))),18),12)),(5,(3,(27,(((23,((22,4),21)),(((8,(26,20)),1),((24,11),19))),((9,6),30))))));

STEP 78 [TBR_ClassicHeuristic_MP -> NNI_Substep_70] - Distance: 206.0000
(((17,((((((10,25),14),7),15),(29,(16,(13,(28,2))))),18)),12),(5,(3,(27,(((23,((22,4),21)),(((8,(26,20)),1),((24,11),19))),((9,6),30))))));

STEP 79 [TBR_ClassicHeuristic_MP -> NNI_Substep_71] - Distance: 195.0000
((17,((((((10,25),14),7),15),(29,(16,(13,(28,2))))),18)),(5,((3,(27,(((23,((22,4),21)),(((8,(26,20)),1),((24,11),19))),((9,6),30)))),12)));

STEP 80 [TBR_ClassicHeuristic_MP -> NNI_Substep_72] - Distance: 195.0000
((17,((((((10,25),14),7),15),(29,(16,(13,(28,2))))),18)),(5,(3,((27,(((23,((22,4),21)),(((8,(26,20)),1),((24,11),19))),((9,6),30))),12))));

STEP 81 [TBR_ClassicHeuristic_MP -> NNI_Substep_73] - Distance: 195.0000
((17,((((((10,25),14),7),15),(29,(16,(13,(28,2))))),18)),(5,(3,(27,((((23,((22,4),21)),(((8,(26,20)),1),((24,11),19))),((9,6),30)),12)))));

STEP 82 [TBR_ClassicHeuristic_MP -> NNI_Substep_74] - Distance: 192.0000
((17,((((((10,25),14),7),15),(29,(16,(13,(28,2))))),18)),(5,(3,(27,((((23,((22,4),21)),(((8,(26,20)),1),((24,11),19))),12),((9,6),30))))));

STEP 83 [TBR_ClassicHeuristic_MP -> NNI_Substep_75] - Distance: 189.0000
((17,((((((10,25),14),7),15),(29,(16,(13,(28,2))))),18)),(5,(3,(27,((((23,((22,4),21)),12),(((8,(26,20)),1),((24,11),19))),((9,6),30))))));

STEP 84 [TBR_ClassicHeuristic_MP -> NNI_Substep_76] - Distance: 189.0000
((17,((((((10,25),14),7),15),(29,(16,(13,(28,2))))),18)),(5,((3,((((23,((22,4),21)),12),(((8,(26,20)),1),((24,11),19))),((9,6),30))),27)));

STEP 85 [TBR_ClassicHeuristic_MP -> NNI_Substep_77] - Distance: 189.0000
((17,((((((10,25),14),7),15),(29,(16,(13,(28,2))))),18)),((5,(3,((((23,((22,4),21)),12),(((8,(26,20)),1),((24,11),19))),((9,6),30)))),27));

STEP 86 [TBR_ClassicHeuristic_MP -> NNI_Substep_78] - Distance: 173.0000
((17,(((((((10,25),14),7),15),(29,(16,(13,(28,2))))),18),27)),(5,(3,((((23,((22,4),21)),12),(((8,(26,20)),1),((24,11),19))),((9,6),30)))));

STEP 87 [TBR_ClassicHeuristic_MP -> NNI_Substep_79] - Distance: 173.0000
((17,(((((((10,25),14),7),15),(29,(16,(13,(28,2))))),27),18)),(5,(3,((((23,((22,4),21)),12),(((8,(26,20)),1),((24,11),19))),((9,6),30)))));

STEP 88 [TBR_ClassicHeuristic_MP -> NNI_Substep_80] - Distance: 172.0000
((17,(((((((10,25),14),7),15),27),(29,(16,(13,(28,2))))),18)),(5,(3,((((23,((22,4),21)),12),(((8,(26,20)),1),((24,11),19))),((9,6),30)))));

STEP 89 [TBR_ClassicHeuristic_MP -> NNI_Substep_81] - Distance: 171.0000
((17,(((((((10,25),14),7),27),15),(29,(16,(13,(28,2))))),18)),(5,(3,((((23,((22,4),21)),12),(((8,(26,20)),1),((24,11),19))),((9,6),30)))));

STEP 90 [TBR_ClassicHeuristic_MP -> NNI_Substep_82] - Distance: 171.0000
((17,(((((((10,25),14),7),27),15),(29,(16,(13,(28,2))))),18)),(5,(3,((((23,((22,4),21)),12),((((8,26),20),1),((24,11),19))),((9,6),30)))));

STEP 91 [TBR_ClassicHeuristic_MP -> NNI_Substep_83] - Distance: 171.0000
((17,(((((((10,25),14),7),27),15),(29,(16,(13,(28,2))))),18)),(5,(3,((((23,((22,4),21)),12),((((8,26),1),20),((24,11),19))),((9,6),30)))));

STEP 92 [TBR_ClassicHeuristic_MP -> NNI_Substep_84] - Distance: 171.0000
((17,(((((((10,25),14),7),27),15),(29,(16,(13,(28,2))))),18)),(5,(3,((((23,((22,4),21)),12),((((8,26),1),((24,11),19)),20)),((9,6),30)))));

STEP 93 [TBR_ClassicHeuristic_MP -> NNI_Substep_85] - Distance: 171.0000
((17,(((((((10,25),14),7),27),15),(29,(16,(13,(28,2))))),18)),(5,(3,(((((23,((22,4),21)),12),(((8,26),1),((24,11),19))),20),((9,6),30)))));

STEP 94 [TBR_ClassicHeuristic_MP -> NNI_Substep_86] - Distance: 171.0000
((17,(((((((10,25),14),7),27),15),(29,(16,(13,(28,2))))),18)),(5,(3,(((((23,((22,4),21)),12),(((8,26),1),((24,11),19))),((9,6),30)),20))));

STEP 95 [TBR_ClassicHeuristic_MP -> NNI_Substep_87] - Distance: 171.0000
((17,(((((((10,25),14),7),27),15),(29,(16,(13,(28,2))))),18)),(5,((3,((((23,((22,4),21)),12),(((8,26),1),((24,11),19))),((9,6),30))),20)));

STEP 96 [TBR_ClassicHeuristic_MP -> NNI_Substep_88] - Distance: 171.0000
((17,(((((((10,25),14),7),27),15),(29,(16,(13,(28,2))))),18)),((5,(3,((((23,((22,4),21)),12),(((8,26),1),((24,11),19))),((9,6),30)))),20));

STEP 97 [TBR_ClassicHeuristic_MP -> NNI_Substep_89] - Distance: 157.0000
((17,((((((((10,25),14),7),27),15),(29,(16,(13,(28,2))))),18),20)),(5,(3,((((23,((22,4),21)),12),(((8,26),1),((24,11),19))),((9,6),30)))));

STEP 98 [TBR_ClassicHeuristic_MP -> NNI_Substep_90] - Distance: 157.0000
((17,((((((((10,25),14),7),27),15),(29,(16,(13,(28,2))))),20),18)),(5,(3,((((23,((22,4),21)),12),(((8,26),1),((24,11),19))),((9,6),30)))));

STEP 99 [TBR_ClassicHeuristic_MP -> NNI_Substep_91] - Distance: 155.0000
((17,((((((((10,25),14),7),27),15),20),(29,(16,(13,(28,2))))),18)),(5,(3,((((23,((22,4),21)),12),(((8,26),1),((24,11),19))),((9,6),30)))));

STEP 100 [TBR_ClassicHeuristic_MP -> NNI_Substep_92] - Distance: 154.0000
((17,((((((((10,25),14),7),27),20),15),(29,(16,(13,(28,2))))),18)),(5,(3,((((23,((22,4),21)),12),(((8,26),1),((24,11),19))),((9,6),30)))));

STEP 101 [TBR_ClassicHeuristic_MP -> NNI_Substep_93] - Distance: 151.0000
((17,(((((((10,25),14),7),(27,20)),15),(29,(16,(13,(28,2))))),18)),(5,(3,((((23,((22,4),21)),12),(((8,26),1),((24,11),19))),((9,6),30)))));

STEP 102 [TBR_ClassicHeuristic_MP -> NNI_Substep_94] - Distance: 151.0000
(((17,((((((10,25),14),7),(27,20)),15),(29,(16,(13,(28,2)))))),18),(5,(3,((((23,((22,4),21)),12),(((8,26),1),((24,11),19))),((9,6),30)))));

STEP 103 [TBR_ClassicHeuristic_MP -> NNI_Substep_95] - Distance: 141.0000
((17,((((((10,25),14),7),(27,20)),15),(29,(16,(13,(28,2)))))),(5,((3,((((23,((22,4),21)),12),(((8,26),1),((24,11),19))),((9,6),30))),18)));

STEP 104 [TBR_ClassicHeuristic_MP -> NNI_Substep_96] - Distance: 141.0000
((17,((((((10,25),14),7),(27,20)),15),(29,(16,(13,(28,2)))))),(5,(3,(((((23,((22,4),21)),12),(((8,26),1),((24,11),19))),((9,6),30)),18))));

STEP 105 [TBR_ClassicHeuristic_MP -> NNI_Substep_97] - Distance: 138.0000
((17,((((((10,25),14),7),(27,20)),15),(29,(16,(13,(28,2)))))),(5,(3,(((((23,((22,4),21)),12),(((8,26),1),((24,11),19))),18),((9,6),30)))));

STEP 106 [TBR_ClassicHeuristic_MP -> NNI_Substep_98] - Distance: 134.0000
((17,((((((10,25),14),7),(27,20)),15),(29,(16,(13,(28,2)))))),(5,(3,(((((23,((22,4),21)),12),18),(((8,26),1),((24,11),19))),((9,6),30)))));

STEP 107 [TBR_ClassicHeuristic_MP -> NNI_Substep_99] - Distance: 130.0000
((17,((((((10,25),14),7),(27,20)),15),(29,(16,(13,(28,2)))))),(5,(3,((((23,((22,4),21)),(12,18)),(((8,26),1),((24,11),19))),((9,6),30)))));

STEP 108 [TBR_ClassicHeuristic_MP -> NNI_Substep_100] - Distance: 130.0000
((17,(((((((10,25),14),7),(27,20)),15),(16,(13,(28,2)))),29)),(5,(3,((((23,((22,4),21)),(12,18)),(((8,26),1),((24,11),19))),((9,6),30)))));

STEP 109 [TBR_ClassicHeuristic_MP -> NNI_Substep_101] - Distance: 130.0000
(((17,((((((10,25),14),7),(27,20)),15),(16,(13,(28,2))))),29),(5,(3,((((23,((22,4),21)),(12,18)),(((8,26),1),((24,11),19))),((9,6),30)))));

STEP 110 [TBR_ClassicHeuristic_MP -> NNI_Substep_102] - Distance: 119.0000
((17,((((((10,25),14),7),(27,20)),15),(16,(13,(28,2))))),(5,((3,((((23,((22,4),21)),(12,18)),(((8,26),1),((24,11),19))),((9,6),30))),29)));

STEP 111 [TBR_ClassicHeuristic_MP -> NNI_Substep_103] - Distance: 119.0000
((17,((((((10,25),14),7),(27,20)),15),(16,(13,(28,2))))),(5,(3,(((((23,((22,4),21)),(12,18)),(((8,26),1),((24,11),19))),((9,6),30)),29))));

STEP 112 [TBR_ClassicHeuristic_MP -> NNI_Substep_104] - Distance: 116.0000
((17,((((((10,25),14),7),(27,20)),15),(16,(13,(28,2))))),(5,(3,(((((23,((22,4),21)),(12,18)),(((8,26),1),((24,11),19))),29),((9,6),30)))));

STEP 113 [TBR_ClassicHeuristic_MP -> NNI_Substep_105] - Distance: 112.0000
((17,((((((10,25),14),7),(27,20)),15),(16,(13,(28,2))))),(5,(3,(((((23,((22,4),21)),(12,18)),29),(((8,26),1),((24,11),19))),((9,6),30)))));

STEP 114 [TBR_ClassicHeuristic_MP -> NNI_Substep_106] - Distance: 108.0000
((17,((((((10,25),14),7),(27,20)),15),(16,(13,(28,2))))),(5,(3,((((23,((22,4),21)),((12,18),29)),(((8,26),1),((24,11),19))),((9,6),30)))));

STEP 115 [TBR_ClassicHeuristic_MP -> NNI_Substep_107] - Distance: 107.0000
((17,((((((10,25),14),7),(27,20)),15),(16,(13,(28,2))))),(5,(3,((((23,((22,4),21)),((12,29),18)),(((8,26),1),((24,11),19))),((9,6),30)))));

STEP 116 [TBR_ClassicHeuristic_MP -> NNI_Substep_108] - Distance: 107.0000
((17,(((((((10,25),14),7),(27,20)),15),(13,(28,2))),16)),(5,(3,((((23,((22,4),21)),((12,29),18)),(((8,26),1),((24,11),19))),((9,6),30)))));

STEP 117 [TBR_ClassicHeuristic_MP -> NNI_Substep_109] - Distance: 107.0000
(((17,((((((10,25),14),7),(27,20)),15),(13,(28,2)))),16),(5,(3,((((23,((22,4),21)),((12,29),18)),(((8,26),1),((24,11),19))),((9,6),30)))));

STEP 118 [TBR_ClassicHeuristic_MP -> NNI_Substep_110] - Distance: 94.0000
((17,((((((10,25),14),7),(27,20)),15),(13,(28,2)))),(5,((3,((((23,((22,4),21)),((12,29),18)),(((8,26),1),((24,11),19))),((9,6),30))),16)));

STEP 119 [TBR_ClassicHeuristic_MP -> NNI_Substep_111] - Distance: 94.0000
((17,((((((10,25),14),7),(27,20)),15),(13,(28,2)))),(5,(3,(((((23,((22,4),21)),((12,29),18)),(((8,26),1),((24,11),19))),((9,6),30)),16))));

STEP 120 [TBR_ClassicHeuristic_MP -> NNI_Substep_112] - Distance: 91.0000
((17,((((((10,25),14),7),(27,20)),15),(13,(28,2)))),(5,(3,(((((23,((22,4),21)),((12,29),18)),(((8,26),1),((24,11),19))),16),((9,6),30)))));

STEP 121 [TBR_ClassicHeuristic_MP -> NNI_Substep_113] - Distance: 87.0000
((17,((((((10,25),14),7),(27,20)),15),(13,(28,2)))),(5,(3,(((((23,((22,4),21)),((12,29),18)),16),(((8,26),1),((24,11),19))),((9,6),30)))));

STEP 122 [TBR_ClassicHeuristic_MP -> NNI_Substep_114] - Distance: 83.0000
((17,((((((10,25),14),7),(27,20)),15),(13,(28,2)))),(5,(3,((((23,((22,4),21)),(((12,29),18),16)),(((8,26),1),((24,11),19))),((9,6),30)))));

STEP 123 [TBR_ClassicHeuristic_MP -> NNI_Substep_115] - Distance: 82.0000
((17,((((((10,25),14),7),(27,20)),15),(13,(28,2)))),(5,(3,((((23,((22,4),21)),(((12,29),16),18)),(((8,26),1),((24,11),19))),((9,6),30)))));

STEP 124 [TBR_ClassicHeuristic_MP -> NNI_Substep_116] - Distance: 69.0000
((17,((((((10,25),14),7),(27,20)),15),(13,(28,2)))),(5,((3,((9,6),30)),(((23,((22,4),21)),(((12,29),16),18)),(((8,26),1),((24,11),19))))));

STEP 125 [TBR_ClassicHeuristic_MP -> NNI_Substep_117] - Distance: 72.0000
((17,((((((10,25),14),7),(27,20)),15),(13,(28,2)))),((5,(3,((9,6),30))),(((23,((22,4),21)),(((12,29),16),18)),(((8,26),1),((24,11),19)))));

STEP 126 [TBR_ClassicHeuristic_MP -> NNI_Substep_118] - Distance: 65.0000
((17,((((((10,25),14),7),(27,20)),15),(13,(28,2)))),((5,(((23,((22,4),21)),(((12,29),16),18)),(((8,26),1),((24,11),19)))),(3,((9,6),30))));

STEP 127 [TBR_ClassicHeuristic_MP -> NNI_Substep_119] - Distance: 65.0000
((17,((((((10,25),14),7),(27,20)),15),(13,(28,2)))),((5,(((23,((22,4),21)),(((12,29),16),18)),(((26,1),8),((24,11),19)))),(3,((9,6),30))));

STEP 128 [TBR_ClassicHeuristic_MP -> NNI_Substep_120] - Distance: 65.0000
((17,((((((10,25),14),7),(27,20)),15),(13,(28,2)))),((5,(((23,((22,4),21)),(((12,29),16),18)),(((26,1),((24,11),19)),8))),(3,((9,6),30))));

STEP 129 [TBR_ClassicHeuristic_MP -> NNI_Substep_121] - Distance: 65.0000
((17,((((((10,25),14),7),(27,20)),15),(13,(28,2)))),((5,((((23,((22,4),21)),(((12,29),16),18)),((26,1),((24,11),19))),8)),(3,((9,6),30))));

STEP 130 [TBR_ClassicHeuristic_MP -> NNI_Substep_122] - Distance: 65.0000
((17,((((((10,25),14),7),(27,20)),15),(13,(28,2)))),(((5,(((23,((22,4),21)),(((12,29),16),18)),((26,1),((24,11),19)))),8),(3,((9,6),30))));

STEP 131 [TBR_ClassicHeuristic_MP -> NNI_Substep_123] - Distance: 64.0000
((17,((((((10,25),14),7),(27,20)),15),(13,(28,2)))),(((5,(((23,((22,4),21)),(((12,29),16),18)),((26,1),((24,11),19)))),(3,((9,6),30))),8));

STEP 132 [TBR_ClassicHeuristic_MP -> NNI_Substep_124] - Distance: 50.0000
((17,((((((10,25),14),7),(27,20)),15),(13,(28,2)))),((5,(((23,((22,4),21)),(((12,29),16),18)),((26,1),((24,11),19)))),((3,((9,6),30)),8)));

STEP 133 [TBR_ClassicHeuristic_MP -> NNI_Substep_125] - Distance: 48.0000
((17,((((((10,25),14),7),(27,20)),15),(13,(28,2)))),((5,(((23,((22,4),21)),(((12,29),16),18)),((26,1),((24,11),19)))),((3,8),((9,6),30))));

STEP 134 [TBR_ClassicHeuristic_MP -> NNI_Substep_126] - Distance: 48.0000
((17,((((((10,25),14),7),(27,20)),15),(13,(28,2)))),((5,(((23,((22,4),21)),(((12,29),16),18)),((26,1),((24,19),11)))),((3,8),((9,6),30))));

STEP 135 [TBR_ClassicHeuristic_MP -> NNI_Substep_127] - Distance: 48.0000
((17,((((((10,25),14),7),(27,20)),15),(13,(28,2)))),((5,(((23,((22,4),21)),(((12,29),16),18)),(((26,1),(24,19)),11))),((3,8),((9,6),30))));

STEP 136 [TBR_ClassicHeuristic_MP -> NNI_Substep_128] - Distance: 47.0000
((17,((((((10,25),14),7),(27,20)),15),(13,(28,2)))),((5,((((23,((22,4),21)),(((12,29),16),18)),((26,1),(24,19))),11)),((3,8),((9,6),30))));

STEP 137 [TBR_ClassicHeuristic_MP -> NNI_Substep_129] - Distance: 43.0000
((17,((((((10,25),14),7),(27,20)),15),(13,(28,2)))),((5,((((23,((22,4),21)),(((12,29),16),18)),11),((26,1),(24,19)))),((3,8),((9,6),30))));

STEP 138 [TBR_ClassicHeuristic_MP -> NNI_Substep_130] - Distance: 39.0000
((17,((((((10,25),14),7),(27,20)),15),(13,(28,2)))),((5,((((23,((22,4),21)),11),(((12,29),16),18)),((26,1),(24,19)))),((3,8),((9,6),30))));

STEP 139 [TBR_ClassicHeuristic_MP -> NNI_Substep_131] - Distance: 38.0000
((17,((((((10,25),14),7),(27,20)),15),(13,(28,2)))),((5,(((23,(((22,4),21),11)),(((12,29),16),18)),((26,1),(24,19)))),((3,8),((9,6),30))));

STEP 140 [TBR_ClassicHeuristic_MP -> NNI_Substep_132] - Distance: 36.0000
((17,((((((10,25),14),7),(27,20)),15),(13,(28,2)))),((5,(((23,((22,4),(21,11))),(((12,29),16),18)),((26,1),(24,19)))),((3,8),((9,6),30))));

STEP 141 [TBR_ClassicHeuristic_MP -> NNI_Substep_133] - Distance: 32.0000
((17,((((((10,25),14),7),(27,20)),15),(13,(28,2)))),(((((23,((22,4),(21,11))),(((12,29),16),18)),5),((26,1),(24,19))),((3,8),((9,6),30))));

STEP 142 [TBR_ClassicHeuristic_MP -> NNI_Substep_134] - Distance: 28.0000
((17,((((((10,25),14),7),(27,20)),15),(13,(28,2)))),(((((23,((22,4),(21,11))),5),(((12,29),16),18)),((26,1),(24,19))),((3,8),((9,6),30))));

STEP 143 [TBR_ClassicHeuristic_MP -> NNI_Substep_135] - Distance: 27.0000
((17,((((((10,25),14),7),(27,20)),15),(13,(28,2)))),((((23,(((22,4),(21,11)),5)),(((12,29),16),18)),((26,1),(24,19))),((3,8),((9,6),30))));

STEP 144 [TBR_ClassicHeuristic_MP -> NNI_Substep_136] - Distance: 21.0000
(((((((10,25),14),7),(27,20)),15),((13,(28,2)),17)),((((23,(((22,4),(21,11)),5)),(((12,29),16),18)),((26,1),(24,19))),((3,8),((9,6),30))));

STEP 145 [TBR_ClassicHeuristic_MP -> NNI_Substep_137] - Distance: 20.0000
(((((((10,25),14),7),(27,20)),15),((13,17),(28,2))),((((23,(((22,4),(21,11)),5)),(((12,29),16),18)),((26,1),(24,19))),((3,8),((9,6),30))));

STEP 146 [TBR_ClassicHeuristic_MP -> NNI_Substep_138] - Distance: 20.0000
(((((((10,25),14),7),(27,20)),15),(((13,17),28),2)),((((23,(((22,4),(21,11)),5)),(((12,29),16),18)),((26,1),(24,19))),((3,8),((9,6),30))));

STEP 147 [TBR_ClassicHeuristic_MP -> NNI_Substep_139] - Distance: 19.0000
((((((((10,25),14),7),(27,20)),15),((13,17),28)),2),((((23,(((22,4),(21,11)),5)),(((12,29),16),18)),((26,1),(24,19))),((3,8),((9,6),30))));

STEP 148 [TBR_ClassicHeuristic_MP -> NNI_Substep_140] - Distance: 16.0000
((((((((10,25),14),7),(27,20)),15),2),((13,17),28)),((((23,(((22,4),(21,11)),5)),(((12,29),16),18)),((26,1),(24,19))),((3,8),((9,6),30))));

STEP 149 [TBR_ClassicHeuristic_MP -> NNI_Substep_141] - Distance: 15.0000
((((((((10,25),14),7),(27,20)),2),15),((13,17),28)),((((23,(((22,4),(21,11)),5)),(((12,29),16),18)),((26,1),(24,19))),((3,8),((9,6),30))));

STEP 150 [TBR_ClassicHeuristic_MP -> NNI_Substep_142] - Distance: 13.0000
((((((((10,25),14),7),2),(27,20)),15),((13,17),28)),((((23,(((22,4),(21,11)),5)),(((12,29),16),18)),((26,1),(24,19))),((3,8),((9,6),30))));

STEP 151 [TBR_ClassicHeuristic_MP -> NNI_Substep_143] - Distance: 12.0000
((((((((10,25),14),2),7),(27,20)),15),((13,17),28)),((((23,(((22,4),(21,11)),5)),(((12,29),16),18)),((26,1),(24,19))),((3,8),((9,6),30))));

STEP 152 [TBR_ClassicHeuristic_MP -> NNI_Substep_144] - Distance: 12.0000
((((((((25,14),10),2),7),(27,20)),15),((13,17),28)),((((23,(((22,4),(21,11)),5)),(((12,29),16),18)),((26,1),(24,19))),((3,8),((9,6),30))));

STEP 153 [TBR_ClassicHeuristic_MP -> NNI_Substep_145] - Distance: 12.0000
((((((((25,14),2),10),7),(27,20)),15),((13,17),28)),((((23,(((22,4),(21,11)),5)),(((12,29),16),18)),((26,1),(24,19))),((3,8),((9,6),30))));

STEP 154 [TBR_ClassicHeuristic_MP -> NNI_Substep_146] - Distance: 12.0000
((((((((25,14),2),7),10),(27,20)),15),((13,17),28)),((((23,(((22,4),(21,11)),5)),(((12,29),16),18)),((26,1),(24,19))),((3,8),((9,6),30))));

STEP 155 [TBR_ClassicHeuristic_MP -> NNI_Substep_147] - Distance: 12.0000
((((((((25,14),2),7),(27,20)),10),15),((13,17),28)),((((23,(((22,4),(21,11)),5)),(((12,29),16),18)),((26,1),(24,19))),((3,8),((9,6),30))));

STEP 156 [TBR_ClassicHeuristic_MP -> NNI_Substep_148] - Distance: 12.0000
((((((((25,14),2),7),(27,20)),15),10),((13,17),28)),((((23,(((22,4),(21,11)),5)),(((12,29),16),18)),((26,1),(24,19))),((3,8),((9,6),30))));

STEP 157 [TBR_ClassicHeuristic_MP -> NNI_Substep_149] - Distance: 11.0000
((((((((25,14),2),7),(27,20)),15),((13,17),28)),10),((((23,(((22,4),(21,11)),5)),(((12,29),16),18)),((26,1),(24,19))),((3,8),((9,6),30))));

STEP 158 [TBR_ClassicHeuristic_MP -> NNI_Substep_150] - Distance: 4.0000
(((((((25,14),2),7),(27,20)),15),(((13,17),28),10)),((((23,(((22,4),(21,11)),5)),(((12,29),16),18)),((26,1),(24,19))),((3,8),((9,6),30))));

STEP 159 [TBR_ClassicHeuristic_MP -> NNI_Substep_151] - Distance: 3.0000
(((((((25,14),2),7),(27,20)),15),(((13,17),10),28)),((((23,(((22,4),(21,11)),5)),(((12,29),16),18)),((26,1),(24,19))),((3,8),((9,6),30))));

STEP 160 [TBR_ClassicHeuristic_MP -> NNI_Substep_152] - Distance: 2.0000
(((((((25,14),2),7),(27,20)),15),((13,(17,10)),28)),((((23,(((22,4),(21,11)),5)),(((12,29),16),18)),((26,1),(24,19))),((3,8),((9,6),30))));

STEP 161 [TBR_ClassicHeuristic_MP -> NNI_Substep_153] - Distance: 0.0000
(((((((25,14),2),7),(27,20)),15),((13,(17,10)),28)),((((23,(((22,4),(21,11)),5)),(((12,29),16),18)),((26,1),(24,19))),(30,((9,6),(3,8)))));

========================================================
[FINAL] Total Steps: 161 | Final Distance: 0.0000
========================================================
