========================================================
HEURISTIC TRAJECTORY: VND Classic (M3_RF)
========================================================
STEP 0 [START] - Distance: 3353.0000
((27,21),(10,((8,2),(12,16))),(((((11,24),(23,(1,18))),(19,(28,(3,20)))),(22,((6,(9,(15,14))),(25,7)))),(30,((4,(29,(17,5))),(13,26)))));

STEP 1 [NNI_ClassicHeuristic_M3_RF -> NNI_Substep_1] - Distance: 3332.0000
((27,21),(10,((8,2),(12,16))),((((28,(3,20)),(19,((11,24),(23,(1,18))))),(22,((6,(9,(15,14))),(25,7)))),(30,((4,(29,(17,5))),(13,26)))));

STEP 2 [NNI_ClassicHeuristic_M3_RF -> NNI_Substep_2] - Distance: 3308.0000
((27,21),(10,((8,2),(12,16))),((((28,(19,((11,24),(23,(1,18))))),(3,20)),(22,((6,(9,(15,14))),(25,7)))),(30,((4,(29,(17,5))),(13,26)))));

STEP 3 [NNI_ClassicHeuristic_M3_RF -> NNI_Substep_3] - Distance: 3286.0000
((27,21),(10,((8,2),(12,16))),(((3,((28,(19,((11,24),(23,(1,18))))),20)),(22,((6,(9,(15,14))),(25,7)))),(30,((4,(29,(17,5))),(13,26)))));

STEP 4 [NNI_ClassicHeuristic_M3_RF -> NNI_Substep_4] - Distance: 3261.0000
((27,21),(10,((8,2),(12,16))),(((3,(22,((6,(9,(15,14))),(25,7)))),((28,(19,((11,24),(23,(1,18))))),20)),(30,((4,(29,(17,5))),(13,26)))));

STEP 5 [NNI_ClassicHeuristic_M3_RF -> NNI_Substep_5] - Distance: 3244.0000
((27,21),(10,((8,2),(12,16))),(((4,(29,(17,5))),(13,26)),(30,((3,(22,((6,(9,(15,14))),(25,7)))),((28,(19,((11,24),(23,(1,18))))),20)))));

STEP 6 [NNI_ClassicHeuristic_M3_RF -> NNI_Substep_6] - Distance: 3206.0000
((27,21),(10,((8,2),(12,16))),(((4,(29,(17,5))),(13,26)),(((28,(19,((11,24),(23,(1,18))))),20),((3,(22,((6,(9,(15,14))),(25,7)))),30))));

STEP 7 [NNI_ClassicHeuristic_M3_RF -> NNI_Substep_7] - Distance: 3175.0000
((27,21),(10,((8,2),(12,16))),(((4,(29,(17,5))),(((28,(19,((11,24),(23,(1,18))))),20),((3,(22,((6,(9,(15,14))),(25,7)))),30))),(13,26)));

STEP 8 [NNI_ClassicHeuristic_M3_RF -> NNI_Substep_8] - Distance: 3159.0000
((27,21),(10,((8,2),(12,16))),(((4,(29,(17,5))),(((28,(19,((11,24),(23,(1,18))))),20),((30,(22,((6,(9,(15,14))),(25,7)))),3))),(13,26)));

STEP 9 [NNI_ClassicHeuristic_M3_RF -> NNI_Substep_9] - Distance: 3146.0000
((27,21),(10,((8,2),(12,16))),(((4,(29,(17,5))),(((28,(19,((11,24),(23,(1,18))))),20),((30,(22,(25,((6,(9,(15,14))),7)))),3))),(13,26)));

STEP 10 [NNI_ClassicHeuristic_M3_RF -> NNI_Substep_10] - Distance: 3137.0000
((27,21),(10,((8,2),(12,16))),(((4,(29,(17,5))),(((28,(19,((11,24),(23,(1,18))))),20),((30,(25,(22,((6,(9,(15,14))),7)))),3))),(13,26)));

STEP 11 [NNI_ClassicHeuristic_M3_RF -> NNI_Substep_11] - Distance: 3127.0000
((27,21),(10,((8,2),(12,16))),(((4,(29,(17,5))),(((28,(19,((11,24),(23,(1,18))))),20),((25,(30,(22,((6,(9,(15,14))),7)))),3))),(13,26)));

STEP 12 [NNI_ClassicHeuristic_M3_RF -> NNI_Substep_12] - Distance: 3116.0000
((27,21),(10,((8,2),(12,16))),(((4,(29,(17,5))),(((28,(19,((11,24),(23,(1,18))))),20),((3,(30,(22,((6,(9,(15,14))),7)))),25))),(13,26)));

STEP 13 [NNI_ClassicHeuristic_M3_RF -> NNI_Substep_13] - Distance: 3092.0000
((27,21),(10,((8,2),(12,16))),(((4,(29,(17,5))),((3,(30,(22,((6,(9,(15,14))),7)))),(((28,(19,((11,24),(23,(1,18))))),20),25))),(13,26)));

STEP 14 [NNI_ClassicHeuristic_M3_RF -> NNI_Substep_14] - Distance: 3085.0000
((27,21),(10,((8,2),(12,16))),(((4,(17,(29,5))),((3,(30,(22,((6,(9,(15,14))),7)))),(((28,(19,((11,24),(23,(1,18))))),20),25))),(13,26)));

STEP 15 [NNI_ClassicHeuristic_M3_RF -> NNI_Substep_15] - Distance: 3078.0000
((27,21),(10,((8,2),(12,16))),(((17,(4,(29,5))),((3,(30,(22,((6,(9,(15,14))),7)))),(((28,(19,((11,24),(23,(1,18))))),20),25))),(13,26)));

STEP 16 [NNI_ClassicHeuristic_M3_RF -> NNI_Substep_16] - Distance: 3011.0000
((27,21),(10,((8,2),(12,16))),(((17,((3,(30,(22,((6,(9,(15,14))),7)))),(((28,(19,((11,24),(23,(1,18))))),20),25))),(4,(29,5))),(13,26)));

STEP 17 [NNI_ClassicHeuristic_M3_RF -> NNI_Substep_17] - Distance: 3004.0000
((27,21),(10,((8,2),(12,16))),(13,(((17,((3,(30,(22,((6,(9,(15,14))),7)))),(((28,(19,((11,24),(23,(1,18))))),20),25))),(4,(29,5))),26)));

STEP 18 [NNI_ClassicHeuristic_M3_RF -> NNI_Substep_18] - Distance: 2997.0000
((27,21),(10,((8,2),(12,16))),(13,(((17,((3,(30,(22,((6,(9,(15,14))),7)))),(((28,(19,((11,24),(23,(1,18))))),20),25))),26),(4,(29,5)))));

STEP 19 [NNI_ClassicHeuristic_M3_RF -> NNI_Substep_19] - Distance: 2993.0000
((27,21),(10,((8,(12,16)),2)),(13,(((17,((3,(30,(22,((6,(9,(15,14))),7)))),(((28,(19,((11,24),(23,(1,18))))),20),25))),26),(4,(29,5)))));

STEP 20 [NNI_ClassicHeuristic_M3_RF -> NNI_Substep_20] - Distance: 2989.0000
((27,21),(10,((8,(12,16)),2)),(13,(((17,((3,(30,(22,((6,(9,(15,14))),7)))),(((28,(19,((1,18),(23,(11,24))))),20),25))),26),(4,(29,5)))));

STEP 21 [NNI_ClassicHeuristic_M3_RF -> NNI_Substep_21] - Distance: 2986.0000
((27,21),(2,((8,(12,16)),10)),(13,(((17,((3,(30,(22,((6,(9,(15,14))),7)))),(((28,(19,((1,18),(23,(11,24))))),20),25))),26),(4,(29,5)))));

STEP 22 [NNI_ClassicHeuristic_M3_RF -> NNI_Substep_22] - Distance: 2964.0000
(2,((27,21),((8,(12,16)),10)),(13,(((17,((3,(30,(22,((6,(9,(15,14))),7)))),(((28,(19,((1,18),(23,(11,24))))),20),25))),26),(4,(29,5)))));

STEP 23 [NNI_ClassicHeuristic_M3_RF -> NNI_Substep_23] - Distance: 2959.0000
(2,((27,21),((8,(12,16)),10)),(13,(((17,((3,(30,(22,((6,(9,(15,14))),7)))),(((28,(19,((1,(23,(11,24))),18))),20),25))),26),(4,(29,5)))));

STEP 24 [NNI_ClassicHeuristic_M3_RF -> NNI_Substep_24] - Distance: 2955.0000
(2,((27,21),((8,(12,16)),10)),(13,(((17,((3,(30,(22,((6,(9,(15,14))),7)))),(((28,(18,((1,(23,(11,24))),19))),20),25))),26),(4,(29,5)))));

STEP 25 [NNI_ClassicHeuristic_M3_RF -> NNI_Substep_25] - Distance: 2939.0000
(2,((27,21),((8,(12,16)),10)),(13,(((17,((3,(30,(22,((6,(9,(15,14))),7)))),(((18,(28,((1,(23,(11,24))),19))),20),25))),26),(4,(29,5)))));

STEP 26 [NNI_ClassicHeuristic_M3_RF -> NNI_Substep_26] - Distance: 2933.0000
(2,((27,21),((8,(12,16)),10)),(13,(((17,((3,(30,(22,((6,(9,(15,14))),7)))),(((18,(28,((1,19),(23,(11,24))))),20),25))),26),(4,(29,5)))));

STEP 27 [NNI_ClassicHeuristic_M3_RF -> NNI_Substep_27] - Distance: 2929.0000
(2,((27,21),((8,(12,16)),10)),(13,(((17,((3,(30,(22,((6,(9,(15,14))),7)))),(((18,((1,19),(28,(23,(11,24))))),20),25))),26),(4,(29,5)))));

STEP 28 [NNI_ClassicHeuristic_M3_RF -> NNI_Substep_28] - Distance: 2921.0000
(2,((27,21),((8,(12,16)),10)),(13,(((17,((3,(30,(22,((6,(9,(15,14))),7)))),((((1,19),(18,(28,(23,(11,24))))),20),25))),26),(4,(29,5)))));

STEP 29 [NNI_ClassicHeuristic_M3_RF -> NNI_Substep_29] - Distance: 2913.0000
(2,((27,21),((8,(12,16)),10)),(13,(((17,((3,(30,(22,((6,(9,(15,14))),7)))),(((20,(18,(28,(23,(11,24))))),(1,19)),25))),26),(4,(29,5)))));

STEP 30 [NNI_ClassicHeuristic_M3_RF -> NNI_Substep_30] - Distance: 2907.0000
(2,((27,21),((8,(12,16)),10)),(13,(((17,((3,(30,(22,((6,(9,(15,14))),7)))),(((20,(18,(28,(23,(11,24))))),25),(1,19)))),26),(4,(29,5)))));

STEP 31 [NNI_ClassicHeuristic_M3_RF -> NNI_Substep_31] - Distance: 2855.0000
(2,((27,21),((8,(12,16)),10)),(13,(((17,((1,19),(((20,(18,(28,(23,(11,24))))),25),(3,(30,(22,((6,(9,(15,14))),7))))))),26),(4,(29,5)))));

STEP 32 [NNI_ClassicHeuristic_M3_RF -> NNI_Substep_32] - Distance: 2837.0000
(2,((27,21),((8,(12,16)),10)),(13,((((1,19),(17,(((20,(18,(28,(23,(11,24))))),25),(3,(30,(22,((6,(9,(15,14))),7))))))),26),(4,(29,5)))));

STEP 33 [NNI_ClassicHeuristic_M3_RF -> NNI_Substep_33] - Distance: 2833.0000
(13,((27,21),((8,(12,16)),10)),(2,((((1,19),(17,(((20,(18,(28,(23,(11,24))))),25),(3,(30,(22,((6,(9,(15,14))),7))))))),26),(4,(29,5)))));

STEP 34 [NNI_ClassicHeuristic_M3_RF -> NNI_Substep_34] - Distance: 2821.0000
(13,((27,21),((8,(12,16)),10)),((4,(29,5)),((((1,19),(17,(((20,(18,(28,(23,(11,24))))),25),(3,(30,(22,((6,(9,(15,14))),7))))))),26),2)));

STEP 35 [NNI_ClassicHeuristic_M3_RF -> NNI_Substep_35] - Distance: 2819.0000
(13,((27,21),((8,10),(12,16))),((4,(29,5)),((((1,19),(17,(((20,(18,(28,(23,(11,24))))),25),(3,(30,(22,((6,(9,(15,14))),7))))))),26),2)));

STEP 36 [NNI_ClassicHeuristic_M3_RF -> NNI_Substep_36] - Distance: 2815.0000
(13,((8,10),((27,21),(12,16))),((4,(29,5)),((((1,19),(17,(((20,(18,(28,(23,(11,24))))),25),(3,(30,(22,((6,(9,(15,14))),7))))))),26),2)));

STEP 37 [NNI_ClassicHeuristic_M3_RF -> NNI_Substep_37] - Distance: 2790.0000
(((27,21),(12,16)),((8,10),13),((4,(29,5)),((((1,19),(17,(((20,(18,(28,(23,(11,24))))),25),(3,(30,(22,((6,(9,(15,14))),7))))))),26),2)));

STEP 38 [NNI_ClassicHeuristic_M3_RF -> NNI_Substep_38] - Distance: 2786.0000
((12,((27,21),16)),((8,10),13),((4,(29,5)),((((1,19),(17,(((20,(18,(28,(23,(11,24))))),25),(3,(30,(22,((6,(9,(15,14))),7))))))),26),2)));

STEP 39 [NNI_ClassicHeuristic_M3_RF -> NNI_Substep_39] - Distance: 2782.0000
((((8,10),13),((27,21),16)),12,((4,(29,5)),((((1,19),(17,(((20,(18,(28,(23,(11,24))))),25),(3,(30,(22,((6,(9,(15,14))),7))))))),26),2)));

STEP 40 [NNI_ClassicHeuristic_M3_RF -> NNI_Substep_40] - Distance: 2779.0000
((16,((27,21),((8,10),13))),12,((4,(29,5)),((((1,19),(17,(((20,(18,(28,(23,(11,24))))),25),(3,(30,(22,((6,(9,(15,14))),7))))))),26),2)));

STEP 41 [NNI_ClassicHeuristic_M3_RF -> NNI_Substep_41] - Distance: 2773.0000
((16,((((8,10),13),21),27)),12,((4,(29,5)),((((1,19),(17,(((20,(18,(28,(23,(11,24))))),25),(3,(30,(22,((6,(9,(15,14))),7))))))),26),2)));

STEP 42 [NNI_ClassicHeuristic_M3_RF -> NNI_Substep_42] - Distance: 2771.0000
((16,((((13,10),8),21),27)),12,((4,(29,5)),((((1,19),(17,(((20,(18,(28,(23,(11,24))))),25),(3,(30,(22,((6,(9,(15,14))),7))))))),26),2)));

STEP 43 [NNI_ClassicHeuristic_M3_RF -> NNI_Substep_43] - Distance: 2770.0000
((16,((((13,10),8),21),27)),12,((4,(29,5)),((((1,19),(17,(((20,(18,(28,(24,(11,23))))),25),(3,(30,(22,((6,(9,(15,14))),7))))))),26),2)));

STEP 44 [NNI_ClassicHeuristic_M3_RF -> NNI_Substep_44] - Distance: 2742.0000
((16,((((13,10),8),21),27)),12,((4,(29,5)),((((1,19),(17,(((20,(18,((11,23),(24,28)))),25),(3,(30,(22,((6,(9,(15,14))),7))))))),26),2)));

STEP 45 [NNI_ClassicHeuristic_M3_RF -> NNI_Substep_45] - Distance: 2741.0000
((16,((((13,10),8),21),27)),12,((4,(29,5)),((((1,19),(17,(((20,(18,((11,23),(24,28)))),25),(3,(30,(22,((9,(6,(15,14))),7))))))),26),2)));

STEP 46 [NNI_ClassicHeuristic_M3_RF -> NNI_Substep_46] - Distance: 2740.0000
((16,((((13,10),8),21),27)),12,((4,(29,5)),((((1,19),(17,(((20,(18,((11,23),(24,28)))),25),(3,(30,(22,((9,(15,(6,14))),7))))))),26),2)));

STEP 47 [uSPR_ClassicHeuristic_null_M3_RF -> NNI_Substep_1] - Distance: 2740.0000
((16,((((13,10),8),21),27)),12,(((4,29),5),((((1,19),(17,(((20,(18,((11,23),(24,28)))),25),(3,(30,(22,((9,(15,(6,14))),7))))))),26),2)));

STEP 48 [uSPR_ClassicHeuristic_null_M3_RF -> NNI_Substep_2] - Distance: 2733.0000
((16,((((13,10),8),21),27)),12,(((4,29),((((1,19),(17,(((20,(18,((11,23),(24,28)))),25),(3,(30,(22,((9,(15,(6,14))),7))))))),26),2)),5));

STEP 49 [uSPR_ClassicHeuristic_null_M3_RF -> NNI_Substep_3] - Distance: 2733.0000
((16,((((13,10),8),21),27)),12,((4,29),(((((1,19),(17,(((20,(18,((11,23),(24,28)))),25),(3,(30,(22,((9,(15,(6,14))),7))))))),26),2),5)));

STEP 50 [uSPR_ClassicHeuristic_null_M3_RF -> NNI_Substep_4] - Distance: 2740.0000
((16,((((13,10),8),21),27)),12,((4,29),(((((1,19),(17,(((20,(18,((11,23),(24,28)))),25),(3,(30,(22,((9,(15,(6,14))),7))))))),26),5),2)));

STEP 51 [uSPR_ClassicHeuristic_null_M3_RF -> NNI_Substep_5] - Distance: 2740.0000
((16,((((13,10),8),21),27)),12,((4,29),(((((1,19),(17,(((20,(18,((11,23),(24,28)))),25),(3,(30,(22,((9,(15,(6,14))),7))))))),5),26),2)));

STEP 52 [uSPR_ClassicHeuristic_null_M3_RF -> NNI_Substep_6] - Distance: 2656.0000
((16,((((13,10),8),21),27)),12,((4,29),(((((1,19),5),(17,(((20,(18,((11,23),(24,28)))),25),(3,(30,(22,((9,(15,(6,14))),7))))))),26),2)));

STEP 53 [uSPR_ClassicHeuristic_null_M3_RF -> NNI_Substep_7] - Distance: 2628.0000
((16,((((13,10),8),21),27)),12,((4,29),((((1,(19,5)),(17,(((20,(18,((11,23),(24,28)))),25),(3,(30,(22,((9,(15,(6,14))),7))))))),26),2)));

STEP 54 [uSPR_ClassicHeuristic_null_M3_RF -> NNI_Substep_8] - Distance: 2633.0000
((16,((((13,10),8),21),27)),12,((4,29),((((1,(19,5)),(17,(((20,(18,((23,(24,28)),11))),25),(3,(30,(22,((9,(15,(6,14))),7))))))),26),2)));

STEP 55 [uSPR_ClassicHeuristic_null_M3_RF -> NNI_Substep_9] - Distance: 2654.0000
((16,((((13,10),8),21),27)),12,((4,29),((((1,(19,5)),(17,(((20,((18,(23,(24,28))),11)),25),(3,(30,(22,((9,(15,(6,14))),7))))))),26),2)));

STEP 56 [uSPR_ClassicHeuristic_null_M3_RF -> NNI_Substep_10] - Distance: 2658.0000
((16,((((13,10),8),21),27)),12,((4,29),((((1,(19,5)),(17,((((20,(18,(23,(24,28)))),11),25),(3,(30,(22,((9,(15,(6,14))),7))))))),26),2)));

STEP 57 [uSPR_ClassicHeuristic_null_M3_RF -> NNI_Substep_11] - Distance: 2674.0000
((16,((((13,10),8),21),27)),12,((4,29),((((1,(19,5)),(17,((((20,(18,(23,(24,28)))),25),11),(3,(30,(22,((9,(15,(6,14))),7))))))),26),2)));

STEP 58 [uSPR_ClassicHeuristic_null_M3_RF -> NNI_Substep_12] - Distance: 2724.0000
((16,((((13,10),8),21),27)),12,((4,29),((((1,(19,5)),(17,((((20,(18,(23,(24,28)))),25),(3,(30,(22,((9,(15,(6,14))),7))))),11))),26),2)));

STEP 59 [uSPR_ClassicHeuristic_null_M3_RF -> NNI_Substep_13] - Distance: 2732.0000
((16,((((13,10),8),21),27)),12,((4,29),((((1,(19,5)),((17,(((20,(18,(23,(24,28)))),25),(3,(30,(22,((9,(15,(6,14))),7)))))),11)),26),2)));

STEP 60 [uSPR_ClassicHeuristic_null_M3_RF -> NNI_Substep_14] - Distance: 2738.0000
((16,((((13,10),8),21),27)),12,((4,29),(((((1,(19,5)),(17,(((20,(18,(23,(24,28)))),25),(3,(30,(22,((9,(15,(6,14))),7))))))),11),26),2)));

STEP 61 [uSPR_ClassicHeuristic_null_M3_RF -> NNI_Substep_15] - Distance: 2736.0000
((16,((((13,10),8),21),27)),12,((4,29),(((((1,(19,5)),(17,(((20,(18,(23,(24,28)))),25),(3,(30,(22,((9,(15,(6,14))),7))))))),26),11),2)));

STEP 62 [uSPR_ClassicHeuristic_null_M3_RF -> NNI_Substep_16] - Distance: 2732.0000
((16,((((13,10),8),21),27)),12,((4,29),(((((1,(19,5)),(17,(((20,(18,(23,(24,28)))),25),(3,(30,(22,((9,(15,(6,14))),7))))))),26),2),11)));

STEP 63 [uSPR_ClassicHeuristic_null_M3_RF -> NNI_Substep_17] - Distance: 2708.0000
((16,((((13,10),8),21),27)),12,(((4,29),((((1,(19,5)),(17,(((20,(18,(23,(24,28)))),25),(3,(30,(22,((9,(15,(6,14))),7))))))),26),2)),11));

STEP 64 [uSPR_ClassicHeuristic_null_M3_RF -> NNI_Substep_18] - Distance: 2692.0000
(((16,((((13,10),8),21),27)),11),12,((4,29),((((1,(19,5)),(17,(((20,(18,(23,(24,28)))),25),(3,(30,(22,((9,(15,(6,14))),7))))))),26),2)));

STEP 65 [uSPR_ClassicHeuristic_null_M3_RF -> NNI_Substep_19] - Distance: 2690.0000
((16,(((((13,10),8),21),27),11)),12,((4,29),((((1,(19,5)),(17,(((20,(18,(23,(24,28)))),25),(3,(30,(22,((9,(15,(6,14))),7))))))),26),2)));

STEP 66 [uSPR_ClassicHeuristic_null_M3_RF -> NNI_Substep_20] - Distance: 2687.0000
((16,(((((13,10),8),21),11),27)),12,((4,29),((((1,(19,5)),(17,(((20,(18,(23,(24,28)))),25),(3,(30,(22,((9,(15,(6,14))),7))))))),26),2)));

STEP 67 [uSPR_ClassicHeuristic_null_M3_RF -> NNI_Substep_21] - Distance: 2685.0000
((16,(((((13,10),8),11),21),27)),12,((4,29),((((1,(19,5)),(17,(((20,(18,(23,(24,28)))),25),(3,(30,(22,((9,(15,(6,14))),7))))))),26),2)));

STEP 68 [uSPR_ClassicHeuristic_null_M3_RF -> NNI_Substep_22] - Distance: 2665.0000
((16,(((((13,10),11),8),21),27)),12,((4,29),((((1,(19,5)),(17,(((20,(18,(23,(24,28)))),25),(3,(30,(22,((9,(15,(6,14))),7))))))),26),2)));

STEP 69 [uSPR_ClassicHeuristic_null_M3_RF -> NNI_Substep_23] - Distance: 2637.0000
((16,(((((13,11),10),8),21),27)),12,((4,29),((((1,(19,5)),(17,(((20,(18,(23,(24,28)))),25),(3,(30,(22,((9,(15,(6,14))),7))))))),26),2)));

STEP 70 [uSPR_ClassicHeuristic_null_M3_RF -> NNI_Substep_24] - Distance: 2640.0000
((16,(((8,21),((13,11),10)),27)),12,((4,29),((((1,(19,5)),(17,(((20,(18,(23,(24,28)))),25),(3,(30,(22,((9,(15,(6,14))),7))))))),26),2)));

STEP 71 [uSPR_ClassicHeuristic_null_M3_RF -> NNI_Substep_25] - Distance: 2646.0000
((16,(((8,21),27),((13,11),10))),12,((4,29),((((1,(19,5)),(17,(((20,(18,(23,(24,28)))),25),(3,(30,(22,((9,(15,(6,14))),7))))))),26),2)));

STEP 72 [uSPR_ClassicHeuristic_null_M3_RF -> NNI_Substep_26] - Distance: 2649.0000
(((16,((8,21),27)),((13,11),10)),12,((4,29),((((1,(19,5)),(17,(((20,(18,(23,(24,28)))),25),(3,(30,(22,((9,(15,(6,14))),7))))))),26),2)));

STEP 73 [uSPR_ClassicHeuristic_null_M3_RF -> NNI_Substep_27] - Distance: 2664.0000
((16,((8,21),27)),12,(((4,29),((((1,(19,5)),(17,(((20,(18,(23,(24,28)))),25),(3,(30,(22,((9,(15,(6,14))),7))))))),26),2)),((13,11),10)));

STEP 74 [uSPR_ClassicHeuristic_null_M3_RF -> NNI_Substep_28] - Distance: 2730.0000
((16,((8,21),27)),12,((4,29),(((((1,(19,5)),(17,(((20,(18,(23,(24,28)))),25),(3,(30,(22,((9,(15,(6,14))),7))))))),26),2),((13,11),10))));

STEP 75 [uSPR_ClassicHeuristic_null_M3_RF -> NNI_Substep_29] - Distance: 2739.0000
((16,((8,21),27)),12,((4,29),(((((1,(19,5)),(17,(((20,(18,(23,(24,28)))),25),(3,(30,(22,((9,(15,(6,14))),7))))))),26),((13,11),10)),2)));

STEP 76 [uSPR_ClassicHeuristic_null_M3_RF -> NNI_Substep_30] - Distance: 2742.0000
((16,((8,21),27)),12,((4,29),(((((1,(19,5)),(17,(((20,(18,(23,(24,28)))),25),(3,(30,(22,((9,(15,(6,14))),7))))))),((13,11),10)),26),2)));

STEP 77 [uSPR_ClassicHeuristic_null_M3_RF -> NNI_Substep_31] - Distance: 2709.0000
((16,((8,21),27)),12,((4,29),((((1,(19,5)),((17,(((20,(18,(23,(24,28)))),25),(3,(30,(22,((9,(15,(6,14))),7)))))),((13,11),10))),26),2)));

STEP 78 [uSPR_ClassicHeuristic_null_M3_RF -> NNI_Substep_32] - Distance: 2685.0000
((16,((8,21),27)),12,((4,29),((((1,(19,5)),(17,((((20,(18,(23,(24,28)))),25),(3,(30,(22,((9,(15,(6,14))),7))))),((13,11),10)))),26),2)));

STEP 79 [uSPR_ClassicHeuristic_null_M3_RF -> NNI_Substep_33] - Distance: 2535.0000
((16,((8,21),27)),12,((4,29),((((1,(19,5)),(17,((((20,(18,(23,(24,28)))),25),((13,11),10)),(3,(30,(22,((9,(15,(6,14))),7))))))),26),2)));

STEP 80 [uSPR_ClassicHeuristic_null_M3_RF -> NNI_Substep_34] - Distance: 2487.0000
((16,((8,21),27)),12,((4,29),((((1,(19,5)),(17,((((20,(18,(23,(24,28)))),((13,11),10)),25),(3,(30,(22,((9,(15,(6,14))),7))))))),26),2)));

STEP 81 [uSPR_ClassicHeuristic_null_M3_RF -> NNI_Substep_35] - Distance: 2475.0000
((16,((8,21),27)),12,((4,29),((((1,(19,5)),(17,(((20,((18,(23,(24,28))),((13,11),10))),25),(3,(30,(22,((9,(15,(6,14))),7))))))),26),2)));

STEP 82 [uSPR_ClassicHeuristic_null_M3_RF -> NNI_Substep_36] - Distance: 2412.0000
((16,((8,21),27)),12,((4,29),((((1,(19,5)),(17,(((20,(18,((23,(24,28)),((13,11),10)))),25),(3,(30,(22,((9,(15,(6,14))),7))))))),26),2)));

STEP 83 [uSPR_ClassicHeuristic_null_M3_RF -> NNI_Substep_37] - Distance: 2404.0000
((16,((8,21),27)),12,((4,29),((((1,(19,5)),(17,(((20,(18,(23,((24,28),((13,11),10))))),25),(3,(30,(22,((9,(15,(6,14))),7))))))),26),2)));

STEP 84 [uSPR_ClassicHeuristic_null_M3_RF -> NNI_Substep_38] - Distance: 2405.0000
((16,((21,27),8)),12,((4,29),((((1,(19,5)),(17,(((20,(18,(23,((24,28),((13,11),10))))),25),(3,(30,(22,((9,(15,(6,14))),7))))))),26),2)));

STEP 85 [uSPR_ClassicHeuristic_null_M3_RF -> NNI_Substep_39] - Distance: 2405.0000
(((16,(21,27)),8),12,((4,29),((((1,(19,5)),(17,(((20,(18,(23,((24,28),((13,11),10))))),25),(3,(30,(22,((9,(15,(6,14))),7))))))),26),2)));

STEP 86 [uSPR_ClassicHeuristic_null_M3_RF -> NNI_Substep_40] - Distance: 2409.0000
((16,(21,27)),12,(((4,29),((((1,(19,5)),(17,(((20,(18,(23,((24,28),((13,11),10))))),25),(3,(30,(22,((9,(15,(6,14))),7))))))),26),2)),8));

STEP 87 [uSPR_ClassicHeuristic_null_M3_RF -> NNI_Substep_41] - Distance: 2416.0000
((16,(21,27)),12,((4,29),(((((1,(19,5)),(17,(((20,(18,(23,((24,28),((13,11),10))))),25),(3,(30,(22,((9,(15,(6,14))),7))))))),26),2),8)));

STEP 88 [uSPR_ClassicHeuristic_null_M3_RF -> NNI_Substep_42] - Distance: 2418.0000
((16,(21,27)),12,((4,29),(((((1,(19,5)),(17,(((20,(18,(23,((24,28),((13,11),10))))),25),(3,(30,(22,((9,(15,(6,14))),7))))))),26),8),2)));

STEP 89 [uSPR_ClassicHeuristic_null_M3_RF -> NNI_Substep_43] - Distance: 2418.0000
((16,(21,27)),12,((4,29),(((((1,(19,5)),(17,(((20,(18,(23,((24,28),((13,11),10))))),25),(3,(30,(22,((9,(15,(6,14))),7))))))),8),26),2)));

STEP 90 [uSPR_ClassicHeuristic_null_M3_RF -> NNI_Substep_44] - Distance: 2409.0000
((16,(21,27)),12,((4,29),((((1,(19,5)),((17,(((20,(18,(23,((24,28),((13,11),10))))),25),(3,(30,(22,((9,(15,(6,14))),7)))))),8)),26),2)));

STEP 91 [uSPR_ClassicHeuristic_null_M3_RF -> NNI_Substep_45] - Distance: 2402.0000
((16,(21,27)),12,((4,29),((((1,(19,5)),(17,((((20,(18,(23,((24,28),((13,11),10))))),25),(3,(30,(22,((9,(15,(6,14))),7))))),8))),26),2)));

STEP 92 [uSPR_ClassicHeuristic_null_M3_RF -> NNI_Substep_46] - Distance: 2360.0000
((16,(21,27)),12,((4,29),((((1,(19,5)),(17,((((20,(18,(23,((24,28),((13,11),10))))),25),8),(3,(30,(22,((9,(15,(6,14))),7))))))),26),2)));

STEP 93 [uSPR_ClassicHeuristic_null_M3_RF -> NNI_Substep_47] - Distance: 2345.0000
((16,(21,27)),12,((4,29),((((1,(19,5)),(17,((((20,(18,(23,((24,28),((13,11),10))))),8),25),(3,(30,(22,((9,(15,(6,14))),7))))))),26),2)));

STEP 94 [uSPR_ClassicHeuristic_null_M3_RF -> NNI_Substep_48] - Distance: 2329.0000
((16,(21,27)),12,((4,29),((((1,(19,5)),(17,(((20,((18,(23,((24,28),((13,11),10)))),8)),25),(3,(30,(22,((9,(15,(6,14))),7))))))),26),2)));

STEP 95 [uSPR_ClassicHeuristic_null_M3_RF -> NNI_Substep_49] - Distance: 2221.0000
((16,(21,27)),12,((4,29),((((1,(19,5)),(17,(((20,((18,8),(23,((24,28),((13,11),10))))),25),(3,(30,(22,((9,(15,(6,14))),7))))))),26),2)));

STEP 96 [uSPR_ClassicHeuristic_null_M3_RF -> NNI_Substep_50] - Distance: 2222.0000
((16,(21,27)),12,((4,29),((((1,(19,5)),(17,(((20,((18,8),(23,((24,28),((13,11),10))))),25),(3,(30,(22,((9,((15,6),14)),7))))))),26),2)));

STEP 97 [uSPR_ClassicHeuristic_null_M3_RF -> NNI_Substep_51] - Distance: 2223.0000
((16,(21,27)),12,((4,29),((((1,(19,5)),(17,(((20,((18,8),(23,((24,28),((13,11),10))))),25),(3,(30,(22,(((9,(15,6)),14),7))))))),26),2)));

STEP 98 [uSPR_ClassicHeuristic_null_M3_RF -> NNI_Substep_52] - Distance: 2224.0000
((16,(21,27)),12,((4,29),((((1,(19,5)),(17,(((20,((18,8),(23,((24,28),((13,11),10))))),25),(3,(30,(22,(((9,(15,6)),7),14))))))),26),2)));

STEP 99 [uSPR_ClassicHeuristic_null_M3_RF -> NNI_Substep_53] - Distance: 2224.0000
((16,(21,27)),12,((4,29),((((1,(19,5)),(17,(((20,((18,8),(23,((24,28),((13,11),10))))),25),(3,(30,((22,((9,(15,6)),7)),14)))))),26),2)));

STEP 100 [uSPR_ClassicHeuristic_null_M3_RF -> NNI_Substep_54] - Distance: 2223.0000
((16,(21,27)),12,((4,29),((((1,(19,5)),(17,(((20,((18,8),(23,((24,28),((13,11),10))))),25),(3,((30,(22,((9,(15,6)),7))),14))))),26),2)));

STEP 101 [uSPR_ClassicHeuristic_null_M3_RF -> NNI_Substep_55] - Distance: 2220.0000
((16,(21,27)),12,((4,29),((((1,(19,5)),(17,(((20,((18,8),(23,((24,28),((13,11),10))))),25),((3,(30,(22,((9,(15,6)),7)))),14)))),26),2)));

STEP 102 [uSPR_ClassicHeuristic_null_M3_RF -> NNI_Substep_56] - Distance: 2175.0000
((16,(21,27)),12,((4,29),((((1,(19,5)),(17,((((20,((18,8),(23,((24,28),((13,11),10))))),25),(3,(30,(22,((9,(15,6)),7))))),14))),26),2)));

STEP 103 [uSPR_ClassicHeuristic_null_M3_RF -> NNI_Substep_57] - Distance: 2161.0000
((16,(21,27)),12,((4,29),((((1,(19,5)),((17,(((20,((18,8),(23,((24,28),((13,11),10))))),25),(3,(30,(22,((9,(15,6)),7)))))),14)),26),2)));

STEP 104 [uSPR_ClassicHeuristic_null_M3_RF -> NNI_Substep_58] - Distance: 2116.0000
((16,(21,27)),12,((4,29),(((((1,(19,5)),(17,(((20,((18,8),(23,((24,28),((13,11),10))))),25),(3,(30,(22,((9,(15,6)),7))))))),14),26),2)));

STEP 105 [uSPR_ClassicHeuristic_null_M3_RF -> NNI_Substep_59] - Distance: 2101.0000
((16,(21,27)),12,((4,29),(((((1,(19,5)),(17,(((20,((18,8),(23,((24,28),((13,11),10))))),25),(3,(30,(22,((9,(15,6)),7))))))),26),14),2)));

STEP 106 [uSPR_ClassicHeuristic_null_M3_RF -> NNI_Substep_60] - Distance: 2097.0000
((16,(21,27)),12,((4,29),(((((1,(19,5)),(17,(((20,((18,8),(23,((24,28),((13,11),10))))),25),(3,(30,(22,((9,(15,6)),7))))))),26),2),14)));

STEP 107 [uSPR_ClassicHeuristic_null_M3_RF -> NNI_Substep_61] - Distance: 2094.0000
((16,(21,27)),12,(((4,29),((((1,(19,5)),(17,(((20,((18,8),(23,((24,28),((13,11),10))))),25),(3,(30,(22,((9,(15,6)),7))))))),26),2)),14));

STEP 108 [uSPR_ClassicHeuristic_null_M3_RF -> NNI_Substep_62] - Distance: 2088.0000
(((16,(21,27)),14),12,((4,29),((((1,(19,5)),(17,(((20,((18,8),(23,((24,28),((13,11),10))))),25),(3,(30,(22,((9,(15,6)),7))))))),26),2)));

STEP 109 [uSPR_ClassicHeuristic_null_M3_RF -> NNI_Substep_63] - Distance: 2063.0000
((16,((21,27),14)),12,((4,29),((((1,(19,5)),(17,(((20,((18,8),(23,((24,28),((13,11),10))))),25),(3,(30,(22,((9,(15,6)),7))))))),26),2)));

STEP 110 [uSPR_ClassicHeuristic_null_M3_RF -> NNI_Substep_64] - Distance: 2037.0000
((16,((21,14),27)),12,((4,29),((((1,(19,5)),(17,(((20,((18,8),(23,((24,28),((13,11),10))))),25),(3,(30,(22,((9,(15,6)),7))))))),26),2)));

STEP 111 [uSPR_ClassicHeuristic_null_M3_RF -> NNI_Substep_65] - Distance: 2029.0000
((16,((21,14),27)),12,((4,29),((((1,(19,5)),(17,(((20,(((18,8),((24,28),((13,11),10))),23)),25),(3,(30,(22,((9,(15,6)),7))))))),26),2)));

STEP 112 [uSPR_ClassicHeuristic_null_M3_RF -> NNI_Substep_66] - Distance: 2023.0000
((16,((21,14),27)),12,((4,29),((((1,(19,5)),(17,((((20,((18,8),((24,28),((13,11),10)))),23),25),(3,(30,(22,((9,(15,6)),7))))))),26),2)));

STEP 113 [uSPR_ClassicHeuristic_null_M3_RF -> NNI_Substep_67] - Distance: 2019.0000
((16,((21,14),27)),12,((4,29),((((1,(19,5)),(17,((((20,((18,8),((24,28),((13,11),10)))),25),23),(3,(30,(22,((9,(15,6)),7))))))),26),2)));

STEP 114 [uSPR_ClassicHeuristic_null_M3_RF -> NNI_Substep_68] - Distance: 2029.0000
((16,((21,14),27)),12,((4,29),((((1,(19,5)),(17,((((20,((18,8),((24,28),((13,11),10)))),25),(3,(30,(22,((9,(15,6)),7))))),23))),26),2)));

STEP 115 [uSPR_ClassicHeuristic_null_M3_RF -> NNI_Substep_69] - Distance: 1939.0000
((16,((21,14),27)),12,((4,29),((((1,(19,5)),(17,(((20,((18,8),((24,28),((13,11),10)))),25),((3,(30,(22,((9,(15,6)),7)))),23)))),26),2)));

STEP 116 [uSPR_ClassicHeuristic_null_M3_RF -> NNI_Substep_70] - Distance: 1919.0000
((16,((21,14),27)),12,((4,29),((((1,(19,5)),(17,(((20,((18,8),((24,28),((13,11),10)))),25),(3,((30,(22,((9,(15,6)),7))),23))))),26),2)));

STEP 117 [uSPR_ClassicHeuristic_null_M3_RF -> NNI_Substep_71] - Distance: 1898.0000
((16,((21,14),27)),12,((4,29),((((1,(19,5)),(17,(((20,((18,8),((24,28),((13,11),10)))),25),(3,(30,((22,((9,(15,6)),7)),23)))))),26),2)));

STEP 118 [uSPR_ClassicHeuristic_null_M3_RF -> NNI_Substep_72] - Distance: 1876.0000
((16,((21,14),27)),12,((4,29),((((1,(19,5)),(17,(((20,((18,8),((24,28),((13,11),10)))),25),(3,(30,(22,(((9,(15,6)),7),23))))))),26),2)));

STEP 119 [uSPR_ClassicHeuristic_null_M3_RF -> NNI_Substep_73] - Distance: 1872.0000
((16,((21,14),27)),12,((4,29),((((1,(19,5)),(17,(((20,((18,8),((24,28),((13,11),10)))),25),(3,(30,(22,((9,(15,6)),(7,23)))))))),26),2)));

STEP 120 [uSPR_ClassicHeuristic_null_M3_RF -> NNI_Substep_74] - Distance: 1865.0000
((16,((21,14),27)),12,((4,29),((((1,(19,5)),(17,(((20,((18,8),((24,28),((13,11),10)))),25),(3,(30,((22,(7,23)),(9,(15,6)))))))),26),2)));

STEP 121 [uSPR_ClassicHeuristic_null_M3_RF -> NNI_Substep_75] - Distance: 1855.0000
((16,((21,14),27)),12,((4,29),((((1,(19,5)),(17,(((20,((18,8),((24,28),((13,11),10)))),25),(3,((30,(22,(7,23))),(9,(15,6))))))),26),2)));

STEP 122 [uSPR_ClassicHeuristic_null_M3_RF -> NNI_Substep_76] - Distance: 1839.0000
((16,((21,14),27)),12,((4,29),((((1,(19,5)),(17,(((20,((18,8),((24,28),((13,11),10)))),25),((3,(30,(22,(7,23)))),(9,(15,6)))))),26),2)));

STEP 123 [uSPR_ClassicHeuristic_null_M3_RF -> NNI_Substep_77] - Distance: 1749.0000
((16,((21,14),27)),12,((4,29),((((1,(19,5)),(17,((((20,((18,8),((24,28),((13,11),10)))),25),(3,(30,(22,(7,23))))),(9,(15,6))))),26),2)));

STEP 124 [uSPR_ClassicHeuristic_null_M3_RF -> NNI_Substep_78] - Distance: 1654.0000
((16,((21,14),27)),12,((4,29),((((1,(19,5)),(17,((((20,((18,8),((24,28),((13,11),10)))),25),(9,(15,6))),(3,(30,(22,(7,23))))))),26),2)));

STEP 125 [uSPR_ClassicHeuristic_null_M3_RF -> NNI_Substep_79] - Distance: 1624.0000
((16,((21,14),27)),12,((4,29),((((1,(19,5)),(17,((((20,((18,8),((24,28),((13,11),10)))),(9,(15,6))),25),(3,(30,(22,(7,23))))))),26),2)));

STEP 126 [uSPR_ClassicHeuristic_null_M3_RF -> NNI_Substep_80] - Distance: 1561.0000
((16,((21,14),27)),12,((4,29),((((1,(19,5)),(17,((((20,(9,(15,6))),((18,8),((24,28),((13,11),10)))),25),(3,(30,(22,(7,23))))))),26),2)));

STEP 127 [uSPR_ClassicHeuristic_null_M3_RF -> NNI_Substep_81] - Distance: 1556.0000
((16,((21,14),27)),12,((4,((((1,(19,5)),(17,((((20,(9,(15,6))),((18,8),((24,28),((13,11),10)))),25),(3,(30,(22,(7,23))))))),26),2)),29));

STEP 128 [uSPR_ClassicHeuristic_null_M3_RF -> NNI_Substep_82] - Distance: 1571.0000
((16,((21,14),27)),12,((((((1,(19,5)),(17,((((20,(9,(15,6))),((18,8),((24,28),((13,11),10)))),25),(3,(30,(22,(7,23))))))),26),2),29),4));

STEP 129 [uSPR_ClassicHeuristic_null_M3_RF -> NNI_Substep_83] - Distance: 1573.0000
((16,((21,14),27)),12,((((((1,(19,5)),(17,((((20,(9,(15,6))),((18,8),((24,28),((13,11),10)))),25),(3,(30,(22,(7,23))))))),26),29),2),4));

STEP 130 [uSPR_ClassicHeuristic_null_M3_RF -> NNI_Substep_84] - Distance: 1570.0000
((16,((21,14),27)),12,(4,(((((1,(19,5)),(17,((((20,(9,(15,6))),((18,8),((24,28),((13,11),10)))),25),(3,(30,(22,(7,23))))))),29),26),2)));

STEP 131 [uSPR_ClassicHeuristic_null_M3_RF -> NNI_Substep_85] - Distance: 1555.0000
((16,((21,14),27)),12,(4,((((1,(19,5)),((17,((((20,(9,(15,6))),((18,8),((24,28),((13,11),10)))),25),(3,(30,(22,(7,23)))))),29)),26),2)));

STEP 132 [uSPR_ClassicHeuristic_null_M3_RF -> NNI_Substep_86] - Distance: 1546.0000
((16,((21,14),27)),12,(4,((((1,(19,5)),(17,(((((20,(9,(15,6))),((18,8),((24,28),((13,11),10)))),25),(3,(30,(22,(7,23))))),29))),26),2)));

STEP 133 [uSPR_ClassicHeuristic_null_M3_RF -> NNI_Substep_87] - Distance: 1496.0000
((16,((21,14),27)),12,(4,((((1,(19,5)),(17,(((((20,(9,(15,6))),((18,8),((24,28),((13,11),10)))),25),29),(3,(30,(22,(7,23))))))),26),2)));

STEP 134 [uSPR_ClassicHeuristic_null_M3_RF -> NNI_Substep_88] - Distance: 1481.0000
((16,((21,14),27)),12,(4,((((1,(19,5)),(17,(((((20,(9,(15,6))),((18,8),((24,28),((13,11),10)))),29),25),(3,(30,(22,(7,23))))))),26),2)));

STEP 135 [uSPR_ClassicHeuristic_null_M3_RF -> NNI_Substep_89] - Distance: 1369.0000
((16,((21,14),27)),12,(4,((((1,(19,5)),(17,(((((20,(9,(15,6))),29),((18,8),((24,28),((13,11),10)))),25),(3,(30,(22,(7,23))))))),26),2)));

STEP 136 [uSPR_ClassicHeuristic_null_M3_RF -> NNI_Substep_90] - Distance: 1345.0000
((16,((21,14),27)),12,(4,((((1,(19,5)),(17,((((20,((9,(15,6)),29)),((18,8),((24,28),((13,11),10)))),25),(3,(30,(22,(7,23))))))),26),2)));

STEP 137 [uSPR_ClassicHeuristic_null_M3_RF -> NNI_Substep_91] - Distance: 1343.0000
((16,((21,14),27)),12,(4,((((1,(19,5)),(17,((((20,(9,((15,6),29))),((18,8),((24,28),((13,11),10)))),25),(3,(30,(22,(7,23))))))),26),2)));

STEP 138 [uSPR_ClassicHeuristic_null_M3_RF -> NNI_Substep_92] - Distance: 1341.0000
((16,((21,14),27)),12,(4,((((1,(19,5)),(17,((((20,(9,((15,29),6))),((18,8),((24,28),((13,11),10)))),25),(3,(30,(22,(7,23))))))),26),2)));

STEP 139 [uSPR_ClassicHeuristic_null_M3_RF -> NNI_Substep_93] - Distance: 1341.0000
((16,((21,14),27)),12,(4,((((1,(19,5)),(17,((((20,((9,(15,29)),6)),((18,8),((24,28),((13,11),10)))),25),(3,(30,(22,(7,23))))))),26),2)));

STEP 140 [uSPR_ClassicHeuristic_null_M3_RF -> NNI_Substep_94] - Distance: 1338.0000
((16,((21,14),27)),12,(4,((((1,(19,5)),(17,(((((20,(9,(15,29))),6),((18,8),((24,28),((13,11),10)))),25),(3,(30,(22,(7,23))))))),26),2)));

STEP 141 [uSPR_ClassicHeuristic_null_M3_RF -> NNI_Substep_95] - Distance: 1317.0000
((16,((21,14),27)),12,(4,((((1,(19,5)),(17,(((((20,(9,(15,29))),((18,8),((24,28),((13,11),10)))),6),25),(3,(30,(22,(7,23))))))),26),2)));

STEP 142 [uSPR_ClassicHeuristic_null_M3_RF -> NNI_Substep_96] - Distance: 1307.0000
((16,((21,14),27)),12,(4,((((1,(19,5)),(17,(((((20,(9,(15,29))),((18,8),((24,28),((13,11),10)))),25),6),(3,(30,(22,(7,23))))))),26),2)));

STEP 143 [uSPR_ClassicHeuristic_null_M3_RF -> NNI_Substep_97] - Distance: 1252.0000
((16,((21,14),27)),12,(4,((((1,(19,5)),(17,(((((20,(9,(15,29))),((18,8),((24,28),((13,11),10)))),25),(3,(30,(22,(7,23))))),6))),26),2)));

STEP 144 [uSPR_ClassicHeuristic_null_M3_RF -> NNI_Substep_98] - Distance: 1236.0000
((16,((21,14),27)),12,(4,((((1,(19,5)),((17,((((20,(9,(15,29))),((18,8),((24,28),((13,11),10)))),25),(3,(30,(22,(7,23)))))),6)),26),2)));

STEP 145 [uSPR_ClassicHeuristic_null_M3_RF -> NNI_Substep_99] - Distance: 1185.0000
((16,((21,14),27)),12,(4,(((((1,(19,5)),(17,((((20,(9,(15,29))),((18,8),((24,28),((13,11),10)))),25),(3,(30,(22,(7,23))))))),6),26),2)));

STEP 146 [uSPR_ClassicHeuristic_null_M3_RF -> NNI_Substep_100] - Distance: 1185.0000
((16,((21,14),27)),12,(4,(((((1,(19,5)),(17,((((20,(9,(15,29))),((18,8),((24,28),((13,11),10)))),25),(3,(30,(22,(7,23))))))),26),6),2)));

STEP 147 [uSPR_ClassicHeuristic_null_M3_RF -> NNI_Substep_101] - Distance: 1136.0000
((16,((21,14),27)),12,(4,((((1,(19,5)),(17,((((20,(9,(15,29))),((18,8),((24,28),((13,11),10)))),25),(3,(30,(22,(7,23))))))),(26,6)),2)));

STEP 148 [uSPR_ClassicHeuristic_null_M3_RF -> NNI_Substep_102] - Distance: 1126.0000
((16,((21,14),27)),12,(4,((((1,(19,5)),(17,((((20,(9,(15,29))),((18,8),((24,28),((13,11),10)))),25),(3,(30,(22,(7,23))))))),2),(26,6))));

STEP 149 [uSPR_ClassicHeuristic_null_M3_RF -> NNI_Substep_103] - Distance: 1116.0000
((16,((21,14),27)),12,((4,(((1,(19,5)),(17,((((20,(9,(15,29))),((18,8),((24,28),((13,11),10)))),25),(3,(30,(22,(7,23))))))),2)),(26,6)));

STEP 150 [uSPR_ClassicHeuristic_null_M3_RF -> NNI_Substep_104] - Distance: 1102.0000
(((16,((21,14),27)),(26,6)),12,(4,(((1,(19,5)),(17,((((20,(9,(15,29))),((18,8),((24,28),((13,11),10)))),25),(3,(30,(22,(7,23))))))),2)));

STEP 151 [uSPR_ClassicHeuristic_null_M3_RF -> NNI_Substep_105] - Distance: 1050.0000
((16,(((21,14),27),(26,6))),12,(4,(((1,(19,5)),(17,((((20,(9,(15,29))),((18,8),((24,28),((13,11),10)))),25),(3,(30,(22,(7,23))))))),2)));

STEP 152 [uSPR_ClassicHeuristic_null_M3_RF -> NNI_Substep_106] - Distance: 996.0000
((16,(((21,14),(26,6)),27)),12,(4,(((1,(19,5)),(17,((((20,(9,(15,29))),((18,8),((24,28),((13,11),10)))),25),(3,(30,(22,(7,23))))))),2)));

STEP 153 [uSPR_ClassicHeuristic_null_M3_RF -> NNI_Substep_107] - Distance: 993.0000
((16,(((21,14),(26,6)),27)),12,(4,(((1,(19,5)),(17,(((((20,(15,29)),9),((18,8),((24,28),((13,11),10)))),25),(3,(30,(22,(7,23))))))),2)));

STEP 154 [uSPR_ClassicHeuristic_null_M3_RF -> NNI_Substep_108] - Distance: 930.0000
((16,(((21,14),(26,6)),27)),12,(4,(((1,(19,5)),(17,(((((20,(15,29)),((18,8),((24,28),((13,11),10)))),9),25),(3,(30,(22,(7,23))))))),2)));

STEP 155 [uSPR_ClassicHeuristic_null_M3_RF -> NNI_Substep_109] - Distance: 951.0000
((16,(((21,14),(26,6)),27)),12,(4,(((1,(19,5)),(17,(((((20,(15,29)),((18,8),((24,28),((13,11),10)))),25),9),(3,(30,(22,(7,23))))))),2)));

STEP 156 [uSPR_ClassicHeuristic_null_M3_RF -> NNI_Substep_110] - Distance: 1031.0000
((16,(((21,14),(26,6)),27)),12,(4,(((1,(19,5)),(17,(((((20,(15,29)),((18,8),((24,28),((13,11),10)))),25),(3,(30,(22,(7,23))))),9))),2)));

STEP 157 [uSPR_ClassicHeuristic_null_M3_RF -> NNI_Substep_111] - Distance: 1046.0000
((16,(((21,14),(26,6)),27)),12,(4,(((1,(19,5)),((17,((((20,(15,29)),((18,8),((24,28),((13,11),10)))),25),(3,(30,(22,(7,23)))))),9)),2)));

STEP 158 [uSPR_ClassicHeuristic_null_M3_RF -> NNI_Substep_112] - Distance: 1075.0000
((16,(((21,14),(26,6)),27)),12,(4,((((1,(19,5)),(17,((((20,(15,29)),((18,8),((24,28),((13,11),10)))),25),(3,(30,(22,(7,23))))))),9),2)));

STEP 159 [uSPR_ClassicHeuristic_null_M3_RF -> NNI_Substep_113] - Distance: 1071.0000
((16,(((21,14),(26,6)),27)),12,(4,((((1,(19,5)),(17,((((20,(15,29)),((18,8),((24,28),((13,11),10)))),25),(3,(30,(22,(7,23))))))),2),9)));

STEP 160 [uSPR_ClassicHeuristic_null_M3_RF -> NNI_Substep_114] - Distance: 1067.0000
((16,(((21,14),(26,6)),27)),12,((4,(((1,(19,5)),(17,((((20,(15,29)),((18,8),((24,28),((13,11),10)))),25),(3,(30,(22,(7,23))))))),2)),9));

STEP 161 [uSPR_ClassicHeuristic_null_M3_RF -> NNI_Substep_115] - Distance: 1031.0000
((16,(((21,14),(26,6)),27)),(12,9),(4,(((1,(19,5)),(17,((((20,(15,29)),((18,8),((24,28),((13,11),10)))),25),(3,(30,(22,(7,23))))))),2)));

STEP 162 [uSPR_ClassicHeuristic_null_M3_RF -> NNI_Substep_116] - Distance: 1027.0000
(16,(((21,14),(26,6)),27),(4,((((1,(19,5)),(17,((((20,(15,29)),((18,8),((24,28),((13,11),10)))),25),(3,(30,(22,(7,23))))))),2),(12,9))));

STEP 163 [uSPR_ClassicHeuristic_null_M3_RF -> NNI_Substep_117] - Distance: 1023.0000
(16,(((21,14),(26,6)),27),(4,((((1,(19,5)),(17,((((20,(15,29)),((18,8),((24,28),((13,11),10)))),25),(3,(30,(22,(7,23))))))),(12,9)),2)));

STEP 164 [uSPR_ClassicHeuristic_null_M3_RF -> NNI_Substep_118] - Distance: 957.0000
(16,(((21,14),(26,6)),27),(4,(((1,(19,5)),((17,((((20,(15,29)),((18,8),((24,28),((13,11),10)))),25),(3,(30,(22,(7,23)))))),(12,9))),2)));

STEP 165 [uSPR_ClassicHeuristic_null_M3_RF -> NNI_Substep_119] - Distance: 927.0000
(16,(((21,14),(26,6)),27),(4,(((1,(19,5)),(17,(((((20,(15,29)),((18,8),((24,28),((13,11),10)))),25),(3,(30,(22,(7,23))))),(12,9)))),2)));

STEP 166 [uSPR_ClassicHeuristic_null_M3_RF -> NNI_Substep_120] - Distance: 767.0000
(16,(((21,14),(26,6)),27),(4,(((1,(19,5)),(17,(((((20,(15,29)),((18,8),((24,28),((13,11),10)))),25),(12,9)),(3,(30,(22,(7,23))))))),2)));

STEP 167 [uSPR_ClassicHeuristic_null_M3_RF -> NNI_Substep_121] - Distance: 725.0000
(16,(((21,14),(26,6)),27),(4,(((1,(19,5)),(17,(((((20,(15,29)),((18,8),((24,28),((13,11),10)))),(12,9)),25),(3,(30,(22,(7,23))))))),2)));

STEP 168 [uSPR_ClassicHeuristic_null_M3_RF -> NNI_Substep_122] - Distance: 593.0000
(16,(((21,14),(26,6)),27),(4,(((1,(19,5)),(17,((((20,(15,29)),(((18,8),((24,28),((13,11),10))),(12,9))),25),(3,(30,(22,(7,23))))))),2)));

STEP 169 [uSPR_ClassicHeuristic_null_M3_RF -> NNI_Substep_123] - Distance: 489.0000
(16,(((21,14),(26,6)),27),(4,(((1,(19,5)),(17,((((20,(15,29)),((18,8),(((24,28),((13,11),10)),(12,9)))),25),(3,(30,(22,(7,23))))))),2)));

STEP 170 [uSPR_ClassicHeuristic_null_M3_RF -> NNI_Substep_124] - Distance: 489.0000
(16,(((21,14),(26,6)),27),((((1,(19,5)),(17,((((20,(15,29)),((18,8),(((24,28),((13,11),10)),(12,9)))),25),(3,(30,(22,(7,23))))))),4),2));

STEP 171 [uSPR_ClassicHeuristic_null_M3_RF -> NNI_Substep_125] - Distance: 462.0000
(16,(((21,14),(26,6)),27),((((17,((((20,(15,29)),((18,8),(((24,28),((13,11),10)),(12,9)))),25),(3,(30,(22,(7,23)))))),4),(1,(19,5))),2));

STEP 172 [uSPR_ClassicHeuristic_null_M3_RF -> NNI_Substep_126] - Distance: 449.0000
(16,(((21,14),(26,6)),27),(((1,(19,5)),(17,(((((20,(15,29)),((18,8),(((24,28),((13,11),10)),(12,9)))),25),(3,(30,(22,(7,23))))),4))),2));

STEP 173 [uSPR_ClassicHeuristic_null_M3_RF -> NNI_Substep_127] - Distance: 379.0000
(16,(((21,14),(26,6)),27),(((1,(19,5)),(17,(((((20,(15,29)),((18,8),(((24,28),((13,11),10)),(12,9)))),25),4),(3,(30,(22,(7,23))))))),2));

STEP 174 [uSPR_ClassicHeuristic_null_M3_RF -> NNI_Substep_128] - Distance: 360.0000
(16,(((21,14),(26,6)),27),(((1,(19,5)),(17,(((((20,(15,29)),((18,8),(((24,28),((13,11),10)),(12,9)))),4),25),(3,(30,(22,(7,23))))))),2));

STEP 175 [uSPR_ClassicHeuristic_null_M3_RF -> NNI_Substep_129] - Distance: 180.0000
(16,(((21,14),(26,6)),27),(((1,(19,5)),(17,(((((20,(15,29)),4),((18,8),(((24,28),((13,11),10)),(12,9)))),25),(3,(30,(22,(7,23))))))),2));

STEP 176 [uSPR_ClassicHeuristic_null_M3_RF -> NNI_Substep_130] - Distance: 138.0000
(16,(((21,14),(26,6)),27),(((17,(((((20,(15,29)),4),((18,8),(((24,28),((13,11),10)),(12,9)))),25),(3,(30,(22,(7,23)))))),2),(1,(19,5))));

STEP 177 [uSPR_ClassicHeuristic_null_M3_RF -> NNI_Substep_131] - Distance: 0.0000
(16,(((21,14),(26,6)),27),((17,(((((20,(15,29)),4),((18,8),(((24,28),((13,11),10)),(12,9)))),25),(3,(30,(22,(7,23)))))),(2,(1,(19,5)))));

========================================================
[FINAL] Total Steps: 177 | Final Distance: 0.0000
========================================================
