========================================================
HEURISTIC TRAJECTORY: VND Incremental (RF)
========================================================
STEP 0 [START] - Distance: 27.0000
((19,((11,22),(26,28))),(1,(12,(29,25))),(((6,(((15,2),(16,10)),((14,((24,(27,21)),(5,3))),(13,23)))),((20,7),(17,18))),((8,9),(4,30))));

STEP 1 [2sECR_IncrementalHeuristic_RF -> NNI_Substep_1] - Distance: 27.0000
((19,((11,22),(26,28))),(1,(12,(29,25))),(((6,((2,(15,(16,10))),((14,((24,(27,21)),(5,3))),(13,23)))),((20,7),(17,18))),((8,9),(4,30))));

STEP 2 [2sECR_IncrementalHeuristic_RF -> NNI_Substep_2] - Distance: 26.0000
((19,((11,22),(26,28))),(1,(12,(29,25))),(((6,((2,(16,(15,10))),((14,((24,(27,21)),(5,3))),(13,23)))),((20,7),(17,18))),((8,9),(4,30))));

STEP 3 [3sECR_IncrementalHeuristic_RF -> NNI_Substep_1] - Distance: 26.0000
((19,((11,22),(26,28))),(1,(12,(29,25))),((6,(((2,(16,(15,10))),((14,((24,(27,21)),(5,3))),(13,23))),((17,18),(20,7)))),((8,9),(4,30))));

STEP 4 [3sECR_IncrementalHeuristic_RF -> NNI_Substep_2] - Distance: 26.0000
((19,((11,22),(26,28))),(1,(12,(29,25))),((6,(((2,(16,(15,10))),((14,((24,(27,21)),(5,3))),(13,23))),(((17,18),20),7))),((8,9),(4,30))));

STEP 5 [3sECR_IncrementalHeuristic_RF -> NNI_Substep_3] - Distance: 26.0000
((19,((11,22),(26,28))),(1,(12,(29,25))),((6,((((2,(16,(15,10))),((14,((24,(27,21)),(5,3))),(13,23))),((17,18),20)),7)),((8,9),(4,30))));

STEP 6 [3sECR_IncrementalHeuristic_RF -> NNI_Substep_4] - Distance: 25.0000
((19,((11,22),(26,28))),(1,(12,(29,25))),(((6,7),(((2,(16,(15,10))),((14,((24,(27,21)),(5,3))),(13,23))),((17,18),20))),((8,9),(4,30))));

STEP 7 [Heur. uSPR RF -> NNI_Substep_1] - Distance: 25.0000
((19,((11,22),(26,28))),(1,(12,(29,25))),(((((2,(16,(15,10))),((14,((24,(27,21)),(5,3))),(13,23))),(6,7)),((17,18),20)),((8,9),(4,30))));

STEP 8 [Heur. uSPR RF -> NNI_Substep_2] - Distance: 25.0000
((19,((11,22),(26,28))),(1,(12,(29,25))),((((2,(16,(15,10))),(((14,((24,(27,21)),(5,3))),(13,23)),(6,7))),((17,18),20)),((8,9),(4,30))));

STEP 9 [Heur. uSPR RF -> NNI_Substep_3] - Distance: 25.0000
((19,((11,22),(26,28))),(1,(12,(29,25))),((((2,(16,(15,10))),(((14,((24,(27,21)),(5,3))),(6,7)),(13,23))),((17,18),20)),((8,9),(4,30))));

STEP 10 [Heur. uSPR RF -> NNI_Substep_4] - Distance: 24.0000
((19,((11,22),(26,28))),(1,(12,(29,25))),((((2,(16,(15,10))),(((14,(6,7)),((24,(27,21)),(5,3))),(13,23))),((17,18),20)),((8,9),(4,30))));

STEP 11 [Heur. uSPR RF -> NNI_Substep_5] - Distance: 24.0000
((19,((11,22),(26,28))),(1,(12,(29,25))),((((2,(16,(15,10))),((((24,(27,21)),(14,(6,7))),(5,3)),(13,23))),((17,18),20)),((8,9),(4,30))));

STEP 12 [Heur. uSPR RF -> NNI_Substep_6] - Distance: 24.0000
((19,((11,22),(26,28))),(1,(12,(29,25))),((((2,(16,(15,10))),(((24,((27,21),(14,(6,7)))),(5,3)),(13,23))),((17,18),20)),((8,9),(4,30))));

STEP 13 [Heur. uSPR RF -> NNI_Substep_7] - Distance: 23.0000
((19,((11,22),(26,28))),(1,(12,(29,25))),((((2,(16,(15,10))),(((24,(27,(21,(14,(6,7))))),(5,3)),(13,23))),((17,18),20)),((8,9),(4,30))));

STEP 14 [Heur. uSPR RF -> NNI_Substep_8] - Distance: 23.0000
((19,((11,22),(26,28))),(1,(12,(29,25))),(((((2,16),(15,10)),(((24,(27,(21,(14,(6,7))))),(5,3)),(13,23))),((17,18),20)),((8,9),(4,30))));

STEP 15 [Heur. uSPR RF -> NNI_Substep_9] - Distance: 23.0000
((19,((11,22),(26,28))),(1,(12,(29,25))),(((((2,16),(((24,(27,(21,(14,(6,7))))),(5,3)),(13,23))),(15,10)),((17,18),20)),((8,9),(4,30))));

STEP 16 [Heur. uSPR RF -> NNI_Substep_10] - Distance: 23.0000
((19,((11,22),(26,28))),(1,(12,(29,25))),((((2,16),((((24,(27,(21,(14,(6,7))))),(5,3)),(13,23)),(15,10))),((17,18),20)),((8,9),(4,30))));

STEP 17 [Heur. uSPR RF -> NNI_Substep_11] - Distance: 23.0000
((19,((11,22),(26,28))),(1,(12,(29,25))),((((2,16),(((24,(27,(21,(14,(6,7))))),(5,3)),((13,23),(15,10)))),((17,18),20)),((8,9),(4,30))));

STEP 18 [Heur. uSPR RF -> NNI_Substep_12] - Distance: 22.0000
((19,((11,22),(26,28))),(1,(12,(29,25))),((((2,16),(((24,(27,(21,(14,(6,7))))),(5,3)),(13,(23,(15,10))))),((17,18),20)),((8,9),(4,30))));

STEP 19 [Heur. uSPR RF -> NNI_Substep_13] - Distance: 22.0000
((19,((11,22),(26,28))),(1,(12,(29,25))),((((2,16),((((24,(21,(14,(6,7)))),27),(5,3)),(13,(23,(15,10))))),((17,18),20)),((8,9),(4,30))));

STEP 20 [Heur. uSPR RF -> NNI_Substep_14] - Distance: 22.0000
((19,((11,22),(26,28))),(1,(12,(29,25))),((((2,16),((((24,(21,(14,(6,7)))),(5,3)),27),(13,(23,(15,10))))),((17,18),20)),((8,9),(4,30))));

STEP 21 [Heur. uSPR RF -> NNI_Substep_15] - Distance: 22.0000
((19,((11,22),(26,28))),(1,(12,(29,25))),((((2,16),((((24,(21,(14,(6,7)))),(5,3)),(13,(23,(15,10)))),27)),((17,18),20)),((8,9),(4,30))));

STEP 22 [Heur. uSPR RF -> NNI_Substep_16] - Distance: 22.0000
((19,((11,22),(26,28))),(1,(12,(29,25))),((((2,16),(((24,(21,(14,(6,7)))),(5,3)),((13,(23,(15,10))),27))),((17,18),20)),((8,9),(4,30))));

STEP 23 [Heur. uSPR RF -> NNI_Substep_17] - Distance: 21.0000
((19,((11,22),(26,28))),(1,(12,(29,25))),((((2,16),(((24,(21,(14,(6,7)))),(5,3)),((13,27),(23,(15,10))))),((17,18),20)),((8,9),(4,30))));

STEP 24 [Heur. uSPR RF -> NNI_Substep_18] - Distance: 21.0000
((19,((11,22),(26,28))),(1,(12,(29,25))),((((16,(((24,(21,(14,(6,7)))),(5,3)),((13,27),(23,(15,10))))),2),((17,18),20)),((8,9),(4,30))));

STEP 25 [Heur. uSPR RF -> NNI_Substep_19] - Distance: 21.0000
((19,((11,22),(26,28))),(1,(12,(29,25))),((((16,(((24,(21,(14,(6,7)))),(5,3)),((13,27),(23,(15,10))))),((17,18),20)),2),((8,9),(4,30))));

STEP 26 [Heur. uSPR RF -> NNI_Substep_20] - Distance: 21.0000
((19,((11,22),(26,28))),(1,(12,(29,25))),((((16,(((24,(21,(14,(6,7)))),(5,3)),((13,27),(23,(15,10))))),((17,18),20)),((8,9),(4,30))),2));

STEP 27 [Heur. uSPR RF -> NNI_Substep_21] - Distance: 21.0000
((19,((11,22),(26,28))),(1,(12,(29,25))),(((16,(((24,(21,(14,(6,7)))),(5,3)),((13,27),(23,(15,10))))),((17,18),20)),(((8,9),(4,30)),2)));

STEP 28 [Heur. uSPR RF -> NNI_Substep_22] - Distance: 21.0000
((19,((11,22),(26,28))),(1,(12,(29,25))),(((16,(((24,(21,(14,(6,7)))),(5,3)),((13,27),(23,(15,10))))),((17,18),20)),(((8,9),2),(4,30))));

STEP 29 [Heur. uSPR RF -> NNI_Substep_23] - Distance: 20.0000
((19,((11,22),(26,28))),(1,(12,(29,25))),(((16,(((24,(21,(14,(6,7)))),(5,3)),((13,27),(23,(15,10))))),((17,18),20)),(((8,2),9),(4,30))));

STEP 30 [Heur. uSPR RF -> NNI_Substep_24] - Distance: 20.0000
((19,((11,22),(26,28))),(1,(12,(29,25))),(((16,(((24,(21,(14,(6,7)))),(5,3)),((13,27),(23,(15,10))))),((17,18),20)),((((8,2),9),4),30)));

STEP 31 [Heur. uSPR RF -> NNI_Substep_25] - Distance: 19.0000
((19,((11,22),(26,28))),(1,(12,(29,25))),(((16,(((24,(21,(14,(6,7)))),(5,3)),((13,27),(23,(15,10))))),((17,18),20)),((((8,2),9),30),4)));

STEP 32 [Heur. uSPR RF -> NNI_Substep_26] - Distance: 18.0000
((19,((11,22),(26,28))),(1,(12,(29,25))),(((16,(((24,(21,(14,(6,7)))),(5,3)),((13,27),(23,(15,10))))),((17,18),20)),((((8,2),30),9),4)));

STEP 33 [Heur. uSPR RF -> NNI_Substep_27] - Distance: 18.0000
((19,((11,22),(26,28))),(1,(12,(29,25))),(((16,(((24,(21,(14,(6,7)))),(5,3)),((13,27),(23,(15,10))))),((17,20),18)),((((8,2),30),9),4)));

STEP 34 [Heur. uSPR RF -> NNI_Substep_28] - Distance: 18.0000
((19,((11,22),(26,28))),(1,(12,(29,25))),((((16,(((24,(21,(14,(6,7)))),(5,3)),((13,27),(23,(15,10))))),(17,20)),18),((((8,2),30),9),4)));

STEP 35 [Heur. uSPR RF -> NNI_Substep_29] - Distance: 18.0000
((19,((11,22),(26,28))),(1,(12,(29,25))),((((16,(((24,(21,(14,(6,7)))),(5,3)),((13,27),(23,(15,10))))),(17,20)),((((8,2),30),9),4)),18));

STEP 36 [Heur. uSPR RF -> NNI_Substep_30] - Distance: 18.0000
((19,((11,22),(26,28))),(1,(12,(29,25))),(((16,(((24,(21,(14,(6,7)))),(5,3)),((13,27),(23,(15,10))))),(17,20)),(((((8,2),30),9),4),18)));

STEP 37 [Heur. uSPR RF -> NNI_Substep_31] - Distance: 17.0000
((19,((11,22),(26,28))),(1,(12,(29,25))),(((16,(((24,(21,(14,(6,7)))),(5,3)),((13,27),(23,(15,10))))),(17,20)),((((8,2),30),9),(4,18))));

STEP 38 [Heur. uSPR RF -> NNI_Substep_32] - Distance: 17.0000
((19,((11,22),(26,28))),((1,(29,25)),12),(((16,(((24,(21,(14,(6,7)))),(5,3)),((13,27),(23,(15,10))))),(17,20)),((((8,2),30),9),(4,18))));

STEP 39 [Heur. uSPR RF -> NNI_Substep_33] - Distance: 17.0000
((19,((11,22),(26,28))),(1,(29,25)),((((16,(((24,(21,(14,(6,7)))),(5,3)),((13,27),(23,(15,10))))),(17,20)),((((8,2),30),9),(4,18))),12));

STEP 40 [Heur. uSPR RF -> NNI_Substep_34] - Distance: 17.0000
((19,((11,22),(26,28))),(1,(29,25)),(((16,(((24,(21,(14,(6,7)))),(5,3)),((13,27),(23,(15,10))))),(17,20)),(((((8,2),30),9),(4,18)),12)));

STEP 41 [Heur. uSPR RF -> NNI_Substep_35] - Distance: 16.0000
((19,((11,22),(26,28))),(1,(29,25)),(((16,(((24,(21,(14,(6,7)))),(5,3)),((13,27),(23,(15,10))))),(17,20)),((((8,2),30),9),((4,18),12))));

STEP 42 [Heur. uSPR RF -> NNI_Substep_36] - Distance: 16.0000
((19,((11,(26,28)),22)),(1,(29,25)),(((16,(((24,(21,(14,(6,7)))),(5,3)),((13,27),(23,(15,10))))),(17,20)),((((8,2),30),9),((4,18),12))));

STEP 43 [Heur. uSPR RF -> NNI_Substep_37] - Distance: 16.0000
(((19,(11,(26,28))),22),(1,(29,25)),(((16,(((24,(21,(14,(6,7)))),(5,3)),((13,27),(23,(15,10))))),(17,20)),((((8,2),30),9),((4,18),12))));

STEP 44 [Heur. uSPR RF -> NNI_Substep_38] - Distance: 16.0000
((19,(11,(26,28))),((1,(29,25)),22),(((16,(((24,(21,(14,(6,7)))),(5,3)),((13,27),(23,(15,10))))),(17,20)),((((8,2),30),9),((4,18),12))));

STEP 45 [Heur. uSPR RF -> NNI_Substep_39] - Distance: 16.0000
((19,(11,(26,28))),(1,((29,25),22)),(((16,(((24,(21,(14,(6,7)))),(5,3)),((13,27),(23,(15,10))))),(17,20)),((((8,2),30),9),((4,18),12))));

STEP 46 [Heur. uSPR RF -> NNI_Substep_40] - Distance: 15.0000
((19,(11,(26,28))),(1,(29,(25,22))),(((16,(((24,(21,(14,(6,7)))),(5,3)),((13,27),(23,(15,10))))),(17,20)),((((8,2),30),9),((4,18),12))));

STEP 47 [Heur. uSPR RF -> NNI_Substep_41] - Distance: 15.0000
((19,(11,(26,28))),((1,29),(25,22)),(((16,(((24,(21,(14,(6,7)))),(5,3)),((13,27),(23,(15,10))))),(17,20)),((((8,2),30),9),((4,18),12))));

STEP 48 [Heur. uSPR RF -> NNI_Substep_42] - Distance: 15.0000
((19,(11,(26,28))),(1,29),((((16,(((24,(21,(14,(6,7)))),(5,3)),((13,27),(23,(15,10))))),(17,20)),((((8,2),30),9),((4,18),12))),(25,22)));

STEP 49 [Heur. uSPR RF -> NNI_Substep_43] - Distance: 15.0000
((19,(11,(26,28))),(1,29),(((16,(((24,(21,(14,(6,7)))),(5,3)),((13,27),(23,(15,10))))),(17,20)),(((((8,2),30),9),((4,18),12)),(25,22))));

STEP 50 [Heur. uSPR RF -> NNI_Substep_44] - Distance: 14.0000
((19,(11,(26,28))),(1,29),(((16,(((24,(21,(14,(6,7)))),(5,3)),((13,27),(23,(15,10))))),(17,20)),(((((8,2),30),9),(25,22)),((4,18),12))));

STEP 51 [Heur. uSPR RF -> NNI_Substep_45] - Distance: 14.0000
((11,(26,28)),(1,29),((((16,(((24,(21,(14,(6,7)))),(5,3)),((13,27),(23,(15,10))))),(17,20)),(((((8,2),30),9),(25,22)),((4,18),12))),19));

STEP 52 [Heur. uSPR RF -> NNI_Substep_46] - Distance: 14.0000
((11,(26,28)),(1,29),(((16,(((24,(21,(14,(6,7)))),(5,3)),((13,27),(23,(15,10))))),(17,20)),((((((8,2),30),9),(25,22)),((4,18),12)),19)));

STEP 53 [Heur. uSPR RF -> NNI_Substep_47] - Distance: 13.0000
((11,(26,28)),(1,29),(((16,(((24,(21,(14,(6,7)))),(5,3)),((13,27),(23,(15,10))))),(17,20)),((((((8,2),30),9),(25,22)),19),((4,18),12))));

STEP 54 [Heur. uSPR RF -> NNI_Substep_48] - Distance: 13.0000
(((11,26),28),(1,29),(((16,(((24,(21,(14,(6,7)))),(5,3)),((13,27),(23,(15,10))))),(17,20)),((((((8,2),30),9),(25,22)),19),((4,18),12))));

STEP 55 [Heur. uSPR RF -> NNI_Substep_49] - Distance: 13.0000
((11,26),((1,29),28),(((16,(((24,(21,(14,(6,7)))),(5,3)),((13,27),(23,(15,10))))),(17,20)),((((((8,2),30),9),(25,22)),19),((4,18),12))));

STEP 56 [Heur. uSPR RF -> NNI_Substep_50] - Distance: 12.0000
((11,26),(1,(29,28)),(((16,(((24,(21,(14,(6,7)))),(5,3)),((13,27),(23,(15,10))))),(17,20)),((((((8,2),30),9),(25,22)),19),((4,18),12))));

STEP 57 [Heur. uSPR RF -> NNI_Substep_51] - Distance: 12.0000
((11,26),(1,(29,28)),(((16,((((24,(21,(14,(6,7)))),3),5),((13,27),(23,(15,10))))),(17,20)),((((((8,2),30),9),(25,22)),19),((4,18),12))));

STEP 58 [Heur. uSPR RF -> NNI_Substep_52] - Distance: 12.0000
((11,26),(1,(29,28)),(((16,((((24,(21,(14,(6,7)))),3),((13,27),(23,(15,10)))),5)),(17,20)),((((((8,2),30),9),(25,22)),19),((4,18),12))));

STEP 59 [Heur. uSPR RF -> NNI_Substep_53] - Distance: 12.0000
((11,26),(1,(29,28)),((((16,(((24,(21,(14,(6,7)))),3),((13,27),(23,(15,10))))),5),(17,20)),((((((8,2),30),9),(25,22)),19),((4,18),12))));

STEP 60 [Heur. uSPR RF -> NNI_Substep_54] - Distance: 12.0000
((11,26),(1,(29,28)),((((16,(((24,(21,(14,(6,7)))),3),((13,27),(23,(15,10))))),(17,20)),5),((((((8,2),30),9),(25,22)),19),((4,18),12))));

STEP 61 [Heur. uSPR RF -> NNI_Substep_55] - Distance: 12.0000
((11,26),(1,(29,28)),(((16,(((24,(21,(14,(6,7)))),3),((13,27),(23,(15,10))))),((17,20),5)),((((((8,2),30),9),(25,22)),19),((4,18),12))));

STEP 62 [Heur. uSPR RF -> NNI_Substep_56] - Distance: 11.0000
((11,26),(1,(29,28)),(((16,(((24,(21,(14,(6,7)))),3),((13,27),(23,(15,10))))),(17,(20,5))),((((((8,2),30),9),(25,22)),19),((4,18),12))));

STEP 63 [Heur. uSPR RF -> NNI_Substep_57] - Distance: 11.0000
(11,(1,(29,28)),((((16,(((24,(21,(14,(6,7)))),3),((13,27),(23,(15,10))))),(17,(20,5))),((((((8,2),30),9),(25,22)),19),((4,18),12))),26));

STEP 64 [Heur. uSPR RF -> NNI_Substep_58] - Distance: 11.0000
(11,(1,(29,28)),((((16,(((24,(21,(14,(6,7)))),3),((13,27),(23,(15,10))))),(17,(20,5))),26),((((((8,2),30),9),(25,22)),19),((4,18),12))));

STEP 65 [Heur. uSPR RF -> NNI_Substep_59] - Distance: 11.0000
(11,(1,(29,28)),(((16,(((24,(21,(14,(6,7)))),3),((13,27),(23,(15,10))))),((17,(20,5)),26)),((((((8,2),30),9),(25,22)),19),((4,18),12))));

STEP 66 [Heur. uSPR RF -> NNI_Substep_60] - Distance: 10.0000
(11,(1,(29,28)),(((16,(((24,(21,(14,(6,7)))),3),((13,27),(23,(15,10))))),(17,((20,5),26))),((((((8,2),30),9),(25,22)),19),((4,18),12))));

STEP 67 [Heur. uSPR RF -> NNI_Substep_61] - Distance: 10.0000
(11,(1,(29,28)),((((16,(((24,(21,(14,(6,7)))),3),((13,27),(23,(15,10))))),17),((20,5),26)),((((((8,2),30),9),(25,22)),19),((4,18),12))));

STEP 68 [Heur. uSPR RF -> NNI_Substep_62] - Distance: 10.0000
(11,(1,(29,28)),((((16,(((24,(21,(14,(6,7)))),3),((13,27),(23,(15,10))))),((20,5),26)),17),((((((8,2),30),9),(25,22)),19),((4,18),12))));

STEP 69 [Heur. uSPR RF -> NNI_Substep_63] - Distance: 10.0000
(11,(1,(29,28)),(((((((24,(21,(14,(6,7)))),3),((13,27),(23,(15,10)))),((20,5),26)),16),17),((((((8,2),30),9),(25,22)),19),((4,18),12))));

STEP 70 [Heur. uSPR RF -> NNI_Substep_64] - Distance: 9.0000
(11,(1,(29,28)),(((16,(((24,(21,(14,(6,7)))),3),(((13,27),(23,(15,10))),((20,5),26)))),17),((((((8,2),30),9),(25,22)),19),((4,18),12))));

STEP 71 [Heur. uSPR RF -> NNI_Substep_65] - Distance: 8.0000
(11,(1,(29,28)),(((16,(((24,(21,(14,(6,7)))),3),(((13,27),((20,5),26)),(23,(15,10))))),17),((((((8,2),30),9),(25,22)),19),((4,18),12))));

STEP 72 [Heur. uSPR RF -> NNI_Substep_66] - Distance: 8.0000
(11,(1,(29,28)),((((16,((24,(21,(14,(6,7)))),3)),(((13,27),((20,5),26)),(23,(15,10)))),17),((((((8,2),30),9),(25,22)),19),((4,18),12))));

STEP 73 [Heur. uSPR RF -> NNI_Substep_67] - Distance: 8.0000
(11,(1,(29,28)),((((16,((24,(21,(14,(6,7)))),3)),17),(((13,27),((20,5),26)),(23,(15,10)))),((((((8,2),30),9),(25,22)),19),((4,18),12))));

STEP 74 [Heur. uSPR RF -> NNI_Substep_68] - Distance: 8.0000
(11,(1,(29,28)),((((16,((24,(21,(14,(6,7)))),3)),17),((((((8,2),30),9),(25,22)),19),((4,18),12))),(((13,27),((20,5),26)),(23,(15,10)))));

STEP 75 [Heur. uSPR RF -> NNI_Substep_69] - Distance: 7.0000
(11,(1,(29,28)),(((16,((24,(21,(14,(6,7)))),3)),17),(((((((8,2),30),9),(25,22)),19),((4,18),12)),(((13,27),((20,5),26)),(23,(15,10))))));

STEP 76 [Heur. uSPR RF -> NNI_Substep_70] - Distance: 6.0000
(11,(1,(29,28)),(((16,((24,(21,(14,(6,7)))),3)),17),(((((((8,2),30),9),(25,22)),19),(((13,27),((20,5),26)),(23,(15,10)))),((4,18),12))));

STEP 77 [Heur. uSPR RF -> NNI_Substep_71] - Distance: 5.0000
(11,(1,(29,28)),((17,(((((((8,2),30),9),(25,22)),19),(((13,27),((20,5),26)),(23,(15,10)))),((4,18),12))),(16,((24,(21,(14,(6,7)))),3))));

STEP 78 [Heur. uSPR RF -> NNI_Substep_72] - Distance: 5.0000
(11,(1,(29,28)),(16,(((24,(21,(14,(6,7)))),3),(17,(((((((8,2),30),9),(25,22)),19),(((13,27),((20,5),26)),(23,(15,10)))),((4,18),12))))));

STEP 79 [Heur. uSPR RF -> NNI_Substep_73] - Distance: 5.0000
(11,(1,(29,28)),(16,(((24,(21,(14,(6,7)))),(17,(((((((8,2),30),9),(25,22)),19),(((13,27),((20,5),26)),(23,(15,10)))),((4,18),12)))),3)));

STEP 80 [Heur. uSPR RF -> NNI_Substep_74] - Distance: 4.0000
(11,(1,(29,28)),(16,((24,((21,(14,(6,7))),(17,(((((((8,2),30),9),(25,22)),19),(((13,27),((20,5),26)),(23,(15,10)))),((4,18),12))))),3)));

STEP 81 [Heur. uSPR RF -> NNI_Substep_75] - Distance: 4.0000
(11,1,((16,((24,((21,(14,(6,7))),(17,(((((((8,2),30),9),(25,22)),19),(((13,27),((20,5),26)),(23,(15,10)))),((4,18),12))))),3)),(29,28)));

STEP 82 [Heur. uSPR RF -> NNI_Substep_76] - Distance: 4.0000
(11,1,(16,(((24,((21,(14,(6,7))),(17,(((((((8,2),30),9),(25,22)),19),(((13,27),((20,5),26)),(23,(15,10)))),((4,18),12))))),3),(29,28))));

STEP 83 [Heur. uSPR RF -> NNI_Substep_77] - Distance: 3.0000
(11,1,(16,(((24,((21,(14,(6,7))),(17,(((((((8,2),30),9),(25,22)),19),(((13,27),((20,5),26)),(23,(15,10)))),((4,18),12))))),(29,28)),3)));

STEP 84 [Heur. uSPR RF -> NNI_Substep_78] - Distance: 2.0000
(11,1,(16,(((24,(29,28)),((21,(14,(6,7))),(17,(((((((8,2),30),9),(25,22)),19),(((13,27),((20,5),26)),(23,(15,10)))),((4,18),12))))),3)));

STEP 85 [Heur. uSPR RF -> NNI_Substep_79] - Distance: 1.0000
(11,1,((16,((24,(29,28)),((21,(14,(6,7))),(17,(((((((8,2),30),9),(25,22)),19),(((13,27),((20,5),26)),(23,(15,10)))),((4,18),12)))))),3));

STEP 86 [Heur. uSPR RF -> NNI_Substep_80] - Distance: 0.0000
(11,(1,3),(16,((24,(29,28)),((21,(14,(6,7))),(17,(((((((8,2),30),9),(25,22)),19),(((13,27),((20,5),26)),(23,(15,10)))),((4,18),12)))))));

========================================================
[FINAL] Total Steps: 86 | Final Distance: 0.0000
========================================================
