========================================================
HEURISTIC TRAJECTORY: VND Incremental (MP)
========================================================
STEP 0 [START] - Distance: 313.0000
((2,((19,18),(28,(5,30)))),((9,((((10,14),(21,(27,(12,16)))),(23,11)),((3,(6,13)),(29,(20,4))))),((((8,17),(25,15)),(26,(22,1))),(7,24))));

STEP 1 [NNI_IncrementalHeuristic_MP -> NNI_Substep_1] - Distance: 294.0000
(((((8,17),(25,15)),(26,(22,1))),(7,24)),((9,((3,(6,13)),((((10,14),(21,(27,(12,16)))),(23,11)),(29,(20,4))))),(2,((19,18),(28,(5,30))))));

STEP 2 [NNI_IncrementalHeuristic_MP -> NNI_Substep_2] - Distance: 291.0000
(((((8,17),(25,15)),(26,(22,1))),(7,24)),(((2,((19,18),(28,(5,30)))),((3,(6,13)),((((10,14),(21,(27,(12,16)))),(23,11)),(29,(20,4))))),9));

STEP 3 [NNI_IncrementalHeuristic_MP -> NNI_Substep_3] - Distance: 279.0000
(((((8,17),(25,15)),(26,(22,1))),(7,24)),(((3,(6,13)),((2,((19,18),(28,(5,30)))),((((10,14),(21,(27,(12,16)))),(23,11)),(29,(20,4))))),9));

STEP 4 [NNI_IncrementalHeuristic_MP -> NNI_Substep_4] - Distance: 277.0000
(((26,(((8,17),(25,15)),(22,1))),(7,24)),(((3,(6,13)),((2,((19,18),(28,(5,30)))),((((10,14),(21,(27,(12,16)))),(23,11)),(29,(20,4))))),9));

STEP 5 [NNI_IncrementalHeuristic_MP -> NNI_Substep_5] - Distance: 276.0000
((((7,24),(((8,17),(25,15)),(22,1))),26),(((3,(6,13)),((2,((19,18),(28,(5,30)))),((((10,14),(21,(27,(12,16)))),(23,11)),(29,(20,4))))),9));

STEP 6 [NNI_IncrementalHeuristic_MP -> NNI_Substep_6] - Distance: 275.0000
((((7,24),(((22,1),(25,15)),(8,17))),26),(((3,(6,13)),((2,((19,18),(28,(5,30)))),((((10,14),(21,(27,(12,16)))),(23,11)),(29,(20,4))))),9));

STEP 7 [NNI_IncrementalHeuristic_MP -> NNI_Substep_7] - Distance: 273.0000
((((7,24),(8,(((22,1),(25,15)),17))),26),(((3,(6,13)),((2,((19,18),(28,(5,30)))),((((10,14),(21,(27,(12,16)))),(23,11)),(29,(20,4))))),9));

STEP 8 [NNI_IncrementalHeuristic_MP -> NNI_Substep_8] - Distance: 272.0000
(((8,((7,24),(((22,1),(25,15)),17))),26),(((3,(6,13)),((2,((19,18),(28,(5,30)))),((((10,14),(21,(27,(12,16)))),(23,11)),(29,(20,4))))),9));

STEP 9 [NNI_IncrementalHeuristic_MP -> NNI_Substep_9] - Distance: 271.0000
(((8,((7,24),(((22,1),(25,15)),17))),26),((9,((2,((19,18),(28,(5,30)))),((((10,14),(21,(27,(12,16)))),(23,11)),(29,(20,4))))),(3,(6,13))));

STEP 10 [NNI_IncrementalHeuristic_MP -> NNI_Substep_10] - Distance: 260.0000
((3,(6,13)),((9,(((19,18),(2,(28,(5,30)))),((((10,14),(21,(27,(12,16)))),(23,11)),(29,(20,4))))),((8,((7,24),(((22,1),(25,15)),17))),26)));

STEP 11 [NNI_IncrementalHeuristic_MP -> NNI_Substep_11] - Distance: 259.0000
((3,(6,13)),((9,((((((10,14),(21,(27,(12,16)))),(23,11)),(29,(20,4))),(2,(28,(5,30)))),(19,18))),((8,((7,24),(((22,1),(25,15)),17))),26)));

STEP 12 [NNI_IncrementalHeuristic_MP -> NNI_Substep_12] - Distance: 258.0000
((3,(6,13)),(((19,18),((((((10,14),(21,(27,(12,16)))),(23,11)),(29,(20,4))),(2,(28,(5,30)))),9)),((8,((7,24),(((22,1),(25,15)),17))),26)));

STEP 13 [NNI_IncrementalHeuristic_MP -> NNI_Substep_13] - Distance: 255.0000
((3,(6,13)),(((19,18),((8,((7,24),(((22,1),(25,15)),17))),26)),((((((10,14),(21,(27,(12,16)))),(23,11)),(29,(20,4))),(2,(28,(5,30)))),9)));

STEP 14 [NNI_IncrementalHeuristic_MP -> NNI_Substep_14] - Distance: 254.0000
((3,(6,13)),((26,((8,((7,24),(((22,1),(25,15)),17))),(19,18))),((((((10,14),(21,(27,(12,16)))),(23,11)),(29,(20,4))),(2,(28,(5,30)))),9)));

STEP 15 [NNI_IncrementalHeuristic_MP -> NNI_Substep_15] - Distance: 253.0000
((3,(6,13)),((26,(((19,18),((7,24),(((22,1),(25,15)),17))),8)),((((((10,14),(21,(27,(12,16)))),(23,11)),(29,(20,4))),(2,(28,(5,30)))),9)));

STEP 16 [NNI_IncrementalHeuristic_MP -> NNI_Substep_16] - Distance: 252.0000
((3,(6,13)),((26,(((7,24),((19,18),(((22,1),(25,15)),17))),8)),((((((10,14),(21,(27,(12,16)))),(23,11)),(29,(20,4))),(2,(28,(5,30)))),9)));

STEP 17 [NNI_IncrementalHeuristic_MP -> NNI_Substep_17] - Distance: 250.0000
((3,(6,13)),((26,(((7,24),(((22,1),(25,15)),((19,18),17))),8)),((((((10,14),(21,(27,(12,16)))),(23,11)),(29,(20,4))),(2,(28,(5,30)))),9)));

STEP 18 [NNI_IncrementalHeuristic_MP -> NNI_Substep_18] - Distance: 249.0000
((3,(6,13)),((26,(((7,24),(((22,1),(25,15)),((19,18),17))),8)),(((29,((((10,14),(21,(27,(12,16)))),(23,11)),(20,4))),(2,(28,(5,30)))),9)));

STEP 19 [NNI_IncrementalHeuristic_MP -> NNI_Substep_19] - Distance: 247.0000
((3,(6,13)),((26,(((7,24),(((22,1),(25,15)),((19,18),17))),8)),((((2,(28,(5,30))),((((10,14),(21,(27,(12,16)))),(23,11)),(20,4))),29),9)));

STEP 20 [NNI_IncrementalHeuristic_MP -> NNI_Substep_20] - Distance: 245.0000
((3,(6,13)),((26,(((7,24),(((22,1),(25,15)),((19,18),17))),8)),((((((((10,14),(21,(27,(12,16)))),(23,11)),(20,4)),(28,(5,30))),2),29),9)));

STEP 21 [NNI_IncrementalHeuristic_MP -> NNI_Substep_21] - Distance: 243.0000
((3,(6,13)),((26,(((7,24),(((22,1),(25,15)),((19,18),17))),8)),(((((5,30),(28,((((10,14),(21,(27,(12,16)))),(23,11)),(20,4)))),2),29),9)));

STEP 22 [NNI_IncrementalHeuristic_MP -> NNI_Substep_22] - Distance: 242.0000
((3,(6,13)),((26,(((7,24),(((22,1),(25,15)),((19,18),17))),8)),(((((5,30),(28,((((10,14),(21,(27,(12,16)))),(23,11)),(20,4)))),2),9),29)));

STEP 23 [NNI_IncrementalHeuristic_MP -> NNI_Substep_23] - Distance: 241.0000
((3,(6,13)),((26,(((7,24),(((22,1),(25,15)),((19,18),17))),8)),((((2,(28,((((10,14),(21,(27,(12,16)))),(23,11)),(20,4)))),(5,30)),9),29)));

STEP 24 [NNI_IncrementalHeuristic_MP -> NNI_Substep_24] - Distance: 240.0000
((3,(6,13)),((26,(((7,24),(((22,1),(25,15)),((19,18),17))),8)),(((5,((2,(28,((((10,14),(21,(27,(12,16)))),(23,11)),(20,4)))),30)),9),29)));

STEP 25 [2sECR_IncrementalHeuristic_MP -> NNI_Substep_1] - Distance: 240.0000
((6,(3,13)),((26,(((7,24),(((22,1),(25,15)),((19,18),17))),8)),(((5,((2,(28,((((10,14),(21,(27,(12,16)))),(23,11)),(20,4)))),30)),9),29)));

STEP 26 [2sECR_IncrementalHeuristic_MP -> NNI_Substep_2] - Distance: 229.0000
((3,13),((6,(((5,((2,(28,((((10,14),(21,(27,(12,16)))),(23,11)),(20,4)))),30)),9),29)),(26,(((7,24),(((22,1),(25,15)),((19,18),17))),8))));

STEP 27 [2sECR_IncrementalHeuristic_MP -> NNI_Substep_3] - Distance: 228.0000
((3,13),((29,(6,((5,((2,(28,((((10,14),(21,(27,(12,16)))),(23,11)),(20,4)))),30)),9))),(26,(((7,24),(((22,1),(25,15)),((19,18),17))),8))));

STEP 28 [2sECR_IncrementalHeuristic_MP -> NNI_Substep_4] - Distance: 227.0000
((3,13),((29,(9,(6,(5,((2,(28,((((10,14),(21,(27,(12,16)))),(23,11)),(20,4)))),30))))),(26,(((7,24),(((22,1),(25,15)),((19,18),17))),8))));

STEP 29 [2sECR_IncrementalHeuristic_MP -> NNI_Substep_5] - Distance: 226.0000
((3,13),((29,(9,(5,(6,((2,(28,((((10,14),(21,(27,(12,16)))),(23,11)),(20,4)))),30))))),(26,(((7,24),(((22,1),(25,15)),((19,18),17))),8))));

STEP 30 [2sECR_IncrementalHeuristic_MP -> NNI_Substep_6] - Distance: 226.0000
((3,13),((29,(9,(5,(6,((2,(28,((11,(((10,14),(21,(27,(12,16)))),23)),(20,4)))),30))))),(26,(((7,24),(((22,1),(25,15)),((19,18),17))),8))));

STEP 31 [2sECR_IncrementalHeuristic_MP -> NNI_Substep_7] - Distance: 225.0000
((3,13),((29,(9,(5,(6,((2,(28,(((20,4),(((10,14),(21,(27,(12,16)))),23)),11))),30))))),(26,(((7,24),(((22,1),(25,15)),((19,18),17))),8))));

STEP 32 [2sECR_IncrementalHeuristic_MP -> NNI_Substep_8] - Distance: 224.0000
((3,13),((29,(9,(5,(6,((2,(11,(28,((20,4),(((10,14),(21,(27,(12,16)))),23))))),30))))),(26,(((7,24),(((22,1),(25,15)),((19,18),17))),8))));

STEP 33 [2sECR_IncrementalHeuristic_MP -> NNI_Substep_9] - Distance: 223.0000
((3,13),((29,(9,(5,(6,((11,(2,(28,((20,4),(((10,14),(21,(27,(12,16)))),23))))),30))))),(26,(((7,24),(((22,1),(25,15)),((19,18),17))),8))));

STEP 34 [2sECR_IncrementalHeuristic_MP -> NNI_Substep_10] - Distance: 223.0000
((3,13),((29,(9,(5,(6,((11,(2,(28,(20,((((10,14),(21,(27,(12,16)))),23),4))))),30))))),(26,(((7,24),(((22,1),(25,15)),((19,18),17))),8))));

STEP 35 [2sECR_IncrementalHeuristic_MP -> NNI_Substep_11] - Distance: 222.0000
((3,13),((29,(9,(5,(6,((11,(2,(20,(28,((((10,14),(21,(27,(12,16)))),23),4))))),30))))),(26,(((7,24),(((22,1),(25,15)),((19,18),17))),8))));

STEP 36 [2sECR_IncrementalHeuristic_MP -> NNI_Substep_12] - Distance: 219.0000
((3,13),((29,(9,(5,(6,((11,((2,20),(28,((((10,14),(21,(27,(12,16)))),23),4)))),30))))),(26,(((7,24),(((22,1),(25,15)),((19,18),17))),8))));

STEP 37 [2sECR_IncrementalHeuristic_MP -> NNI_Substep_13] - Distance: 219.0000
((3,13),((29,(9,(5,(30,(6,(11,((2,20),(28,((((10,14),(21,(27,(12,16)))),23),4))))))))),(26,(((7,24),(((22,1),(25,15)),((19,18),17))),8))));

STEP 38 [2sECR_IncrementalHeuristic_MP -> NNI_Substep_14] - Distance: 218.0000
((3,13),((29,(9,(5,(30,(11,(6,((2,20),(28,((((10,14),(21,(27,(12,16)))),23),4))))))))),(26,(((7,24),(((22,1),(25,15)),((19,18),17))),8))));

STEP 39 [2sECR_IncrementalHeuristic_MP -> NNI_Substep_15] - Distance: 216.0000
((3,13),((29,(9,(5,(30,(11,((6,(28,((((10,14),(21,(27,(12,16)))),23),4))),(2,20))))))),(26,(((7,24),(((22,1),(25,15)),((19,18),17))),8))));

STEP 40 [2sECR_IncrementalHeuristic_MP -> NNI_Substep_16] - Distance: 216.0000
((3,13),((29,(9,(30,(5,(11,((6,(28,((((10,14),(21,(27,(12,16)))),23),4))),(2,20))))))),(26,(((7,24),(((22,1),(25,15)),((19,18),17))),8))));

STEP 41 [2sECR_IncrementalHeuristic_MP -> NNI_Substep_17] - Distance: 215.0000
((3,13),((29,(9,(30,(11,(5,((6,(28,((((10,14),(21,(27,(12,16)))),23),4))),(2,20))))))),(26,(((7,24),(((22,1),(25,15)),((19,18),17))),8))));

STEP 42 [2sECR_IncrementalHeuristic_MP -> NNI_Substep_18] - Distance: 215.0000
((3,13),((29,(30,(9,(11,(5,((6,(28,((((10,14),(21,(27,(12,16)))),23),4))),(2,20))))))),(26,(((7,24),(((22,1),(25,15)),((19,18),17))),8))));

STEP 43 [2sECR_IncrementalHeuristic_MP -> NNI_Substep_19] - Distance: 214.0000
((3,13),((29,(30,(11,(9,(5,((6,(28,((((10,14),(21,(27,(12,16)))),23),4))),(2,20))))))),(26,(((7,24),(((22,1),(25,15)),((19,18),17))),8))));

STEP 44 [2sECR_IncrementalHeuristic_MP -> NNI_Substep_20] - Distance: 214.0000
((3,13),((30,(29,(11,(9,(5,((6,(28,((((10,14),(21,(27,(12,16)))),23),4))),(2,20))))))),(26,(((7,24),(((22,1),(25,15)),((19,18),17))),8))));

STEP 45 [2sECR_IncrementalHeuristic_MP -> NNI_Substep_21] - Distance: 205.0000
((3,13),((29,(11,(9,(5,((6,(28,((((10,14),(21,(27,(12,16)))),23),4))),(2,20)))))),((26,(((7,24),(((22,1),(25,15)),((19,18),17))),8)),30)));

STEP 46 [2sECR_IncrementalHeuristic_MP -> NNI_Substep_22] - Distance: 198.0000
((3,13),((29,(11,(9,(5,((6,(28,((((10,14),(21,(27,(12,16)))),23),4))),(2,20)))))),((((7,24),(((22,1),(25,15)),((19,18),17))),8),(30,26))));

STEP 47 [3sECR_IncrementalHeuristic_MP -> NNI_Substep_1] - Distance: 198.0000
((3,13),((29,(11,(9,(5,((6,(28,(4,((23,(21,(27,(12,16)))),(10,14))))),(2,20)))))),((((7,24),(((22,1),(25,15)),((19,18),17))),8),(30,26))));

STEP 48 [3sECR_IncrementalHeuristic_MP -> NNI_Substep_2] - Distance: 198.0000
((3,13),((29,(11,(9,(5,((6,(28,((4,(23,(21,(27,(12,16))))),(10,14)))),(2,20)))))),((((7,24),(((22,1),(25,15)),((19,18),17))),8),(30,26))));

STEP 49 [3sECR_IncrementalHeuristic_MP -> NNI_Substep_3] - Distance: 197.0000
((3,13),((29,(11,(9,(5,((6,((28,(4,(23,(21,(27,(12,16)))))),(10,14))),(2,20)))))),((((7,24),(((22,1),(25,15)),((19,18),17))),8),(30,26))));

STEP 50 [3sECR_IncrementalHeuristic_MP -> NNI_Substep_4] - Distance: 197.0000
((3,13),((29,(11,(9,(5,((6,((28,(4,(23,(21,(27,(12,16)))))),(10,14))),(2,20)))))),((((7,24),(((19,18),17),(((22,1),25),15))),8),(30,26))));

STEP 51 [3sECR_IncrementalHeuristic_MP -> NNI_Substep_5] - Distance: 197.0000
((3,13),((29,(11,(9,(5,((6,((28,(4,(23,(21,(27,(12,16)))))),(10,14))),(2,20)))))),((((7,24),((((19,18),17),((22,1),25)),15)),8),(30,26))));

STEP 52 [3sECR_IncrementalHeuristic_MP -> NNI_Substep_6] - Distance: 196.0000
((3,13),((29,(11,(9,(5,((6,((28,(4,(23,(21,(27,(12,16)))))),(10,14))),(2,20)))))),(((((7,24),(((19,18),17),((22,1),25))),15),8),(30,26))));

STEP 53 [3sECR_IncrementalHeuristic_MP -> NNI_Substep_7] - Distance: 191.0000
((3,13),((29,(11,(9,(5,((6,((28,(4,(23,(21,(27,(12,16)))))),(10,14))),(2,20)))))),(((8,15),((7,24),(((19,18),17),((22,1),25)))),(30,26))));

STEP 54 [Heur. rSPR MP -> NNI_Substep_1] - Distance: 191.0000
((3,13),((29,(11,(9,(5,((6,((28,(4,(23,(21,(27,(12,16)))))),(10,14))),(2,20)))))),(((8,15),((24,(((19,18),17),((22,1),25))),7)),(30,26))));

STEP 55 [Heur. rSPR MP -> NNI_Substep_2] - Distance: 191.0000
((3,13),((29,(11,(9,(5,((6,((28,(4,(23,(21,(27,(12,16)))))),(10,14))),(2,20)))))),((((8,15),(24,(((19,18),17),((22,1),25)))),7),(30,26))));

STEP 56 [Heur. rSPR MP -> NNI_Substep_3] - Distance: 191.0000
((3,13),((29,(11,(9,(5,((6,((28,(4,(23,(21,(27,(12,16)))))),(10,14))),(2,20)))))),((((8,15),(24,(((19,18),17),((22,1),25)))),(30,26)),7)));

STEP 57 [Heur. rSPR MP -> NNI_Substep_4] - Distance: 190.0000
((3,13),(((29,(11,(9,(5,((6,((28,(4,(23,(21,(27,(12,16)))))),(10,14))),(2,20)))))),(((8,15),(24,(((19,18),17),((22,1),25)))),(30,26))),7));

STEP 58 [Heur. rSPR MP -> NNI_Substep_5] - Distance: 163.0000
((3,(13,7)),((29,(11,(9,(5,((6,((28,(4,(23,(21,(27,(12,16)))))),(10,14))),(2,20)))))),(((8,15),(24,(((19,18),17),((22,1),25)))),(30,26))));

STEP 59 [Heur. rSPR MP -> NNI_Substep_6] - Distance: 163.0000
((3,(13,7)),((29,(11,(9,(5,((6,(((28,(4,(23,(21,(27,(12,16)))))),10),14)),(2,20)))))),(((8,15),(24,(((19,18),17),((22,1),25)))),(30,26))));

STEP 60 [Heur. rSPR MP -> NNI_Substep_7] - Distance: 163.0000
((3,(13,7)),((29,(11,(9,(5,(((6,((28,(4,(23,(21,(27,(12,16)))))),10)),14),(2,20)))))),(((8,15),(24,(((19,18),17),((22,1),25)))),(30,26))));

STEP 61 [Heur. rSPR MP -> NNI_Substep_8] - Distance: 163.0000
((3,(13,7)),((29,(11,(9,(5,(((6,((28,(4,(23,(21,(27,(12,16)))))),10)),(2,20)),14))))),(((8,15),(24,(((19,18),17),((22,1),25)))),(30,26))));

STEP 62 [Heur. rSPR MP -> NNI_Substep_9] - Distance: 163.0000
((3,(13,7)),((29,(11,(9,((5,((6,((28,(4,(23,(21,(27,(12,16)))))),10)),(2,20))),14)))),(((8,15),(24,(((19,18),17),((22,1),25)))),(30,26))));

STEP 63 [Heur. rSPR MP -> NNI_Substep_10] - Distance: 163.0000
((3,(13,7)),((29,(11,((9,(5,((6,((28,(4,(23,(21,(27,(12,16)))))),10)),(2,20)))),14))),(((8,15),(24,(((19,18),17),((22,1),25)))),(30,26))));

STEP 64 [Heur. rSPR MP -> NNI_Substep_11] - Distance: 163.0000
((3,(13,7)),((29,((11,(9,(5,((6,((28,(4,(23,(21,(27,(12,16)))))),10)),(2,20))))),14)),(((8,15),(24,(((19,18),17),((22,1),25)))),(30,26))));

STEP 65 [Heur. rSPR MP -> NNI_Substep_12] - Distance: 163.0000
((3,(13,7)),(((29,(11,(9,(5,((6,((28,(4,(23,(21,(27,(12,16)))))),10)),(2,20)))))),14),(((8,15),(24,(((19,18),17),((22,1),25)))),(30,26))));

STEP 66 [Heur. rSPR MP -> NNI_Substep_13] - Distance: 163.0000
((3,(13,7)),(((29,(11,(9,(5,((6,((28,(4,(23,(21,(27,(12,16)))))),10)),(2,20)))))),(((8,15),(24,(((19,18),17),((22,1),25)))),(30,26))),14));

STEP 67 [Heur. rSPR MP -> NNI_Substep_14] - Distance: 134.0000
((3,((13,7),14)),((29,(11,(9,(5,((6,((28,(4,(23,(21,(27,(12,16)))))),10)),(2,20)))))),(((8,15),(24,(((19,18),17),((22,1),25)))),(30,26))));

STEP 68 [Heur. rSPR MP -> NNI_Substep_15] - Distance: 134.0000
((3,((13,7),14)),((29,(11,(9,(5,((6,((28,(4,(23,(21,((27,12),16))))),10)),(2,20)))))),(((8,15),(24,(((19,18),17),((22,1),25)))),(30,26))));

STEP 69 [Heur. rSPR MP -> NNI_Substep_16] - Distance: 134.0000
((3,((13,7),14)),((29,(11,(9,(5,((6,((28,(4,(23,((21,(27,12)),16)))),10)),(2,20)))))),(((8,15),(24,(((19,18),17),((22,1),25)))),(30,26))));

STEP 70 [Heur. rSPR MP -> NNI_Substep_17] - Distance: 134.0000
((3,((13,7),14)),((29,(11,(9,(5,((6,((28,(4,((23,(21,(27,12))),16))),10)),(2,20)))))),(((8,15),(24,(((19,18),17),((22,1),25)))),(30,26))));

STEP 71 [Heur. rSPR MP -> NNI_Substep_18] - Distance: 135.0000
((3,((13,7),14)),((29,(11,(9,(5,((6,((28,((4,(23,(21,(27,12)))),16)),10)),(2,20)))))),(((8,15),(24,(((19,18),17),((22,1),25)))),(30,26))));

STEP 72 [Heur. rSPR MP -> NNI_Substep_19] - Distance: 135.0000
((3,((13,7),14)),((29,(11,(9,(5,((6,(((28,(4,(23,(21,(27,12))))),16),10)),(2,20)))))),(((8,15),(24,(((19,18),17),((22,1),25)))),(30,26))));

STEP 73 [Heur. rSPR MP -> NNI_Substep_20] - Distance: 135.0000
((3,((13,7),14)),((29,(11,(9,(5,((6,(((28,(4,(23,(21,(27,12))))),10),16)),(2,20)))))),(((8,15),(24,(((19,18),17),((22,1),25)))),(30,26))));

STEP 74 [Heur. rSPR MP -> NNI_Substep_21] - Distance: 135.0000
((3,((13,7),14)),((29,(11,(9,(5,(((6,((28,(4,(23,(21,(27,12))))),10)),16),(2,20)))))),(((8,15),(24,(((19,18),17),((22,1),25)))),(30,26))));

STEP 75 [Heur. rSPR MP -> NNI_Substep_22] - Distance: 135.0000
((3,((13,7),14)),((29,(11,(9,(5,(((6,((28,(4,(23,(21,(27,12))))),10)),(2,20)),16))))),(((8,15),(24,(((19,18),17),((22,1),25)))),(30,26))));

STEP 76 [Heur. rSPR MP -> NNI_Substep_23] - Distance: 135.0000
((3,((13,7),14)),((29,(11,(9,((5,((6,((28,(4,(23,(21,(27,12))))),10)),(2,20))),16)))),(((8,15),(24,(((19,18),17),((22,1),25)))),(30,26))));

STEP 77 [Heur. rSPR MP -> NNI_Substep_24] - Distance: 135.0000
((3,((13,7),14)),((29,(11,((9,(5,((6,((28,(4,(23,(21,(27,12))))),10)),(2,20)))),16))),(((8,15),(24,(((19,18),17),((22,1),25)))),(30,26))));

STEP 78 [Heur. rSPR MP -> NNI_Substep_25] - Distance: 135.0000
((3,((13,7),14)),((29,((11,(9,(5,((6,((28,(4,(23,(21,(27,12))))),10)),(2,20))))),16)),(((8,15),(24,(((19,18),17),((22,1),25)))),(30,26))));

STEP 79 [Heur. rSPR MP -> NNI_Substep_26] - Distance: 135.0000
((3,((13,7),14)),(((29,(11,(9,(5,((6,((28,(4,(23,(21,(27,12))))),10)),(2,20)))))),16),(((8,15),(24,(((19,18),17),((22,1),25)))),(30,26))));

STEP 80 [Heur. rSPR MP -> NNI_Substep_27] - Distance: 135.0000
((3,((13,7),14)),(((29,(11,(9,(5,((6,((28,(4,(23,(21,(27,12))))),10)),(2,20)))))),(((8,15),(24,(((19,18),17),((22,1),25)))),(30,26))),16));

STEP 81 [Heur. rSPR MP -> NNI_Substep_28] - Distance: 124.0000
((3,((13,7),14)),((29,(11,(9,(5,((6,((28,(4,(23,(21,(27,12))))),10)),(2,20)))))),((((8,15),(24,(((19,18),17),((22,1),25)))),(30,26)),16)));

STEP 82 [Heur. rSPR MP -> NNI_Substep_29] - Distance: 117.0000
((3,((13,7),14)),((29,(11,(9,(5,((6,((28,(4,(23,(21,(27,12))))),10)),(2,20)))))),(((8,15),(24,(((19,18),17),((22,1),25)))),((30,26),16))));

STEP 83 [Heur. rSPR MP -> NNI_Substep_30] - Distance: 118.0000
((3,((13,7),14)),((29,(11,(9,(5,((6,((28,((4,(21,(27,12))),23)),10)),(2,20)))))),(((8,15),(24,(((19,18),17),((22,1),25)))),((30,26),16))));

STEP 84 [Heur. rSPR MP -> NNI_Substep_31] - Distance: 118.0000
((3,((13,7),14)),((29,(11,(9,(5,((6,(((28,(4,(21,(27,12)))),23),10)),(2,20)))))),(((8,15),(24,(((19,18),17),((22,1),25)))),((30,26),16))));

STEP 85 [Heur. rSPR MP -> NNI_Substep_32] - Distance: 118.0000
((3,((13,7),14)),((29,(11,(9,(5,((6,(((28,(4,(21,(27,12)))),10),23)),(2,20)))))),(((8,15),(24,(((19,18),17),((22,1),25)))),((30,26),16))));

STEP 86 [Heur. rSPR MP -> NNI_Substep_33] - Distance: 118.0000
((3,((13,7),14)),((29,(11,(9,(5,(((6,((28,(4,(21,(27,12)))),10)),23),(2,20)))))),(((8,15),(24,(((19,18),17),((22,1),25)))),((30,26),16))));

STEP 87 [Heur. rSPR MP -> NNI_Substep_34] - Distance: 118.0000
((3,((13,7),14)),((29,(11,(9,(5,(((6,((28,(4,(21,(27,12)))),10)),(2,20)),23))))),(((8,15),(24,(((19,18),17),((22,1),25)))),((30,26),16))));

STEP 88 [Heur. rSPR MP -> NNI_Substep_35] - Distance: 118.0000
((3,((13,7),14)),((29,(11,(9,((5,((6,((28,(4,(21,(27,12)))),10)),(2,20))),23)))),(((8,15),(24,(((19,18),17),((22,1),25)))),((30,26),16))));

STEP 89 [Heur. rSPR MP -> NNI_Substep_36] - Distance: 118.0000
((3,((13,7),14)),((29,(11,((9,(5,((6,((28,(4,(21,(27,12)))),10)),(2,20)))),23))),(((8,15),(24,(((19,18),17),((22,1),25)))),((30,26),16))));

STEP 90 [Heur. rSPR MP -> NNI_Substep_37] - Distance: 118.0000
((3,((13,7),14)),((29,((11,(9,(5,((6,((28,(4,(21,(27,12)))),10)),(2,20))))),23)),(((8,15),(24,(((19,18),17),((22,1),25)))),((30,26),16))));

STEP 91 [Heur. rSPR MP -> NNI_Substep_38] - Distance: 118.0000
((3,((13,7),14)),(((29,(11,(9,(5,((6,((28,(4,(21,(27,12)))),10)),(2,20)))))),23),(((8,15),(24,(((19,18),17),((22,1),25)))),((30,26),16))));

STEP 92 [Heur. rSPR MP -> NNI_Substep_39] - Distance: 119.0000
((3,((13,7),14)),(((29,(11,(9,(5,((6,((28,(4,(21,(27,12)))),10)),(2,20)))))),(((8,15),(24,(((19,18),17),((22,1),25)))),((30,26),16))),23));

STEP 93 [Heur. rSPR MP -> NNI_Substep_40] - Distance: 108.0000
((3,((13,7),14)),((29,(11,(9,(5,((6,((28,(4,(21,(27,12)))),10)),(2,20)))))),((((8,15),(24,(((19,18),17),((22,1),25)))),((30,26),16)),23)));

STEP 94 [Heur. rSPR MP -> NNI_Substep_41] - Distance: 105.0000
((3,((13,7),14)),((29,(11,(9,(5,((6,((28,(4,(21,(27,12)))),10)),(2,20)))))),((((8,15),(24,(((19,18),17),((22,1),25)))),23),((30,26),16))));

STEP 95 [Heur. rSPR MP -> NNI_Substep_42] - Distance: 103.0000
((3,((13,7),14)),((29,(11,(9,(5,((6,((28,(4,(21,(27,12)))),10)),(2,20)))))),(((8,15),((24,(((19,18),17),((22,1),25))),23)),((30,26),16))));

STEP 96 [Heur. rSPR MP -> NNI_Substep_43] - Distance: 102.0000
((3,((13,7),14)),((29,(11,(9,(5,((6,((28,(4,(21,(27,12)))),10)),(2,20)))))),(((8,15),(24,((((19,18),17),((22,1),25)),23))),((30,26),16))));

STEP 97 [Heur. rSPR MP -> NNI_Substep_44] - Distance: 100.0000
((3,((13,7),14)),((29,(11,(9,(5,((6,((28,(4,(21,(27,12)))),10)),(2,20)))))),(((8,15),(24,(((19,18),17),(((22,1),25),23)))),((30,26),16))));

STEP 98 [Heur. rSPR MP -> NNI_Substep_45] - Distance: 99.0000
((3,((13,7),14)),((29,(11,(9,(5,((6,((28,(4,(21,(27,12)))),10)),(2,20)))))),(((8,15),(24,(((19,18),17),(((22,1),23),25)))),((30,26),16))));

STEP 99 [Heur. rSPR MP -> NNI_Substep_46] - Distance: 99.0000
((3,((13,7),14)),((29,(11,(9,(5,((6,((28,(4,(21,(27,12)))),10)),(2,20)))))),(((8,15),(24,(((19,17),18),(((22,1),23),25)))),((30,26),16))));

STEP 100 [Heur. rSPR MP -> NNI_Substep_47] - Distance: 99.0000
((3,((13,7),14)),((29,(11,(9,(5,((6,((28,(4,(21,(27,12)))),10)),(2,20)))))),(((8,15),(24,(((19,17),(((22,1),23),25)),18))),((30,26),16))));

STEP 101 [Heur. rSPR MP -> NNI_Substep_48] - Distance: 99.0000
((3,((13,7),14)),((29,(11,(9,(5,((6,((28,(4,(21,(27,12)))),10)),(2,20)))))),(((8,15),((24,((19,17),(((22,1),23),25))),18)),((30,26),16))));

STEP 102 [Heur. rSPR MP -> NNI_Substep_49] - Distance: 99.0000
((3,((13,7),14)),((29,(11,(9,(5,((6,((28,(4,(21,(27,12)))),10)),(2,20)))))),((((8,15),(24,((19,17),(((22,1),23),25)))),18),((30,26),16))));

STEP 103 [Heur. rSPR MP -> NNI_Substep_50] - Distance: 99.0000
((3,((13,7),14)),((29,(11,(9,(5,((6,((28,(4,(21,(27,12)))),10)),(2,20)))))),((((8,15),(24,((19,17),(((22,1),23),25)))),((30,26),16)),18)));

STEP 104 [Heur. rSPR MP -> NNI_Substep_51] - Distance: 100.0000
((3,((13,7),14)),(((29,(11,(9,(5,((6,((28,(4,(21,(27,12)))),10)),(2,20)))))),(((8,15),(24,((19,17),(((22,1),23),25)))),((30,26),16))),18));

STEP 105 [Heur. rSPR MP -> NNI_Substep_52] - Distance: 89.0000
((3,((13,7),14)),(((29,(11,(9,(5,((6,((28,(4,(21,(27,12)))),10)),(2,20)))))),18),(((8,15),(24,((19,17),(((22,1),23),25)))),((30,26),16))));

STEP 106 [Heur. rSPR MP -> NNI_Substep_53] - Distance: 88.0000
((3,((13,7),14)),((29,((11,(9,(5,((6,((28,(4,(21,(27,12)))),10)),(2,20))))),18)),(((8,15),(24,((19,17),(((22,1),23),25)))),((30,26),16))));

STEP 107 [Heur. rSPR MP -> NNI_Substep_54] - Distance: 80.0000
((3,((13,7),14)),((29,((11,18),(9,(5,((6,((28,(4,(21,(27,12)))),10)),(2,20)))))),(((8,15),(24,((19,17),(((22,1),23),25)))),((30,26),16))));

STEP 108 [Heur. rSPR MP -> NNI_Substep_55] - Distance: 80.0000
((3,((13,7),14)),((29,((11,18),(9,(5,((6,(((28,(21,(27,12))),4),10)),(2,20)))))),(((8,15),(24,((19,17),(((22,1),23),25)))),((30,26),16))));

STEP 109 [Heur. rSPR MP -> NNI_Substep_56] - Distance: 80.0000
((3,((13,7),14)),((29,((11,18),(9,(5,((6,(((28,(21,(27,12))),10),4)),(2,20)))))),(((8,15),(24,((19,17),(((22,1),23),25)))),((30,26),16))));

STEP 110 [Heur. rSPR MP -> NNI_Substep_57] - Distance: 80.0000
((3,((13,7),14)),((29,((11,18),(9,(5,(((6,((28,(21,(27,12))),10)),4),(2,20)))))),(((8,15),(24,((19,17),(((22,1),23),25)))),((30,26),16))));

STEP 111 [Heur. rSPR MP -> NNI_Substep_58] - Distance: 80.0000
((3,((13,7),14)),((29,((11,18),(9,(5,(((6,((28,(21,(27,12))),10)),(2,20)),4))))),(((8,15),(24,((19,17),(((22,1),23),25)))),((30,26),16))));

STEP 112 [Heur. rSPR MP -> NNI_Substep_59] - Distance: 80.0000
((3,((13,7),14)),((29,((11,18),(9,((5,((6,((28,(21,(27,12))),10)),(2,20))),4)))),(((8,15),(24,((19,17),(((22,1),23),25)))),((30,26),16))));

STEP 113 [Heur. rSPR MP -> NNI_Substep_60] - Distance: 80.0000
((3,((13,7),14)),((29,((11,18),((9,(5,((6,((28,(21,(27,12))),10)),(2,20)))),4))),(((8,15),(24,((19,17),(((22,1),23),25)))),((30,26),16))));

STEP 114 [Heur. rSPR MP -> NNI_Substep_61] - Distance: 80.0000
((3,((13,7),14)),((29,(((11,18),(9,(5,((6,((28,(21,(27,12))),10)),(2,20))))),4)),(((8,15),(24,((19,17),(((22,1),23),25)))),((30,26),16))));

STEP 115 [Heur. rSPR MP -> NNI_Substep_62] - Distance: 80.0000
((3,((13,7),14)),(((29,((11,18),(9,(5,((6,((28,(21,(27,12))),10)),(2,20)))))),4),(((8,15),(24,((19,17),(((22,1),23),25)))),((30,26),16))));

STEP 116 [Heur. rSPR MP -> NNI_Substep_63] - Distance: 70.0000
((3,((13,7),14)),(((29,((11,18),(9,(5,((6,((28,(21,(27,12))),10)),(2,20)))))),(((8,15),(24,((19,17),(((22,1),23),25)))),((30,26),16))),4));

STEP 117 [Heur. rSPR MP -> NNI_Substep_64] - Distance: 59.0000
((3,((13,7),14)),((29,((11,18),(9,(5,((6,((28,(21,(27,12))),10)),(2,20)))))),((((8,15),(24,((19,17),(((22,1),23),25)))),((30,26),16)),4)));

STEP 118 [Heur. rSPR MP -> NNI_Substep_65] - Distance: 59.0000
((3,((13,7),14)),((29,((11,18),(9,(5,((6,((28,((21,12),27)),10)),(2,20)))))),((((8,15),(24,((19,17),(((22,1),23),25)))),((30,26),16)),4)));

STEP 119 [Heur. rSPR MP -> NNI_Substep_66] - Distance: 59.0000
((3,((13,7),14)),((29,((11,18),(9,(5,((6,(((28,(21,12)),27),10)),(2,20)))))),((((8,15),(24,((19,17),(((22,1),23),25)))),((30,26),16)),4)));

STEP 120 [Heur. rSPR MP -> NNI_Substep_67] - Distance: 59.0000
((3,((13,7),14)),((29,((11,18),(9,(5,((6,(((28,(21,12)),10),27)),(2,20)))))),((((8,15),(24,((19,17),(((22,1),23),25)))),((30,26),16)),4)));

STEP 121 [Heur. rSPR MP -> NNI_Substep_68] - Distance: 59.0000
((3,((13,7),14)),((29,((11,18),(9,(5,(((6,((28,(21,12)),10)),27),(2,20)))))),((((8,15),(24,((19,17),(((22,1),23),25)))),((30,26),16)),4)));

STEP 122 [Heur. rSPR MP -> NNI_Substep_69] - Distance: 59.0000
((3,((13,7),14)),((29,((11,18),(9,(5,(((6,((28,(21,12)),10)),(2,20)),27))))),((((8,15),(24,((19,17),(((22,1),23),25)))),((30,26),16)),4)));

STEP 123 [Heur. rSPR MP -> NNI_Substep_70] - Distance: 59.0000
((3,((13,7),14)),((29,((11,18),(9,((5,((6,((28,(21,12)),10)),(2,20))),27)))),((((8,15),(24,((19,17),(((22,1),23),25)))),((30,26),16)),4)));

STEP 124 [Heur. rSPR MP -> NNI_Substep_71] - Distance: 59.0000
((3,((13,7),14)),((29,((11,18),((9,(5,((6,((28,(21,12)),10)),(2,20)))),27))),((((8,15),(24,((19,17),(((22,1),23),25)))),((30,26),16)),4)));

STEP 125 [Heur. rSPR MP -> NNI_Substep_72] - Distance: 59.0000
((3,((13,7),14)),((29,(((11,18),(9,(5,((6,((28,(21,12)),10)),(2,20))))),27)),((((8,15),(24,((19,17),(((22,1),23),25)))),((30,26),16)),4)));

STEP 126 [Heur. rSPR MP -> NNI_Substep_73] - Distance: 59.0000
((3,((13,7),14)),(((29,((11,18),(9,(5,((6,((28,(21,12)),10)),(2,20)))))),27),((((8,15),(24,((19,17),(((22,1),23),25)))),((30,26),16)),4)));

STEP 127 [Heur. rSPR MP -> NNI_Substep_74] - Distance: 59.0000
((3,((13,7),14)),(((29,((11,18),(9,(5,((6,((28,(21,12)),10)),(2,20)))))),((((8,15),(24,((19,17),(((22,1),23),25)))),((30,26),16)),4)),27));

STEP 128 [Heur. rSPR MP -> NNI_Substep_75] - Distance: 47.0000
((3,((13,7),14)),((29,((11,18),(9,(5,((6,((28,(21,12)),10)),(2,20)))))),(((((8,15),(24,((19,17),(((22,1),23),25)))),((30,26),16)),4),27)));

STEP 129 [Heur. rSPR MP -> NNI_Substep_76] - Distance: 46.0000
((3,((13,7),14)),((29,((11,18),(9,(5,((6,((28,(21,12)),10)),(2,20)))))),(((((8,15),(24,((19,17),(((22,1),23),25)))),((30,26),16)),27),4)));

STEP 130 [Heur. rSPR MP -> NNI_Substep_77] - Distance: 43.0000
((3,((13,7),14)),((29,((11,18),(9,(5,((6,((28,(21,12)),10)),(2,20)))))),(((((8,15),(24,((19,17),(((22,1),23),25)))),27),((30,26),16)),4)));

STEP 131 [Heur. rSPR MP -> NNI_Substep_78] - Distance: 41.0000
((3,((13,7),14)),((29,((11,18),(9,(5,((6,((28,(21,12)),10)),(2,20)))))),((((8,15),((24,((19,17),(((22,1),23),25))),27)),((30,26),16)),4)));

STEP 132 [Heur. rSPR MP -> NNI_Substep_79] - Distance: 36.0000
((3,((13,7),14)),((29,((11,18),(9,(5,((6,((28,(21,12)),10)),(2,20)))))),((((8,15),((24,27),((19,17),(((22,1),23),25)))),((30,26),16)),4)));

STEP 133 [Heur. rSPR MP -> NNI_Substep_80] - Distance: 36.0000
((3,((13,7),14)),((29,((11,18),(9,(5,((6,((28,(21,12)),10)),(2,20)))))),((((8,15),((24,27),((19,17),(((22,23),1),25)))),((30,26),16)),4)));

STEP 134 [Heur. rSPR MP -> NNI_Substep_81] - Distance: 36.0000
((3,((13,7),14)),((29,((11,18),(9,(5,((6,((28,(21,12)),10)),(2,20)))))),((((8,15),((24,27),((19,17),(((22,23),25),1)))),((30,26),16)),4)));

STEP 135 [Heur. rSPR MP -> NNI_Substep_82] - Distance: 36.0000
((3,((13,7),14)),((29,((11,18),(9,(5,((6,((28,(21,12)),10)),(2,20)))))),((((8,15),((24,27),(((19,17),((22,23),25)),1))),((30,26),16)),4)));

STEP 136 [Heur. rSPR MP -> NNI_Substep_83] - Distance: 36.0000
((3,((13,7),14)),((29,((11,18),(9,(5,((6,((28,(21,12)),10)),(2,20)))))),((((8,15),(((24,27),((19,17),((22,23),25))),1)),((30,26),16)),4)));

STEP 137 [Heur. rSPR MP -> NNI_Substep_84] - Distance: 36.0000
((3,((13,7),14)),((29,((11,18),(9,(5,((6,((28,(21,12)),10)),(2,20)))))),(((((8,15),((24,27),((19,17),((22,23),25)))),1),((30,26),16)),4)));

STEP 138 [Heur. rSPR MP -> NNI_Substep_85] - Distance: 36.0000
((3,((13,7),14)),((29,((11,18),(9,(5,((6,((28,(21,12)),10)),(2,20)))))),(((((8,15),((24,27),((19,17),((22,23),25)))),((30,26),16)),1),4)));

STEP 139 [Heur. rSPR MP -> NNI_Substep_86] - Distance: 36.0000
((3,((13,7),14)),((29,((11,18),(9,(5,((6,((28,(21,12)),10)),(2,20)))))),(((((8,15),((24,27),((19,17),((22,23),25)))),((30,26),16)),4),1)));

STEP 140 [Heur. rSPR MP -> NNI_Substep_87] - Distance: 35.0000
((3,((13,7),14)),(((29,((11,18),(9,(5,((6,((28,(21,12)),10)),(2,20)))))),((((8,15),((24,27),((19,17),((22,23),25)))),((30,26),16)),4)),1));

STEP 141 [Heur. rSPR MP -> NNI_Substep_88] - Distance: 22.0000
((3,((13,7),14)),(((29,((11,18),(9,(5,((6,((28,(21,12)),10)),(2,20)))))),1),((((8,15),((24,27),((19,17),((22,23),25)))),((30,26),16)),4)));

STEP 142 [Heur. rSPR MP -> NNI_Substep_89] - Distance: 21.0000
((3,((13,7),14)),((29,(((11,18),(9,(5,((6,((28,(21,12)),10)),(2,20))))),1)),((((8,15),((24,27),((19,17),((22,23),25)))),((30,26),16)),4)));

STEP 143 [Heur. rSPR MP -> NNI_Substep_90] - Distance: 19.0000
((3,((13,7),14)),((29,((11,18),((9,(5,((6,((28,(21,12)),10)),(2,20)))),1))),((((8,15),((24,27),((19,17),((22,23),25)))),((30,26),16)),4)));

STEP 144 [Heur. rSPR MP -> NNI_Substep_91] - Distance: 12.0000
((3,((13,7),14)),((29,((11,18),((9,1),(5,((6,((28,(21,12)),10)),(2,20)))))),((((8,15),((24,27),((19,17),((22,23),25)))),((30,26),16)),4)));

STEP 145 [Heur. rSPR MP -> NNI_Substep_92] - Distance: 12.0000
((3,((13,7),14)),((29,((11,18),((9,1),(5,((6,(((28,12),21),10)),(2,20)))))),((((8,15),((24,27),((19,17),((22,23),25)))),((30,26),16)),4)));

STEP 146 [Heur. rSPR MP -> NNI_Substep_93] - Distance: 12.0000
((3,((13,7),14)),((29,((11,18),((9,1),(5,((6,(((28,12),10),21)),(2,20)))))),((((8,15),((24,27),((19,17),((22,23),25)))),((30,26),16)),4)));

STEP 147 [Heur. rSPR MP -> NNI_Substep_94] - Distance: 12.0000
((3,((13,7),14)),((29,((11,18),((9,1),(5,(((6,((28,12),10)),21),(2,20)))))),((((8,15),((24,27),((19,17),((22,23),25)))),((30,26),16)),4)));

STEP 148 [Heur. rSPR MP -> NNI_Substep_95] - Distance: 12.0000
((3,((13,7),14)),((29,((11,18),((9,1),(5,(((6,((28,12),10)),(2,20)),21))))),((((8,15),((24,27),((19,17),((22,23),25)))),((30,26),16)),4)));

STEP 149 [Heur. rSPR MP -> NNI_Substep_96] - Distance: 12.0000
((3,((13,7),14)),((29,((11,18),((9,1),((5,((6,((28,12),10)),(2,20))),21)))),((((8,15),((24,27),((19,17),((22,23),25)))),((30,26),16)),4)));

STEP 150 [Heur. rSPR MP -> NNI_Substep_97] - Distance: 12.0000
((3,((13,7),14)),((29,((11,18),(((9,1),(5,((6,((28,12),10)),(2,20)))),21))),((((8,15),((24,27),((19,17),((22,23),25)))),((30,26),16)),4)));

STEP 151 [Heur. rSPR MP -> NNI_Substep_98] - Distance: 11.0000
((3,((13,7),14)),((29,(((11,18),((9,1),(5,((6,((28,12),10)),(2,20))))),21)),((((8,15),((24,27),((19,17),((22,23),25)))),((30,26),16)),4)));

STEP 152 [Heur. rSPR MP -> NNI_Substep_99] - Distance: 11.0000
((3,((13,7),14)),(((29,((11,18),((9,1),(5,((6,((28,12),10)),(2,20)))))),21),((((8,15),((24,27),((19,17),((22,23),25)))),((30,26),16)),4)));

STEP 153 [Heur. rSPR MP -> NNI_Substep_100] - Distance: 0.0000
((3,((13,7),14)),(((29,21),((11,18),((9,1),(5,((6,((28,12),10)),(2,20)))))),((((8,15),((24,27),((19,17),((22,23),25)))),((30,26),16)),4)));

========================================================
[FINAL] Total Steps: 153 | Final Distance: 0.0000
========================================================
