========================================================
HEURISTIC TRAJECTORY: VND Incremental (MP)
========================================================
STEP 0 [START] - Distance: 308.0000
(((10,(24,(15,30))),(12,(21,(4,(28,11))))),((25,(17,(13,20))),(((9,((26,(23,14)),(16,5))),((2,6),(19,((27,1),(8,18))))),(7,(22,(29,3))))));

STEP 1 [NNI_IncrementalHeuristic_MP -> NNI_Substep_1] - Distance: 290.0000
((((9,((26,(23,14)),(16,5))),((2,6),(19,((27,1),(8,18))))),(7,(22,(29,3)))),((25,(17,(13,20))),(12,((10,(24,(15,30))),(21,(4,(28,11)))))));

STEP 2 [NNI_IncrementalHeuristic_MP -> NNI_Substep_2] - Distance: 288.0000
((((9,((26,(23,14)),(16,5))),((2,6),(19,((27,1),(8,18))))),(7,(22,(29,3)))),(12,((25,(17,(13,20))),((10,(24,(15,30))),(21,(4,(28,11)))))));

STEP 3 [NNI_IncrementalHeuristic_MP -> NNI_Substep_3] - Distance: 287.0000
((((2,6),((9,((26,(23,14)),(16,5))),(19,((27,1),(8,18))))),(7,(22,(29,3)))),(12,((25,(17,(13,20))),((10,(24,(15,30))),(21,(4,(28,11)))))));

STEP 4 [NNI_IncrementalHeuristic_MP -> NNI_Substep_4] - Distance: 285.0000
((((2,6),(7,(22,(29,3)))),((9,((26,(23,14)),(16,5))),(19,((27,1),(8,18))))),(12,((25,(17,(13,20))),((10,(24,(15,30))),(21,(4,(28,11)))))));

STEP 5 [NNI_IncrementalHeuristic_MP -> NNI_Substep_5] - Distance: 284.0000
(((((7,(22,(29,3))),6),2),((9,((26,(23,14)),(16,5))),(19,((27,1),(8,18))))),(12,((25,(17,(13,20))),((10,(24,(15,30))),(21,(4,(28,11)))))));

STEP 6 [NNI_IncrementalHeuristic_MP -> NNI_Substep_6] - Distance: 283.0000
(((((7,(22,(29,3))),6),2),((9,((26,(23,14)),(16,5))),(19,((27,1),(8,18))))),(12,((25,((10,(24,(15,30))),(21,(4,(28,11))))),(17,(13,20)))));

STEP 7 [NNI_IncrementalHeuristic_MP -> NNI_Substep_7] - Distance: 282.0000
(((((7,(22,(29,3))),6),2),((9,((26,(23,14)),(16,5))),(19,((27,1),(8,18))))),(12,(((10,(24,(15,30))),(25,(21,(4,(28,11))))),(17,(13,20)))));

STEP 8 [NNI_IncrementalHeuristic_MP -> NNI_Substep_8] - Distance: 281.0000
(((((7,(22,(29,3))),6),2),((9,((26,(23,14)),(16,5))),(19,((27,1),(8,18))))),(12,((((25,(21,(4,(28,11)))),(24,(15,30))),10),(17,(13,20)))));

STEP 9 [NNI_IncrementalHeuristic_MP -> NNI_Substep_9] - Distance: 276.0000
(((((7,(22,(29,3))),6),2),((9,((26,(23,14)),(16,5))),(19,((27,1),(8,18))))),(12,(((17,(13,20)),10),((25,(21,(4,(28,11)))),(24,(15,30))))));

STEP 10 [NNI_IncrementalHeuristic_MP -> NNI_Substep_10] - Distance: 275.0000
(((((7,(22,(29,3))),6),2),((9,((26,(23,14)),(16,5))),(19,((27,1),(8,18))))),(12,(((17,(13,20)),10),(((4,(28,11)),(21,25)),(24,(15,30))))));

STEP 11 [NNI_IncrementalHeuristic_MP -> NNI_Substep_11] - Distance: 274.0000
(((((7,(22,(29,3))),6),2),((9,((26,(23,14)),(16,5))),(19,((27,1),(8,18))))),(12,(((17,(13,20)),10),(24,(((4,(28,11)),(21,25)),(15,30))))));

STEP 12 [NNI_IncrementalHeuristic_MP -> NNI_Substep_12] - Distance: 272.0000
(((((7,(22,(29,3))),6),2),((9,((26,(23,14)),(16,5))),(19,((27,1),(8,18))))),(12,(((17,(13,20)),10),(24,(15,(((4,(28,11)),(21,25)),30))))));

STEP 13 [NNI_IncrementalHeuristic_MP -> NNI_Substep_13] - Distance: 271.0000
(((((7,(22,(29,3))),6),2),((9,((26,(23,14)),(16,5))),(19,((27,1),(8,18))))),(12,(((17,(13,20)),10),(24,(15,((30,(21,25)),(4,(28,11))))))));

STEP 14 [NNI_IncrementalHeuristic_MP -> NNI_Substep_14] - Distance: 270.0000
(((((7,(22,(29,3))),6),2),((9,((26,(23,14)),(16,5))),(19,((27,1),(8,18))))),(12,(((17,(13,20)),10),(24,(15,((21,(30,25)),(4,(28,11))))))));

STEP 15 [TBR_IncrementalHeuristic_MP -> NNI_Substep_1] - Distance: 270.0000
(((((7,(22,(29,3))),6),2),((9,((26,(23,14)),(16,5))),((19,(27,1)),(8,18)))),(12,(((17,(13,20)),10),(24,(15,((21,(30,25)),(4,(28,11))))))));

STEP 16 [TBR_IncrementalHeuristic_MP -> NNI_Substep_2] - Distance: 269.0000
(((((7,(22,(29,3))),6),2),(((9,((26,(23,14)),(16,5))),(19,(27,1))),(8,18))),(12,(((17,(13,20)),10),(24,(15,((21,(30,25)),(4,(28,11))))))));

STEP 17 [TBR_IncrementalHeuristic_MP -> NNI_Substep_3] - Distance: 267.0000
((((((7,(22,(29,3))),6),2),((9,((26,(23,14)),(16,5))),(19,(27,1)))),(8,18)),(12,(((17,(13,20)),10),(24,(15,((21,(30,25)),(4,(28,11))))))));

STEP 18 [TBR_IncrementalHeuristic_MP -> NNI_Substep_4] - Distance: 253.0000
(((((7,(22,(29,3))),6),2),((9,((26,(23,14)),(16,5))),(19,(27,1)))),((12,(8,18)),(((17,(13,20)),10),(24,(15,((21,(30,25)),(4,(28,11))))))));

STEP 19 [TBR_IncrementalHeuristic_MP -> NNI_Substep_5] - Distance: 253.0000
(((((7,(22,(29,3))),6),2),((9,(((23,14),(16,5)),26)),(19,(27,1)))),((12,(8,18)),(((17,(13,20)),10),(24,(15,((21,(30,25)),(4,(28,11))))))));

STEP 20 [TBR_IncrementalHeuristic_MP -> NNI_Substep_6] - Distance: 253.0000
(((((7,(22,(29,3))),6),2),(((9,((23,14),(16,5))),26),(19,(27,1)))),((12,(8,18)),(((17,(13,20)),10),(24,(15,((21,(30,25)),(4,(28,11))))))));

STEP 21 [TBR_IncrementalHeuristic_MP -> NNI_Substep_7] - Distance: 253.0000
(((((7,(22,(29,3))),6),2),(((9,((23,14),(16,5))),(19,(27,1))),26)),((12,(8,18)),(((17,(13,20)),10),(24,(15,((21,(30,25)),(4,(28,11))))))));

STEP 22 [TBR_IncrementalHeuristic_MP -> NNI_Substep_8] - Distance: 253.0000
((((((7,(22,(29,3))),6),2),((9,((23,14),(16,5))),(19,(27,1)))),26),((12,(8,18)),(((17,(13,20)),10),(24,(15,((21,(30,25)),(4,(28,11))))))));

STEP 23 [TBR_IncrementalHeuristic_MP -> NNI_Substep_9] - Distance: 240.0000
(((((7,(22,(29,3))),6),2),((9,((23,14),(16,5))),(19,(27,1)))),(((12,(8,18)),26),(((17,(13,20)),10),(24,(15,((21,(30,25)),(4,(28,11))))))));

STEP 24 [TBR_IncrementalHeuristic_MP -> NNI_Substep_10] - Distance: 239.0000
(((((7,(22,(29,3))),6),2),((9,((23,14),(16,5))),(19,(27,1)))),((12,((8,18),26)),(((17,(13,20)),10),(24,(15,((21,(30,25)),(4,(28,11))))))));

STEP 25 [TBR_IncrementalHeuristic_MP -> NNI_Substep_11] - Distance: 239.0000
(((((7,(22,(29,3))),6),2),((9,((23,14),(16,5))),((19,27),1))),((12,((8,18),26)),(((17,(13,20)),10),(24,(15,((21,(30,25)),(4,(28,11))))))));

STEP 26 [TBR_IncrementalHeuristic_MP -> NNI_Substep_12] - Distance: 238.0000
(((((7,(22,(29,3))),6),2),(((9,((23,14),(16,5))),(19,27)),1)),((12,((8,18),26)),(((17,(13,20)),10),(24,(15,((21,(30,25)),(4,(28,11))))))));

STEP 27 [TBR_IncrementalHeuristic_MP -> NNI_Substep_13] - Distance: 238.0000
((((((7,(22,(29,3))),6),2),((9,((23,14),(16,5))),(19,27))),1),((12,((8,18),26)),(((17,(13,20)),10),(24,(15,((21,(30,25)),(4,(28,11))))))));

STEP 28 [TBR_IncrementalHeuristic_MP -> NNI_Substep_14] - Distance: 230.0000
(((((7,(22,(29,3))),6),2),((9,((23,14),(16,5))),(19,27))),((12,((8,18),26)),((((17,(13,20)),10),(24,(15,((21,(30,25)),(4,(28,11)))))),1)));

STEP 29 [TBR_IncrementalHeuristic_MP -> NNI_Substep_15] - Distance: 228.0000
(((((7,(22,(29,3))),6),2),((9,((23,14),(16,5))),(19,27))),((12,((8,18),26)),(((17,(13,20)),10),((24,(15,((21,(30,25)),(4,(28,11))))),1))));

STEP 30 [TBR_IncrementalHeuristic_MP -> NNI_Substep_16] - Distance: 228.0000
(((((7,(22,(29,3))),6),2),((9,((23,14),(16,5))),(19,27))),((12,((8,18),26)),(((17,(13,20)),10),(24,((15,((21,(30,25)),(4,(28,11)))),1)))));

STEP 31 [TBR_IncrementalHeuristic_MP -> NNI_Substep_17] - Distance: 224.0000
(((((7,(22,(29,3))),6),2),((9,((23,14),(16,5))),(19,27))),((12,((8,18),26)),(((17,(13,20)),10),(24,((15,1),((21,(30,25)),(4,(28,11))))))));

STEP 32 [TBR_IncrementalHeuristic_MP -> NNI_Substep_18] - Distance: 224.0000
(((((7,(22,(29,3))),6),2),((9,((23,14),(16,5))),(19,27))),((12,((8,18),26)),((((13,20),10),17),(24,((15,1),((21,(30,25)),(4,(28,11))))))));

STEP 33 [TBR_IncrementalHeuristic_MP -> NNI_Substep_19] - Distance: 224.0000
(((((7,(22,(29,3))),6),2),((9,((23,14),(16,5))),(19,27))),((12,((8,18),26)),((((13,20),10),(24,((15,1),((21,(30,25)),(4,(28,11)))))),17)));

STEP 34 [TBR_IncrementalHeuristic_MP -> NNI_Substep_20] - Distance: 224.0000
(((((7,(22,(29,3))),6),2),((9,((23,14),(16,5))),(19,27))),(((12,((8,18),26)),(((13,20),10),(24,((15,1),((21,(30,25)),(4,(28,11))))))),17));

STEP 35 [TBR_IncrementalHeuristic_MP -> NNI_Substep_21] - Distance: 209.0000
((((((7,(22,(29,3))),6),2),17),((9,((23,14),(16,5))),(19,27))),((12,((8,18),26)),(((13,20),10),(24,((15,1),((21,(30,25)),(4,(28,11))))))));

STEP 36 [TBR_IncrementalHeuristic_MP -> NNI_Substep_22] - Distance: 208.0000
((((((7,(22,(29,3))),6),17),2),((9,((23,14),(16,5))),(19,27))),((12,((8,18),26)),(((13,20),10),(24,((15,1),((21,(30,25)),(4,(28,11))))))));

STEP 37 [TBR_IncrementalHeuristic_MP -> NNI_Substep_23] - Distance: 208.0000
((((((7,(22,(29,3))),6),17),2),((9,((23,(16,5)),14)),(19,27))),((12,((8,18),26)),(((13,20),10),(24,((15,1),((21,(30,25)),(4,(28,11))))))));

STEP 38 [TBR_IncrementalHeuristic_MP -> NNI_Substep_24] - Distance: 208.0000
((((((7,(22,(29,3))),6),17),2),(((9,(23,(16,5))),14),(19,27))),((12,((8,18),26)),(((13,20),10),(24,((15,1),((21,(30,25)),(4,(28,11))))))));

STEP 39 [TBR_IncrementalHeuristic_MP -> NNI_Substep_25] - Distance: 208.0000
((((((7,(22,(29,3))),6),17),2),(((9,(23,(16,5))),(19,27)),14)),((12,((8,18),26)),(((13,20),10),(24,((15,1),((21,(30,25)),(4,(28,11))))))));

STEP 40 [TBR_IncrementalHeuristic_MP -> NNI_Substep_26] - Distance: 207.0000
(((((((7,(22,(29,3))),6),17),2),((9,(23,(16,5))),(19,27))),14),((12,((8,18),26)),(((13,20),10),(24,((15,1),((21,(30,25)),(4,(28,11))))))));

STEP 41 [TBR_IncrementalHeuristic_MP -> NNI_Substep_27] - Distance: 197.0000
((((((7,(22,(29,3))),6),17),2),((9,(23,(16,5))),(19,27))),((12,((8,18),26)),((((13,20),10),(24,((15,1),((21,(30,25)),(4,(28,11)))))),14)));

STEP 42 [TBR_IncrementalHeuristic_MP -> NNI_Substep_28] - Distance: 195.0000
((((((7,(22,(29,3))),6),17),2),((9,(23,(16,5))),(19,27))),((12,((8,18),26)),(((13,20),10),((24,((15,1),((21,(30,25)),(4,(28,11))))),14))));

STEP 43 [TBR_IncrementalHeuristic_MP -> NNI_Substep_29] - Distance: 195.0000
((((((7,(22,(29,3))),6),17),2),((9,(23,(16,5))),(19,27))),((12,((8,18),26)),(((13,20),10),(24,(((15,1),((21,(30,25)),(4,(28,11)))),14)))));

STEP 44 [TBR_IncrementalHeuristic_MP -> NNI_Substep_30] - Distance: 191.0000
((((((7,(22,(29,3))),6),17),2),((9,(23,(16,5))),(19,27))),((12,((8,18),26)),(((13,20),10),(24,(((15,1),14),((21,(30,25)),(4,(28,11))))))));

STEP 45 [TBR_IncrementalHeuristic_MP -> NNI_Substep_31] - Distance: 190.0000
((((((7,(22,(29,3))),6),17),2),((9,(23,(16,5))),(19,27))),((12,((8,18),26)),(((13,20),10),(24,(((15,14),1),((21,(30,25)),(4,(28,11))))))));

STEP 46 [TBR_IncrementalHeuristic_MP -> NNI_Substep_32] - Distance: 190.0000
((((((7,(22,(29,3))),6),17),2),((9,(23,(16,5))),(19,27))),((12,((8,18),26)),(((20,10),13),(24,(((15,14),1),((21,(30,25)),(4,(28,11))))))));

STEP 47 [TBR_IncrementalHeuristic_MP -> NNI_Substep_33] - Distance: 189.0000
((((((7,(22,(29,3))),6),17),2),((9,(23,(16,5))),(19,27))),((12,((8,18),26)),(((20,10),(24,(((15,14),1),((21,(30,25)),(4,(28,11)))))),13)));

STEP 48 [TBR_IncrementalHeuristic_MP -> NNI_Substep_34] - Distance: 189.0000
((((((7,(22,(29,3))),6),17),2),((9,(23,(16,5))),(19,27))),(((12,((8,18),26)),((20,10),(24,(((15,14),1),((21,(30,25)),(4,(28,11))))))),13));

STEP 49 [TBR_IncrementalHeuristic_MP -> NNI_Substep_35] - Distance: 175.0000
((((((7,(22,(29,3))),6),17),2),(((9,(23,(16,5))),(19,27)),13)),((12,((8,18),26)),((20,10),(24,(((15,14),1),((21,(30,25)),(4,(28,11))))))));

STEP 50 [TBR_IncrementalHeuristic_MP -> NNI_Substep_36] - Distance: 173.0000
((((((7,(22,(29,3))),6),17),2),(((9,(23,(16,5))),13),(19,27))),((12,((8,18),26)),((20,10),(24,(((15,14),1),((21,(30,25)),(4,(28,11))))))));

STEP 51 [TBR_IncrementalHeuristic_MP -> NNI_Substep_37] - Distance: 172.0000
((((((7,(22,(29,3))),6),17),2),(((9,13),(23,(16,5))),(19,27))),((12,((8,18),26)),((20,10),(24,(((15,14),1),((21,(30,25)),(4,(28,11))))))));

STEP 52 [TBR_IncrementalHeuristic_MP -> NNI_Substep_38] - Distance: 172.0000
((((((7,(22,(29,3))),17),6),2),(((9,13),(23,(16,5))),(19,27))),((12,((8,18),26)),((20,10),(24,(((15,14),1),((21,(30,25)),(4,(28,11))))))));

STEP 53 [TBR_IncrementalHeuristic_MP -> NNI_Substep_39] - Distance: 172.0000
((((((7,(22,(29,3))),17),2),6),(((9,13),(23,(16,5))),(19,27))),((12,((8,18),26)),((20,10),(24,(((15,14),1),((21,(30,25)),(4,(28,11))))))));

STEP 54 [TBR_IncrementalHeuristic_MP -> NNI_Substep_40] - Distance: 172.0000
((((((7,(22,(29,3))),17),2),(((9,13),(23,(16,5))),(19,27))),6),((12,((8,18),26)),((20,10),(24,(((15,14),1),((21,(30,25)),(4,(28,11))))))));

STEP 55 [TBR_IncrementalHeuristic_MP -> NNI_Substep_41] - Distance: 158.0000
(((((7,(22,(29,3))),17),2),(((9,13),(23,(16,5))),(19,27))),((12,((8,18),26)),(((20,10),(24,(((15,14),1),((21,(30,25)),(4,(28,11)))))),6)));

STEP 56 [TBR_IncrementalHeuristic_MP -> NNI_Substep_42] - Distance: 156.0000
(((((7,(22,(29,3))),17),2),(((9,13),(23,(16,5))),(19,27))),((12,((8,18),26)),((20,10),((24,(((15,14),1),((21,(30,25)),(4,(28,11))))),6))));

STEP 57 [TBR_IncrementalHeuristic_MP -> NNI_Substep_43] - Distance: 156.0000
(((((7,(22,(29,3))),17),2),(((9,13),(23,(16,5))),(19,27))),((12,((8,18),26)),((20,10),(24,((((15,14),1),((21,(30,25)),(4,(28,11)))),6)))));

STEP 58 [TBR_IncrementalHeuristic_MP -> NNI_Substep_44] - Distance: 152.0000
(((((7,(22,(29,3))),17),2),(((9,13),(23,(16,5))),(19,27))),((12,((8,18),26)),((20,10),(24,((((15,14),1),6),((21,(30,25)),(4,(28,11))))))));

STEP 59 [TBR_IncrementalHeuristic_MP -> NNI_Substep_45] - Distance: 152.0000
(((((7,((22,29),3)),17),2),(((9,13),(23,(16,5))),(19,27))),((12,((8,18),26)),((20,10),(24,((((15,14),1),6),((21,(30,25)),(4,(28,11))))))));

STEP 60 [TBR_IncrementalHeuristic_MP -> NNI_Substep_46] - Distance: 152.0000
((((((7,(22,29)),3),17),2),(((9,13),(23,(16,5))),(19,27))),((12,((8,18),26)),((20,10),(24,((((15,14),1),6),((21,(30,25)),(4,(28,11))))))));

STEP 61 [TBR_IncrementalHeuristic_MP -> NNI_Substep_47] - Distance: 152.0000
((((((7,(22,29)),17),3),2),(((9,13),(23,(16,5))),(19,27))),((12,((8,18),26)),((20,10),(24,((((15,14),1),6),((21,(30,25)),(4,(28,11))))))));

STEP 62 [TBR_IncrementalHeuristic_MP -> NNI_Substep_48] - Distance: 152.0000
((((((7,(22,29)),17),2),3),(((9,13),(23,(16,5))),(19,27))),((12,((8,18),26)),((20,10),(24,((((15,14),1),6),((21,(30,25)),(4,(28,11))))))));

STEP 63 [TBR_IncrementalHeuristic_MP -> NNI_Substep_49] - Distance: 152.0000
((((((7,(22,29)),17),2),(((9,13),(23,(16,5))),(19,27))),3),((12,((8,18),26)),((20,10),(24,((((15,14),1),6),((21,(30,25)),(4,(28,11))))))));

STEP 64 [TBR_IncrementalHeuristic_MP -> NNI_Substep_50] - Distance: 137.0000
(((((7,(22,29)),17),2),(((9,13),(23,(16,5))),(19,27))),((12,((8,18),26)),(((20,10),(24,((((15,14),1),6),((21,(30,25)),(4,(28,11)))))),3)));

STEP 65 [TBR_IncrementalHeuristic_MP -> NNI_Substep_51] - Distance: 135.0000
(((((7,(22,29)),17),2),(((9,13),(23,(16,5))),(19,27))),((12,((8,18),26)),((20,10),((24,((((15,14),1),6),((21,(30,25)),(4,(28,11))))),3))));

STEP 66 [TBR_IncrementalHeuristic_MP -> NNI_Substep_52] - Distance: 135.0000
(((((7,(22,29)),17),2),(((9,13),(23,(16,5))),(19,27))),((12,((8,18),26)),((20,10),(24,(((((15,14),1),6),((21,(30,25)),(4,(28,11)))),3)))));

STEP 67 [TBR_IncrementalHeuristic_MP -> NNI_Substep_53] - Distance: 131.0000
(((((7,(22,29)),17),2),(((9,13),(23,(16,5))),(19,27))),((12,((8,18),26)),((20,10),(24,(((((15,14),1),6),3),((21,(30,25)),(4,(28,11))))))));

STEP 68 [TBR_IncrementalHeuristic_MP -> NNI_Substep_54] - Distance: 130.0000
(((((7,(22,29)),17),2),(((9,13),(23,(16,5))),(19,27))),((12,((8,18),26)),((20,10),(24,(((((15,14),1),3),6),((21,(30,25)),(4,(28,11))))))));

STEP 69 [TBR_IncrementalHeuristic_MP -> NNI_Substep_55] - Distance: 130.0000
(((((7,(22,29)),17),2),(((9,13),(23,(16,5))),(19,27))),((12,((8,18),26)),((20,10),(24,(((((15,14),1),3),6),(((21,(30,25)),(28,11)),4))))));

STEP 70 [TBR_IncrementalHeuristic_MP -> NNI_Substep_56] - Distance: 130.0000
(((((7,(22,29)),17),2),(((9,13),(23,(16,5))),(19,27))),((12,((8,18),26)),((20,10),(24,((((((15,14),1),3),6),((21,(30,25)),(28,11))),4)))));

STEP 71 [TBR_IncrementalHeuristic_MP -> NNI_Substep_57] - Distance: 130.0000
(((((7,(22,29)),17),2),(((9,13),(23,(16,5))),(19,27))),((12,((8,18),26)),((20,10),((24,(((((15,14),1),3),6),((21,(30,25)),(28,11)))),4))));

STEP 72 [TBR_IncrementalHeuristic_MP -> NNI_Substep_58] - Distance: 130.0000
(((((7,(22,29)),17),2),(((9,13),(23,(16,5))),(19,27))),((12,((8,18),26)),(((20,10),(24,(((((15,14),1),3),6),((21,(30,25)),(28,11))))),4)));

STEP 73 [TBR_IncrementalHeuristic_MP -> NNI_Substep_59] - Distance: 130.0000
(((((7,(22,29)),17),2),(((9,13),(23,(16,5))),(19,27))),(((12,((8,18),26)),((20,10),(24,(((((15,14),1),3),6),((21,(30,25)),(28,11)))))),4));

STEP 74 [TBR_IncrementalHeuristic_MP -> NNI_Substep_60] - Distance: 109.0000
(((((7,(22,29)),17),2),((((9,13),(23,(16,5))),(19,27)),4)),((12,((8,18),26)),((20,10),(24,(((((15,14),1),3),6),((21,(30,25)),(28,11)))))));

STEP 75 [TBR_IncrementalHeuristic_MP -> NNI_Substep_61] - Distance: 107.0000
(((((7,(22,29)),17),2),((((9,13),(23,(16,5))),4),(19,27))),((12,((8,18),26)),((20,10),(24,(((((15,14),1),3),6),((21,(30,25)),(28,11)))))));

STEP 76 [TBR_IncrementalHeuristic_MP -> NNI_Substep_62] - Distance: 107.0000
(((((7,(22,29)),17),2),((((9,13),(23,(16,5))),4),(19,27))),((12,((8,18),26)),(((20,10),(((((15,14),1),3),6),((21,(30,25)),(28,11)))),24)));

STEP 77 [TBR_IncrementalHeuristic_MP -> NNI_Substep_63] - Distance: 107.0000
(((((7,(22,29)),17),2),((((9,13),(23,(16,5))),4),(19,27))),(((12,((8,18),26)),((20,10),(((((15,14),1),3),6),((21,(30,25)),(28,11))))),24));

STEP 78 [TBR_IncrementalHeuristic_MP -> NNI_Substep_64] - Distance: 88.0000
(((((7,(22,29)),17),2),(((((9,13),(23,(16,5))),4),(19,27)),24)),((12,((8,18),26)),((20,10),(((((15,14),1),3),6),((21,(30,25)),(28,11))))));

STEP 79 [TBR_IncrementalHeuristic_MP -> NNI_Substep_65] - Distance: 85.0000
(((((7,(22,29)),17),2),((((9,13),(23,(16,5))),4),((19,27),24))),((12,((8,18),26)),((20,10),(((((15,14),1),3),6),((21,(30,25)),(28,11))))));

STEP 80 [TBR_IncrementalHeuristic_MP -> NNI_Substep_66] - Distance: 84.0000
(((((7,(22,29)),17),2),((((9,13),(23,(16,5))),4),(19,(27,24)))),((12,((8,18),26)),((20,10),(((((15,14),1),3),6),((21,(30,25)),(28,11))))));

STEP 81 [TBR_IncrementalHeuristic_MP -> NNI_Substep_67] - Distance: 84.0000
(((((7,(22,29)),17),2),((((9,13),(23,(16,5))),4),(19,(27,24)))),((12,((8,18),26)),((20,10),(((((15,14),1),3),6),(((21,(30,25)),28),11)))));

STEP 82 [TBR_IncrementalHeuristic_MP -> NNI_Substep_68] - Distance: 84.0000
(((((7,(22,29)),17),2),((((9,13),(23,(16,5))),4),(19,(27,24)))),((12,((8,18),26)),((20,10),((((((15,14),1),3),6),((21,(30,25)),28)),11))));

STEP 83 [TBR_IncrementalHeuristic_MP -> NNI_Substep_69] - Distance: 84.0000
(((((7,(22,29)),17),2),((((9,13),(23,(16,5))),4),(19,(27,24)))),((12,((8,18),26)),(((20,10),(((((15,14),1),3),6),((21,(30,25)),28))),11)));

STEP 84 [TBR_IncrementalHeuristic_MP -> NNI_Substep_70] - Distance: 84.0000
(((((7,(22,29)),17),2),((((9,13),(23,(16,5))),4),(19,(27,24)))),(((12,((8,18),26)),((20,10),(((((15,14),1),3),6),((21,(30,25)),28)))),11));

STEP 85 [TBR_IncrementalHeuristic_MP -> NNI_Substep_71] - Distance: 64.0000
(((((7,(22,29)),17),2),(((((9,13),(23,(16,5))),4),(19,(27,24))),11)),((12,((8,18),26)),((20,10),(((((15,14),1),3),6),((21,(30,25)),28)))));

STEP 86 [TBR_IncrementalHeuristic_MP -> NNI_Substep_72] - Distance: 61.0000
(((((7,(22,29)),17),2),((((9,13),(23,(16,5))),4),((19,(27,24)),11))),((12,((8,18),26)),((20,10),(((((15,14),1),3),6),((21,(30,25)),28)))));

STEP 87 [TBR_IncrementalHeuristic_MP -> NNI_Substep_73] - Distance: 60.0000
(((((7,(22,29)),17),2),((((9,13),(23,(16,5))),4),(19,((27,24),11)))),((12,((8,18),26)),((20,10),(((((15,14),1),3),6),((21,(30,25)),28)))));

STEP 88 [TBR_IncrementalHeuristic_MP -> NNI_Substep_74] - Distance: 59.0000
(((((7,(22,29)),17),2),((((9,13),(23,(16,5))),4),(19,((27,11),24)))),((12,((8,18),26)),((20,10),(((((15,14),1),3),6),((21,(30,25)),28)))));

STEP 89 [TBR_IncrementalHeuristic_MP -> NNI_Substep_75] - Distance: 59.0000
(((((7,(22,29)),17),2),((((9,13),(23,(16,5))),4),(19,((27,11),24)))),((12,((8,26),18)),((20,10),(((((15,14),1),3),6),((21,(30,25)),28)))));

STEP 90 [TBR_IncrementalHeuristic_MP -> NNI_Substep_76] - Distance: 59.0000
(((((7,(22,29)),17),2),((((9,13),(23,(16,5))),4),(19,((27,11),24)))),(((12,(8,26)),18),((20,10),(((((15,14),1),3),6),((21,(30,25)),28)))));

STEP 91 [TBR_IncrementalHeuristic_MP -> NNI_Substep_77] - Distance: 48.0000
(((((7,(22,29)),17),2),((((9,13),(23,(16,5))),4),(19,((27,11),24)))),(((12,(8,26)),((20,10),(((((15,14),1),3),6),((21,(30,25)),28)))),18));

STEP 92 [TBR_IncrementalHeuristic_MP -> NNI_Substep_78] - Distance: 45.0000
(((((7,(22,29)),17),2),((((9,13),(23,(16,5))),4),(19,((27,11),24)))),((12,(8,26)),(((20,10),(((((15,14),1),3),6),((21,(30,25)),28))),18)));

STEP 93 [TBR_IncrementalHeuristic_MP -> NNI_Substep_79] - Distance: 45.0000
(((((7,17),(22,29)),2),((((9,13),(23,(16,5))),4),(19,((27,11),24)))),((12,(8,26)),(((20,10),(((((15,14),1),3),6),((21,(30,25)),28))),18)));

STEP 94 [TBR_IncrementalHeuristic_MP -> NNI_Substep_80] - Distance: 45.0000
(((((7,17),2),(22,29)),((((9,13),(23,(16,5))),4),(19,((27,11),24)))),((12,(8,26)),(((20,10),(((((15,14),1),3),6),((21,(30,25)),28))),18)));

STEP 95 [TBR_IncrementalHeuristic_MP -> NNI_Substep_81] - Distance: 45.0000
(((((7,17),2),((((9,13),(23,(16,5))),4),(19,((27,11),24)))),(22,29)),((12,(8,26)),(((20,10),(((((15,14),1),3),6),((21,(30,25)),28))),18)));

STEP 96 [TBR_IncrementalHeuristic_MP -> NNI_Substep_82] - Distance: 39.0000
((((7,17),2),(((((9,13),(23,(16,5))),4),(19,((27,11),24))),(22,29))),((12,(8,26)),(((20,10),(((((15,14),1),3),6),((21,(30,25)),28))),18)));

STEP 97 [TBR_IncrementalHeuristic_MP -> NNI_Substep_83] - Distance: 35.0000
((((7,17),2),((((9,13),(23,(16,5))),4),((19,((27,11),24)),(22,29)))),((12,(8,26)),(((20,10),(((((15,14),1),3),6),((21,(30,25)),28))),18)));

STEP 98 [TBR_IncrementalHeuristic_MP -> NNI_Substep_84] - Distance: 34.0000
((((7,17),2),((((9,13),(23,(16,5))),4),(19,(((27,11),24),(22,29))))),((12,(8,26)),(((20,10),(((((15,14),1),3),6),((21,(30,25)),28))),18)));

STEP 99 [TBR_IncrementalHeuristic_MP -> NNI_Substep_85] - Distance: 33.0000
((((7,17),2),((((9,13),(23,(16,5))),4),(19,(((27,11),(22,29)),24)))),((12,(8,26)),(((20,10),(((((15,14),1),3),6),((21,(30,25)),28))),18)));

STEP 100 [TBR_IncrementalHeuristic_MP -> NNI_Substep_86] - Distance: 32.0000
((((7,17),2),((((9,13),(23,(16,5))),4),(19,((27,(11,(22,29))),24)))),((12,(8,26)),(((20,10),(((((15,14),1),3),6),((21,(30,25)),28))),18)));

STEP 101 [TBR_IncrementalHeuristic_MP -> NNI_Substep_87] - Distance: 32.0000
((((7,17),2),((((9,13),((23,5),16)),4),(19,((27,(11,(22,29))),24)))),((12,(8,26)),(((20,10),(((((15,14),1),3),6),((21,(30,25)),28))),18)));

STEP 102 [TBR_IncrementalHeuristic_MP -> NNI_Substep_88] - Distance: 32.0000
((((7,17),2),(((((9,13),(23,5)),16),4),(19,((27,(11,(22,29))),24)))),((12,(8,26)),(((20,10),(((((15,14),1),3),6),((21,(30,25)),28))),18)));

STEP 103 [TBR_IncrementalHeuristic_MP -> NNI_Substep_89] - Distance: 32.0000
((((7,17),2),(((((9,13),(23,5)),4),16),(19,((27,(11,(22,29))),24)))),((12,(8,26)),(((20,10),(((((15,14),1),3),6),((21,(30,25)),28))),18)));

STEP 104 [TBR_IncrementalHeuristic_MP -> NNI_Substep_90] - Distance: 32.0000
((((7,17),2),(((((9,13),(23,5)),4),(19,((27,(11,(22,29))),24))),16)),((12,(8,26)),(((20,10),(((((15,14),1),3),6),((21,(30,25)),28))),18)));

STEP 105 [TBR_IncrementalHeuristic_MP -> NNI_Substep_91] - Distance: 31.0000
(((((7,17),2),((((9,13),(23,5)),4),(19,((27,(11,(22,29))),24)))),16),((12,(8,26)),(((20,10),(((((15,14),1),3),6),((21,(30,25)),28))),18)));

STEP 106 [TBR_IncrementalHeuristic_MP -> NNI_Substep_92] - Distance: 20.0000
(((((7,17),2),16),((((9,13),(23,5)),4),(19,((27,(11,(22,29))),24)))),((12,(8,26)),(((20,10),(((((15,14),1),3),6),((21,(30,25)),28))),18)));

STEP 107 [TBR_IncrementalHeuristic_MP -> NNI_Substep_93] - Distance: 19.0000
(((((7,17),16),2),((((9,13),(23,5)),4),(19,((27,(11,(22,29))),24)))),((12,(8,26)),(((20,10),(((((15,14),1),3),6),((21,(30,25)),28))),18)));

STEP 108 [TBR_IncrementalHeuristic_MP -> NNI_Substep_94] - Distance: 18.0000
((((7,(17,16)),2),((((9,13),(23,5)),4),(19,((27,(11,(22,29))),24)))),((12,(8,26)),(((20,10),(((((15,14),1),3),6),((21,(30,25)),28))),18)));

STEP 109 [TBR_IncrementalHeuristic_MP -> NNI_Substep_95] - Distance: 18.0000
((((7,(17,16)),2),(((((9,13),23),5),4),(19,((27,(11,(22,29))),24)))),((12,(8,26)),(((20,10),(((((15,14),1),3),6),((21,(30,25)),28))),18)));

STEP 110 [TBR_IncrementalHeuristic_MP -> NNI_Substep_96] - Distance: 18.0000
((((7,(17,16)),2),(((((9,13),23),4),5),(19,((27,(11,(22,29))),24)))),((12,(8,26)),(((20,10),(((((15,14),1),3),6),((21,(30,25)),28))),18)));

STEP 111 [TBR_IncrementalHeuristic_MP -> NNI_Substep_97] - Distance: 18.0000
((((7,(17,16)),2),(((((9,13),23),4),(19,((27,(11,(22,29))),24))),5)),((12,(8,26)),(((20,10),(((((15,14),1),3),6),((21,(30,25)),28))),18)));

STEP 112 [TBR_IncrementalHeuristic_MP -> NNI_Substep_98] - Distance: 14.0000
((((7,(17,16)),2),((((9,13),23),4),((19,((27,(11,(22,29))),24)),5))),((12,(8,26)),(((20,10),(((((15,14),1),3),6),((21,(30,25)),28))),18)));

STEP 113 [TBR_IncrementalHeuristic_MP -> NNI_Substep_99] - Distance: 13.0000
((((7,(17,16)),2),((((9,13),23),4),(19,(((27,(11,(22,29))),24),5)))),((12,(8,26)),(((20,10),(((((15,14),1),3),6),((21,(30,25)),28))),18)));

STEP 114 [TBR_IncrementalHeuristic_MP -> NNI_Substep_100] - Distance: 12.0000
((((7,(17,16)),2),((((9,13),23),4),(19,(((27,(11,(22,29))),5),24)))),((12,(8,26)),(((20,10),(((((15,14),1),3),6),((21,(30,25)),28))),18)));

STEP 115 [TBR_IncrementalHeuristic_MP -> NNI_Substep_101] - Distance: 10.0000
((((7,(17,16)),2),((((9,13),23),4),(19,(((27,5),(11,(22,29))),24)))),((12,(8,26)),(((20,10),(((((15,14),1),3),6),((21,(30,25)),28))),18)));

STEP 116 [TBR_IncrementalHeuristic_MP -> NNI_Substep_102] - Distance: 10.0000
((((7,(17,16)),2),((((9,13),23),4),(19,(((27,5),((11,22),29)),24)))),((12,(8,26)),(((20,10),(((((15,14),1),3),6),((21,(30,25)),28))),18)));

STEP 117 [TBR_IncrementalHeuristic_MP -> NNI_Substep_103] - Distance: 10.0000
((((7,(17,16)),2),((((9,13),23),4),(19,((((27,5),(11,22)),29),24)))),((12,(8,26)),(((20,10),(((((15,14),1),3),6),((21,(30,25)),28))),18)));

STEP 118 [TBR_IncrementalHeuristic_MP -> NNI_Substep_104] - Distance: 10.0000
((((7,(17,16)),2),((((9,13),23),4),(19,((((27,5),(11,22)),24),29)))),((12,(8,26)),(((20,10),(((((15,14),1),3),6),((21,(30,25)),28))),18)));

STEP 119 [TBR_IncrementalHeuristic_MP -> NNI_Substep_105] - Distance: 10.0000
((((7,(17,16)),2),((((9,13),23),4),((19,(((27,5),(11,22)),24)),29))),((12,(8,26)),(((20,10),(((((15,14),1),3),6),((21,(30,25)),28))),18)));

STEP 120 [TBR_IncrementalHeuristic_MP -> NNI_Substep_106] - Distance: 8.0000
((((7,(17,16)),2),(((((9,13),23),4),(19,(((27,5),(11,22)),24))),29)),((12,(8,26)),(((20,10),(((((15,14),1),3),6),((21,(30,25)),28))),18)));

STEP 121 [TBR_IncrementalHeuristic_MP -> NNI_Substep_107] - Distance: 2.0000
((((7,(17,16)),2),(((((9,13),23),4),29),(19,(((27,5),(11,22)),24)))),((12,(8,26)),(((20,10),(((((15,14),1),3),6),((21,(30,25)),28))),18)));

STEP 122 [TBR_IncrementalHeuristic_MP -> NNI_Substep_108] - Distance: 1.0000
((((7,(17,16)),2),(((((9,13),23),29),4),(19,(((27,5),(11,22)),24)))),((12,(8,26)),(((20,10),(((((15,14),1),3),6),((21,(30,25)),28))),18)));

STEP 123 [TBR_IncrementalHeuristic_MP -> NNI_Substep_109] - Distance: 0.0000
((((7,(17,16)),2),(((((9,13),29),23),4),(19,(((27,5),(11,22)),24)))),((12,(8,26)),(((20,10),(((((15,14),1),3),6),((21,(30,25)),28))),18)));

========================================================
[FINAL] Total Steps: 123 | Final Distance: 0.0000
========================================================
