========================================================
HEURISTIC TRAJECTORY: VND Classic (MC)
========================================================
STEP 0 [START] - Distance: 164.0000
(((23,(15,((26,28),(30,24)))),(11,((18,((14,(21,(8,(20,22)))),(13,19))),(16,(1,3))))),(6,((((9,27),(29,10)),(25,2)),((4,(5,12)),(17,7)))));

STEP 1 [NNI_ClassicHeuristic_MC -> NNI_Substep_1] - Distance: 159.0000
(((23,(15,((26,28),(30,24)))),(11,((18,((14,(21,(8,(20,22)))),(13,19))),(16,(1,3))))),((((9,27),(29,10)),(25,2)),(6,((4,(5,12)),(17,7)))));

STEP 2 [NNI_ClassicHeuristic_MC -> NNI_Substep_2] - Distance: 155.0000
(((23,(15,((26,28),(30,24)))),(11,((18,(((8,(20,22)),(21,14)),(13,19))),(16,(1,3))))),((((9,27),(29,10)),(25,2)),(6,((4,(5,12)),(17,7)))));

STEP 3 [NNI_ClassicHeuristic_MC -> NNI_Substep_3] - Distance: 151.0000
(((23,(15,((26,28),(30,24)))),(11,((18,(16,(1,3))),(((8,(20,22)),(21,14)),(13,19))))),((((9,27),(29,10)),(25,2)),(6,((4,(5,12)),(17,7)))));

STEP 4 [NNI_ClassicHeuristic_MC -> NNI_Substep_4] - Distance: 147.0000
(((23,(15,((26,28),(30,24)))),((((8,(20,22)),(21,14)),(13,19)),((18,(16,(1,3))),11))),((((9,27),(29,10)),(25,2)),(6,((4,(5,12)),(17,7)))));

STEP 5 [NNI_ClassicHeuristic_MC -> NNI_Substep_5] - Distance: 144.0000
(((((26,28),(30,24)),(15,23)),((((8,(20,22)),(21,14)),(13,19)),((18,(16,(1,3))),11))),((((9,27),(29,10)),(25,2)),(6,((4,(5,12)),(17,7)))));

STEP 6 [NNI_ClassicHeuristic_MC -> NNI_Substep_6] - Distance: 141.0000
(((((26,28),(30,24)),(15,23)),((((8,(20,22)),(21,14)),(13,19)),(((1,3),(16,18)),11))),((((9,27),(29,10)),(25,2)),(6,((4,(5,12)),(17,7)))));

STEP 7 [NNI_ClassicHeuristic_MC -> NNI_Substep_7] - Distance: 138.0000
(((((8,(20,22)),(21,14)),(13,19)),((((26,28),(30,24)),(15,23)),(((1,3),(16,18)),11))),((((9,27),(29,10)),(25,2)),(6,((4,(5,12)),(17,7)))));

STEP 8 [NNI_ClassicHeuristic_MC -> NNI_Substep_8] - Distance: 136.0000
(((((8,(20,22)),(21,14)),(13,19)),((((26,28),(15,23)),(30,24)),(((1,3),(16,18)),11))),((((9,27),(29,10)),(25,2)),(6,((4,(5,12)),(17,7)))));

STEP 9 [NNI_ClassicHeuristic_MC -> NNI_Substep_9] - Distance: 131.0000
((6,((4,(5,12)),(17,7))),((((8,(20,22)),(21,14)),(13,19)),((((9,27),(29,10)),(25,2)),((((26,28),(15,23)),(30,24)),(((1,3),(16,18)),11)))));

STEP 10 [NNI_ClassicHeuristic_MC -> NNI_Substep_10] - Distance: 130.0000
(((17,7),((4,(5,12)),6)),((((8,(20,22)),(21,14)),(13,19)),((((9,27),(29,10)),(25,2)),((((26,28),(15,23)),(30,24)),(((1,3),(16,18)),11)))));

STEP 11 [NNI_ClassicHeuristic_MC -> NNI_Substep_11] - Distance: 128.0000
(((17,7),((6,(5,12)),4)),((((8,(20,22)),(21,14)),(13,19)),((((9,27),(29,10)),(25,2)),((((26,28),(15,23)),(30,24)),(((1,3),(16,18)),11)))));

STEP 12 [NNI_ClassicHeuristic_MC -> NNI_Substep_12] - Distance: 126.0000
(((17,7),((12,(5,6)),4)),((((8,(20,22)),(21,14)),(13,19)),((((9,27),(29,10)),(25,2)),((((26,28),(15,23)),(30,24)),(((1,3),(16,18)),11)))));

STEP 13 [NNI_ClassicHeuristic_MC -> NNI_Substep_13] - Distance: 125.0000
((4,((12,(5,6)),(17,7))),((((8,(20,22)),(21,14)),(13,19)),((((9,27),(29,10)),(25,2)),((((26,28),(15,23)),(30,24)),(((1,3),(16,18)),11)))));

STEP 14 [NNI_ClassicHeuristic_MC -> NNI_Substep_14] - Distance: 124.0000
((4,((12,(5,6)),(17,7))),((((13,19),(21,14)),(8,(20,22))),((((9,27),(29,10)),(25,2)),((((26,28),(15,23)),(30,24)),(((1,3),(16,18)),11)))));

STEP 15 [NNI_ClassicHeuristic_MC -> NNI_Substep_15] - Distance: 123.0000
((4,((12,(5,6)),(17,7))),((((13,19),(21,14)),(8,(20,22))),((((9,27),(29,10)),(25,2)),((((26,28),(15,23)),(30,24)),((11,(16,18)),(1,3))))));

STEP 16 [NNI_ClassicHeuristic_MC -> NNI_Substep_16] - Distance: 120.0000
(((((26,28),(15,23)),(30,24)),((((9,27),(29,10)),(25,2)),((11,(16,18)),(1,3)))),((((13,19),(21,14)),(8,(20,22))),(4,((12,(5,6)),(17,7)))));

STEP 17 [NNI_ClassicHeuristic_MC -> NNI_Substep_17] - Distance: 119.0000
(((((26,28),(15,23)),(30,24)),((((9,27),(29,10)),((11,(16,18)),(1,3))),(25,2))),((((13,19),(21,14)),(8,(20,22))),(4,((12,(5,6)),(17,7)))));

STEP 18 [NNI_ClassicHeuristic_MC -> NNI_Substep_18] - Distance: 118.0000
(((((26,28),(15,23)),(30,24)),(((11,(16,18)),(((9,27),(29,10)),(1,3))),(25,2))),((((13,19),(21,14)),(8,(20,22))),(4,((12,(5,6)),(17,7)))));

STEP 19 [NNI_ClassicHeuristic_MC -> NNI_Substep_19] - Distance: 116.0000
(((((26,28),(15,23)),(30,24)),(((11,(16,18)),(((1,3),(29,10)),(9,27))),(25,2))),((((13,19),(21,14)),(8,(20,22))),(4,((12,(5,6)),(17,7)))));

STEP 20 [NNI_ClassicHeuristic_MC -> NNI_Substep_20] - Distance: 115.0000
(((((26,28),(15,23)),(30,24)),(((11,(16,18)),(((1,(29,10)),3),(9,27))),(25,2))),((((13,19),(21,14)),(8,(20,22))),(4,((12,(5,6)),(17,7)))));

STEP 21 [2sECR_ClassicHeuristic_MC -> NNI_Substep_1] - Distance: 119.0000
(((((26,28),(15,23)),(30,24)),(((11,(16,18)),(((1,(29,10)),3),(9,27))),(25,2))),(((13,19),(21,14)),((8,(20,22)),(4,((12,(5,6)),(17,7))))));

STEP 22 [2sECR_ClassicHeuristic_MC -> NNI_Substep_2] - Distance: 117.0000
(((((26,28),(15,23)),(30,24)),(((11,(16,18)),(((1,(29,10)),3),(9,27))),(25,2))),(((13,19),(21,14)),(((12,(5,6)),(17,7)),((8,(20,22)),4))));

STEP 23 [2sECR_ClassicHeuristic_MC -> NNI_Substep_3] - Distance: 111.0000
(((((26,28),(15,23)),(30,24)),(((11,(16,18)),(((1,(29,10)),3),(9,27))),(25,2))),((((13,19),(21,14)),((12,(5,6)),(17,7))),((8,(20,22)),4)));

STEP 24 [2sECR_ClassicHeuristic_MC -> NNI_Substep_4] - Distance: 114.0000
((((26,28),(15,23)),(30,24)),((((13,19),(21,14)),((12,(5,6)),(17,7))),((((11,(16,18)),(((1,(29,10)),3),(9,27))),(25,2)),((8,(20,22)),4))));

STEP 25 [2sECR_ClassicHeuristic_MC -> NNI_Substep_5] - Distance: 100.0000
(((((26,28),(15,23)),(30,24)),(((13,19),(21,14)),((12,(5,6)),(17,7)))),(((11,(16,18)),(((1,(29,10)),3),(9,27))),((25,2),((8,(20,22)),4))));

STEP 26 [2sECR_ClassicHeuristic_MC -> NNI_Substep_6] - Distance: 99.0000
(((((26,28),(15,23)),(30,24)),(((13,19),(21,14)),((12,(5,6)),(17,7)))),(((11,(16,18)),(((1,(29,10)),3),(9,27))),(4,((25,2),(8,(20,22))))));

STEP 27 [2sECR_ClassicHeuristic_MC -> NNI_Substep_7] - Distance: 97.0000
(((((26,28),(15,23)),(30,24)),(((13,19),(21,14)),((12,(5,6)),(17,7)))),((((11,(16,18)),(((1,(29,10)),3),(9,27))),4),((25,2),(8,(20,22)))));

STEP 28 [2sECR_ClassicHeuristic_MC -> NNI_Substep_8] - Distance: 96.0000
(((((26,28),(15,23)),(30,24)),(((13,19),(21,14)),((12,(5,6)),(17,7)))),(((((1,(29,10)),3),(9,27)),(4,(11,(16,18)))),((25,2),(8,(20,22)))));

STEP 29 [2sECR_ClassicHeuristic_MC -> NNI_Substep_9] - Distance: 92.0000
(((((26,28),(15,23)),(30,24)),(((13,19),(21,14)),((12,(5,6)),(17,7)))),(((((1,(29,10)),3),(4,(11,(16,18)))),(9,27)),((25,2),(8,(20,22)))));

STEP 30 [2sECR_ClassicHeuristic_MC -> NNI_Substep_10] - Distance: 93.0000
(((((26,28),(15,23)),(30,24)),((13,19),((21,14),((12,(5,6)),(17,7))))),(((((1,(29,10)),3),(4,(11,(16,18)))),(9,27)),((25,2),(8,(20,22)))));

STEP 31 [2sECR_ClassicHeuristic_MC -> NNI_Substep_11] - Distance: 88.0000
(((((26,28),(15,23)),(30,24)),((13,19),((12,(5,6)),((21,14),(17,7))))),(((((1,(29,10)),3),(4,(11,(16,18)))),(9,27)),((25,2),(8,(20,22)))));

STEP 32 [2sECR_ClassicHeuristic_MC -> NNI_Substep_12] - Distance: 87.0000
((((26,28),(15,23)),((30,24),((13,19),((12,(5,6)),((21,14),(17,7)))))),(((((1,(29,10)),3),(4,(11,(16,18)))),(9,27)),((25,2),(8,(20,22)))));

STEP 33 [2sECR_ClassicHeuristic_MC -> NNI_Substep_13] - Distance: 82.0000
((((26,28),(15,23)),(((12,(5,6)),((21,14),(17,7))),((30,24),(13,19)))),(((((1,(29,10)),3),(4,(11,(16,18)))),(9,27)),((25,2),(8,(20,22)))));

STEP 34 [2sECR_ClassicHeuristic_MC -> NNI_Substep_14] - Distance: 81.0000
((((26,28),(15,23)),(((12,(5,6)),(17,(7,(21,14)))),((30,24),(13,19)))),(((((1,(29,10)),3),(4,(11,(16,18)))),(9,27)),((25,2),(8,(20,22)))));

STEP 35 [2sECR_ClassicHeuristic_MC -> NNI_Substep_15] - Distance: 79.0000
((((26,28),(15,23)),(((12,(5,6)),(17,(14,(21,7)))),((30,24),(13,19)))),(((((1,(29,10)),3),(4,(11,(16,18)))),(9,27)),((25,2),(8,(20,22)))));

STEP 36 [2sECR_ClassicHeuristic_MC -> NNI_Substep_16] - Distance: 79.0000
((((26,28),(15,23)),(((12,(5,6)),(17,(14,(21,7)))),((30,24),(13,19)))),(((((1,(29,10)),3),(4,(11,(16,18)))),(9,27)),(25,(2,(8,(20,22))))));

STEP 37 [2sECR_ClassicHeuristic_MC -> NNI_Substep_17] - Distance: 77.0000
((((26,28),(15,23)),(((12,(5,6)),(17,(14,(21,7)))),((30,24),(13,19)))),(((((1,(29,10)),3),(4,(11,(16,18)))),(9,27)),(25,(8,(2,(20,22))))));

STEP 38 [2sECR_ClassicHeuristic_MC -> NNI_Substep_18] - Distance: 76.0000
((((26,28),(15,23)),(((12,(5,6)),(17,(14,(21,7)))),(30,(24,(13,19))))),(((((1,(29,10)),3),(4,(11,(16,18)))),(9,27)),(25,(8,(2,(20,22))))));

STEP 39 [2sECR_ClassicHeuristic_MC -> NNI_Substep_19] - Distance: 76.0000
((((26,28),(15,23)),(((12,(5,6)),(17,(14,(21,7)))),(30,(19,(24,13))))),(((((1,(29,10)),3),(4,(11,(16,18)))),(9,27)),(25,(8,(2,(20,22))))));

STEP 40 [2sECR_ClassicHeuristic_MC -> NNI_Substep_20] - Distance: 75.0000
((((26,28),(15,23)),(((12,(5,6)),(17,(14,(21,7)))),((30,19),(24,13)))),(((((1,(29,10)),3),(4,(11,(16,18)))),(9,27)),(25,(8,(2,(20,22))))));

STEP 41 [2sECR_ClassicHeuristic_MC -> NNI_Substep_21] - Distance: 75.0000
((((26,28),(15,23)),(((12,(5,6)),(17,(14,(21,7)))),((30,19),(24,13)))),(((((29,(1,10)),3),(4,(11,(16,18)))),(9,27)),(25,(8,(2,(20,22))))));

STEP 42 [2sECR_ClassicHeuristic_MC -> NNI_Substep_22] - Distance: 74.0000
((((26,28),(15,23)),(((12,(5,6)),(17,(14,(21,7)))),((30,19),(24,13)))),(((((1,10),(3,29)),(4,(11,(16,18)))),(9,27)),(25,(8,(2,(20,22))))));

STEP 43 [2sECR_ClassicHeuristic_MC -> NNI_Substep_23] - Distance: 74.0000
((((26,28),(15,23)),(((12,(5,6)),(17,(14,(21,7)))),((30,19),(24,13)))),(((((1,10),(3,29)),(4,(11,(16,18)))),(9,27)),(25,(8,(20,(2,22))))));

STEP 44 [2sECR_ClassicHeuristic_MC -> NNI_Substep_24] - Distance: 73.0000
((((26,28),(15,23)),(((12,(5,6)),(17,(14,(21,7)))),((30,19),(24,13)))),(((((1,10),(3,29)),(4,(11,(16,18)))),(9,27)),(25,((8,20),(2,22)))));

STEP 45 [2sECR_ClassicHeuristic_MC -> NNI_Substep_25] - Distance: 74.0000
((((26,28),(15,23)),(((12,(5,6)),(17,(14,(21,7)))),((30,19),(24,13)))),(((((1,10),(3,29)),(4,(11,(16,18)))),(9,27)),(25,(20,((2,22),8)))));

STEP 46 [2sECR_ClassicHeuristic_MC -> NNI_Substep_26] - Distance: 72.0000
((((26,28),(15,23)),(((12,(5,6)),(17,(14,(21,7)))),((30,19),(24,13)))),(((((1,10),(3,29)),(4,(11,(16,18)))),(9,27)),((25,20),((2,22),8))));

STEP 47 [3sECR_ClassicHeuristic_MC -> NNI_Substep_1] - Distance: 84.0000
(((26,28),(15,23)),((((12,(5,6)),(17,(14,(21,7)))),((30,19),(24,13))),((((25,20),((2,22),8)),(((1,10),(3,29)),(4,(11,(16,18))))),(9,27))));

STEP 48 [3sECR_ClassicHeuristic_MC -> NNI_Substep_2] - Distance: 80.0000
(((26,28),(15,23)),(((((12,(5,6)),(17,(14,(21,7)))),((30,19),(24,13))),(9,27)),(((25,20),((2,22),8)),(((1,10),(3,29)),(4,(11,(16,18)))))));

STEP 49 [3sECR_ClassicHeuristic_MC -> NNI_Substep_3] - Distance: 68.0000
(((((26,28),(15,23)),(((1,10),(3,29)),(4,(11,(16,18))))),((25,20),((2,22),8))),((((12,(5,6)),(17,(14,(21,7)))),((30,19),(24,13))),(9,27)));

STEP 50 [3sECR_ClassicHeuristic_MC -> NNI_Substep_4] - Distance: 72.0000
(((((26,28),(15,23)),((1,10),((3,29),(4,(11,(16,18)))))),((25,20),((2,22),8))),((((12,(5,6)),(17,(14,(21,7)))),((30,19),(24,13))),(9,27)));

STEP 51 [3sECR_ClassicHeuristic_MC -> NNI_Substep_5] - Distance: 71.0000
(((((26,28),(15,23)),((1,10),((3,29),((4,11),(16,18))))),((25,20),((2,22),8))),((((12,(5,6)),(17,(14,(21,7)))),((30,19),(24,13))),(9,27)));

STEP 52 [3sECR_ClassicHeuristic_MC -> NNI_Substep_6] - Distance: 69.0000
(((((26,28),(15,23)),((1,10),(((3,29),(16,18)),(4,11)))),((25,20),((2,22),8))),((((12,(5,6)),(17,(14,(21,7)))),((30,19),(24,13))),(9,27)));

STEP 53 [3sECR_ClassicHeuristic_MC -> NNI_Substep_7] - Distance: 70.0000
(((((26,28),(15,23)),((1,10),((((3,29),(16,18)),4),11))),((25,20),((2,22),8))),((((12,(5,6)),(17,(14,(21,7)))),((30,19),(24,13))),(9,27)));

STEP 54 [3sECR_ClassicHeuristic_MC -> NNI_Substep_8] - Distance: 65.0000
(((((26,28),(15,23)),(((1,10),11),(((3,29),(16,18)),4))),((25,20),((2,22),8))),((((12,(5,6)),(17,(14,(21,7)))),((30,19),(24,13))),(9,27)));

STEP 55 [3sECR_ClassicHeuristic_MC -> NNI_Substep_9] - Distance: 64.0000
(((((26,28),(15,23)),(((1,10),11),(4,(3,(29,(16,18)))))),((25,20),((2,22),8))),((((12,(5,6)),(17,(14,(21,7)))),((30,19),(24,13))),(9,27)));

STEP 56 [3sECR_ClassicHeuristic_MC -> NNI_Substep_10] - Distance: 62.0000
(((((26,28),(15,23)),(((1,10),11),(4,(3,((29,18),16))))),((25,20),((2,22),8))),((((12,(5,6)),(17,(14,(21,7)))),((30,19),(24,13))),(9,27)));

STEP 57 [3sECR_ClassicHeuristic_MC -> NNI_Substep_11] - Distance: 64.0000
((((26,28),((15,23),(((1,10),11),(4,(3,((29,18),16)))))),((25,20),((2,22),8))),((((12,(5,6)),(17,(14,(21,7)))),((30,19),(24,13))),(9,27)));

STEP 58 [3sECR_ClassicHeuristic_MC -> NNI_Substep_12] - Distance: 61.0000
((((26,28),(((15,23),(4,(3,((29,18),16)))),((1,10),11))),((25,20),((2,22),8))),((((12,(5,6)),(17,(14,(21,7)))),((30,19),(24,13))),(9,27)));

STEP 59 [3sECR_ClassicHeuristic_MC -> NNI_Substep_13] - Distance: 60.0000
((((26,28),((((15,23),(3,((29,18),16))),4),((1,10),11))),((25,20),((2,22),8))),((((12,(5,6)),(17,(14,(21,7)))),((30,19),(24,13))),(9,27)));

STEP 60 [3sECR_ClassicHeuristic_MC -> NNI_Substep_14] - Distance: 67.0000
((((((((15,23),(3,((29,18),16))),4),((1,10),11)),26),28),((25,20),((2,22),8))),((((12,(5,6)),(17,(14,(21,7)))),((30,19),(24,13))),(9,27)));

STEP 61 [3sECR_ClassicHeuristic_MC -> NNI_Substep_15] - Distance: 59.0000
(((((((15,23),(3,((29,18),16))),4),((1,10),11)),26),(28,((25,20),((2,22),8)))),((((12,(5,6)),(17,(14,(21,7)))),((30,19),(24,13))),(9,27)));

STEP 62 [3sECR_ClassicHeuristic_MC -> NNI_Substep_16] - Distance: 56.0000
(((((((15,23),(3,((29,18),16))),4),((1,10),11)),26),((28,((2,22),8)),(25,20))),((((12,(5,6)),(17,(14,(21,7)))),((30,19),(24,13))),(9,27)));

STEP 63 [3sECR_ClassicHeuristic_MC -> NNI_Substep_17] - Distance: 59.0000
(((((4,(15,(23,(3,((29,18),16))))),((1,10),11)),26),((28,((2,22),8)),(25,20))),((((12,(5,6)),(17,(14,(21,7)))),((30,19),(24,13))),(9,27)));

STEP 64 [3sECR_ClassicHeuristic_MC -> NNI_Substep_18] - Distance: 57.0000
(((((4,(15,((23,((29,18),16)),3))),((1,10),11)),26),((28,((2,22),8)),(25,20))),((((12,(5,6)),(17,(14,(21,7)))),((30,19),(24,13))),(9,27)));

STEP 65 [3sECR_ClassicHeuristic_MC -> NNI_Substep_19] - Distance: 53.0000
((((((4,15),((23,((29,18),16)),3)),((1,10),11)),26),((28,((2,22),8)),(25,20))),((((12,(5,6)),(17,(14,(21,7)))),((30,19),(24,13))),(9,27)));

STEP 66 [3sECR_ClassicHeuristic_MC -> NNI_Substep_20] - Distance: 54.0000
(((26,(((1,10),11),(((4,15),(23,((29,18),16))),3))),((28,((2,22),8)),(25,20))),((((12,(5,6)),(17,(14,(21,7)))),((30,19),(24,13))),(9,27)));

STEP 67 [3sECR_ClassicHeuristic_MC -> NNI_Substep_21] - Distance: 56.0000
(((26,((((1,10),11),((4,15),(23,((29,18),16)))),3)),((28,((2,22),8)),(25,20))),((((12,(5,6)),(17,(14,(21,7)))),((30,19),(24,13))),(9,27)));

STEP 68 [3sECR_ClassicHeuristic_MC -> NNI_Substep_22] - Distance: 54.0000
((((26,(((1,10),11),((4,15),(23,((29,18),16))))),3),((28,((2,22),8)),(25,20))),((((12,(5,6)),(17,(14,(21,7)))),((30,19),(24,13))),(9,27)));

STEP 69 [3sECR_ClassicHeuristic_MC -> NNI_Substep_23] - Distance: 50.0000
(((((26,((4,15),(23,((29,18),16)))),((1,10),11)),3),((28,((2,22),8)),(25,20))),((((12,(5,6)),(17,(14,(21,7)))),((30,19),(24,13))),(9,27)));

STEP 70 [3sECR_ClassicHeuristic_MC -> NNI_Substep_24] - Distance: 47.0000
((((((26,(23,((29,18),16))),(4,15)),((1,10),11)),3),((28,((2,22),8)),(25,20))),((((12,(5,6)),(17,(14,(21,7)))),((30,19),(24,13))),(9,27)));

STEP 71 [3sECR_ClassicHeuristic_MC -> NNI_Substep_25] - Distance: 75.0000
(((28,((2,22),8)),(25,20)),((((26,(23,((29,18),16))),(4,15)),((1,10),11)),(3,((((12,(5,6)),(17,(14,(21,7)))),((30,19),(24,13))),(9,27)))));

STEP 72 [3sECR_ClassicHeuristic_MC -> NNI_Substep_26] - Distance: 72.0000
(((28,((2,22),8)),(25,20)),((((26,(23,((29,18),16))),(4,15)),((1,10),11)),((3,(((12,(5,6)),(17,(14,(21,7)))),((30,19),(24,13)))),(9,27))));

STEP 73 [3sECR_ClassicHeuristic_MC -> NNI_Substep_27] - Distance: 58.0000
(((28,((2,22),8)),(25,20)),(((((26,(23,((29,18),16))),(4,15)),((1,10),11)),(9,27)),(3,(((12,(5,6)),(17,(14,(21,7)))),((30,19),(24,13))))));

STEP 74 [3sECR_ClassicHeuristic_MC -> NNI_Substep_28] - Distance: 50.0000
((((28,((2,22),8)),(25,20)),((((26,(23,((29,18),16))),(4,15)),((1,10),11)),(9,27))),(3,(((30,19),(24,13)),(((12,(5,6)),17),(14,(21,7))))));

STEP 75 [3sECR_ClassicHeuristic_MC -> NNI_Substep_29] - Distance: 51.0000
((((28,((2,22),8)),(25,20)),((((26,(23,((29,18),16))),(4,15)),((1,10),11)),(9,27))),((3,(((12,(5,6)),17),(14,(21,7)))),((30,19),(24,13))));

STEP 76 [3sECR_ClassicHeuristic_MC -> NNI_Substep_30] - Distance: 46.0000
((((28,((2,22),8)),(25,20)),((((26,(23,((29,18),16))),(4,15)),((1,10),11)),(9,27))),(((3,(14,(21,7))),((12,(5,6)),17)),((30,19),(24,13))));

STEP 77 [3sECR_ClassicHeuristic_MC -> NNI_Substep_31] - Distance: 41.0000
((((28,((2,22),8)),(25,20)),((((26,(23,((29,18),16))),(4,15)),((1,10),11)),(9,27))),((((3,(14,(21,7))),(12,(5,6))),17),((30,19),(24,13))));

STEP 78 [3sECR_ClassicHeuristic_MC -> NNI_Substep_32] - Distance: 38.0000
((((28,((2,22),8)),(25,20)),((((26,(23,((29,18),16))),(4,15)),((1,10),11)),(9,27))),((((3,(14,(21,7))),(12,(5,6))),((30,19),(24,13))),17));

STEP 79 [3sECR_ClassicHeuristic_MC -> NNI_Substep_33] - Distance: 42.0000
((((28,((2,22),8)),(25,20)),((9,27),(((1,10),11),(((26,(23,((29,18),16))),4),15)))),((((3,(14,(21,7))),(12,(5,6))),((30,19),(24,13))),17));

STEP 80 [3sECR_ClassicHeuristic_MC -> NNI_Substep_34] - Distance: 44.0000
((((28,((2,22),8)),(25,20)),((9,27),((((1,10),11),((26,(23,((29,18),16))),4)),15))),((((3,(14,(21,7))),(12,(5,6))),((30,19),(24,13))),17));

STEP 81 [3sECR_ClassicHeuristic_MC -> NNI_Substep_35] - Distance: 35.0000
((((28,((2,22),8)),(25,20)),(((9,27),15),(((1,10),11),((26,(23,((29,18),16))),4)))),((((3,(14,(21,7))),(12,(5,6))),((30,19),(24,13))),17));

STEP 82 [3sECR_ClassicHeuristic_MC -> NNI_Substep_36] - Distance: 58.0000
(((28,((2,22),8)),(25,20)),(((9,27),15),((((1,10),11),((26,(23,((29,18),16))),4)),((((3,(14,(21,7))),(12,(5,6))),((30,19),(24,13))),17))));

STEP 83 [3sECR_ClassicHeuristic_MC -> NNI_Substep_37] - Distance: 54.0000
(((28,((2,22),8)),(25,20)),(((9,27),15),(((((1,10),11),((26,(23,((29,18),16))),4)),17),(((3,(14,(21,7))),(12,(5,6))),((30,19),(24,13))))));

STEP 84 [3sECR_ClassicHeuristic_MC -> NNI_Substep_38] - Distance: 45.0000
(((28,((2,22),8)),(25,20)),((((9,27),15),(((3,(14,(21,7))),(12,(5,6))),((30,19),(24,13)))),((((1,10),11),((26,(23,((29,18),16))),4)),17)));

STEP 85 [3sECR_ClassicHeuristic_MC -> NNI_Substep_39] - Distance: 37.0000
((((28,((2,22),8)),(25,20)),(17,((1,10),(11,((26,(23,((29,18),16))),4))))),(((9,27),15),(((3,(14,(21,7))),(12,(5,6))),((30,19),(24,13)))));

STEP 86 [3sECR_ClassicHeuristic_MC -> NNI_Substep_40] - Distance: 29.0000
((((28,((2,22),8)),(25,20)),((17,(1,10)),(11,((26,(23,((29,18),16))),4)))),(((9,27),15),(((3,(14,(21,7))),(12,(5,6))),((30,19),(24,13)))));

STEP 87 [3sECR_ClassicHeuristic_MC -> NNI_Substep_41] - Distance: 25.0000
((((28,((2,22),8)),(25,20)),(((17,(1,10)),((26,(23,((29,18),16))),4)),11)),(((9,27),15),(((3,(14,(21,7))),(12,(5,6))),((30,19),(24,13)))));

STEP 88 [3sECR_ClassicHeuristic_MC -> NNI_Substep_42] - Distance: 23.0000
(((((28,(2,22)),8),(25,20)),(((17,(1,10)),((26,(23,((29,18),16))),4)),11)),(((9,27),15),(((3,(14,(21,7))),(12,(5,6))),((30,19),(24,13)))));

STEP 89 [3sECR_ClassicHeuristic_MC -> NNI_Substep_43] - Distance: 26.0000
((((((28,(2,22)),8),25),20),(((17,(1,10)),((26,(23,((29,18),16))),4)),11)),(((9,27),15),(((3,(14,(21,7))),(12,(5,6))),((30,19),(24,13)))));

STEP 90 [3sECR_ClassicHeuristic_MC -> NNI_Substep_44] - Distance: 25.0000
(((((28,(2,22)),8),25),(20,(((17,(1,10)),((26,(23,((29,18),16))),4)),11))),(((9,27),15),(((3,(14,(21,7))),(12,(5,6))),((30,19),(24,13)))));

STEP 91 [3sECR_ClassicHeuristic_MC -> NNI_Substep_45] - Distance: 21.0000
(((((28,(2,22)),8),25),((20,11),((17,(1,10)),((26,(23,((29,18),16))),4)))),(((9,27),15),(((3,(14,(21,7))),(12,(5,6))),((30,19),(24,13)))));

STEP 92 [3sECR_ClassicHeuristic_MC -> NNI_Substep_46] - Distance: 23.0000
(((((28,(2,22)),8),25),((20,((17,(1,10)),((26,(23,((29,18),16))),4))),11)),(((9,27),15),(((3,(14,(21,7))),(12,(5,6))),((30,19),(24,13)))));

STEP 93 [3sECR_ClassicHeuristic_MC -> NNI_Substep_47] - Distance: 16.0000
(((((28,(2,22)),8),25),(((20,(17,(1,10))),((26,(23,((29,18),16))),4)),11)),(((9,27),15),(((3,(14,(21,7))),(12,(5,6))),((30,19),(24,13)))));

STEP 94 [SPR_ClassicHeuristic_MC -> NNI_Substep_1] - Distance: 17.0000
(((((28,(2,22)),8),25),(((20,(17,(1,10))),((26,(23,((29,18),16))),4)),11)),(((9,27),15),(((3,(14,(21,7))),(12,(5,6))),((30,(24,13)),19))));

STEP 95 [SPR_ClassicHeuristic_MC -> NNI_Substep_2] - Distance: 23.0000
(((((28,(2,22)),8),25),(((20,(17,(1,10))),((26,(23,((29,18),16))),4)),11)),(((9,27),15),((((3,(14,(21,7))),(12,(5,6))),(30,(24,13))),19)));

STEP 96 [SPR_ClassicHeuristic_MC -> NNI_Substep_3] - Distance: 25.0000
(((((28,(2,22)),8),25),(((20,(17,(1,10))),((26,(23,((29,18),16))),4)),11)),((((9,27),15),(((3,(14,(21,7))),(12,(5,6))),(30,(24,13)))),19));

STEP 97 [SPR_ClassicHeuristic_MC -> NNI_Substep_4] - Distance: 14.0000
((((((28,(2,22)),8),25),19),(((20,(17,(1,10))),((26,(23,((29,18),16))),4)),11)),(((9,27),15),(((3,(14,(21,7))),(12,(5,6))),(30,(24,13)))));

STEP 98 [SPR_ClassicHeuristic_MC -> NNI_Substep_5] - Distance: 12.0000
((((((28,(2,22)),8),19),25),(((20,(17,(1,10))),((26,(23,((29,18),16))),4)),11)),(((9,27),15),(((3,(14,(21,7))),(12,(5,6))),(30,(24,13)))));

STEP 99 [SPR_ClassicHeuristic_MC -> NNI_Substep_6] - Distance: 10.0000
((((((28,(2,22)),19),8),25),(((20,(17,(1,10))),((26,(23,((29,18),16))),4)),11)),(((9,27),15),(((3,(14,(21,7))),(12,(5,6))),(30,(24,13)))));

STEP 100 [SPR_ClassicHeuristic_MC -> NNI_Substep_7] - Distance: 8.0000
(((((28,((2,22),19)),8),25),(((20,(17,(1,10))),((26,(23,((29,18),16))),4)),11)),(((9,27),15),(((3,(14,(21,7))),(12,(5,6))),(30,(24,13)))));

STEP 101 [SPR_ClassicHeuristic_MC -> NNI_Substep_8] - Distance: 6.0000
(((((28,((2,19),22)),8),25),(((20,(17,(1,10))),((26,(23,((29,18),16))),4)),11)),(((9,27),15),(((3,(14,(21,7))),(12,(5,6))),(30,(24,13)))));

STEP 102 [SPR_ClassicHeuristic_MC -> NNI_Substep_9] - Distance: 6.0000
(((((28,((2,19),22)),8),25),(((20,(17,(1,10))),((26,(23,((29,18),16))),4)),11)),(((9,15),27),(((3,(14,(21,7))),(12,(5,6))),(30,(24,13)))));

STEP 103 [SPR_ClassicHeuristic_MC -> NNI_Substep_10] - Distance: 15.0000
(((((28,((2,19),22)),8),25),(((20,(17,(1,10))),((26,(23,((29,18),16))),4)),11)),(((9,15),(((3,(14,(21,7))),(12,(5,6))),(30,(24,13)))),27));

STEP 104 [SPR_ClassicHeuristic_MC -> NNI_Substep_11] - Distance: 11.0000
(((((28,((2,19),22)),8),25),((((20,(17,(1,10))),((26,(23,((29,18),16))),4)),11),27)),((9,15),(((3,(14,(21,7))),(12,(5,6))),(30,(24,13)))));

STEP 105 [SPR_ClassicHeuristic_MC -> NNI_Substep_12] - Distance: 0.0000
(((((28,((2,19),22)),8),25),(((20,(17,(1,10))),((26,(23,((29,18),16))),4)),(11,27))),((9,15),(((3,(14,(21,7))),(12,(5,6))),(30,(24,13)))));

========================================================
[FINAL] Total Steps: 105 | Final Distance: 0.0000
========================================================
