========================================================
HEURISTIC TRAJECTORY: VND Classic (MS_RF)
========================================================
STEP 0 [START] - Distance: 145.0000
(((3,(4,29)),(23,22)),((26,(27,(7,(11,6)))),(25,(8,28))),(9,((((((30,(17,16)),(5,24)),(13,12)),(14,2)),((20,18),(15,19))),(10,(1,21)))));

STEP 1 [NNI_ClassicHeuristic_MS_RF -> NNI_Substep_1] - Distance: 139.0000
(((3,(4,29)),(23,22)),((26,(27,(7,(11,6)))),(25,(8,28))),((((((30,(17,16)),(5,24)),(13,12)),(14,2)),((20,18),(15,19))),(9,(10,(1,21)))));

STEP 2 [NNI_ClassicHeuristic_MS_RF -> NNI_Substep_2] - Distance: 133.0000
((((((30,(17,16)),(5,24)),(13,12)),(14,2)),((20,18),(15,19))),((26,(27,(7,(11,6)))),(25,(8,28))),(((3,(4,29)),(23,22)),(9,(10,(1,21)))));

STEP 3 [NNI_ClassicHeuristic_MS_RF -> NNI_Substep_3] - Distance: 129.0000
((((((30,(17,16)),(5,24)),(13,12)),(14,2)),((20,18),(15,19))),((26,(27,(7,(11,6)))),(25,(8,28))),(((3,(4,29)),(9,(10,(1,21)))),(23,22)));

STEP 4 [NNI_ClassicHeuristic_MS_RF -> NNI_Substep_4] - Distance: 125.0000
((((((30,(17,16)),(5,24)),(13,12)),(14,2)),((26,(27,(7,(11,6)))),(25,(8,28)))),((20,18),(15,19)),(((3,(4,29)),(9,(10,(1,21)))),(23,22)));

STEP 5 [NNI_ClassicHeuristic_MS_RF -> NNI_Substep_5] - Distance: 122.0000
(((((14,2),(13,12)),((30,(17,16)),(5,24))),((26,(27,(7,(11,6)))),(25,(8,28)))),((20,18),(15,19)),(((3,(4,29)),(9,(10,(1,21)))),(23,22)));

STEP 6 [NNI_ClassicHeuristic_MS_RF -> NNI_Substep_6] - Distance: 119.0000
(((((14,2),(13,12)),((26,(27,(7,(11,6)))),(25,(8,28)))),((30,(17,16)),(5,24))),((20,18),(15,19)),(((3,(4,29)),(9,(10,(1,21)))),(23,22)));

STEP 7 [NNI_ClassicHeuristic_MS_RF -> NNI_Substep_7] - Distance: 117.0000
(((((14,2),(13,12)),(((7,(11,6)),(27,26)),(25,(8,28)))),((30,(17,16)),(5,24))),((20,18),(15,19)),(((3,(4,29)),(9,(10,(1,21)))),(23,22)));

STEP 8 [NNI_ClassicHeuristic_MS_RF -> NNI_Substep_8] - Distance: 115.0000
(((((14,2),(13,12)),(((25,(8,28)),(27,26)),(7,(11,6)))),((30,(17,16)),(5,24))),((20,18),(15,19)),(((3,(4,29)),(9,(10,(1,21)))),(23,22)));

STEP 9 [NNI_ClassicHeuristic_MS_RF -> NNI_Substep_9] - Distance: 114.0000
(((((14,2),(13,12)),(((25,(8,28)),(27,26)),(7,(11,6)))),((30,(17,16)),(5,24))),((20,18),(15,19)),(((3,(4,29)),((1,21),(10,9))),(23,22)));

STEP 10 [NNI_ClassicHeuristic_MS_RF -> NNI_Substep_10] - Distance: 113.0000
(((((14,2),(13,12)),(((25,(8,28)),(27,26)),(7,(11,6)))),((30,(17,16)),(5,24))),((20,18),(15,19)),(((1,21),((3,(4,29)),(10,9))),(23,22)));

STEP 11 [NNI_ClassicHeuristic_MS_RF -> NNI_Substep_11] - Distance: 112.0000
(((((14,2),(13,12)),(((25,(8,28)),(27,26)),(7,(11,6)))),((30,(17,16)),(5,24))),((20,18),(15,19)),(((1,21),(((10,9),(4,29)),3)),(23,22)));

STEP 12 [NNI_ClassicHeuristic_MS_RF -> NNI_Substep_12] - Distance: 111.0000
(((((14,2),(13,12)),(((25,(8,28)),(27,26)),(7,(11,6)))),((30,(17,16)),(5,24))),((20,18),(15,19)),(((1,21),((((4,29),9),10),3)),(23,22)));

STEP 13 [uTBR_ClassicHeuristic_MS_RF -> NNI_Substep_1] - Distance: 112.0000
(((((2,(13,12)),14),(((25,(8,28)),(27,26)),(7,(11,6)))),((30,(17,16)),(5,24))),((20,18),(15,19)),(((1,21),((((4,29),9),10),3)),(23,22)));

STEP 14 [uTBR_ClassicHeuristic_MS_RF -> NNI_Substep_2] - Distance: 115.0000
(((((2,(13,12)),(((25,(8,28)),(27,26)),(7,(11,6)))),14),((30,(17,16)),(5,24))),((20,18),(15,19)),(((1,21),((((4,29),9),10),3)),(23,22)));

STEP 15 [uTBR_ClassicHeuristic_MS_RF -> NNI_Substep_3] - Distance: 115.0000
(((((2,(13,12)),(((25,(8,28)),(27,26)),(7,(11,6)))),((30,(17,16)),(5,24))),14),((20,18),(15,19)),(((1,21),((((4,29),9),10),3)),(23,22)));

STEP 16 [uTBR_ClassicHeuristic_MS_RF -> NNI_Substep_4] - Distance: 114.0000
((((2,(13,12)),(((25,(8,28)),(27,26)),(7,(11,6)))),((30,(17,16)),(5,24))),((20,18),(15,19)),((((1,21),((((4,29),9),10),3)),(23,22)),14));

STEP 17 [uTBR_ClassicHeuristic_MS_RF -> NNI_Substep_5] - Distance: 106.0000
((((2,(13,12)),(((25,(8,28)),(27,26)),(7,(11,6)))),((30,(17,16)),(5,24))),((20,18),(15,19)),(((1,21),((((4,29),9),10),3)),((23,22),14)));

STEP 18 [uTBR_ClassicHeuristic_MS_RF -> NNI_Substep_6] - Distance: 104.0000
((((2,(13,12)),(((25,(8,28)),(27,26)),(7,(11,6)))),((30,(17,16)),(5,24))),((20,18),(15,19)),(((1,21),((((4,29),9),10),3)),((23,14),22)));

STEP 19 [uTBR_ClassicHeuristic_MS_RF -> NNI_Substep_7] - Distance: 105.0000
((((2,(13,12)),(((25,(8,28)),(27,26)),(7,(11,6)))),(((17,16),(5,24)),30)),((20,18),(15,19)),(((1,21),((((4,29),9),10),3)),((23,14),22)));

STEP 20 [uTBR_ClassicHeuristic_MS_RF -> NNI_Substep_8] - Distance: 107.0000
(((((2,(13,12)),(((25,(8,28)),(27,26)),(7,(11,6)))),((17,16),(5,24))),30),((20,18),(15,19)),(((1,21),((((4,29),9),10),3)),((23,14),22)));

STEP 21 [uTBR_ClassicHeuristic_MS_RF -> NNI_Substep_9] - Distance: 106.0000
((((2,(13,12)),(((25,(8,28)),(27,26)),(7,(11,6)))),((17,16),(5,24))),((20,18),(15,19)),((((1,21),((((4,29),9),10),3)),((23,14),22)),30));

STEP 22 [uTBR_ClassicHeuristic_MS_RF -> NNI_Substep_10] - Distance: 104.0000
((((2,(13,12)),(((25,(8,28)),(27,26)),(7,(11,6)))),((17,16),(5,24))),((20,18),(15,19)),((((1,21),((((4,29),9),10),3)),30),((23,14),22)));

STEP 23 [uTBR_ClassicHeuristic_MS_RF -> NNI_Substep_11] - Distance: 100.0000
((((2,(13,12)),(((25,(8,28)),(27,26)),(7,(11,6)))),((17,16),(5,24))),((20,18),(15,19)),((((1,21),30),((((4,29),9),10),3)),((23,14),22)));

STEP 24 [uTBR_ClassicHeuristic_MS_RF -> NNI_Substep_12] - Distance: 98.0000
((((2,(13,12)),(((25,(8,28)),(27,26)),(7,(11,6)))),((17,16),(5,24))),((20,18),(15,19)),(((1,(21,30)),((((4,29),9),10),3)),((23,14),22)));

STEP 25 [uTBR_ClassicHeuristic_MS_RF -> NNI_Substep_13] - Distance: 96.0000
((((2,(13,12)),(((25,(8,28)),(27,26)),(7,(11,6)))),((17,16),(5,24))),((20,18),(15,19)),(((1,(21,30)),((((29,9),4),10),3)),((23,14),22)));

STEP 26 [uTBR_ClassicHeuristic_MS_RF -> NNI_Substep_14] - Distance: 96.0000
((((2,(13,12)),(((25,(8,28)),(27,26)),(7,(11,6)))),((17,16),(5,24))),((20,18),(15,19)),(((1,(21,30)),((((29,9),10),4),3)),((23,14),22)));

STEP 27 [uTBR_ClassicHeuristic_MS_RF -> NNI_Substep_15] - Distance: 96.0000
((((2,(13,12)),(((25,(8,28)),(27,26)),(7,(11,6)))),((17,16),(5,24))),((20,18),(15,19)),(((1,(21,30)),((((29,9),10),3),4)),((23,14),22)));

STEP 28 [uTBR_ClassicHeuristic_MS_RF -> NNI_Substep_16] - Distance: 98.0000
((((2,(13,12)),(((25,(8,28)),(27,26)),(7,(11,6)))),((17,16),(5,24))),((20,18),(15,19)),((((1,(21,30)),(((29,9),10),3)),4),((23,14),22)));

STEP 29 [uTBR_ClassicHeuristic_MS_RF -> NNI_Substep_17] - Distance: 95.0000
((((2,(13,12)),(((25,(8,28)),(27,26)),(7,(11,6)))),((17,16),(5,24))),((20,18),(15,19)),((((1,(21,30)),4),(((29,9),10),3)),((23,14),22)));

STEP 30 [uTBR_ClassicHeuristic_MS_RF -> NNI_Substep_18] - Distance: 95.0000
((((2,(13,12)),(((25,(8,28)),(27,26)),(7,(11,6)))),((17,16),(5,24))),((20,18),(15,19)),(((1,((21,30),4)),(((29,9),10),3)),((23,14),22)));

STEP 31 [uTBR_ClassicHeuristic_MS_RF -> NNI_Substep_19] - Distance: 94.0000
((((2,(13,12)),(((25,(8,28)),(27,26)),(7,(11,6)))),((17,16),(5,24))),((20,(15,19)),18),(((1,((21,30),4)),(((29,9),10),3)),((23,14),22)));

STEP 32 [uTBR_ClassicHeuristic_MS_RF -> NNI_Substep_20] - Distance: 96.0000
((((2,(13,12)),(((25,(8,28)),(27,26)),(7,(11,6)))),((17,16),(5,24))),(20,(15,19)),((((1,((21,30),4)),(((29,9),10),3)),((23,14),22)),18));

STEP 33 [uTBR_ClassicHeuristic_MS_RF -> NNI_Substep_21] - Distance: 96.0000
((((2,(13,12)),(((25,(8,28)),(27,26)),(7,(11,6)))),((17,16),(5,24))),(20,(15,19)),((((1,((21,30),4)),(((29,9),10),3)),18),((23,14),22)));

STEP 34 [uTBR_ClassicHeuristic_MS_RF -> NNI_Substep_22] - Distance: 91.0000
((((2,(13,12)),(((25,(8,28)),(27,26)),(7,(11,6)))),((17,16),(5,24))),(20,(15,19)),(((1,((21,30),4)),((((29,9),10),3),18)),((23,14),22)));

STEP 35 [uTBR_ClassicHeuristic_MS_RF -> NNI_Substep_23] - Distance: 91.0000
((((2,(13,12)),(((25,(8,28)),(27,26)),(7,(11,6)))),((17,16),(5,24))),(20,(15,19)),(((1,((21,30),4)),((((29,9),10),18),3)),((23,14),22)));

STEP 36 [uTBR_ClassicHeuristic_MS_RF -> NNI_Substep_24] - Distance: 89.0000
((((2,(13,12)),(((25,(8,28)),(27,26)),(7,(11,6)))),((17,16),(5,24))),(20,(15,19)),(((1,((21,30),4)),((((29,9),18),10),3)),((23,14),22)));

STEP 37 [uTBR_ClassicHeuristic_MS_RF -> NNI_Substep_25] - Distance: 93.0000
((((2,(13,12)),(((25,(8,28)),(27,26)),(7,(11,6)))),((17,16),(5,24))),(20,(15,19)),(((((21,30),4),((((29,9),18),10),3)),1),((23,14),22)));

STEP 38 [uTBR_ClassicHeuristic_MS_RF -> NNI_Substep_26] - Distance: 91.0000
((((2,(13,12)),(((25,(8,28)),(27,26)),(7,(11,6)))),((17,16),(5,24))),(20,(15,19)),(((((21,30),4),((((29,9),18),10),3)),((23,14),22)),1));

STEP 39 [uTBR_ClassicHeuristic_MS_RF -> NNI_Substep_27] - Distance: 85.0000
((((2,(13,12)),(((25,(8,28)),(27,26)),(7,(11,6)))),((17,16),(5,24))),((20,(15,19)),1),((((21,30),4),((((29,9),18),10),3)),((23,14),22)));

STEP 40 [uTBR_ClassicHeuristic_MS_RF -> NNI_Substep_28] - Distance: 83.0000
((((2,(13,12)),(((25,(8,28)),(27,26)),(7,(11,6)))),((17,16),(5,24))),(20,((15,19),1)),((((21,30),4),((((29,9),18),10),3)),((23,14),22)));

STEP 41 [uTBR_ClassicHeuristic_MS_RF -> NNI_Substep_29] - Distance: 83.0000
((((2,(13,12)),(((25,(8,28)),(27,26)),(7,(11,6)))),((17,16),(5,24))),(20,(15,(19,1))),((((21,30),4),((((29,9),18),10),3)),((23,14),22)));

STEP 42 [uTBR_ClassicHeuristic_MS_RF -> NNI_Substep_30] - Distance: 83.0000
((((2,(13,12)),(((25,(8,28)),(27,26)),(7,(11,6)))),((17,16),(5,24))),(20,(15,(19,1))),(((((21,30),4),(((29,9),18),10)),3),((23,14),22)));

STEP 43 [uTBR_ClassicHeuristic_MS_RF -> NNI_Substep_31] - Distance: 81.0000
((((2,(13,12)),(((25,(8,28)),(27,26)),(7,(11,6)))),((17,16),(5,24))),(20,(15,(19,1))),(((((21,30),4),(((29,9),18),10)),((23,14),22)),3));

STEP 44 [uTBR_ClassicHeuristic_MS_RF -> NNI_Substep_32] - Distance: 84.0000
(((((2,(13,12)),(((25,(8,28)),(27,26)),(7,(11,6)))),((17,16),(5,24))),3),(20,(15,(19,1))),((((21,30),4),(((29,9),18),10)),((23,14),22)));

STEP 45 [uTBR_ClassicHeuristic_MS_RF -> NNI_Substep_33] - Distance: 85.0000
(((((2,(13,12)),(((25,(8,28)),(27,26)),(7,(11,6)))),3),((17,16),(5,24))),(20,(15,(19,1))),((((21,30),4),(((29,9),18),10)),((23,14),22)));

STEP 46 [uTBR_ClassicHeuristic_MS_RF -> NNI_Substep_34] - Distance: 85.0000
((((2,(13,12)),((((25,(8,28)),(27,26)),(7,(11,6))),3)),((17,16),(5,24))),(20,(15,(19,1))),((((21,30),4),(((29,9),18),10)),((23,14),22)));

STEP 47 [uTBR_ClassicHeuristic_MS_RF -> NNI_Substep_35] - Distance: 81.0000
((((2,(13,12)),(((25,(8,28)),(27,26)),((7,(11,6)),3))),((17,16),(5,24))),(20,(15,(19,1))),((((21,30),4),(((29,9),18),10)),((23,14),22)));

STEP 48 [uTBR_ClassicHeuristic_MS_RF -> NNI_Substep_36] - Distance: 81.0000
((((2,(13,12)),(((25,(8,28)),(27,26)),(7,((11,6),3)))),((17,16),(5,24))),(20,(15,(19,1))),((((21,30),4),(((29,9),18),10)),((23,14),22)));

STEP 49 [uTBR_ClassicHeuristic_MS_RF -> NNI_Substep_37] - Distance: 81.0000
((((2,(13,12)),(((25,(8,28)),(27,26)),(7,(11,(6,3))))),((17,16),(5,24))),(20,(15,(19,1))),((((21,30),4),(((29,9),18),10)),((23,14),22)));

STEP 50 [uTBR_ClassicHeuristic_MS_RF -> NNI_Substep_38] - Distance: 80.0000
((((2,(13,12)),((((8,28),(27,26)),25),(7,(11,(6,3))))),((17,16),(5,24))),(20,(15,(19,1))),((((21,30),4),(((29,9),18),10)),((23,14),22)));

STEP 51 [uTBR_ClassicHeuristic_MS_RF -> NNI_Substep_39] - Distance: 81.0000
((((2,(13,12)),((((8,28),(27,26)),(7,(11,(6,3)))),25)),((17,16),(5,24))),(20,(15,(19,1))),((((21,30),4),(((29,9),18),10)),((23,14),22)));

STEP 52 [uTBR_ClassicHeuristic_MS_RF -> NNI_Substep_40] - Distance: 81.0000
(((((2,(13,12)),(((8,28),(27,26)),(7,(11,(6,3))))),25),((17,16),(5,24))),(20,(15,(19,1))),((((21,30),4),(((29,9),18),10)),((23,14),22)));

STEP 53 [uTBR_ClassicHeuristic_MS_RF -> NNI_Substep_41] - Distance: 76.0000
(((((2,(13,12)),25),(((8,28),(27,26)),(7,(11,(6,3))))),((17,16),(5,24))),(20,(15,(19,1))),((((21,30),4),(((29,9),18),10)),((23,14),22)));

STEP 54 [uTBR_ClassicHeuristic_MS_RF -> NNI_Substep_42] - Distance: 76.0000
((((2,((13,12),25)),(((8,28),(27,26)),(7,(11,(6,3))))),((17,16),(5,24))),(20,(15,(19,1))),((((21,30),4),(((29,9),18),10)),((23,14),22)));

STEP 55 [uTBR_ClassicHeuristic_MS_RF -> NNI_Substep_43] - Distance: 83.0000
(((((2,((13,12),25)),(((8,28),(27,26)),(7,(11,(6,3))))),((17,16),(5,24))),20),(15,(19,1)),((((21,30),4),(((29,9),18),10)),((23,14),22)));

STEP 56 [uTBR_ClassicHeuristic_MS_RF -> NNI_Substep_44] - Distance: 82.0000
(((((2,((13,12),25)),(((8,28),(27,26)),(7,(11,(6,3))))),20),((17,16),(5,24))),(15,(19,1)),((((21,30),4),(((29,9),18),10)),((23,14),22)));

STEP 57 [uTBR_ClassicHeuristic_MS_RF -> NNI_Substep_45] - Distance: 79.0000
((((2,((13,12),25)),((((8,28),(27,26)),(7,(11,(6,3)))),20)),((17,16),(5,24))),(15,(19,1)),((((21,30),4),(((29,9),18),10)),((23,14),22)));

STEP 58 [uTBR_ClassicHeuristic_MS_RF -> NNI_Substep_46] - Distance: 74.0000
((((2,((13,12),25)),((((8,28),(27,26)),20),(7,(11,(6,3))))),((17,16),(5,24))),(15,(19,1)),((((21,30),4),(((29,9),18),10)),((23,14),22)));

STEP 59 [uTBR_ClassicHeuristic_MS_RF -> NNI_Substep_47] - Distance: 71.0000
((((2,((13,12),25)),(((8,28),((27,26),20)),(7,(11,(6,3))))),((17,16),(5,24))),(15,(19,1)),((((21,30),4),(((29,9),18),10)),((23,14),22)));

STEP 60 [uTBR_ClassicHeuristic_MS_RF -> NNI_Substep_48] - Distance: 71.0000
((((2,((13,12),25)),(((8,28),((27,20),26)),(7,(11,(6,3))))),((17,16),(5,24))),(15,(19,1)),((((21,30),4),(((29,9),18),10)),((23,14),22)));

STEP 61 [uTBR_ClassicHeuristic_MS_RF -> NNI_Substep_49] - Distance: 70.0000
((((2,((13,12),25)),((((8,28),(27,20)),26),(7,(11,(6,3))))),((17,16),(5,24))),(15,(19,1)),((((21,30),4),(((29,9),18),10)),((23,14),22)));

STEP 62 [uTBR_ClassicHeuristic_MS_RF -> NNI_Substep_50] - Distance: 73.0000
((((2,((13,12),25)),((((8,28),(27,20)),(7,(11,(6,3)))),26)),((17,16),(5,24))),(15,(19,1)),((((21,30),4),(((29,9),18),10)),((23,14),22)));

STEP 63 [uTBR_ClassicHeuristic_MS_RF -> NNI_Substep_51] - Distance: 74.0000
(((((2,((13,12),25)),(((8,28),(27,20)),(7,(11,(6,3))))),26),((17,16),(5,24))),(15,(19,1)),((((21,30),4),(((29,9),18),10)),((23,14),22)));

STEP 64 [uTBR_ClassicHeuristic_MS_RF -> NNI_Substep_52] - Distance: 73.0000
(((((2,((13,12),25)),(((8,28),(27,20)),(7,(11,(6,3))))),((17,16),(5,24))),26),(15,(19,1)),((((21,30),4),(((29,9),18),10)),((23,14),22)));

STEP 65 [uTBR_ClassicHeuristic_MS_RF -> NNI_Substep_53] - Distance: 66.0000
((((2,((13,12),25)),(((8,28),(27,20)),(7,(11,(6,3))))),((17,16),(5,24))),((15,(19,1)),26),((((21,30),4),(((29,9),18),10)),((23,14),22)));

STEP 66 [uTBR_ClassicHeuristic_MS_RF -> NNI_Substep_54] - Distance: 65.0000
((((2,((13,12),25)),(((8,28),(27,20)),(7,(11,(6,3))))),((17,16),(5,24))),((15,26),(19,1)),((((21,30),4),(((29,9),18),10)),((23,14),22)));

STEP 67 [uTBR_ClassicHeuristic_MS_RF -> NNI_Substep_55] - Distance: 64.0000
((((2,((13,12),25)),(((8,28),(27,20)),((7,11),(6,3)))),((17,16),(5,24))),((15,26),(19,1)),((((21,30),4),(((29,9),18),10)),((23,14),22)));

STEP 68 [uTBR_ClassicHeuristic_MS_RF -> NNI_Substep_56] - Distance: 64.0000
((((2,((13,12),25)),((((8,28),(27,20)),(7,11)),(6,3))),((17,16),(5,24))),((15,26),(19,1)),((((21,30),4),(((29,9),18),10)),((23,14),22)));

STEP 69 [uTBR_ClassicHeuristic_MS_RF -> NNI_Substep_57] - Distance: 64.0000
(((((2,((13,12),25)),(((8,28),(27,20)),(7,11))),(6,3)),((17,16),(5,24))),((15,26),(19,1)),((((21,30),4),(((29,9),18),10)),((23,14),22)));

STEP 70 [uTBR_ClassicHeuristic_MS_RF -> NNI_Substep_58] - Distance: 62.0000
(((((2,((13,12),25)),(((8,28),(27,20)),(7,11))),((17,16),(5,24))),(6,3)),((15,26),(19,1)),((((21,30),4),(((29,9),18),10)),((23,14),22)));

STEP 71 [uTBR_ClassicHeuristic_MS_RF -> NNI_Substep_59] - Distance: 60.0000
((((2,((13,12),25)),(((8,28),(27,20)),(7,11))),(((17,16),(5,24)),(6,3))),((15,26),(19,1)),((((21,30),4),(((29,9),18),10)),((23,14),22)));

STEP 72 [uTBR_ClassicHeuristic_MS_RF -> NNI_Substep_60] - Distance: 60.0000
((((2,((13,12),25)),(((8,28),(27,20)),(7,11))),((17,16),((5,24),(6,3)))),((15,26),(19,1)),((((21,30),4),(((29,9),18),10)),((23,14),22)));

STEP 73 [uTBR_ClassicHeuristic_MS_RF -> NNI_Substep_61] - Distance: 61.0000
((((2,((13,12),25)),(((8,28),(27,20)),(7,11))),((17,16),(5,(24,(6,3))))),((15,26),(19,1)),((((21,30),4),(((29,9),18),10)),((23,14),22)));

STEP 74 [uTBR_ClassicHeuristic_MS_RF -> NNI_Substep_62] - Distance: 65.0000
((((2,((13,12),25)),(((8,28),(27,20)),(7,11))),((17,16),(5,(24,(6,3))))),((15,26),(19,1)),(((((21,30),4),(((29,9),18),10)),(23,14)),22));

STEP 75 [uTBR_ClassicHeuristic_MS_RF -> NNI_Substep_63] - Distance: 64.0000
(((((2,((13,12),25)),(((8,28),(27,20)),(7,11))),((17,16),(5,(24,(6,3))))),22),((15,26),(19,1)),((((21,30),4),(((29,9),18),10)),(23,14)));

STEP 76 [uTBR_ClassicHeuristic_MS_RF -> NNI_Substep_64] - Distance: 61.0000
(((((2,((13,12),25)),(((8,28),(27,20)),(7,11))),22),((17,16),(5,(24,(6,3))))),((15,26),(19,1)),((((21,30),4),(((29,9),18),10)),(23,14)));

STEP 77 [uTBR_ClassicHeuristic_MS_RF -> NNI_Substep_65] - Distance: 58.0000
((((2,((13,12),25)),((((8,28),(27,20)),(7,11)),22)),((17,16),(5,(24,(6,3))))),((15,26),(19,1)),((((21,30),4),(((29,9),18),10)),(23,14)));

STEP 78 [uTBR_ClassicHeuristic_MS_RF -> NNI_Substep_66] - Distance: 57.0000
((((2,((13,12),25)),(((8,28),(27,20)),((7,11),22))),((17,16),(5,(24,(6,3))))),((15,26),(19,1)),((((21,30),4),(((29,9),18),10)),(23,14)));

STEP 79 [uTBR_ClassicHeuristic_MS_RF -> NNI_Substep_67] - Distance: 57.0000
((((2,((13,12),25)),(((8,28),(27,20)),(7,(11,22)))),((17,16),(5,(24,(6,3))))),((15,26),(19,1)),((((21,30),4),(((29,9),18),10)),(23,14)));

STEP 80 [uTBR_ClassicHeuristic_MS_RF -> NNI_Substep_68] - Distance: 60.0000
((((2,((13,12),25)),(((8,28),(27,20)),(7,(11,22)))),((17,16),(5,(24,(6,3))))),(19,1),(((((21,30),4),(((29,9),18),10)),(23,14)),(15,26)));

STEP 81 [uTBR_ClassicHeuristic_MS_RF -> NNI_Substep_69] - Distance: 51.0000
((((2,((13,12),25)),(((8,28),(27,20)),(7,(11,22)))),((17,16),(5,(24,(6,3))))),(19,1),((((21,30),4),(((29,9),18),10)),((23,14),(15,26))));

STEP 82 [uTBR_ClassicHeuristic_MS_RF -> NNI_Substep_70] - Distance: 49.0000
(((2,((13,12),25)),(((8,28),(27,20)),(7,(11,22)))),(((17,16),(5,(24,(6,3)))),((((21,30),4),(((29,9),18),10)),((23,14),(15,26)))),(19,1));

STEP 83 [uTBR_ClassicHeuristic_MS_RF -> NNI_Substep_71] - Distance: 44.0000
(((2,((13,12),25)),(((8,28),(27,20)),(7,(11,22)))),((17,16),((5,(24,(6,3))),((((21,30),4),(((29,9),18),10)),((23,14),(15,26))))),(19,1));

STEP 84 [uTBR_ClassicHeuristic_MS_RF -> NNI_Substep_72] - Distance: 40.0000
(((2,((13,12),25)),(((8,28),(27,20)),(7,(11,22)))),((17,16),(5,((24,(6,3)),((((21,30),4),(((29,9),18),10)),((23,14),(15,26)))))),(19,1));

STEP 85 [uTBR_ClassicHeuristic_MS_RF -> NNI_Substep_73] - Distance: 41.0000
(((2,((13,12),25)),(((8,(27,20)),28),(7,(11,22)))),((17,16),(5,((24,(6,3)),((((21,30),4),(((29,9),18),10)),((23,14),(15,26)))))),(19,1));

STEP 86 [uTBR_ClassicHeuristic_MS_RF -> NNI_Substep_74] - Distance: 43.0000
(((2,((13,12),25)),(((8,(27,20)),(7,(11,22))),28)),((17,16),(5,((24,(6,3)),((((21,30),4),(((29,9),18),10)),((23,14),(15,26)))))),(19,1));

STEP 87 [uTBR_ClassicHeuristic_MS_RF -> NNI_Substep_75] - Distance: 46.0000
((((2,((13,12),25)),((8,(27,20)),(7,(11,22)))),28),((17,16),(5,((24,(6,3)),((((21,30),4),(((29,9),18),10)),((23,14),(15,26)))))),(19,1));

STEP 88 [uTBR_ClassicHeuristic_MS_RF -> NNI_Substep_76] - Distance: 43.0000
(((2,((13,12),25)),((8,(27,20)),(7,(11,22)))),(((17,16),(5,((24,(6,3)),((((21,30),4),(((29,9),18),10)),((23,14),(15,26)))))),28),(19,1));

STEP 89 [uTBR_ClassicHeuristic_MS_RF -> NNI_Substep_77] - Distance: 40.0000
(((2,((13,12),25)),((8,(27,20)),(7,(11,22)))),((17,16),((5,((24,(6,3)),((((21,30),4),(((29,9),18),10)),((23,14),(15,26))))),28)),(19,1));

STEP 90 [uTBR_ClassicHeuristic_MS_RF -> NNI_Substep_78] - Distance: 33.0000
(((2,((13,12),25)),((8,(27,20)),(7,(11,22)))),((17,16),((5,28),((24,(6,3)),((((21,30),4),(((29,9),18),10)),((23,14),(15,26)))))),(19,1));

STEP 91 [uTBR_ClassicHeuristic_MS_RF -> NNI_Substep_79] - Distance: 31.0000
((((2,((13,12),25)),((8,(27,20)),(7,(11,22)))),((5,28),((24,(6,3)),((((21,30),4),(((29,9),18),10)),((23,14),(15,26)))))),(17,16),(19,1));

STEP 92 [uTBR_ClassicHeuristic_MS_RF -> NNI_Substep_80] - Distance: 25.0000
((((2,((13,12),25)),((5,28),((24,(6,3)),((((21,30),4),(((29,9),18),10)),((23,14),(15,26)))))),((8,(27,20)),(7,(11,22)))),(17,16),(19,1));

STEP 93 [uTBR_ClassicHeuristic_MS_RF -> NNI_Substep_81] - Distance: 22.0000
(((2,(((13,12),25),((5,28),((24,(6,3)),((((21,30),4),(((29,9),18),10)),((23,14),(15,26))))))),((8,(27,20)),(7,(11,22)))),(17,16),(19,1));

STEP 94 [uTBR_ClassicHeuristic_MS_RF -> NNI_Substep_82] - Distance: 25.0000
(((2,((8,(27,20)),(7,(11,22)))),(((13,12),25),((5,28),((24,(6,3)),((((21,30),4),(((29,9),18),10)),((23,14),(15,26))))))),(17,16),(19,1));

STEP 95 [uTBR_ClassicHeuristic_MS_RF -> NNI_Substep_83] - Distance: 23.0000
(((((8,(27,20)),(7,(11,22))),(((13,12),25),((5,28),((24,(6,3)),((((21,30),4),(((29,9),18),10)),((23,14),(15,26))))))),2),(17,16),(19,1));

STEP 96 [uTBR_ClassicHeuristic_MS_RF -> NNI_Substep_84] - Distance: 17.0000
(((((7,(11,22)),(((13,12),25),((5,28),((24,(6,3)),((((21,30),4),(((29,9),18),10)),((23,14),(15,26))))))),(8,(27,20))),2),(17,16),(19,1));

STEP 97 [uTBR_ClassicHeuristic_MS_RF -> NNI_Substep_85] - Distance: 13.0000
((2,((8,(27,20)),(7,((11,22),(((13,12),25),((5,28),((24,(6,3)),((((21,30),4),(((29,9),18),10)),((23,14),(15,26)))))))))),(17,16),(19,1));

STEP 98 [uTBR_ClassicHeuristic_MS_RF -> NNI_Substep_86] - Distance: 14.0000
(((2,((8,(27,20)),(7,((11,22),(((13,12),25),((5,28),((24,(6,3)),((((21,30),4),(((29,9),18),10)),((23,14),(15,26)))))))))),16),17,(19,1));

STEP 99 [uTBR_ClassicHeuristic_MS_RF -> NNI_Substep_87] - Distance: 14.0000
((2,(((8,(27,20)),(7,((11,22),(((13,12),25),((5,28),((24,(6,3)),((((21,30),4),(((29,9),18),10)),((23,14),(15,26))))))))),16)),17,(19,1));

STEP 100 [uTBR_ClassicHeuristic_MS_RF -> NNI_Substep_88] - Distance: 14.0000
((2,((8,(27,20)),((7,((11,22),(((13,12),25),((5,28),((24,(6,3)),((((21,30),4),(((29,9),18),10)),((23,14),(15,26)))))))),16))),17,(19,1));

STEP 101 [uTBR_ClassicHeuristic_MS_RF -> NNI_Substep_89] - Distance: 8.0000
((2,((8,(27,20)),((7,16),((11,22),(((13,12),25),((5,28),((24,(6,3)),((((21,30),4),(((29,9),18),10)),((23,14),(15,26)))))))))),17,(19,1));

STEP 102 [uTBR_ClassicHeuristic_MS_RF -> NNI_Substep_90] - Distance: 5.0000
(2,(((8,(27,20)),((7,16),((11,22),(((13,12),25),((5,28),((24,(6,3)),((((21,30),4),(((29,9),18),10)),((23,14),(15,26))))))))),(19,1)),17);

STEP 103 [uTBR_ClassicHeuristic_MS_RF -> NNI_Substep_91] - Distance: 4.0000
(2,((8,(27,20)),(((7,16),((11,22),(((13,12),25),((5,28),((24,(6,3)),((((21,30),4),(((29,9),18),10)),((23,14),(15,26)))))))),(19,1))),17);

STEP 104 [uTBR_ClassicHeuristic_MS_RF -> NNI_Substep_92] - Distance: 0.0000
(2,(8,((27,20),(((7,16),((11,22),(((13,12),25),((5,28),((24,(6,3)),((((21,30),4),(((29,9),18),10)),((23,14),(15,26)))))))),(19,1)))),17);

========================================================
[FINAL] Total Steps: 104 | Final Distance: 0.0000
========================================================
