========================================================
HEURISTIC TRAJECTORY: VND Classic (MP_RF)
========================================================
STEP 0 [START] - Distance: 317.0000
(((((((12,(1,19)),(23,14)),(25,26)),(((20,(7,24)),(28,6)),(15,(3,(11,21))))),(8,((2,5),(13,((18,10),(4,29)))))),(17,22)),((30,9),(27,16)));

STEP 1 [NNI_ClassicHeuristic_MP_RF -> NNI_Substep_1] - Distance: 302.0000
((((17,22),(8,((2,5),(13,((18,10),(4,29)))))),((((12,(1,19)),(23,14)),(25,26)),(((20,(7,24)),(28,6)),(15,(3,(11,21)))))),((30,9),(27,16)));

STEP 2 [NNI_ClassicHeuristic_MP_RF -> NNI_Substep_2] - Distance: 294.0000
(((((20,(7,24)),(28,6)),(15,(3,(11,21)))),((((12,(1,19)),(23,14)),(25,26)),((30,9),(27,16)))),((17,22),(8,((2,5),(13,((18,10),(4,29)))))));

STEP 3 [NNI_ClassicHeuristic_MP_RF -> NNI_Substep_3] - Distance: 293.0000
((((((28,6),(7,24)),20),(15,(3,(11,21)))),((((12,(1,19)),(23,14)),(25,26)),((30,9),(27,16)))),((17,22),(8,((2,5),(13,((18,10),(4,29)))))));

STEP 4 [NNI_ClassicHeuristic_MP_RF -> NNI_Substep_4] - Distance: 292.0000
(((((((7,24),6),28),20),(15,(3,(11,21)))),((((12,(1,19)),(23,14)),(25,26)),((30,9),(27,16)))),((17,22),(8,((2,5),(13,((18,10),(4,29)))))));

STEP 5 [NNI_ClassicHeuristic_MP_RF -> NNI_Substep_5] - Distance: 291.0000
(((((((7,24),6),28),20),(15,(3,(11,21)))),((((12,(1,19)),(23,14)),(25,26)),(((27,16),9),30))),((17,22),(8,((2,5),(13,((18,10),(4,29)))))));

STEP 6 [NNI_ClassicHeuristic_MP_RF -> NNI_Substep_6] - Distance: 290.0000
(((((((7,24),6),28),20),(15,(3,(11,21)))),((((12,(1,19)),(23,14)),(25,26)),(((27,16),9),30))),(((8,((2,5),(13,((18,10),(4,29))))),22),17));

STEP 7 [TBR_ClassicHeuristic_MP_RF -> NNI_Substep_1] - Distance: 290.0000
(((((((7,24),6),28),20),(15,(3,(11,21)))),(((((1,19),(23,14)),12),(25,26)),(((27,16),9),30))),(((8,((2,5),(13,((18,10),(4,29))))),22),17));

STEP 8 [TBR_ClassicHeuristic_MP_RF -> NNI_Substep_2] - Distance: 290.0000
(((((((7,24),6),28),20),(15,(3,(11,21)))),(((((1,19),(23,14)),(25,26)),12),(((27,16),9),30))),(((8,((2,5),(13,((18,10),(4,29))))),22),17));

STEP 9 [TBR_ClassicHeuristic_MP_RF -> NNI_Substep_3] - Distance: 290.0000
(((((((7,24),6),28),20),(15,(3,(11,21)))),(((((1,19),(23,14)),(25,26)),(((27,16),9),30)),12)),(((8,((2,5),(13,((18,10),(4,29))))),22),17));

STEP 10 [TBR_ClassicHeuristic_MP_RF -> NNI_Substep_4] - Distance: 290.0000
((((((((7,24),6),28),20),(15,(3,(11,21)))),((((1,19),(23,14)),(25,26)),(((27,16),9),30))),12),(((8,((2,5),(13,((18,10),(4,29))))),22),17));

STEP 11 [TBR_ClassicHeuristic_MP_RF -> NNI_Substep_5] - Distance: 278.0000
(((((((7,24),6),28),20),(15,(3,(11,21)))),((((1,19),(23,14)),(25,26)),(((27,16),9),30))),((((8,((2,5),(13,((18,10),(4,29))))),22),12),17));

STEP 12 [TBR_ClassicHeuristic_MP_RF -> NNI_Substep_6] - Distance: 278.0000
(((((((7,24),6),28),20),(15,(3,(11,21)))),((((1,19),(23,14)),(25,26)),(((27,16),9),30))),((((8,((2,5),(13,((18,10),(4,29))))),12),22),17));

STEP 13 [TBR_ClassicHeuristic_MP_RF -> NNI_Substep_7] - Distance: 278.0000
(((((((7,24),6),28),20),(15,(3,(11,21)))),((((1,19),(23,14)),(25,26)),(((27,16),9),30))),(((8,(((2,5),(13,((18,10),(4,29)))),12)),22),17));

STEP 14 [TBR_ClassicHeuristic_MP_RF -> NNI_Substep_8] - Distance: 277.0000
(((((((7,24),6),28),20),(15,(3,(11,21)))),((((1,19),(23,14)),(25,26)),(((27,16),9),30))),(((8,(((2,5),12),(13,((18,10),(4,29))))),22),17));

STEP 15 [TBR_ClassicHeuristic_MP_RF -> NNI_Substep_9] - Distance: 276.0000
(((((((7,24),6),28),20),(15,(3,(11,21)))),((((1,19),(23,14)),(25,26)),(((27,16),9),30))),(((8,(((2,12),5),(13,((18,10),(4,29))))),22),17));

STEP 16 [TBR_ClassicHeuristic_MP_RF -> NNI_Substep_10] - Distance: 276.0000
(((((((7,24),6),28),20),(15,((3,21),11))),((((1,19),(23,14)),(25,26)),(((27,16),9),30))),(((8,(((2,12),5),(13,((18,10),(4,29))))),22),17));

STEP 17 [TBR_ClassicHeuristic_MP_RF -> NNI_Substep_11] - Distance: 276.0000
(((((((7,24),6),28),20),((15,(3,21)),11)),((((1,19),(23,14)),(25,26)),(((27,16),9),30))),(((8,(((2,12),5),(13,((18,10),(4,29))))),22),17));

STEP 18 [TBR_ClassicHeuristic_MP_RF -> NNI_Substep_12] - Distance: 276.0000
((((((((7,24),6),28),20),(15,(3,21))),11),((((1,19),(23,14)),(25,26)),(((27,16),9),30))),(((8,(((2,12),5),(13,((18,10),(4,29))))),22),17));

STEP 19 [TBR_ClassicHeuristic_MP_RF -> NNI_Substep_13] - Distance: 275.0000
((((((((7,24),6),28),20),(15,(3,21))),((((1,19),(23,14)),(25,26)),(((27,16),9),30))),11),(((8,(((2,12),5),(13,((18,10),(4,29))))),22),17));

STEP 20 [TBR_ClassicHeuristic_MP_RF -> NNI_Substep_14] - Distance: 262.0000
(((((((7,24),6),28),20),(15,(3,21))),((((1,19),(23,14)),(25,26)),(((27,16),9),30))),(((8,(((2,12),5),(13,((18,10),(4,29))))),22),(17,11)));

STEP 21 [TBR_ClassicHeuristic_MP_RF -> NNI_Substep_15] - Distance: 262.0000
(((((((7,24),6),28),20),(15,(3,21))),((((19,(23,14)),1),(25,26)),(((27,16),9),30))),(((8,(((2,12),5),(13,((18,10),(4,29))))),22),(17,11)));

STEP 22 [TBR_ClassicHeuristic_MP_RF -> NNI_Substep_16] - Distance: 262.0000
(((((((7,24),6),28),20),(15,(3,21))),((((19,(23,14)),(25,26)),1),(((27,16),9),30))),(((8,(((2,12),5),(13,((18,10),(4,29))))),22),(17,11)));

STEP 23 [TBR_ClassicHeuristic_MP_RF -> NNI_Substep_17] - Distance: 262.0000
(((((((7,24),6),28),20),(15,(3,21))),((((19,(23,14)),(25,26)),(((27,16),9),30)),1)),(((8,(((2,12),5),(13,((18,10),(4,29))))),22),(17,11)));

STEP 24 [TBR_ClassicHeuristic_MP_RF -> NNI_Substep_18] - Distance: 262.0000
((((((((7,24),6),28),20),(15,(3,21))),(((19,(23,14)),(25,26)),(((27,16),9),30))),1),(((8,(((2,12),5),(13,((18,10),(4,29))))),22),(17,11)));

STEP 25 [TBR_ClassicHeuristic_MP_RF -> NNI_Substep_19] - Distance: 246.0000
(((((((7,24),6),28),20),(15,(3,21))),(((19,(23,14)),(25,26)),(((27,16),9),30))),(((8,(((2,12),5),(13,((18,10),(4,29))))),22),((17,11),1)));

STEP 26 [TBR_ClassicHeuristic_MP_RF -> NNI_Substep_20] - Distance: 246.0000
(((((((7,24),6),28),20),(15,(3,21))),(((19,(23,14)),(25,26)),(((27,16),9),30))),(((8,(((2,12),5),(13,((18,10),(4,29))))),((17,11),1)),22));

STEP 27 [TBR_ClassicHeuristic_MP_RF -> NNI_Substep_21] - Distance: 235.0000
((((((((7,24),6),28),20),(15,(3,21))),22),(((19,(23,14)),(25,26)),(((27,16),9),30))),((8,(((2,12),5),(13,((18,10),(4,29))))),((17,11),1)));

STEP 28 [TBR_ClassicHeuristic_MP_RF -> NNI_Substep_22] - Distance: 232.0000
(((((((7,24),6),28),20),((15,(3,21)),22)),(((19,(23,14)),(25,26)),(((27,16),9),30))),((8,(((2,12),5),(13,((18,10),(4,29))))),((17,11),1)));

STEP 29 [TBR_ClassicHeuristic_MP_RF -> NNI_Substep_23] - Distance: 231.0000
(((((((7,24),6),28),20),(15,((3,21),22))),(((19,(23,14)),(25,26)),(((27,16),9),30))),((8,(((2,12),5),(13,((18,10),(4,29))))),((17,11),1)));

STEP 30 [TBR_ClassicHeuristic_MP_RF -> NNI_Substep_24] - Distance: 231.0000
(((((((7,24),6),28),20),(15,(3,(21,22)))),(((19,(23,14)),(25,26)),(((27,16),9),30))),((8,(((2,12),5),(13,((18,10),(4,29))))),((17,11),1)));

STEP 31 [TBR_ClassicHeuristic_MP_RF -> NNI_Substep_25] - Distance: 231.0000
(((((((7,24),6),28),20),(15,(3,(21,22)))),(((19,(23,14)),(25,26)),(((27,16),9),30))),(((((2,12),5),(13,((18,10),(4,29)))),((17,11),1)),8));

STEP 32 [TBR_ClassicHeuristic_MP_RF -> NNI_Substep_26] - Distance: 218.0000
((((((((7,24),6),28),20),(15,(3,(21,22)))),8),(((19,(23,14)),(25,26)),(((27,16),9),30))),((((2,12),5),(13,((18,10),(4,29)))),((17,11),1)));

STEP 33 [TBR_ClassicHeuristic_MP_RF -> NNI_Substep_27] - Distance: 215.0000
(((((((7,24),6),28),20),((15,(3,(21,22))),8)),(((19,(23,14)),(25,26)),(((27,16),9),30))),((((2,12),5),(13,((18,10),(4,29)))),((17,11),1)));

STEP 34 [TBR_ClassicHeuristic_MP_RF -> NNI_Substep_28] - Distance: 214.0000
(((((((7,24),6),28),20),(15,((3,(21,22)),8))),(((19,(23,14)),(25,26)),(((27,16),9),30))),((((2,12),5),(13,((18,10),(4,29)))),((17,11),1)));

STEP 35 [TBR_ClassicHeuristic_MP_RF -> NNI_Substep_29] - Distance: 214.0000
(((((((7,24),6),28),20),(15,(3,((21,22),8)))),(((19,(23,14)),(25,26)),(((27,16),9),30))),((((2,12),5),(13,((18,10),(4,29)))),((17,11),1)));

STEP 36 [TBR_ClassicHeuristic_MP_RF -> NNI_Substep_30] - Distance: 214.0000
(((((((7,24),6),28),20),((15,((21,22),8)),3)),(((19,(23,14)),(25,26)),(((27,16),9),30))),((((2,12),5),(13,((18,10),(4,29)))),((17,11),1)));

STEP 37 [TBR_ClassicHeuristic_MP_RF -> NNI_Substep_31] - Distance: 214.0000
((((((((7,24),6),28),20),(15,((21,22),8))),3),(((19,(23,14)),(25,26)),(((27,16),9),30))),((((2,12),5),(13,((18,10),(4,29)))),((17,11),1)));

STEP 38 [TBR_ClassicHeuristic_MP_RF -> NNI_Substep_32] - Distance: 218.0000
((((((((7,24),6),28),20),(15,((21,22),8))),(((19,(23,14)),(25,26)),(((27,16),9),30))),3),((((2,12),5),(13,((18,10),(4,29)))),((17,11),1)));

STEP 39 [TBR_ClassicHeuristic_MP_RF -> NNI_Substep_33] - Distance: 226.0000
(((((((7,24),6),28),20),(15,((21,22),8))),(((19,(23,14)),(25,26)),(((27,16),9),30))),(((((2,12),5),(13,((18,10),(4,29)))),3),((17,11),1)));

STEP 40 [TBR_ClassicHeuristic_MP_RF -> NNI_Substep_34] - Distance: 226.0000
(((((((7,24),6),28),20),(15,((21,22),8))),(((19,(23,14)),(25,26)),(((27,16),9),30))),((((2,12),5),((13,((18,10),(4,29))),3)),((17,11),1)));

STEP 41 [TBR_ClassicHeuristic_MP_RF -> NNI_Substep_35] - Distance: 225.0000
(((((((7,24),6),28),20),(15,((21,22),8))),(((19,(23,14)),(25,26)),(((27,16),9),30))),((((2,12),5),(13,(((18,10),(4,29)),3))),((17,11),1)));

STEP 42 [TBR_ClassicHeuristic_MP_RF -> NNI_Substep_36] - Distance: 225.0000
(((((((7,24),6),28),20),(15,((21,22),8))),(((19,(23,14)),(25,26)),(((27,16),9),30))),((((2,12),5),(13,(((18,10),3),(4,29)))),((17,11),1)));

STEP 43 [TBR_ClassicHeuristic_MP_RF -> NNI_Substep_37] - Distance: 225.0000
(((((((7,24),6),28),20),(15,((21,22),8))),(((19,(23,14)),(25,26)),(((27,16),9),30))),((((2,12),5),(13,((18,(10,3)),(4,29)))),((17,11),1)));

STEP 44 [TBR_ClassicHeuristic_MP_RF -> NNI_Substep_38] - Distance: 225.0000
(((((((7,24),6),28),20),(15,((21,22),8))),(((19,(23,14)),(25,26)),(((27,16),9),30))),((((2,12),5),(13,((18,(4,29)),(10,3)))),((17,11),1)));

STEP 45 [TBR_ClassicHeuristic_MP_RF -> NNI_Substep_39] - Distance: 225.0000
(((((((7,24),6),28),20),(15,((21,22),8))),(((19,(23,14)),(25,26)),(((27,16),9),30))),((((2,12),5),((13,(18,(4,29))),(10,3))),((17,11),1)));

STEP 46 [TBR_ClassicHeuristic_MP_RF -> NNI_Substep_40] - Distance: 225.0000
(((((((7,24),6),28),20),(15,((21,22),8))),(((19,(23,14)),(25,26)),(((27,16),9),30))),(((((2,12),5),(13,(18,(4,29)))),(10,3)),((17,11),1)));

STEP 47 [TBR_ClassicHeuristic_MP_RF -> NNI_Substep_41] - Distance: 225.0000
(((((((7,24),6),28),20),(15,((21,22),8))),(((19,(23,14)),(25,26)),(((27,16),9),30))),(((((2,12),5),(13,(18,(4,29)))),((17,11),1)),(10,3)));

STEP 48 [TBR_ClassicHeuristic_MP_RF -> NNI_Substep_42] - Distance: 211.0000
(((((((7,24),6),28),20),(15,((21,22),8))),((((19,(23,14)),(25,26)),(((27,16),9),30)),(10,3))),((((2,12),5),(13,(18,(4,29)))),((17,11),1)));

STEP 49 [TBR_ClassicHeuristic_MP_RF -> NNI_Substep_43] - Distance: 211.0000
(((((((7,24),6),28),20),(15,((21,22),8))),((((19,(23,14)),(25,26)),(10,3)),(((27,16),9),30))),((((2,12),5),(13,(18,(4,29)))),((17,11),1)));

STEP 50 [TBR_ClassicHeuristic_MP_RF -> NNI_Substep_44] - Distance: 209.0000
(((((((7,24),6),28),20),(15,((21,22),8))),(((19,(23,14)),((25,26),(10,3))),(((27,16),9),30))),((((2,12),5),(13,(18,(4,29)))),((17,11),1)));

STEP 51 [TBR_ClassicHeuristic_MP_RF -> NNI_Substep_45] - Distance: 209.0000
(((((((7,24),6),28),20),(15,((21,22),8))),(((19,(23,14)),(25,(26,(10,3)))),(((27,16),9),30))),((((2,12),5),(13,(18,(4,29)))),((17,11),1)));

STEP 52 [TBR_ClassicHeuristic_MP_RF -> NNI_Substep_46] - Distance: 209.0000
(((((((7,24),6),28),20),(15,((21,22),8))),(((19,(23,14)),(25,(26,(10,3)))),(((27,16),9),30))),((((2,12),5),(13,((18,29),4))),((17,11),1)));

STEP 53 [TBR_ClassicHeuristic_MP_RF -> NNI_Substep_47] - Distance: 209.0000
(((((((7,24),6),28),20),(15,((21,22),8))),(((19,(23,14)),(25,(26,(10,3)))),(((27,16),9),30))),((((2,12),5),((13,(18,29)),4)),((17,11),1)));

STEP 54 [TBR_ClassicHeuristic_MP_RF -> NNI_Substep_48] - Distance: 209.0000
(((((((7,24),6),28),20),(15,((21,22),8))),(((19,(23,14)),(25,(26,(10,3)))),(((27,16),9),30))),(((((2,12),5),(13,(18,29))),4),((17,11),1)));

STEP 55 [TBR_ClassicHeuristic_MP_RF -> NNI_Substep_49] - Distance: 206.0000
(((((((7,24),6),28),20),(15,((21,22),8))),(((19,(23,14)),(25,(26,(10,3)))),(((27,16),9),30))),(((((2,12),5),(13,(18,29))),((17,11),1)),4));

STEP 56 [TBR_ClassicHeuristic_MP_RF -> NNI_Substep_50] - Distance: 203.0000
(((((((7,24),6),28),20),(15,((21,22),8))),(((19,(23,14)),(25,(26,(10,3)))),(((27,16),9),30))),((((2,12),5),(13,(18,29))),(((17,11),1),4)));

STEP 57 [TBR_ClassicHeuristic_MP_RF -> NNI_Substep_51] - Distance: 203.0000
(((((((7,24),6),28),20),(15,((21,22),8))),(((19,(23,14)),(25,(26,(10,3)))),(((27,16),9),30))),((((2,12),5),(((17,11),1),4)),(13,(18,29))));

STEP 58 [TBR_ClassicHeuristic_MP_RF -> NNI_Substep_52] - Distance: 160.0000
(((((((7,24),6),28),20),(15,((21,22),8))),((((19,(23,14)),(25,(26,(10,3)))),(((27,16),9),30)),(13,(18,29)))),(((2,12),5),(((17,11),1),4)));

STEP 59 [TBR_ClassicHeuristic_MP_RF -> NNI_Substep_53] - Distance: 156.0000
(((((((7,24),6),28),20),(15,((21,22),8))),(((19,(23,14)),(25,(26,(10,3)))),((((27,16),9),30),(13,(18,29))))),(((2,12),5),(((17,11),1),4)));

STEP 60 [TBR_ClassicHeuristic_MP_RF -> NNI_Substep_54] - Distance: 156.0000
(((((((7,24),6),28),20),(15,((21,22),8))),(((19,(23,14)),(25,(26,(10,3)))),(((((27,16),9),30),(18,29)),13))),(((2,12),5),(((17,11),1),4)));

STEP 61 [TBR_ClassicHeuristic_MP_RF -> NNI_Substep_55] - Distance: 155.0000
(((((((7,24),6),28),20),(15,((21,22),8))),((((19,(23,14)),(25,(26,(10,3)))),((((27,16),9),30),(18,29))),13)),(((2,12),5),(((17,11),1),4)));

STEP 62 [TBR_ClassicHeuristic_MP_RF -> NNI_Substep_56] - Distance: 155.0000
(((((((7,24),6),28),20),(15,((21,22),8))),((((19,(23,14)),(25,(26,(10,3)))),13),((((27,16),9),30),(18,29)))),(((2,12),5),(((17,11),1),4)));

STEP 63 [TBR_ClassicHeuristic_MP_RF -> NNI_Substep_57] - Distance: 152.0000
(((((((7,24),6),28),20),(15,((21,22),8))),((((19,(23,14)),13),(25,(26,(10,3)))),((((27,16),9),30),(18,29)))),(((2,12),5),(((17,11),1),4)));

STEP 64 [TBR_ClassicHeuristic_MP_RF -> NNI_Substep_58] - Distance: 152.0000
(((((((7,24),6),28),20),(15,((21,22),8))),((((19,13),(23,14)),(25,(26,(10,3)))),((((27,16),9),30),(18,29)))),(((2,12),5),(((17,11),1),4)));

STEP 65 [TBR_ClassicHeuristic_MP_RF -> NNI_Substep_59] - Distance: 152.0000
(((((((7,24),6),28),20),(15,((21,22),8))),(((((19,13),14),23),(25,(26,(10,3)))),((((27,16),9),30),(18,29)))),(((2,12),5),(((17,11),1),4)));

STEP 66 [TBR_ClassicHeuristic_MP_RF -> NNI_Substep_60] - Distance: 152.0000
(((((((7,24),6),28),20),(15,((21,22),8))),(((((19,13),14),(25,(26,(10,3)))),23),((((27,16),9),30),(18,29)))),(((2,12),5),(((17,11),1),4)));

STEP 67 [TBR_ClassicHeuristic_MP_RF -> NNI_Substep_61] - Distance: 151.0000
(((((((7,24),6),28),20),(15,((21,22),8))),(((((19,13),14),(25,(26,(10,3)))),((((27,16),9),30),(18,29))),23)),(((2,12),5),(((17,11),1),4)));

STEP 68 [TBR_ClassicHeuristic_MP_RF -> NNI_Substep_62] - Distance: 151.0000
(((((((7,24),6),28),20),(15,((21,22),8))),((((19,13),14),(25,(26,(10,3)))),(((((27,16),9),30),(18,29)),23))),(((2,12),5),(((17,11),1),4)));

STEP 69 [TBR_ClassicHeuristic_MP_RF -> NNI_Substep_63] - Distance: 151.0000
(((((((7,24),6),28),20),(15,((21,22),8))),((((19,13),14),(25,(26,(10,3)))),(((((27,16),9),30),23),(18,29)))),(((2,12),5),(((17,11),1),4)));

STEP 70 [TBR_ClassicHeuristic_MP_RF -> NNI_Substep_64] - Distance: 151.0000
(((((((7,24),6),28),20),(15,((21,22),8))),((((19,13),14),(25,(26,(10,3)))),(((((27,16),9),23),30),(18,29)))),(((2,12),5),(((17,11),1),4)));

STEP 71 [TBR_ClassicHeuristic_MP_RF -> NNI_Substep_65] - Distance: 150.0000
(((((((7,24),6),28),20),(15,((21,22),8))),((((19,13),14),(25,(26,(10,3)))),((((27,16),(9,23)),30),(18,29)))),(((2,12),5),(((17,11),1),4)));

STEP 72 [TBR_ClassicHeuristic_MP_RF -> NNI_Substep_66] - Distance: 150.0000
(((((((7,24),6),28),20),(15,((21,22),8))),((((19,13),14),(25,(26,(10,3)))),((((27,(9,23)),16),30),(18,29)))),(((2,12),5),(((17,11),1),4)));

STEP 73 [TBR_ClassicHeuristic_MP_RF -> NNI_Substep_67] - Distance: 150.0000
(((((((7,24),6),28),20),(15,((21,22),8))),((((19,13),14),(25,(26,(10,3)))),((((27,(9,23)),30),16),(18,29)))),(((2,12),5),(((17,11),1),4)));

STEP 74 [TBR_ClassicHeuristic_MP_RF -> NNI_Substep_68] - Distance: 150.0000
(((((((7,24),6),28),20),(15,((21,22),8))),((((19,13),14),(25,(26,(10,3)))),(((27,(9,23)),(30,16)),(18,29)))),(((2,12),5),(((17,11),1),4)));

STEP 75 [TBR_ClassicHeuristic_MP_RF -> NNI_Substep_69] - Distance: 150.0000
(((((((7,24),6),28),20),(15,((21,22),8))),((((19,13),14),(25,(26,(10,3)))),(((30,16),(18,29)),(27,(9,23))))),(((2,12),5),(((17,11),1),4)));

STEP 76 [TBR_ClassicHeuristic_MP_RF -> NNI_Substep_70] - Distance: 143.0000
(((((((7,24),6),28),20),(15,((21,22),8))),(((((19,13),14),(25,(26,(10,3)))),((30,16),(18,29))),(27,(9,23)))),(((2,12),5),(((17,11),1),4)));

STEP 77 [TBR_ClassicHeuristic_MP_RF -> NNI_Substep_71] - Distance: 134.0000
((((((((7,24),6),28),20),(15,((21,22),8))),((((19,13),14),(25,(26,(10,3)))),((30,16),(18,29)))),(27,(9,23))),(((2,12),5),(((17,11),1),4)));

STEP 78 [TBR_ClassicHeuristic_MP_RF -> NNI_Substep_72] - Distance: 120.0000
((((((((7,24),6),28),20),(15,((21,22),8))),(27,(9,23))),((((19,13),14),(25,(26,(10,3)))),((30,16),(18,29)))),(((2,12),5),(((17,11),1),4)));

STEP 79 [TBR_ClassicHeuristic_MP_RF -> NNI_Substep_73] - Distance: 119.0000
((((((((7,24),6),28),20),(27,(9,23))),(15,((21,22),8))),((((19,13),14),(25,(26,(10,3)))),((30,16),(18,29)))),(((2,12),5),(((17,11),1),4)));

STEP 80 [TBR_ClassicHeuristic_MP_RF -> NNI_Substep_74] - Distance: 122.0000
((((((((7,24),6),28),(27,(9,23))),20),(15,((21,22),8))),((((19,13),14),(25,(26,(10,3)))),((30,16),(18,29)))),(((2,12),5),(((17,11),1),4)));

STEP 81 [TBR_ClassicHeuristic_MP_RF -> NNI_Substep_75] - Distance: 121.0000
((((((((7,24),6),(27,(9,23))),28),20),(15,((21,22),8))),((((19,13),14),(25,(26,(10,3)))),((30,16),(18,29)))),(((2,12),5),(((17,11),1),4)));

STEP 82 [TBR_ClassicHeuristic_MP_RF -> NNI_Substep_76] - Distance: 118.0000
((((((((7,24),(27,(9,23))),6),28),20),(15,((21,22),8))),((((19,13),14),(25,(26,(10,3)))),((30,16),(18,29)))),(((2,12),5),(((17,11),1),4)));

STEP 83 [TBR_ClassicHeuristic_MP_RF -> NNI_Substep_77] - Distance: 118.0000
((((((((7,(27,(9,23))),24),6),28),20),(15,((21,22),8))),((((19,13),14),(25,(26,(10,3)))),((30,16),(18,29)))),(((2,12),5),(((17,11),1),4)));

STEP 84 [TBR_ClassicHeuristic_MP_RF -> NNI_Substep_78] - Distance: 118.0000
(((((((24,6),(7,(27,(9,23)))),28),20),(15,((21,22),8))),((((19,13),14),(25,(26,(10,3)))),((30,16),(18,29)))),(((2,12),5),(((17,11),1),4)));

STEP 85 [TBR_ClassicHeuristic_MP_RF -> NNI_Substep_79] - Distance: 118.0000
(((((((24,6),28),(7,(27,(9,23)))),20),(15,((21,22),8))),((((19,13),14),(25,(26,(10,3)))),((30,16),(18,29)))),(((2,12),5),(((17,11),1),4)));

STEP 86 [TBR_ClassicHeuristic_MP_RF -> NNI_Substep_80] - Distance: 114.0000
(((((((24,6),28),20),(7,(27,(9,23)))),(15,((21,22),8))),((((19,13),14),(25,(26,(10,3)))),((30,16),(18,29)))),(((2,12),5),(((17,11),1),4)));

STEP 87 [TBR_ClassicHeuristic_MP_RF -> NNI_Substep_81] - Distance: 114.0000
(((((((24,6),28),20),(15,((21,22),8))),(7,(27,(9,23)))),((((19,13),14),(25,(26,(10,3)))),((30,16),(18,29)))),(((2,12),5),(((17,11),1),4)));

STEP 88 [TBR_ClassicHeuristic_MP_RF -> NNI_Substep_82] - Distance: 102.0000
((((((24,6),28),20),((15,((21,22),8)),(7,(27,(9,23))))),((((19,13),14),(25,(26,(10,3)))),((30,16),(18,29)))),(((2,12),5),(((17,11),1),4)));

STEP 89 [TBR_ClassicHeuristic_MP_RF -> NNI_Substep_83] - Distance: 102.0000
((((((24,28),6),20),((15,((21,22),8)),(7,(27,(9,23))))),((((19,13),14),(25,(26,(10,3)))),((30,16),(18,29)))),(((2,12),5),(((17,11),1),4)));

STEP 90 [TBR_ClassicHeuristic_MP_RF -> NNI_Substep_84] - Distance: 102.0000
((((((24,28),20),6),((15,((21,22),8)),(7,(27,(9,23))))),((((19,13),14),(25,(26,(10,3)))),((30,16),(18,29)))),(((2,12),5),(((17,11),1),4)));

STEP 91 [TBR_ClassicHeuristic_MP_RF -> NNI_Substep_85] - Distance: 94.0000
((((((24,28),20),((15,((21,22),8)),(7,(27,(9,23))))),6),((((19,13),14),(25,(26,(10,3)))),((30,16),(18,29)))),(((2,12),5),(((17,11),1),4)));

STEP 92 [TBR_ClassicHeuristic_MP_RF -> NNI_Substep_86] - Distance: 91.0000
(((((24,28),20),(((15,((21,22),8)),(7,(27,(9,23)))),6)),((((19,13),14),(25,(26,(10,3)))),((30,16),(18,29)))),(((2,12),5),(((17,11),1),4)));

STEP 93 [TBR_ClassicHeuristic_MP_RF -> NNI_Substep_87] - Distance: 90.0000
(((((24,28),20),(((15,((21,22),8)),(7,(27,(9,23)))),6)),(((14,(25,(26,(10,3)))),(19,13)),((30,16),(18,29)))),(((2,12),5),(((17,11),1),4)));

STEP 94 [TBR_ClassicHeuristic_MP_RF -> NNI_Substep_88] - Distance: 90.0000
(((((24,28),20),(((15,((21,22),8)),(7,(27,(9,23)))),6)),((14,((25,(26,(10,3))),(19,13))),((30,16),(18,29)))),(((2,12),5),(((17,11),1),4)));

STEP 95 [TBR_ClassicHeuristic_MP_RF -> NNI_Substep_89] - Distance: 90.0000
(((((24,28),20),(((15,((21,22),8)),(7,(27,(9,23)))),6)),((14,(25,((26,(10,3)),(19,13)))),((30,16),(18,29)))),(((2,12),5),(((17,11),1),4)));

STEP 96 [TBR_ClassicHeuristic_MP_RF -> NNI_Substep_90] - Distance: 90.0000
(((((24,28),20),(((15,((21,22),8)),(7,(27,(9,23)))),6)),(((14,25),((26,(10,3)),(19,13))),((30,16),(18,29)))),(((2,12),5),(((17,11),1),4)));

STEP 97 [TBR_ClassicHeuristic_MP_RF -> NNI_Substep_91] - Distance: 90.0000
(((((24,28),20),(((15,((21,22),8)),(7,(27,(9,23)))),6)),(((14,25),((30,16),(18,29))),((26,(10,3)),(19,13)))),(((2,12),5),(((17,11),1),4)));

STEP 98 [TBR_ClassicHeuristic_MP_RF -> NNI_Substep_92] - Distance: 72.0000
((((((24,28),20),(((15,((21,22),8)),(7,(27,(9,23)))),6)),((14,25),((30,16),(18,29)))),((26,(10,3)),(19,13))),(((2,12),5),(((17,11),1),4)));

STEP 99 [TBR_ClassicHeuristic_MP_RF -> NNI_Substep_93] - Distance: 42.0000
((((((24,28),20),(((15,((21,22),8)),(7,(27,(9,23)))),6)),((26,(10,3)),(19,13))),((14,25),((30,16),(18,29)))),(((2,12),5),(((17,11),1),4)));

STEP 100 [TBR_ClassicHeuristic_MP_RF -> NNI_Substep_94] - Distance: 5.0000
((((((24,28),20),((26,(10,3)),(19,13))),(((15,((21,22),8)),(7,(27,(9,23)))),6)),((14,25),((30,16),(18,29)))),(((2,12),5),(((17,11),1),4)));

STEP 101 [TBR_ClassicHeuristic_MP_RF -> NNI_Substep_95] - Distance: 0.0000
((((((24,28),((26,(10,3)),(19,13))),20),(((15,((21,22),8)),(7,(27,(9,23)))),6)),((14,25),((30,16),(18,29)))),(((2,12),5),(((17,11),1),4)));

========================================================
[FINAL] Total Steps: 101 | Final Distance: 0.0000
========================================================
