========================================================
HEURISTIC TRAJECTORY: VND Incremental (MS_RF)
========================================================
STEP 0 [START] - Distance: 146.0000
(((27,(9,(2,(3,((21,(20,23)),(24,19)))))),((((15,30),(6,12)),(10,(8,11))),(14,25))),(29,((28,(17,1)),(16,13))),((18,4),(5,(22,(26,7)))));

STEP 1 [NNI_IncrementalHeuristic_MS_RF -> NNI_Substep_1] - Distance: 141.0000
(((27,((3,((21,(20,23)),(24,19))),(2,9))),((((15,30),(6,12)),(10,(8,11))),(14,25))),(29,((28,(17,1)),(16,13))),((18,4),(5,(22,(26,7)))));

STEP 2 [NNI_IncrementalHeuristic_MS_RF -> NNI_Substep_2] - Distance: 138.0000
((((3,((21,(20,23)),(24,19))),(27,(2,9))),((((15,30),(6,12)),(10,(8,11))),(14,25))),(29,((28,(17,1)),(16,13))),((18,4),(5,(22,(26,7)))));

STEP 3 [NNI_IncrementalHeuristic_MS_RF -> NNI_Substep_3] - Distance: 135.0000
((((3,((21,(20,23)),(24,19))),(27,(2,9))),((((15,30),(6,12)),(14,25)),(10,(8,11)))),(29,((28,(17,1)),(16,13))),((18,4),(5,(22,(26,7)))));

STEP 4 [NNI_IncrementalHeuristic_MS_RF -> NNI_Substep_4] - Distance: 133.0000
(((10,(8,11)),((((15,30),(6,12)),(14,25)),((3,((21,(20,23)),(24,19))),(27,(2,9))))),(29,((28,(17,1)),(16,13))),((18,4),(5,(22,(26,7)))));

STEP 5 [NNI_IncrementalHeuristic_MS_RF -> NNI_Substep_5] - Distance: 129.0000
(((10,(8,11)),((3,((21,(20,23)),(24,19))),((((15,30),(6,12)),(14,25)),(27,(2,9))))),(29,((28,(17,1)),(16,13))),((18,4),(5,(22,(26,7)))));

STEP 6 [NNI_IncrementalHeuristic_MS_RF -> NNI_Substep_6] - Distance: 126.0000
(((29,((28,(17,1)),(16,13))),((3,((21,(20,23)),(24,19))),((((15,30),(6,12)),(14,25)),(27,(2,9))))),(10,(8,11)),((18,4),(5,(22,(26,7)))));

STEP 7 [NNI_IncrementalHeuristic_MS_RF -> NNI_Substep_7] - Distance: 125.0000
(((29,((28,(17,1)),(16,13))),((3,((21,(20,23)),(24,19))),(27,((((15,30),(6,12)),(14,25)),(2,9))))),(10,(8,11)),((18,4),(5,(22,(26,7)))));

STEP 8 [NNI_IncrementalHeuristic_MS_RF -> NNI_Substep_8] - Distance: 124.0000
((18,4),(10,(8,11)),(((29,((28,(17,1)),(16,13))),((3,((21,(20,23)),(24,19))),(27,((((15,30),(6,12)),(14,25)),(2,9))))),(5,(22,(26,7)))));

STEP 9 [NNI_IncrementalHeuristic_MS_RF -> NNI_Substep_9] - Distance: 122.0000
((8,11),(10,(18,4)),(((29,((28,(17,1)),(16,13))),((3,((21,(20,23)),(24,19))),(27,((((15,30),(6,12)),(14,25)),(2,9))))),(5,(22,(26,7)))));

STEP 10 [NNI_IncrementalHeuristic_MS_RF -> NNI_Substep_10] - Distance: 121.0000
((8,11),(10,(18,4)),(((29,((28,(17,1)),(16,13))),((3,((21,(20,23)),(24,19))),(27,((((15,30),(6,12)),(14,25)),(2,9))))),((26,7),(22,5))));

STEP 11 [NNI_IncrementalHeuristic_MS_RF -> NNI_Substep_11] - Distance: 120.0000
((8,11),(10,(18,4)),((22,5),((26,7),((29,((28,(17,1)),(16,13))),((3,((21,(20,23)),(24,19))),(27,((((15,30),(6,12)),(14,25)),(2,9))))))));

STEP 12 [NNI_IncrementalHeuristic_MS_RF -> NNI_Substep_12] - Distance: 118.0000
((22,5),(10,(18,4)),((8,11),((26,7),((29,((28,(17,1)),(16,13))),((3,((21,(20,23)),(24,19))),(27,((((15,30),(6,12)),(14,25)),(2,9))))))));

STEP 13 [Heur. uSPR MS_RF -> NNI_Substep_1] - Distance: 119.0000
((22,5),(10,(18,4)),((8,11),((26,7),((29,((28,(17,1)),(16,13))),((3,((21,(20,23)),(24,19))),(27,(((((15,30),(6,12)),14),25),(2,9))))))));

STEP 14 [Heur. uSPR MS_RF -> NNI_Substep_2] - Distance: 116.0000
((22,5),(10,(18,4)),((8,11),((26,7),((29,((28,(17,1)),(16,13))),((3,((21,(20,23)),(24,19))),(27,(((((15,30),(6,12)),14),(2,9)),25)))))));

STEP 15 [Heur. uSPR MS_RF -> NNI_Substep_3] - Distance: 116.0000
((22,5),(10,(18,4)),((8,11),((26,7),((29,((28,(17,1)),(16,13))),((3,((21,(20,23)),(24,19))),((27,((((15,30),(6,12)),14),(2,9))),25))))));

STEP 16 [Heur. uSPR MS_RF -> NNI_Substep_4] - Distance: 119.0000
((22,5),(10,(18,4)),((8,11),((26,7),((29,((28,(17,1)),(16,13))),(((3,((21,(20,23)),(24,19))),(27,((((15,30),(6,12)),14),(2,9)))),25)))));

STEP 17 [Heur. uSPR MS_RF -> NNI_Substep_5] - Distance: 118.0000
((22,5),(10,(18,4)),((8,11),((26,7),(((29,((28,(17,1)),(16,13))),((3,((21,(20,23)),(24,19))),(27,((((15,30),(6,12)),14),(2,9))))),25))));

STEP 18 [Heur. uSPR MS_RF -> NNI_Substep_6] - Distance: 117.0000
((22,5),(10,(18,4)),((8,11),(((26,7),((29,((28,(17,1)),(16,13))),((3,((21,(20,23)),(24,19))),(27,((((15,30),(6,12)),14),(2,9)))))),25)));

STEP 19 [Heur. uSPR MS_RF -> NNI_Substep_7] - Distance: 114.0000
((22,5),(10,(18,4)),(((8,11),((26,7),((29,((28,(17,1)),(16,13))),((3,((21,(20,23)),(24,19))),(27,((((15,30),(6,12)),14),(2,9))))))),25));

STEP 20 [Heur. uSPR MS_RF -> NNI_Substep_8] - Distance: 113.0000
((22,5),((10,(18,4)),25),((8,11),((26,7),((29,((28,(17,1)),(16,13))),((3,((21,(20,23)),(24,19))),(27,((((15,30),(6,12)),14),(2,9))))))));

STEP 21 [Heur. uSPR MS_RF -> NNI_Substep_9] - Distance: 111.0000
((22,5),(10,((18,4),25)),((8,11),((26,7),((29,((28,(17,1)),(16,13))),((3,((21,(20,23)),(24,19))),(27,((((15,30),(6,12)),14),(2,9))))))));

STEP 22 [Heur. uSPR MS_RF -> NNI_Substep_10] - Distance: 109.0000
((22,5),(10,(18,(4,25))),((8,11),((26,7),((29,((28,(17,1)),(16,13))),((3,((21,(20,23)),(24,19))),(27,((((15,30),(6,12)),14),(2,9))))))));

STEP 23 [Heur. uSPR MS_RF -> NNI_Substep_11] - Distance: 111.0000
((22,5),(10,(18,(4,25))),((8,11),((26,7),((29,((28,(17,1)),(16,13))),((3,(((21,(20,23)),19),24)),(27,((((15,30),(6,12)),14),(2,9))))))));

STEP 24 [Heur. uSPR MS_RF -> NNI_Substep_12] - Distance: 109.0000
((22,5),(10,(18,(4,25))),((8,11),((26,7),((29,((28,(17,1)),(16,13))),(((3,((21,(20,23)),19)),24),(27,((((15,30),(6,12)),14),(2,9))))))));

STEP 25 [Heur. uSPR MS_RF -> NNI_Substep_13] - Distance: 110.0000
((22,5),(10,(18,(4,25))),((8,11),((26,7),((29,((28,(17,1)),(16,13))),(((3,((21,(20,23)),19)),(27,((((15,30),(6,12)),14),(2,9)))),24)))));

STEP 26 [Heur. uSPR MS_RF -> NNI_Substep_14] - Distance: 109.0000
((22,5),(10,(18,(4,25))),((8,11),((26,7),(((29,((28,(17,1)),(16,13))),((3,((21,(20,23)),19)),(27,((((15,30),(6,12)),14),(2,9))))),24))));

STEP 27 [Heur. uSPR MS_RF -> NNI_Substep_15] - Distance: 106.0000
((22,5),(10,(18,(4,25))),((8,11),(((26,7),((29,((28,(17,1)),(16,13))),((3,((21,(20,23)),19)),(27,((((15,30),(6,12)),14),(2,9)))))),24)));

STEP 28 [Heur. uSPR MS_RF -> NNI_Substep_16] - Distance: 103.0000
((22,5),(10,(18,(4,25))),(((8,11),((26,7),((29,((28,(17,1)),(16,13))),((3,((21,(20,23)),19)),(27,((((15,30),(6,12)),14),(2,9))))))),24));

STEP 29 [Heur. uSPR MS_RF -> NNI_Substep_17] - Distance: 102.0000
((22,5),((10,(18,(4,25))),24),((8,11),((26,7),((29,((28,(17,1)),(16,13))),((3,((21,(20,23)),19)),(27,((((15,30),(6,12)),14),(2,9))))))));

STEP 30 [Heur. uSPR MS_RF -> NNI_Substep_18] - Distance: 102.0000
((22,5),(10,((18,(4,25)),24)),((8,11),((26,7),((29,((28,(17,1)),(16,13))),((3,((21,(20,23)),19)),(27,((((15,30),(6,12)),14),(2,9))))))));

STEP 31 [Heur. uSPR MS_RF -> NNI_Substep_19] - Distance: 100.0000
((22,5),(10,(18,((4,25),24))),((8,11),((26,7),((29,((28,(17,1)),(16,13))),((3,((21,(20,23)),19)),(27,((((15,30),(6,12)),14),(2,9))))))));

STEP 32 [Heur. uSPR MS_RF -> NNI_Substep_20] - Distance: 100.0000
((22,5),(10,(18,((4,25),24))),((8,11),((26,7),((29,((28,(17,1)),(16,13))),((3,(((21,20),23),19)),(27,((((15,30),(6,12)),14),(2,9))))))));

STEP 33 [Heur. uSPR MS_RF -> NNI_Substep_21] - Distance: 100.0000
((22,5),(10,(18,((4,25),24))),((8,11),((26,7),((29,((28,(17,1)),(16,13))),((3,(((21,20),19),23)),(27,((((15,30),(6,12)),14),(2,9))))))));

STEP 34 [Heur. uSPR MS_RF -> NNI_Substep_22] - Distance: 100.0000
((22,5),(10,(18,((4,25),24))),((8,11),((26,7),((29,((28,(17,1)),(16,13))),(((3,((21,20),19)),23),(27,((((15,30),(6,12)),14),(2,9))))))));

STEP 35 [Heur. uSPR MS_RF -> NNI_Substep_23] - Distance: 101.0000
((22,5),(10,(18,((4,25),24))),((8,11),((26,7),((29,((28,(17,1)),(16,13))),(((3,((21,20),19)),(27,((((15,30),(6,12)),14),(2,9)))),23)))));

STEP 36 [Heur. uSPR MS_RF -> NNI_Substep_24] - Distance: 102.0000
((22,5),(10,(18,((4,25),24))),((8,11),((26,7),(((29,((28,(17,1)),(16,13))),((3,((21,20),19)),(27,((((15,30),(6,12)),14),(2,9))))),23))));

STEP 37 [Heur. uSPR MS_RF -> NNI_Substep_25] - Distance: 101.0000
((22,5),(10,(18,((4,25),24))),((8,11),((26,7),(((29,((28,(17,1)),(16,13))),23),((3,((21,20),19)),(27,((((15,30),(6,12)),14),(2,9))))))));

STEP 38 [Heur. uSPR MS_RF -> NNI_Substep_26] - Distance: 99.0000
((22,5),(10,(18,((4,25),24))),((8,11),((26,7),((29,(((28,(17,1)),(16,13)),23)),((3,((21,20),19)),(27,((((15,30),(6,12)),14),(2,9))))))));

STEP 39 [Heur. uSPR MS_RF -> NNI_Substep_27] - Distance: 98.0000
((22,5),(10,(18,((4,25),24))),((8,11),((26,7),((29,(((28,(17,1)),23),(16,13))),((3,((21,20),19)),(27,((((15,30),(6,12)),14),(2,9))))))));

STEP 40 [Heur. uSPR MS_RF -> NNI_Substep_28] - Distance: 96.0000
((22,5),(10,(18,((4,25),24))),((8,11),((26,7),((29,((28,((17,1),23)),(16,13))),((3,((21,20),19)),(27,((((15,30),(6,12)),14),(2,9))))))));

STEP 41 [Heur. uSPR MS_RF -> NNI_Substep_29] - Distance: 94.0000
((22,5),(10,(18,((4,25),24))),((8,11),((26,7),((29,((28,(17,(1,23))),(16,13))),((3,((21,20),19)),(27,((((15,30),(6,12)),14),(2,9))))))));

STEP 42 [Heur. uSPR MS_RF -> NNI_Substep_30] - Distance: 91.0000
((22,5),(10,(18,((4,25),24))),((8,11),((26,7),((29,((28,(17,(1,23))),(16,13))),((3,((21,20),19)),(27,((((15,30),14),(6,12)),(2,9))))))));

STEP 43 [Heur. uSPR MS_RF -> NNI_Substep_31] - Distance: 89.0000
((22,5),(10,(18,((4,25),24))),((8,11),((26,7),((29,((28,(17,(1,23))),(16,13))),((3,((21,20),19)),(27,((((15,14),30),(6,12)),(2,9))))))));

STEP 44 [Heur. uSPR MS_RF -> NNI_Substep_32] - Distance: 90.0000
((22,5),(10,(18,((4,25),24))),((8,11),((26,7),((29,((28,(17,(1,23))),(16,13))),((((21,20),19),(27,((((15,14),30),(6,12)),(2,9)))),3)))));

STEP 45 [Heur. uSPR MS_RF -> NNI_Substep_33] - Distance: 88.0000
((22,5),(10,(18,((4,25),24))),((8,11),((26,7),(((29,((28,(17,(1,23))),(16,13))),(((21,20),19),(27,((((15,14),30),(6,12)),(2,9))))),3))));

STEP 46 [Heur. uSPR MS_RF -> NNI_Substep_34] - Distance: 90.0000
((22,5),(10,(18,((4,25),24))),((8,11),((26,7),(((29,((28,(17,(1,23))),(16,13))),3),(((21,20),19),(27,((((15,14),30),(6,12)),(2,9))))))));

STEP 47 [Heur. uSPR MS_RF -> NNI_Substep_35] - Distance: 85.0000
((22,5),(10,(18,((4,25),24))),((8,11),((26,7),(((29,3),((28,(17,(1,23))),(16,13))),(((21,20),19),(27,((((15,14),30),(6,12)),(2,9))))))));

STEP 48 [Heur. uSPR MS_RF -> NNI_Substep_36] - Distance: 87.0000
((22,5),(10,(18,((4,25),24))),((8,11),((26,7),(((29,3),((28,(17,(1,23))),(16,13))),(((21,20),19),(27,(((30,(6,12)),(15,14)),(2,9))))))));

STEP 49 [Heur. uSPR MS_RF -> NNI_Substep_37] - Distance: 87.0000
((22,5),(10,(18,((4,25),24))),((8,11),((26,7),(((29,3),((28,(17,(1,23))),(16,13))),(((21,20),19),(27,(((30,(6,12)),(2,9)),(15,14))))))));

STEP 50 [Heur. uSPR MS_RF -> NNI_Substep_38] - Distance: 84.0000
((22,5),(10,(18,((4,25),24))),((8,11),((26,7),(((29,3),((28,(17,(1,23))),(16,13))),(((21,20),19),(27,((30,(6,12)),((2,9),(15,14)))))))));

STEP 51 [Heur. uSPR MS_RF -> NNI_Substep_39] - Distance: 81.0000
((22,5),(10,(18,((4,25),24))),((8,11),((26,7),(((29,3),((28,(17,(1,23))),(16,13))),(((21,20),19),(27,((30,(6,12)),((2,(15,14)),9))))))));

STEP 52 [Heur. uSPR MS_RF -> NNI_Substep_40] - Distance: 81.0000
((22,5),(10,(18,((4,25),24))),((8,11),((26,7),(((29,3),((28,(17,(1,23))),(16,13))),(((21,20),19),(27,(((30,6),12),((2,(15,14)),9))))))));

STEP 53 [Heur. uSPR MS_RF -> NNI_Substep_41] - Distance: 80.0000
((22,5),(10,(18,((4,25),24))),((8,11),((26,7),(((29,3),((28,(17,(1,23))),(16,13))),(((21,20),19),(27,(((30,6),((2,(15,14)),9)),12)))))));

STEP 54 [Heur. uSPR MS_RF -> NNI_Substep_42] - Distance: 77.0000
((22,5),(10,(18,((4,25),24))),((8,11),((26,7),(((29,3),((28,(17,(1,23))),(16,13))),(((21,20),19),(27,((30,6),(((2,(15,14)),9),12))))))));

STEP 55 [Heur. uSPR MS_RF -> NNI_Substep_43] - Distance: 75.0000
((22,5),(10,(18,((4,25),24))),((8,11),((26,7),(((29,3),((28,(17,(1,23))),(16,13))),(((21,20),19),(27,((30,6),(((2,(15,14)),12),9))))))));

STEP 56 [Heur. uSPR MS_RF -> NNI_Substep_44] - Distance: 77.0000
(5,((10,(18,((4,25),24))),22),((8,11),((26,7),(((29,3),((28,(17,(1,23))),(16,13))),(((21,20),19),(27,((30,6),(((2,(15,14)),12),9))))))));

STEP 57 [Heur. uSPR MS_RF -> NNI_Substep_45] - Distance: 72.0000
(5,((10,22),(18,((4,25),24))),((8,11),((26,7),(((29,3),((28,(17,(1,23))),(16,13))),(((21,20),19),(27,((30,6),(((2,(15,14)),12),9))))))));

STEP 58 [Heur. uSPR MS_RF -> NNI_Substep_46] - Distance: 69.0000
(5,(((10,22),((4,25),24)),18),((8,11),((26,7),(((29,3),((28,(17,(1,23))),(16,13))),(((21,20),19),(27,((30,6),(((2,(15,14)),12),9))))))));

STEP 59 [Heur. uSPR MS_RF -> NNI_Substep_47] - Distance: 69.0000
(5,((10,22),((4,25),24)),(((8,11),((26,7),(((29,3),((28,(17,(1,23))),(16,13))),(((21,20),19),(27,((30,6),(((2,(15,14)),12),9))))))),18));

STEP 60 [Heur. uSPR MS_RF -> NNI_Substep_48] - Distance: 70.0000
(5,((10,22),((4,25),24)),((8,11),(((26,7),(((29,3),((28,(17,(1,23))),(16,13))),(((21,20),19),(27,((30,6),(((2,(15,14)),12),9)))))),18)));

STEP 61 [Heur. uSPR MS_RF -> NNI_Substep_49] - Distance: 71.0000
(5,((10,22),((4,25),24)),((8,11),((26,7),((((29,3),((28,(17,(1,23))),(16,13))),(((21,20),19),(27,((30,6),(((2,(15,14)),12),9))))),18))));

STEP 62 [Heur. uSPR MS_RF -> NNI_Substep_50] - Distance: 72.0000
(5,((10,22),((4,25),24)),((8,11),((26,7),(((29,3),((28,(17,(1,23))),(16,13))),((((21,20),19),(27,((30,6),(((2,(15,14)),12),9)))),18)))));

STEP 63 [Heur. uSPR MS_RF -> NNI_Substep_51] - Distance: 69.0000
(5,((10,22),((4,25),24)),((8,11),((26,7),(((29,3),((28,(17,(1,23))),(16,13))),((((21,20),19),18),(27,((30,6),(((2,(15,14)),12),9))))))));

STEP 64 [Heur. uSPR MS_RF -> NNI_Substep_52] - Distance: 69.0000
(5,((10,22),((4,25),24)),((8,11),((26,7),(((29,3),((28,(17,(1,23))),(16,13))),((((21,20),18),19),(27,((30,6),(((2,(15,14)),12),9))))))));

STEP 65 [Heur. uSPR MS_RF -> NNI_Substep_53] - Distance: 69.0000
(5,((10,22),((4,25),24)),((8,11),((26,7),(((29,3),((28,(17,(1,23))),(16,13))),(((21,(20,18)),19),(27,((30,6),(((2,(15,14)),12),9))))))));

STEP 66 [Heur. uSPR MS_RF -> NNI_Substep_54] - Distance: 68.0000
(5,((10,22),((4,25),24)),((8,11),((26,7),(((29,3),((28,(17,(1,23))),(16,13))),(((21,19),(20,18)),(27,((30,6),(((2,(15,14)),12),9))))))));

STEP 67 [Heur. uSPR MS_RF -> NNI_Substep_55] - Distance: 70.0000
(5,((10,22),((4,25),24)),((8,11),((26,7),(((29,3),((28,(17,(1,23))),(16,13))),(((21,19),(27,((30,6),(((2,(15,14)),12),9)))),(20,18))))));

STEP 68 [Heur. uSPR MS_RF -> NNI_Substep_56] - Distance: 68.0000
(5,((10,22),((4,25),24)),((8,11),((26,7),(((29,3),((28,(17,(1,23))),(16,13))),((21,19),((27,((30,6),(((2,(15,14)),12),9))),(20,18)))))));

STEP 69 [Heur. uSPR MS_RF -> NNI_Substep_57] - Distance: 65.0000
(5,((10,22),((4,25),24)),((8,11),((26,7),(((29,3),((28,(17,(1,23))),(16,13))),((21,19),(27,(((30,6),(((2,(15,14)),12),9)),(20,18))))))));

STEP 70 [Heur. uSPR MS_RF -> NNI_Substep_58] - Distance: 61.0000
(5,((10,22),((4,25),24)),((8,11),((26,7),(((29,3),((28,(17,(1,23))),(16,13))),((21,19),(27,((30,6),((((2,(15,14)),12),9),(20,18)))))))));

STEP 71 [Heur. uSPR MS_RF -> NNI_Substep_59] - Distance: 60.0000
(5,((10,22),((4,25),24)),((8,11),((26,7),(((29,3),((28,(17,(1,23))),(16,13))),(((21,19),((30,6),((((2,(15,14)),12),9),(20,18)))),27)))));

STEP 72 [Heur. uSPR MS_RF -> NNI_Substep_60] - Distance: 58.0000
(5,((10,22),((4,25),24)),((8,11),((26,7),(((29,3),((28,(17,(1,23))),(16,13))),(((21,19),27),((30,6),((((2,(15,14)),12),9),(20,18))))))));

STEP 73 [Heur. uSPR MS_RF -> NNI_Substep_61] - Distance: 56.0000
(5,((10,22),((4,25),24)),((8,11),((26,7),(((29,3),((28,(17,(1,23))),(16,13))),(((21,27),19),((30,6),((((2,(15,14)),12),9),(20,18))))))));

STEP 74 [Heur. uSPR MS_RF -> NNI_Substep_62] - Distance: 57.0000
(5,((10,22),((4,25),24)),((8,11),((26,7),(((29,3),((28,(17,(1,23))),(16,13))),((19,((30,6),((((2,(15,14)),12),9),(20,18)))),(21,27))))));

STEP 75 [Heur. uSPR MS_RF -> NNI_Substep_63] - Distance: 53.0000
(5,((10,22),((4,25),24)),((8,11),((26,7),((((29,3),((28,(17,(1,23))),(16,13))),(19,((30,6),((((2,(15,14)),12),9),(20,18))))),(21,27)))));

STEP 76 [Heur. uSPR MS_RF -> NNI_Substep_64] - Distance: 49.0000
(5,((10,22),((4,25),24)),((8,11),(((26,7),(((29,3),((28,(17,(1,23))),(16,13))),(19,((30,6),((((2,(15,14)),12),9),(20,18)))))),(21,27))));

STEP 77 [Heur. uSPR MS_RF -> NNI_Substep_65] - Distance: 45.0000
(5,((10,22),((4,25),24)),(((8,11),((26,7),(((29,3),((28,(17,(1,23))),(16,13))),(19,((30,6),((((2,(15,14)),12),9),(20,18))))))),(21,27)));

STEP 78 [Heur. uSPR MS_RF -> NNI_Substep_66] - Distance: 42.0000
(5,(((10,22),((4,25),24)),(21,27)),((8,11),((26,7),(((29,3),((28,(17,(1,23))),(16,13))),(19,((30,6),((((2,(15,14)),12),9),(20,18))))))));

STEP 79 [Heur. uSPR MS_RF -> NNI_Substep_67] - Distance: 45.0000
(5,(((10,22),((4,25),24)),(21,27)),((8,11),((26,7),(((29,3),(((28,(17,(1,23))),16),13)),(19,((30,6),((((2,(15,14)),12),9),(20,18))))))));

STEP 80 [Heur. uSPR MS_RF -> NNI_Substep_68] - Distance: 43.0000
(5,(((10,22),((4,25),24)),(21,27)),((8,11),((26,7),(((29,3),(((28,(17,(1,23))),13),16)),(19,((30,6),((((2,(15,14)),12),9),(20,18))))))));

STEP 81 [Heur. uSPR MS_RF -> NNI_Substep_69] - Distance: 39.0000
(5,(((10,22),((4,25),24)),(21,27)),((8,11),((26,7),(((29,3),(((28,13),(17,(1,23))),16)),(19,((30,6),((((2,(15,14)),12),9),(20,18))))))));

STEP 82 [Heur. uSPR MS_RF -> NNI_Substep_70] - Distance: 46.0000
(5,(((10,22),((4,25),24)),(21,27)),((11,((26,7),(((29,3),(((28,13),(17,(1,23))),16)),(19,((30,6),((((2,(15,14)),12),9),(20,18))))))),8));

STEP 83 [Heur. uSPR MS_RF -> NNI_Substep_71] - Distance: 46.0000
(5,(((10,22),((4,25),24)),(21,27)),((((26,7),(((29,3),(((28,13),(17,(1,23))),16)),(19,((30,6),((((2,(15,14)),12),9),(20,18)))))),8),11));

STEP 84 [Heur. uSPR MS_RF -> NNI_Substep_72] - Distance: 47.0000
(5,(((10,22),((4,25),24)),(21,27)),((((((29,3),(((28,13),(17,(1,23))),16)),(19,((30,6),((((2,(15,14)),12),9),(20,18))))),8),(26,7)),11));

STEP 85 [Heur. uSPR MS_RF -> NNI_Substep_73] - Distance: 42.0000
(5,(((10,22),((4,25),24)),(21,27)),(11,((26,7),((((29,3),(((28,13),(17,(1,23))),16)),8),(19,((30,6),((((2,(15,14)),12),9),(20,18))))))));

STEP 86 [Heur. uSPR MS_RF -> NNI_Substep_74] - Distance: 41.0000
(5,(((10,22),((4,25),24)),(21,27)),(11,((26,7),(((29,3),((((28,13),(17,(1,23))),16),8)),(19,((30,6),((((2,(15,14)),12),9),(20,18))))))));

STEP 87 [Heur. uSPR MS_RF -> NNI_Substep_75] - Distance: 37.0000
(5,(((10,22),((4,25),24)),(21,27)),(11,((26,7),(((29,3),(((28,13),(17,(1,23))),(16,8))),(19,((30,6),((((2,(15,14)),12),9),(20,18))))))));

STEP 88 [Heur. uSPR MS_RF -> NNI_Substep_76] - Distance: 43.0000
(5,(((10,22),((4,25),24)),(21,27)),(11,((26,(((29,3),(((28,13),(17,(1,23))),(16,8))),(19,((30,6),((((2,(15,14)),12),9),(20,18)))))),7)));

STEP 89 [Heur. uSPR MS_RF -> NNI_Substep_77] - Distance: 43.0000
(5,(((10,22),((4,25),24)),(21,27)),((11,(26,(((29,3),(((28,13),(17,(1,23))),(16,8))),(19,((30,6),((((2,(15,14)),12),9),(20,18))))))),7));

STEP 90 [Heur. uSPR MS_RF -> NNI_Substep_78] - Distance: 36.0000
(5,(((10,22),((4,25),24)),(21,27)),((11,7),(26,(((29,3),(((28,13),(17,(1,23))),(16,8))),(19,((30,6),((((2,(15,14)),12),9),(20,18))))))));

STEP 91 [Heur. uSPR MS_RF -> NNI_Substep_79] - Distance: 37.0000
(5,(((10,22),((4,25),24)),(21,27)),((11,7),(26,(((29,3),((((28,13),(1,23)),17),(16,8))),(19,((30,6),((((2,(15,14)),12),9),(20,18))))))));

STEP 92 [Heur. uSPR MS_RF -> NNI_Substep_80] - Distance: 38.0000
(5,(((10,22),((4,25),24)),(21,27)),((11,7),(26,(((29,3),((((28,13),(1,23)),(16,8)),17)),(19,((30,6),((((2,(15,14)),12),9),(20,18))))))));

STEP 93 [Heur. uSPR MS_RF -> NNI_Substep_81] - Distance: 39.0000
(5,(((10,22),((4,25),24)),(21,27)),((11,7),(26,((((29,3),(((28,13),(1,23)),(16,8))),17),(19,((30,6),((((2,(15,14)),12),9),(20,18))))))));

STEP 94 [Heur. uSPR MS_RF -> NNI_Substep_82] - Distance: 42.0000
(5,(((10,22),((4,25),24)),(21,27)),((11,7),(26,((((29,3),(((28,13),(1,23)),(16,8))),(19,((30,6),((((2,(15,14)),12),9),(20,18))))),17))));

STEP 95 [Heur. uSPR MS_RF -> NNI_Substep_83] - Distance: 40.0000
(5,(((10,22),((4,25),24)),(21,27)),((11,7),((26,(((29,3),(((28,13),(1,23)),(16,8))),(19,((30,6),((((2,(15,14)),12),9),(20,18)))))),17)));

STEP 96 [Heur. uSPR MS_RF -> NNI_Substep_84] - Distance: 37.0000
(5,(((10,22),((4,25),24)),(21,27)),(((11,7),(26,(((29,3),(((28,13),(1,23)),(16,8))),(19,((30,6),((((2,(15,14)),12),9),(20,18))))))),17));

STEP 97 [Heur. uSPR MS_RF -> NNI_Substep_85] - Distance: 35.0000
(5,((((10,22),((4,25),24)),(21,27)),17),((11,7),(26,(((29,3),(((28,13),(1,23)),(16,8))),(19,((30,6),((((2,(15,14)),12),9),(20,18))))))));

STEP 98 [Heur. uSPR MS_RF -> NNI_Substep_86] - Distance: 38.0000
(5,((((10,22),((4,25),24)),(21,27)),17),((11,7),(26,((((29,3),(((28,13),(1,23)),(16,8))),((30,6),((((2,(15,14)),12),9),(20,18)))),19))));

STEP 99 [Heur. uSPR MS_RF -> NNI_Substep_87] - Distance: 30.0000
(5,((((10,22),((4,25),24)),(21,27)),17),((11,7),(26,((((29,3),(((28,13),(1,23)),(16,8))),19),((30,6),((((2,(15,14)),12),9),(20,18)))))));

STEP 100 [Heur. uSPR MS_RF -> NNI_Substep_88] - Distance: 27.0000
(5,((((10,22),((4,25),24)),(21,27)),17),((11,7),(26,((((((28,13),(1,23)),(16,8)),19),(29,3)),((30,6),((((2,(15,14)),12),9),(20,18)))))));

STEP 101 [Heur. uSPR MS_RF -> NNI_Substep_89] - Distance: 24.0000
(5,((((10,22),((4,25),24)),(21,27)),17),((11,7),(26,(((29,3),((((28,13),(1,23)),19),(16,8))),((30,6),((((2,(15,14)),12),9),(20,18)))))));

STEP 102 [Heur. uSPR MS_RF -> NNI_Substep_90] - Distance: 21.0000
(5,((((10,22),((4,25),24)),(21,27)),17),((11,7),(26,(((29,3),(((28,13),((1,23),19)),(16,8))),((30,6),((((2,(15,14)),12),9),(20,18)))))));

STEP 103 [Heur. uSPR MS_RF -> NNI_Substep_91] - Distance: 28.0000
(5,((((10,22),((4,25),24)),(21,27)),17),((11,7),(26,(((((28,13),((1,23),19)),(16,8)),((30,6),((((2,(15,14)),12),9),(20,18)))),(29,3)))));

STEP 104 [Heur. uSPR MS_RF -> NNI_Substep_92] - Distance: 25.0000
(5,((((10,22),((4,25),24)),(21,27)),17),((11,7),((26,((((28,13),((1,23),19)),(16,8)),((30,6),((((2,(15,14)),12),9),(20,18))))),(29,3))));

STEP 105 [Heur. uSPR MS_RF -> NNI_Substep_93] - Distance: 23.0000
(5,((((10,22),((4,25),24)),(21,27)),17),(((11,7),(26,((((28,13),((1,23),19)),(16,8)),((30,6),((((2,(15,14)),12),9),(20,18)))))),(29,3)));

STEP 106 [Heur. uSPR MS_RF -> NNI_Substep_94] - Distance: 22.0000
(5,(((((10,22),((4,25),24)),(21,27)),17),(29,3)),((11,7),(26,((((28,13),((1,23),19)),(16,8)),((30,6),((((2,(15,14)),12),9),(20,18)))))));

STEP 107 [Heur. uSPR MS_RF -> NNI_Substep_95] - Distance: 19.0000
(((((10,22),((4,25),24)),(21,27)),17),(29,3),((11,7),((26,((((28,13),((1,23),19)),(16,8)),((30,6),((((2,(15,14)),12),9),(20,18))))),5)));

STEP 108 [Heur. uSPR MS_RF -> NNI_Substep_96] - Distance: 19.0000
(((((10,22),((4,25),24)),(21,27)),17),(29,3),((11,7),(26,(((((28,13),((1,23),19)),(16,8)),((30,6),((((2,(15,14)),12),9),(20,18)))),5))));

STEP 109 [Heur. uSPR MS_RF -> NNI_Substep_97] - Distance: 9.0000
(((((10,22),((4,25),24)),(21,27)),17),(29,3),((11,7),(26,(((((28,13),((1,23),19)),(16,8)),5),((30,6),((((2,(15,14)),12),9),(20,18)))))));

STEP 110 [Heur. uSPR MS_RF -> NNI_Substep_98] - Distance: 8.0000
(((((10,22),((4,25),24)),(21,27)),17),(29,3),((11,7),(26,(((((28,13),((1,23),19)),5),(16,8)),((30,6),((((2,(15,14)),12),9),(20,18)))))));

STEP 111 [Heur. uSPR MS_RF -> NNI_Substep_99] - Distance: 16.0000
(((((10,22),((4,25),24)),(21,27)),17),(29,3),((11,7),((((((28,13),((1,23),19)),5),(16,8)),26),((30,6),((((2,(15,14)),12),9),(20,18))))));

STEP 112 [Heur. uSPR MS_RF -> NNI_Substep_100] - Distance: 13.0000
(((((10,22),((4,25),24)),(21,27)),17),(29,3),((11,7),((((((28,13),((1,23),19)),5),26),(16,8)),((30,6),((((2,(15,14)),12),9),(20,18))))));

STEP 113 [Heur. uSPR MS_RF -> NNI_Substep_101] - Distance: 11.0000
(((((10,22),((4,25),24)),(21,27)),17),(29,3),((11,7),((((((28,13),((1,23),19)),26),5),(16,8)),((30,6),((((2,(15,14)),12),9),(20,18))))));

STEP 114 [Heur. uSPR MS_RF -> NNI_Substep_102] - Distance: 0.0000
(((((10,22),((4,25),24)),(21,27)),17),(29,3),((11,7),((((((28,13),((1,23),19)),26),5),((30,6),((((2,(15,14)),12),9),(20,18)))),(16,8))));

========================================================
[FINAL] Total Steps: 114 | Final Distance: 0.0000
========================================================
