========================================================
HEURISTIC TRAJECTORY: VND Classic (MS_RF)
========================================================
STEP 0 [START] - Distance: 132.0000
(29,(((13,8),(4,26)),((23,((12,(14,17)),(10,(16,11)))),((9,(19,7)),(21,5)))),((((22,(20,18)),(6,(2,3))),((1,15),(28,(25,24)))),(30,27)));

STEP 1 [NNI_ClassicHeuristic_MS_RF -> NNI_Substep_1] - Distance: 128.0000
((((22,(20,18)),(6,(2,3))),((1,15),(28,(25,24)))),(((13,8),(4,26)),((23,((12,(14,17)),(10,(16,11)))),((9,(19,7)),(21,5)))),(29,(30,27)));

STEP 2 [NNI_ClassicHeuristic_MS_RF -> NNI_Substep_2] - Distance: 125.0000
((((2,3),(6,(22,(20,18)))),((1,15),(28,(25,24)))),(((13,8),(4,26)),((23,((12,(14,17)),(10,(16,11)))),((9,(19,7)),(21,5)))),(29,(30,27)));

STEP 3 [NNI_ClassicHeuristic_MS_RF -> NNI_Substep_3] - Distance: 122.0000
(((((1,15),(28,(25,24))),(6,(22,(20,18)))),(2,3)),(((13,8),(4,26)),((23,((12,(14,17)),(10,(16,11)))),((9,(19,7)),(21,5)))),(29,(30,27)));

STEP 4 [NNI_ClassicHeuristic_MS_RF -> NNI_Substep_4] - Distance: 119.0000
(((((1,15),(6,(22,(20,18)))),(28,(25,24))),(2,3)),(((13,8),(4,26)),((23,((12,(14,17)),(10,(16,11)))),((9,(19,7)),(21,5)))),(29,(30,27)));

STEP 5 [NNI_ClassicHeuristic_MS_RF -> NNI_Substep_5] - Distance: 116.0000
(((23,((12,(14,17)),(10,(16,11)))),((9,(19,7)),(21,5))),(((13,8),(4,26)),((((1,15),(6,(22,(20,18)))),(28,(25,24))),(2,3))),(29,(30,27)));

STEP 6 [NNI_ClassicHeuristic_MS_RF -> NNI_Substep_6] - Distance: 112.0000
(((23,((12,(14,17)),(10,(16,11)))),(((13,8),(4,26)),((((1,15),(6,(22,(20,18)))),(28,(25,24))),(2,3)))),((9,(19,7)),(21,5)),(29,(30,27)));

STEP 7 [NNI_ClassicHeuristic_MS_RF -> NNI_Substep_7] - Distance: 108.0000
((((((13,8),(4,26)),((((1,15),(6,(22,(20,18)))),(28,(25,24))),(2,3))),((12,(14,17)),(10,(16,11)))),23),((9,(19,7)),(21,5)),(29,(30,27)));

STEP 8 [NNI_ClassicHeuristic_MS_RF -> NNI_Substep_8] - Distance: 106.0000
((((((13,8),(4,26)),((((1,15),(6,(22,(20,18)))),(28,(25,24))),(2,3))),((12,(14,17)),(10,(16,11)))),((9,(19,7)),(21,5))),23,(29,(30,27)));

STEP 9 [NNI_ClassicHeuristic_MS_RF -> NNI_Substep_9] - Distance: 103.0000
(((21,5),((9,(19,7)),((((13,8),(4,26)),((((1,15),(6,(22,(20,18)))),(28,(25,24))),(2,3))),((12,(14,17)),(10,(16,11)))))),23,(29,(30,27)));

STEP 10 [NNI_ClassicHeuristic_MS_RF -> NNI_Substep_10] - Distance: 102.0000
(((21,5),((9,(19,7)),((((13,8),(4,26)),((28,(((1,15),(6,(22,(20,18)))),(25,24))),(2,3))),((12,(14,17)),(10,(16,11)))))),23,(29,(30,27)));

STEP 11 [NNI_ClassicHeuristic_MS_RF -> NNI_Substep_11] - Distance: 101.0000
(((21,5),((9,(19,7)),((((13,8),(4,26)),((28,((6,((1,15),(22,(20,18)))),(25,24))),(2,3))),((12,(14,17)),(10,(16,11)))))),23,(29,(30,27)));

STEP 12 [NNI_ClassicHeuristic_MS_RF -> NNI_Substep_12] - Distance: 100.0000
(((21,5),((9,(19,7)),((((13,8),(4,26)),((28,((6,((1,15),(22,(20,18)))),(25,24))),(2,3))),((16,11),(10,(12,(14,17))))))),23,(29,(30,27)));

STEP 13 [NNI_ClassicHeuristic_MS_RF -> NNI_Substep_13] - Distance: 98.0000
(((21,5),((9,(19,7)),((((13,8),(4,26)),((28,((6,((1,15),(22,(20,18)))),(25,24))),(2,3))),((16,11),(12,(10,(14,17))))))),23,(29,(30,27)));

STEP 14 [uTBR_ClassicHeuristic_MS_RF -> NNI_Substep_1] - Distance: 100.0000
(((21,5),((9,(19,7)),((((13,8),(4,26)),((28,((6,((1,(22,(20,18))),15)),(25,24))),(2,3))),((16,11),(12,(10,(14,17))))))),23,(29,(30,27)));

STEP 15 [uTBR_ClassicHeuristic_MS_RF -> NNI_Substep_2] - Distance: 98.0000
(((21,5),((9,(19,7)),((((13,8),(4,26)),((28,(((6,(1,(22,(20,18)))),15),(25,24))),(2,3))),((16,11),(12,(10,(14,17))))))),23,(29,(30,27)));

STEP 16 [uTBR_ClassicHeuristic_MS_RF -> NNI_Substep_3] - Distance: 97.0000
(((21,5),((9,(19,7)),((((13,8),(4,26)),((28,(((6,(1,(22,(20,18)))),(25,24)),15)),(2,3))),((16,11),(12,(10,(14,17))))))),23,(29,(30,27)));

STEP 17 [uTBR_ClassicHeuristic_MS_RF -> NNI_Substep_4] - Distance: 97.0000
(((21,5),((9,(19,7)),((((13,8),(4,26)),(((28,((6,(1,(22,(20,18)))),(25,24))),15),(2,3))),((16,11),(12,(10,(14,17))))))),23,(29,(30,27)));

STEP 18 [uTBR_ClassicHeuristic_MS_RF -> NNI_Substep_5] - Distance: 98.0000
(((21,5),((9,(19,7)),((((13,8),(4,26)),(((28,((6,(1,(22,(20,18)))),(25,24))),(2,3)),15)),((16,11),(12,(10,(14,17))))))),23,(29,(30,27)));

STEP 19 [uTBR_ClassicHeuristic_MS_RF -> NNI_Substep_6] - Distance: 97.0000
(((21,5),((9,(19,7)),(((((13,8),(4,26)),((28,((6,(1,(22,(20,18)))),(25,24))),(2,3))),15),((16,11),(12,(10,(14,17))))))),23,(29,(30,27)));

STEP 20 [uTBR_ClassicHeuristic_MS_RF -> NNI_Substep_7] - Distance: 94.0000
(((21,5),((9,(19,7)),(((((13,8),(4,26)),((28,((6,(1,(22,(20,18)))),(25,24))),(2,3))),((16,11),(12,(10,(14,17))))),15))),23,(29,(30,27)));

STEP 21 [uTBR_ClassicHeuristic_MS_RF -> NNI_Substep_8] - Distance: 92.0000
(((21,5),(((9,(19,7)),((((13,8),(4,26)),((28,((6,(1,(22,(20,18)))),(25,24))),(2,3))),((16,11),(12,(10,(14,17)))))),15)),23,(29,(30,27)));

STEP 22 [uTBR_ClassicHeuristic_MS_RF -> NNI_Substep_9] - Distance: 91.0000
(((21,5),(((9,(19,7)),15),((((13,8),(4,26)),((28,((6,(1,(22,(20,18)))),(25,24))),(2,3))),((16,11),(12,(10,(14,17))))))),23,(29,(30,27)));

STEP 23 [uTBR_ClassicHeuristic_MS_RF -> NNI_Substep_10] - Distance: 90.0000
(((21,5),(((9,15),(19,7)),((((13,8),(4,26)),((28,((6,(1,(22,(20,18)))),(25,24))),(2,3))),((16,11),(12,(10,(14,17))))))),23,(29,(30,27)));

STEP 24 [uTBR_ClassicHeuristic_MS_RF -> NNI_Substep_11] - Distance: 90.0000
(((21,5),(((9,15),(19,7)),((((13,8),(4,26)),((28,((6,(1,((22,20),18))),(25,24))),(2,3))),((16,11),(12,(10,(14,17))))))),23,(29,(30,27)));

STEP 25 [uTBR_ClassicHeuristic_MS_RF -> NNI_Substep_12] - Distance: 88.0000
(((21,5),(((9,15),(19,7)),((((13,8),(4,26)),((28,((6,((1,(22,20)),18)),(25,24))),(2,3))),((16,11),(12,(10,(14,17))))))),23,(29,(30,27)));

STEP 26 [uTBR_ClassicHeuristic_MS_RF -> NNI_Substep_13] - Distance: 88.0000
(((21,5),(((9,15),(19,7)),((((13,8),(4,26)),((28,(((6,(1,(22,20))),18),(25,24))),(2,3))),((16,11),(12,(10,(14,17))))))),23,(29,(30,27)));

STEP 27 [uTBR_ClassicHeuristic_MS_RF -> NNI_Substep_14] - Distance: 87.0000
(((21,5),(((9,15),(19,7)),((((13,8),(4,26)),((28,(((6,(1,(22,20))),(25,24)),18)),(2,3))),((16,11),(12,(10,(14,17))))))),23,(29,(30,27)));

STEP 28 [uTBR_ClassicHeuristic_MS_RF -> NNI_Substep_15] - Distance: 89.0000
(((21,5),(((9,15),(19,7)),((((13,8),(4,26)),(((28,((6,(1,(22,20))),(25,24))),18),(2,3))),((16,11),(12,(10,(14,17))))))),23,(29,(30,27)));

STEP 29 [uTBR_ClassicHeuristic_MS_RF -> NNI_Substep_16] - Distance: 92.0000
(((21,5),(((9,15),(19,7)),((((13,8),(4,26)),(((28,((6,(1,(22,20))),(25,24))),(2,3)),18)),((16,11),(12,(10,(14,17))))))),23,(29,(30,27)));

STEP 30 [uTBR_ClassicHeuristic_MS_RF -> NNI_Substep_17] - Distance: 95.0000
(((21,5),(((9,15),(19,7)),(((((13,8),(4,26)),((28,((6,(1,(22,20))),(25,24))),(2,3))),18),((16,11),(12,(10,(14,17))))))),23,(29,(30,27)));

STEP 31 [uTBR_ClassicHeuristic_MS_RF -> NNI_Substep_18] - Distance: 96.0000
(((21,5),(((9,15),(19,7)),(((((13,8),(4,26)),((28,((6,(1,(22,20))),(25,24))),(2,3))),((16,11),(12,(10,(14,17))))),18))),23,(29,(30,27)));

STEP 32 [uTBR_ClassicHeuristic_MS_RF -> NNI_Substep_19] - Distance: 96.0000
(((21,5),(((9,15),(19,7)),((((13,8),(4,26)),((28,((6,(1,(22,20))),(25,24))),(2,3))),(((16,11),(12,(10,(14,17)))),18)))),23,(29,(30,27)));

STEP 33 [uTBR_ClassicHeuristic_MS_RF -> NNI_Substep_20] - Distance: 95.0000
(((21,5),(((9,15),(19,7)),((((13,8),(4,26)),((28,((6,(1,(22,20))),(25,24))),(2,3))),((16,11),((12,(10,(14,17))),18))))),23,(29,(30,27)));

STEP 34 [uTBR_ClassicHeuristic_MS_RF -> NNI_Substep_21] - Distance: 93.0000
(((21,5),(((9,15),(19,7)),((((13,8),(4,26)),((28,((6,(1,(22,20))),(25,24))),(2,3))),((16,11),(12,((10,(14,17)),18)))))),23,(29,(30,27)));

STEP 35 [uTBR_ClassicHeuristic_MS_RF -> NNI_Substep_22] - Distance: 91.0000
(((21,5),(((9,15),(19,7)),((((13,8),(4,26)),((28,((6,(1,(22,20))),(25,24))),(2,3))),((16,11),(12,(10,((14,17),18))))))),23,(29,(30,27)));

STEP 36 [uTBR_ClassicHeuristic_MS_RF -> NNI_Substep_23] - Distance: 91.0000
(((21,5),(((9,15),(19,7)),((((13,8),(4,26)),((28,((6,(1,(22,20))),(25,24))),(2,3))),((16,11),(12,(10,((14,18),17))))))),23,(29,(30,27)));

STEP 37 [uTBR_ClassicHeuristic_MS_RF -> NNI_Substep_24] - Distance: 90.0000
(((21,5),(((9,15),(19,7)),((((13,8),(4,26)),((28,(((6,(1,(22,20))),24),25)),(2,3))),((16,11),(12,(10,((14,18),17))))))),23,(29,(30,27)));

STEP 38 [uTBR_ClassicHeuristic_MS_RF -> NNI_Substep_25] - Distance: 88.0000
(((21,5),(((9,15),(19,7)),((((13,8),(4,26)),((28,(((6,(1,(22,20))),25),24)),(2,3))),((16,11),(12,(10,((14,18),17))))))),23,(29,(30,27)));

STEP 39 [uTBR_ClassicHeuristic_MS_RF -> NNI_Substep_26] - Distance: 86.0000
(((21,5),(((9,15),(19,7)),((((13,8),(4,26)),((28,((((1,(22,20)),25),6),24)),(2,3))),((16,11),(12,(10,((14,18),17))))))),23,(29,(30,27)));

STEP 40 [uTBR_ClassicHeuristic_MS_RF -> NNI_Substep_27] - Distance: 86.0000
(((21,5),(((9,15),(19,7)),((((13,8),(4,26)),((28,((6,((1,(22,20)),25)),24)),(2,3))),((16,11),(12,(17,((14,18),10))))))),23,(29,(30,27)));

STEP 41 [uTBR_ClassicHeuristic_MS_RF -> NNI_Substep_28] - Distance: 84.0000
(((21,5),(((9,15),(19,7)),((((13,8),(4,26)),((28,((6,((1,(22,20)),25)),24)),(2,3))),(((16,11),12),(17,((14,18),10)))))),23,(29,(30,27)));

STEP 42 [uTBR_ClassicHeuristic_MS_RF -> NNI_Substep_29] - Distance: 87.0000
(((21,5),(((9,15),(19,7)),(((((13,8),(4,26)),((28,((6,((1,(22,20)),25)),24)),(2,3))),((16,11),12)),(17,((14,18),10))))),23,(29,(30,27)));

STEP 43 [uTBR_ClassicHeuristic_MS_RF -> NNI_Substep_30] - Distance: 82.0000
(((21,5),(((9,15),(19,7)),(((((13,8),(4,26)),((28,((6,((1,(22,20)),25)),24)),(2,3))),(17,((14,18),10))),((16,11),12)))),23,(29,(30,27)));

STEP 44 [uTBR_ClassicHeuristic_MS_RF -> NNI_Substep_31] - Distance: 80.0000
(((21,5),(((9,15),(19,7)),((((13,8),(4,26)),(((28,((6,((1,(22,20)),25)),24)),(2,3)),(17,((14,18),10)))),((16,11),12)))),23,(29,(30,27)));

STEP 45 [uTBR_ClassicHeuristic_MS_RF -> NNI_Substep_32] - Distance: 76.0000
(((21,5),(((9,15),(19,7)),((((13,8),(4,26)),(((28,((6,((1,(22,20)),25)),24)),(17,((14,18),10))),(2,3))),((16,11),12)))),23,(29,(30,27)));

STEP 46 [uTBR_ClassicHeuristic_MS_RF -> NNI_Substep_33] - Distance: 73.0000
(((21,5),(((9,15),(19,7)),((((13,8),(4,26)),((28,(((6,((1,(22,20)),25)),24),(17,((14,18),10)))),(2,3))),((16,11),12)))),23,(29,(30,27)));

STEP 47 [uTBR_ClassicHeuristic_MS_RF -> NNI_Substep_34] - Distance: 70.0000
(((21,5),(((9,15),(19,7)),((((13,8),(4,26)),((28,(((6,((1,(22,20)),25)),(17,((14,18),10))),24)),(2,3))),((16,11),12)))),23,(29,(30,27)));

STEP 48 [uTBR_ClassicHeuristic_MS_RF -> NNI_Substep_35] - Distance: 71.0000
(((21,5),((((9,15),7),19),((((13,8),(4,26)),((28,(((6,((1,(22,20)),25)),(17,((14,18),10))),24)),(2,3))),((16,11),12)))),23,(29,(30,27)));

STEP 49 [uTBR_ClassicHeuristic_MS_RF -> NNI_Substep_36] - Distance: 74.0000
(((21,5),((((9,15),7),((((13,8),(4,26)),((28,(((6,((1,(22,20)),25)),(17,((14,18),10))),24)),(2,3))),((16,11),12))),19)),23,(29,(30,27)));

STEP 50 [uTBR_ClassicHeuristic_MS_RF -> NNI_Substep_37] - Distance: 72.0000
(((21,5),(((9,15),7),(((((13,8),(4,26)),((28,(((6,((1,(22,20)),25)),(17,((14,18),10))),24)),(2,3))),((16,11),12)),19))),23,(29,(30,27)));

STEP 51 [uTBR_ClassicHeuristic_MS_RF -> NNI_Substep_38] - Distance: 72.0000
(((21,5),(((9,15),7),(((((13,8),(4,26)),((28,(((6,((1,(22,20)),25)),(17,((14,18),10))),24)),(2,3))),19),((16,11),12)))),23,(29,(30,27)));

STEP 52 [uTBR_ClassicHeuristic_MS_RF -> NNI_Substep_39] - Distance: 73.0000
(((21,5),(((9,15),7),((((13,8),(4,26)),(((28,(((6,((1,(22,20)),25)),(17,((14,18),10))),24)),(2,3)),19)),((16,11),12)))),23,(29,(30,27)));

STEP 53 [uTBR_ClassicHeuristic_MS_RF -> NNI_Substep_40] - Distance: 65.0000
(((21,5),(((9,15),7),((((13,8),(4,26)),((28,(((6,((1,(22,20)),25)),(17,((14,18),10))),24)),((2,3),19))),((16,11),12)))),23,(29,(30,27)));

STEP 54 [uTBR_ClassicHeuristic_MS_RF -> NNI_Substep_41] - Distance: 63.0000
(((21,5),(((9,15),7),((((13,8),(4,26)),((28,(((6,((1,(22,20)),25)),(17,((14,18),10))),24)),((2,19),3))),((16,11),12)))),23,(29,(30,27)));

STEP 55 [uTBR_ClassicHeuristic_MS_RF -> NNI_Substep_42] - Distance: 64.0000
(((21,5),(((9,15),7),((((13,(4,26)),8),((28,(((6,((1,(22,20)),25)),(17,((14,18),10))),24)),((2,19),3))),((16,11),12)))),23,(29,(30,27)));

STEP 56 [uTBR_ClassicHeuristic_MS_RF -> NNI_Substep_43] - Distance: 67.0000
(((21,5),(((9,15),7),((((13,(4,26)),((28,(((6,((1,(22,20)),25)),(17,((14,18),10))),24)),((2,19),3))),8),((16,11),12)))),23,(29,(30,27)));

STEP 57 [uTBR_ClassicHeuristic_MS_RF -> NNI_Substep_44] - Distance: 67.0000
(((21,5),(((9,15),7),(((13,(4,26)),(((28,(((6,((1,(22,20)),25)),(17,((14,18),10))),24)),((2,19),3)),8)),((16,11),12)))),23,(29,(30,27)));

STEP 58 [uTBR_ClassicHeuristic_MS_RF -> NNI_Substep_45] - Distance: 67.0000
(((21,5),(((9,15),7),(((13,(4,26)),(((28,(((6,((1,(22,20)),25)),(17,((14,18),10))),24)),8),((2,19),3))),((16,11),12)))),23,(29,(30,27)));

STEP 59 [uTBR_ClassicHeuristic_MS_RF -> NNI_Substep_46] - Distance: 67.0000
(((21,5),(((9,15),7),(((13,(4,26)),((28,((((6,((1,(22,20)),25)),(17,((14,18),10))),24),8)),((2,19),3))),((16,11),12)))),23,(29,(30,27)));

STEP 60 [uTBR_ClassicHeuristic_MS_RF -> NNI_Substep_47] - Distance: 57.0000
(((21,5),(((9,15),7),(((13,(4,26)),((28,(((6,((1,(22,20)),25)),(17,((14,18),10))),(24,8))),((2,19),3))),((16,11),12)))),23,(29,(30,27)));

STEP 61 [uTBR_ClassicHeuristic_MS_RF -> NNI_Substep_48] - Distance: 60.0000
(((21,(((9,15),7),(((13,(4,26)),((28,(((6,((1,(22,20)),25)),(17,((14,18),10))),(24,8))),((2,19),3))),((16,11),12)))),5),23,(29,(30,27)));

STEP 62 [uTBR_ClassicHeuristic_MS_RF -> NNI_Substep_49] - Distance: 58.0000
((((((9,15),7),(((13,(4,26)),((28,(((6,((1,(22,20)),25)),(17,((14,18),10))),(24,8))),((2,19),3))),((16,11),12))),5),21),23,(29,(30,27)));

STEP 63 [uTBR_ClassicHeuristic_MS_RF -> NNI_Substep_50] - Distance: 56.0000
(((((((13,(4,26)),((28,(((6,((1,(22,20)),25)),(17,((14,18),10))),(24,8))),((2,19),3))),((16,11),12)),5),((9,15),7)),21),23,(29,(30,27)));

STEP 64 [uTBR_ClassicHeuristic_MS_RF -> NNI_Substep_51] - Distance: 56.0000
((21,(((9,15),7),((((13,(4,26)),((28,(((6,((1,(22,20)),25)),(17,((14,18),10))),(24,8))),((2,19),3))),5),((16,11),12)))),23,(29,(30,27)));

STEP 65 [uTBR_ClassicHeuristic_MS_RF -> NNI_Substep_52] - Distance: 56.0000
((21,(((9,15),7),(((13,(4,26)),(((28,(((6,((1,(22,20)),25)),(17,((14,18),10))),(24,8))),((2,19),3)),5)),((16,11),12)))),23,(29,(30,27)));

STEP 66 [uTBR_ClassicHeuristic_MS_RF -> NNI_Substep_53] - Distance: 56.0000
((21,(((9,15),7),(((13,(4,26)),(((28,(((6,((1,(22,20)),25)),(17,((14,18),10))),(24,8))),5),((2,19),3))),((16,11),12)))),23,(29,(30,27)));

STEP 67 [uTBR_ClassicHeuristic_MS_RF -> NNI_Substep_54] - Distance: 56.0000
((21,(((9,15),7),(((13,(4,26)),((28,((((6,((1,(22,20)),25)),(17,((14,18),10))),(24,8)),5)),((2,19),3))),((16,11),12)))),23,(29,(30,27)));

STEP 68 [uTBR_ClassicHeuristic_MS_RF -> NNI_Substep_55] - Distance: 57.0000
((21,(((9,15),7),(((13,(4,26)),((28,((((6,((1,(22,20)),25)),(17,((14,18),10))),5),(24,8))),((2,19),3))),((16,11),12)))),23,(29,(30,27)));

STEP 69 [uTBR_ClassicHeuristic_MS_RF -> NNI_Substep_56] - Distance: 51.0000
((21,(((9,15),7),(((13,(4,26)),((28,(((6,((1,(22,20)),25)),((17,((14,18),10)),5)),(24,8))),((2,19),3))),((16,11),12)))),23,(29,(30,27)));

STEP 70 [uTBR_ClassicHeuristic_MS_RF -> NNI_Substep_57] - Distance: 51.0000
((21,(((9,15),7),(((13,(4,26)),((28,(((6,((1,(22,20)),25)),(17,(((14,18),10),5))),(24,8))),((2,19),3))),((16,11),12)))),23,(29,(30,27)));

STEP 71 [uTBR_ClassicHeuristic_MS_RF -> NNI_Substep_58] - Distance: 53.0000
((21,(((9,15),7),(((13,(4,26)),((28,((((6,((1,(22,20)),25)),(((14,18),10),5)),17),(24,8))),((2,19),3))),((16,11),12)))),23,(29,(30,27)));

STEP 72 [uTBR_ClassicHeuristic_MS_RF -> NNI_Substep_59] - Distance: 50.0000
((21,(((9,15),7),(((13,(4,26)),((28,((((6,((1,(22,20)),25)),(((14,18),10),5)),(24,8)),17)),((2,19),3))),((16,11),12)))),23,(29,(30,27)));

STEP 73 [uTBR_ClassicHeuristic_MS_RF -> NNI_Substep_60] - Distance: 48.0000
((21,(((9,15),7),(((13,(4,26)),(((28,(((6,((1,(22,20)),25)),(((14,18),10),5)),(24,8))),17),((2,19),3))),((16,11),12)))),23,(29,(30,27)));

STEP 74 [uTBR_ClassicHeuristic_MS_RF -> NNI_Substep_61] - Distance: 46.0000
((21,(((9,15),7),(((13,(4,26)),(((28,(((6,((1,(22,20)),25)),(((14,18),10),5)),(24,8))),((2,19),3)),17)),((16,11),12)))),23,(29,(30,27)));

STEP 75 [uTBR_ClassicHeuristic_MS_RF -> NNI_Substep_62] - Distance: 46.0000
((21,(((9,15),7),((((13,(4,26)),((28,(((6,((1,(22,20)),25)),(((14,18),10),5)),(24,8))),((2,19),3))),17),((16,11),12)))),23,(29,(30,27)));

STEP 76 [uTBR_ClassicHeuristic_MS_RF -> NNI_Substep_63] - Distance: 44.0000
((21,(((9,15),7),((((13,(4,26)),17),((28,(((6,((1,(22,20)),25)),(((14,18),10),5)),(24,8))),((2,19),3))),((16,11),12)))),23,(29,(30,27)));

STEP 77 [uTBR_ClassicHeuristic_MS_RF -> NNI_Substep_64] - Distance: 43.0000
((21,(((9,15),7),((((13,17),(4,26)),((28,(((6,((1,(22,20)),25)),(((14,18),10),5)),(24,8))),((2,19),3))),((16,11),12)))),23,(29,(30,27)));

STEP 78 [uTBR_ClassicHeuristic_MS_RF -> NNI_Substep_65] - Distance: 42.0000
(((21,(((9,15),7),((((13,17),(4,26)),((28,(((6,((1,(22,20)),25)),(((14,18),10),5)),(24,8))),((2,19),3))),((16,11),12)))),(30,27)),23,29);

STEP 79 [uTBR_ClassicHeuristic_MS_RF -> NNI_Substep_66] - Distance: 39.0000
((21,((((9,15),7),((((13,17),(4,26)),((28,(((6,((1,(22,20)),25)),(((14,18),10),5)),(24,8))),((2,19),3))),((16,11),12))),(30,27))),23,29);

STEP 80 [uTBR_ClassicHeuristic_MS_RF -> NNI_Substep_67] - Distance: 39.0000
((21,((((9,15),7),(30,27)),((((13,17),(4,26)),((28,(((6,((1,(22,20)),25)),(((14,18),10),5)),(24,8))),((2,19),3))),((16,11),12)))),23,29);

STEP 81 [uTBR_ClassicHeuristic_MS_RF -> NNI_Substep_68] - Distance: 36.0000
((21,((((9,15),(30,27)),7),((((13,17),(4,26)),((28,(((6,((1,(22,20)),25)),(((14,18),10),5)),(24,8))),((2,19),3))),((16,11),12)))),23,29);

STEP 82 [uTBR_ClassicHeuristic_MS_RF -> NNI_Substep_69] - Distance: 36.0000
((21,((((9,15),(30,27)),7),((((13,17),(4,26)),((28,(((6,((1,(22,20)),25)),(((14,18),10),5)),(24,8))),((2,19),3))),((11,12),16)))),23,29);

STEP 83 [uTBR_ClassicHeuristic_MS_RF -> NNI_Substep_70] - Distance: 36.0000
((21,((((9,15),(30,27)),7),(((((13,17),(4,26)),((28,(((6,((1,(22,20)),25)),(((14,18),10),5)),(24,8))),((2,19),3))),(11,12)),16))),23,29);

STEP 84 [uTBR_ClassicHeuristic_MS_RF -> NNI_Substep_71] - Distance: 36.0000
((21,(((((9,15),(30,27)),7),((((13,17),(4,26)),((28,(((6,((1,(22,20)),25)),(((14,18),10),5)),(24,8))),((2,19),3))),(11,12))),16)),23,29);

STEP 85 [uTBR_ClassicHeuristic_MS_RF -> NNI_Substep_72] - Distance: 34.0000
(((21,((((9,15),(30,27)),7),((((13,17),(4,26)),((28,(((6,((1,(22,20)),25)),(((14,18),10),5)),(24,8))),((2,19),3))),(11,12)))),16),23,29);

STEP 86 [uTBR_ClassicHeuristic_MS_RF -> NNI_Substep_73] - Distance: 32.0000
((21,((((9,15),(30,27)),7),((((13,17),(4,26)),((28,(((6,((1,(22,20)),25)),(((14,18),10),5)),(24,8))),((2,19),3))),(11,12)))),(23,16),29);

STEP 87 [uTBR_ClassicHeuristic_MS_RF -> NNI_Substep_74] - Distance: 33.0000
((21,((((9,15),(30,27)),7),(((((13,17),26),4),((28,(((6,((1,(22,20)),25)),(((14,18),10),5)),(24,8))),((2,19),3))),(11,12)))),(23,16),29);

STEP 88 [uTBR_ClassicHeuristic_MS_RF -> NNI_Substep_75] - Distance: 31.0000
((21,((((9,15),(30,27)),7),(((((13,17),26),((28,(((6,((1,(22,20)),25)),(((14,18),10),5)),(24,8))),((2,19),3))),4),(11,12)))),(23,16),29);

STEP 89 [uTBR_ClassicHeuristic_MS_RF -> NNI_Substep_76] - Distance: 28.0000
((21,((((9,15),(30,27)),7),(((((13,17),26),((28,(((6,((1,(22,20)),25)),(((14,18),10),5)),(24,8))),((2,19),3))),(11,12)),4))),(23,16),29);

STEP 90 [uTBR_ClassicHeuristic_MS_RF -> NNI_Substep_77] - Distance: 30.0000
((21,(((((9,15),(30,27)),7),((((13,17),26),((28,(((6,((1,(22,20)),25)),(((14,18),10),5)),(24,8))),((2,19),3))),(11,12))),4)),(23,16),29);

STEP 91 [uTBR_ClassicHeuristic_MS_RF -> NNI_Substep_78] - Distance: 28.0000
(((21,((((9,15),(30,27)),7),((((13,17),26),((28,(((6,((1,(22,20)),25)),(((14,18),10),5)),(24,8))),((2,19),3))),(11,12)))),4),(23,16),29);

STEP 92 [uTBR_ClassicHeuristic_MS_RF -> NNI_Substep_79] - Distance: 28.0000
((21,((((9,15),(30,27)),7),((((13,17),26),((28,(((6,((1,(22,20)),25)),(((14,18),10),5)),(24,8))),((2,19),3))),(11,12)))),((23,16),4),29);

STEP 93 [uTBR_ClassicHeuristic_MS_RF -> NNI_Substep_80] - Distance: 29.0000
((21,((((9,15),(30,27)),((((13,17),26),((28,(((6,((1,(22,20)),25)),(((14,18),10),5)),(24,8))),((2,19),3))),(11,12))),7)),((23,16),4),29);

STEP 94 [uTBR_ClassicHeuristic_MS_RF -> NNI_Substep_81] - Distance: 24.0000
((21,((((((13,17),26),((28,(((6,((1,(22,20)),25)),(((14,18),10),5)),(24,8))),((2,19),3))),(11,12)),7),((9,15),(30,27)))),((23,16),4),29);

STEP 95 [uTBR_ClassicHeuristic_MS_RF -> NNI_Substep_82] - Distance: 23.0000
((21,((((11,12),7),(((13,17),26),((28,(((6,((1,(22,20)),25)),(((14,18),10),5)),(24,8))),((2,19),3)))),((9,15),(30,27)))),((23,16),4),29);

STEP 96 [uTBR_ClassicHeuristic_MS_RF -> NNI_Substep_83] - Distance: 23.0000
((21,(((9,15),(30,27)),((((13,17),26),((28,(((6,((1,(22,20)),25)),(((14,18),10),5)),(24,8))),((2,19),3))),(11,(12,7))))),((23,16),4),29);

STEP 97 [uTBR_ClassicHeuristic_MS_RF -> NNI_Substep_84] - Distance: 21.0000
(21,((((9,15),(30,27)),((((13,17),26),((28,(((6,((1,(22,20)),25)),(((14,18),10),5)),(24,8))),((2,19),3))),(11,(12,7)))),29),((23,16),4));

STEP 98 [uTBR_ClassicHeuristic_MS_RF -> NNI_Substep_85] - Distance: 16.0000
(21,(((9,15),(30,27)),(((((13,17),26),((28,(((6,((1,(22,20)),25)),(((14,18),10),5)),(24,8))),((2,19),3))),(11,(12,7))),29)),((23,16),4));

STEP 99 [uTBR_ClassicHeuristic_MS_RF -> NNI_Substep_86] - Distance: 23.0000
(21,(((9,15),(30,27)),((((((13,17),26),((28,(((6,((1,(22,20)),25)),(((14,18),10),5)),(24,8))),((2,19),3))),(12,7)),11),29)),((23,16),4));

STEP 100 [uTBR_ClassicHeuristic_MS_RF -> NNI_Substep_87] - Distance: 24.0000
(21,(((9,15),(30,27)),((((((13,17),26),((28,(((6,((1,(22,20)),25)),(((14,18),10),5)),(24,8))),((2,19),3))),11),(12,7)),29)),((23,16),4));

STEP 101 [uTBR_ClassicHeuristic_MS_RF -> NNI_Substep_88] - Distance: 26.0000
(21,(((9,15),(30,27)),((((((28,(((6,((1,(22,20)),25)),(((14,18),10),5)),(24,8))),((2,19),3)),11),((13,17),26)),(12,7)),29)),((23,16),4));

STEP 102 [uTBR_ClassicHeuristic_MS_RF -> NNI_Substep_89] - Distance: 15.0000
(21,(((9,15),(30,27)),(((((13,17),26),((28,(((6,((1,(22,20)),25)),(((14,18),10),5)),(24,8))),(((2,19),3),11))),(12,7)),29)),((23,16),4));

STEP 103 [uTBR_ClassicHeuristic_MS_RF -> NNI_Substep_90] - Distance: 14.0000
(21,(((9,15),(30,27)),(((((13,17),26),((28,(((6,((1,(22,20)),25)),(((14,18),10),5)),(24,8))),((2,19),(3,11)))),(12,7)),29)),((23,16),4));

STEP 104 [uTBR_ClassicHeuristic_MS_RF -> NNI_Substep_91] - Distance: 24.0000
(21,(((9,15),(30,27)),(((((13,17),26),(((28,(((6,((1,(22,20)),25)),(((14,18),10),5)),(24,8))),(2,19)),(3,11))),(12,7)),29)),((23,16),4));

STEP 105 [uTBR_ClassicHeuristic_MS_RF -> NNI_Substep_92] - Distance: 21.0000
(21,(((9,15),(30,27)),((((((13,17),26),((28,(((6,((1,(22,20)),25)),(((14,18),10),5)),(24,8))),(2,19))),(3,11)),(12,7)),29)),((23,16),4));

STEP 106 [uTBR_ClassicHeuristic_MS_RF -> NNI_Substep_93] - Distance: 11.0000
(21,(((9,15),(30,27)),((((((13,17),26),(3,11)),((28,(((6,((1,(22,20)),25)),(((14,18),10),5)),(24,8))),(2,19))),(12,7)),29)),((23,16),4));

STEP 107 [uTBR_ClassicHeuristic_MS_RF -> NNI_Substep_94] - Distance: 8.0000
(21,(((9,15),(30,27)),((((((13,17),(3,11)),26),((28,(((6,((1,(22,20)),25)),(((14,18),10),5)),(24,8))),(2,19))),(12,7)),29)),((23,16),4));

STEP 108 [uTBR_ClassicHeuristic_MS_RF -> NNI_Substep_95] - Distance: 9.0000
(21,(((9,15),(30,27)),(((((13,(17,(3,11))),26),((28,(((6,((1,(22,20)),25)),(((14,18),10),5)),(24,8))),(2,19))),(12,7)),29)),((23,16),4));

STEP 109 [uTBR_ClassicHeuristic_MS_RF -> NNI_Substep_96] - Distance: 9.0000
(21,(((9,15),(30,27)),((((((17,(3,11)),26),13),((28,(((6,((1,(22,20)),25)),(((14,18),10),5)),(24,8))),(2,19))),(12,7)),29)),((23,16),4));

STEP 110 [uTBR_ClassicHeuristic_MS_RF -> NNI_Substep_97] - Distance: 16.0000
(21,(((9,15),(30,27)),((((((17,(3,11)),26),((28,(((6,((1,(22,20)),25)),(((14,18),10),5)),(24,8))),(2,19))),13),(12,7)),29)),((23,16),4));

STEP 111 [uTBR_ClassicHeuristic_MS_RF -> NNI_Substep_98] - Distance: 15.0000
(21,(((9,15),(30,27)),(((((17,(3,11)),26),(((28,(((6,((1,(22,20)),25)),(((14,18),10),5)),(24,8))),(2,19)),13)),(12,7)),29)),((23,16),4));

STEP 112 [uTBR_ClassicHeuristic_MS_RF -> NNI_Substep_99] - Distance: 2.0000
(21,(((9,15),(30,27)),(((((17,(3,11)),26),((28,(((6,((1,(22,20)),25)),(((14,18),10),5)),(24,8))),((2,19),13))),(12,7)),29)),((23,16),4));

STEP 113 [uTBR_ClassicHeuristic_MS_RF -> NNI_Substep_100] - Distance: 0.0000
(21,(((9,15),(30,27)),(((((17,(3,11)),26),((28,(((6,(25,(22,(20,1)))),(((14,18),10),5)),(24,8))),((2,19),13))),(12,7)),29)),((23,16),4));

========================================================
[FINAL] Total Steps: 113 | Final Distance: 0.0000
========================================================
