========================================================
HEURISTIC TRAJECTORY: VND Classic (M3)
========================================================
STEP 0 [START] - Distance: 3399.0000
(3,(12,28),(((16,(((17,(9,22)),(19,26)),(10,((1,(4,27)),(6,18))))),(((5,(14,15)),(11,(24,(8,13)))),(7,21))),(23,(20,(30,(25,(29,2)))))));

STEP 1 [NNI_ClassicHeuristic_M3 -> NNI_Substep_1] - Distance: 3373.0000
(3,(12,28),(((16,(((1,(4,27)),(6,18)),(10,((17,(9,22)),(19,26))))),(((5,(14,15)),(11,(24,(8,13)))),(7,21))),(23,(20,(30,(25,(29,2)))))));

STEP 2 [NNI_ClassicHeuristic_M3 -> NNI_Substep_2] - Distance: 3347.0000
((23,(20,(30,(25,(29,2))))),(12,28),(((16,(((1,(4,27)),(6,18)),(10,((17,(9,22)),(19,26))))),(((5,(14,15)),(11,(24,(8,13)))),(7,21))),3));

STEP 3 [NNI_ClassicHeuristic_M3 -> NNI_Substep_3] - Distance: 3333.0000
((23,(20,(30,(25,(29,2))))),(12,28),((((5,(14,15)),(11,(24,(8,13)))),((16,(((1,(4,27)),(6,18)),(10,((17,(9,22)),(19,26))))),(7,21))),3));

STEP 4 [NNI_ClassicHeuristic_M3 -> NNI_Substep_4] - Distance: 3320.0000
((23,(20,(30,(25,(29,2))))),(12,28),((((5,(14,15)),(11,(24,(8,13)))),((((1,(4,27)),(6,18)),(16,(10,((17,(9,22)),(19,26))))),(7,21))),3));

STEP 5 [NNI_ClassicHeuristic_M3 -> NNI_Substep_5] - Distance: 3316.0000
((23,(20,(30,(25,(29,2))))),(12,28),((((15,(14,5)),(11,(24,(8,13)))),((((1,(4,27)),(6,18)),(16,(10,((17,(9,22)),(19,26))))),(7,21))),3));

STEP 6 [NNI_ClassicHeuristic_M3 -> NNI_Substep_6] - Distance: 3298.0000
((23,(20,(30,(25,(29,2))))),(12,28),(((((11,(24,(8,13))),(14,5)),15),((((1,(4,27)),(6,18)),(16,(10,((17,(9,22)),(19,26))))),(7,21))),3));

STEP 7 [NNI_ClassicHeuristic_M3 -> NNI_Substep_7] - Distance: 3270.0000
((23,(20,(30,(25,(29,2))))),(12,28),(((((((1,(4,27)),(6,18)),(16,(10,((17,(9,22)),(19,26))))),(7,21)),15),((11,(24,(8,13))),(14,5))),3));

STEP 8 [NNI_ClassicHeuristic_M3 -> NNI_Substep_8] - Distance: 3267.0000
((23,(20,(30,(25,(29,2))))),(12,28),((((((((6,18),(4,27)),1),(16,(10,((17,(9,22)),(19,26))))),(7,21)),15),((11,(24,(8,13))),(14,5))),3));

STEP 9 [NNI_ClassicHeuristic_M3 -> NNI_Substep_9] - Distance: 3242.0000
((23,(20,(30,(25,(29,2))))),(12,28),(((((((27,(4,(6,18))),1),(16,(10,((17,(9,22)),(19,26))))),(7,21)),15),((11,(24,(8,13))),(14,5))),3));

STEP 10 [NNI_ClassicHeuristic_M3 -> NNI_Substep_10] - Distance: 3220.0000
((23,(20,(30,(25,(29,2))))),(12,28),(((((((16,(10,((17,(9,22)),(19,26)))),1),(27,(4,(6,18)))),(7,21)),15),((11,(24,(8,13))),(14,5))),3));

STEP 11 [NNI_ClassicHeuristic_M3 -> NNI_Substep_11] - Distance: 3208.0000
((23,(20,(30,(25,(29,2))))),(12,28),(((((((16,(10,((17,(9,22)),(19,26)))),1),(7,21)),(27,(4,(6,18)))),15),((11,(24,(8,13))),(14,5))),3));

STEP 12 [NNI_ClassicHeuristic_M3 -> NNI_Substep_12] - Distance: 3198.0000
((23,(20,(30,(25,(29,2))))),(12,28),(((((((16,(10,((17,(9,22)),(19,26)))),1),(7,21)),15),(27,(4,(6,18)))),((11,(24,(8,13))),(14,5))),3));

STEP 13 [NNI_ClassicHeuristic_M3 -> NNI_Substep_13] - Distance: 3180.0000
((23,(20,(30,(25,(29,2))))),(12,28),(((((((16,(10,((17,(9,22)),(19,26)))),1),(7,21)),15),((11,(24,(8,13))),(14,5))),(27,(4,(6,18)))),3));

STEP 14 [NNI_ClassicHeuristic_M3 -> NNI_Substep_14] - Distance: 3177.0000
((23,(20,(30,(25,(29,2))))),(12,28),(((((((16,(10,((17,(9,22)),(19,26)))),1),(7,21)),15),(((14,5),(24,(8,13))),11)),(27,(4,(6,18)))),3));

STEP 15 [NNI_ClassicHeuristic_M3 -> NNI_Substep_15] - Distance: 3143.0000
((23,(20,(30,(25,(29,2))))),(12,28),(((11,(((14,5),(24,(8,13))),((((16,(10,((17,(9,22)),(19,26)))),1),(7,21)),15))),(27,(4,(6,18)))),3));

STEP 16 [NNI_ClassicHeuristic_M3 -> NNI_Substep_16] - Distance: 3110.0000
((23,(20,(30,(25,(29,2))))),(12,28),(((11,(27,(4,(6,18)))),(((14,5),(24,(8,13))),((((16,(10,((17,(9,22)),(19,26)))),1),(7,21)),15))),3));

STEP 17 [NNI_ClassicHeuristic_M3 -> NNI_Substep_17] - Distance: 3105.0000
(12,((23,(20,(30,(25,(29,2))))),28),(((11,(27,(4,(6,18)))),(((14,5),(24,(8,13))),((((16,(10,((17,(9,22)),(19,26)))),1),(7,21)),15))),3));

STEP 18 [NNI_ClassicHeuristic_M3 -> NNI_Substep_18] - Distance: 3102.0000
(12,((23,(20,(30,(25,(29,2))))),28),(((11,(27,(4,(6,18)))),((24,((14,5),(8,13))),((((16,(10,((17,(9,22)),(19,26)))),1),(7,21)),15))),3));

STEP 19 [NNI_ClassicHeuristic_M3 -> NNI_Substep_19] - Distance: 3080.0000
(12,((23,(20,(30,(25,(29,2))))),28),(((11,(27,(4,(6,18)))),((24,((((16,(10,((17,(9,22)),(19,26)))),1),(7,21)),15)),((14,5),(8,13)))),3));

STEP 20 [NNI_ClassicHeuristic_M3 -> NNI_Substep_20] - Distance: 3065.0000
(12,((23,(20,(30,(25,(29,2))))),28),(((11,(27,(4,(6,18)))),((24,((7,(((16,(10,((17,(9,22)),(19,26)))),1),21)),15)),((14,5),(8,13)))),3));

STEP 21 [NNI_ClassicHeuristic_M3 -> NNI_Substep_21] - Distance: 3061.0000
(12,((23,(20,(30,(25,(29,2))))),28),(((11,(27,(4,(6,18)))),((24,((7,(((16,(10,((17,(9,22)),(19,26)))),1),21)),15)),(13,(8,(14,5))))),3));

STEP 22 [NNI_ClassicHeuristic_M3 -> NNI_Substep_22] - Distance: 3059.0000
(12,((23,(20,(30,(25,(29,2))))),28),(((11,(27,(4,(6,18)))),((24,((7,(((1,(10,((17,(9,22)),(19,26)))),16),21)),15)),(13,(8,(14,5))))),3));

STEP 23 [NNI_ClassicHeuristic_M3 -> NNI_Substep_23] - Distance: 3056.0000
(12,((23,(20,(30,(25,(29,2))))),28),(((11,(27,(4,(6,18)))),((24,((7,(((1,(10,((17,(9,22)),(19,26)))),21),16)),15)),(13,(8,(14,5))))),3));

STEP 24 [NNI_ClassicHeuristic_M3 -> NNI_Substep_24] - Distance: 3053.0000
(12,((23,(20,(30,(25,(29,2))))),28),(((11,(27,(4,(6,18)))),((24,((16,(((1,(10,((17,(9,22)),(19,26)))),21),7)),15)),(13,(8,(14,5))))),3));

STEP 25 [NNI_ClassicHeuristic_M3 -> NNI_Substep_25] - Distance: 3050.0000
(12,((23,(20,(30,(25,(29,2))))),28),(((11,(27,(4,(6,18)))),((24,((15,(((1,(10,((17,(9,22)),(19,26)))),21),7)),16)),(13,(8,(14,5))))),3));

STEP 26 [NNI_ClassicHeuristic_M3 -> NNI_Substep_26] - Distance: 3046.0000
(12,((23,(20,(30,(25,(29,2))))),28),(((11,(27,(4,(6,18)))),((16,((15,(((1,(10,((17,(9,22)),(19,26)))),21),7)),24)),(13,(8,(14,5))))),3));

STEP 27 [NNI_ClassicHeuristic_M3 -> NNI_Substep_27] - Distance: 3030.0000
(12,((23,(20,(30,(25,(29,2))))),28),(((11,(27,(4,(6,18)))),(((13,(8,(14,5))),((15,(((1,(10,((17,(9,22)),(19,26)))),21),7)),24)),16)),3));

STEP 28 [NNI_ClassicHeuristic_M3 -> NNI_Substep_28] - Distance: 3011.0000
(12,((23,(20,(30,(25,(29,2))))),28),((16,(((13,(8,(14,5))),((15,(((1,(10,((17,(9,22)),(19,26)))),21),7)),24)),(11,(27,(4,(6,18)))))),3));

STEP 29 [NNI_ClassicHeuristic_M3 -> NNI_Substep_29] - Distance: 3010.0000
(12,((23,(20,(30,(29,(25,2))))),28),((16,(((13,(8,(14,5))),((15,(((1,(10,((17,(9,22)),(19,26)))),21),7)),24)),(11,(27,(4,(6,18)))))),3));

STEP 30 [NNI_ClassicHeuristic_M3 -> NNI_Substep_30] - Distance: 3009.0000
(12,((20,(23,(30,(29,(25,2))))),28),((16,(((13,(8,(14,5))),((15,(((1,(10,((17,(9,22)),(19,26)))),21),7)),24)),(11,(27,(4,(6,18)))))),3));

STEP 31 [NNI_ClassicHeuristic_M3 -> NNI_Substep_31] - Distance: 3008.0000
(12,((28,(23,(30,(29,(25,2))))),20),((16,(((13,(8,(14,5))),((15,(((1,(10,((17,(9,22)),(19,26)))),21),7)),24)),(11,(27,(4,(6,18)))))),3));

STEP 32 [NNI_ClassicHeuristic_M3 -> NNI_Substep_32] - Distance: 3007.0000
(12,((28,(23,(30,(29,(25,2))))),20),((16,(((13,(8,(14,5))),((15,(((1,(10,(((19,26),(9,22)),17))),21),7)),24)),(11,(27,(4,(6,18)))))),3));

STEP 33 [NNI_ClassicHeuristic_M3 -> NNI_Substep_33] - Distance: 3006.0000
(12,((28,(23,(30,(29,(25,2))))),20),((16,(((13,(8,(14,5))),((15,(((1,(10,((9,((19,26),22)),17))),21),7)),24)),(11,(27,(4,(6,18)))))),3));

STEP 34 [NNI_ClassicHeuristic_M3 -> NNI_Substep_34] - Distance: 3005.0000
(12,((28,(23,(30,(29,(25,2))))),20),((16,(((13,(8,(14,5))),((15,(((1,(17,((9,((19,26),22)),10))),21),7)),24)),(11,(27,(4,(6,18)))))),3));

STEP 35 [NNI_ClassicHeuristic_M3 -> NNI_Substep_35] - Distance: 3004.0000
(12,((28,(23,(30,(29,(25,2))))),20),((16,(((13,(8,(14,5))),((15,(((17,(1,((9,((19,26),22)),10))),21),7)),24)),(11,(27,(4,(6,18)))))),3));

STEP 36 [NNI_ClassicHeuristic_M3 -> NNI_Substep_36] - Distance: 3002.0000
(12,((28,(23,(30,(29,(25,2))))),20),((16,(((13,(8,(14,5))),((15,(((21,(1,((9,((19,26),22)),10))),17),7)),24)),(11,(27,(4,(6,18)))))),3));

STEP 37 [NNI_ClassicHeuristic_M3 -> NNI_Substep_37] - Distance: 2999.0000
(12,((28,(23,(30,(29,(25,2))))),20),((16,(((13,(8,(14,5))),((15,(((21,(1,((9,((19,26),22)),10))),7),17)),24)),(11,(27,(4,(6,18)))))),3));

STEP 38 [NNI_ClassicHeuristic_M3 -> NNI_Substep_38] - Distance: 2996.0000
(12,((28,(23,(30,(29,(25,2))))),20),((16,(((13,(8,(14,5))),((17,(((21,(1,((9,((19,26),22)),10))),7),15)),24)),(11,(27,(4,(6,18)))))),3));

STEP 39 [NNI_ClassicHeuristic_M3 -> NNI_Substep_39] - Distance: 2992.0000
(12,((28,(23,(30,(29,(25,2))))),20),((16,(((13,(8,(14,5))),((24,(((21,(1,((9,((19,26),22)),10))),7),15)),17)),(11,(27,(4,(6,18)))))),3));

STEP 40 [NNI_ClassicHeuristic_M3 -> NNI_Substep_40] - Distance: 2892.0000
(12,((28,(23,(30,(29,(25,2))))),20),((16,(((24,(((21,(1,((9,((19,26),22)),10))),7),15)),((13,(8,(14,5))),17)),(11,(27,(4,(6,18)))))),3));

STEP 41 [NNI_ClassicHeuristic_M3 -> NNI_Substep_41] - Distance: 2870.0000
(12,((28,(23,(30,(29,(25,2))))),20),((16,(((24,(((21,(1,((9,((19,26),22)),10))),7),15)),((17,(8,(14,5))),13)),(11,(27,(4,(6,18)))))),3));

STEP 42 [NNI_ClassicHeuristic_M3 -> NNI_Substep_42] - Distance: 2868.0000
(12,((28,(23,(30,(29,(25,2))))),20),((16,(((24,(((21,(1,((9,((19,26),22)),10))),7),15)),((8,(17,(14,5))),13)),(11,(27,(4,(6,18)))))),3));

STEP 43 [NNI_ClassicHeuristic_M3 -> NNI_Substep_43] - Distance: 2866.0000
(12,((28,(23,(30,(29,(25,2))))),20),((16,(((24,(((21,(1,((9,((19,26),22)),10))),7),15)),((8,(5,(14,17))),13)),(11,(27,(4,(6,18)))))),3));

STEP 44 [NNI_ClassicHeuristic_M3 -> NNI_Substep_44] - Distance: 2865.0000
(12,((28,(23,(30,(29,(25,2))))),20),((16,(((24,(((21,(1,((9,((19,26),22)),10))),7),15)),((13,(5,(14,17))),8)),(11,(27,(4,(6,18)))))),3));

STEP 45 [NNI_ClassicHeuristic_M3 -> NNI_Substep_45] - Distance: 2846.0000
(12,((28,(23,(30,(29,(25,2))))),20),((16,((8,((13,(5,(14,17))),(24,(((21,(1,((9,((19,26),22)),10))),7),15)))),(11,(27,(4,(6,18)))))),3));

STEP 46 [NNI_ClassicHeuristic_M3 -> NNI_Substep_46] - Distance: 2822.0000
(12,((28,(23,(30,(29,(25,2))))),20),((16,(((11,(27,(4,(6,18)))),((13,(5,(14,17))),(24,(((21,(1,((9,((19,26),22)),10))),7),15)))),8)),3));

STEP 47 [NNI_ClassicHeuristic_M3 -> NNI_Substep_47] - Distance: 2813.0000
(12,((28,(23,(30,(29,(25,2))))),20),((8,(((11,(27,(4,(6,18)))),((13,(5,(14,17))),(24,(((21,(1,((9,((19,26),22)),10))),7),15)))),16)),3));

STEP 48 [NNI_ClassicHeuristic_M3 -> NNI_Substep_48] - Distance: 2804.0000
(12,((28,(23,(30,(29,(25,2))))),20),((3,(((11,(27,(4,(6,18)))),((13,(5,(14,17))),(24,(((21,(1,((9,((19,26),22)),10))),7),15)))),16)),8));

STEP 49 [NNI_ClassicHeuristic_M3 -> NNI_Substep_49] - Distance: 2803.0000
(12,((28,(23,(30,(29,(25,2))))),20),((3,(((11,(27,(6,(4,18)))),((13,(5,(14,17))),(24,(((21,(1,((9,((19,26),22)),10))),7),15)))),16)),8));

STEP 50 [NNI_ClassicHeuristic_M3 -> NNI_Substep_50] - Distance: 2802.0000
(12,((28,(23,(30,(29,(25,2))))),20),((3,(((11,(6,(27,(4,18)))),((13,(5,(14,17))),(24,(((21,(1,((9,((19,26),22)),10))),7),15)))),16)),8));

STEP 51 [NNI_ClassicHeuristic_M3 -> NNI_Substep_51] - Distance: 2800.0000
(12,((28,(23,(30,(29,(25,2))))),20),((3,(((6,(11,(27,(4,18)))),((13,(5,(14,17))),(24,(((21,(1,((9,((19,26),22)),10))),7),15)))),16)),8));

STEP 52 [NNI_ClassicHeuristic_M3 -> NNI_Substep_52] - Distance: 2771.0000
(12,((28,(23,(30,(29,(25,2))))),20),((3,(((6,((13,(5,(14,17))),(24,(((21,(1,((9,((19,26),22)),10))),7),15)))),(11,(27,(4,18)))),16)),8));

STEP 53 [NNI_ClassicHeuristic_M3 -> NNI_Substep_53] - Distance: 2659.0000
(12,((28,(23,(30,(29,(25,2))))),20),((3,((((24,(((21,(1,((9,((19,26),22)),10))),7),15)),((13,(5,(14,17))),6)),(11,(27,(4,18)))),16)),8));

STEP 54 [NNI_ClassicHeuristic_M3 -> NNI_Substep_54] - Distance: 2634.0000
(12,((28,(23,(30,(29,(25,2))))),20),((3,((((24,(((21,(1,((9,((19,26),22)),10))),7),15)),((6,(5,(14,17))),13)),(11,(27,(4,18)))),16)),8));

STEP 55 [NNI_ClassicHeuristic_M3 -> NNI_Substep_55] - Distance: 2631.0000
(12,((28,(23,(30,(29,(25,2))))),20),((3,((((24,(((21,(1,((9,((19,26),22)),10))),7),15)),((5,(6,(14,17))),13)),(11,(27,(4,18)))),16)),8));

STEP 56 [NNI_ClassicHeuristic_M3 -> NNI_Substep_56] - Distance: 2628.0000
(12,((28,(23,(30,(29,(25,2))))),20),((3,((((24,(((21,(1,((9,((19,26),22)),10))),7),15)),((13,(6,(14,17))),5)),(11,(27,(4,18)))),16)),8));

STEP 57 [NNI_ClassicHeuristic_M3 -> NNI_Substep_57] - Distance: 2594.0000
(12,((28,(23,(30,(29,(25,2))))),20),((3,(((5,((13,(6,(14,17))),(24,(((21,(1,((9,((19,26),22)),10))),7),15)))),(11,(27,(4,18)))),16)),8));

STEP 58 [NNI_ClassicHeuristic_M3 -> NNI_Substep_58] - Distance: 2554.0000
(12,((28,(23,(30,(29,(25,2))))),20),((3,((((11,(27,(4,18))),((13,(6,(14,17))),(24,(((21,(1,((9,((19,26),22)),10))),7),15)))),5),16)),8));

STEP 59 [NNI_ClassicHeuristic_M3 -> NNI_Substep_59] - Distance: 2543.0000
(12,((28,(23,(30,(29,(25,2))))),20),((3,((((11,(27,(4,18))),((13,(6,(14,17))),(24,(((21,(1,((9,((19,26),22)),10))),7),15)))),16),5)),8));

STEP 60 [NNI_ClassicHeuristic_M3 -> NNI_Substep_60] - Distance: 2486.0000
(12,((28,(23,(30,(29,(25,2))))),20),(((((11,(27,(4,18))),((13,(6,(14,17))),(24,(((21,(1,((9,((19,26),22)),10))),7),15)))),16),(3,5)),8));

STEP 61 [2sECR_ClassicHeuristic_M3 -> NNI_Substep_1] - Distance: 2486.0000
(12,((28,(23,(30,(29,(25,2))))),20),(((((11,(27,(4,18))),((13,(6,(14,17))),(24,(7,(15,(21,(1,((9,((19,26),22)),10)))))))),16),(3,5)),8));

STEP 62 [2sECR_ClassicHeuristic_M3 -> NNI_Substep_2] - Distance: 2427.0000
(12,((28,(23,(30,(29,(25,2))))),20),(((((11,(27,(4,18))),((13,(6,(14,17))),((24,7),(15,(21,(1,((9,((19,26),22)),10))))))),16),(3,5)),8));

STEP 63 [2sECR_ClassicHeuristic_M3 -> NNI_Substep_3] - Distance: 2426.0000
(12,((28,(23,(30,(29,(25,2))))),20),(((((11,(27,(4,18))),((13,(6,(14,17))),((24,7),(15,(21,(10,(1,(9,((19,26),22))))))))),16),(3,5)),8));

STEP 64 [2sECR_ClassicHeuristic_M3 -> NNI_Substep_4] - Distance: 2424.0000
(12,((28,(23,(30,(29,(25,2))))),20),(((((11,(27,(4,18))),((13,(6,(14,17))),((24,7),(15,(10,(21,(1,(9,((19,26),22))))))))),16),(3,5)),8));

STEP 65 [2sECR_ClassicHeuristic_M3 -> NNI_Substep_5] - Distance: 2422.0000
(12,((28,(23,(30,(29,(25,2))))),20),(((((11,(27,(4,18))),((13,(6,(14,17))),((24,7),(10,(15,(21,(1,(9,((19,26),22))))))))),16),(3,5)),8));

STEP 66 [2sECR_ClassicHeuristic_M3 -> NNI_Substep_6] - Distance: 2326.0000
(12,((28,(23,(30,(29,(25,2))))),20),(((((11,(27,(4,18))),((13,(6,(14,17))),(((24,7),10),(15,(21,(1,(9,((19,26),22)))))))),16),(3,5)),8));

STEP 67 [2sECR_ClassicHeuristic_M3 -> NNI_Substep_7] - Distance: 2299.0000
(12,((28,(23,(30,(29,(25,2))))),20),(((((11,(27,(4,18))),((13,(6,(14,17))),((24,(10,7)),(15,(21,(1,(9,((19,26),22)))))))),16),(3,5)),8));

STEP 68 [2sECR_ClassicHeuristic_M3 -> NNI_Substep_8] - Distance: 2298.0000
(12,((28,(23,(30,(29,(25,2))))),20),(((((11,(27,(4,18))),((13,(6,(14,17))),((24,(10,7)),(15,(21,(9,(1,((19,26),22)))))))),16),(3,5)),8));

STEP 69 [2sECR_ClassicHeuristic_M3 -> NNI_Substep_9] - Distance: 2296.0000
(12,((28,(23,(30,(29,(25,2))))),20),(((((11,(27,(4,18))),((13,(6,(14,17))),((24,(10,7)),(15,(9,(21,(1,((19,26),22)))))))),16),(3,5)),8));

STEP 70 [2sECR_ClassicHeuristic_M3 -> NNI_Substep_10] - Distance: 2294.0000
(12,((28,(23,(30,(29,(25,2))))),20),(((((11,(27,(4,18))),((13,(6,(14,17))),((24,(10,7)),(9,(15,(21,(1,((19,26),22)))))))),16),(3,5)),8));

STEP 71 [2sECR_ClassicHeuristic_M3 -> NNI_Substep_11] - Distance: 2198.0000
(12,((28,(23,(30,(29,(25,2))))),20),(((((11,(27,(4,18))),((13,(6,(14,17))),(((24,(10,7)),9),(15,(21,(1,((19,26),22))))))),16),(3,5)),8));

STEP 72 [2sECR_ClassicHeuristic_M3 -> NNI_Substep_12] - Distance: 2144.0000
(12,((28,(23,(30,(29,(25,2))))),20),(((((11,(27,(4,18))),((13,(6,(14,17))),(((10,7),(9,24)),(15,(21,(1,((19,26),22))))))),16),(3,5)),8));

STEP 73 [2sECR_ClassicHeuristic_M3 -> NNI_Substep_13] - Distance: 2143.0000
(12,((28,(23,(30,(29,(25,2))))),20),(((((11,(27,(4,18))),((13,(6,(14,17))),(((10,7),(9,24)),(15,(21,((19,26),(1,22))))))),16),(3,5)),8));

STEP 74 [2sECR_ClassicHeuristic_M3 -> NNI_Substep_14] - Distance: 2140.0000
(12,((28,(23,(30,(29,(25,2))))),20),(((((11,(27,(4,18))),((13,(6,(14,17))),(((10,7),(9,24)),(15,((19,26),(21,(1,22))))))),16),(3,5)),8));

STEP 75 [2sECR_ClassicHeuristic_M3 -> NNI_Substep_15] - Distance: 2137.0000
(12,((28,(23,(30,(29,(25,2))))),20),(((((11,(27,(4,18))),((13,(6,(14,17))),(((10,7),(9,24)),((19,26),(15,(21,(1,22))))))),16),(3,5)),8));

STEP 76 [2sECR_ClassicHeuristic_M3 -> NNI_Substep_16] - Distance: 2117.0000
(12,((28,(23,(30,(29,(25,2))))),20),(((((11,(27,(4,18))),((13,(6,(14,17))),((19,26),(((10,7),(9,24)),(15,(21,(1,22))))))),16),(3,5)),8));

STEP 77 [2sECR_ClassicHeuristic_M3 -> NNI_Substep_17] - Distance: 2065.0000
(12,((28,(23,(30,(29,(25,2))))),20),(((((11,(27,(4,18))),((19,26),((13,(6,(14,17))),(((10,7),(9,24)),(15,(21,(1,22))))))),16),(3,5)),8));

STEP 78 [2sECR_ClassicHeuristic_M3 -> NNI_Substep_18] - Distance: 1989.0000
(12,((28,(23,(30,(29,(25,2))))),20),(((((19,26),((11,(27,(4,18))),((13,(6,(14,17))),(((10,7),(9,24)),(15,(21,(1,22))))))),16),(3,5)),8));

STEP 79 [2sECR_ClassicHeuristic_M3 -> NNI_Substep_19] - Distance: 1968.0000
(12,((28,(23,(30,(29,(25,2))))),20),((((19,26),(16,((11,(27,(4,18))),((13,(6,(14,17))),(((10,7),(9,24)),(15,(21,(1,22)))))))),(3,5)),8));

STEP 80 [2sECR_ClassicHeuristic_M3 -> NNI_Substep_20] - Distance: 1926.0000
(12,((28,(23,(30,(29,(25,2))))),20),((((3,5),(16,((11,(27,(4,18))),((13,(6,(14,17))),(((10,7),(9,24)),(15,(21,(1,22)))))))),(19,26)),8));

STEP 81 [2sECR_ClassicHeuristic_M3 -> NNI_Substep_21] - Distance: 1914.0000
(12,((28,(23,(30,(29,(25,2))))),20),((19,(((3,5),(16,((11,(27,(4,18))),((13,(6,(14,17))),(((10,7),(9,24)),(15,(21,(1,22)))))))),26)),8));

STEP 82 [2sECR_ClassicHeuristic_M3 -> NNI_Substep_22] - Distance: 1880.0000
(12,((28,(23,(30,(29,(25,2))))),20),((((3,5),(16,((11,(27,(4,18))),((13,(6,(14,17))),(((10,7),(9,24)),(15,(21,(1,22)))))))),26),(8,19)));

STEP 83 [2sECR_ClassicHeuristic_M3 -> NNI_Substep_23] - Distance: 1854.0000
(12,((28,(23,(30,(29,(25,2))))),20),((((3,5),(16,((11,(27,(4,18))),((13,(6,(14,17))),(((10,7),(9,24)),(15,(21,(1,22)))))))),(8,19)),26));

STEP 84 [2sECR_ClassicHeuristic_M3 -> NNI_Substep_24] - Distance: 1852.0000
(26,((28,(23,(30,(29,(25,2))))),20),(12,(((3,5),(16,((11,(27,(4,18))),((13,(6,(14,17))),(((10,7),(9,24)),(15,(21,(1,22)))))))),(8,19))));

STEP 85 [2sECR_ClassicHeuristic_M3 -> NNI_Substep_25] - Distance: 1846.0000
(26,((28,(23,(30,(29,(25,2))))),20),((8,19),(12,((3,5),(16,((11,(27,(4,18))),((13,(6,(14,17))),(((10,7),(9,24)),(15,(21,(1,22)))))))))));

STEP 86 [2sECR_ClassicHeuristic_M3 -> NNI_Substep_26] - Distance: 1836.0000
(26,((28,(23,(30,(29,(25,2))))),20),((8,19),((3,5),(12,(16,((11,(27,(4,18))),((13,(6,(14,17))),(((10,7),(9,24)),(15,(21,(1,22)))))))))));

STEP 87 [2sECR_ClassicHeuristic_M3 -> NNI_Substep_27] - Distance: 1829.0000
(26,((28,(23,(30,(29,(25,2))))),20),((8,19),((3,5),(16,(12,((11,(27,(4,18))),((13,(6,(14,17))),(((10,7),(9,24)),(15,(21,(1,22)))))))))));

STEP 88 [2sECR_ClassicHeuristic_M3 -> NNI_Substep_28] - Distance: 1721.0000
(26,((28,(23,(30,(29,(25,2))))),20),((8,19),((3,5),(16,(((13,(6,(14,17))),(((10,7),(9,24)),(15,(21,(1,22))))),(12,(11,(27,(4,18)))))))));

STEP 89 [2sECR_ClassicHeuristic_M3 -> NNI_Substep_29] - Distance: 1697.0000
(26,((28,(23,(30,(29,(25,2))))),20),((8,19),((3,5),(16,(((13,(6,(14,17))),(((10,7),(9,24)),(15,(21,(1,22))))),(11,(12,(27,(4,18)))))))));

STEP 90 [2sECR_ClassicHeuristic_M3 -> NNI_Substep_30] - Distance: 1671.0000
(26,((28,(23,(30,(29,(25,2))))),20),((8,19),((3,5),(16,(((13,(6,(14,17))),(((10,7),(9,24)),(15,(21,(1,22))))),(11,(27,(12,(4,18)))))))));

STEP 91 [2sECR_ClassicHeuristic_M3 -> NNI_Substep_31] - Distance: 1644.0000
(26,((28,(23,(30,(29,(25,2))))),20),((8,19),((3,5),(16,(((13,(6,(14,17))),(((10,7),(9,24)),(15,(21,(1,22))))),(11,(27,(4,(12,18)))))))));

STEP 92 [2sECR_ClassicHeuristic_M3 -> NNI_Substep_32] - Distance: 1642.0000
(26,(28,(23,(30,(29,(25,2))))),(20,((8,19),((3,5),(16,(((13,(6,(14,17))),(((10,7),(9,24)),(15,(21,(1,22))))),(11,(27,(4,(12,18))))))))));

STEP 93 [2sECR_ClassicHeuristic_M3 -> NNI_Substep_33] - Distance: 1636.0000
(26,(28,(23,(30,(29,(25,2))))),((8,19),(20,((3,5),(16,(((13,(6,(14,17))),(((10,7),(9,24)),(15,(21,(1,22))))),(11,(27,(4,(12,18))))))))));

STEP 94 [2sECR_ClassicHeuristic_M3 -> NNI_Substep_34] - Distance: 1626.0000
(26,(28,(23,(30,(29,(25,2))))),((8,19),((3,5),(20,(16,(((13,(6,(14,17))),(((10,7),(9,24)),(15,(21,(1,22))))),(11,(27,(4,(12,18))))))))));

STEP 95 [2sECR_ClassicHeuristic_M3 -> NNI_Substep_35] - Distance: 1619.0000
(26,(28,(23,(30,(29,(25,2))))),((8,19),((3,5),(16,(20,(((13,(6,(14,17))),(((10,7),(9,24)),(15,(21,(1,22))))),(11,(27,(4,(12,18))))))))));

STEP 96 [2sECR_ClassicHeuristic_M3 -> NNI_Substep_36] - Distance: 1574.0000
(26,(28,(23,(30,(29,(25,2))))),((8,19),((3,5),(16,((11,(27,(4,(12,18)))),(20,((13,(6,(14,17))),(((10,7),(9,24)),(15,(21,(1,22)))))))))));

STEP 97 [2sECR_ClassicHeuristic_M3 -> NNI_Substep_37] - Distance: 1446.0000
(26,(28,(23,(30,(29,(25,2))))),((8,19),((3,5),(16,((11,(27,(4,(12,18)))),((((10,7),(9,24)),(15,(21,(1,22)))),(20,(13,(6,(14,17))))))))));

STEP 98 [2sECR_ClassicHeuristic_M3 -> NNI_Substep_38] - Distance: 1420.0000
(26,(28,(23,(30,(29,(25,2))))),((8,19),((3,5),(16,((11,(27,(4,(12,18)))),((((10,7),(9,24)),(15,(21,(1,22)))),(13,(20,(6,(14,17))))))))));

STEP 99 [2sECR_ClassicHeuristic_M3 -> NNI_Substep_39] - Distance: 1366.0000
(26,(28,(23,(30,(29,(25,2))))),((8,19),((3,5),(16,((11,(27,(4,(12,18)))),((((10,7),(9,24)),(15,(21,(1,22)))),(13,((14,17),(20,6)))))))));

STEP 100 [2sECR_ClassicHeuristic_M3 -> NNI_Substep_40] - Distance: 1364.0000
(26,(23,(30,(29,(25,2)))),(28,((8,19),((3,5),(16,((11,(27,(4,(12,18)))),((((10,7),(9,24)),(15,(21,(1,22)))),(13,((14,17),(20,6))))))))));

STEP 101 [2sECR_ClassicHeuristic_M3 -> NNI_Substep_41] - Distance: 1358.0000
(26,(23,(30,(29,(25,2)))),((8,19),(28,((3,5),(16,((11,(27,(4,(12,18)))),((((10,7),(9,24)),(15,(21,(1,22)))),(13,((14,17),(20,6))))))))));

STEP 102 [2sECR_ClassicHeuristic_M3 -> NNI_Substep_42] - Distance: 1348.0000
(26,(23,(30,(29,(25,2)))),((8,19),((3,5),(28,(16,((11,(27,(4,(12,18)))),((((10,7),(9,24)),(15,(21,(1,22)))),(13,((14,17),(20,6))))))))));

STEP 103 [2sECR_ClassicHeuristic_M3 -> NNI_Substep_43] - Distance: 1341.0000
(26,(23,(30,(29,(25,2)))),((8,19),((3,5),(16,(28,((11,(27,(4,(12,18)))),((((10,7),(9,24)),(15,(21,(1,22)))),(13,((14,17),(20,6))))))))));

STEP 104 [2sECR_ClassicHeuristic_M3 -> NNI_Substep_44] - Distance: 1224.0000
(26,(23,(30,(29,(25,2)))),((8,19),((3,5),(16,(((((10,7),(9,24)),(15,(21,(1,22)))),(13,((14,17),(20,6)))),(28,(11,(27,(4,(12,18))))))))));

STEP 105 [2sECR_ClassicHeuristic_M3 -> NNI_Substep_45] - Distance: 1200.0000
(26,(23,(30,(29,(25,2)))),((8,19),((3,5),(16,(((((10,7),(9,24)),(15,(21,(1,22)))),(13,((14,17),(20,6)))),(11,(28,(27,(4,(12,18))))))))));

STEP 106 [2sECR_ClassicHeuristic_M3 -> NNI_Substep_46] - Distance: 1174.0000
(26,(23,(30,(29,(25,2)))),((8,19),((3,5),(16,(((((10,7),(9,24)),(15,(21,(1,22)))),(13,((14,17),(20,6)))),(11,(27,(28,(4,(12,18))))))))));

STEP 107 [2sECR_ClassicHeuristic_M3 -> NNI_Substep_47] - Distance: 1120.0000
(26,(23,(30,(29,(25,2)))),((8,19),((3,5),(16,(((((10,7),(9,24)),(15,(21,(1,22)))),(13,((14,17),(20,6)))),(11,(27,((12,18),(28,4)))))))));

STEP 108 [2sECR_ClassicHeuristic_M3 -> NNI_Substep_48] - Distance: 1118.0000
(26,(30,(29,(25,2))),(23,((8,19),((3,5),(16,(((((10,7),(9,24)),(15,(21,(1,22)))),(13,((14,17),(20,6)))),(11,(27,((12,18),(28,4))))))))));

STEP 109 [2sECR_ClassicHeuristic_M3 -> NNI_Substep_49] - Distance: 1112.0000
(26,(30,(29,(25,2))),((8,19),(23,((3,5),(16,(((((10,7),(9,24)),(15,(21,(1,22)))),(13,((14,17),(20,6)))),(11,(27,((12,18),(28,4))))))))));

STEP 110 [2sECR_ClassicHeuristic_M3 -> NNI_Substep_50] - Distance: 1092.0000
(26,(30,(29,(25,2))),((8,19),((3,5),(23,(16,(((((10,7),(9,24)),(15,(21,(1,22)))),(13,((14,17),(20,6)))),(11,(27,((12,18),(28,4))))))))));

STEP 111 [2sECR_ClassicHeuristic_M3 -> NNI_Substep_51] - Distance: 969.0000
(26,(30,(29,(25,2))),((8,19),((3,5),((((((10,7),(9,24)),(15,(21,(1,22)))),(13,((14,17),(20,6)))),(11,(27,((12,18),(28,4))))),(23,16)))));

STEP 112 [2sECR_ClassicHeuristic_M3 -> NNI_Substep_52] - Distance: 967.0000
(26,(29,(25,2)),(30,((8,19),((3,5),((((((10,7),(9,24)),(15,(21,(1,22)))),(13,((14,17),(20,6)))),(11,(27,((12,18),(28,4))))),(23,16))))));

STEP 113 [2sECR_ClassicHeuristic_M3 -> NNI_Substep_53] - Distance: 961.0000
(26,(29,(25,2)),((8,19),(30,((3,5),((((((10,7),(9,24)),(15,(21,(1,22)))),(13,((14,17),(20,6)))),(11,(27,((12,18),(28,4))))),(23,16))))));

STEP 114 [2sECR_ClassicHeuristic_M3 -> NNI_Substep_54] - Distance: 951.0000
(26,(29,(25,2)),((8,19),((3,5),(30,((((((10,7),(9,24)),(15,(21,(1,22)))),(13,((14,17),(20,6)))),(11,(27,((12,18),(28,4))))),(23,16))))));

STEP 115 [2sECR_ClassicHeuristic_M3 -> NNI_Substep_55] - Distance: 937.0000
(26,(29,(25,2)),((8,19),((3,5),((23,16),(30,(((((10,7),(9,24)),(15,(21,(1,22)))),(13,((14,17),(20,6)))),(11,(27,((12,18),(28,4))))))))));

STEP 116 [2sECR_ClassicHeuristic_M3 -> NNI_Substep_56] - Distance: 883.0000
(26,(29,(25,2)),((8,19),((3,5),((23,16),((11,(27,((12,18),(28,4)))),(30,((((10,7),(9,24)),(15,(21,(1,22)))),(13,((14,17),(20,6))))))))));

STEP 117 [2sECR_ClassicHeuristic_M3 -> NNI_Substep_57] - Distance: 803.0000
(26,(29,(25,2)),((8,19),((3,5),((23,16),((11,(27,((12,18),(28,4)))),((13,((14,17),(20,6))),(30,(((10,7),(9,24)),(15,(21,(1,22)))))))))));

STEP 118 [2sECR_ClassicHeuristic_M3 -> NNI_Substep_58] - Distance: 719.0000
(26,(29,(25,2)),((8,19),((3,5),((23,16),((11,(27,((12,18),(28,4)))),((13,((14,17),(20,6))),(((10,7),(9,24)),(30,(15,(21,(1,22)))))))))));

STEP 119 [2sECR_ClassicHeuristic_M3 -> NNI_Substep_59] - Distance: 694.0000
(26,(29,(25,2)),((8,19),((3,5),((23,16),((11,(27,((12,18),(28,4)))),((13,((14,17),(20,6))),(((10,7),(9,24)),(15,(30,(21,(1,22)))))))))));

STEP 120 [2sECR_ClassicHeuristic_M3 -> NNI_Substep_60] - Distance: 668.0000
(26,(29,(25,2)),((8,19),((3,5),((23,16),((11,(27,((12,18),(28,4)))),((13,((14,17),(20,6))),(((10,7),(9,24)),(15,(21,(30,(1,22)))))))))));

STEP 121 [2sECR_ClassicHeuristic_M3 -> NNI_Substep_61] - Distance: 640.0000
(26,(29,(25,2)),((8,19),((3,5),((23,16),((11,(27,((12,18),(28,4)))),((13,((14,17),(20,6))),(((10,7),(9,24)),(15,(21,(1,(30,22)))))))))));

STEP 122 [2sECR_ClassicHeuristic_M3 -> NNI_Substep_62] - Distance: 638.0000
(26,(25,2),(29,((8,19),((3,5),((23,16),((11,(27,((12,18),(28,4)))),((13,((14,17),(20,6))),(((10,7),(9,24)),(15,(21,(1,(30,22))))))))))));

STEP 123 [2sECR_ClassicHeuristic_M3 -> NNI_Substep_63] - Distance: 632.0000
(26,(25,2),((8,19),(29,((3,5),((23,16),((11,(27,((12,18),(28,4)))),((13,((14,17),(20,6))),(((10,7),(9,24)),(15,(21,(1,(30,22))))))))))));

STEP 124 [2sECR_ClassicHeuristic_M3 -> NNI_Substep_64] - Distance: 622.0000
(26,(25,2),((8,19),((3,5),(29,((23,16),((11,(27,((12,18),(28,4)))),((13,((14,17),(20,6))),(((10,7),(9,24)),(15,(21,(1,(30,22))))))))))));

STEP 125 [2sECR_ClassicHeuristic_M3 -> NNI_Substep_65] - Distance: 608.0000
(26,(25,2),((8,19),((3,5),((23,16),(29,((11,(27,((12,18),(28,4)))),((13,((14,17),(20,6))),(((10,7),(9,24)),(15,(21,(1,(30,22))))))))))));

STEP 126 [2sECR_ClassicHeuristic_M3 -> NNI_Substep_66] - Distance: 482.0000
(26,(25,2),((8,19),((3,5),((23,16),(((13,((14,17),(20,6))),(((10,7),(9,24)),(15,(21,(1,(30,22)))))),(29,(11,(27,((12,18),(28,4))))))))));

STEP 127 [2sECR_ClassicHeuristic_M3 -> NNI_Substep_67] - Distance: 362.0000
(26,(25,2),((8,19),((3,5),((23,16),(((13,((14,17),(20,6))),(((10,7),(9,24)),(15,(21,(1,(30,22)))))),((27,((12,18),(28,4))),(29,11)))))));

STEP 128 [2sECR_ClassicHeuristic_M3 -> NNI_Substep_68] - Distance: 360.0000
(26,25,(2,((8,19),((3,5),((23,16),(((13,((14,17),(20,6))),(((10,7),(9,24)),(15,(21,(1,(30,22)))))),((27,((12,18),(28,4))),(29,11))))))));

STEP 129 [2sECR_ClassicHeuristic_M3 -> NNI_Substep_69] - Distance: 354.0000
(26,25,((8,19),(2,((3,5),((23,16),(((13,((14,17),(20,6))),(((10,7),(9,24)),(15,(21,(1,(30,22)))))),((27,((12,18),(28,4))),(29,11))))))));

STEP 130 [2sECR_ClassicHeuristic_M3 -> NNI_Substep_70] - Distance: 344.0000
(26,25,((8,19),((3,5),(2,((23,16),(((13,((14,17),(20,6))),(((10,7),(9,24)),(15,(21,(1,(30,22)))))),((27,((12,18),(28,4))),(29,11))))))));

STEP 131 [2sECR_ClassicHeuristic_M3 -> NNI_Substep_71] - Distance: 330.0000
(26,25,((8,19),((3,5),((23,16),(2,(((13,((14,17),(20,6))),(((10,7),(9,24)),(15,(21,(1,(30,22)))))),((27,((12,18),(28,4))),(29,11))))))));

STEP 132 [2sECR_ClassicHeuristic_M3 -> NNI_Substep_72] - Distance: 267.0000
(26,25,((8,19),((3,5),((23,16),(((27,((12,18),(28,4))),(29,11)),(2,((13,((14,17),(20,6))),(((10,7),(9,24)),(15,(21,(1,(30,22))))))))))));

STEP 133 [2sECR_ClassicHeuristic_M3 -> NNI_Substep_73] - Distance: 187.0000
(26,25,((8,19),((3,5),((23,16),(((27,((12,18),(28,4))),(29,11)),((13,((14,17),(20,6))),(2,(((10,7),(9,24)),(15,(21,(1,(30,22))))))))))));

STEP 134 [2sECR_ClassicHeuristic_M3 -> NNI_Substep_74] - Distance: 103.0000
(26,25,((8,19),((3,5),((23,16),(((27,((12,18),(28,4))),(29,11)),((13,((14,17),(20,6))),(((10,7),(9,24)),(2,(15,(21,(1,(30,22))))))))))));

STEP 135 [2sECR_ClassicHeuristic_M3 -> NNI_Substep_75] - Distance: 78.0000
(26,25,((8,19),((3,5),((23,16),(((27,((12,18),(28,4))),(29,11)),((13,((14,17),(20,6))),(((10,7),(9,24)),(15,(2,(21,(1,(30,22))))))))))));

STEP 136 [2sECR_ClassicHeuristic_M3 -> NNI_Substep_76] - Distance: 0.0000
(26,25,((8,19),((3,5),((23,16),(((27,((12,18),(28,4))),(29,11)),((13,((14,17),(20,6))),(((10,7),(9,24)),(15,((2,21),(1,(30,22)))))))))));

========================================================
[FINAL] Total Steps: 136 | Final Distance: 0.0000
========================================================
