========================================================
HEURISTIC TRAJECTORY: VND Incremental (MP_RF)
========================================================
STEP 0 [START] - Distance: 308.0000
((((8,((28,(10,(18,(3,9)))),(1,(6,20)))),(17,(30,(11,(21,5))))),((((4,29),(26,16)),(27,14)),(23,12))),(((7,(2,13)),(15,19)),(25,(24,22))));

STEP 1 [NNI_IncrementalHeuristic_MP_RF -> NNI_Substep_1] - Distance: 295.0000
((((8,((28,(10,(18,(3,9)))),(1,(6,20)))),((((4,29),(26,16)),(27,14)),(23,12))),(17,(30,(11,(21,5))))),(((7,(2,13)),(15,19)),(25,(24,22))));

STEP 2 [NNI_IncrementalHeuristic_MP_RF -> NNI_Substep_2] - Distance: 275.0000
((30,(11,(21,5))),(((8,((28,(10,(18,(3,9)))),(1,(6,20)))),((((4,29),(26,16)),(27,14)),(23,12))),(17,(((7,(2,13)),(15,19)),(25,(24,22))))));

STEP 3 [NNI_IncrementalHeuristic_MP_RF -> NNI_Substep_3] - Distance: 260.0000
((((8,((28,(10,(18,(3,9)))),(1,(6,20)))),((((4,29),(26,16)),(27,14)),(23,12))),(30,(17,(((7,(2,13)),(15,19)),(25,(24,22)))))),(11,(21,5)));

STEP 4 [NNI_IncrementalHeuristic_MP_RF -> NNI_Substep_4] - Distance: 259.0000
((((8,((((4,29),(26,16)),(27,14)),(23,12))),((28,(10,(18,(3,9)))),(1,(6,20)))),(30,(17,(((7,(2,13)),(15,19)),(25,(24,22)))))),(11,(21,5)));

STEP 5 [NNI_IncrementalHeuristic_MP_RF -> NNI_Substep_5] - Distance: 258.0000
(((((((4,29),(26,16)),(27,14)),(8,(23,12))),((28,(10,(18,(3,9)))),(1,(6,20)))),(30,(17,(((7,(2,13)),(15,19)),(25,(24,22)))))),(11,(21,5)));

STEP 6 [NNI_IncrementalHeuristic_MP_RF -> NNI_Substep_6] - Distance: 257.0000
((((((8,(23,12)),(27,14)),((4,29),(26,16))),((28,(10,(18,(3,9)))),(1,(6,20)))),(30,(17,(((7,(2,13)),(15,19)),(25,(24,22)))))),(11,(21,5)));

STEP 7 [NNI_IncrementalHeuristic_MP_RF -> NNI_Substep_7] - Distance: 256.0000
((((((8,(23,12)),(27,14)),((4,29),(26,16))),(1,((28,(10,(18,(3,9)))),(6,20)))),(30,(17,(((7,(2,13)),(15,19)),(25,(24,22)))))),(11,(21,5)));

STEP 8 [NNI_IncrementalHeuristic_MP_RF -> NNI_Substep_8] - Distance: 255.0000
((((((8,(23,12)),(27,14)),((4,29),(26,16))),(1,((28,(10,(18,(3,9)))),(6,20)))),(17,(30,(((7,(2,13)),(15,19)),(25,(24,22)))))),(11,(21,5)));

STEP 9 [NNI_IncrementalHeuristic_MP_RF -> NNI_Substep_9] - Distance: 254.0000
((((((8,(23,12)),(27,14)),((4,29),(26,16))),(1,((28,(10,(18,(3,9)))),(6,20)))),(17,(30,(((7,(2,13)),(25,(24,22))),(15,19))))),(11,(21,5)));

STEP 10 [NNI_IncrementalHeuristic_MP_RF -> NNI_Substep_10] - Distance: 253.0000
((((((8,(23,12)),(27,14)),((4,29),(26,16))),(1,((28,(10,(18,(3,9)))),(6,20)))),(17,((15,19),(((7,(2,13)),(25,(24,22))),30)))),(11,(21,5)));

STEP 11 [NNI_IncrementalHeuristic_MP_RF -> NNI_Substep_11] - Distance: 252.0000
((((((8,(23,12)),(27,14)),((4,29),(26,16))),(1,((28,(10,(18,(3,9)))),(6,20)))),(17,(((((7,(2,13)),(25,(24,22))),30),19),15))),(11,(21,5)));

STEP 12 [Heur. rSPR MP_RF -> NNI_Substep_1] - Distance: 252.0000
((((((8,(23,12)),(27,14)),((4,29),(26,16))),(1,(((10,(18,(3,9))),(6,20)),28))),(17,(((((7,(2,13)),(25,(24,22))),30),19),15))),(11,(21,5)));

STEP 13 [Heur. rSPR MP_RF -> NNI_Substep_2] - Distance: 252.0000
((((((8,(23,12)),(27,14)),((4,29),(26,16))),((1,((10,(18,(3,9))),(6,20))),28)),(17,(((((7,(2,13)),(25,(24,22))),30),19),15))),(11,(21,5)));

STEP 14 [Heur. rSPR MP_RF -> NNI_Substep_3] - Distance: 252.0000
(((((((8,(23,12)),(27,14)),((4,29),(26,16))),(1,((10,(18,(3,9))),(6,20)))),28),(17,(((((7,(2,13)),(25,(24,22))),30),19),15))),(11,(21,5)));

STEP 15 [Heur. rSPR MP_RF -> NNI_Substep_4] - Distance: 255.0000
(((((((8,(23,12)),(27,14)),((4,29),(26,16))),(1,((10,(18,(3,9))),(6,20)))),(17,(((((7,(2,13)),(25,(24,22))),30),19),15))),28),(11,(21,5)));

STEP 16 [Heur. rSPR MP_RF -> NNI_Substep_5] - Distance: 242.0000
((((((8,(23,12)),(27,14)),((4,29),(26,16))),(1,((10,(18,(3,9))),(6,20)))),((17,(((((7,(2,13)),(25,(24,22))),30),19),15)),28)),(11,(21,5)));

STEP 17 [Heur. rSPR MP_RF -> NNI_Substep_6] - Distance: 237.0000
((((((8,(23,12)),(27,14)),((4,29),(26,16))),(1,((10,(18,(3,9))),(6,20)))),((17,28),(((((7,(2,13)),(25,(24,22))),30),19),15))),(11,(21,5)));

STEP 18 [Heur. rSPR MP_RF -> NNI_Substep_7] - Distance: 237.0000
((((((8,(23,12)),(27,14)),((4,29),(26,16))),(1,((10,(18,(3,9))),(6,20)))),((17,28),(((((7,(2,13)),(25,(24,22))),30),19),15))),((11,21),5));

STEP 19 [Heur. rSPR MP_RF -> NNI_Substep_8] - Distance: 225.0000
(((((((8,(23,12)),(27,14)),((4,29),(26,16))),(1,((10,(18,(3,9))),(6,20)))),5),((17,28),(((((7,(2,13)),(25,(24,22))),30),19),15))),(11,21));

STEP 20 [Heur. rSPR MP_RF -> NNI_Substep_9] - Distance: 222.0000
((((((8,(23,12)),(27,14)),((4,29),(26,16))),((1,((10,(18,(3,9))),(6,20))),5)),((17,28),(((((7,(2,13)),(25,(24,22))),30),19),15))),(11,21));

STEP 21 [Heur. rSPR MP_RF -> NNI_Substep_10] - Distance: 222.0000
(((((((8,(23,12)),27),14),((4,29),(26,16))),((1,((10,(18,(3,9))),(6,20))),5)),((17,28),(((((7,(2,13)),(25,(24,22))),30),19),15))),(11,21));

STEP 22 [Heur. rSPR MP_RF -> NNI_Substep_11] - Distance: 222.0000
(((((((8,(23,12)),27),((4,29),(26,16))),14),((1,((10,(18,(3,9))),(6,20))),5)),((17,28),(((((7,(2,13)),(25,(24,22))),30),19),15))),(11,21));

STEP 23 [Heur. rSPR MP_RF -> NNI_Substep_12] - Distance: 222.0000
(((((((8,(23,12)),27),((4,29),(26,16))),((1,((10,(18,(3,9))),(6,20))),5)),14),((17,28),(((((7,(2,13)),(25,(24,22))),30),19),15))),(11,21));

STEP 24 [Heur. rSPR MP_RF -> NNI_Substep_13] - Distance: 222.0000
(((((((8,(23,12)),27),((4,29),(26,16))),((1,((10,(18,(3,9))),(6,20))),5)),((17,28),(((((7,(2,13)),(25,(24,22))),30),19),15))),14),(11,21));

STEP 25 [Heur. rSPR MP_RF -> NNI_Substep_14] - Distance: 195.0000
(((((((8,12),23),27),((4,29),(26,16))),((1,((10,(18,(3,9))),(6,20))),5)),((17,28),(((((7,(2,13)),(25,(24,22))),30),19),15))),((11,21),14));

STEP 26 [Heur. rSPR MP_RF -> NNI_Substep_15] - Distance: 195.0000
(((((((8,12),27),23),((4,29),(26,16))),((1,((10,(18,(3,9))),(6,20))),5)),((17,28),(((((7,(2,13)),(25,(24,22))),30),19),15))),((11,21),14));

STEP 27 [Heur. rSPR MP_RF -> NNI_Substep_16] - Distance: 195.0000
(((((((8,12),27),((4,29),(26,16))),23),((1,((10,(18,(3,9))),(6,20))),5)),((17,28),(((((7,(2,13)),(25,(24,22))),30),19),15))),((11,21),14));

STEP 28 [Heur. rSPR MP_RF -> NNI_Substep_17] - Distance: 195.0000
(((((((8,12),27),((4,29),(26,16))),((1,((10,(18,(3,9))),(6,20))),5)),23),((17,28),(((((7,(2,13)),(25,(24,22))),30),19),15))),((11,21),14));

STEP 29 [Heur. rSPR MP_RF -> NNI_Substep_18] - Distance: 195.0000
(((((((8,12),27),((4,29),(26,16))),((1,((10,(18,(3,9))),(6,20))),5)),((17,28),(((((7,(2,13)),(25,(24,22))),30),19),15))),23),((11,21),14));

STEP 30 [Heur. rSPR MP_RF -> NNI_Substep_19] - Distance: 166.0000
((((((8,12),27),((4,29),(26,16))),((1,((10,(18,(3,9))),(6,20))),5)),((17,28),((((((2,13),(25,(24,22))),7),30),19),15))),(((11,21),14),23));

STEP 31 [Heur. rSPR MP_RF -> NNI_Substep_20] - Distance: 166.0000
((((((8,12),27),((4,29),(26,16))),((1,((10,(18,(3,9))),(6,20))),5)),((17,28),((((((2,13),(25,(24,22))),30),7),19),15))),(((11,21),14),23));

STEP 32 [Heur. rSPR MP_RF -> NNI_Substep_21] - Distance: 166.0000
((((((8,12),27),((4,29),(26,16))),((1,((10,(18,(3,9))),(6,20))),5)),((17,28),((((((2,13),(25,(24,22))),30),19),7),15))),(((11,21),14),23));

STEP 33 [Heur. rSPR MP_RF -> NNI_Substep_22] - Distance: 166.0000
((((((8,12),27),((4,29),(26,16))),((1,((10,(18,(3,9))),(6,20))),5)),((17,28),((((((2,13),(25,(24,22))),30),19),15),7))),(((11,21),14),23));

STEP 34 [Heur. rSPR MP_RF -> NNI_Substep_23] - Distance: 166.0000
((((((8,12),27),((4,29),(26,16))),((1,((10,(18,(3,9))),(6,20))),5)),(((17,28),(((((2,13),(25,(24,22))),30),19),15)),7)),(((11,21),14),23));

STEP 35 [Heur. rSPR MP_RF -> NNI_Substep_24] - Distance: 166.0000
(((((((8,12),27),((4,29),(26,16))),((1,((10,(18,(3,9))),(6,20))),5)),((17,28),(((((2,13),(25,(24,22))),30),19),15))),7),(((11,21),14),23));

STEP 36 [Heur. rSPR MP_RF -> NNI_Substep_25] - Distance: 160.0000
(((((((8,12),27),((4,29),(26,16))),((1,((10,(18,(3,9))),(6,20))),5)),7),((17,28),(((((2,13),(25,(24,22))),30),19),15))),(((11,21),14),23));

STEP 37 [Heur. rSPR MP_RF -> NNI_Substep_26] - Distance: 155.0000
((((((8,12),27),((4,29),(26,16))),(((1,((10,(18,(3,9))),(6,20))),5),7)),((17,28),(((((2,13),(25,(24,22))),30),19),15))),(((11,21),14),23));

STEP 38 [Heur. rSPR MP_RF -> NNI_Substep_27] - Distance: 154.0000
((((((8,12),27),((4,29),(26,16))),(((1,((10,(18,(3,9))),(6,20))),7),5)),((17,28),(((((2,13),(25,(24,22))),30),19),15))),(((11,21),14),23));

STEP 39 [Heur. rSPR MP_RF -> NNI_Substep_28] - Distance: 152.0000
((((((8,12),27),((4,29),(26,16))),(((1,7),((10,(18,(3,9))),(6,20))),5)),((17,28),(((((2,13),(25,(24,22))),30),19),15))),(((11,21),14),23));

STEP 40 [Heur. rSPR MP_RF -> NNI_Substep_29] - Distance: 152.0000
((((((8,12),27),((4,29),(26,16))),(((1,7),(((18,(3,9)),(6,20)),10)),5)),((17,28),(((((2,13),(25,(24,22))),30),19),15))),(((11,21),14),23));

STEP 41 [Heur. rSPR MP_RF -> NNI_Substep_30] - Distance: 152.0000
((((((8,12),27),((4,29),(26,16))),((((1,7),((18,(3,9)),(6,20))),10),5)),((17,28),(((((2,13),(25,(24,22))),30),19),15))),(((11,21),14),23));

STEP 42 [Heur. rSPR MP_RF -> NNI_Substep_31] - Distance: 152.0000
((((((8,12),27),((4,29),(26,16))),((((1,7),((18,(3,9)),(6,20))),5),10)),((17,28),(((((2,13),(25,(24,22))),30),19),15))),(((11,21),14),23));

STEP 43 [Heur. rSPR MP_RF -> NNI_Substep_32] - Distance: 152.0000
(((((((8,12),27),((4,29),(26,16))),(((1,7),((18,(3,9)),(6,20))),5)),10),((17,28),(((((2,13),(25,(24,22))),30),19),15))),(((11,21),14),23));

STEP 44 [Heur. rSPR MP_RF -> NNI_Substep_33] - Distance: 152.0000
(((((((8,12),27),((4,29),(26,16))),(((1,7),((18,(3,9)),(6,20))),5)),((17,28),(((((2,13),(25,(24,22))),30),19),15))),10),(((11,21),14),23));

STEP 45 [Heur. rSPR MP_RF -> NNI_Substep_34] - Distance: 137.0000
((((((8,12),27),((4,29),(26,16))),(((1,7),((18,(3,9)),(6,20))),5)),(((17,28),(((((2,13),(25,(24,22))),30),19),15)),10)),(((11,21),14),23));

STEP 46 [Heur. rSPR MP_RF -> NNI_Substep_35] - Distance: 135.0000
((((((8,12),27),((4,29),(26,16))),(((1,7),((18,(3,9)),(6,20))),5)),((17,28),((((((2,13),(25,(24,22))),30),19),15),10))),(((11,21),14),23));

STEP 47 [Heur. rSPR MP_RF -> NNI_Substep_36] - Distance: 136.0000
((((((8,12),27),((4,29),(26,16))),(((1,7),((18,(3,9)),(6,20))),5)),((17,28),((((((2,13),(25,(24,22))),30),19),10),15))),(((11,21),14),23));

STEP 48 [Heur. rSPR MP_RF -> NNI_Substep_37] - Distance: 136.0000
((((((8,12),27),((4,29),(26,16))),(((1,7),((18,(3,9)),(6,20))),5)),((17,28),((((((2,13),(25,(24,22))),30),10),19),15))),(((11,21),14),23));

STEP 49 [Heur. rSPR MP_RF -> NNI_Substep_38] - Distance: 137.0000
((((((8,12),27),((4,29),(26,16))),(((1,7),((18,(3,9)),(6,20))),5)),((17,28),((((((2,13),(25,(24,22))),10),30),19),15))),(((11,21),14),23));

STEP 50 [Heur. rSPR MP_RF -> NNI_Substep_39] - Distance: 137.0000
((((((8,12),27),((4,29),(26,16))),(((1,7),((18,(3,9)),(6,20))),5)),((17,28),((((((2,13),10),(25,(24,22))),30),19),15))),(((11,21),14),23));

STEP 51 [Heur. rSPR MP_RF -> NNI_Substep_40] - Distance: 136.0000
((((((8,12),27),((4,29),(26,16))),(((1,7),((18,(3,9)),(6,20))),5)),((17,28),((((((2,10),13),(25,(24,22))),30),19),15))),(((11,21),14),23));

STEP 52 [Heur. rSPR MP_RF -> NNI_Substep_41] - Distance: 136.0000
((((((8,12),27),((4,29),(26,16))),(((1,7),((18,(3,9)),(6,20))),5)),((17,28),((((((2,10),13),(25,(24,22))),30),15),19))),(((11,21),14),23));

STEP 53 [Heur. rSPR MP_RF -> NNI_Substep_42] - Distance: 136.0000
((((((8,12),27),((4,29),(26,16))),(((1,7),((18,(3,9)),(6,20))),5)),(((17,28),(((((2,10),13),(25,(24,22))),30),15)),19)),(((11,21),14),23));

STEP 54 [Heur. rSPR MP_RF -> NNI_Substep_43] - Distance: 134.0000
(((((((8,12),27),((4,29),(26,16))),(((1,7),((18,(3,9)),(6,20))),5)),((17,28),(((((2,10),13),(25,(24,22))),30),15))),19),(((11,21),14),23));

STEP 55 [Heur. rSPR MP_RF -> NNI_Substep_44] - Distance: 126.0000
(((((((8,12),27),((4,29),(26,16))),(((1,7),((18,(3,9)),(6,20))),5)),19),((17,28),(((((2,10),13),(25,(24,22))),30),15))),(((11,21),14),23));

STEP 56 [Heur. rSPR MP_RF -> NNI_Substep_45] - Distance: 124.0000
(((((((8,12),27),((4,29),(26,16))),19),(((1,7),((18,(3,9)),(6,20))),5)),((17,28),(((((2,10),13),(25,(24,22))),30),15))),(((11,21),14),23));

STEP 57 [Heur. rSPR MP_RF -> NNI_Substep_46] - Distance: 124.0000
((((((8,12),27),(((4,29),(26,16)),19)),(((1,7),((18,(3,9)),(6,20))),5)),((17,28),(((((2,10),13),(25,(24,22))),30),15))),(((11,21),14),23));

STEP 58 [Heur. rSPR MP_RF -> NNI_Substep_47] - Distance: 124.0000
((((((8,12),27),((4,29),((26,16),19))),(((1,7),((18,(3,9)),(6,20))),5)),((17,28),(((((2,10),13),(25,(24,22))),30),15))),(((11,21),14),23));

STEP 59 [Heur. rSPR MP_RF -> NNI_Substep_48] - Distance: 124.0000
((((((8,12),27),((4,29),((26,19),16))),(((1,7),((18,(3,9)),(6,20))),5)),((17,28),(((((2,10),13),(25,(24,22))),30),15))),(((11,21),14),23));

STEP 60 [Heur. rSPR MP_RF -> NNI_Substep_49] - Distance: 124.0000
((((((8,12),27),(((4,29),16),(26,19))),(((1,7),((18,(3,9)),(6,20))),5)),((17,28),(((((2,10),13),(25,(24,22))),30),15))),(((11,21),14),23));

STEP 61 [Heur. rSPR MP_RF -> NNI_Substep_50] - Distance: 124.0000
(((((((8,12),27),((4,29),16)),(26,19)),(((1,7),((18,(3,9)),(6,20))),5)),((17,28),(((((2,10),13),(25,(24,22))),30),15))),(((11,21),14),23));

STEP 62 [Heur. rSPR MP_RF -> NNI_Substep_51] - Distance: 126.0000
(((((((8,12),27),((4,29),16)),(((1,7),((18,(3,9)),(6,20))),5)),(26,19)),((17,28),(((((2,10),13),(25,(24,22))),30),15))),(((11,21),14),23));

STEP 63 [Heur. rSPR MP_RF -> NNI_Substep_52] - Distance: 116.0000
((((((8,12),27),((4,29),16)),((((1,7),((18,(3,9)),(6,20))),5),(26,19))),((17,28),(((((2,10),13),(25,(24,22))),30),15))),(((11,21),14),23));

STEP 64 [Heur. rSPR MP_RF -> NNI_Substep_53] - Distance: 114.0000
((((((8,12),27),((4,29),16)),((((1,7),((18,(3,9)),(6,20))),(26,19)),5)),((17,28),(((((2,10),13),(25,(24,22))),30),15))),(((11,21),14),23));

STEP 65 [Heur. rSPR MP_RF -> NNI_Substep_54] - Distance: 110.0000
((((((8,12),27),((4,29),16)),((((1,7),(26,19)),((18,(3,9)),(6,20))),5)),((17,28),(((((2,10),13),(25,(24,22))),30),15))),(((11,21),14),23));

STEP 66 [Heur. rSPR MP_RF -> NNI_Substep_55] - Distance: 110.0000
((((((8,12),27),((4,29),16)),((((1,7),(26,19)),(((18,9),3),(6,20))),5)),((17,28),(((((2,10),13),(25,(24,22))),30),15))),(((11,21),14),23));

STEP 67 [Heur. rSPR MP_RF -> NNI_Substep_56] - Distance: 110.0000
((((((8,12),27),((4,29),16)),((((1,7),(26,19)),(((18,9),(6,20)),3)),5)),((17,28),(((((2,10),13),(25,(24,22))),30),15))),(((11,21),14),23));

STEP 68 [Heur. rSPR MP_RF -> NNI_Substep_57] - Distance: 110.0000
((((((8,12),27),((4,29),16)),(((((1,7),(26,19)),((18,9),(6,20))),3),5)),((17,28),(((((2,10),13),(25,(24,22))),30),15))),(((11,21),14),23));

STEP 69 [Heur. rSPR MP_RF -> NNI_Substep_58] - Distance: 110.0000
((((((8,12),27),((4,29),16)),(((((1,7),(26,19)),((18,9),(6,20))),5),3)),((17,28),(((((2,10),13),(25,(24,22))),30),15))),(((11,21),14),23));

STEP 70 [Heur. rSPR MP_RF -> NNI_Substep_59] - Distance: 109.0000
(((((((8,12),27),((4,29),16)),((((1,7),(26,19)),((18,9),(6,20))),5)),3),((17,28),(((((2,10),13),(25,(24,22))),30),15))),(((11,21),14),23));

STEP 71 [Heur. rSPR MP_RF -> NNI_Substep_60] - Distance: 103.0000
(((((((8,12),27),((4,29),16)),3),((((1,7),(26,19)),((18,9),(6,20))),5)),((17,28),(((((2,10),13),(25,(24,22))),30),15))),(((11,21),14),23));

STEP 72 [Heur. rSPR MP_RF -> NNI_Substep_61] - Distance: 101.0000
((((((8,12),27),(((4,29),16),3)),((((1,7),(26,19)),((18,9),(6,20))),5)),((17,28),(((((2,10),13),(25,(24,22))),30),15))),(((11,21),14),23));

STEP 73 [Heur. rSPR MP_RF -> NNI_Substep_62] - Distance: 100.0000
((((((8,12),27),(((4,29),3),16)),((((1,7),(26,19)),((18,9),(6,20))),5)),((17,28),(((((2,10),13),(25,(24,22))),30),15))),(((11,21),14),23));

STEP 74 [Heur. rSPR MP_RF -> NNI_Substep_63] - Distance: 100.0000
((((((8,12),27),(((4,3),29),16)),((((1,7),(26,19)),((18,9),(6,20))),5)),((17,28),(((((2,10),13),(25,(24,22))),30),15))),(((11,21),14),23));

STEP 75 [Heur. rSPR MP_RF -> NNI_Substep_64] - Distance: 100.0000
((((((8,12),(((4,3),29),16)),27),((((1,7),(26,19)),((18,9),(6,20))),5)),((17,28),(((((2,10),13),(25,(24,22))),30),15))),(((11,21),14),23));

STEP 76 [Heur. rSPR MP_RF -> NNI_Substep_65] - Distance: 101.0000
((((((8,12),(((4,3),29),16)),((((1,7),(26,19)),((18,9),(6,20))),5)),27),((17,28),(((((2,10),13),(25,(24,22))),30),15))),(((11,21),14),23));

STEP 77 [Heur. rSPR MP_RF -> NNI_Substep_66] - Distance: 95.0000
(((((8,12),(((4,3),29),16)),(((((1,7),(26,19)),((18,9),(6,20))),5),27)),((17,28),(((((2,10),13),(25,(24,22))),30),15))),(((11,21),14),23));

STEP 78 [Heur. rSPR MP_RF -> NNI_Substep_67] - Distance: 94.0000
(((((8,12),(((4,3),29),16)),(((((1,7),(26,19)),((18,9),(6,20))),27),5)),((17,28),(((((2,10),13),(25,(24,22))),30),15))),(((11,21),14),23));

STEP 79 [Heur. rSPR MP_RF -> NNI_Substep_68] - Distance: 90.0000
(((((8,12),(((4,3),29),16)),((((1,7),(26,19)),(((18,9),(6,20)),27)),5)),((17,28),(((((2,10),13),(25,(24,22))),30),15))),(((11,21),14),23));

STEP 80 [Heur. rSPR MP_RF -> NNI_Substep_69] - Distance: 89.0000
(((((8,12),(((4,3),29),16)),((((1,7),(26,19)),((18,9),((6,20),27))),5)),((17,28),(((((2,10),13),(25,(24,22))),30),15))),(((11,21),14),23));

STEP 81 [Heur. rSPR MP_RF -> NNI_Substep_70] - Distance: 89.0000
(((((8,12),(((4,3),29),16)),((((1,7),(26,19)),((18,9),(6,(20,27)))),5)),((17,28),(((((2,10),13),(25,(24,22))),30),15))),(((11,21),14),23));

STEP 82 [Heur. rSPR MP_RF -> NNI_Substep_71] - Distance: 89.0000
(((((8,12),(((4,3),29),16)),((((1,7),(26,19)),((18,9),(6,(20,27)))),5)),((17,28),((((((2,10),13),(24,22)),25),30),15))),(((11,21),14),23));

STEP 83 [Heur. rSPR MP_RF -> NNI_Substep_72] - Distance: 89.0000
(((((8,12),(((4,3),29),16)),((((1,7),(26,19)),((18,9),(6,(20,27)))),5)),((17,28),((((((2,10),13),(24,22)),30),25),15))),(((11,21),14),23));

STEP 84 [Heur. rSPR MP_RF -> NNI_Substep_73] - Distance: 89.0000
(((((8,12),(((4,3),29),16)),((((1,7),(26,19)),((18,9),(6,(20,27)))),5)),((17,28),((((((2,10),13),(24,22)),30),15),25))),(((11,21),14),23));

STEP 85 [Heur. rSPR MP_RF -> NNI_Substep_74] - Distance: 89.0000
(((((8,12),(((4,3),29),16)),((((1,7),(26,19)),((18,9),(6,(20,27)))),5)),(((17,28),(((((2,10),13),(24,22)),30),15)),25)),(((11,21),14),23));

STEP 86 [Heur. rSPR MP_RF -> NNI_Substep_75] - Distance: 87.0000
((((((8,12),(((4,3),29),16)),((((1,7),(26,19)),((18,9),(6,(20,27)))),5)),((17,28),(((((2,10),13),(24,22)),30),15))),25),(((11,21),14),23));

STEP 87 [Heur. rSPR MP_RF -> NNI_Substep_76] - Distance: 80.0000
((((((8,12),(((4,3),29),16)),((((1,7),(26,19)),((18,9),(6,(20,27)))),5)),25),((17,28),(((((2,10),13),(24,22)),30),15))),(((11,21),14),23));

STEP 88 [Heur. rSPR MP_RF -> NNI_Substep_77] - Distance: 80.0000
(((((8,12),(((4,3),29),16)),(((((1,7),(26,19)),((18,9),(6,(20,27)))),5),25)),((17,28),(((((2,10),13),(24,22)),30),15))),(((11,21),14),23));

STEP 89 [Heur. rSPR MP_RF -> NNI_Substep_78] - Distance: 80.0000
(((((8,12),(((4,3),29),16)),(((((1,7),(26,19)),((18,9),(6,(20,27)))),25),5)),((17,28),(((((2,10),13),(24,22)),30),15))),(((11,21),14),23));

STEP 90 [Heur. rSPR MP_RF -> NNI_Substep_79] - Distance: 80.0000
(((((8,12),(((4,3),29),16)),((((1,7),(26,19)),(((18,9),(6,(20,27))),25)),5)),((17,28),(((((2,10),13),(24,22)),30),15))),(((11,21),14),23));

STEP 91 [Heur. rSPR MP_RF -> NNI_Substep_80] - Distance: 80.0000
(((((8,12),(((4,3),29),16)),((((1,7),(26,19)),(((18,9),25),(6,(20,27)))),5)),((17,28),(((((2,10),13),(24,22)),30),15))),(((11,21),14),23));

STEP 92 [Heur. rSPR MP_RF -> NNI_Substep_81] - Distance: 80.0000
(((((8,12),(((4,3),29),16)),((((1,7),(26,19)),((18,(9,25)),(6,(20,27)))),5)),((17,28),(((((2,10),13),(24,22)),30),15))),(((11,21),14),23));

STEP 93 [Heur. rSPR MP_RF -> NNI_Substep_82] - Distance: 80.0000
(((((8,12),(((4,3),29),16)),((((1,7),(26,19)),((18,(9,25)),(6,(20,27)))),5)),((17,28),((((((2,10),13),22),24),30),15))),(((11,21),14),23));

STEP 94 [Heur. rSPR MP_RF -> NNI_Substep_83] - Distance: 80.0000
(((((8,12),(((4,3),29),16)),((((1,7),(26,19)),((18,(9,25)),(6,(20,27)))),5)),((17,28),((((((2,10),13),22),30),24),15))),(((11,21),14),23));

STEP 95 [Heur. rSPR MP_RF -> NNI_Substep_84] - Distance: 80.0000
(((((8,12),(((4,3),29),16)),((((1,7),(26,19)),((18,(9,25)),(6,(20,27)))),5)),((17,28),((((((2,10),13),22),30),15),24))),(((11,21),14),23));

STEP 96 [Heur. rSPR MP_RF -> NNI_Substep_85] - Distance: 80.0000
(((((8,12),(((4,3),29),16)),((((1,7),(26,19)),((18,(9,25)),(6,(20,27)))),5)),(((17,28),(((((2,10),13),22),30),15)),24)),(((11,21),14),23));

STEP 97 [Heur. rSPR MP_RF -> NNI_Substep_86] - Distance: 77.0000
((((((8,12),(((4,3),29),16)),((((1,7),(26,19)),((18,(9,25)),(6,(20,27)))),5)),((17,28),(((((2,10),13),22),30),15))),24),(((11,21),14),23));

STEP 98 [Heur. rSPR MP_RF -> NNI_Substep_87] - Distance: 69.0000
((((((8,12),(((4,3),29),16)),((((1,7),(26,19)),((18,(9,25)),(6,(20,27)))),5)),24),((17,28),(((((2,10),13),22),30),15))),(((11,21),14),23));

STEP 99 [Heur. rSPR MP_RF -> NNI_Substep_88] - Distance: 71.0000
(((((8,12),(((4,3),29),16)),(((((1,7),(26,19)),((18,(9,25)),(6,(20,27)))),5),24)),((17,28),(((((2,10),13),22),30),15))),(((11,21),14),23));

STEP 100 [Heur. rSPR MP_RF -> NNI_Substep_89] - Distance: 71.0000
(((((8,12),(((4,3),29),16)),(((((1,7),(26,19)),((18,(9,25)),(6,(20,27)))),24),5)),((17,28),(((((2,10),13),22),30),15))),(((11,21),14),23));

STEP 101 [Heur. rSPR MP_RF -> NNI_Substep_90] - Distance: 71.0000
(((((8,12),(((4,3),29),16)),((((1,7),(26,19)),(((18,(9,25)),(6,(20,27))),24)),5)),((17,28),(((((2,10),13),22),30),15))),(((11,21),14),23));

STEP 102 [Heur. rSPR MP_RF -> NNI_Substep_91] - Distance: 70.0000
(((((8,12),(((4,3),29),16)),((((1,7),(26,19)),((18,(9,25)),((6,(20,27)),24))),5)),((17,28),(((((2,10),13),22),30),15))),(((11,21),14),23));

STEP 103 [Heur. rSPR MP_RF -> NNI_Substep_92] - Distance: 70.0000
(((((8,12),(((4,3),29),16)),((((1,7),(26,19)),((18,(9,25)),((6,24),(20,27)))),5)),((17,28),(((((2,10),13),22),30),15))),(((11,21),14),23));

STEP 104 [Heur. rSPR MP_RF -> NNI_Substep_93] - Distance: 68.0000
(((((8,12),(((4,3),29),16)),((((1,7),(26,19)),((18,(9,25)),((6,24),(20,27)))),5)),((17,28),((((13,22),(2,10)),30),15))),(((11,21),14),23));

STEP 105 [Heur. rSPR MP_RF -> NNI_Substep_94] - Distance: 66.0000
(((((8,12),(((4,3),29),16)),((((1,7),(26,19)),((18,(9,25)),((6,24),(20,27)))),5)),((17,28),((((13,22),30),(2,10)),15))),(((11,21),14),23));

STEP 106 [Heur. rSPR MP_RF -> NNI_Substep_95] - Distance: 64.0000
(((((8,12),(((4,3),29),16)),((((1,7),(26,19)),((18,(9,25)),((6,24),(20,27)))),5)),((17,28),((((13,22),30),15),(2,10)))),(((11,21),14),23));

STEP 107 [Heur. rSPR MP_RF -> NNI_Substep_96] - Distance: 62.0000
(((((8,12),(((4,3),29),16)),((((1,7),(26,19)),((18,((6,24),(20,27))),(9,25))),5)),((17,28),((((13,22),30),15),(2,10)))),(((11,21),14),23));

STEP 108 [Heur. rSPR MP_RF -> NNI_Substep_97] - Distance: 62.0000
(((((8,12),(((4,3),29),16)),(((((1,7),(26,19)),(18,((6,24),(20,27)))),(9,25)),5)),((17,28),((((13,22),30),15),(2,10)))),(((11,21),14),23));

STEP 109 [Heur. rSPR MP_RF -> NNI_Substep_98] - Distance: 62.0000
(((((8,12),(((4,3),29),16)),(((((1,7),(26,19)),(18,((6,24),(20,27)))),5),(9,25))),((17,28),((((13,22),30),15),(2,10)))),(((11,21),14),23));

STEP 110 [Heur. rSPR MP_RF -> NNI_Substep_99] - Distance: 60.0000
((((((8,12),(((4,3),29),16)),((((1,7),(26,19)),(18,((6,24),(20,27)))),5)),(9,25)),((17,28),((((13,22),30),15),(2,10)))),(((11,21),14),23));

STEP 111 [Heur. rSPR MP_RF -> NNI_Substep_100] - Distance: 47.0000
((((((8,12),(((4,3),29),16)),(9,25)),((((1,7),(26,19)),(18,((6,24),(20,27)))),5)),((17,28),((((13,22),30),15),(2,10)))),(((11,21),14),23));

STEP 112 [Heur. rSPR MP_RF -> NNI_Substep_101] - Distance: 41.0000
((((((8,12),(9,25)),(((4,3),29),16)),((((1,7),(26,19)),(18,((6,24),(20,27)))),5)),((17,28),((((13,22),30),15),(2,10)))),(((11,21),14),23));

STEP 113 [Heur. rSPR MP_RF -> NNI_Substep_102] - Distance: 39.0000
(((((8,(12,(9,25))),(((4,3),29),16)),((((1,7),(26,19)),(18,((6,24),(20,27)))),5)),((17,28),((((13,22),30),15),(2,10)))),(((11,21),14),23));

STEP 114 [Heur. rSPR MP_RF -> NNI_Substep_103] - Distance: 39.0000
(((((8,(12,(9,25))),(((4,3),29),16)),((((1,7),(26,19)),((18,(20,27)),(6,24))),5)),((17,28),((((13,22),30),15),(2,10)))),(((11,21),14),23));

STEP 115 [Heur. rSPR MP_RF -> NNI_Substep_104] - Distance: 39.0000
(((((8,(12,(9,25))),(((4,3),29),16)),(((((1,7),(26,19)),(18,(20,27))),(6,24)),5)),((17,28),((((13,22),30),15),(2,10)))),(((11,21),14),23));

STEP 116 [Heur. rSPR MP_RF -> NNI_Substep_105] - Distance: 39.0000
(((((8,(12,(9,25))),(((4,3),29),16)),(((((1,7),(26,19)),(18,(20,27))),5),(6,24))),((17,28),((((13,22),30),15),(2,10)))),(((11,21),14),23));

STEP 117 [Heur. rSPR MP_RF -> NNI_Substep_106] - Distance: 34.0000
((((((8,(12,(9,25))),(((4,3),29),16)),((((1,7),(26,19)),(18,(20,27))),5)),(6,24)),((17,28),((((13,22),30),15),(2,10)))),(((11,21),14),23));

STEP 118 [Heur. rSPR MP_RF -> NNI_Substep_107] - Distance: 18.0000
((((((8,(12,(9,25))),(((4,3),29),16)),(6,24)),((((1,7),(26,19)),(18,(20,27))),5)),((17,28),((((13,22),30),15),(2,10)))),(((11,21),14),23));

STEP 119 [Heur. rSPR MP_RF -> NNI_Substep_108] - Distance: 14.0000
((((((8,(12,(9,25))),(6,24)),(((4,3),29),16)),((((1,7),(26,19)),(18,(20,27))),5)),((17,28),((((13,22),30),15),(2,10)))),(((11,21),14),23));

STEP 120 [Heur. rSPR MP_RF -> NNI_Substep_109] - Distance: 9.0000
((((((8,(6,24)),(12,(9,25))),(((4,3),29),16)),((((1,7),(26,19)),(18,(20,27))),5)),((17,28),((((13,22),30),15),(2,10)))),(((11,21),14),23));

STEP 121 [Heur. rSPR MP_RF -> NNI_Substep_110] - Distance: 9.0000
((((((8,(6,24)),(12,(9,25))),(((4,3),16),29)),((((1,7),(26,19)),(18,(20,27))),5)),((17,28),((((13,22),30),15),(2,10)))),(((11,21),14),23));

STEP 122 [Heur. rSPR MP_RF -> NNI_Substep_111] - Distance: 6.0000
(((((((8,(6,24)),(12,(9,25))),((4,3),16)),29),((((1,7),(26,19)),(18,(20,27))),5)),((17,28),((((13,22),30),15),(2,10)))),(((11,21),14),23));

STEP 123 [Heur. rSPR MP_RF -> NNI_Substep_112] - Distance: 3.0000
(((((((8,(6,24)),(12,(9,25))),29),((4,3),16)),((((1,7),(26,19)),(18,(20,27))),5)),((17,28),((((13,22),30),15),(2,10)))),(((11,21),14),23));

STEP 124 [Heur. rSPR MP_RF -> NNI_Substep_113] - Distance: 0.0000
((((((8,(6,24)),((12,(9,25)),29)),((4,3),16)),((((1,7),(26,19)),(18,(20,27))),5)),((17,28),((((13,22),30),15),(2,10)))),(((11,21),14),23));

========================================================
[FINAL] Total Steps: 124 | Final Distance: 0.0000
========================================================
