========================================================
HEURISTIC TRAJECTORY: VND Incremental (MP_RF)
========================================================
STEP 0 [START] - Distance: 317.0000
(((((23,(5,8)),(22,24)),((18,(4,15)),(13,1))),((2,(10,(6,11))),(28,(((9,((16,29),(27,19))),(14,3)),(17,(25,7)))))),(30,((21,12),(26,20))));

STEP 1 [NNI_IncrementalHeuristic_MP_RF -> NNI_Substep_1] - Distance: 273.0000
((((9,((16,29),(27,19))),(14,3)),(28,(17,(25,7)))),((2,(10,(6,11))),((((23,(5,8)),(22,24)),((18,(4,15)),(13,1))),(30,((21,12),(26,20))))));

STEP 2 [NNI_IncrementalHeuristic_MP_RF -> NNI_Substep_2] - Distance: 271.0000
((((9,((16,29),(27,19))),(14,3)),(28,(17,(25,7)))),((2,(10,(6,11))),(((30,((21,12),(26,20))),((18,(4,15)),(13,1))),((23,(5,8)),(22,24)))));

STEP 3 [NNI_IncrementalHeuristic_MP_RF -> NNI_Substep_3] - Distance: 269.0000
((((9,((16,29),(27,19))),(14,3)),(28,(17,(25,7)))),((2,(10,(6,11))),(((18,(4,15)),((30,((21,12),(26,20))),(13,1))),((23,(5,8)),(22,24)))));

STEP 4 [NNI_IncrementalHeuristic_MP_RF -> NNI_Substep_4] - Distance: 268.0000
(((((27,19),((16,29),9)),(14,3)),(28,(17,(25,7)))),((2,(10,(6,11))),(((18,(4,15)),((30,((21,12),(26,20))),(13,1))),((23,(5,8)),(22,24)))));

STEP 5 [NNI_IncrementalHeuristic_MP_RF -> NNI_Substep_5] - Distance: 267.0000
(((((14,3),((16,29),9)),(27,19)),(28,(17,(25,7)))),((2,(10,(6,11))),(((18,(4,15)),((30,((21,12),(26,20))),(13,1))),((23,(5,8)),(22,24)))));

STEP 6 [NNI_IncrementalHeuristic_MP_RF -> NNI_Substep_6] - Distance: 263.0000
((((28,(17,(25,7))),(27,19)),((14,3),((16,29),9))),((2,(10,(6,11))),(((18,(4,15)),((30,((21,12),(26,20))),(13,1))),((23,(5,8)),(22,24)))));

STEP 7 [NNI_IncrementalHeuristic_MP_RF -> NNI_Substep_7] - Distance: 260.0000
(((27,((28,(17,(25,7))),19)),((14,3),((16,29),9))),((2,(10,(6,11))),(((18,(4,15)),((30,((21,12),(26,20))),(13,1))),((23,(5,8)),(22,24)))));

STEP 8 [NNI_IncrementalHeuristic_MP_RF -> NNI_Substep_8] - Distance: 257.0000
(((((14,3),((16,29),9)),((28,(17,(25,7))),19)),27),((2,(10,(6,11))),(((18,(4,15)),((30,((21,12),(26,20))),(13,1))),((23,(5,8)),(22,24)))));

STEP 9 [NNI_IncrementalHeuristic_MP_RF -> NNI_Substep_9] - Distance: 256.0000
(((((14,3),((16,29),9)),((28,(17,(25,7))),19)),27),(((((18,(4,15)),((30,((21,12),(26,20))),(13,1))),((23,(5,8)),(22,24))),(10,(6,11))),2));

STEP 10 [NNI_IncrementalHeuristic_MP_RF -> NNI_Substep_10] - Distance: 245.0000
(((6,11),(10,(((18,(4,15)),((30,((21,12),(26,20))),(13,1))),((23,(5,8)),(22,24))))),(((((14,3),((16,29),9)),((28,(17,(25,7))),19)),27),2));

STEP 11 [NNI_IncrementalHeuristic_MP_RF -> NNI_Substep_11] - Distance: 244.0000
(((6,11),(10,(((18,(4,15)),((30,((21,12),(26,20))),(13,1))),((23,(5,8)),(22,24))))),(((((14,3),((16,29),9)),((28,(17,(25,7))),19)),2),27));

STEP 12 [NNI_IncrementalHeuristic_MP_RF -> NNI_Substep_12] - Distance: 241.0000
(((6,11),(10,(((18,(4,15)),((30,((21,12),(26,20))),(13,1))),((23,(5,8)),(22,24))))),(((2,((28,(17,(25,7))),19)),((14,3),((16,29),9))),27));

STEP 13 [NNI_IncrementalHeuristic_MP_RF -> NNI_Substep_13] - Distance: 240.0000
(((6,11),(10,(((18,(4,15)),((30,((21,12),(26,20))),(13,1))),((23,(5,8)),(22,24))))),(((19,((28,(17,(25,7))),2)),((14,3),((16,29),9))),27));

STEP 14 [Heur. rSPR MP_RF -> NNI_Substep_1] - Distance: 240.0000
(((6,11),(10,(((18,(4,15)),((30,((21,12),(26,20))),(13,1))),((23,(5,8)),(22,24))))),(((19,(((28,(25,7)),17),2)),((14,3),((16,29),9))),27));

STEP 15 [Heur. rSPR MP_RF -> NNI_Substep_2] - Distance: 240.0000
(((6,11),(10,(((18,(4,15)),((30,((21,12),(26,20))),(13,1))),((23,(5,8)),(22,24))))),(((19,(((28,(25,7)),2),17)),((14,3),((16,29),9))),27));

STEP 16 [Heur. rSPR MP_RF -> NNI_Substep_3] - Distance: 240.0000
(((6,11),(10,(((18,(4,15)),((30,((21,12),(26,20))),(13,1))),((23,(5,8)),(22,24))))),((((19,((28,(25,7)),2)),17),((14,3),((16,29),9))),27));

STEP 17 [Heur. rSPR MP_RF -> NNI_Substep_4] - Distance: 239.0000
(((6,11),(10,(((18,(4,15)),((30,((21,12),(26,20))),(13,1))),((23,(5,8)),(22,24))))),((((19,((28,(25,7)),2)),((14,3),((16,29),9))),17),27));

STEP 18 [Heur. rSPR MP_RF -> NNI_Substep_5] - Distance: 239.0000
(((6,11),(10,(((18,(4,15)),((30,((21,12),(26,20))),(13,1))),((23,(5,8)),(22,24))))),(((19,((28,(25,7)),2)),(((14,3),((16,29),9)),17)),27));

STEP 19 [Heur. rSPR MP_RF -> NNI_Substep_6] - Distance: 239.0000
(((6,11),(10,(((18,(4,15)),((30,((21,12),(26,20))),(13,1))),((23,(5,8)),(22,24))))),(((19,((28,(25,7)),2)),((14,3),(((16,29),9),17))),27));

STEP 20 [Heur. rSPR MP_RF -> NNI_Substep_7] - Distance: 239.0000
(((6,11),(10,(((18,(4,15)),((30,((21,12),(26,20))),(13,1))),((23,(5,8)),(22,24))))),(((19,((28,(25,7)),2)),((14,3),(((16,29),17),9))),27));

STEP 21 [Heur. rSPR MP_RF -> NNI_Substep_8] - Distance: 239.0000
(((6,11),(10,(((18,(4,15)),((30,((21,12),(26,20))),(13,1))),((23,(5,8)),(22,24))))),(((19,((28,(25,7)),2)),((14,3),(((16,17),29),9))),27));

STEP 22 [Heur. rSPR MP_RF -> NNI_Substep_9] - Distance: 239.0000
(((6,11),(10,(((18,(4,15)),((30,((21,12),(26,20))),(13,1))),((23,(5,8)),(22,24))))),(((19,((28,(25,7)),2)),((14,3),((29,9),(16,17)))),27));

STEP 23 [Heur. rSPR MP_RF -> NNI_Substep_10] - Distance: 239.0000
(((6,11),(10,(((18,(4,15)),((30,((21,12),(26,20))),(13,1))),((23,(5,8)),(22,24))))),(((19,((28,(25,7)),2)),(((14,3),(29,9)),(16,17))),27));

STEP 24 [Heur. rSPR MP_RF -> NNI_Substep_11] - Distance: 239.0000
(((6,11),(10,(((18,(4,15)),((30,((21,12),(26,20))),(13,1))),((23,(5,8)),(22,24))))),((((19,((28,(25,7)),2)),((14,3),(29,9))),(16,17)),27));

STEP 25 [Heur. rSPR MP_RF -> NNI_Substep_12] - Distance: 239.0000
(((6,11),(10,(((18,(4,15)),((30,((21,12),(26,20))),(13,1))),((23,(5,8)),(22,24))))),((((19,((28,(25,7)),2)),((14,3),(29,9))),27),(16,17)));

STEP 26 [Heur. rSPR MP_RF -> NNI_Substep_13] - Distance: 223.0000
(((6,11),((10,(((18,(4,15)),((30,((21,12),(26,20))),(13,1))),((23,(5,8)),(22,24)))),(16,17))),(((19,((28,(25,7)),2)),((14,3),(29,9))),27));

STEP 27 [Heur. rSPR MP_RF -> NNI_Substep_14] - Distance: 225.0000
(((6,11),(10,((((18,(4,15)),((30,((21,12),(26,20))),(13,1))),((23,(5,8)),(22,24))),(16,17)))),(((19,((28,(25,7)),2)),((14,3),(29,9))),27));

STEP 28 [Heur. rSPR MP_RF -> NNI_Substep_15] - Distance: 227.0000
(((6,11),(10,((((18,(4,15)),((30,((21,12),(26,20))),(13,1))),(16,17)),((23,(5,8)),(22,24))))),(((19,((28,(25,7)),2)),((14,3),(29,9))),27));

STEP 29 [Heur. rSPR MP_RF -> NNI_Substep_16] - Distance: 221.0000
(((6,11),(10,((((18,(4,15)),(16,17)),((30,((21,12),(26,20))),(13,1))),((23,(5,8)),(22,24))))),(((19,((28,(25,7)),2)),((14,3),(29,9))),27));

STEP 30 [Heur. rSPR MP_RF -> NNI_Substep_17] - Distance: 219.0000
(((6,11),(10,((((18,(16,17)),(4,15)),((30,((21,12),(26,20))),(13,1))),((23,(5,8)),(22,24))))),(((19,((28,(25,7)),2)),((14,3),(29,9))),27));

STEP 31 [Heur. rSPR MP_RF -> NNI_Substep_18] - Distance: 218.0000
(((6,11),(10,((((18,(16,17)),(4,15)),((30,((21,12),(26,20))),(13,1))),((23,(5,8)),(22,24))))),(((19,(((28,25),7),2)),((14,3),(29,9))),27));

STEP 32 [Heur. rSPR MP_RF -> NNI_Substep_19] - Distance: 217.0000
(((6,11),(10,((((18,(16,17)),(4,15)),((30,((21,12),(26,20))),(13,1))),((23,(5,8)),(22,24))))),(((19,(((28,25),2),7)),((14,3),(29,9))),27));

STEP 33 [Heur. rSPR MP_RF -> NNI_Substep_20] - Distance: 217.0000
(((6,11),(10,(((((18,(16,17)),15),4),((30,((21,12),(26,20))),(13,1))),((23,(5,8)),(22,24))))),(((19,(((28,25),2),7)),((14,3),(29,9))),27));

STEP 34 [Heur. rSPR MP_RF -> NNI_Substep_21] - Distance: 216.0000
(((6,11),(10,(((((18,(16,17)),15),((30,((21,12),(26,20))),(13,1))),4),((23,(5,8)),(22,24))))),(((19,(((28,25),2),7)),((14,3),(29,9))),27));

STEP 35 [Heur. rSPR MP_RF -> NNI_Substep_22] - Distance: 219.0000
(((6,11),(10,(((((18,(16,17)),15),((30,((21,12),(26,20))),(13,1))),((23,(5,8)),(22,24))),4))),(((19,(((28,25),2),7)),((14,3),(29,9))),27));

STEP 36 [Heur. rSPR MP_RF -> NNI_Substep_23] - Distance: 218.0000
(((6,11),(10,((((18,(16,17)),15),((30,((21,12),(26,20))),(13,1))),(((23,(5,8)),(22,24)),4)))),(((19,(((28,25),2),7)),((14,3),(29,9))),27));

STEP 37 [Heur. rSPR MP_RF -> NNI_Substep_24] - Distance: 218.0000
(((6,11),(10,((((18,(16,17)),15),((30,((21,12),(26,20))),(13,1))),(((23,(5,8)),4),(22,24))))),(((19,(((28,25),2),7)),((14,3),(29,9))),27));

STEP 38 [Heur. rSPR MP_RF -> NNI_Substep_25] - Distance: 216.0000
(((6,11),(10,((((18,(16,17)),15),((30,((21,12),(26,20))),(13,1))),(((23,4),(5,8)),(22,24))))),(((19,(((28,25),2),7)),((14,3),(29,9))),27));

STEP 39 [Heur. rSPR MP_RF -> NNI_Substep_26] - Distance: 218.0000
(((6,11),(10,((((18,(16,17)),15),((30,((21,12),(26,20))),(13,1))),((((23,4),8),5),(22,24))))),(((19,(((28,25),2),7)),((14,3),(29,9))),27));

STEP 40 [Heur. rSPR MP_RF -> NNI_Substep_27] - Distance: 217.0000
(((6,11),(10,((((18,(16,17)),15),((30,((21,12),(26,20))),(13,1))),((((23,4),8),(22,24)),5)))),(((19,(((28,25),2),7)),((14,3),(29,9))),27));

STEP 41 [Heur. rSPR MP_RF -> NNI_Substep_28] - Distance: 217.0000
(((6,11),(10,(((((18,(16,17)),15),((30,((21,12),(26,20))),(13,1))),(((23,4),8),(22,24))),5))),(((19,(((28,25),2),7)),((14,3),(29,9))),27));

STEP 42 [Heur. rSPR MP_RF -> NNI_Substep_29] - Distance: 217.0000
(((6,11),((10,((((18,(16,17)),15),((30,((21,12),(26,20))),(13,1))),(((23,4),8),(22,24)))),5)),(((19,(((28,25),2),7)),((14,3),(29,9))),27));

STEP 43 [Heur. rSPR MP_RF -> NNI_Substep_30] - Distance: 217.0000
((((6,11),(10,((((18,(16,17)),15),((30,((21,12),(26,20))),(13,1))),(((23,4),8),(22,24))))),5),(((19,(((28,25),2),7)),((14,3),(29,9))),27));

STEP 44 [Heur. rSPR MP_RF -> NNI_Substep_31] - Distance: 204.0000
(((6,11),(10,((((18,(16,17)),15),((30,((21,12),(26,20))),(13,1))),(((23,4),8),(22,24))))),((((19,(((28,25),2),7)),((14,3),(29,9))),5),27));

STEP 45 [Heur. rSPR MP_RF -> NNI_Substep_32] - Distance: 199.0000
(((6,11),(10,((((18,(16,17)),15),((30,((21,12),(26,20))),(13,1))),(((23,4),8),(22,24))))),(((19,(((28,25),2),7)),(((14,3),(29,9)),5)),27));

STEP 46 [Heur. rSPR MP_RF -> NNI_Substep_33] - Distance: 197.0000
(((6,11),(10,((((18,(16,17)),15),((30,((21,12),(26,20))),(13,1))),(((23,4),8),(22,24))))),(((19,(((28,25),2),7)),(((14,3),5),(29,9))),27));

STEP 47 [Heur. rSPR MP_RF -> NNI_Substep_34] - Distance: 197.0000
(((6,11),(10,((((18,(16,17)),15),((30,((21,12),(26,20))),(13,1))),(((23,4),8),(22,24))))),(((19,(((28,25),2),7)),(((14,5),3),(29,9))),27));

STEP 48 [Heur. rSPR MP_RF -> NNI_Substep_35] - Distance: 197.0000
(((6,11),(10,((((18,(16,17)),15),((30,((21,12),(26,20))),(13,1))),(((23,4),8),(22,24))))),(((19,(((28,25),2),7)),(((14,5),(29,9)),3)),27));

STEP 49 [Heur. rSPR MP_RF -> NNI_Substep_36] - Distance: 197.0000
(((6,11),(10,((((18,(16,17)),15),((30,((21,12),(26,20))),(13,1))),(((23,4),8),(22,24))))),((((19,(((28,25),2),7)),((14,5),(29,9))),3),27));

STEP 50 [Heur. rSPR MP_RF -> NNI_Substep_37] - Distance: 197.0000
(((6,11),(10,((((18,(16,17)),15),((30,((21,12),(26,20))),(13,1))),(((23,4),8),(22,24))))),((((19,(((28,25),2),7)),((14,5),(29,9))),27),3));

STEP 51 [Heur. rSPR MP_RF -> NNI_Substep_38] - Distance: 181.0000
((((6,11),3),(10,((((18,(16,17)),15),((30,((21,12),(26,20))),(13,1))),(((23,4),8),(22,24))))),(((19,(((28,25),2),7)),((14,5),(29,9))),27));

STEP 52 [Heur. rSPR MP_RF -> NNI_Substep_39] - Distance: 180.0000
(((6,(11,3)),(10,((((18,(16,17)),15),((30,((21,12),(26,20))),(13,1))),(((23,4),8),(22,24))))),(((19,(((28,25),2),7)),((14,5),(29,9))),27));

STEP 53 [Heur. rSPR MP_RF -> NNI_Substep_40] - Distance: 180.0000
(((6,(11,3)),(10,((((18,(16,17)),15),(((30,((21,12),(26,20))),13),1)),(((23,4),8),(22,24))))),(((19,(((28,25),2),7)),((14,5),(29,9))),27));

STEP 54 [Heur. rSPR MP_RF -> NNI_Substep_41] - Distance: 180.0000
(((6,(11,3)),(10,(((((18,(16,17)),15),((30,((21,12),(26,20))),13)),1),(((23,4),8),(22,24))))),(((19,(((28,25),2),7)),((14,5),(29,9))),27));

STEP 55 [Heur. rSPR MP_RF -> NNI_Substep_42] - Distance: 180.0000
(((6,(11,3)),(10,(((((18,(16,17)),15),((30,((21,12),(26,20))),13)),(((23,4),8),(22,24))),1))),(((19,(((28,25),2),7)),((14,5),(29,9))),27));

STEP 56 [Heur. rSPR MP_RF -> NNI_Substep_43] - Distance: 180.0000
(((6,(11,3)),((10,((((18,(16,17)),15),((30,((21,12),(26,20))),13)),(((23,4),8),(22,24)))),1)),(((19,(((28,25),2),7)),((14,5),(29,9))),27));

STEP 57 [Heur. rSPR MP_RF -> NNI_Substep_44] - Distance: 178.0000
((((6,(11,3)),(10,((((18,(16,17)),15),((30,((21,12),(26,20))),13)),(((23,4),8),(22,24))))),1),(((19,(((28,25),2),7)),((14,5),(29,9))),27));

STEP 58 [Heur. rSPR MP_RF -> NNI_Substep_45] - Distance: 168.0000
((((6,(11,3)),1),(10,((((18,(16,17)),15),((30,((21,12),(26,20))),13)),(((23,4),8),(22,24))))),(((19,(((28,25),2),7)),((14,5),(29,9))),27));

STEP 59 [Heur. rSPR MP_RF -> NNI_Substep_46] - Distance: 167.0000
(((6,((11,3),1)),(10,((((18,(16,17)),15),((30,((21,12),(26,20))),13)),(((23,4),8),(22,24))))),(((19,(((28,25),2),7)),((14,5),(29,9))),27));

STEP 60 [Heur. rSPR MP_RF -> NNI_Substep_47] - Distance: 167.0000
(((6,((11,3),1)),(10,((((18,(16,17)),15),((30,(((21,12),20),26)),13)),(((23,4),8),(22,24))))),(((19,(((28,25),2),7)),((14,5),(29,9))),27));

STEP 61 [Heur. rSPR MP_RF -> NNI_Substep_48] - Distance: 167.0000
(((6,((11,3),1)),(10,((((18,(16,17)),15),(((30,((21,12),20)),26),13)),(((23,4),8),(22,24))))),(((19,(((28,25),2),7)),((14,5),(29,9))),27));

STEP 62 [Heur. rSPR MP_RF -> NNI_Substep_49] - Distance: 167.0000
(((6,((11,3),1)),(10,((((18,(16,17)),15),(((30,((21,12),20)),13),26)),(((23,4),8),(22,24))))),(((19,(((28,25),2),7)),((14,5),(29,9))),27));

STEP 63 [Heur. rSPR MP_RF -> NNI_Substep_50] - Distance: 167.0000
(((6,((11,3),1)),(10,(((((18,(16,17)),15),((30,((21,12),20)),13)),26),(((23,4),8),(22,24))))),(((19,(((28,25),2),7)),((14,5),(29,9))),27));

STEP 64 [Heur. rSPR MP_RF -> NNI_Substep_51] - Distance: 167.0000
(((6,((11,3),1)),(10,(((((18,(16,17)),15),((30,((21,12),20)),13)),(((23,4),8),(22,24))),26))),(((19,(((28,25),2),7)),((14,5),(29,9))),27));

STEP 65 [Heur. rSPR MP_RF -> NNI_Substep_52] - Distance: 167.0000
(((6,((11,3),1)),((10,((((18,(16,17)),15),((30,((21,12),20)),13)),(((23,4),8),(22,24)))),26)),(((19,(((28,25),2),7)),((14,5),(29,9))),27));

STEP 66 [Heur. rSPR MP_RF -> NNI_Substep_53] - Distance: 166.0000
((((6,((11,3),1)),(10,((((18,(16,17)),15),((30,((21,12),20)),13)),(((23,4),8),(22,24))))),26),(((19,(((28,25),2),7)),((14,5),(29,9))),27));

STEP 67 [Heur. rSPR MP_RF -> NNI_Substep_54] - Distance: 156.0000
((((6,((11,3),1)),26),(10,((((18,(16,17)),15),((30,((21,12),20)),13)),(((23,4),8),(22,24))))),(((19,(((28,25),2),7)),((14,5),(29,9))),27));

STEP 68 [Heur. rSPR MP_RF -> NNI_Substep_55] - Distance: 153.0000
((((6,26),((11,3),1)),(10,((((18,(16,17)),15),((30,((21,12),20)),13)),(((23,4),8),(22,24))))),(((19,(((28,25),2),7)),((14,5),(29,9))),27));

STEP 69 [Heur. rSPR MP_RF -> NNI_Substep_56] - Distance: 153.0000
((((6,26),((11,3),1)),(10,((((18,(16,17)),15),((30,((21,20),12)),13)),(((23,4),8),(22,24))))),(((19,(((28,25),2),7)),((14,5),(29,9))),27));

STEP 70 [Heur. rSPR MP_RF -> NNI_Substep_57] - Distance: 153.0000
((((6,26),((11,3),1)),(10,((((18,(16,17)),15),(((30,(21,20)),12),13)),(((23,4),8),(22,24))))),(((19,(((28,25),2),7)),((14,5),(29,9))),27));

STEP 71 [Heur. rSPR MP_RF -> NNI_Substep_58] - Distance: 153.0000
((((6,26),((11,3),1)),(10,((((18,(16,17)),15),(((30,(21,20)),13),12)),(((23,4),8),(22,24))))),(((19,(((28,25),2),7)),((14,5),(29,9))),27));

STEP 72 [Heur. rSPR MP_RF -> NNI_Substep_59] - Distance: 149.0000
((((6,26),((11,3),1)),(10,(((((18,(16,17)),15),((30,(21,20)),13)),12),(((23,4),8),(22,24))))),(((19,(((28,25),2),7)),((14,5),(29,9))),27));

STEP 73 [Heur. rSPR MP_RF -> NNI_Substep_60] - Distance: 146.0000
((((6,26),((11,3),1)),(10,(((((18,(16,17)),15),12),((30,(21,20)),13)),(((23,4),8),(22,24))))),(((19,(((28,25),2),7)),((14,5),(29,9))),27));

STEP 74 [Heur. rSPR MP_RF -> NNI_Substep_61] - Distance: 146.0000
((((6,26),((11,3),1)),((((((18,(16,17)),15),12),((30,(21,20)),13)),10),(((23,4),8),(22,24)))),(((19,(((28,25),2),7)),((14,5),(29,9))),27));

STEP 75 [Heur. rSPR MP_RF -> NNI_Substep_62] - Distance: 141.0000
((((6,26),((11,3),1)),(((((18,(16,17)),15),12),(((30,(21,20)),13),10)),(((23,4),8),(22,24)))),(((19,(((28,25),2),7)),((14,5),(29,9))),27));

STEP 76 [Heur. rSPR MP_RF -> NNI_Substep_63] - Distance: 141.0000
((((6,26),((11,3),1)),(((((18,(16,17)),15),12),(((30,(21,20)),10),13)),(((23,4),8),(22,24)))),(((19,(((28,25),2),7)),((14,5),(29,9))),27));

STEP 77 [Heur. rSPR MP_RF -> NNI_Substep_64] - Distance: 141.0000
((((6,26),((11,3),1)),(((((18,(16,17)),15),12),((30,((21,20),10)),13)),(((23,4),8),(22,24)))),(((19,(((28,25),2),7)),((14,5),(29,9))),27));

STEP 78 [Heur. rSPR MP_RF -> NNI_Substep_65] - Distance: 140.0000
((((6,26),((11,3),1)),(((((18,(16,17)),15),12),((30,((21,10),20)),13)),(((23,4),8),(22,24)))),(((19,(((28,25),2),7)),((14,5),(29,9))),27));

STEP 79 [Heur. rSPR MP_RF -> NNI_Substep_66] - Distance: 140.0000
((((6,26),((11,3),1)),(((((18,(16,17)),15),12),((30,((21,10),20)),13)),((((23,4),8),24),22))),(((19,(((28,25),2),7)),((14,5),(29,9))),27));

STEP 80 [Heur. rSPR MP_RF -> NNI_Substep_67] - Distance: 138.0000
((((6,26),((11,3),1)),((((((18,(16,17)),15),12),((30,((21,10),20)),13)),(((23,4),8),24)),22)),(((19,(((28,25),2),7)),((14,5),(29,9))),27));

STEP 81 [Heur. rSPR MP_RF -> NNI_Substep_68] - Distance: 138.0000
((((6,26),((11,3),1)),((((((18,(16,17)),15),12),((30,((21,10),20)),13)),22),(((23,4),8),24))),(((19,(((28,25),2),7)),((14,5),(29,9))),27));

STEP 82 [Heur. rSPR MP_RF -> NNI_Substep_69] - Distance: 133.0000
((((6,26),((11,3),1)),(((((18,(16,17)),15),12),(((30,((21,10),20)),13),22)),(((23,4),8),24))),(((19,(((28,25),2),7)),((14,5),(29,9))),27));

STEP 83 [Heur. rSPR MP_RF -> NNI_Substep_70] - Distance: 133.0000
((((6,26),((11,3),1)),(((((18,(16,17)),15),12),(((30,((21,10),20)),22),13)),(((23,4),8),24))),(((19,(((28,25),2),7)),((14,5),(29,9))),27));

STEP 84 [Heur. rSPR MP_RF -> NNI_Substep_71] - Distance: 133.0000
((((6,26),((11,3),1)),(((((18,(16,17)),15),12),((30,(((21,10),20),22)),13)),(((23,4),8),24))),(((19,(((28,25),2),7)),((14,5),(29,9))),27));

STEP 85 [Heur. rSPR MP_RF -> NNI_Substep_72] - Distance: 132.0000
((((6,26),((11,3),1)),(((((18,(16,17)),15),12),((30,(((21,10),22),20)),13)),(((23,4),8),24))),(((19,(((28,25),2),7)),((14,5),(29,9))),27));

STEP 86 [Heur. rSPR MP_RF -> NNI_Substep_73] - Distance: 132.0000
((((6,26),((11,3),1)),(((((18,(16,17)),15),12),(((((21,10),22),20),13),30)),(((23,4),8),24))),(((19,(((28,25),2),7)),((14,5),(29,9))),27));

STEP 87 [Heur. rSPR MP_RF -> NNI_Substep_74] - Distance: 132.0000
((((6,26),((11,3),1)),((((((18,(16,17)),15),12),((((21,10),22),20),13)),30),(((23,4),8),24))),(((19,(((28,25),2),7)),((14,5),(29,9))),27));

STEP 88 [Heur. rSPR MP_RF -> NNI_Substep_75] - Distance: 132.0000
((((6,26),((11,3),1)),((((((18,(16,17)),15),12),((((21,10),22),20),13)),(((23,4),8),24)),30)),(((19,(((28,25),2),7)),((14,5),(29,9))),27));

STEP 89 [Heur. rSPR MP_RF -> NNI_Substep_76] - Distance: 132.0000
((((6,26),((11,3),1)),(((((18,(16,17)),15),12),((((21,10),22),20),13)),((((23,4),8),24),30))),(((19,(((28,25),2),7)),((14,5),(29,9))),27));

STEP 90 [Heur. rSPR MP_RF -> NNI_Substep_77] - Distance: 132.0000
((((6,26),((11,3),1)),(((((18,(16,17)),15),12),((((21,10),22),20),13)),((((23,4),8),30),24))),(((19,(((28,25),2),7)),((14,5),(29,9))),27));

STEP 91 [Heur. rSPR MP_RF -> NNI_Substep_78] - Distance: 131.0000
((((6,26),((11,3),1)),(((((18,(16,17)),15),12),((((21,10),22),20),13)),((((23,4),30),8),24))),(((19,(((28,25),2),7)),((14,5),(29,9))),27));

STEP 92 [Heur. rSPR MP_RF -> NNI_Substep_79] - Distance: 131.0000
(((((6,26),((11,3),1)),((((18,(16,17)),15),12),((((21,10),22),20),13))),((((23,4),30),8),24)),(((19,(((28,25),2),7)),((14,5),(29,9))),27));

STEP 93 [Heur. rSPR MP_RF -> NNI_Substep_80] - Distance: 29.0000
((((6,26),((11,3),1)),((((18,(16,17)),15),12),((((21,10),22),20),13))),((((19,(((28,25),2),7)),((14,5),(29,9))),27),((8,24),((23,4),30))));

STEP 94 [Heur. rSPR MP_RF -> NNI_Substep_81] - Distance: 3.0000
((((6,26),((11,3),1)),((((18,(16,17)),15),12),((((21,10),22),20),13))),(((((19,(((28,25),2),7)),((14,5),(29,9))),27),(8,24)),((23,4),30)));

STEP 95 [Heur. rSPR MP_RF -> NNI_Substep_82] - Distance: 0.0000
((((6,26),((11,3),1)),((((18,(16,17)),15),12),((20,13),((21,10),22)))),(((((19,(((28,25),2),7)),((14,5),(29,9))),27),(8,24)),((23,4),30)));

========================================================
[FINAL] Total Steps: 95 | Final Distance: 0.0000
========================================================
