========================================================
HEURISTIC TRAJECTORY: VND Classic (MC_RF)
========================================================
STEP 0 [START] - Distance: 157.0000
(((((18,(25,1)),(21,17)),(23,(13,9))),((10,((28,(12,(27,2))),((7,(6,22)),(8,(15,11))))),(16,5))),(((14,(20,4)),(19,24)),((26,3),(29,30))));

STEP 1 [NNI_ClassicHeuristic_MC_RF -> NNI_Substep_1] - Distance: 151.0000
(((((18,(25,1)),(21,17)),(23,(13,9))),((10,(16,5)),((28,(12,(27,2))),((7,(6,22)),(8,(15,11)))))),(((14,(20,4)),(19,24)),((26,3),(29,30))));

STEP 2 [NNI_ClassicHeuristic_MC_RF -> NNI_Substep_2] - Distance: 124.0000
((10,(16,5)),((28,(12,(27,2))),(((((18,(25,1)),(21,17)),(23,(13,9))),(((14,(20,4)),(19,24)),((26,3),(29,30)))),((7,(6,22)),(8,(15,11))))));

STEP 3 [SPR_ClassicHeuristic_MC_RF -> NNI_Substep_1] - Distance: 132.0000
((16,5),((28,(12,(27,2))),((((((18,(25,1)),(21,17)),(23,(13,9))),(((14,(20,4)),(19,24)),((26,3),(29,30)))),((7,(6,22)),(8,(15,11)))),10)));

STEP 4 [SPR_ClassicHeuristic_MC_RF -> NNI_Substep_2] - Distance: 129.0000
((16,5),((28,(12,(27,2))),((((((18,(25,1)),(21,17)),(23,(13,9))),(((14,(20,4)),(19,24)),((26,3),(29,30)))),10),((7,(6,22)),(8,(15,11))))));

STEP 5 [SPR_ClassicHeuristic_MC_RF -> NNI_Substep_3] - Distance: 124.0000
((16,5),((28,(12,(27,2))),(((((18,(25,1)),(21,17)),(23,(13,9))),((((14,(20,4)),(19,24)),((26,3),(29,30))),10)),((7,(6,22)),(8,(15,11))))));

STEP 6 [SPR_ClassicHeuristic_MC_RF -> NNI_Substep_4] - Distance: 120.0000
((16,5),((28,(12,(27,2))),(((((18,(25,1)),(21,17)),(23,(13,9))),(((14,(20,4)),(19,24)),(((26,3),(29,30)),10))),((7,(6,22)),(8,(15,11))))));

STEP 7 [SPR_ClassicHeuristic_MC_RF -> NNI_Substep_5] - Distance: 117.0000
((16,5),((28,(12,(27,2))),(((((18,(25,1)),(21,17)),(23,(13,9))),(((14,(20,4)),(19,24)),((26,3),((29,30),10)))),((7,(6,22)),(8,(15,11))))));

STEP 8 [SPR_ClassicHeuristic_MC_RF -> NNI_Substep_6] - Distance: 117.0000
((16,5),((28,(12,(27,2))),(((((18,(25,1)),(21,17)),(23,(13,9))),(((14,(20,4)),(19,24)),((26,3),(29,(30,10))))),((7,(6,22)),(8,(15,11))))));

STEP 9 [SPR_ClassicHeuristic_MC_RF -> NNI_Substep_7] - Distance: 117.0000
((16,5),((28,(12,(27,2))),(((((18,(25,1)),(21,17)),(23,(13,9))),(((14,(20,4)),(19,24)),(((26,3),29),(30,10)))),((7,(6,22)),(8,(15,11))))));

STEP 10 [SPR_ClassicHeuristic_MC_RF -> NNI_Substep_8] - Distance: 120.0000
((16,5),((28,(12,(27,2))),(((((18,(25,1)),(21,17)),(23,(13,9))),((((14,(20,4)),(19,24)),((26,3),29)),(30,10))),((7,(6,22)),(8,(15,11))))));

STEP 11 [SPR_ClassicHeuristic_MC_RF -> NNI_Substep_9] - Distance: 117.0000
((16,5),((28,(12,(27,2))),(((((18,(25,1)),(21,17)),(23,(13,9))),((((14,(20,4)),(19,24)),(30,10)),((26,3),29))),((7,(6,22)),(8,(15,11))))));

STEP 12 [SPR_ClassicHeuristic_MC_RF -> NNI_Substep_10] - Distance: 113.0000
((16,5),((28,(12,(27,2))),(((((18,(25,1)),(21,17)),(23,(13,9))),((((14,(20,4)),(30,10)),(19,24)),((26,3),29))),((7,(6,22)),(8,(15,11))))));

STEP 13 [SPR_ClassicHeuristic_MC_RF -> NNI_Substep_11] - Distance: 110.0000
((16,5),((28,(12,(27,2))),(((((18,(25,1)),(21,17)),(23,(13,9))),(((14,((20,4),(30,10))),(19,24)),((26,3),29))),((7,(6,22)),(8,(15,11))))));

STEP 14 [SPR_ClassicHeuristic_MC_RF -> NNI_Substep_12] - Distance: 109.0000
((16,5),((28,(12,(27,2))),(((((18,(25,1)),(21,17)),(23,(13,9))),(((14,(20,(4,(30,10)))),(19,24)),((26,3),29))),((7,(6,22)),(8,(15,11))))));

STEP 15 [SPR_ClassicHeuristic_MC_RF -> NNI_Substep_13] - Distance: 109.0000
((16,5),((28,((12,2),27)),(((((18,(25,1)),(21,17)),(23,(13,9))),(((14,(20,(4,(30,10)))),(19,24)),((26,3),29))),((7,(6,22)),(8,(15,11))))));

STEP 16 [SPR_ClassicHeuristic_MC_RF -> NNI_Substep_14] - Distance: 109.0000
((16,5),(((28,(12,2)),27),(((((18,(25,1)),(21,17)),(23,(13,9))),(((14,(20,(4,(30,10)))),(19,24)),((26,3),29))),((7,(6,22)),(8,(15,11))))));

STEP 17 [SPR_ClassicHeuristic_MC_RF -> NNI_Substep_15] - Distance: 120.0000
((16,5),(((28,(12,2)),(((((18,(25,1)),(21,17)),(23,(13,9))),(((14,(20,(4,(30,10)))),(19,24)),((26,3),29))),((7,(6,22)),(8,(15,11))))),27));

STEP 18 [SPR_ClassicHeuristic_MC_RF -> NNI_Substep_16] - Distance: 118.0000
((16,5),((28,(12,2)),((((((18,(25,1)),(21,17)),(23,(13,9))),(((14,(20,(4,(30,10)))),(19,24)),((26,3),29))),((7,(6,22)),(8,(15,11)))),27)));

STEP 19 [SPR_ClassicHeuristic_MC_RF -> NNI_Substep_17] - Distance: 115.0000
((16,5),((28,(12,2)),((((((18,(25,1)),(21,17)),(23,(13,9))),(((14,(20,(4,(30,10)))),(19,24)),((26,3),29))),27),((7,(6,22)),(8,(15,11))))));

STEP 20 [SPR_ClassicHeuristic_MC_RF -> NNI_Substep_18] - Distance: 108.0000
((16,5),((28,(12,2)),((((((18,(25,1)),(21,17)),(23,(13,9))),27),(((14,(20,(4,(30,10)))),(19,24)),((26,3),29))),((7,(6,22)),(8,(15,11))))));

STEP 21 [SPR_ClassicHeuristic_MC_RF -> NNI_Substep_19] - Distance: 106.0000
((16,5),((28,(12,2)),((((((18,(25,1)),(21,17)),27),(23,(13,9))),(((14,(20,(4,(30,10)))),(19,24)),((26,3),29))),((7,(6,22)),(8,(15,11))))));

STEP 22 [SPR_ClassicHeuristic_MC_RF -> NNI_Substep_20] - Distance: 105.0000
((16,5),((28,(12,2)),((((((18,(25,1)),27),(21,17)),(23,(13,9))),(((14,(20,(4,(30,10)))),(19,24)),((26,3),29))),((7,(6,22)),(8,(15,11))))));

STEP 23 [SPR_ClassicHeuristic_MC_RF -> NNI_Substep_21] - Distance: 103.0000
((16,5),((28,(12,2)),(((((18,((25,1),27)),(21,17)),(23,(13,9))),(((14,(20,(4,(30,10)))),(19,24)),((26,3),29))),((7,(6,22)),(8,(15,11))))));

STEP 24 [SPR_ClassicHeuristic_MC_RF -> NNI_Substep_22] - Distance: 101.0000
((16,5),((28,(12,2)),(((((18,(25,(1,27))),(21,17)),(23,(13,9))),(((14,(20,(4,(30,10)))),(19,24)),((26,3),29))),((7,(6,22)),(8,(15,11))))));

STEP 25 [SPR_ClassicHeuristic_MC_RF -> NNI_Substep_23] - Distance: 101.0000
((16,5),((28,(12,2)),(((((18,(25,(1,27))),(21,17)),(23,(13,9))),(((14,(20,(4,(30,10)))),(19,24)),((26,3),29))),(((7,22),6),(8,(15,11))))));

STEP 26 [SPR_ClassicHeuristic_MC_RF -> NNI_Substep_24] - Distance: 103.0000
((16,5),((28,(12,2)),(((((18,(25,(1,27))),(21,17)),(23,(13,9))),(((14,(20,(4,(30,10)))),(19,24)),((26,3),29))),(((7,22),(8,(15,11))),6))));

STEP 27 [SPR_ClassicHeuristic_MC_RF -> NNI_Substep_25] - Distance: 113.0000
((16,5),((28,(12,2)),((((((18,(25,(1,27))),(21,17)),(23,(13,9))),(((14,(20,(4,(30,10)))),(19,24)),((26,3),29))),((7,22),(8,(15,11)))),6)));

STEP 28 [SPR_ClassicHeuristic_MC_RF -> NNI_Substep_26] - Distance: 109.0000
((16,5),((28,(12,2)),((((((18,(25,(1,27))),(21,17)),(23,(13,9))),(((14,(20,(4,(30,10)))),(19,24)),((26,3),29))),6),((7,22),(8,(15,11))))));

STEP 29 [SPR_ClassicHeuristic_MC_RF -> NNI_Substep_27] - Distance: 103.0000
((16,5),((28,(12,2)),(((((18,(25,(1,27))),(21,17)),(23,(13,9))),((((14,(20,(4,(30,10)))),(19,24)),((26,3),29)),6)),((7,22),(8,(15,11))))));

STEP 30 [SPR_ClassicHeuristic_MC_RF -> NNI_Substep_28] - Distance: 101.0000
((16,5),((28,(12,2)),(((((18,(25,(1,27))),(21,17)),(23,(13,9))),((((14,(20,(4,(30,10)))),(19,24)),6),((26,3),29))),((7,22),(8,(15,11))))));

STEP 31 [SPR_ClassicHeuristic_MC_RF -> NNI_Substep_29] - Distance: 97.0000
((16,5),((28,(12,2)),(((((18,(25,(1,27))),(21,17)),(23,(13,9))),(((14,(20,(4,(30,10)))),((19,24),6)),((26,3),29))),((7,22),(8,(15,11))))));

STEP 32 [SPR_ClassicHeuristic_MC_RF -> NNI_Substep_30] - Distance: 95.0000
((16,5),((28,(12,2)),(((((18,(25,(1,27))),(21,17)),(23,(13,9))),(((14,(20,(4,(30,10)))),((19,6),24)),((26,3),29))),((7,22),(8,(15,11))))));

STEP 33 [SPR_ClassicHeuristic_MC_RF -> NNI_Substep_31] - Distance: 95.0000
((16,5),((28,(12,2)),(((((18,(25,(1,27))),(21,17)),((23,9),13)),(((14,(20,(4,(30,10)))),((19,6),24)),((26,3),29))),((7,22),(8,(15,11))))));

STEP 34 [SPR_ClassicHeuristic_MC_RF -> NNI_Substep_32] - Distance: 100.0000
((16,5),((28,(12,2)),((((((18,(25,(1,27))),(21,17)),(23,9)),13),(((14,(20,(4,(30,10)))),((19,6),24)),((26,3),29))),((7,22),(8,(15,11))))));

STEP 35 [SPR_ClassicHeuristic_MC_RF -> NNI_Substep_33] - Distance: 97.0000
((16,5),((28,(12,2)),((((((18,(25,(1,27))),(21,17)),13),(23,9)),(((14,(20,(4,(30,10)))),((19,6),24)),((26,3),29))),((7,22),(8,(15,11))))));

STEP 36 [SPR_ClassicHeuristic_MC_RF -> NNI_Substep_34] - Distance: 92.0000
((16,5),((28,(12,2)),(((((18,(25,(1,27))),((21,17),13)),(23,9)),(((14,(20,(4,(30,10)))),((19,6),24)),((26,3),29))),((7,22),(8,(15,11))))));

STEP 37 [SPR_ClassicHeuristic_MC_RF -> NNI_Substep_35] - Distance: 90.0000
((16,5),((28,(12,2)),(((((18,(25,(1,27))),((21,13),17)),(23,9)),(((14,(20,(4,(30,10)))),((19,6),24)),((26,3),29))),((7,22),(8,(15,11))))));

STEP 38 [SPR_ClassicHeuristic_MC_RF -> NNI_Substep_36] - Distance: 94.0000
((16,5),((28,(12,2)),((((((18,(25,(1,27))),((21,13),17)),23),9),(((14,(20,(4,(30,10)))),((19,6),24)),((26,3),29))),((7,22),(8,(15,11))))));

STEP 39 [SPR_ClassicHeuristic_MC_RF -> NNI_Substep_37] - Distance: 100.0000
((16,5),((28,(12,2)),((((((18,(25,(1,27))),((21,13),17)),23),(((14,(20,(4,(30,10)))),((19,6),24)),((26,3),29))),9),((7,22),(8,(15,11))))));

STEP 40 [SPR_ClassicHeuristic_MC_RF -> NNI_Substep_38] - Distance: 102.0000
((16,5),((28,(12,2)),((((((18,(25,(1,27))),((21,13),17)),23),(((14,(20,(4,(30,10)))),((19,6),24)),((26,3),29))),((7,22),(8,(15,11)))),9)));

STEP 41 [SPR_ClassicHeuristic_MC_RF -> NNI_Substep_39] - Distance: 90.0000
((16,5),((28,(12,2)),(((((18,(25,(1,27))),((21,13),17)),23),(((14,(20,(4,(30,10)))),((19,6),24)),((26,3),29))),(((7,22),(8,(15,11))),9))));

STEP 42 [SPR_ClassicHeuristic_MC_RF -> NNI_Substep_40] - Distance: 89.0000
((16,5),((28,(12,2)),(((((18,(25,(1,27))),((21,13),17)),23),(((14,(20,(4,(30,10)))),((19,6),24)),((26,3),29))),((7,22),((8,(15,11)),9)))));

STEP 43 [SPR_ClassicHeuristic_MC_RF -> NNI_Substep_41] - Distance: 86.0000
((16,5),((28,(12,2)),(((((18,(25,(1,27))),((21,13),17)),23),(((14,(20,(4,(30,10)))),((19,6),24)),((26,3),29))),((7,22),((8,9),(15,11))))));

STEP 44 [SPR_ClassicHeuristic_MC_RF -> NNI_Substep_42] - Distance: 87.0000
((16,5),((28,(12,2)),(((((18,(25,(1,27))),((21,13),17)),23),(((14,(20,(4,(30,10)))),((19,6),24)),((26,3),29))),((7,22),(((8,9),11),15)))));

STEP 45 [SPR_ClassicHeuristic_MC_RF -> NNI_Substep_43] - Distance: 88.0000
((16,5),((28,(12,2)),(((((18,(25,(1,27))),((21,13),17)),23),(((14,(20,(4,(30,10)))),((19,6),24)),((26,3),29))),(((7,22),((8,9),11)),15))));

STEP 46 [SPR_ClassicHeuristic_MC_RF -> NNI_Substep_44] - Distance: 100.0000
((16,5),((28,(12,2)),((((((18,(25,(1,27))),((21,13),17)),23),(((14,(20,(4,(30,10)))),((19,6),24)),((26,3),29))),((7,22),((8,9),11))),15)));

STEP 47 [SPR_ClassicHeuristic_MC_RF -> NNI_Substep_45] - Distance: 100.0000
((16,5),(((28,(12,2)),(((((18,(25,(1,27))),((21,13),17)),23),(((14,(20,(4,(30,10)))),((19,6),24)),((26,3),29))),((7,22),((8,9),11)))),15));

STEP 48 [SPR_ClassicHeuristic_MC_RF -> NNI_Substep_46] - Distance: 85.0000
((16,5),(((28,(12,2)),15),(((((18,(25,(1,27))),((21,13),17)),23),(((14,(20,(4,(30,10)))),((19,6),24)),((26,3),29))),((7,22),((8,9),11)))));

STEP 49 [SPR_ClassicHeuristic_MC_RF -> NNI_Substep_47] - Distance: 82.0000
((16,5),(((28,15),(12,2)),(((((18,(25,(1,27))),((21,13),17)),23),(((14,(20,(4,(30,10)))),((19,6),24)),((26,3),29))),((7,22),((8,9),11)))));

STEP 50 [SPR_ClassicHeuristic_MC_RF -> NNI_Substep_48] - Distance: 96.0000
((16,5),(((12,2),(((((18,(25,(1,27))),((21,13),17)),23),(((14,(20,(4,(30,10)))),((19,6),24)),((26,3),29))),((7,22),((8,9),11)))),(28,15)));

STEP 51 [SPR_ClassicHeuristic_MC_RF -> NNI_Substep_49] - Distance: 75.0000
(((16,(28,15)),5),((12,2),(((((18,(25,(1,27))),((21,13),17)),23),(((14,(20,(4,(30,10)))),((19,6),24)),((26,3),29))),((7,22),((8,9),11)))));

STEP 52 [SPR_ClassicHeuristic_MC_RF -> NNI_Substep_50] - Distance: 81.0000
(((16,(28,15)),5),((12,2),(((((18,(25,(1,27))),((21,13),17)),(((14,(20,(4,(30,10)))),((19,6),24)),((26,3),29))),23),((7,22),((8,9),11)))));

STEP 53 [SPR_ClassicHeuristic_MC_RF -> NNI_Substep_51] - Distance: 83.0000
(((16,(28,15)),5),((12,2),(((((18,(25,(1,27))),((21,13),17)),(((14,(20,(4,(30,10)))),((19,6),24)),((26,3),29))),((7,22),((8,9),11))),23)));

STEP 54 [SPR_ClassicHeuristic_MC_RF -> NNI_Substep_52] - Distance: 74.0000
(((16,(28,15)),5),((12,2),((((18,(25,(1,27))),((21,13),17)),(((14,(20,(4,(30,10)))),((19,6),24)),((26,3),29))),(((7,22),((8,9),11)),23))));

STEP 55 [SPR_ClassicHeuristic_MC_RF -> NNI_Substep_53] - Distance: 72.0000
(((16,(28,15)),5),((12,2),((((18,(25,(1,27))),((21,13),17)),(((14,(20,(4,(30,10)))),((19,6),24)),((26,3),29))),(((7,22),23),((8,9),11)))));

STEP 56 [SPR_ClassicHeuristic_MC_RF -> NNI_Substep_54] - Distance: 70.0000
(((16,(28,15)),5),((12,2),((((18,(25,(1,27))),((21,13),17)),(((14,(20,(4,(30,10)))),((19,6),24)),((26,3),29))),((7,(22,23)),((8,9),11)))));

STEP 57 [SPR_ClassicHeuristic_MC_RF -> NNI_Substep_55] - Distance: 71.0000
(((16,(28,15)),5),((12,2),((((18,(25,(1,27))),((21,13),17)),(((14,(20,(4,(30,10)))),((19,6),24)),((26,3),29))),((7,((8,9),11)),(22,23)))));

STEP 58 [SPR_ClassicHeuristic_MC_RF -> NNI_Substep_56] - Distance: 79.0000
(((16,(28,15)),5),((12,2),(((((18,(25,(1,27))),((21,13),17)),(((14,(20,(4,(30,10)))),((19,6),24)),((26,3),29))),(7,((8,9),11))),(22,23))));

STEP 59 [SPR_ClassicHeuristic_MC_RF -> NNI_Substep_57] - Distance: 77.0000
(((16,(28,15)),5),(((12,2),((((18,(25,(1,27))),((21,13),17)),(((14,(20,(4,(30,10)))),((19,6),24)),((26,3),29))),(7,((8,9),11)))),(22,23)));

STEP 60 [SPR_ClassicHeuristic_MC_RF -> NNI_Substep_58] - Distance: 68.0000
((((16,(28,15)),5),(22,23)),((2,((((18,(25,(1,27))),((21,13),17)),(((14,(20,(4,(30,10)))),((19,6),24)),((26,3),29))),(7,((8,9),11)))),12));

STEP 61 [SPR_ClassicHeuristic_MC_RF -> NNI_Substep_59] - Distance: 66.0000
((((16,(28,15)),5),(22,23)),(2,(((((18,(25,(1,27))),((21,13),17)),(((14,(20,(4,(30,10)))),((19,6),24)),((26,3),29))),(7,((8,9),11))),12)));

STEP 62 [SPR_ClassicHeuristic_MC_RF -> NNI_Substep_60] - Distance: 63.0000
((((16,(28,15)),5),(22,23)),(2,(((((18,(25,(1,27))),((21,13),17)),(((14,(20,(4,(30,10)))),((19,6),24)),((26,3),29))),12),(7,((8,9),11)))));

STEP 63 [SPR_ClassicHeuristic_MC_RF -> NNI_Substep_61] - Distance: 55.0000
((((16,(28,15)),5),(22,23)),(2,(((((18,(25,(1,27))),((21,13),17)),12),(((14,(20,(4,(30,10)))),((19,6),24)),((26,3),29))),(7,((8,9),11)))));

STEP 64 [SPR_ClassicHeuristic_MC_RF -> NNI_Substep_62] - Distance: 55.0000
((((16,(28,15)),5),(22,23)),(2,(((((18,(25,(1,27))),12),((21,13),17)),(((14,(20,(4,(30,10)))),((19,6),24)),((26,3),29))),(7,((8,9),11)))));

STEP 65 [SPR_ClassicHeuristic_MC_RF -> NNI_Substep_63] - Distance: 53.0000
((((16,(28,15)),5),(22,23)),(2,((((18,((25,(1,27)),12)),((21,13),17)),(((14,(20,(4,(30,10)))),((19,6),24)),((26,3),29))),(7,((8,9),11)))));

STEP 66 [SPR_ClassicHeuristic_MC_RF -> NNI_Substep_64] - Distance: 51.0000
((((16,(28,15)),5),(22,23)),(2,((((18,(25,((1,27),12))),((21,13),17)),(((14,(20,(4,(30,10)))),((19,6),24)),((26,3),29))),(7,((8,9),11)))));

STEP 67 [SPR_ClassicHeuristic_MC_RF -> NNI_Substep_65] - Distance: 58.0000
((((16,(28,15)),5),(22,23)),(2,((((18,(25,((1,27),12))),((21,13),17)),((((14,(20,(4,(30,10)))),((19,6),24)),(26,3)),29)),(7,((8,9),11)))));

STEP 68 [SPR_ClassicHeuristic_MC_RF -> NNI_Substep_66] - Distance: 59.0000
((((16,(28,15)),5),(22,23)),(2,(((((18,(25,((1,27),12))),((21,13),17)),(((14,(20,(4,(30,10)))),((19,6),24)),(26,3))),29),(7,((8,9),11)))));

STEP 69 [SPR_ClassicHeuristic_MC_RF -> NNI_Substep_67] - Distance: 60.0000
((((16,(28,15)),5),(22,23)),(2,(((((18,(25,((1,27),12))),((21,13),17)),(((14,(20,(4,(30,10)))),((19,6),24)),(26,3))),(7,((8,9),11))),29)));

STEP 70 [SPR_ClassicHeuristic_MC_RF -> NNI_Substep_68] - Distance: 49.0000
((((16,(28,15)),5),(22,23)),(2,((((18,(25,((1,27),12))),((21,13),17)),(((14,(20,(4,(30,10)))),((19,6),24)),(26,3))),((7,((8,9),11)),29))));

STEP 71 [SPR_ClassicHeuristic_MC_RF -> NNI_Substep_69] - Distance: 47.0000
((((16,(28,15)),5),(22,23)),(2,((((18,(25,((1,27),12))),((21,13),17)),(((14,(20,(4,(30,10)))),((19,6),24)),(26,3))),((7,29),((8,9),11)))));

STEP 72 [SPR_ClassicHeuristic_MC_RF -> NNI_Substep_70] - Distance: 51.0000
((((16,(28,15)),5),(22,23)),(2,(((((18,(25,((1,27),12))),(21,13)),17),(((14,(20,(4,(30,10)))),((19,6),24)),(26,3))),((7,29),((8,9),11)))));

STEP 73 [SPR_ClassicHeuristic_MC_RF -> NNI_Substep_71] - Distance: 56.0000
((((16,(28,15)),5),(22,23)),(2,(((((18,(25,((1,27),12))),(21,13)),(((14,(20,(4,(30,10)))),((19,6),24)),(26,3))),17),((7,29),((8,9),11)))));

STEP 74 [SPR_ClassicHeuristic_MC_RF -> NNI_Substep_72] - Distance: 52.0000
((((16,(28,15)),5),(22,23)),(2,((((18,(25,((1,27),12))),(21,13)),((((14,(20,(4,(30,10)))),((19,6),24)),(26,3)),17)),((7,29),((8,9),11)))));

STEP 75 [SPR_ClassicHeuristic_MC_RF -> NNI_Substep_73] - Distance: 47.0000
((((16,(28,15)),5),(22,23)),(2,((((18,(25,((1,27),12))),(21,13)),(((14,(20,(4,(30,10)))),((19,6),24)),((26,3),17))),((7,29),((8,9),11)))));

STEP 76 [SPR_ClassicHeuristic_MC_RF -> NNI_Substep_74] - Distance: 45.0000
((((16,(28,15)),5),(22,23)),(2,((((18,(25,((1,27),12))),(21,13)),(((14,(20,(4,(30,10)))),((19,6),24)),(26,(3,17)))),((7,29),((8,9),11)))));

STEP 77 [SPR_ClassicHeuristic_MC_RF -> NNI_Substep_75] - Distance: 49.0000
((((16,(28,15)),5),(22,23)),(2,((((18,(25,((1,27),12))),(21,13)),((((14,(20,(4,(30,10)))),(19,6)),24),(26,(3,17)))),((7,29),((8,9),11)))));

STEP 78 [SPR_ClassicHeuristic_MC_RF -> NNI_Substep_76] - Distance: 49.0000
((((16,(28,15)),5),(22,23)),(2,((((18,(25,((1,27),12))),(21,13)),((((14,(20,(4,(30,10)))),(19,6)),(26,(3,17))),24)),((7,29),((8,9),11)))));

STEP 79 [SPR_ClassicHeuristic_MC_RF -> NNI_Substep_77] - Distance: 53.0000
((((16,(28,15)),5),(22,23)),(2,(((((18,(25,((1,27),12))),(21,13)),(((14,(20,(4,(30,10)))),(19,6)),(26,(3,17)))),24),((7,29),((8,9),11)))));

STEP 80 [SPR_ClassicHeuristic_MC_RF -> NNI_Substep_78] - Distance: 44.0000
((((16,(28,15)),5),(22,23)),(2,(((((18,(25,((1,27),12))),(21,13)),24),(((14,(20,(4,(30,10)))),(19,6)),(26,(3,17)))),((7,29),((8,9),11)))));

STEP 81 [SPR_ClassicHeuristic_MC_RF -> NNI_Substep_79] - Distance: 38.0000
((((16,(28,15)),5),(22,23)),(2,((((18,(25,((1,27),12))),((21,13),24)),(((14,(20,(4,(30,10)))),(19,6)),(26,(3,17)))),((7,29),((8,9),11)))));

STEP 82 [SPR_ClassicHeuristic_MC_RF -> NNI_Substep_80] - Distance: 38.0000
((((16,(28,15)),5),(22,23)),(2,(((((18,((1,27),12)),25),((21,13),24)),(((14,(20,(4,(30,10)))),(19,6)),(26,(3,17)))),((7,29),((8,9),11)))));

STEP 83 [SPR_ClassicHeuristic_MC_RF -> NNI_Substep_81] - Distance: 34.0000
((((16,(28,15)),5),(22,23)),(2,(((((18,((1,27),12)),((21,13),24)),25),(((14,(20,(4,(30,10)))),(19,6)),(26,(3,17)))),((7,29),((8,9),11)))));

STEP 84 [SPR_ClassicHeuristic_MC_RF -> NNI_Substep_82] - Distance: 41.0000
((((16,(28,15)),5),(22,23)),(2,(((((18,((1,27),12)),((21,13),24)),(((14,(20,(4,(30,10)))),(19,6)),(26,(3,17)))),25),((7,29),((8,9),11)))));

STEP 85 [SPR_ClassicHeuristic_MC_RF -> NNI_Substep_83] - Distance: 43.0000
((((16,(28,15)),5),(22,23)),(2,((((18,((1,27),12)),((21,13),24)),((((14,(20,(4,(30,10)))),(19,6)),(26,(3,17))),25)),((7,29),((8,9),11)))));

STEP 86 [SPR_ClassicHeuristic_MC_RF -> NNI_Substep_84] - Distance: 43.0000
((((16,(28,15)),5),(22,23)),(2,((((18,((1,27),12)),((21,13),24)),((((14,(20,(4,(30,10)))),(19,6)),25),(26,(3,17)))),((7,29),((8,9),11)))));

STEP 87 [SPR_ClassicHeuristic_MC_RF -> NNI_Substep_85] - Distance: 40.0000
((((16,(28,15)),5),(22,23)),(2,((((18,((1,27),12)),((21,13),24)),((((14,(20,(4,(30,10)))),25),(19,6)),(26,(3,17)))),((7,29),((8,9),11)))));

STEP 88 [SPR_ClassicHeuristic_MC_RF -> NNI_Substep_86] - Distance: 38.0000
((((16,(28,15)),5),(22,23)),(2,((((18,((1,27),12)),((21,13),24)),(((14,((20,(4,(30,10))),25)),(19,6)),(26,(3,17)))),((7,29),((8,9),11)))));

STEP 89 [SPR_ClassicHeuristic_MC_RF -> NNI_Substep_87] - Distance: 38.0000
((((16,(28,15)),5),(22,23)),(2,((((18,((1,27),12)),((21,13),24)),(((14,(20,((4,(30,10)),25))),(19,6)),(26,(3,17)))),((7,29),((8,9),11)))));

STEP 90 [SPR_ClassicHeuristic_MC_RF -> NNI_Substep_88] - Distance: 38.0000
((((16,(28,15)),5),(22,23)),(2,((((18,((1,27),12)),((21,13),24)),((((14,((4,(30,10)),25)),20),(19,6)),(26,(3,17)))),((7,29),((8,9),11)))));

STEP 91 [SPR_ClassicHeuristic_MC_RF -> NNI_Substep_89] - Distance: 39.0000
((((16,(28,15)),5),(22,23)),(2,((((18,((1,27),12)),((21,13),24)),((((14,((4,(30,10)),25)),(19,6)),20),(26,(3,17)))),((7,29),((8,9),11)))));

STEP 92 [SPR_ClassicHeuristic_MC_RF -> NNI_Substep_90] - Distance: 37.0000
((((16,(28,15)),5),(22,23)),(2,((((18,((1,27),12)),((21,13),24)),((((14,((4,(30,10)),25)),(19,6)),(26,(3,17))),20)),((7,29),((8,9),11)))));

STEP 93 [SPR_ClassicHeuristic_MC_RF -> NNI_Substep_91] - Distance: 33.0000
((((16,(28,15)),5),(22,23)),(2,(((((18,((1,27),12)),((21,13),24)),(((14,((4,(30,10)),25)),(19,6)),(26,(3,17)))),20),((7,29),((8,9),11)))));

STEP 94 [SPR_ClassicHeuristic_MC_RF -> NNI_Substep_92] - Distance: 35.0000
((((16,(28,15)),5),(22,23)),(2,(((((18,((1,27),12)),((21,13),24)),(((14,((4,(30,10)),25)),(19,6)),(26,(3,17)))),((7,29),((8,9),11))),20)));

STEP 95 [SPR_ClassicHeuristic_MC_RF -> NNI_Substep_93] - Distance: 33.0000
((((16,(28,15)),5),(22,23)),(2,((((18,((1,27),12)),((21,13),24)),(((14,((4,(30,10)),25)),(19,6)),(26,(3,17)))),(((7,29),((8,9),11)),20))));

STEP 96 [SPR_ClassicHeuristic_MC_RF -> NNI_Substep_94] - Distance: 30.0000
((((16,(28,15)),5),(22,23)),(2,((((18,((1,27),12)),((21,13),24)),(((14,((4,(30,10)),25)),(19,6)),(26,(3,17)))),((7,29),(((8,9),11),20)))));

STEP 97 [SPR_ClassicHeuristic_MC_RF -> NNI_Substep_95] - Distance: 30.0000
((((16,(28,15)),5),(22,23)),(2,((((18,((1,27),12)),((21,13),24)),(((14,((4,(30,10)),25)),(19,6)),(26,(3,17)))),((7,29),(((8,9),20),11)))));

STEP 98 [SPR_ClassicHeuristic_MC_RF -> NNI_Substep_96] - Distance: 29.0000
((((16,(28,15)),5),(22,23)),(2,((((18,((1,27),12)),((21,13),24)),(((14,((4,(30,10)),25)),(19,6)),(26,(3,17)))),(((7,29),11),((8,9),20)))));

STEP 99 [SPR_ClassicHeuristic_MC_RF -> NNI_Substep_97] - Distance: 33.0000
((((16,(28,15)),5),(22,23)),(2,(((((18,((1,27),12)),((21,13),24)),(((14,((4,(30,10)),25)),(19,6)),(26,(3,17)))),((7,29),11)),((8,9),20))));

STEP 100 [SPR_ClassicHeuristic_MC_RF -> NNI_Substep_98] - Distance: 31.0000
((((16,(28,15)),5),(22,23)),((2,((((18,((1,27),12)),((21,13),24)),(((14,((4,(30,10)),25)),(19,6)),(26,(3,17)))),((7,29),11))),((8,9),20)));

STEP 101 [SPR_ClassicHeuristic_MC_RF -> NNI_Substep_99] - Distance: 22.0000
((((16,(28,15)),5),(22,23)),((2,((8,9),20)),((((18,((1,27),12)),((21,13),24)),(((14,((4,(30,10)),25)),(19,6)),(26,(3,17)))),((7,29),11))));

STEP 102 [SPR_ClassicHeuristic_MC_RF -> NNI_Substep_100] - Distance: 24.0000
((((16,(28,15)),5),(22,23)),((2,((8,9),20)),(((((18,((1,27),12)),((21,13),24)),(((14,((4,(30,10)),25)),(19,6)),(26,(3,17)))),(7,29)),11)));

STEP 103 [SPR_ClassicHeuristic_MC_RF -> NNI_Substep_101] - Distance: 21.0000
((((16,(28,15)),5),(22,23)),((2,((8,9),20)),(((((18,((1,27),12)),((21,13),24)),(((14,((4,(30,10)),25)),(19,6)),(26,(3,17)))),11),(7,29))));

STEP 104 [SPR_ClassicHeuristic_MC_RF -> NNI_Substep_102] - Distance: 23.0000
((((16,(28,15)),5),(22,23)),((2,((8,9),20)),((((18,((1,27),12)),((21,13),24)),((((14,((4,(30,10)),25)),(19,6)),(26,(3,17))),11)),(7,29))));

STEP 105 [SPR_ClassicHeuristic_MC_RF -> NNI_Substep_103] - Distance: 23.0000
((((16,(28,15)),5),(22,23)),((2,((8,9),20)),((((18,((1,27),12)),((21,13),24)),((((14,((4,(30,10)),25)),(19,6)),11),(26,(3,17)))),(7,29))));

STEP 106 [SPR_ClassicHeuristic_MC_RF -> NNI_Substep_104] - Distance: 22.0000
((((16,(28,15)),5),(22,23)),((2,((8,9),20)),((((18,((1,27),12)),((21,13),24)),((((14,((4,(30,10)),25)),11),(19,6)),(26,(3,17)))),(7,29))));

STEP 107 [SPR_ClassicHeuristic_MC_RF -> NNI_Substep_105] - Distance: 25.0000
((((16,(28,15)),5),(22,23)),((2,((8,9),20)),((((18,((1,27),12)),((21,13),24)),(((((14,((4,(30,10)),25)),11),(19,6)),(3,17)),26)),(7,29))));

STEP 108 [SPR_ClassicHeuristic_MC_RF -> NNI_Substep_106] - Distance: 23.0000
((((16,(28,15)),5),(22,23)),((2,((8,9),20)),(((((18,((1,27),12)),((21,13),24)),((((14,((4,(30,10)),25)),11),(19,6)),(3,17))),26),(7,29))));

STEP 109 [SPR_ClassicHeuristic_MC_RF -> NNI_Substep_107] - Distance: 12.0000
((((16,(28,15)),5),(22,23)),((2,((8,9),20)),(((((18,((1,27),12)),((21,13),24)),26),((((14,((4,(30,10)),25)),11),(19,6)),(3,17))),(7,29))));

STEP 110 [SPR_ClassicHeuristic_MC_RF -> NNI_Substep_108] - Distance: 4.0000
((((16,(28,15)),5),(22,23)),((2,((8,9),20)),(((((18,((1,27),12)),((21,13),24)),26),(((19,6),(3,17)),((14,((4,(30,10)),25)),11))),(7,29))));

STEP 111 [SPR_ClassicHeuristic_MC_RF -> NNI_Substep_109] - Distance: 0.0000
((((16,(28,15)),5),(22,23)),((2,((8,9),20)),(((((((1,27),12),((21,13),24)),18),26),(((19,6),(3,17)),((14,((4,(30,10)),25)),11))),(7,29))));

========================================================
[FINAL] Total Steps: 111 | Final Distance: 0.0000
========================================================
