========================================================
HEURISTIC TRAJECTORY: VND Classic (MS_RF)
========================================================
STEP 0 [START] - Distance: 142.0000
(((13,(29,(17,(28,(19,5))))),(15,(11,2))),(3,14),(((26,((6,(25,22)),(7,18))),(1,((((8,(12,4)),(27,(23,9))),(30,20)),(24,21)))),(10,16)));

STEP 1 [NNI_ClassicHeuristic_MS_RF -> NNI_Substep_1] - Distance: 137.0000
(((13,(29,(17,(28,(19,5))))),(15,(11,2))),(3,14),(((26,((6,(25,22)),(7,18))),((((8,(12,4)),(27,(23,9))),(30,20)),(1,(24,21)))),(10,16)));

STEP 2 [NNI_ClassicHeuristic_MS_RF -> NNI_Substep_2] - Distance: 132.0000
((10,16),(3,14),(((26,((6,(25,22)),(7,18))),((((8,(12,4)),(27,(23,9))),(30,20)),(1,(24,21)))),((13,(29,(17,(28,(19,5))))),(15,(11,2)))));

STEP 3 [NNI_ClassicHeuristic_MS_RF -> NNI_Substep_3] - Distance: 127.0000
((10,16),(3,14),(((26,((6,(25,22)),(7,18))),((((8,(12,4)),(27,(23,9))),(30,20)),(1,(24,21)))),(((17,(28,(19,5))),(29,13)),(15,(11,2)))));

STEP 4 [NNI_ClassicHeuristic_MS_RF -> NNI_Substep_4] - Distance: 125.0000
((10,16),(3,14),((((6,(25,22)),(26,(7,18))),((((8,(12,4)),(27,(23,9))),(30,20)),(1,(24,21)))),(((17,(28,(19,5))),(29,13)),(15,(11,2)))));

STEP 5 [NNI_ClassicHeuristic_MS_RF -> NNI_Substep_5] - Distance: 123.0000
((10,16),(3,14),((15,(11,2)),(((17,(28,(19,5))),(29,13)),(((6,(25,22)),(26,(7,18))),((((8,(12,4)),(27,(23,9))),(30,20)),(1,(24,21)))))));

STEP 6 [NNI_ClassicHeuristic_MS_RF -> NNI_Substep_6] - Distance: 122.0000
((10,16),(3,14),((15,(11,2)),(((17,(29,13)),(28,(19,5))),(((6,(25,22)),(26,(7,18))),((((8,(12,4)),(27,(23,9))),(30,20)),(1,(24,21)))))));

STEP 7 [NNI_ClassicHeuristic_MS_RF -> NNI_Substep_7] - Distance: 121.0000
((10,16),(3,14),((15,(11,2)),(((17,(29,13)),(28,(19,5))),(((6,(25,22)),(26,(7,18))),((((30,20),(27,(23,9))),(8,(12,4))),(1,(24,21)))))));

STEP 8 [NNI_ClassicHeuristic_MS_RF -> NNI_Substep_8] - Distance: 120.0000
((10,16),(3,14),((15,(11,2)),(((((30,20),(27,(23,9))),(8,(12,4))),(1,(24,21))),(((6,(25,22)),(26,(7,18))),((17,(29,13)),(28,(19,5)))))));

STEP 9 [NNI_ClassicHeuristic_MS_RF -> NNI_Substep_9] - Distance: 119.0000
((10,16),(3,14),((15,(11,2)),(((((30,20),(27,(23,9))),(8,(12,4))),(1,(24,21))),((17,(29,13)),(((6,(25,22)),(26,(7,18))),(28,(19,5)))))));

STEP 10 [NNI_ClassicHeuristic_MS_RF -> NNI_Substep_10] - Distance: 118.0000
((10,16),(3,14),((15,(11,2)),(((((30,20),(27,(23,9))),(8,(12,4))),((17,(29,13)),(((6,(25,22)),(26,(7,18))),(28,(19,5))))),(1,(24,21)))));

STEP 11 [NNI_ClassicHeuristic_MS_RF -> NNI_Substep_11] - Distance: 115.0000
((10,16),(3,14),(((((30,20),(27,(23,9))),(8,(12,4))),((17,(29,13)),(((6,(25,22)),(26,(7,18))),(28,(19,5))))),((15,(11,2)),(1,(24,21)))));

STEP 12 [uSPR_ClassicHeuristic_null_MS_RF -> NNI_Substep_1] - Distance: 116.0000
(10,(3,14),((((((30,20),(27,(23,9))),(8,(12,4))),((17,(29,13)),(((6,(25,22)),(26,(7,18))),(28,(19,5))))),((15,(11,2)),(1,(24,21)))),16));

STEP 13 [uSPR_ClassicHeuristic_null_MS_RF -> NNI_Substep_2] - Distance: 119.0000
(10,(3,14),((((((30,20),(27,(23,9))),(8,(12,4))),((17,(29,13)),(((6,(25,22)),(26,(7,18))),(28,(19,5))))),16),((15,(11,2)),(1,(24,21)))));

STEP 14 [uSPR_ClassicHeuristic_null_MS_RF -> NNI_Substep_3] - Distance: 120.0000
(10,(3,14),(((((30,20),(27,(23,9))),(8,(12,4))),(((17,(29,13)),(((6,(25,22)),(26,(7,18))),(28,(19,5)))),16)),((15,(11,2)),(1,(24,21)))));

STEP 15 [uSPR_ClassicHeuristic_null_MS_RF -> NNI_Substep_4] - Distance: 112.0000
(10,(3,14),(((((30,20),(27,(23,9))),(8,(12,4))),(((17,(29,13)),16),(((6,(25,22)),(26,(7,18))),(28,(19,5))))),((15,(11,2)),(1,(24,21)))));

STEP 16 [uSPR_ClassicHeuristic_null_MS_RF -> NNI_Substep_5] - Distance: 110.0000
(10,(3,14),(((((30,20),(27,(23,9))),(8,(12,4))),((17,((29,13),16)),(((6,(25,22)),(26,(7,18))),(28,(19,5))))),((15,(11,2)),(1,(24,21)))));

STEP 17 [uSPR_ClassicHeuristic_null_MS_RF -> NNI_Substep_6] - Distance: 108.0000
(10,(3,14),(((((30,20),(27,(23,9))),(8,(12,4))),((17,(29,(13,16))),(((6,(25,22)),(26,(7,18))),(28,(19,5))))),((15,(11,2)),(1,(24,21)))));

STEP 18 [uSPR_ClassicHeuristic_null_MS_RF -> NNI_Substep_7] - Distance: 108.0000
(10,(3,14),(((((30,20),(27,(23,9))),((8,12),4)),((17,(29,(13,16))),(((6,(25,22)),(26,(7,18))),(28,(19,5))))),((15,(11,2)),(1,(24,21)))));

STEP 19 [uSPR_ClassicHeuristic_null_MS_RF -> NNI_Substep_8] - Distance: 112.0000
(10,(3,14),((((((30,20),(27,(23,9))),(8,12)),4),((17,(29,(13,16))),(((6,(25,22)),(26,(7,18))),(28,(19,5))))),((15,(11,2)),(1,(24,21)))));

STEP 20 [uSPR_ClassicHeuristic_null_MS_RF -> NNI_Substep_9] - Distance: 112.0000
(10,(3,14),((((((30,20),(27,(23,9))),(8,12)),((17,(29,(13,16))),(((6,(25,22)),(26,(7,18))),(28,(19,5))))),4),((15,(11,2)),(1,(24,21)))));

STEP 21 [uSPR_ClassicHeuristic_null_MS_RF -> NNI_Substep_10] - Distance: 112.0000
(10,(3,14),(((((30,20),(27,(23,9))),(8,12)),(((17,(29,(13,16))),(((6,(25,22)),(26,(7,18))),(28,(19,5)))),4)),((15,(11,2)),(1,(24,21)))));

STEP 22 [uSPR_ClassicHeuristic_null_MS_RF -> NNI_Substep_11] - Distance: 106.0000
(10,(3,14),(((((30,20),(27,(23,9))),(8,12)),(((17,(29,(13,16))),4),(((6,(25,22)),(26,(7,18))),(28,(19,5))))),((15,(11,2)),(1,(24,21)))));

STEP 23 [uSPR_ClassicHeuristic_null_MS_RF -> NNI_Substep_12] - Distance: 102.0000
(10,(3,14),(((((30,20),(27,(23,9))),(8,12)),(((17,4),(29,(13,16))),(((6,(25,22)),(26,(7,18))),(28,(19,5))))),((15,(11,2)),(1,(24,21)))));

STEP 24 [uSPR_ClassicHeuristic_null_MS_RF -> NNI_Substep_13] - Distance: 102.0000
(10,3,((((((30,20),(27,(23,9))),(8,12)),(((17,4),(29,(13,16))),(((6,(25,22)),(26,(7,18))),(28,(19,5))))),((15,(11,2)),(1,(24,21)))),14));

STEP 25 [uSPR_ClassicHeuristic_null_MS_RF -> NNI_Substep_14] - Distance: 102.0000
(10,3,(((((30,20),(27,(23,9))),(8,12)),(((17,4),(29,(13,16))),(((6,(25,22)),(26,(7,18))),(28,(19,5))))),(((15,(11,2)),(1,(24,21))),14)));

STEP 26 [uSPR_ClassicHeuristic_null_MS_RF -> NNI_Substep_15] - Distance: 100.0000
(10,3,(((((30,20),(27,(23,9))),(8,12)),(((17,4),(29,(13,16))),(((6,(25,22)),(26,(7,18))),(28,(19,5))))),((15,(11,2)),((1,(24,21)),14))));

STEP 27 [uSPR_ClassicHeuristic_null_MS_RF -> NNI_Substep_16] - Distance: 97.0000
(10,3,(((((30,20),(27,(23,9))),(8,12)),(((17,4),(29,(13,16))),(((6,(25,22)),(26,(7,18))),(28,(19,5))))),((15,(11,2)),((1,14),(24,21)))));

STEP 28 [uSPR_ClassicHeuristic_null_MS_RF -> NNI_Substep_17] - Distance: 97.0000
(10,3,(((((30,20),((27,9),23)),(8,12)),(((17,4),(29,(13,16))),(((6,(25,22)),(26,(7,18))),(28,(19,5))))),((15,(11,2)),((1,14),(24,21)))));

STEP 29 [uSPR_ClassicHeuristic_null_MS_RF -> NNI_Substep_18] - Distance: 100.0000
(10,3,((((((30,20),(27,9)),23),(8,12)),(((17,4),(29,(13,16))),(((6,(25,22)),(26,(7,18))),(28,(19,5))))),((15,(11,2)),((1,14),(24,21)))));

STEP 30 [uSPR_ClassicHeuristic_null_MS_RF -> NNI_Substep_19] - Distance: 101.0000
(10,3,((((((30,20),(27,9)),(8,12)),23),(((17,4),(29,(13,16))),(((6,(25,22)),(26,(7,18))),(28,(19,5))))),((15,(11,2)),((1,14),(24,21)))));

STEP 31 [uSPR_ClassicHeuristic_null_MS_RF -> NNI_Substep_20] - Distance: 98.0000
(10,3,((((((30,20),(27,9)),(8,12)),(((17,4),(29,(13,16))),(((6,(25,22)),(26,(7,18))),(28,(19,5))))),23),((15,(11,2)),((1,14),(24,21)))));

STEP 32 [uSPR_ClassicHeuristic_null_MS_RF -> NNI_Substep_21] - Distance: 96.0000
(10,3,((((((30,20),(27,9)),(8,12)),(((17,4),(29,(13,16))),(((6,(25,22)),(26,(7,18))),(28,(19,5))))),((15,(11,2)),((1,14),(24,21)))),23));

STEP 33 [uSPR_ClassicHeuristic_null_MS_RF -> NNI_Substep_22] - Distance: 95.0000
(10,3,(((((30,20),(27,9)),(8,12)),(((17,4),(29,(13,16))),(((6,(25,22)),(26,(7,18))),(28,(19,5))))),(((15,(11,2)),((1,14),(24,21))),23)));

STEP 34 [uSPR_ClassicHeuristic_null_MS_RF -> NNI_Substep_23] - Distance: 93.0000
(10,3,(((((30,20),(27,9)),(8,12)),(((17,4),(29,(13,16))),(((6,(25,22)),(26,(7,18))),(28,(19,5))))),((15,(11,2)),(((1,14),(24,21)),23))));

STEP 35 [uSPR_ClassicHeuristic_null_MS_RF -> NNI_Substep_24] - Distance: 90.0000
(10,3,(((((30,20),(27,9)),(8,12)),(((17,4),(29,(13,16))),(((6,(25,22)),(26,(7,18))),(28,(19,5))))),((15,(11,2)),(((1,14),23),(24,21)))));

STEP 36 [uSPR_ClassicHeuristic_null_MS_RF -> NNI_Substep_25] - Distance: 92.0000
(10,3,(((((30,20),(27,9)),(8,12)),(((17,4),(29,(13,16))),((((6,(25,22)),(7,18)),26),(28,(19,5))))),((15,(11,2)),(((1,14),23),(24,21)))));

STEP 37 [uSPR_ClassicHeuristic_null_MS_RF -> NNI_Substep_26] - Distance: 94.0000
(10,3,(((((30,20),(27,9)),(8,12)),(((17,4),(29,(13,16))),((((6,(25,22)),(7,18)),(28,(19,5))),26))),((15,(11,2)),(((1,14),23),(24,21)))));

STEP 38 [uSPR_ClassicHeuristic_null_MS_RF -> NNI_Substep_27] - Distance: 90.0000
(10,3,(((((30,20),(27,9)),(8,12)),((((17,4),(29,(13,16))),(((6,(25,22)),(7,18)),(28,(19,5)))),26)),((15,(11,2)),(((1,14),23),(24,21)))));

STEP 39 [uSPR_ClassicHeuristic_null_MS_RF -> NNI_Substep_28] - Distance: 87.0000
(10,3,((((((30,20),(27,9)),(8,12)),(((17,4),(29,(13,16))),(((6,(25,22)),(7,18)),(28,(19,5))))),26),((15,(11,2)),(((1,14),23),(24,21)))));

STEP 40 [uSPR_ClassicHeuristic_null_MS_RF -> NNI_Substep_29] - Distance: 86.0000
(10,3,((((((30,20),(27,9)),(8,12)),(((17,4),(29,(13,16))),(((6,(25,22)),(7,18)),(28,(19,5))))),((15,(11,2)),(((1,14),23),(24,21)))),26));

STEP 41 [uSPR_ClassicHeuristic_null_MS_RF -> NNI_Substep_30] - Distance: 84.0000
(10,3,(((((30,20),(27,9)),(8,12)),(((17,4),(29,(13,16))),(((6,(25,22)),(7,18)),(28,(19,5))))),(((15,(11,2)),(((1,14),23),(24,21))),26)));

STEP 42 [uSPR_ClassicHeuristic_null_MS_RF -> NNI_Substep_31] - Distance: 82.0000
(10,3,(((((30,20),(27,9)),(8,12)),(((17,4),(29,(13,16))),(((6,(25,22)),(7,18)),(28,(19,5))))),((15,(11,2)),((((1,14),23),(24,21)),26))));

STEP 43 [uSPR_ClassicHeuristic_null_MS_RF -> NNI_Substep_32] - Distance: 79.0000
(10,3,(((((30,20),(27,9)),(8,12)),(((17,4),(29,(13,16))),(((6,(25,22)),(7,18)),(28,(19,5))))),((15,(11,2)),((((1,14),23),26),(24,21)))));

STEP 44 [uSPR_ClassicHeuristic_null_MS_RF -> NNI_Substep_33] - Distance: 80.0000
(10,3,((((((30,20),9),27),(8,12)),(((17,4),(29,(13,16))),(((6,(25,22)),(7,18)),(28,(19,5))))),((15,(11,2)),((((1,14),23),26),(24,21)))));

STEP 45 [uSPR_ClassicHeuristic_null_MS_RF -> NNI_Substep_34] - Distance: 81.0000
(10,3,((((((30,20),9),(8,12)),27),(((17,4),(29,(13,16))),(((6,(25,22)),(7,18)),(28,(19,5))))),((15,(11,2)),((((1,14),23),26),(24,21)))));

STEP 46 [uSPR_ClassicHeuristic_null_MS_RF -> NNI_Substep_35] - Distance: 77.0000
(10,3,((((((30,20),9),(8,12)),(((17,4),(29,(13,16))),(((6,(25,22)),(7,18)),(28,(19,5))))),27),((15,(11,2)),((((1,14),23),26),(24,21)))));

STEP 47 [uSPR_ClassicHeuristic_null_MS_RF -> NNI_Substep_36] - Distance: 77.0000
(10,3,((((((30,20),9),(8,12)),(((17,4),(29,(13,16))),(((6,(25,22)),(7,18)),(28,(19,5))))),((15,(11,2)),((((1,14),23),26),(24,21)))),27));

STEP 48 [uSPR_ClassicHeuristic_null_MS_RF -> NNI_Substep_37] - Distance: 74.0000
(10,3,(((((30,20),9),(8,12)),(((17,4),(29,(13,16))),(((6,(25,22)),(7,18)),(28,(19,5))))),(((15,(11,2)),((((1,14),23),26),(24,21))),27)));

STEP 49 [uSPR_ClassicHeuristic_null_MS_RF -> NNI_Substep_38] - Distance: 72.0000
(10,3,(((((30,20),9),(8,12)),(((17,4),(29,(13,16))),(((6,(25,22)),(7,18)),(28,(19,5))))),((15,(11,2)),(((((1,14),23),26),(24,21)),27))));

STEP 50 [uSPR_ClassicHeuristic_null_MS_RF -> NNI_Substep_39] - Distance: 69.0000
(10,3,(((((30,20),9),(8,12)),(((17,4),(29,(13,16))),(((6,(25,22)),(7,18)),(28,(19,5))))),((15,(11,2)),(((((1,14),23),26),27),(24,21)))));

STEP 51 [uSPR_ClassicHeuristic_null_MS_RF -> NNI_Substep_40] - Distance: 70.0000
(10,3,(((((30,20),9),(8,12)),(((17,4),(29,(13,16))),((((25,22),(7,18)),6),(28,(19,5))))),((15,(11,2)),(((((1,14),23),26),27),(24,21)))));

STEP 52 [uSPR_ClassicHeuristic_null_MS_RF -> NNI_Substep_41] - Distance: 72.0000
(10,3,(((((30,20),9),(8,12)),(((17,4),(29,(13,16))),((((25,22),(7,18)),(28,(19,5))),6))),((15,(11,2)),(((((1,14),23),26),27),(24,21)))));

STEP 53 [uSPR_ClassicHeuristic_null_MS_RF -> NNI_Substep_42] - Distance: 74.0000
(10,3,(((((30,20),9),(8,12)),((((17,4),(29,(13,16))),(((25,22),(7,18)),(28,(19,5)))),6)),((15,(11,2)),(((((1,14),23),26),27),(24,21)))));

STEP 54 [uSPR_ClassicHeuristic_null_MS_RF -> NNI_Substep_43] - Distance: 74.0000
(10,3,((((((30,20),9),(8,12)),(((17,4),(29,(13,16))),(((25,22),(7,18)),(28,(19,5))))),6),((15,(11,2)),(((((1,14),23),26),27),(24,21)))));

STEP 55 [uSPR_ClassicHeuristic_null_MS_RF -> NNI_Substep_44] - Distance: 67.0000
(10,3,((((((30,20),9),(8,12)),6),(((17,4),(29,(13,16))),(((25,22),(7,18)),(28,(19,5))))),((15,(11,2)),(((((1,14),23),26),27),(24,21)))));

STEP 56 [uSPR_ClassicHeuristic_null_MS_RF -> NNI_Substep_45] - Distance: 66.0000
(10,3,((((((30,20),9),6),(8,12)),(((17,4),(29,(13,16))),(((25,22),(7,18)),(28,(19,5))))),((15,(11,2)),(((((1,14),23),26),27),(24,21)))));

STEP 57 [uSPR_ClassicHeuristic_null_MS_RF -> NNI_Substep_46] - Distance: 66.0000
(10,3,((((((30,20),6),9),(8,12)),(((17,4),(29,(13,16))),(((25,22),(7,18)),(28,(19,5))))),((15,(11,2)),(((((1,14),23),26),27),(24,21)))));

STEP 58 [uSPR_ClassicHeuristic_null_MS_RF -> NNI_Substep_47] - Distance: 64.0000
(10,3,(((((30,(20,6)),9),(8,12)),(((17,4),(29,(13,16))),(((25,22),(7,18)),(28,(19,5))))),((15,(11,2)),(((((1,14),23),26),27),(24,21)))));

STEP 59 [uSPR_ClassicHeuristic_null_MS_RF -> NNI_Substep_48] - Distance: 63.0000
(10,3,(((((30,9),(20,6)),(8,12)),(((17,4),(29,(13,16))),(((25,22),(7,18)),(28,(19,5))))),((15,(11,2)),(((((1,14),23),26),27),(24,21)))));

STEP 60 [uSPR_ClassicHeuristic_null_MS_RF -> NNI_Substep_49] - Distance: 63.0000
(10,3,(((((30,9),(8,12)),(20,6)),(((17,4),(29,(13,16))),(((25,22),(7,18)),(28,(19,5))))),((15,(11,2)),(((((1,14),23),26),27),(24,21)))));

STEP 61 [uSPR_ClassicHeuristic_null_MS_RF -> NNI_Substep_50] - Distance: 69.0000
(10,3,(((((30,9),(8,12)),(((17,4),(29,(13,16))),(((25,22),(7,18)),(28,(19,5))))),(20,6)),((15,(11,2)),(((((1,14),23),26),27),(24,21)))));

STEP 62 [uSPR_ClassicHeuristic_null_MS_RF -> NNI_Substep_51] - Distance: 59.0000
(10,3,(((((30,9),(8,12)),(((17,4),(29,(13,16))),(((25,22),(7,18)),(28,(19,5))))),((15,(11,2)),(((((1,14),23),26),27),(24,21)))),(20,6)));

STEP 63 [uSPR_ClassicHeuristic_null_MS_RF -> NNI_Substep_52] - Distance: 65.0000
(10,3,((((30,9),(8,12)),(((17,4),(29,(13,16))),(((25,22),(7,18)),(28,(19,5))))),(((15,(11,2)),(((((1,14),23),26),27),(24,21))),(20,6))));

STEP 64 [uSPR_ClassicHeuristic_null_MS_RF -> NNI_Substep_53] - Distance: 60.0000
(10,3,((((30,9),(8,12)),(((17,4),(29,(13,16))),(((25,22),(7,18)),(28,(19,5))))),(((15,(11,2)),(20,6)),(((((1,14),23),26),27),(24,21)))));

STEP 65 [uSPR_ClassicHeuristic_null_MS_RF -> NNI_Substep_54] - Distance: 56.0000
(10,3,((((30,9),(8,12)),(((17,4),(29,(13,16))),(((25,22),(7,18)),(28,(19,5))))),(((15,(20,6)),(11,2)),(((((1,14),23),26),27),(24,21)))));

STEP 66 [uSPR_ClassicHeuristic_null_MS_RF -> NNI_Substep_55] - Distance: 58.0000
(10,3,((((30,9),(8,12)),(((17,4),(29,(13,16))),(((25,22),(7,18)),(28,(19,5))))),((((15,(20,6)),2),11),(((((1,14),23),26),27),(24,21)))));

STEP 67 [uSPR_ClassicHeuristic_null_MS_RF -> NNI_Substep_56] - Distance: 62.0000
(10,3,((((30,9),(8,12)),(((17,4),(29,(13,16))),(((25,22),(7,18)),(28,(19,5))))),((((15,(20,6)),2),(((((1,14),23),26),27),(24,21))),11)));

STEP 68 [uSPR_ClassicHeuristic_null_MS_RF -> NNI_Substep_57] - Distance: 57.0000
(10,3,((((30,9),(8,12)),(((17,4),(29,(13,16))),(((25,22),(7,18)),(28,(19,5))))),(((15,(20,6)),2),((((((1,14),23),26),27),(24,21)),11))));

STEP 69 [uSPR_ClassicHeuristic_null_MS_RF -> NNI_Substep_58] - Distance: 53.0000
(10,3,((((30,9),(8,12)),(((17,4),(29,(13,16))),(((25,22),(7,18)),(28,(19,5))))),(((15,(20,6)),2),(((((1,14),23),26),27),((24,21),11)))));

STEP 70 [uSPR_ClassicHeuristic_null_MS_RF -> NNI_Substep_59] - Distance: 53.0000
(10,3,((((30,9),(8,12)),(((17,4),(29,(13,16))),(((25,22),(7,18)),(28,(19,5))))),(((15,(20,6)),2),(((((1,14),23),26),27),((24,11),21)))));

STEP 71 [uSPR_ClassicHeuristic_null_MS_RF -> NNI_Substep_60] - Distance: 53.0000
(10,3,((((30,9),(8,12)),(((17,4),(29,(13,16))),(((25,22),(7,18)),(28,(19,5))))),(((15,(20,6)),2),((((((1,14),23),26),27),(24,11)),21))));

STEP 72 [uSPR_ClassicHeuristic_null_MS_RF -> NNI_Substep_61] - Distance: 56.0000
(10,3,((((30,9),(8,12)),(((17,4),(29,(13,16))),(((25,22),(7,18)),(28,(19,5))))),((((15,(20,6)),2),(((((1,14),23),26),27),(24,11))),21)));

STEP 73 [uSPR_ClassicHeuristic_null_MS_RF -> NNI_Substep_62] - Distance: 51.0000
(10,3,(((((30,9),(8,12)),(((17,4),(29,(13,16))),(((25,22),(7,18)),(28,(19,5))))),(((15,(20,6)),2),(((((1,14),23),26),27),(24,11)))),21));

STEP 74 [uSPR_ClassicHeuristic_null_MS_RF -> NNI_Substep_63] - Distance: 57.0000
(10,3,(((((30,9),(8,12)),(((17,4),(29,(13,16))),(((25,22),(7,18)),(28,(19,5))))),21),(((15,(20,6)),2),(((((1,14),23),26),27),(24,11)))));

STEP 75 [uSPR_ClassicHeuristic_null_MS_RF -> NNI_Substep_64] - Distance: 54.0000
(10,3,((((30,9),(8,12)),((((17,4),(29,(13,16))),(((25,22),(7,18)),(28,(19,5)))),21)),(((15,(20,6)),2),(((((1,14),23),26),27),(24,11)))));

STEP 76 [uSPR_ClassicHeuristic_null_MS_RF -> NNI_Substep_65] - Distance: 52.0000
(10,3,((((30,9),(8,12)),(((17,4),(29,(13,16))),((((25,22),(7,18)),(28,(19,5))),21))),(((15,(20,6)),2),(((((1,14),23),26),27),(24,11)))));

STEP 77 [uSPR_ClassicHeuristic_null_MS_RF -> NNI_Substep_66] - Distance: 50.0000
(10,3,((((30,9),(8,12)),(((17,4),(29,(13,16))),((((25,22),(7,18)),21),(28,(19,5))))),(((15,(20,6)),2),(((((1,14),23),26),27),(24,11)))));

STEP 78 [uSPR_ClassicHeuristic_null_MS_RF -> NNI_Substep_67] - Distance: 49.0000
(10,3,((((30,9),(8,12)),(((17,4),(29,(13,16))),((((25,22),21),(7,18)),(28,(19,5))))),(((15,(20,6)),2),(((((1,14),23),26),27),(24,11)))));

STEP 79 [uSPR_ClassicHeuristic_null_MS_RF -> NNI_Substep_68] - Distance: 47.0000
(10,3,((((30,9),(8,12)),(((17,4),(29,(13,16))),((((25,21),22),(7,18)),(28,(19,5))))),(((15,(20,6)),2),(((((1,14),23),26),27),(24,11)))));

STEP 80 [uSPR_ClassicHeuristic_null_MS_RF -> NNI_Substep_69] - Distance: 47.0000
(10,3,((((30,9),(8,12)),(((17,4),(29,(13,16))),(((22,(7,18)),(25,21)),(28,(19,5))))),(((15,(20,6)),2),(((((1,14),23),26),27),(24,11)))));

STEP 81 [uSPR_ClassicHeuristic_null_MS_RF -> NNI_Substep_70] - Distance: 48.0000
(10,3,((((30,9),(8,12)),(((17,4),(29,(13,16))),(((22,(7,18)),(28,(19,5))),(25,21)))),(((15,(20,6)),2),(((((1,14),23),26),27),(24,11)))));

STEP 82 [uSPR_ClassicHeuristic_null_MS_RF -> NNI_Substep_71] - Distance: 51.0000
(10,3,((((30,9),(8,12)),((((17,4),(29,(13,16))),((22,(7,18)),(28,(19,5)))),(25,21))),(((15,(20,6)),2),(((((1,14),23),26),27),(24,11)))));

STEP 83 [uSPR_ClassicHeuristic_null_MS_RF -> NNI_Substep_72] - Distance: 43.0000
(10,3,((((30,9),(8,12)),((((17,4),(29,(13,16))),(25,21)),((22,(7,18)),(28,(19,5))))),(((15,(20,6)),2),(((((1,14),23),26),27),(24,11)))));

STEP 84 [uSPR_ClassicHeuristic_null_MS_RF -> NNI_Substep_73] - Distance: 38.0000
(10,3,((((30,9),(8,12)),((((17,4),(25,21)),(29,(13,16))),((22,(7,18)),(28,(19,5))))),(((15,(20,6)),2),(((((1,14),23),26),27),(24,11)))));

STEP 85 [uSPR_ClassicHeuristic_null_MS_RF -> NNI_Substep_74] - Distance: 38.0000
(10,3,((((30,9),(8,12)),((((17,4),(25,21)),(29,(13,16))),(((22,(7,18)),(19,5)),28))),(((15,(20,6)),2),(((((1,14),23),26),27),(24,11)))));

STEP 86 [uSPR_ClassicHeuristic_null_MS_RF -> NNI_Substep_75] - Distance: 44.0000
(10,3,((((30,9),(8,12)),(((((17,4),(25,21)),(29,(13,16))),((22,(7,18)),(19,5))),28)),(((15,(20,6)),2),(((((1,14),23),26),27),(24,11)))));

STEP 87 [uSPR_ClassicHeuristic_null_MS_RF -> NNI_Substep_76] - Distance: 45.0000
(10,3,(((((30,9),(8,12)),((((17,4),(25,21)),(29,(13,16))),((22,(7,18)),(19,5)))),28),(((15,(20,6)),2),(((((1,14),23),26),27),(24,11)))));

STEP 88 [uSPR_ClassicHeuristic_null_MS_RF -> NNI_Substep_77] - Distance: 35.0000
(10,3,(((((30,9),(8,12)),((((17,4),(25,21)),(29,(13,16))),((22,(7,18)),(19,5)))),(((15,(20,6)),2),(((((1,14),23),26),27),(24,11)))),28));

STEP 89 [uSPR_ClassicHeuristic_null_MS_RF -> NNI_Substep_78] - Distance: 42.0000
(10,3,((((30,9),(8,12)),((((17,4),(25,21)),(29,(13,16))),((22,(7,18)),(19,5)))),((((15,(20,6)),2),(((((1,14),23),26),27),(24,11))),28)));

STEP 90 [uSPR_ClassicHeuristic_null_MS_RF -> NNI_Substep_79] - Distance: 37.0000
(10,3,((((30,9),(8,12)),((((17,4),(25,21)),(29,(13,16))),((22,(7,18)),(19,5)))),(((15,(20,6)),2),((((((1,14),23),26),27),(24,11)),28))));

STEP 91 [uSPR_ClassicHeuristic_null_MS_RF -> NNI_Substep_80] - Distance: 37.0000
(10,3,((((30,9),(8,12)),((((17,4),(25,21)),(29,(13,16))),(((22,18),7),(19,5)))),(((15,(20,6)),2),((((((1,14),23),26),27),(24,11)),28))));

STEP 92 [uSPR_ClassicHeuristic_null_MS_RF -> NNI_Substep_81] - Distance: 38.0000
(10,3,((((30,9),(8,12)),((((17,4),(25,21)),(29,(13,16))),(((22,18),(19,5)),7))),(((15,(20,6)),2),((((((1,14),23),26),27),(24,11)),28))));

STEP 93 [uSPR_ClassicHeuristic_null_MS_RF -> NNI_Substep_82] - Distance: 44.0000
(10,3,((((30,9),(8,12)),(((((17,4),(25,21)),(29,(13,16))),((22,18),(19,5))),7)),(((15,(20,6)),2),((((((1,14),23),26),27),(24,11)),28))));

STEP 94 [uSPR_ClassicHeuristic_null_MS_RF -> NNI_Substep_83] - Distance: 45.0000
(10,3,(((((30,9),(8,12)),((((17,4),(25,21)),(29,(13,16))),((22,18),(19,5)))),7),(((15,(20,6)),2),((((((1,14),23),26),27),(24,11)),28))));

STEP 95 [uSPR_ClassicHeuristic_null_MS_RF -> NNI_Substep_84] - Distance: 35.0000
(10,3,(((((30,9),(8,12)),7),((((17,4),(25,21)),(29,(13,16))),((22,18),(19,5)))),(((15,(20,6)),2),((((((1,14),23),26),27),(24,11)),28))));

STEP 96 [uSPR_ClassicHeuristic_null_MS_RF -> NNI_Substep_85] - Distance: 32.0000
(10,3,(((((30,9),7),(8,12)),((((17,4),(25,21)),(29,(13,16))),((22,18),(19,5)))),(((15,(20,6)),2),((((((1,14),23),26),27),(24,11)),28))));

STEP 97 [uSPR_ClassicHeuristic_null_MS_RF -> NNI_Substep_86] - Distance: 32.0000
(10,3,(((((30,7),9),(8,12)),((((17,4),(25,21)),(29,(13,16))),((22,18),(19,5)))),(((15,(20,6)),2),((((((1,14),23),26),27),(24,11)),28))));

STEP 98 [uSPR_ClassicHeuristic_null_MS_RF -> NNI_Substep_87] - Distance: 33.0000
(10,3,(((((30,7),(8,12)),9),((((17,4),(25,21)),(29,(13,16))),((22,18),(19,5)))),(((15,(20,6)),2),((((((1,14),23),26),27),(24,11)),28))));

STEP 99 [uSPR_ClassicHeuristic_null_MS_RF -> NNI_Substep_88] - Distance: 41.0000
(10,3,(((((30,7),(8,12)),((((17,4),(25,21)),(29,(13,16))),((22,18),(19,5)))),9),(((15,(20,6)),2),((((((1,14),23),26),27),(24,11)),28))));

STEP 100 [uSPR_ClassicHeuristic_null_MS_RF -> NNI_Substep_89] - Distance: 30.0000
(10,3,(((((30,7),(8,12)),((((17,4),(25,21)),(29,(13,16))),((22,18),(19,5)))),(((15,(20,6)),2),((((((1,14),23),26),27),(24,11)),28))),9));

STEP 101 [uSPR_ClassicHeuristic_null_MS_RF -> NNI_Substep_90] - Distance: 28.0000
((10,9),3,((((30,7),(8,12)),((((17,4),(25,21)),(29,(13,16))),((22,18),(19,5)))),(((15,(20,6)),2),((((((1,14),23),26),27),(24,11)),28))));

STEP 102 [uSPR_ClassicHeuristic_null_MS_RF -> NNI_Substep_91] - Distance: 21.0000
((10,9),3,((((30,7),(8,12)),(((15,(20,6)),2),((((((1,14),23),26),27),(24,11)),28))),((((17,4),(25,21)),(29,(13,16))),((22,18),(19,5)))));

STEP 103 [uSPR_ClassicHeuristic_null_MS_RF -> NNI_Substep_92] - Distance: 11.0000
((10,9),3,(((((17,4),(25,21)),(29,(13,16))),(((30,7),(8,12)),(((15,(20,6)),2),((((((1,14),23),26),27),(24,11)),28)))),((22,18),(19,5))));

STEP 104 [uSPR_ClassicHeuristic_null_MS_RF -> NNI_Substep_93] - Distance: 8.0000
((10,9),3,(((22,18),((((17,4),(25,21)),(29,(13,16))),(((30,7),(8,12)),(((15,(20,6)),2),((((((1,14),23),26),27),(24,11)),28))))),(19,5)));

STEP 105 [uSPR_ClassicHeuristic_null_MS_RF -> NNI_Substep_94] - Distance: 8.0000
((10,9),3,((19,5),((22,((((17,4),(25,21)),(29,(13,16))),(((30,7),(8,12)),(((15,(20,6)),2),((((((1,14),23),26),27),(24,11)),28))))),18)));

STEP 106 [uSPR_ClassicHeuristic_null_MS_RF -> NNI_Substep_95] - Distance: 7.0000
((10,9),3,(((19,5),(22,((((17,4),(25,21)),(29,(13,16))),(((30,7),(8,12)),(((15,(20,6)),2),((((((1,14),23),26),27),(24,11)),28)))))),18));

STEP 107 [uSPR_ClassicHeuristic_null_MS_RF -> NNI_Substep_96] - Distance: 4.0000
((10,9),(3,18),((19,5),(22,((((17,4),(25,21)),(29,(13,16))),(((30,7),(8,12)),(((15,(20,6)),2),((((((1,14),23),26),27),(24,11)),28)))))));

STEP 108 [uSPR_ClassicHeuristic_null_MS_RF -> NNI_Substep_97] - Distance: 3.0000
((10,9),(3,18),((5,(22,((((17,4),(25,21)),(29,(13,16))),(((30,7),(8,12)),(((15,(20,6)),2),((((((1,14),23),26),27),(24,11)),28)))))),19));

STEP 109 [uSPR_ClassicHeuristic_null_MS_RF -> NNI_Substep_98] - Distance: 0.0000
((10,9),((3,18),19),(5,(22,((((17,4),(25,21)),(29,(13,16))),(((30,7),(8,12)),(((15,(20,6)),2),((((((1,14),23),26),27),(24,11)),28)))))));

========================================================
[FINAL] Total Steps: 109 | Final Distance: 0.0000
========================================================
