========================================================
HEURISTIC TRAJECTORY: VND Classic (RFC)
========================================================
STEP 0 [START] - Distance: 28.0000
(((((4,(27,(9,(17,8)))),((30,(14,16)),(7,((18,(6,(21,25))),(13,22))))),(28,(3,23))),(24,(10,11))),((19,(5,(1,(20,(2,12))))),(26,(29,15))));

STEP 1 [SPR_ClassicHeuristic_RFC -> NNI_Substep_1] - Distance: 28.0000
(((((4,(27,(9,(17,8)))),(((30,(14,16)),((18,(6,(21,25))),(13,22))),7)),(28,(3,23))),(24,(10,11))),((19,(5,(1,(20,(2,12))))),(26,(29,15))));

STEP 2 [SPR_ClassicHeuristic_RFC -> NNI_Substep_2] - Distance: 28.0000
((((((4,(27,(9,(17,8)))),((30,(14,16)),((18,(6,(21,25))),(13,22)))),7),(28,(3,23))),(24,(10,11))),((19,(5,(1,(20,(2,12))))),(26,(29,15))));

STEP 3 [SPR_ClassicHeuristic_RFC -> NNI_Substep_3] - Distance: 28.0000
((((((4,(27,(9,(17,8)))),((30,(14,16)),((18,(6,(21,25))),(13,22)))),(28,(3,23))),7),(24,(10,11))),((19,(5,(1,(20,(2,12))))),(26,(29,15))));

STEP 4 [SPR_ClassicHeuristic_RFC -> NNI_Substep_4] - Distance: 28.0000
((((((4,(27,(9,(17,8)))),((30,(14,16)),((18,(6,(21,25))),(13,22)))),(28,(3,23))),(24,(10,11))),7),((19,(5,(1,(20,(2,12))))),(26,(29,15))));

STEP 5 [SPR_ClassicHeuristic_RFC -> NNI_Substep_5] - Distance: 28.0000
(((((4,(27,(9,(17,8)))),((30,(14,16)),((18,(6,(21,25))),(13,22)))),(28,(3,23))),((24,(10,11)),7)),((19,(5,(1,(20,(2,12))))),(26,(29,15))));

STEP 6 [SPR_ClassicHeuristic_RFC -> NNI_Substep_6] - Distance: 27.0000
(((((4,(27,(9,(17,8)))),((30,(14,16)),((18,(6,(21,25))),(13,22)))),(28,(3,23))),((24,7),(10,11))),((19,(5,(1,(20,(2,12))))),(26,(29,15))));

STEP 7 [SPR_ClassicHeuristic_RFC -> NNI_Substep_7] - Distance: 27.0000
((((((4,(27,(9,(17,8)))),((30,(14,16)),((18,(6,(21,25))),(13,22)))),(28,(3,23))),(10,11)),(24,7)),((19,(5,(1,(20,(2,12))))),(26,(29,15))));

STEP 8 [SPR_ClassicHeuristic_RFC -> NNI_Substep_8] - Distance: 27.0000
((((((4,(27,(9,(17,8)))),((30,(14,16)),((18,(6,(21,25))),(13,22)))),(28,(3,23))),(24,7)),(10,11)),((19,(5,(1,(20,(2,12))))),(26,(29,15))));

STEP 9 [SPR_ClassicHeuristic_RFC -> NNI_Substep_9] - Distance: 27.0000
(((((4,(27,(9,(17,8)))),((30,(14,16)),((18,(6,(21,25))),(13,22)))),((28,(3,23)),(24,7))),(10,11)),((19,(5,(1,(20,(2,12))))),(26,(29,15))));

STEP 10 [SPR_ClassicHeuristic_RFC -> NNI_Substep_10] - Distance: 27.0000
(((((4,(27,(9,(17,8)))),((30,(14,16)),((18,(6,(21,25))),(13,22)))),(28,((3,23),(24,7)))),(10,11)),((19,(5,(1,(20,(2,12))))),(26,(29,15))));

STEP 11 [SPR_ClassicHeuristic_RFC -> NNI_Substep_11] - Distance: 26.0000
(((((4,(27,(9,(17,8)))),((30,(14,16)),((18,(6,(21,25))),(13,22)))),(28,(3,(23,(24,7))))),(10,11)),((19,(5,(1,(20,(2,12))))),(26,(29,15))));

STEP 12 [SPR_ClassicHeuristic_RFC -> NNI_Substep_12] - Distance: 26.0000
((((((4,(9,(17,8))),27),((30,(14,16)),((18,(6,(21,25))),(13,22)))),(28,(3,(23,(24,7))))),(10,11)),((19,(5,(1,(20,(2,12))))),(26,(29,15))));

STEP 13 [SPR_ClassicHeuristic_RFC -> NNI_Substep_13] - Distance: 26.0000
((((((4,(9,(17,8))),((30,(14,16)),((18,(6,(21,25))),(13,22)))),27),(28,(3,(23,(24,7))))),(10,11)),((19,(5,(1,(20,(2,12))))),(26,(29,15))));

STEP 14 [SPR_ClassicHeuristic_RFC -> NNI_Substep_14] - Distance: 26.0000
(((((4,(9,(17,8))),(((30,(14,16)),((18,(6,(21,25))),(13,22))),27)),(28,(3,(23,(24,7))))),(10,11)),((19,(5,(1,(20,(2,12))))),(26,(29,15))));

STEP 15 [SPR_ClassicHeuristic_RFC -> NNI_Substep_15] - Distance: 26.0000
(((((4,(9,(17,8))),((30,(14,16)),(((18,(6,(21,25))),(13,22)),27))),(28,(3,(23,(24,7))))),(10,11)),((19,(5,(1,(20,(2,12))))),(26,(29,15))));

STEP 16 [SPR_ClassicHeuristic_RFC -> NNI_Substep_16] - Distance: 26.0000
(((((4,(9,(17,8))),((30,(14,16)),(((18,(6,(21,25))),27),(13,22)))),(28,(3,(23,(24,7))))),(10,11)),((19,(5,(1,(20,(2,12))))),(26,(29,15))));

STEP 17 [SPR_ClassicHeuristic_RFC -> NNI_Substep_17] - Distance: 25.0000
(((((4,(9,(17,8))),((30,(14,16)),(((18,27),(6,(21,25))),(13,22)))),(28,(3,(23,(24,7))))),(10,11)),((19,(5,(1,(20,(2,12))))),(26,(29,15))));

STEP 18 [SPR_ClassicHeuristic_RFC -> NNI_Substep_18] - Distance: 25.0000
((((((4,(17,8)),9),((30,(14,16)),(((18,27),(6,(21,25))),(13,22)))),(28,(3,(23,(24,7))))),(10,11)),((19,(5,(1,(20,(2,12))))),(26,(29,15))));

STEP 19 [SPR_ClassicHeuristic_RFC -> NNI_Substep_19] - Distance: 25.0000
((((((4,(17,8)),((30,(14,16)),(((18,27),(6,(21,25))),(13,22)))),9),(28,(3,(23,(24,7))))),(10,11)),((19,(5,(1,(20,(2,12))))),(26,(29,15))));

STEP 20 [SPR_ClassicHeuristic_RFC -> NNI_Substep_20] - Distance: 25.0000
((((((4,(17,8)),((30,(14,16)),(((18,27),(6,(21,25))),(13,22)))),(28,(3,(23,(24,7))))),9),(10,11)),((19,(5,(1,(20,(2,12))))),(26,(29,15))));

STEP 21 [SPR_ClassicHeuristic_RFC -> NNI_Substep_21] - Distance: 25.0000
((((((4,(17,8)),((30,(14,16)),(((18,27),(6,(21,25))),(13,22)))),(28,(3,(23,(24,7))))),(10,11)),9),((19,(5,(1,(20,(2,12))))),(26,(29,15))));

STEP 22 [SPR_ClassicHeuristic_RFC -> NNI_Substep_22] - Distance: 25.0000
(((((4,(17,8)),((30,(14,16)),(((18,27),(6,(21,25))),(13,22)))),(28,(3,(23,(24,7))))),((10,11),9)),((19,(5,(1,(20,(2,12))))),(26,(29,15))));

STEP 23 [SPR_ClassicHeuristic_RFC -> NNI_Substep_23] - Distance: 24.0000
(((((4,(17,8)),((30,(14,16)),(((18,27),(6,(21,25))),(13,22)))),(28,(3,(23,(24,7))))),(10,(11,9))),((19,(5,(1,(20,(2,12))))),(26,(29,15))));

STEP 24 [SPR_ClassicHeuristic_RFC -> NNI_Substep_24] - Distance: 24.0000
(((((4,(17,8)),(((30,16),14),(((18,27),(6,(21,25))),(13,22)))),(28,(3,(23,(24,7))))),(10,(11,9))),((19,(5,(1,(20,(2,12))))),(26,(29,15))));

STEP 25 [SPR_ClassicHeuristic_RFC -> NNI_Substep_25] - Distance: 24.0000
(((((4,(17,8)),(((30,16),(((18,27),(6,(21,25))),(13,22))),14)),(28,(3,(23,(24,7))))),(10,(11,9))),((19,(5,(1,(20,(2,12))))),(26,(29,15))));

STEP 26 [SPR_ClassicHeuristic_RFC -> NNI_Substep_26] - Distance: 24.0000
(((((4,(17,8)),((30,16),((((18,27),(6,(21,25))),(13,22)),14))),(28,(3,(23,(24,7))))),(10,(11,9))),((19,(5,(1,(20,(2,12))))),(26,(29,15))));

STEP 27 [SPR_ClassicHeuristic_RFC -> NNI_Substep_27] - Distance: 24.0000
(((((4,(17,8)),((30,16),((((18,27),(6,(21,25))),14),(13,22)))),(28,(3,(23,(24,7))))),(10,(11,9))),((19,(5,(1,(20,(2,12))))),(26,(29,15))));

STEP 28 [SPR_ClassicHeuristic_RFC -> NNI_Substep_28] - Distance: 24.0000
(((((4,(17,8)),((30,16),(((18,27),((6,(21,25)),14)),(13,22)))),(28,(3,(23,(24,7))))),(10,(11,9))),((19,(5,(1,(20,(2,12))))),(26,(29,15))));

STEP 29 [SPR_ClassicHeuristic_RFC -> NNI_Substep_29] - Distance: 23.0000
(((((4,(17,8)),((30,16),(((18,27),((6,14),(21,25))),(13,22)))),(28,(3,(23,(24,7))))),(10,(11,9))),((19,(5,(1,(20,(2,12))))),(26,(29,15))));

STEP 30 [SPR_ClassicHeuristic_RFC -> NNI_Substep_30] - Distance: 23.0000
(((((4,(17,8)),((30,16),(((18,27),((6,14),(21,25))),(13,22)))),((28,3),(23,(24,7)))),(10,(11,9))),((19,(5,(1,(20,(2,12))))),(26,(29,15))));

STEP 31 [SPR_ClassicHeuristic_RFC -> NNI_Substep_31] - Distance: 23.0000
((((((4,(17,8)),((30,16),(((18,27),((6,14),(21,25))),(13,22)))),(28,3)),(23,(24,7))),(10,(11,9))),((19,(5,(1,(20,(2,12))))),(26,(29,15))));

STEP 32 [SPR_ClassicHeuristic_RFC -> NNI_Substep_32] - Distance: 23.0000
((((((4,(17,8)),((30,16),(((18,27),((6,14),(21,25))),(13,22)))),(23,(24,7))),(28,3)),(10,(11,9))),((19,(5,(1,(20,(2,12))))),(26,(29,15))));

STEP 33 [SPR_ClassicHeuristic_RFC -> NNI_Substep_33] - Distance: 23.0000
(((((4,(17,8)),(((30,16),(((18,27),((6,14),(21,25))),(13,22))),(23,(24,7)))),(28,3)),(10,(11,9))),((19,(5,(1,(20,(2,12))))),(26,(29,15))));

STEP 34 [SPR_ClassicHeuristic_RFC -> NNI_Substep_34] - Distance: 23.0000
(((((4,(17,8)),(((30,16),(23,(24,7))),(((18,27),((6,14),(21,25))),(13,22)))),(28,3)),(10,(11,9))),((19,(5,(1,(20,(2,12))))),(26,(29,15))));

STEP 35 [SPR_ClassicHeuristic_RFC -> NNI_Substep_35] - Distance: 22.0000
(((((4,(17,8)),(((30,(23,(24,7))),16),(((18,27),((6,14),(21,25))),(13,22)))),(28,3)),(10,(11,9))),((19,(5,(1,(20,(2,12))))),(26,(29,15))));

STEP 36 [SPR_ClassicHeuristic_RFC -> NNI_Substep_36] - Distance: 22.0000
((((((4,(17,8)),(((30,(23,(24,7))),16),(((18,27),((6,14),(21,25))),(13,22)))),(28,3)),10),(11,9)),((19,(5,(1,(20,(2,12))))),(26,(29,15))));

STEP 37 [SPR_ClassicHeuristic_RFC -> NNI_Substep_37] - Distance: 22.0000
((((((4,(17,8)),(((30,(23,(24,7))),16),(((18,27),((6,14),(21,25))),(13,22)))),(28,3)),(11,9)),10),((19,(5,(1,(20,(2,12))))),(26,(29,15))));

STEP 38 [SPR_ClassicHeuristic_RFC -> NNI_Substep_38] - Distance: 22.0000
((((((4,(17,8)),(((30,(23,(24,7))),16),(((18,27),((6,14),(21,25))),(13,22)))),(11,9)),(28,3)),10),((19,(5,(1,(20,(2,12))))),(26,(29,15))));

STEP 39 [SPR_ClassicHeuristic_RFC -> NNI_Substep_39] - Distance: 22.0000
((((((4,(17,8)),(11,9)),(((30,(23,(24,7))),16),(((18,27),((6,14),(21,25))),(13,22)))),(28,3)),10),((19,(5,(1,(20,(2,12))))),(26,(29,15))));

STEP 40 [SPR_ClassicHeuristic_RFC -> NNI_Substep_40] - Distance: 22.0000
(((((4,((17,8),(11,9))),(((30,(23,(24,7))),16),(((18,27),((6,14),(21,25))),(13,22)))),(28,3)),10),((19,(5,(1,(20,(2,12))))),(26,(29,15))));

STEP 41 [SPR_ClassicHeuristic_RFC -> NNI_Substep_41] - Distance: 21.0000
(((((4,(17,(8,(11,9)))),(((30,(23,(24,7))),16),(((18,27),((6,14),(21,25))),(13,22)))),(28,3)),10),((19,(5,(1,(20,(2,12))))),(26,(29,15))));

STEP 42 [SPR_ClassicHeuristic_RFC -> NNI_Substep_42] - Distance: 21.0000
((((((17,(8,(11,9))),(((30,(23,(24,7))),16),(((18,27),((6,14),(21,25))),(13,22)))),4),(28,3)),10),((19,(5,(1,(20,(2,12))))),(26,(29,15))));

STEP 43 [SPR_ClassicHeuristic_RFC -> NNI_Substep_43] - Distance: 21.0000
(((((17,(8,(11,9))),((((30,(23,(24,7))),16),(((18,27),((6,14),(21,25))),(13,22))),4)),(28,3)),10),((19,(5,(1,(20,(2,12))))),(26,(29,15))));

STEP 44 [SPR_ClassicHeuristic_RFC -> NNI_Substep_44] - Distance: 21.0000
(((((17,(8,(11,9))),(((30,(23,(24,7))),16),((((18,27),((6,14),(21,25))),(13,22)),4))),(28,3)),10),((19,(5,(1,(20,(2,12))))),(26,(29,15))));

STEP 45 [SPR_ClassicHeuristic_RFC -> NNI_Substep_45] - Distance: 21.0000
(((((17,(8,(11,9))),(((30,(23,(24,7))),16),((((18,27),((6,14),(21,25))),4),(13,22)))),(28,3)),10),((19,(5,(1,(20,(2,12))))),(26,(29,15))));

STEP 46 [SPR_ClassicHeuristic_RFC -> NNI_Substep_46] - Distance: 21.0000
(((((17,(8,(11,9))),(((30,(23,(24,7))),16),(((18,27),(((6,14),(21,25)),4)),(13,22)))),(28,3)),10),((19,(5,(1,(20,(2,12))))),(26,(29,15))));

STEP 47 [SPR_ClassicHeuristic_RFC -> NNI_Substep_47] - Distance: 21.0000
(((((17,(8,(11,9))),(((30,(23,(24,7))),16),(((18,27),((6,14),((21,25),4))),(13,22)))),(28,3)),10),((19,(5,(1,(20,(2,12))))),(26,(29,15))));

STEP 48 [SPR_ClassicHeuristic_RFC -> NNI_Substep_48] - Distance: 20.0000
(((((17,(8,(11,9))),(((30,(23,(24,7))),16),(((18,27),((6,14),((21,4),25))),(13,22)))),(28,3)),10),((19,(5,(1,(20,(2,12))))),(26,(29,15))));

STEP 49 [SPR_ClassicHeuristic_RFC -> NNI_Substep_49] - Distance: 20.0000
((((((8,(11,9)),(((30,(23,(24,7))),16),(((18,27),((6,14),((21,4),25))),(13,22)))),17),(28,3)),10),((19,(5,(1,(20,(2,12))))),(26,(29,15))));

STEP 50 [SPR_ClassicHeuristic_RFC -> NNI_Substep_50] - Distance: 20.0000
((((((8,(11,9)),(((30,(23,(24,7))),16),(((18,27),((6,14),((21,4),25))),(13,22)))),(28,3)),17),10),((19,(5,(1,(20,(2,12))))),(26,(29,15))));

STEP 51 [SPR_ClassicHeuristic_RFC -> NNI_Substep_51] - Distance: 20.0000
((((((8,(11,9)),(((30,(23,(24,7))),16),(((18,27),((6,14),((21,4),25))),(13,22)))),(28,3)),10),17),((19,(5,(1,(20,(2,12))))),(26,(29,15))));

STEP 52 [SPR_ClassicHeuristic_RFC -> NNI_Substep_52] - Distance: 20.0000
(((((8,(11,9)),(((30,(23,(24,7))),16),(((18,27),((6,14),((21,4),25))),(13,22)))),(28,3)),10),((19,(5,(1,(20,(2,12))))),((26,(29,15)),17)));

STEP 53 [SPR_ClassicHeuristic_RFC -> NNI_Substep_53] - Distance: 20.0000
(((((8,(11,9)),(((30,(23,(24,7))),16),(((18,27),((6,14),((21,4),25))),(13,22)))),(28,3)),10),((19,(5,(1,(20,(2,12))))),(26,((29,15),17))));

STEP 54 [SPR_ClassicHeuristic_RFC -> NNI_Substep_54] - Distance: 19.0000
(((((8,(11,9)),(((30,(23,(24,7))),16),(((18,27),((6,14),((21,4),25))),(13,22)))),(28,3)),10),((19,(5,(1,(20,(2,12))))),(26,((29,17),15))));

STEP 55 [SPR_ClassicHeuristic_RFC -> NNI_Substep_55] - Distance: 19.0000
((((((8,(11,9)),(((30,(23,(24,7))),16),(((18,27),((6,14),((21,4),25))),(13,22)))),3),28),10),((19,(5,(1,(20,(2,12))))),(26,((29,17),15))));

STEP 56 [SPR_ClassicHeuristic_RFC -> NNI_Substep_56] - Distance: 19.0000
((((((8,(11,9)),(((30,(23,(24,7))),16),(((18,27),((6,14),((21,4),25))),(13,22)))),3),10),28),((19,(5,(1,(20,(2,12))))),(26,((29,17),15))));

STEP 57 [SPR_ClassicHeuristic_RFC -> NNI_Substep_57] - Distance: 19.0000
(((((8,(11,9)),(((30,(23,(24,7))),16),(((18,27),((6,14),((21,4),25))),(13,22)))),3),10),(((19,(5,(1,(20,(2,12))))),28),(26,((29,17),15))));

STEP 58 [SPR_ClassicHeuristic_RFC -> NNI_Substep_58] - Distance: 19.0000
(((((8,(11,9)),(((30,(23,(24,7))),16),(((18,27),((6,14),((21,4),25))),(13,22)))),3),10),((19,((5,(1,(20,(2,12)))),28)),(26,((29,17),15))));

STEP 59 [SPR_ClassicHeuristic_RFC -> NNI_Substep_59] - Distance: 19.0000
(((((8,(11,9)),(((30,(23,(24,7))),16),(((18,27),((6,14),((21,4),25))),(13,22)))),3),10),((19,(5,((1,(20,(2,12))),28))),(26,((29,17),15))));

STEP 60 [SPR_ClassicHeuristic_RFC -> NNI_Substep_60] - Distance: 18.0000
(((((8,(11,9)),(((30,(23,(24,7))),16),(((18,27),((6,14),((21,4),25))),(13,22)))),3),10),((19,(5,((1,28),(20,(2,12))))),(26,((29,17),15))));

STEP 61 [SPR_ClassicHeuristic_RFC -> NNI_Substep_61] - Distance: 18.0000
(((((8,(11,9)),(((30,(23,(24,7))),16),(((18,27),((6,14),((21,4),25))),(13,22)))),3),10),((19,(5,(20,((2,12),(1,28))))),(26,((29,17),15))));

STEP 62 [SPR_ClassicHeuristic_RFC -> NNI_Substep_62] - Distance: 17.0000
(((((8,(11,9)),(((30,(23,(24,7))),16),(((18,27),((6,14),((21,4),25))),(13,22)))),3),10),((19,(5,(20,((2,(1,28)),12)))),(26,((29,17),15))));

STEP 63 [SPR_ClassicHeuristic_RFC -> NNI_Substep_63] - Distance: 17.0000
(((((8,(11,9)),(((30,(23,(24,7))),16),(((18,27),(((6,14),25),(21,4))),(13,22)))),3),10),((19,(5,(20,((2,(1,28)),12)))),(26,((29,17),15))));

STEP 64 [SPR_ClassicHeuristic_RFC -> NNI_Substep_64] - Distance: 17.0000
(((((8,(11,9)),(((30,(23,(24,7))),16),((((18,27),((6,14),25)),(21,4)),(13,22)))),3),10),((19,(5,(20,((2,(1,28)),12)))),(26,((29,17),15))));

STEP 65 [SPR_ClassicHeuristic_RFC -> NNI_Substep_65] - Distance: 17.0000
(((((8,(11,9)),(((30,(23,(24,7))),16),((((18,27),((6,14),25)),(13,22)),(21,4)))),3),10),((19,(5,(20,((2,(1,28)),12)))),(26,((29,17),15))));

STEP 66 [SPR_ClassicHeuristic_RFC -> NNI_Substep_66] - Distance: 17.0000
(((((8,(11,9)),((((30,(23,(24,7))),16),(((18,27),((6,14),25)),(13,22))),(21,4))),3),10),((19,(5,(20,((2,(1,28)),12)))),(26,((29,17),15))));

STEP 67 [SPR_ClassicHeuristic_RFC -> NNI_Substep_67] - Distance: 17.0000
((((((8,(11,9)),(((30,(23,(24,7))),16),(((18,27),((6,14),25)),(13,22)))),(21,4)),3),10),((19,(5,(20,((2,(1,28)),12)))),(26,((29,17),15))));

STEP 68 [SPR_ClassicHeuristic_RFC -> NNI_Substep_68] - Distance: 17.0000
((((((8,(11,9)),(((30,(23,(24,7))),16),(((18,27),((6,14),25)),(13,22)))),3),(21,4)),10),((19,(5,(20,((2,(1,28)),12)))),(26,((29,17),15))));

STEP 69 [SPR_ClassicHeuristic_RFC -> NNI_Substep_69] - Distance: 16.0000
(((((8,(11,9)),(((30,(23,(24,7))),16),(((18,27),((6,14),25)),(13,22)))),(3,(21,4))),10),((19,(5,(20,((2,(1,28)),12)))),(26,((29,17),15))));

STEP 70 [SPR_ClassicHeuristic_RFC -> NNI_Substep_70] - Distance: 16.0000
(((((8,(11,9)),(((30,(23,(24,7))),16),(((18,27),((6,14),25)),(13,22)))),10),(3,(21,4))),((19,(5,(20,((2,(1,28)),12)))),(26,((29,17),15))));

STEP 71 [SPR_ClassicHeuristic_RFC -> NNI_Substep_71] - Distance: 16.0000
((((8,(11,9)),(((30,(23,(24,7))),16),(((18,27),((6,14),25)),(13,22)))),10),(((19,(5,(20,((2,(1,28)),12)))),(3,(21,4))),(26,((29,17),15))));

STEP 72 [SPR_ClassicHeuristic_RFC -> NNI_Substep_72] - Distance: 16.0000
((((8,(11,9)),(((30,(23,(24,7))),16),(((18,27),((6,14),25)),(13,22)))),10),((19,((5,(20,((2,(1,28)),12))),(3,(21,4)))),(26,((29,17),15))));

STEP 73 [SPR_ClassicHeuristic_RFC -> NNI_Substep_73] - Distance: 15.0000
((((8,(11,9)),(((30,(23,(24,7))),16),(((18,27),((6,14),25)),(13,22)))),10),((19,((5,(3,(21,4))),(20,((2,(1,28)),12)))),(26,((29,17),15))));

STEP 74 [SPR_ClassicHeuristic_RFC -> NNI_Substep_74] - Distance: 15.0000
((((8,(11,9)),(((30,(23,(24,7))),16),(((18,27),((6,14),25)),(13,22)))),10),(((19,(20,((2,(1,28)),12))),(5,(3,(21,4)))),(26,((29,17),15))));

STEP 75 [SPR_ClassicHeuristic_RFC -> NNI_Substep_75] - Distance: 15.0000
((((8,(11,9)),(((30,(23,(24,7))),16),(((18,27),((6,14),25)),(13,22)))),10),(((19,(20,((2,(1,28)),12))),(26,((29,17),15))),(5,(3,(21,4)))));

STEP 76 [SPR_ClassicHeuristic_RFC -> NNI_Substep_76] - Distance: 14.0000
((((8,(11,9)),(((30,(23,(24,7))),16),(((18,27),((6,14),25)),(13,22)))),(10,(5,(3,(21,4))))),((19,(20,((2,(1,28)),12))),(26,((29,17),15))));

STEP 77 [SPR_ClassicHeuristic_RFC -> NNI_Substep_77] - Distance: 14.0000
((((8,(11,9)),((16,(((18,27),((6,14),25)),(13,22))),(30,(23,(24,7))))),(10,(5,(3,(21,4))))),((19,(20,((2,(1,28)),12))),(26,((29,17),15))));

STEP 78 [SPR_ClassicHeuristic_RFC -> NNI_Substep_78] - Distance: 14.0000
(((((8,(11,9)),(16,(((18,27),((6,14),25)),(13,22)))),(30,(23,(24,7)))),(10,(5,(3,(21,4))))),((19,(20,((2,(1,28)),12))),(26,((29,17),15))));

STEP 79 [SPR_ClassicHeuristic_RFC -> NNI_Substep_79] - Distance: 14.0000
(((((8,(11,9)),(16,(((18,27),((6,14),25)),(13,22)))),(10,(5,(3,(21,4))))),(30,(23,(24,7)))),((19,(20,((2,(1,28)),12))),(26,((29,17),15))));

STEP 80 [SPR_ClassicHeuristic_RFC -> NNI_Substep_80] - Distance: 13.0000
((((8,(11,9)),(16,(((18,27),((6,14),25)),(13,22)))),((10,(5,(3,(21,4)))),(30,(23,(24,7))))),((19,(20,((2,(1,28)),12))),(26,((29,17),15))));

STEP 81 [SPR_ClassicHeuristic_RFC -> NNI_Substep_81] - Distance: 13.0000
(((8,(11,9)),(16,(((18,27),((6,14),25)),(13,22)))),(((19,(20,((2,(1,28)),12))),((10,(5,(3,(21,4)))),(30,(23,(24,7))))),(26,((29,17),15))));

STEP 82 [SPR_ClassicHeuristic_RFC -> NNI_Substep_82] - Distance: 12.0000
(((8,(11,9)),(16,(((18,27),((6,14),25)),(13,22)))),(((19,((10,(5,(3,(21,4)))),(30,(23,(24,7))))),(20,((2,(1,28)),12))),(26,((29,17),15))));

STEP 83 [SPR_ClassicHeuristic_RFC -> NNI_Substep_83] - Distance: 12.0000
(((8,(11,9)),(16,(((18,27),((6,14),25)),(13,22)))),(((19,((10,(5,(3,(21,4)))),(30,(23,(24,7))))),(20,((2,(1,28)),12))),((26,15),(29,17))));

STEP 84 [SPR_ClassicHeuristic_RFC -> NNI_Substep_84] - Distance: 12.0000
(((8,(11,9)),(16,(((18,27),((6,14),25)),(13,22)))),((((19,((10,(5,(3,(21,4)))),(30,(23,(24,7))))),(20,((2,(1,28)),12))),(26,15)),(29,17)));

STEP 85 [SPR_ClassicHeuristic_RFC -> NNI_Substep_85] - Distance: 12.0000
(((8,(11,9)),((16,(((18,27),((6,14),25)),(13,22))),(29,17))),(((19,((10,(5,(3,(21,4)))),(30,(23,(24,7))))),(20,((2,(1,28)),12))),(26,15)));

STEP 86 [SPR_ClassicHeuristic_RFC -> NNI_Substep_86] - Distance: 11.0000
(((8,(11,9)),((16,(29,17)),(((18,27),((6,14),25)),(13,22)))),(((19,((10,(5,(3,(21,4)))),(30,(23,(24,7))))),(20,((2,(1,28)),12))),(26,15)));

STEP 87 [SPR_ClassicHeuristic_RFC -> NNI_Substep_87] - Distance: 11.0000
(((8,(11,9)),(((18,27),((6,14),25)),((13,22),(16,(29,17))))),(((19,((10,(5,(3,(21,4)))),(30,(23,(24,7))))),(20,((2,(1,28)),12))),(26,15)));

STEP 88 [SPR_ClassicHeuristic_RFC -> NNI_Substep_88] - Distance: 10.0000
(((8,(11,9)),(((18,27),((6,14),25)),(13,(22,(16,(29,17)))))),(((19,((10,(5,(3,(21,4)))),(30,(23,(24,7))))),(20,((2,(1,28)),12))),(26,15)));

STEP 89 [SPR_ClassicHeuristic_RFC -> NNI_Substep_89] - Distance: 10.0000
(((8,(11,9)),((((18,27),((6,14),25)),(22,(16,(29,17)))),13)),(((19,((10,(5,(3,(21,4)))),(30,(23,(24,7))))),(20,((2,(1,28)),12))),(26,15)));

STEP 90 [SPR_ClassicHeuristic_RFC -> NNI_Substep_90] - Distance: 10.0000
((((8,(11,9)),(((18,27),((6,14),25)),(22,(16,(29,17))))),13),(((19,((10,(5,(3,(21,4)))),(30,(23,(24,7))))),(20,((2,(1,28)),12))),(26,15)));

STEP 91 [SPR_ClassicHeuristic_RFC -> NNI_Substep_91] - Distance: 10.0000
(((8,(11,9)),(((18,27),((6,14),25)),(22,(16,(29,17))))),(((19,((10,(5,(3,(21,4)))),(30,(23,(24,7))))),(20,((2,(1,28)),12))),((26,15),13)));

STEP 92 [SPR_ClassicHeuristic_RFC -> NNI_Substep_92] - Distance: 9.0000
(((8,(11,9)),(((18,27),((6,14),25)),(22,(16,(29,17))))),(((19,((10,(5,(3,(21,4)))),(30,(23,(24,7))))),(20,((2,(1,28)),12))),(26,(15,13))));

STEP 93 [SPR_ClassicHeuristic_RFC -> NNI_Substep_93] - Distance: 9.0000
(((8,(11,9)),(((18,27),((6,14),25)),(22,(16,(29,17))))),((((19,((10,(5,(3,(21,4)))),(30,(23,(24,7))))),(20,((2,(1,28)),12))),26),(15,13)));

STEP 94 [SPR_ClassicHeuristic_RFC -> NNI_Substep_94] - Distance: 9.0000
(((8,(11,9)),(((18,27),((6,14),25)),(22,(16,(29,17))))),((((19,((10,(5,(3,(21,4)))),(30,(23,(24,7))))),(20,((2,(1,28)),12))),(15,13)),26));

STEP 95 [SPR_ClassicHeuristic_RFC -> NNI_Substep_95] - Distance: 9.0000
(((8,(11,9)),(((18,27),((6,14),25)),(22,(16,(29,17))))),(((19,((10,(5,(3,(21,4)))),(30,(23,(24,7))))),((20,((2,(1,28)),12)),(15,13))),26));

STEP 96 [SPR_ClassicHeuristic_RFC -> NNI_Substep_96] - Distance: 9.0000
(((8,(11,9)),(((18,27),((6,14),25)),(22,(16,(29,17))))),(((19,((10,(5,(3,(21,4)))),(30,(23,(24,7))))),(20,(((2,(1,28)),12),(15,13)))),26));

STEP 97 [SPR_ClassicHeuristic_RFC -> NNI_Substep_97] - Distance: 8.0000
(((8,(11,9)),(((18,27),((6,14),25)),(22,(16,(29,17))))),(((19,((10,(5,(3,(21,4)))),(30,(23,(24,7))))),(20,((2,(1,28)),(12,(15,13))))),26));

STEP 98 [SPR_ClassicHeuristic_RFC -> NNI_Substep_98] - Distance: 8.0000
(((8,(11,9)),((((18,27),25),(6,14)),(22,(16,(29,17))))),(((19,((10,(5,(3,(21,4)))),(30,(23,(24,7))))),(20,((2,(1,28)),(12,(15,13))))),26));

STEP 99 [SPR_ClassicHeuristic_RFC -> NNI_Substep_99] - Distance: 8.0000
(((8,(11,9)),((((18,27),25),(22,(16,(29,17)))),(6,14))),(((19,((10,(5,(3,(21,4)))),(30,(23,(24,7))))),(20,((2,(1,28)),(12,(15,13))))),26));

STEP 100 [SPR_ClassicHeuristic_RFC -> NNI_Substep_100] - Distance: 8.0000
((((8,(11,9)),(((18,27),25),(22,(16,(29,17))))),(6,14)),(((19,((10,(5,(3,(21,4)))),(30,(23,(24,7))))),(20,((2,(1,28)),(12,(15,13))))),26));

STEP 101 [SPR_ClassicHeuristic_RFC -> NNI_Substep_101] - Distance: 7.0000
(((8,(11,9)),(((18,27),25),(22,(16,(29,17))))),(((19,((10,(5,(3,(21,4)))),(30,(23,(24,7))))),(20,((2,(1,28)),(12,(15,13))))),(26,(6,14))));

STEP 102 [SPR_ClassicHeuristic_RFC -> NNI_Substep_102] - Distance: 7.0000
(((8,(11,9)),(((18,27),(22,(16,(29,17)))),25)),(((19,((10,(5,(3,(21,4)))),(30,(23,(24,7))))),(20,((2,(1,28)),(12,(15,13))))),(26,(6,14))));

STEP 103 [SPR_ClassicHeuristic_RFC -> NNI_Substep_103] - Distance: 7.0000
((((8,(11,9)),((18,27),(22,(16,(29,17))))),25),(((19,((10,(5,(3,(21,4)))),(30,(23,(24,7))))),(20,((2,(1,28)),(12,(15,13))))),(26,(6,14))));

STEP 104 [SPR_ClassicHeuristic_RFC -> NNI_Substep_104] - Distance: 7.0000
(((8,(11,9)),((18,27),(22,(16,(29,17))))),((((19,((10,(5,(3,(21,4)))),(30,(23,(24,7))))),(20,((2,(1,28)),(12,(15,13))))),25),(26,(6,14))));

STEP 105 [SPR_ClassicHeuristic_RFC -> NNI_Substep_105] - Distance: 7.0000
(((8,(11,9)),((18,27),(22,(16,(29,17))))),(((19,((10,(5,(3,(21,4)))),(30,(23,(24,7))))),((20,((2,(1,28)),(12,(15,13)))),25)),(26,(6,14))));

STEP 106 [SPR_ClassicHeuristic_RFC -> NNI_Substep_106] - Distance: 6.0000
(((8,(11,9)),((18,27),(22,(16,(29,17))))),(((19,((10,(5,(3,(21,4)))),(30,(23,(24,7))))),((20,25),((2,(1,28)),(12,(15,13))))),(26,(6,14))));

STEP 107 [SPR_ClassicHeuristic_RFC -> NNI_Substep_107] - Distance: 5.0000
(((8,(11,9)),((18,27),(22,(16,(29,17))))),(((19,((10,(5,(3,(21,4)))),(30,(23,(24,7))))),(((20,25),(2,(1,28))),(12,(15,13)))),(26,(6,14))));

STEP 108 [SPR_ClassicHeuristic_RFC -> NNI_Substep_108] - Distance: 5.0000
(((8,(11,9)),((18,27),(22,(16,(29,17))))),((((19,((10,(5,(3,(21,4)))),(30,(23,(24,7))))),((20,25),(2,(1,28)))),(12,(15,13))),(26,(6,14))));

STEP 109 [SPR_ClassicHeuristic_RFC -> NNI_Substep_109] - Distance: 5.0000
(((8,(11,9)),((18,27),(22,(16,(29,17))))),((((19,((10,(5,(3,(21,4)))),(30,(23,(24,7))))),((20,25),(2,(1,28)))),(26,(6,14))),(12,(15,13))));

STEP 110 [SPR_ClassicHeuristic_RFC -> NNI_Substep_110] - Distance: 5.0000
(((8,(11,9)),(((18,27),(22,(16,(29,17)))),(12,(15,13)))),(((19,((10,(5,(3,(21,4)))),(30,(23,(24,7))))),((20,25),(2,(1,28)))),(26,(6,14))));

STEP 111 [SPR_ClassicHeuristic_RFC -> NNI_Substep_111] - Distance: 4.0000
(((8,(11,9)),((18,27),((22,(16,(29,17))),(12,(15,13))))),(((19,((10,(5,(3,(21,4)))),(30,(23,(24,7))))),((20,25),(2,(1,28)))),(26,(6,14))));

STEP 112 [SPR_ClassicHeuristic_RFC -> NNI_Substep_112] - Distance: 3.0000
(((18,27),(((22,(16,(29,17))),(12,(15,13))),(8,(11,9)))),(((19,((10,(5,(3,(21,4)))),(30,(23,(24,7))))),((20,25),(2,(1,28)))),(26,(6,14))));

STEP 113 [SPR_ClassicHeuristic_RFC -> NNI_Substep_113] - Distance: 3.0000
(((18,27),(((22,(16,(29,17))),(12,(15,13))),(8,(11,9)))),(((19,((10,(5,(3,(21,4)))),(30,(23,(24,7))))),(26,(6,14))),((20,25),(2,(1,28)))));

STEP 114 [SPR_ClassicHeuristic_RFC -> NNI_Substep_114] - Distance: 2.0000
((((18,27),((19,((10,(5,(3,(21,4)))),(30,(23,(24,7))))),(26,(6,14)))),(((22,(16,(29,17))),(12,(15,13))),(8,(11,9)))),((20,25),(2,(1,28))));

STEP 115 [SPR_ClassicHeuristic_RFC -> NNI_Substep_115] - Distance: 1.0000
(((18,27),(((19,((10,(5,(3,(21,4)))),(30,(23,(24,7))))),(26,(6,14))),(((22,(16,(29,17))),(12,(15,13))),(8,(11,9))))),((20,25),(2,(1,28))));

STEP 116 [SPR_ClassicHeuristic_RFC -> NNI_Substep_116] - Distance: 0.0000
(((18,27),((19,((10,(5,(3,(21,4)))),(30,(23,(24,7))))),((26,(6,14)),(((22,(16,(29,17))),(12,(15,13))),(8,(11,9)))))),((20,25),(2,(1,28))));

========================================================
[FINAL] Total Steps: 116 | Final Distance: 0.0000
========================================================
