========================================================
HEURISTIC TRAJECTORY: VND Incremental (MP)
========================================================
STEP 0 [START] - Distance: 332.0000
((((((1,(14,20)),(11,10)),(24,((2,18),(26,5)))),(13,22)),(19,(((28,(27,(17,7))),(23,30)),(8,((16,(9,29)),((6,4),(25,(12,15)))))))),(21,3));

STEP 1 [NNI_IncrementalHeuristic_MP -> NNI_Substep_1] - Distance: 321.0000
((((21,3),(13,22)),(((1,(14,20)),(11,10)),(24,((2,18),(26,5))))),(19,(((28,(27,(17,7))),(23,30)),(8,((16,(9,29)),((6,4),(25,(12,15))))))));

STEP 2 [NNI_IncrementalHeuristic_MP -> NNI_Substep_2] - Distance: 317.0000
((((21,3),(13,22)),(((1,(14,20)),(11,10)),(24,((2,18),(26,5))))),((8,((16,(9,29)),((6,4),(25,(12,15))))),(((28,(27,(17,7))),(23,30)),19)));

STEP 3 [NNI_IncrementalHeuristic_MP -> NNI_Substep_3] - Distance: 305.0000
(((16,(9,29)),(8,((6,4),(25,(12,15))))),((((21,3),(13,22)),(((1,(14,20)),(11,10)),(24,((2,18),(26,5))))),(((28,(27,(17,7))),(23,30)),19)));

STEP 4 [NNI_IncrementalHeuristic_MP -> NNI_Substep_4] - Distance: 304.0000
(((16,(9,29)),(8,((6,4),(25,(12,15))))),((((21,3),(13,22)),(((24,((2,18),(26,5))),(11,10)),(1,(14,20)))),(((28,(27,(17,7))),(23,30)),19)));

STEP 5 [NNI_IncrementalHeuristic_MP -> NNI_Substep_5] - Distance: 303.0000
(((16,(9,29)),(8,((6,4),(25,(12,15))))),((((21,3),(13,22)),(((24,((2,18),(26,5))),(11,10)),(1,(14,20)))),(((28,(17,(27,7))),(23,30)),19)));

STEP 6 [2sECR_IncrementalHeuristic_MP -> NNI_Substep_1] - Distance: 305.0000
(((16,(9,29)),(8,((6,4),(25,(12,15))))),(((1,(14,20)),(((21,3),(13,22)),((24,((2,18),(26,5))),(11,10)))),(((28,(17,(27,7))),(23,30)),19)));

STEP 7 [2sECR_IncrementalHeuristic_MP -> NNI_Substep_2] - Distance: 298.0000
(((16,(9,29)),(8,((6,4),(25,(12,15))))),((((21,3),(13,22)),((24,((2,18),(26,5))),(11,10))),((((28,(17,(27,7))),(23,30)),19),(1,(14,20)))));

STEP 8 [2sECR_IncrementalHeuristic_MP -> NNI_Substep_3] - Distance: 298.0000
(((16,(9,29)),(8,((6,4),(25,(12,15))))),((((21,3),(13,22)),((24,((2,18),(26,5))),(11,10))),(1,((((28,(17,(27,7))),(23,30)),19),(14,20)))));

STEP 9 [2sECR_IncrementalHeuristic_MP -> NNI_Substep_4] - Distance: 293.0000
(((16,(9,29)),(8,((6,4),(25,(12,15))))),(((((21,3),(13,22)),((24,((2,18),(26,5))),(11,10))),1),((((28,(17,(27,7))),(23,30)),19),(14,20))));

STEP 10 [2sECR_IncrementalHeuristic_MP -> NNI_Substep_5] - Distance: 291.0000
(((16,(9,29)),(8,((6,4),(25,(12,15))))),((((21,3),(13,22)),(1,((24,((2,18),(26,5))),(11,10)))),((((28,(17,(27,7))),(23,30)),19),(14,20))));

STEP 11 [2sECR_IncrementalHeuristic_MP -> NNI_Substep_6] - Distance: 291.0000
(((29,(16,9)),(8,((6,4),(25,(12,15))))),((((21,3),(13,22)),(1,((24,((2,18),(26,5))),(11,10)))),((((28,(17,(27,7))),(23,30)),19),(14,20))));

STEP 12 [2sECR_IncrementalHeuristic_MP -> NNI_Substep_7] - Distance: 290.0000
((((8,((6,4),(25,(12,15)))),(16,9)),29),((((21,3),(13,22)),(1,((24,((2,18),(26,5))),(11,10)))),((((28,(17,(27,7))),(23,30)),19),(14,20))));

STEP 13 [2sECR_IncrementalHeuristic_MP -> NNI_Substep_8] - Distance: 290.0000
((((8,((6,4),(25,(12,15)))),(16,9)),29),(((21,((13,22),3)),(1,((24,((2,18),(26,5))),(11,10)))),((((28,(17,(27,7))),(23,30)),19),(14,20))));

STEP 14 [2sECR_IncrementalHeuristic_MP -> NNI_Substep_9] - Distance: 289.0000
((((8,((6,4),(25,(12,15)))),(16,9)),29),((((1,((24,((2,18),(26,5))),(11,10))),((13,22),3)),21),((((28,(17,(27,7))),(23,30)),19),(14,20))));

STEP 15 [2sECR_IncrementalHeuristic_MP -> NNI_Substep_10] - Distance: 289.0000
((((8,((6,4),(25,(12,15)))),(16,9)),29),(21,(((((28,(17,(27,7))),(23,30)),19),(14,20)),((1,((24,((2,18),(26,5))),(11,10))),((13,22),3)))));

STEP 16 [2sECR_IncrementalHeuristic_MP -> NNI_Substep_11] - Distance: 277.0000
(((21,((8,((6,4),(25,(12,15)))),(16,9))),29),(((((28,(17,(27,7))),(23,30)),19),(14,20)),((1,((24,((2,18),(26,5))),(11,10))),((13,22),3))));

STEP 17 [2sECR_IncrementalHeuristic_MP -> NNI_Substep_12] - Distance: 276.0000
(((21,((8,((6,4),(25,(12,15)))),(16,9))),29),((20,((((28,(17,(27,7))),(23,30)),19),14)),((1,((24,((2,18),(26,5))),(11,10))),((13,22),3))));

STEP 18 [3sECR_IncrementalHeuristic_MP -> NNI_Substep_1] - Distance: 276.0000
(((21,((8,((6,4),(25,(12,15)))),(16,9))),29),((20,((((28,(17,(27,7))),(23,30)),19),14)),((1,((24,((2,18),(26,5))),(11,10))),((3,22),13))));

STEP 19 [3sECR_IncrementalHeuristic_MP -> NNI_Substep_2] - Distance: 276.0000
(((21,((8,((6,4),(25,(12,15)))),(16,9))),29),((20,((((28,(17,(27,7))),(23,30)),19),14)),(((1,((24,((2,18),(26,5))),(11,10))),(3,22)),13)));

STEP 20 [3sECR_IncrementalHeuristic_MP -> NNI_Substep_3] - Distance: 270.0000
(((21,((8,((6,4),(25,(12,15)))),(16,9))),29),(((20,((((28,(17,(27,7))),(23,30)),19),14)),13),((1,((24,((2,18),(26,5))),(11,10))),(3,22))));

STEP 21 [3sECR_IncrementalHeuristic_MP -> NNI_Substep_4] - Distance: 270.0000
((((20,((((28,(17,(27,7))),(23,30)),19),14)),13),((1,((24,((2,18),(26,5))),(11,10))),(3,22))),(29,((21,(8,((6,4),(25,(12,15))))),(16,9))));

STEP 22 [3sECR_IncrementalHeuristic_MP -> NNI_Substep_5] - Distance: 270.0000
((((20,((((28,(17,(27,7))),(23,30)),19),14)),13),((1,((24,((2,18),(26,5))),(11,10))),(3,22))),((29,(21,(8,((6,4),(25,(12,15)))))),(16,9)));

STEP 23 [3sECR_IncrementalHeuristic_MP -> NNI_Substep_6] - Distance: 252.0000
((((20,((((28,(17,(27,7))),(23,30)),19),14)),13),(((1,((24,((2,18),(26,5))),(11,10))),(3,22)),(16,9))),(29,(21,(8,((6,4),(25,(12,15)))))));

STEP 24 [3sECR_IncrementalHeuristic_MP -> NNI_Substep_7] - Distance: 248.0000
((((20,((((28,(17,(27,7))),(23,30)),19),14)),13),(((1,((24,((2,18),(26,5))),(11,10))),(16,9)),(3,22))),(29,(21,(8,((6,4),(25,(12,15)))))));

STEP 25 [3sECR_IncrementalHeuristic_MP -> NNI_Substep_8] - Distance: 247.0000
((((13,(14,(((28,(17,(27,7))),(23,30)),19))),20),(((1,((24,((2,18),(26,5))),(11,10))),(16,9)),(3,22))),(29,(21,(8,((6,4),(25,(12,15)))))));

STEP 26 [3sECR_IncrementalHeuristic_MP -> NNI_Substep_9] - Distance: 245.0000
(((((13,14),(((28,(17,(27,7))),(23,30)),19)),20),(((1,((24,((2,18),(26,5))),(11,10))),(16,9)),(3,22))),(29,(21,(8,((6,4),(25,(12,15)))))));

STEP 27 [3sECR_IncrementalHeuristic_MP -> NNI_Substep_10] - Distance: 245.0000
(((((13,14),(((28,(17,(27,7))),(23,30)),19)),20),((1,(((24,((2,18),(26,5))),(11,10)),(16,9))),(3,22))),(29,(21,(8,((6,4),(25,(12,15)))))));

STEP 28 [3sECR_IncrementalHeuristic_MP -> NNI_Substep_11] - Distance: 243.0000
(((((13,14),(((28,(17,(27,7))),(23,30)),19)),20),((1,(((24,((2,18),(26,5))),(16,9)),(11,10))),(3,22))),(29,(21,(8,((6,4),(25,(12,15)))))));

STEP 29 [3sECR_IncrementalHeuristic_MP -> NNI_Substep_12] - Distance: 242.0000
(((((13,14),(((28,(17,(27,7))),(23,30)),19)),20),((1,((((24,((2,18),(26,5))),9),16),(11,10))),(3,22))),(29,(21,(8,((6,4),(25,(12,15)))))));

STEP 30 [Heur. rSPR MP -> NNI_Substep_1] - Distance: 242.0000
(((((13,14),(((28,(17,(27,7))),(23,30)),19)),20),((1,((((24,((2,18),(26,5))),9),16),(11,10))),(3,22))),(29,(21,((8,(6,4)),(25,(12,15))))));

STEP 31 [Heur. rSPR MP -> NNI_Substep_2] - Distance: 242.0000
(((((13,14),(((28,(17,(27,7))),(23,30)),19)),20),((1,((((24,((2,18),(26,5))),9),16),(11,10))),(3,22))),(29,((21,(8,(6,4))),(25,(12,15)))));

STEP 32 [Heur. rSPR MP -> NNI_Substep_3] - Distance: 242.0000
(((((13,14),(((28,(17,(27,7))),(23,30)),19)),20),((1,((((24,((2,18),(26,5))),9),16),(11,10))),(3,22))),((29,(21,(8,(6,4)))),(25,(12,15))));

STEP 33 [Heur. rSPR MP -> NNI_Substep_4] - Distance: 222.0000
(((((13,14),(((28,(17,(27,7))),(23,30)),19)),20),(((1,((((24,((2,18),(26,5))),9),16),(11,10))),(3,22)),(25,(12,15)))),(29,(21,(8,(6,4)))));

STEP 34 [Heur. rSPR MP -> NNI_Substep_5] - Distance: 215.0000
(((((13,14),(((28,(17,(27,7))),(23,30)),19)),20),((1,((((24,((2,18),(26,5))),9),16),(11,10))),((3,22),(25,(12,15))))),(29,(21,(8,(6,4)))));

STEP 35 [Heur. rSPR MP -> NNI_Substep_6] - Distance: 214.0000
(((((13,14),(((28,(17,(27,7))),(23,30)),19)),20),((1,((((24,((2,18),(26,5))),9),16),(11,10))),((3,(25,(12,15))),22))),(29,(21,(8,(6,4)))));

STEP 36 [Heur. rSPR MP -> NNI_Substep_7] - Distance: 214.0000
(((((13,14),((((28,(17,(27,7))),23),30),19)),20),((1,((((24,((2,18),(26,5))),9),16),(11,10))),((3,(25,(12,15))),22))),(29,(21,(8,(6,4)))));

STEP 37 [Heur. rSPR MP -> NNI_Substep_8] - Distance: 214.0000
(((((13,14),((((28,(17,(27,7))),23),19),30)),20),((1,((((24,((2,18),(26,5))),9),16),(11,10))),((3,(25,(12,15))),22))),(29,(21,(8,(6,4)))));

STEP 38 [Heur. rSPR MP -> NNI_Substep_9] - Distance: 214.0000
((((((13,14),(((28,(17,(27,7))),23),19)),30),20),((1,((((24,((2,18),(26,5))),9),16),(11,10))),((3,(25,(12,15))),22))),(29,(21,(8,(6,4)))));

STEP 39 [Heur. rSPR MP -> NNI_Substep_10] - Distance: 214.0000
((((((13,14),(((28,(17,(27,7))),23),19)),20),30),((1,((((24,((2,18),(26,5))),9),16),(11,10))),((3,(25,(12,15))),22))),(29,(21,(8,(6,4)))));

STEP 40 [Heur. rSPR MP -> NNI_Substep_11] - Distance: 213.0000
((((((13,14),(((28,(17,(27,7))),23),19)),20),((1,((((24,((2,18),(26,5))),9),16),(11,10))),((3,(25,(12,15))),22))),30),(29,(21,(8,(6,4)))));

STEP 41 [Heur. rSPR MP -> NNI_Substep_12] - Distance: 190.0000
(((((13,14),(((28,(17,(27,7))),23),19)),20),((1,((((24,((2,18),(26,5))),9),16),(11,10))),((3,(25,(12,15))),22))),(29,((21,(8,(6,4))),30)));

STEP 42 [Heur. rSPR MP -> NNI_Substep_13] - Distance: 189.0000
(((((13,14),(((28,(17,(27,7))),23),19)),20),((1,((((24,((2,18),(26,5))),9),16),(11,10))),((3,(25,(12,15))),22))),(29,(21,((8,(6,4)),30))));

STEP 43 [Heur. rSPR MP -> NNI_Substep_14] - Distance: 189.0000
(((((13,14),(((28,(17,(27,7))),23),19)),20),((1,((((((2,18),(26,5)),9),24),16),(11,10))),((3,(25,(12,15))),22))),(29,(21,((8,(6,4)),30))));

STEP 44 [Heur. rSPR MP -> NNI_Substep_15] - Distance: 189.0000
(((((13,14),(((28,(17,(27,7))),23),19)),20),((1,((((((2,18),(26,5)),9),16),24),(11,10))),((3,(25,(12,15))),22))),(29,(21,((8,(6,4)),30))));

STEP 45 [Heur. rSPR MP -> NNI_Substep_16] - Distance: 189.0000
(((((13,14),(((28,(17,(27,7))),23),19)),20),((1,((((((2,18),(26,5)),9),16),(11,10)),24)),((3,(25,(12,15))),22))),(29,(21,((8,(6,4)),30))));

STEP 46 [Heur. rSPR MP -> NNI_Substep_17] - Distance: 189.0000
(((((13,14),(((28,(17,(27,7))),23),19)),20),(((1,(((((2,18),(26,5)),9),16),(11,10))),24),((3,(25,(12,15))),22))),(29,(21,((8,(6,4)),30))));

STEP 47 [Heur. rSPR MP -> NNI_Substep_18] - Distance: 189.0000
(((((13,14),(((28,(17,(27,7))),23),19)),20),(((1,(((((2,18),(26,5)),9),16),(11,10))),((3,(25,(12,15))),22)),24)),(29,(21,((8,(6,4)),30))));

STEP 48 [Heur. rSPR MP -> NNI_Substep_19] - Distance: 189.0000
((((((13,14),(((28,(17,(27,7))),23),19)),20),((1,(((((2,18),(26,5)),9),16),(11,10))),((3,(25,(12,15))),22))),24),(29,(21,((8,(6,4)),30))));

STEP 49 [Heur. rSPR MP -> NNI_Substep_20] - Distance: 166.0000
(((((13,14),(((28,(17,(27,7))),23),19)),20),((1,(((((2,18),(26,5)),9),16),(11,10))),((3,(25,(12,15))),22))),(29,((21,((8,(6,4)),30)),24)));

STEP 50 [Heur. rSPR MP -> NNI_Substep_21] - Distance: 163.0000
(((((13,14),(((28,(17,(27,7))),23),19)),20),((1,(((((2,18),(26,5)),9),16),(11,10))),((3,(25,(12,15))),22))),(29,((21,24),((8,(6,4)),30))));

STEP 51 [Heur. rSPR MP -> NNI_Substep_22] - Distance: 163.0000
(((((13,14),(((28,(17,(27,7))),23),19)),20),((1,(((((2,(26,5)),18),9),16),(11,10))),((3,(25,(12,15))),22))),(29,((21,24),((8,(6,4)),30))));

STEP 52 [Heur. rSPR MP -> NNI_Substep_23] - Distance: 163.0000
(((((13,14),(((28,(17,(27,7))),23),19)),20),((1,(((((2,(26,5)),9),18),16),(11,10))),((3,(25,(12,15))),22))),(29,((21,24),((8,(6,4)),30))));

STEP 53 [Heur. rSPR MP -> NNI_Substep_24] - Distance: 163.0000
(((((13,14),(((28,(17,(27,7))),23),19)),20),((1,(((((2,(26,5)),9),16),18),(11,10))),((3,(25,(12,15))),22))),(29,((21,24),((8,(6,4)),30))));

STEP 54 [Heur. rSPR MP -> NNI_Substep_25] - Distance: 163.0000
(((((13,14),(((28,(17,(27,7))),23),19)),20),((1,(((((2,(26,5)),9),16),(11,10)),18)),((3,(25,(12,15))),22))),(29,((21,24),((8,(6,4)),30))));

STEP 55 [Heur. rSPR MP -> NNI_Substep_26] - Distance: 163.0000
(((((13,14),(((28,(17,(27,7))),23),19)),20),(((1,((((2,(26,5)),9),16),(11,10))),18),((3,(25,(12,15))),22))),(29,((21,24),((8,(6,4)),30))));

STEP 56 [Heur. rSPR MP -> NNI_Substep_27] - Distance: 163.0000
(((((13,14),(((28,(17,(27,7))),23),19)),20),(((1,((((2,(26,5)),9),16),(11,10))),((3,(25,(12,15))),22)),18)),(29,((21,24),((8,(6,4)),30))));

STEP 57 [Heur. rSPR MP -> NNI_Substep_28] - Distance: 163.0000
((((((13,14),(((28,(17,(27,7))),23),19)),20),((1,((((2,(26,5)),9),16),(11,10))),((3,(25,(12,15))),22))),18),(29,((21,24),((8,(6,4)),30))));

STEP 58 [Heur. rSPR MP -> NNI_Substep_29] - Distance: 140.0000
(((((13,14),(((28,(17,(27,7))),23),19)),20),((1,((((2,(26,5)),9),16),(11,10))),((3,(25,(12,15))),22))),(29,(((21,24),((8,(6,4)),30)),18)));

STEP 59 [Heur. rSPR MP -> NNI_Substep_30] - Distance: 138.0000
(((((13,14),(((28,(17,(27,7))),23),19)),20),((1,((((2,(26,5)),9),16),(11,10))),((3,(25,(12,15))),22))),(29,((21,24),(((8,(6,4)),30),18))));

STEP 60 [Heur. rSPR MP -> NNI_Substep_31] - Distance: 136.0000
(((((13,14),(((28,(17,(27,7))),23),19)),20),((1,((((2,(26,5)),9),16),(11,10))),((3,(25,(12,15))),22))),(29,((21,24),((8,(6,4)),(30,18)))));

STEP 61 [Heur. rSPR MP -> NNI_Substep_32] - Distance: 136.0000
(((((13,14),(((28,(17,(27,7))),23),19)),20),((1,((((2,(26,5)),9),16),(11,10))),((3,(25,(12,15))),22))),(29,((21,24),(((8,4),6),(30,18)))));

STEP 62 [Heur. rSPR MP -> NNI_Substep_33] - Distance: 136.0000
(((((13,14),(((28,(17,(27,7))),23),19)),20),((1,((((2,(26,5)),9),16),(11,10))),((3,(25,(12,15))),22))),(29,((21,24),(((8,4),(30,18)),6))));

STEP 63 [Heur. rSPR MP -> NNI_Substep_34] - Distance: 136.0000
(((((13,14),(((28,(17,(27,7))),23),19)),20),((1,((((2,(26,5)),9),16),(11,10))),((3,(25,(12,15))),22))),(29,(((21,24),((8,4),(30,18))),6)));

STEP 64 [Heur. rSPR MP -> NNI_Substep_35] - Distance: 136.0000
(((((13,14),(((28,(17,(27,7))),23),19)),20),((1,((((2,(26,5)),9),16),(11,10))),((3,(25,(12,15))),22))),((29,((21,24),((8,4),(30,18)))),6));

STEP 65 [Heur. rSPR MP -> NNI_Substep_36] - Distance: 116.0000
((((((13,14),(((28,(17,(27,7))),23),19)),20),6),((1,((((2,(26,5)),9),16),(11,10))),((3,(25,(12,15))),22))),(29,((21,24),((8,4),(30,18)))));

STEP 66 [Heur. rSPR MP -> NNI_Substep_37] - Distance: 112.0000
(((((13,14),(((28,(17,(27,7))),23),19)),(20,6)),((1,((((2,(26,5)),9),16),(11,10))),((3,(25,(12,15))),22))),(29,((21,24),((8,4),(30,18)))));

STEP 67 [Heur. rSPR MP -> NNI_Substep_38] - Distance: 112.0000
(((((13,14),(((28,(17,(27,7))),19),23)),(20,6)),((1,((((2,(26,5)),9),16),(11,10))),((3,(25,(12,15))),22))),(29,((21,24),((8,4),(30,18)))));

STEP 68 [Heur. rSPR MP -> NNI_Substep_39] - Distance: 112.0000
((((((13,14),((28,(17,(27,7))),19)),23),(20,6)),((1,((((2,(26,5)),9),16),(11,10))),((3,(25,(12,15))),22))),(29,((21,24),((8,4),(30,18)))));

STEP 69 [Heur. rSPR MP -> NNI_Substep_40] - Distance: 112.0000
((((((13,14),((28,(17,(27,7))),19)),(20,6)),23),((1,((((2,(26,5)),9),16),(11,10))),((3,(25,(12,15))),22))),(29,((21,24),((8,4),(30,18)))));

STEP 70 [Heur. rSPR MP -> NNI_Substep_41] - Distance: 113.0000
((((((13,14),((28,(17,(27,7))),19)),(20,6)),((1,((((2,(26,5)),9),16),(11,10))),((3,(25,(12,15))),22))),23),(29,((21,24),((8,4),(30,18)))));

STEP 71 [Heur. rSPR MP -> NNI_Substep_42] - Distance: 105.0000
(((((13,14),((28,(17,(27,7))),19)),(20,6)),(((1,((((2,(26,5)),9),16),(11,10))),((3,(25,(12,15))),22)),23)),(29,((21,24),((8,4),(30,18)))));

STEP 72 [Heur. rSPR MP -> NNI_Substep_43] - Distance: 99.0000
(((((13,14),((28,(17,(27,7))),19)),(20,6)),((1,((((2,(26,5)),9),16),(11,10))),(((3,(25,(12,15))),22),23))),(29,((21,24),((8,4),(30,18)))));

STEP 73 [Heur. rSPR MP -> NNI_Substep_44] - Distance: 97.0000
(((((13,14),((28,(17,(27,7))),19)),(20,6)),((1,((((2,(26,5)),9),16),(11,10))),((3,(25,(12,15))),(22,23)))),(29,((21,24),((8,4),(30,18)))));

STEP 74 [Heur. rSPR MP -> NNI_Substep_45] - Distance: 97.0000
(((((13,14),((28,(17,(27,7))),19)),(20,6)),((1,(((((2,(26,5)),9),16),11),10)),((3,(25,(12,15))),(22,23)))),(29,((21,24),((8,4),(30,18)))));

STEP 75 [Heur. rSPR MP -> NNI_Substep_46] - Distance: 97.0000
(((((13,14),((28,(17,(27,7))),19)),(20,6)),(((1,((((2,(26,5)),9),16),11)),10),((3,(25,(12,15))),(22,23)))),(29,((21,24),((8,4),(30,18)))));

STEP 76 [Heur. rSPR MP -> NNI_Substep_47] - Distance: 96.0000
(((((13,14),((28,(17,(27,7))),19)),(20,6)),(((1,((((2,(26,5)),9),16),11)),((3,(25,(12,15))),(22,23))),10)),(29,((21,24),((8,4),(30,18)))));

STEP 77 [Heur. rSPR MP -> NNI_Substep_48] - Distance: 97.0000
((((((13,14),((28,(17,(27,7))),19)),(20,6)),((1,((((2,(26,5)),9),16),11)),((3,(25,(12,15))),(22,23)))),10),(29,((21,24),((8,4),(30,18)))));

STEP 78 [Heur. rSPR MP -> NNI_Substep_49] - Distance: 85.0000
((((((13,14),((28,(17,(27,7))),19)),(20,6)),10),((1,((((2,(26,5)),9),16),11)),((3,(25,(12,15))),(22,23)))),(29,((21,24),((8,4),(30,18)))));

STEP 79 [Heur. rSPR MP -> NNI_Substep_50] - Distance: 83.0000
((((((13,14),((28,(17,(27,7))),19)),10),(20,6)),((1,((((2,(26,5)),9),16),11)),((3,(25,(12,15))),(22,23)))),(29,((21,24),((8,4),(30,18)))));

STEP 80 [Heur. rSPR MP -> NNI_Substep_51] - Distance: 81.0000
(((((13,14),(((28,(17,(27,7))),19),10)),(20,6)),((1,((((2,(26,5)),9),16),11)),((3,(25,(12,15))),(22,23)))),(29,((21,24),((8,4),(30,18)))));

STEP 81 [Heur. rSPR MP -> NNI_Substep_52] - Distance: 80.0000
(((((13,14),((28,(17,(27,7))),(19,10))),(20,6)),((1,((((2,(26,5)),9),16),11)),((3,(25,(12,15))),(22,23)))),(29,((21,24),((8,4),(30,18)))));

STEP 82 [Heur. rSPR MP -> NNI_Substep_53] - Distance: 80.0000
(((((13,14),((28,(17,(27,7))),(19,10))),(20,6)),((1,((((2,(26,5)),9),16),11)),((3,((25,12),15)),(22,23)))),(29,((21,24),((8,4),(30,18)))));

STEP 83 [Heur. rSPR MP -> NNI_Substep_54] - Distance: 80.0000
(((((13,14),((28,(17,(27,7))),(19,10))),(20,6)),((1,((((2,(26,5)),9),16),11)),(((3,(25,12)),15),(22,23)))),(29,((21,24),((8,4),(30,18)))));

STEP 84 [Heur. rSPR MP -> NNI_Substep_55] - Distance: 80.0000
(((((13,14),((28,(17,(27,7))),(19,10))),(20,6)),((1,((((2,(26,5)),9),16),11)),(((3,(25,12)),(22,23)),15))),(29,((21,24),((8,4),(30,18)))));

STEP 85 [Heur. rSPR MP -> NNI_Substep_56] - Distance: 80.0000
(((((13,14),((28,(17,(27,7))),(19,10))),(20,6)),(((1,((((2,(26,5)),9),16),11)),((3,(25,12)),(22,23))),15)),(29,((21,24),((8,4),(30,18)))));

STEP 86 [Heur. rSPR MP -> NNI_Substep_57] - Distance: 80.0000
((((((13,14),((28,(17,(27,7))),(19,10))),(20,6)),((1,((((2,(26,5)),9),16),11)),((3,(25,12)),(22,23)))),15),(29,((21,24),((8,4),(30,18)))));

STEP 87 [Heur. rSPR MP -> NNI_Substep_58] - Distance: 68.0000
((((((13,14),((28,(17,(27,7))),(19,10))),(20,6)),15),((1,((((2,(26,5)),9),16),11)),((3,(25,12)),(22,23)))),(29,((21,24),((8,4),(30,18)))));

STEP 88 [Heur. rSPR MP -> NNI_Substep_59] - Distance: 66.0000
((((((13,14),((28,(17,(27,7))),(19,10))),15),(20,6)),((1,((((2,(26,5)),9),16),11)),((3,(25,12)),(22,23)))),(29,((21,24),((8,4),(30,18)))));

STEP 89 [Heur. rSPR MP -> NNI_Substep_60] - Distance: 64.0000
(((((13,14),(((28,(17,(27,7))),(19,10)),15)),(20,6)),((1,((((2,(26,5)),9),16),11)),((3,(25,12)),(22,23)))),(29,((21,24),((8,4),(30,18)))));

STEP 90 [Heur. rSPR MP -> NNI_Substep_61] - Distance: 63.0000
(((((13,14),((28,(17,(27,7))),((19,10),15))),(20,6)),((1,((((2,(26,5)),9),16),11)),((3,(25,12)),(22,23)))),(29,((21,24),((8,4),(30,18)))));

STEP 91 [Heur. rSPR MP -> NNI_Substep_62] - Distance: 62.0000
(((((13,14),((28,(17,(27,7))),(19,(10,15)))),(20,6)),((1,((((2,(26,5)),9),16),11)),((3,(25,12)),(22,23)))),(29,((21,24),((8,4),(30,18)))));

STEP 92 [Heur. rSPR MP -> NNI_Substep_63] - Distance: 62.0000
(((((13,14),(((17,(27,7)),(19,(10,15))),28)),(20,6)),((1,((((2,(26,5)),9),16),11)),((3,(25,12)),(22,23)))),(29,((21,24),((8,4),(30,18)))));

STEP 93 [Heur. rSPR MP -> NNI_Substep_64] - Distance: 62.0000
((((((13,14),((17,(27,7)),(19,(10,15)))),28),(20,6)),((1,((((2,(26,5)),9),16),11)),((3,(25,12)),(22,23)))),(29,((21,24),((8,4),(30,18)))));

STEP 94 [Heur. rSPR MP -> NNI_Substep_65] - Distance: 62.0000
((((((13,14),((17,(27,7)),(19,(10,15)))),(20,6)),28),((1,((((2,(26,5)),9),16),11)),((3,(25,12)),(22,23)))),(29,((21,24),((8,4),(30,18)))));

STEP 95 [Heur. rSPR MP -> NNI_Substep_66] - Distance: 61.0000
((((((13,14),((17,(27,7)),(19,(10,15)))),(20,6)),((1,((((2,(26,5)),9),16),11)),((3,(25,12)),(22,23)))),28),(29,((21,24),((8,4),(30,18)))));

STEP 96 [Heur. rSPR MP -> NNI_Substep_67] - Distance: 51.0000
(((((13,14),((17,(27,7)),(19,(10,15)))),(20,6)),(((1,((((2,(26,5)),9),16),11)),((3,(25,12)),(22,23))),28)),(29,((21,24),((8,4),(30,18)))));

STEP 97 [Heur. rSPR MP -> NNI_Substep_68] - Distance: 47.0000
(((((13,14),((17,(27,7)),(19,(10,15)))),(20,6)),(((1,((((2,(26,5)),9),16),11)),28),((3,(25,12)),(22,23)))),(29,((21,24),((8,4),(30,18)))));

STEP 98 [Heur. rSPR MP -> NNI_Substep_69] - Distance: 46.0000
(((((13,14),((17,(27,7)),(19,(10,15)))),(20,6)),((1,(((((2,(26,5)),9),16),11),28)),((3,(25,12)),(22,23)))),(29,((21,24),((8,4),(30,18)))));

STEP 99 [Heur. rSPR MP -> NNI_Substep_70] - Distance: 45.0000
(((((13,14),((17,(27,7)),(19,(10,15)))),(20,6)),((1,(((((2,(26,5)),9),16),28),11)),((3,(25,12)),(22,23)))),(29,((21,24),((8,4),(30,18)))));

STEP 100 [Heur. rSPR MP -> NNI_Substep_71] - Distance: 44.0000
(((((13,14),((17,(27,7)),(19,(10,15)))),(20,6)),((1,(((((2,(26,5)),9),28),16),11)),((3,(25,12)),(22,23)))),(29,((21,24),((8,4),(30,18)))));

STEP 101 [Heur. rSPR MP -> NNI_Substep_72] - Distance: 43.0000
(((((13,14),((17,(27,7)),(19,(10,15)))),(20,6)),((1,((((2,(26,5)),(9,28)),16),11)),((3,(25,12)),(22,23)))),(29,((21,24),((8,4),(30,18)))));

STEP 102 [Heur. rSPR MP -> NNI_Substep_73] - Distance: 43.0000
(((((13,14),((17,(27,7)),(19,(10,15)))),(20,6)),((1,(((((2,5),26),(9,28)),16),11)),((3,(25,12)),(22,23)))),(29,((21,24),((8,4),(30,18)))));

STEP 103 [Heur. rSPR MP -> NNI_Substep_74] - Distance: 43.0000
(((((13,14),((17,(27,7)),(19,(10,15)))),(20,6)),((1,(((((2,5),(9,28)),26),16),11)),((3,(25,12)),(22,23)))),(29,((21,24),((8,4),(30,18)))));

STEP 104 [Heur. rSPR MP -> NNI_Substep_75] - Distance: 43.0000
(((((13,14),((17,(27,7)),(19,(10,15)))),(20,6)),((1,(((((2,5),(9,28)),16),26),11)),((3,(25,12)),(22,23)))),(29,((21,24),((8,4),(30,18)))));

STEP 105 [Heur. rSPR MP -> NNI_Substep_76] - Distance: 43.0000
(((((13,14),((17,(27,7)),(19,(10,15)))),(20,6)),((1,(((((2,5),(9,28)),16),11),26)),((3,(25,12)),(22,23)))),(29,((21,24),((8,4),(30,18)))));

STEP 106 [Heur. rSPR MP -> NNI_Substep_77] - Distance: 43.0000
(((((13,14),((17,(27,7)),(19,(10,15)))),(20,6)),(((1,((((2,5),(9,28)),16),11)),26),((3,(25,12)),(22,23)))),(29,((21,24),((8,4),(30,18)))));

STEP 107 [Heur. rSPR MP -> NNI_Substep_78] - Distance: 42.0000
(((((13,14),((17,(27,7)),(19,(10,15)))),(20,6)),(((1,((((2,5),(9,28)),16),11)),((3,(25,12)),(22,23))),26)),(29,((21,24),((8,4),(30,18)))));

STEP 108 [Heur. rSPR MP -> NNI_Substep_79] - Distance: 35.0000
(((((13,14),((17,(27,7)),(19,(10,15)))),(20,6)),((1,((((2,5),(9,28)),16),11)),(((3,(25,12)),(22,23)),26))),(29,((21,24),((8,4),(30,18)))));

STEP 109 [Heur. rSPR MP -> NNI_Substep_80] - Distance: 33.0000
(((((13,14),((17,(27,7)),(19,(10,15)))),(20,6)),((1,((((2,5),(9,28)),16),11)),(((3,(25,12)),26),(22,23)))),(29,((21,24),((8,4),(30,18)))));

STEP 110 [Heur. rSPR MP -> NNI_Substep_81] - Distance: 33.0000
(((((13,14),((17,(27,7)),(19,(10,15)))),(20,6)),((1,((((2,5),(9,28)),16),11)),((((3,12),25),26),(22,23)))),(29,((21,24),((8,4),(30,18)))));

STEP 111 [Heur. rSPR MP -> NNI_Substep_82] - Distance: 33.0000
(((((13,14),((17,(27,7)),(19,(10,15)))),(20,6)),((1,((((2,5),(9,28)),16),11)),((((3,12),26),25),(22,23)))),(29,((21,24),((8,4),(30,18)))));

STEP 112 [Heur. rSPR MP -> NNI_Substep_83] - Distance: 33.0000
(((((13,14),((17,(27,7)),(19,(10,15)))),(20,6)),((1,((((2,5),(9,28)),16),11)),((((3,12),26),(22,23)),25))),(29,((21,24),((8,4),(30,18)))));

STEP 113 [Heur. rSPR MP -> NNI_Substep_84] - Distance: 32.0000
(((((13,14),((17,(27,7)),(19,(10,15)))),(20,6)),(((1,((((2,5),(9,28)),16),11)),(((3,12),26),(22,23))),25)),(29,((21,24),((8,4),(30,18)))));

STEP 114 [Heur. rSPR MP -> NNI_Substep_85] - Distance: 27.0000
(((((13,14),((17,(27,7)),(19,(10,15)))),(20,6)),(((1,((((2,5),(9,28)),16),11)),25),(((3,12),26),(22,23)))),(29,((21,24),((8,4),(30,18)))));

STEP 115 [Heur. rSPR MP -> NNI_Substep_86] - Distance: 22.0000
(((((13,14),((17,(27,7)),(19,(10,15)))),(20,6)),(((1,25),((((2,5),(9,28)),16),11)),(((3,12),26),(22,23)))),(29,((21,24),((8,4),(30,18)))));

STEP 116 [Heur. rSPR MP -> NNI_Substep_87] - Distance: 22.0000
(((((13,14),(((27,7),(19,(10,15))),17)),(20,6)),(((1,25),((((2,5),(9,28)),16),11)),(((3,12),26),(22,23)))),(29,((21,24),((8,4),(30,18)))));

STEP 117 [Heur. rSPR MP -> NNI_Substep_88] - Distance: 22.0000
((((((13,14),((27,7),(19,(10,15)))),17),(20,6)),(((1,25),((((2,5),(9,28)),16),11)),(((3,12),26),(22,23)))),(29,((21,24),((8,4),(30,18)))));

STEP 118 [Heur. rSPR MP -> NNI_Substep_89] - Distance: 21.0000
((((((13,14),((27,7),(19,(10,15)))),(20,6)),17),(((1,25),((((2,5),(9,28)),16),11)),(((3,12),26),(22,23)))),(29,((21,24),((8,4),(30,18)))));

STEP 119 [Heur. rSPR MP -> NNI_Substep_90] - Distance: 14.0000
(((((13,14),((27,7),(19,(10,15)))),((20,6),17)),(((1,25),((((2,5),(9,28)),16),11)),(((3,12),26),(22,23)))),(29,((21,24),((8,4),(30,18)))));

STEP 120 [Heur. rSPR MP -> NNI_Substep_91] - Distance: 13.0000
(((((13,14),((27,7),(19,(10,15)))),((20,17),6)),(((1,25),((((2,5),(9,28)),16),11)),(((3,12),26),(22,23)))),(29,((21,24),((8,4),(30,18)))));

STEP 121 [Heur. rSPR MP -> NNI_Substep_92] - Distance: 13.0000
(((((13,14),((27,7),(19,(10,15)))),((20,17),6)),(((1,25),((((2,(9,28)),5),16),11)),(((3,12),26),(22,23)))),(29,((21,24),((8,4),(30,18)))));

STEP 122 [Heur. rSPR MP -> NNI_Substep_93] - Distance: 13.0000
(((((13,14),((27,7),(19,(10,15)))),((20,17),6)),(((1,25),((((2,(9,28)),16),5),11)),(((3,12),26),(22,23)))),(29,((21,24),((8,4),(30,18)))));

STEP 123 [Heur. rSPR MP -> NNI_Substep_94] - Distance: 13.0000
(((((13,14),((27,7),(19,(10,15)))),((20,17),6)),(((1,25),((((2,(9,28)),16),11),5)),(((3,12),26),(22,23)))),(29,((21,24),((8,4),(30,18)))));

STEP 124 [Heur. rSPR MP -> NNI_Substep_95] - Distance: 12.0000
(((((13,14),((27,7),(19,(10,15)))),((20,17),6)),((((1,25),(((2,(9,28)),16),11)),5),(((3,12),26),(22,23)))),(29,((21,24),((8,4),(30,18)))));

STEP 125 [Heur. rSPR MP -> NNI_Substep_96] - Distance: 7.0000
(((((13,14),((27,7),(19,(10,15)))),((20,17),6)),((((1,25),5),(((2,(9,28)),16),11)),(((3,12),26),(22,23)))),(29,((21,24),((8,4),(30,18)))));

STEP 126 [Heur. rSPR MP -> NNI_Substep_97] - Distance: 6.0000
(((((13,14),((27,7),(19,(10,15)))),((20,17),6)),(((1,(25,5)),(((2,(9,28)),16),11)),(((3,12),26),(22,23)))),(29,((21,24),((8,4),(30,18)))));

STEP 127 [Heur. rSPR MP -> NNI_Substep_98] - Distance: 6.0000
(((((13,14),((7,(19,(10,15))),27)),((20,17),6)),(((1,(25,5)),(((2,(9,28)),16),11)),(((3,12),26),(22,23)))),(29,((21,24),((8,4),(30,18)))));

STEP 128 [Heur. rSPR MP -> NNI_Substep_99] - Distance: 4.0000
((((((13,14),(7,(19,(10,15)))),27),((20,17),6)),(((1,(25,5)),(((2,(9,28)),16),11)),(((3,12),26),(22,23)))),(29,((21,24),((8,4),(30,18)))));

STEP 129 [Heur. rSPR MP -> NNI_Substep_100] - Distance: 0.0000
((((((13,14),27),(7,(19,(10,15)))),((20,17),6)),(((1,(25,5)),(((2,(9,28)),16),11)),(((3,12),26),(22,23)))),(29,((21,24),((8,4),(30,18)))));

========================================================
[FINAL] Total Steps: 129 | Final Distance: 0.0000
========================================================
