========================================================
HEURISTIC TRAJECTORY: VND Classic (MC_RF)
========================================================
STEP 0 [START] - Distance: 153.0000
(((((((11,10),(5,(9,23))),((3,(((24,(19,17)),(14,15)),(12,16))),(21,(1,(26,20))))),((4,(27,13)),(28,(25,22)))),(29,(2,30))),(18,7)),(8,6));

STEP 1 [NNI_ClassicHeuristic_MC_RF -> NNI_Substep_1] - Distance: 148.0000
(((((((11,10),(5,(9,23))),((3,(((12,16),(14,15)),(24,(19,17)))),(21,(1,(26,20))))),((4,(27,13)),(28,(25,22)))),(29,(2,30))),(18,7)),(8,6));

STEP 2 [NNI_ClassicHeuristic_MC_RF -> NNI_Substep_2] - Distance: 143.0000
((((18,7),(29,(2,30))),((((11,10),(5,(9,23))),((3,(((12,16),(14,15)),(24,(19,17)))),(21,(1,(26,20))))),((4,(27,13)),(28,(25,22))))),(8,6));

STEP 3 [NNI_ClassicHeuristic_MC_RF -> NNI_Substep_3] - Distance: 139.0000
(((((11,10),(5,(9,23))),((3,(((12,16),(14,15)),(24,(19,17)))),(21,(1,(26,20))))),(((18,7),(29,(2,30))),((4,(27,13)),(28,(25,22))))),(8,6));

STEP 4 [NNI_ClassicHeuristic_MC_RF -> NNI_Substep_4] - Distance: 136.0000
(((((11,10),(5,(9,23))),((3,(24,(((12,16),(14,15)),(19,17)))),(21,(1,(26,20))))),(((18,7),(29,(2,30))),((4,(27,13)),(28,(25,22))))),(8,6));

STEP 5 [NNI_ClassicHeuristic_MC_RF -> NNI_Substep_5] - Distance: 133.0000
(((((11,10),(5,(9,23))),((3,(24,(((12,16),(14,15)),(19,17)))),((26,20),(1,21)))),(((18,7),(29,(2,30))),((4,(27,13)),(28,(25,22))))),(8,6));

STEP 6 [NNI_ClassicHeuristic_MC_RF -> NNI_Substep_6] - Distance: 132.0000
(((((11,10),(5,(9,23))),((3,(24,((15,(14,(12,16))),(19,17)))),((26,20),(1,21)))),(((18,7),(29,(2,30))),((4,(27,13)),(28,(25,22))))),(8,6));

STEP 7 [NNI_ClassicHeuristic_MC_RF -> NNI_Substep_7] - Distance: 129.0000
(((((11,10),(5,(9,23))),((3,(24,((15,(12,(14,16))),(19,17)))),((26,20),(1,21)))),(((18,7),(29,(2,30))),((4,(27,13)),(28,(25,22))))),(8,6));

STEP 8 [SPR_ClassicHeuristic_MC_RF -> NNI_Substep_1] - Distance: 129.0000
(((8,6),(((18,7),(29,(2,30))),((4,(27,13)),(28,(25,22))))),(((11,10),((5,23),9)),((3,(24,((15,(12,(14,16))),(19,17)))),((26,20),(1,21)))));

STEP 9 [SPR_ClassicHeuristic_MC_RF -> NNI_Substep_2] - Distance: 130.0000
(((8,6),(((18,7),(29,(2,30))),((4,(27,13)),(28,(25,22))))),((((11,10),(5,23)),9),((3,(24,((15,(12,(14,16))),(19,17)))),((26,20),(1,21)))));

STEP 10 [SPR_ClassicHeuristic_MC_RF -> NNI_Substep_3] - Distance: 133.0000
(((8,6),(((18,7),(29,(2,30))),((4,(27,13)),(28,(25,22))))),((((11,10),(5,23)),((3,(24,((15,(12,(14,16))),(19,17)))),((26,20),(1,21)))),9));

STEP 11 [SPR_ClassicHeuristic_MC_RF -> NNI_Substep_4] - Distance: 131.0000
(((8,6),((((18,7),(29,(2,30))),((4,(27,13)),(28,(25,22)))),9)),(((11,10),(5,23)),((3,(24,((15,(12,(14,16))),(19,17)))),((26,20),(1,21)))));

STEP 12 [SPR_ClassicHeuristic_MC_RF -> NNI_Substep_5] - Distance: 129.0000
(((8,6),(((18,7),(29,(2,30))),(((4,(27,13)),(28,(25,22))),9))),(((11,10),(5,23)),((3,(24,((15,(12,(14,16))),(19,17)))),((26,20),(1,21)))));

STEP 13 [SPR_ClassicHeuristic_MC_RF -> NNI_Substep_6] - Distance: 125.0000
(((8,6),(((18,7),(29,(2,30))),(((4,(27,13)),9),(28,(25,22))))),(((11,10),(5,23)),((3,(24,((15,(12,(14,16))),(19,17)))),((26,20),(1,21)))));

STEP 14 [SPR_ClassicHeuristic_MC_RF -> NNI_Substep_7] - Distance: 125.0000
(((8,6),(((18,7),(29,(2,30))),((4,((27,13),9)),(28,(25,22))))),(((11,10),(5,23)),((3,(24,((15,(12,(14,16))),(19,17)))),((26,20),(1,21)))));

STEP 15 [SPR_ClassicHeuristic_MC_RF -> NNI_Substep_8] - Distance: 125.0000
(((8,6),(((18,7),(29,(2,30))),((4,((27,9),13)),(28,(25,22))))),(((11,10),(5,23)),((3,(24,((15,(12,(14,16))),(19,17)))),((26,20),(1,21)))));

STEP 16 [SPR_ClassicHeuristic_MC_RF -> NNI_Substep_9] - Distance: 127.0000
(((8,6),(((18,7),(29,(2,30))),(((4,(27,9)),13),(28,(25,22))))),(((11,10),(5,23)),((3,(24,((15,(12,(14,16))),(19,17)))),((26,20),(1,21)))));

STEP 17 [SPR_ClassicHeuristic_MC_RF -> NNI_Substep_10] - Distance: 129.0000
(((8,6),(((18,7),(29,(2,30))),(((4,(27,9)),(28,(25,22))),13))),(((11,10),(5,23)),((3,(24,((15,(12,(14,16))),(19,17)))),((26,20),(1,21)))));

STEP 18 [SPR_ClassicHeuristic_MC_RF -> NNI_Substep_11] - Distance: 131.0000
(((8,6),((((18,7),(29,(2,30))),((4,(27,9)),(28,(25,22)))),13)),(((11,10),(5,23)),((3,(24,((15,(12,(14,16))),(19,17)))),((26,20),(1,21)))));

STEP 19 [SPR_ClassicHeuristic_MC_RF -> NNI_Substep_12] - Distance: 130.0000
((((8,6),(((18,7),(29,(2,30))),((4,(27,9)),(28,(25,22))))),13),(((11,10),(5,23)),((3,(24,((15,(12,(14,16))),(19,17)))),((26,20),(1,21)))));

STEP 20 [SPR_ClassicHeuristic_MC_RF -> NNI_Substep_13] - Distance: 126.0000
(((8,6),(((18,7),(29,(2,30))),((4,(27,9)),(28,(25,22))))),(((11,10),(5,23)),(((3,(24,((15,(12,(14,16))),(19,17)))),((26,20),(1,21))),13)));

STEP 21 [SPR_ClassicHeuristic_MC_RF -> NNI_Substep_14] - Distance: 123.0000
(((8,6),(((18,7),(29,(2,30))),((4,(27,9)),(28,(25,22))))),(((11,10),(5,23)),((3,(24,((15,(12,(14,16))),(19,17)))),(((26,20),(1,21)),13))));

STEP 22 [SPR_ClassicHeuristic_MC_RF -> NNI_Substep_15] - Distance: 120.0000
(((8,6),(((18,7),(29,(2,30))),((4,(27,9)),(28,(25,22))))),(((11,10),(5,23)),((3,(24,((15,(12,(14,16))),(19,17)))),(((26,20),13),(1,21)))));

STEP 23 [SPR_ClassicHeuristic_MC_RF -> NNI_Substep_16] - Distance: 118.0000
(((8,6),(((18,7),(29,(2,30))),((4,(27,9)),(28,(25,22))))),(((11,10),(5,23)),((3,(24,((15,(12,(14,16))),(19,17)))),((26,(20,13)),(1,21)))));

STEP 24 [SPR_ClassicHeuristic_MC_RF -> NNI_Substep_17] - Distance: 120.0000
(((8,6),(((18,7),((29,2),30)),((4,(27,9)),(28,(25,22))))),(((11,10),(5,23)),((3,(24,((15,(12,(14,16))),(19,17)))),((26,(20,13)),(1,21)))));

STEP 25 [SPR_ClassicHeuristic_MC_RF -> NNI_Substep_18] - Distance: 121.0000
(((8,6),((((18,7),(29,2)),30),((4,(27,9)),(28,(25,22))))),(((11,10),(5,23)),((3,(24,((15,(12,(14,16))),(19,17)))),((26,(20,13)),(1,21)))));

STEP 26 [SPR_ClassicHeuristic_MC_RF -> NNI_Substep_19] - Distance: 124.0000
(((8,6),((((18,7),(29,2)),((4,(27,9)),(28,(25,22)))),30)),(((11,10),(5,23)),((3,(24,((15,(12,(14,16))),(19,17)))),((26,(20,13)),(1,21)))));

STEP 27 [SPR_ClassicHeuristic_MC_RF -> NNI_Substep_20] - Distance: 123.0000
((((8,6),(((18,7),(29,2)),((4,(27,9)),(28,(25,22))))),30),(((11,10),(5,23)),((3,(24,((15,(12,(14,16))),(19,17)))),((26,(20,13)),(1,21)))));

STEP 28 [SPR_ClassicHeuristic_MC_RF -> NNI_Substep_21] - Distance: 119.0000
(((8,6),(((18,7),(29,2)),((4,(27,9)),(28,(25,22))))),(((11,10),(5,23)),(((3,(24,((15,(12,(14,16))),(19,17)))),((26,(20,13)),(1,21))),30)));

STEP 29 [SPR_ClassicHeuristic_MC_RF -> NNI_Substep_22] - Distance: 116.0000
(((8,6),(((18,7),(29,2)),((4,(27,9)),(28,(25,22))))),(((11,10),(5,23)),((3,(24,((15,(12,(14,16))),(19,17)))),(((26,(20,13)),(1,21)),30))));

STEP 30 [SPR_ClassicHeuristic_MC_RF -> NNI_Substep_23] - Distance: 114.0000
(((8,6),(((18,7),(29,2)),((4,(27,9)),(28,(25,22))))),(((11,10),(5,23)),((3,(24,((15,(12,(14,16))),(19,17)))),((26,(20,13)),((1,21),30)))));

STEP 31 [SPR_ClassicHeuristic_MC_RF -> NNI_Substep_24] - Distance: 112.0000
(((8,6),(((18,7),(29,2)),((4,(27,9)),(28,(25,22))))),(((11,10),(5,23)),((3,(24,((15,(12,(14,16))),(19,17)))),((26,(20,13)),((1,30),21)))));

STEP 32 [SPR_ClassicHeuristic_MC_RF -> NNI_Substep_25] - Distance: 112.0000
(((8,6),(((18,7),(29,2)),((4,(27,9)),(28,(25,22))))),(((11,10),(5,23)),(((3,((15,(12,(14,16))),(19,17))),24),((26,(20,13)),((1,30),21)))));

STEP 33 [SPR_ClassicHeuristic_MC_RF -> NNI_Substep_26] - Distance: 115.0000
(((8,6),(((18,7),(29,2)),((4,(27,9)),(28,(25,22))))),(((11,10),(5,23)),(((3,((15,(12,(14,16))),(19,17))),((26,(20,13)),((1,30),21))),24)));

STEP 34 [SPR_ClassicHeuristic_MC_RF -> NNI_Substep_27] - Distance: 111.0000
(((8,6),(((18,7),(29,2)),((4,(27,9)),(28,(25,22))))),(((11,10),(5,23)),((3,((15,(12,(14,16))),(19,17))),(((26,(20,13)),((1,30),21)),24))));

STEP 35 [SPR_ClassicHeuristic_MC_RF -> NNI_Substep_28] - Distance: 107.0000
(((8,6),(((18,7),(29,2)),((4,(27,9)),(28,(25,22))))),(((11,10),(5,23)),((3,((15,(12,(14,16))),(19,17))),(((26,(20,13)),24),((1,30),21)))));

STEP 36 [SPR_ClassicHeuristic_MC_RF -> NNI_Substep_29] - Distance: 105.0000
(((8,6),(((18,7),(29,2)),((4,(27,9)),(28,(25,22))))),(((11,10),(5,23)),((3,((15,(12,(14,16))),(19,17))),((26,((20,13),24)),((1,30),21)))));

STEP 37 [SPR_ClassicHeuristic_MC_RF -> NNI_Substep_30] - Distance: 111.0000
(((8,6),(((18,7),(29,2)),((4,(27,9)),(28,(25,22))))),(((11,10),((3,((15,(12,(14,16))),(19,17))),((26,((20,13),24)),((1,30),21)))),(5,23)));

STEP 38 [SPR_ClassicHeuristic_MC_RF -> NNI_Substep_31] - Distance: 111.0000
(((8,6),(((18,7),(29,2)),((4,(27,9)),(28,(25,22))))),((11,10),(((3,((15,(12,(14,16))),(19,17))),((26,((20,13),24)),((1,30),21))),(5,23))));

STEP 39 [SPR_ClassicHeuristic_MC_RF -> NNI_Substep_32] - Distance: 108.0000
(((8,6),(((18,7),(29,2)),((4,(27,9)),(28,(25,22))))),((11,10),((3,((15,(12,(14,16))),(19,17))),(((26,((20,13),24)),((1,30),21)),(5,23)))));

STEP 40 [SPR_ClassicHeuristic_MC_RF -> NNI_Substep_33] - Distance: 102.0000
(((8,6),(((18,7),(29,2)),((4,(27,9)),(28,(25,22))))),((11,10),((3,((15,(12,(14,16))),(19,17))),((26,((20,13),24)),(((1,30),21),(5,23))))));

STEP 41 [SPR_ClassicHeuristic_MC_RF -> NNI_Substep_34] - Distance: 100.0000
(((8,6),(((18,7),(29,2)),((4,(27,9)),(28,(25,22))))),((11,10),((3,((15,(12,(14,16))),(19,17))),((26,((20,13),24)),((1,30),(21,(5,23)))))));

STEP 42 [SPR_ClassicHeuristic_MC_RF -> NNI_Substep_35] - Distance: 101.0000
(((8,6),(((18,7),(29,2)),((4,(27,9)),(28,(25,22))))),((11,10),((3,(((12,(14,16)),(19,17)),15)),((26,((20,13),24)),((1,30),(21,(5,23)))))));

STEP 43 [SPR_ClassicHeuristic_MC_RF -> NNI_Substep_36] - Distance: 101.0000
(((8,6),(((18,7),(29,2)),((4,(27,9)),(28,(25,22))))),((11,10),(((3,((12,(14,16)),(19,17))),15),((26,((20,13),24)),((1,30),(21,(5,23)))))));

STEP 44 [SPR_ClassicHeuristic_MC_RF -> NNI_Substep_37] - Distance: 107.0000
(((8,6),(((18,7),(29,2)),((4,(27,9)),(28,(25,22))))),((11,10),(((3,((12,(14,16)),(19,17))),((26,((20,13),24)),((1,30),(21,(5,23))))),15)));

STEP 45 [SPR_ClassicHeuristic_MC_RF -> NNI_Substep_38] - Distance: 104.0000
(((8,6),(((18,7),(29,2)),((4,(27,9)),(28,(25,22))))),((11,10),((3,((12,(14,16)),(19,17))),(((26,((20,13),24)),((1,30),(21,(5,23)))),15))));

STEP 46 [SPR_ClassicHeuristic_MC_RF -> NNI_Substep_39] - Distance: 99.0000
(((8,6),(((18,7),(29,2)),((4,(27,9)),(28,(25,22))))),((11,10),((3,((12,(14,16)),(19,17))),((26,((20,13),24)),(((1,30),(21,(5,23))),15)))));

STEP 47 [SPR_ClassicHeuristic_MC_RF -> NNI_Substep_40] - Distance: 95.0000
(((8,6),(((18,7),(29,2)),((4,(27,9)),(28,(25,22))))),((11,10),((3,((12,(14,16)),(19,17))),((26,((20,13),24)),(((1,30),15),(21,(5,23)))))));

STEP 48 [SPR_ClassicHeuristic_MC_RF -> NNI_Substep_41] - Distance: 102.0000
(((8,(((18,7),(29,2)),((4,(27,9)),(28,(25,22))))),6),((11,10),((3,((12,(14,16)),(19,17))),((26,((20,13),24)),(((1,30),15),(21,(5,23)))))));

STEP 49 [SPR_ClassicHeuristic_MC_RF -> NNI_Substep_42] - Distance: 100.0000
((8,((((18,7),(29,2)),((4,(27,9)),(28,(25,22)))),6)),((11,10),((3,((12,(14,16)),(19,17))),((26,((20,13),24)),(((1,30),15),(21,(5,23)))))));

STEP 50 [SPR_ClassicHeuristic_MC_RF -> NNI_Substep_43] - Distance: 97.0000
((8,(((18,7),(29,2)),(((4,(27,9)),(28,(25,22))),6))),((11,10),((3,((12,(14,16)),(19,17))),((26,((20,13),24)),(((1,30),15),(21,(5,23)))))));

STEP 51 [SPR_ClassicHeuristic_MC_RF -> NNI_Substep_44] - Distance: 93.0000
((8,(((18,7),(29,2)),((4,(27,9)),((28,(25,22)),6)))),((11,10),((3,((12,(14,16)),(19,17))),((26,((20,13),24)),(((1,30),15),(21,(5,23)))))));

STEP 52 [SPR_ClassicHeuristic_MC_RF -> NNI_Substep_45] - Distance: 90.0000
((8,(((18,7),(29,2)),((4,(27,9)),((28,6),(25,22))))),((11,10),((3,((12,(14,16)),(19,17))),((26,((20,13),24)),(((1,30),15),(21,(5,23)))))));

STEP 53 [SPR_ClassicHeuristic_MC_RF -> NNI_Substep_46] - Distance: 97.0000
((8,(((18,7),(29,2)),((4,(27,9)),((28,6),(25,22))))),((11,((3,((12,(14,16)),(19,17))),((26,((20,13),24)),(((1,30),15),(21,(5,23)))))),10));

STEP 54 [SPR_ClassicHeuristic_MC_RF -> NNI_Substep_47] - Distance: 94.0000
((8,((((18,7),(29,2)),((4,(27,9)),((28,6),(25,22)))),10)),(11,((3,((12,(14,16)),(19,17))),((26,((20,13),24)),(((1,30),15),(21,(5,23)))))));

STEP 55 [SPR_ClassicHeuristic_MC_RF -> NNI_Substep_48] - Distance: 91.0000
((8,(((18,7),(29,2)),(((4,(27,9)),((28,6),(25,22))),10))),(11,((3,((12,(14,16)),(19,17))),((26,((20,13),24)),(((1,30),15),(21,(5,23)))))));

STEP 56 [SPR_ClassicHeuristic_MC_RF -> NNI_Substep_49] - Distance: 87.0000
((8,(((18,7),(29,2)),((4,(27,9)),(((28,6),(25,22)),10)))),(11,((3,((12,(14,16)),(19,17))),((26,((20,13),24)),(((1,30),15),(21,(5,23)))))));

STEP 57 [SPR_ClassicHeuristic_MC_RF -> NNI_Substep_50] - Distance: 84.0000
((8,(((18,7),(29,2)),((4,(27,9)),(((28,6),10),(25,22))))),(11,((3,((12,(14,16)),(19,17))),((26,((20,13),24)),(((1,30),15),(21,(5,23)))))));

STEP 58 [SPR_ClassicHeuristic_MC_RF -> NNI_Substep_51] - Distance: 86.0000
((8,(((18,7),(29,2)),((4,(27,9)),(((28,6),10),(25,22))))),(11,(((3,(19,17)),(12,(14,16))),((26,((20,13),24)),(((1,30),15),(21,(5,23)))))));

STEP 59 [SPR_ClassicHeuristic_MC_RF -> NNI_Substep_52] - Distance: 93.0000
((8,(((18,7),(29,2)),((4,(27,9)),(((28,6),10),(25,22))))),(11,(((3,(19,17)),((26,((20,13),24)),(((1,30),15),(21,(5,23))))),(12,(14,16)))));

STEP 60 [SPR_ClassicHeuristic_MC_RF -> NNI_Substep_53] - Distance: 95.0000
((8,(((18,7),(29,2)),((4,(27,9)),(((28,6),10),(25,22))))),((11,((3,(19,17)),((26,((20,13),24)),(((1,30),15),(21,(5,23)))))),(12,(14,16))));

STEP 61 [SPR_ClassicHeuristic_MC_RF -> NNI_Substep_54] - Distance: 86.0000
((8,((((18,7),(29,2)),((4,(27,9)),(((28,6),10),(25,22)))),(12,(14,16)))),(11,((3,(19,17)),((26,((20,13),24)),(((1,30),15),(21,(5,23)))))));

STEP 62 [SPR_ClassicHeuristic_MC_RF -> NNI_Substep_55] - Distance: 81.0000
((8,(((18,7),(29,2)),(((4,(27,9)),(((28,6),10),(25,22))),(12,(14,16))))),(11,((3,(19,17)),((26,((20,13),24)),(((1,30),15),(21,(5,23)))))));

STEP 63 [SPR_ClassicHeuristic_MC_RF -> NNI_Substep_56] - Distance: 75.0000
((8,(((18,7),(29,2)),((4,(27,9)),((((28,6),10),(25,22)),(12,(14,16)))))),(11,((3,(19,17)),((26,((20,13),24)),(((1,30),15),(21,(5,23)))))));

STEP 64 [SPR_ClassicHeuristic_MC_RF -> NNI_Substep_57] - Distance: 70.0000
((8,(((18,7),(29,2)),((4,(27,9)),((((28,6),10),(12,(14,16))),(25,22))))),(11,((3,(19,17)),((26,((20,13),24)),(((1,30),15),(21,(5,23)))))));

STEP 65 [SPR_ClassicHeuristic_MC_RF -> NNI_Substep_58] - Distance: 70.0000
((8,(((18,7),(29,2)),((4,(27,9)),((((28,6),10),(12,(14,16))),(25,22))))),(11,(((3,17),19),((26,((20,13),24)),(((1,30),15),(21,(5,23)))))));

STEP 66 [SPR_ClassicHeuristic_MC_RF -> NNI_Substep_59] - Distance: 77.0000
((8,(((18,7),(29,2)),((4,(27,9)),((((28,6),10),(12,(14,16))),(25,22))))),(11,(((3,17),((26,((20,13),24)),(((1,30),15),(21,(5,23))))),19)));

STEP 67 [SPR_ClassicHeuristic_MC_RF -> NNI_Substep_60] - Distance: 77.0000
((8,(((18,7),(29,2)),((4,(27,9)),((((28,6),10),(12,(14,16))),(25,22))))),((11,((3,17),((26,((20,13),24)),(((1,30),15),(21,(5,23)))))),19));

STEP 68 [SPR_ClassicHeuristic_MC_RF -> NNI_Substep_61] - Distance: 68.0000
((8,((((18,7),(29,2)),((4,(27,9)),((((28,6),10),(12,(14,16))),(25,22)))),19)),(11,((3,17),((26,((20,13),24)),(((1,30),15),(21,(5,23)))))));

STEP 69 [SPR_ClassicHeuristic_MC_RF -> NNI_Substep_62] - Distance: 65.0000
((8,(((18,7),(29,2)),(((4,(27,9)),((((28,6),10),(12,(14,16))),(25,22))),19))),(11,((3,17),((26,((20,13),24)),(((1,30),15),(21,(5,23)))))));

STEP 70 [SPR_ClassicHeuristic_MC_RF -> NNI_Substep_63] - Distance: 61.0000
((8,(((18,7),(29,2)),((4,(27,9)),(((((28,6),10),(12,(14,16))),(25,22)),19)))),(11,((3,17),((26,((20,13),24)),(((1,30),15),(21,(5,23)))))));

STEP 71 [SPR_ClassicHeuristic_MC_RF -> NNI_Substep_64] - Distance: 58.0000
((8,(((18,7),(29,2)),((4,(27,9)),(((((28,6),10),(12,(14,16))),19),(25,22))))),(11,((3,17),((26,((20,13),24)),(((1,30),15),(21,(5,23)))))));

STEP 72 [SPR_ClassicHeuristic_MC_RF -> NNI_Substep_65] - Distance: 59.0000
((8,((((18,7),29),2),((4,(27,9)),(((((28,6),10),(12,(14,16))),19),(25,22))))),(11,((3,17),((26,((20,13),24)),(((1,30),15),(21,(5,23)))))));

STEP 73 [SPR_ClassicHeuristic_MC_RF -> NNI_Substep_66] - Distance: 58.0000
((8,((((18,7),29),((4,(27,9)),(((((28,6),10),(12,(14,16))),19),(25,22)))),2)),(11,((3,17),((26,((20,13),24)),(((1,30),15),(21,(5,23)))))));

STEP 74 [SPR_ClassicHeuristic_MC_RF -> NNI_Substep_67] - Distance: 54.0000
((8,(((18,7),29),(((4,(27,9)),(((((28,6),10),(12,(14,16))),19),(25,22))),2))),(11,((3,17),((26,((20,13),24)),(((1,30),15),(21,(5,23)))))));

STEP 75 [SPR_ClassicHeuristic_MC_RF -> NNI_Substep_68] - Distance: 50.0000
((8,(((18,7),29),((4,(27,9)),((((((28,6),10),(12,(14,16))),19),(25,22)),2)))),(11,((3,17),((26,((20,13),24)),(((1,30),15),(21,(5,23)))))));

STEP 76 [SPR_ClassicHeuristic_MC_RF -> NNI_Substep_69] - Distance: 47.0000
((8,(((18,7),29),((4,(27,9)),((((((28,6),10),(12,(14,16))),19),2),(25,22))))),(11,((3,17),((26,((20,13),24)),(((1,30),15),(21,(5,23)))))));

STEP 77 [SPR_ClassicHeuristic_MC_RF -> NNI_Substep_70] - Distance: 38.0000
((8,(((18,7),29),((4,(27,9)),((((((28,6),10),(12,(14,16))),19),2),(25,22))))),(((3,17),11),((26,((20,13),24)),(((1,30),15),(21,(5,23))))));

STEP 78 [SPR_ClassicHeuristic_MC_RF -> NNI_Substep_71] - Distance: 38.0000
((8,(((18,7),29),((4,(27,9)),((((((28,6),10),(12,(14,16))),19),2),(25,22))))),(((3,11),17),((26,((20,13),24)),(((1,30),15),(21,(5,23))))));

STEP 79 [SPR_ClassicHeuristic_MC_RF -> NNI_Substep_72] - Distance: 45.0000
((8,(((18,7),29),((4,(27,9)),(((((((28,6),10),(12,(14,16))),19),2),22),25)))),(((3,11),17),((26,((20,13),24)),(((1,30),15),(21,(5,23))))));

STEP 80 [SPR_ClassicHeuristic_MC_RF -> NNI_Substep_73] - Distance: 47.0000
((8,(((18,7),29),(((4,(27,9)),((((((28,6),10),(12,(14,16))),19),2),22)),25))),(((3,11),17),((26,((20,13),24)),(((1,30),15),(21,(5,23))))));

STEP 81 [SPR_ClassicHeuristic_MC_RF -> NNI_Substep_74] - Distance: 47.0000
((8,((((18,7),29),((4,(27,9)),((((((28,6),10),(12,(14,16))),19),2),22))),25)),(((3,11),17),((26,((20,13),24)),(((1,30),15),(21,(5,23))))));

STEP 82 [SPR_ClassicHeuristic_MC_RF -> NNI_Substep_75] - Distance: 36.0000
((8,((((18,7),29),25),((4,(27,9)),((((((28,6),10),(12,(14,16))),19),2),22)))),(((3,11),17),((26,((20,13),24)),(((1,30),15),(21,(5,23))))));

STEP 83 [SPR_ClassicHeuristic_MC_RF -> NNI_Substep_76] - Distance: 33.0000
((8,(((18,7),(29,25)),((4,(27,9)),((((((28,6),10),(12,(14,16))),19),2),22)))),(((3,11),17),((26,((20,13),24)),(((1,30),15),(21,(5,23))))));

STEP 84 [SPR_ClassicHeuristic_MC_RF -> NNI_Substep_77] - Distance: 34.0000
((8,(((7,(29,25)),18),((4,(27,9)),((((((28,6),10),(12,(14,16))),19),2),22)))),(((3,11),17),((26,((20,13),24)),(((1,30),15),(21,(5,23))))));

STEP 85 [SPR_ClassicHeuristic_MC_RF -> NNI_Substep_78] - Distance: 43.0000
((8,(((7,(29,25)),((4,(27,9)),((((((28,6),10),(12,(14,16))),19),2),22))),18)),(((3,11),17),((26,((20,13),24)),(((1,30),15),(21,(5,23))))));

STEP 86 [SPR_ClassicHeuristic_MC_RF -> NNI_Substep_79] - Distance: 41.0000
((8,((7,(29,25)),(((4,(27,9)),((((((28,6),10),(12,(14,16))),19),2),22)),18))),(((3,11),17),((26,((20,13),24)),(((1,30),15),(21,(5,23))))));

STEP 87 [SPR_ClassicHeuristic_MC_RF -> NNI_Substep_80] - Distance: 39.0000
((8,((7,(29,25)),((4,(27,9)),(((((((28,6),10),(12,(14,16))),19),2),22),18)))),(((3,11),17),((26,((20,13),24)),(((1,30),15),(21,(5,23))))));

STEP 88 [SPR_ClassicHeuristic_MC_RF -> NNI_Substep_81] - Distance: 32.0000
((8,((7,(29,25)),((4,(27,9)),((((((28,6),10),(12,(14,16))),19),2),(22,18))))),(((3,11),17),((26,((20,13),24)),(((1,30),15),(21,(5,23))))));

STEP 89 [SPR_ClassicHeuristic_MC_RF -> NNI_Substep_82] - Distance: 36.0000
((8,((7,(29,25)),((4,((((((28,6),10),(12,(14,16))),19),2),(22,18))),(27,9)))),(((3,11),17),((26,((20,13),24)),(((1,30),15),(21,(5,23))))));

STEP 90 [SPR_ClassicHeuristic_MC_RF -> NNI_Substep_83] - Distance: 37.0000
((8,((7,(29,25)),(4,(((((((28,6),10),(12,(14,16))),19),2),(22,18)),(27,9))))),(((3,11),17),((26,((20,13),24)),(((1,30),15),(21,(5,23))))));

STEP 91 [SPR_ClassicHeuristic_MC_RF -> NNI_Substep_84] - Distance: 31.0000
((8,((7,(29,25)),(4,((((((28,6),10),(12,(14,16))),19),2),((22,18),(27,9)))))),(((3,11),17),((26,((20,13),24)),(((1,30),15),(21,(5,23))))));

STEP 92 [SPR_ClassicHeuristic_MC_RF -> NNI_Substep_85] - Distance: 38.0000
((8,((7,(29,25)),(4,((((((28,6),10),(12,(14,16))),19),2),((22,18),(27,9)))))),(((3,11),((26,((20,13),24)),(((1,30),15),(21,(5,23))))),17));

STEP 93 [SPR_ClassicHeuristic_MC_RF -> NNI_Substep_86] - Distance: 37.0000
((8,((7,(29,25)),(4,((((((28,6),10),(12,(14,16))),19),2),((22,18),(27,9)))))),((3,11),(((26,((20,13),24)),(((1,30),15),(21,(5,23)))),17)));

STEP 94 [SPR_ClassicHeuristic_MC_RF -> NNI_Substep_87] - Distance: 32.0000
((8,((7,(29,25)),(4,((((((28,6),10),(12,(14,16))),19),2),((22,18),(27,9)))))),((3,11),(((26,((20,13),24)),17),(((1,30),15),(21,(5,23))))));

STEP 95 [SPR_ClassicHeuristic_MC_RF -> NNI_Substep_88] - Distance: 30.0000
((8,((7,(29,25)),(4,((((((28,6),10),(12,(14,16))),19),2),((22,18),(27,9)))))),((3,11),(((26,17),((20,13),24)),(((1,30),15),(21,(5,23))))));

STEP 96 [SPR_ClassicHeuristic_MC_RF -> NNI_Substep_89] - Distance: 34.0000
((8,((7,(29,25)),(4,((((((28,6),10),(12,(14,16))),19),2),((22,18),(27,9)))))),((3,11),((((20,13),24),(((1,30),15),(21,(5,23)))),(26,17))));

STEP 97 [SPR_ClassicHeuristic_MC_RF -> NNI_Substep_90] - Distance: 34.0000
((8,((7,(29,25)),(4,((((((28,6),10),(12,(14,16))),19),2),((22,18),(27,9)))))),(((3,11),(((20,13),24),(((1,30),15),(21,(5,23))))),(26,17)));

STEP 98 [SPR_ClassicHeuristic_MC_RF -> NNI_Substep_91] - Distance: 39.0000
((8,(((7,(29,25)),(4,((((((28,6),10),(12,(14,16))),19),2),((22,18),(27,9))))),(26,17))),((3,11),(((20,13),24),(((1,30),15),(21,(5,23))))));

STEP 99 [SPR_ClassicHeuristic_MC_RF -> NNI_Substep_92] - Distance: 34.0000
((8,((7,(29,25)),((4,((((((28,6),10),(12,(14,16))),19),2),((22,18),(27,9)))),(26,17)))),((3,11),(((20,13),24),(((1,30),15),(21,(5,23))))));

STEP 100 [SPR_ClassicHeuristic_MC_RF -> NNI_Substep_93] - Distance: 31.0000
((8,((7,(29,25)),(4,(((((((28,6),10),(12,(14,16))),19),2),((22,18),(27,9))),(26,17))))),((3,11),(((20,13),24),(((1,30),15),(21,(5,23))))));

STEP 101 [SPR_ClassicHeuristic_MC_RF -> NNI_Substep_94] - Distance: 29.0000
((8,((7,(29,25)),(4,(((((((28,6),10),(12,(14,16))),19),2),(26,17)),((22,18),(27,9)))))),((3,11),(((20,13),24),(((1,30),15),(21,(5,23))))));

STEP 102 [SPR_ClassicHeuristic_MC_RF -> NNI_Substep_95] - Distance: 19.0000
(((7,(29,25)),(4,(((((((28,6),10),(12,(14,16))),19),2),(26,17)),((22,18),(27,9))))),((3,11),((((20,13),24),(((1,30),15),(21,(5,23)))),8)));

STEP 103 [SPR_ClassicHeuristic_MC_RF -> NNI_Substep_96] - Distance: 12.0000
(((7,(29,25)),(4,(((((((28,6),10),(12,(14,16))),19),2),(26,17)),((22,18),(27,9))))),((3,11),((((20,13),24),8),(((1,30),15),(21,(5,23))))));

STEP 104 [SPR_ClassicHeuristic_MC_RF -> NNI_Substep_97] - Distance: 7.0000
(((7,(29,25)),((4,((((((28,6),10),(12,(14,16))),19),2),(26,17))),((22,18),(27,9)))),((3,11),((((20,13),24),8),(((1,30),15),(21,(5,23))))));

STEP 105 [SPR_ClassicHeuristic_MC_RF -> NNI_Substep_98] - Distance: 0.0000
((((7,(29,25)),(4,((((((28,6),10),(12,(14,16))),19),2),(26,17)))),((22,18),(27,9))),((3,11),((((20,13),24),8),(((1,30),15),(21,(5,23))))));

========================================================
[FINAL] Total Steps: 105 | Final Distance: 0.0000
========================================================
