========================================================
HEURISTIC TRAJECTORY: 2. NNI (Incremental) (M3)
========================================================
STEP 0 [START] - Distance: 3338.0000
((20,(2,17)),((9,1),(30,18)),(((26,(((5,29),(3,(21,(14,23)))),(24,6))),((13,(8,28)),(22,11))),((((19,7),(25,15)),(16,27)),(4,(10,12)))));

STEP 1 [NNI_IncrementalHeuristic_M3 -> NNI_Substep_1] - Distance: 3259.0000
(((26,(((5,29),(3,(21,(14,23)))),(24,6))),((13,(8,28)),(22,11))),((9,1),(30,18)),((20,(2,17)),((((19,7),(25,15)),(16,27)),(4,(10,12)))));

STEP 2 [NNI_IncrementalHeuristic_M3 -> NNI_Substep_2] - Distance: 3203.0000
((9,1),(((26,(((5,29),(3,(21,(14,23)))),(24,6))),((13,(8,28)),(22,11))),(30,18)),((20,(2,17)),((((19,7),(25,15)),(16,27)),(4,(10,12)))));

STEP 3 [NNI_IncrementalHeuristic_M3 -> NNI_Substep_3] - Distance: 3161.0000
((9,1),(((26,(((5,29),(3,(21,(14,23)))),(24,6))),((13,(8,28)),(22,11))),(30,18)),((20,(2,17)),(4,((((19,7),(25,15)),(16,27)),(10,12)))));

STEP 4 [NNI_IncrementalHeuristic_M3 -> NNI_Substep_4] - Distance: 3117.0000
((9,1),(((26,(((5,29),(3,(21,(14,23)))),(24,6))),((13,(8,28)),(22,11))),(30,18)),((20,(2,17)),(4,(((10,12),(16,27)),((19,7),(25,15))))));

STEP 5 [NNI_IncrementalHeuristic_M3 -> NNI_Substep_5] - Distance: 3092.0000
((9,1),(((26,(24,(((5,29),(3,(21,(14,23)))),6))),((13,(8,28)),(22,11))),(30,18)),((20,(2,17)),(4,(((10,12),(16,27)),((19,7),(25,15))))));

STEP 6 [NNI_IncrementalHeuristic_M3 -> NNI_Substep_6] - Distance: 3068.0000
((9,1),(((26,(24,(((5,29),(3,(21,(14,23)))),6))),((13,(8,28)),(22,11))),(30,18)),(4,((20,(2,17)),(((10,12),(16,27)),((19,7),(25,15))))));

STEP 7 [NNI_IncrementalHeuristic_M3 -> NNI_Substep_7] - Distance: 3045.0000
((9,1),(((26,((13,(8,28)),(22,11))),(24,(((5,29),(3,(21,(14,23)))),6))),(30,18)),(4,((20,(2,17)),(((10,12),(16,27)),((19,7),(25,15))))));

STEP 8 [NNI_IncrementalHeuristic_M3 -> NNI_Substep_8] - Distance: 3021.0000
((9,1),((((22,11),((13,(8,28)),26)),(24,(((5,29),(3,(21,(14,23)))),6))),(30,18)),(4,((20,(2,17)),(((10,12),(16,27)),((19,7),(25,15))))));

STEP 9 [NNI_IncrementalHeuristic_M3 -> NNI_Substep_9] - Distance: 3001.0000
((((((22,11),((13,(8,28)),26)),(24,(((5,29),(3,(21,(14,23)))),6))),(30,18)),1),9,(4,((20,(2,17)),(((10,12),(16,27)),((19,7),(25,15))))));

STEP 10 [NNI_IncrementalHeuristic_M3 -> NNI_Substep_10] - Distance: 2989.0000
(((20,(2,17)),(((10,12),(16,27)),((19,7),(25,15)))),9,(4,(((((22,11),((13,(8,28)),26)),(24,(((5,29),(3,(21,(14,23)))),6))),(30,18)),1)));

STEP 11 [NNI_IncrementalHeuristic_M3 -> NNI_Substep_11] - Distance: 2977.0000
(((20,(2,17)),((19,7),(((10,12),(16,27)),(25,15)))),9,(4,(((((22,11),((13,(8,28)),26)),(24,(((5,29),(3,(21,(14,23)))),6))),(30,18)),1)));

STEP 12 [NNI_IncrementalHeuristic_M3 -> NNI_Substep_12] - Distance: 2892.0000
(((((10,12),(16,27)),(25,15)),((19,7),(20,(2,17)))),9,(4,(((((22,11),((13,(8,28)),26)),(24,(((5,29),(3,(21,(14,23)))),6))),(30,18)),1)));

STEP 13 [NNI_IncrementalHeuristic_M3 -> NNI_Substep_13] - Distance: 2870.0000
(((((10,12),(16,27)),(25,15)),(20,((19,7),(2,17)))),9,(4,(((((22,11),((13,(8,28)),26)),(24,(((5,29),(3,(21,(14,23)))),6))),(30,18)),1)));

STEP 14 [NNI_IncrementalHeuristic_M3 -> NNI_Substep_14] - Distance: 2860.0000
(((((10,12),(16,27)),(25,15)),(20,((19,7),(2,17)))),9,(4,(((((22,11),((13,(8,28)),26)),(24,(((5,29),(3,(21,(14,23)))),6))),1),(30,18))));

STEP 15 [NNI_IncrementalHeuristic_M3 -> NNI_Substep_15] - Distance: 2838.0000
(((((10,12),(16,27)),(25,15)),(20,((19,7),(2,17)))),9,(4,(((1,(24,(((5,29),(3,(21,(14,23)))),6))),((22,11),((13,(8,28)),26))),(30,18))));

STEP 16 [NNI_IncrementalHeuristic_M3 -> NNI_Substep_16] - Distance: 2831.0000
((((27,(16,(10,12))),(25,15)),(20,((19,7),(2,17)))),9,(4,(((1,(24,(((5,29),(3,(21,(14,23)))),6))),((22,11),((13,(8,28)),26))),(30,18))));

STEP 17 [NNI_IncrementalHeuristic_M3 -> NNI_Substep_17] - Distance: 2825.0000
(((((25,15),(16,(10,12))),27),(20,((19,7),(2,17)))),9,(4,(((1,(24,(((5,29),(3,(21,(14,23)))),6))),((22,11),((13,(8,28)),26))),(30,18))));

STEP 18 [NNI_IncrementalHeuristic_M3 -> NNI_Substep_18] - Distance: 2807.0000
(((((25,15),(16,(10,12))),(20,((19,7),(2,17)))),27),9,(4,(((1,(24,(((5,29),(3,(21,(14,23)))),6))),((22,11),((13,(8,28)),26))),(30,18))));

STEP 19 [NNI_IncrementalHeuristic_M3 -> NNI_Substep_19] - Distance: 2801.0000
(((((25,15),(16,(10,12))),(20,((19,7),(2,17)))),9),27,(4,(((1,(24,(((5,29),(3,(21,(14,23)))),6))),((22,11),((13,(8,28)),26))),(30,18))));

STEP 20 [NNI_IncrementalHeuristic_M3 -> NNI_Substep_20] - Distance: 2794.0000
((((1,(24,(((5,29),(3,(21,(14,23)))),6))),((22,11),((13,(8,28)),26))),(30,18)),27,(4,((((25,15),(16,(10,12))),(20,((19,7),(2,17)))),9)));

STEP 21 [NNI_IncrementalHeuristic_M3 -> NNI_Substep_21] - Distance: 2778.0000
((((1,(24,(((5,29),(3,(21,(14,23)))),6))),((22,11),((13,(8,28)),26))),27),(30,18),(4,((((25,15),(16,(10,12))),(20,((19,7),(2,17)))),9)));

STEP 22 [NNI_IncrementalHeuristic_M3 -> NNI_Substep_22] - Distance: 2729.0000
(((27,((22,11),((13,(8,28)),26))),(1,(24,(((5,29),(3,(21,(14,23)))),6)))),(30,18),(4,((((25,15),(16,(10,12))),(20,((19,7),(2,17)))),9)));

STEP 23 [NNI_IncrementalHeuristic_M3 -> NNI_Substep_23] - Distance: 2723.0000
(((27,((((13,(8,28)),26),11),22)),(1,(24,(((5,29),(3,(21,(14,23)))),6)))),(30,18),(4,((((25,15),(16,(10,12))),(20,((19,7),(2,17)))),9)));

STEP 24 [NNI_IncrementalHeuristic_M3 -> NNI_Substep_24] - Distance: 2700.0000
(((30,18),(1,(24,(((5,29),(3,(21,(14,23)))),6)))),(27,((((13,(8,28)),26),11),22)),(4,((((25,15),(16,(10,12))),(20,((19,7),(2,17)))),9)));

STEP 25 [NNI_IncrementalHeuristic_M3 -> NNI_Substep_25] - Distance: 2679.0000
(((30,18),(1,(24,(((5,29),(3,(21,(14,23)))),6)))),(22,((((13,(8,28)),26),11),27)),(4,((((25,15),(16,(10,12))),(20,((19,7),(2,17)))),9)));

STEP 26 [NNI_IncrementalHeuristic_M3 -> NNI_Substep_26] - Distance: 2660.0000
((((1,(24,(((5,29),(3,(21,(14,23)))),6))),18),30),(22,((((13,(8,28)),26),11),27)),(4,((((25,15),(16,(10,12))),(20,((19,7),(2,17)))),9)));

STEP 27 [NNI_IncrementalHeuristic_M3 -> NNI_Substep_27] - Distance: 2655.0000
((((1,(24,(((5,(3,(21,(14,23)))),29),6))),18),30),(22,((((13,(8,28)),26),11),27)),(4,((((25,15),(16,(10,12))),(20,((19,7),(2,17)))),9)));

STEP 28 [NNI_IncrementalHeuristic_M3 -> NNI_Substep_28] - Distance: 2645.0000
((((1,(24,((6,29),(5,(3,(21,(14,23))))))),18),30),(22,((((13,(8,28)),26),11),27)),(4,((((25,15),(16,(10,12))),(20,((19,7),(2,17)))),9)));

STEP 29 [NNI_IncrementalHeuristic_M3 -> NNI_Substep_29] - Distance: 2642.0000
((((1,(24,((6,29),(3,(5,(21,(14,23))))))),18),30),(22,((((13,(8,28)),26),11),27)),(4,((((25,15),(16,(10,12))),(20,((19,7),(2,17)))),9)));

STEP 30 [NNI_IncrementalHeuristic_M3 -> NNI_Substep_30] - Distance: 2639.0000
((((1,(24,((6,29),(3,(21,(5,(14,23))))))),18),30),(22,((((13,(8,28)),26),11),27)),(4,((((25,15),(16,(10,12))),(20,((19,7),(2,17)))),9)));

STEP 31 [NNI_IncrementalHeuristic_M3 -> NNI_Substep_31] - Distance: 2636.0000
((((1,(24,((6,29),(3,(21,(5,(14,23))))))),18),30),(22,((((13,(8,28)),26),11),27)),(4,((((25,15),(16,(10,12))),(20,(((2,17),7),19))),9)));

STEP 32 [NNI_IncrementalHeuristic_M3 -> NNI_Substep_32] - Distance: 2633.0000
((((1,(24,((6,29),(3,(21,(5,(14,23))))))),18),30),(22,((((13,(8,28)),26),11),27)),(4,((((25,15),(16,(10,12))),(19,(((2,17),7),20))),9)));

STEP 33 [NNI_IncrementalHeuristic_M3 -> NNI_Substep_33] - Distance: 2614.0000
((((1,(24,((6,29),(3,(21,(5,(14,23))))))),18),30),(22,((((13,(8,28)),26),11),27)),(4,((19,(((25,15),(16,(10,12))),(((2,17),7),20))),9)));

STEP 34 [NNI_IncrementalHeuristic_M3 -> NNI_Substep_34] - Distance: 2499.0000
((((1,(24,((6,29),(3,(21,(5,(14,23))))))),18),30),(22,((((13,(8,28)),26),11),27)),(4,((19,9),(((25,15),(16,(10,12))),(((2,17),7),20)))));

STEP 35 [NNI_IncrementalHeuristic_M3 -> NNI_Substep_35] - Distance: 2497.0000
((((24,(1,((6,29),(3,(21,(5,(14,23))))))),18),30),(22,((((13,(8,28)),26),11),27)),(4,((19,9),(((25,15),(16,(10,12))),(((2,17),7),20)))));

STEP 36 [NNI_IncrementalHeuristic_M3 -> NNI_Substep_36] - Distance: 2486.0000
((((18,(1,((6,29),(3,(21,(5,(14,23))))))),24),30),(22,((((13,(8,28)),26),11),27)),(4,((19,9),(((25,15),(16,(10,12))),(((2,17),7),20)))));

STEP 37 [NNI_IncrementalHeuristic_M3 -> NNI_Substep_37] - Distance: 2474.0000
((((18,(1,((6,29),(3,(21,(5,(14,23))))))),30),24),(22,((((13,(8,28)),26),11),27)),(4,((19,9),(((25,15),(16,(10,12))),(((2,17),7),20)))));

STEP 38 [NNI_IncrementalHeuristic_M3 -> NNI_Substep_38] - Distance: 2472.0000
((((18,((6,29),(1,(3,(21,(5,(14,23))))))),30),24),(22,((((13,(8,28)),26),11),27)),(4,((19,9),(((25,15),(16,(10,12))),(((2,17),7),20)))));

STEP 39 [NNI_IncrementalHeuristic_M3 -> NNI_Substep_39] - Distance: 2470.0000
(((((6,29),(18,(1,(3,(21,(5,(14,23))))))),30),24),(22,((((13,(8,28)),26),11),27)),(4,((19,9),(((25,15),(16,(10,12))),(((2,17),7),20)))));

STEP 40 [NNI_IncrementalHeuristic_M3 -> NNI_Substep_40] - Distance: 2466.0000
((((30,(18,(1,(3,(21,(5,(14,23))))))),(6,29)),24),(22,((((13,(8,28)),26),11),27)),(4,((19,9),(((25,15),(16,(10,12))),(((2,17),7),20)))));

STEP 41 [NNI_IncrementalHeuristic_M3 -> NNI_Substep_41] - Distance: 2460.0000
((((30,(18,(1,(3,(21,(5,(14,23))))))),24),(6,29)),(22,((((13,(8,28)),26),11),27)),(4,((19,9),(((25,15),(16,(10,12))),(((2,17),7),20)))));

STEP 42 [NNI_IncrementalHeuristic_M3 -> NNI_Substep_42] - Distance: 2398.0000
((((30,(18,(1,(3,(21,(5,(14,23))))))),24),(22,((((13,(8,28)),26),11),27))),(6,29),(4,((19,9),(((25,15),(16,(10,12))),(((2,17),7),20)))));

STEP 43 [NNI_IncrementalHeuristic_M3 -> NNI_Substep_43] - Distance: 2374.0000
(((19,9),(((25,15),(16,(10,12))),(((2,17),7),20))),(6,29),(4,(((30,(18,(1,(3,(21,(5,(14,23))))))),24),(22,((((13,(8,28)),26),11),27)))));

STEP 44 [NNI_IncrementalHeuristic_M3 -> NNI_Substep_44] - Distance: 2322.0000
(((6,29),(((25,15),(16,(10,12))),(((2,17),7),20))),(19,9),(4,(((30,(18,(1,(3,(21,(5,(14,23))))))),24),(22,((((13,(8,28)),26),11),27)))));

STEP 45 [NNI_IncrementalHeuristic_M3 -> NNI_Substep_45] - Distance: 2174.0000
((((25,15),(16,(10,12))),((6,29),(((2,17),7),20))),(19,9),(4,(((30,(18,(1,(3,(21,(5,(14,23))))))),24),(22,((((13,(8,28)),26),11),27)))));

STEP 46 [NNI_IncrementalHeuristic_M3 -> NNI_Substep_46] - Distance: 2078.0000
((((25,15),(16,(10,12))),(((2,17),7),((6,29),20))),(19,9),(4,(((30,(18,(1,(3,(21,(5,(14,23))))))),24),(22,((((13,(8,28)),26),11),27)))));

STEP 47 [NNI_IncrementalHeuristic_M3 -> NNI_Substep_47] - Distance: 2076.0000
((((25,15),(10,(16,12))),(((2,17),7),((6,29),20))),(19,9),(4,(((30,(18,(1,(3,(21,(5,(14,23))))))),24),(22,((((13,(8,28)),26),11),27)))));

STEP 48 [NNI_IncrementalHeuristic_M3 -> NNI_Substep_48] - Distance: 2073.0000
((((25,15),(10,(16,12))),(((2,17),7),((6,29),20))),(19,9),(4,(((30,(18,(1,(3,(21,(5,(14,23))))))),24),(22,((((28,(8,13)),26),11),27)))));

STEP 49 [NNI_IncrementalHeuristic_M3 -> NNI_Substep_49] - Distance: 2050.0000
((((25,15),(10,(16,12))),(((2,17),7),((6,29),20))),(19,9),(4,(((30,(18,(1,(3,(21,(5,(14,23))))))),24),(22,((((26,(8,13)),28),11),27)))));

STEP 50 [NNI_IncrementalHeuristic_M3 -> NNI_Substep_50] - Distance: 2026.0000
((((25,15),(10,(16,12))),(((2,17),7),((6,29),20))),(19,9),(4,(((30,(18,(1,(3,(21,(5,(14,23))))))),24),(22,((((26,(8,13)),11),28),27)))));

STEP 51 [NNI_IncrementalHeuristic_M3 -> NNI_Substep_51] - Distance: 2001.0000
((((25,15),(10,(16,12))),(((2,17),7),((6,29),20))),(19,9),(4,(((30,(18,(1,(3,(21,(5,(14,23))))))),24),(22,((((26,(8,13)),11),27),28)))));

STEP 52 [NNI_IncrementalHeuristic_M3 -> NNI_Substep_52] - Distance: 1999.0000
((((25,15),(10,(16,12))),(((7,17),2),((6,29),20))),(19,9),(4,(((30,(18,(1,(3,(21,(5,(14,23))))))),24),(22,((((26,(8,13)),11),27),28)))));

STEP 53 [NNI_IncrementalHeuristic_M3 -> NNI_Substep_53] - Distance: 1990.0000
((((25,15),(10,(16,12))),(((7,17),((6,29),20)),2)),(19,9),(4,(((30,(18,(1,(3,(21,(5,(14,23))))))),24),(22,((((26,(8,13)),11),27),28)))));

STEP 54 [NNI_IncrementalHeuristic_M3 -> NNI_Substep_54] - Distance: 1965.0000
((2,(((7,17),((6,29),20)),((25,15),(10,(16,12))))),(19,9),(4,(((30,(18,(1,(3,(21,(5,(14,23))))))),24),(22,((((26,(8,13)),11),27),28)))));

STEP 55 [NNI_IncrementalHeuristic_M3 -> NNI_Substep_55] - Distance: 1949.0000
(((19,9),(((7,17),((6,29),20)),((25,15),(10,(16,12))))),2,(4,(((30,(18,(1,(3,(21,(5,(14,23))))))),24),(22,((((26,(8,13)),11),27),28)))));

STEP 56 [NNI_IncrementalHeuristic_M3 -> NNI_Substep_56] - Distance: 1940.0000
((((30,(18,(1,(3,(21,(5,(14,23))))))),24),(22,((((26,(8,13)),11),27),28))),2,(4,((19,9),(((7,17),((6,29),20)),((25,15),(10,(16,12)))))));

STEP 57 [NNI_IncrementalHeuristic_M3 -> NNI_Substep_57] - Distance: 1886.0000
((2,(22,((((26,(8,13)),11),27),28))),((30,(18,(1,(3,(21,(5,(14,23))))))),24),(4,((19,9),(((7,17),((6,29),20)),((25,15),(10,(16,12)))))));

STEP 58 [NNI_IncrementalHeuristic_M3 -> NNI_Substep_58] - Distance: 1867.0000
((22,(2,((((26,(8,13)),11),27),28))),((30,(18,(1,(3,(21,(5,(14,23))))))),24),(4,((19,9),(((7,17),((6,29),20)),((25,15),(10,(16,12)))))));

STEP 59 [NNI_IncrementalHeuristic_M3 -> NNI_Substep_59] - Distance: 1844.0000
((22,(28,((((26,(8,13)),11),27),2))),((30,(18,(1,(3,(21,(5,(14,23))))))),24),(4,((19,9),(((7,17),((6,29),20)),((25,15),(10,(16,12)))))));

STEP 60 [NNI_IncrementalHeuristic_M3 -> NNI_Substep_60] - Distance: 1768.0000
((22,(28,((2,27),((26,(8,13)),11)))),((30,(18,(1,(3,(21,(5,(14,23))))))),24),(4,((19,9),(((7,17),((6,29),20)),((25,15),(10,(16,12)))))));

STEP 61 [NNI_IncrementalHeuristic_M3 -> NNI_Substep_61] - Distance: 1766.0000
((22,(28,((2,27),((26,(8,13)),11)))),((30,(18,(3,(1,(21,(5,(14,23))))))),24),(4,((19,9),(((7,17),((6,29),20)),((25,15),(10,(16,12)))))));

STEP 62 [NNI_IncrementalHeuristic_M3 -> NNI_Substep_62] - Distance: 1764.0000
((22,(28,((2,27),((26,(8,13)),11)))),((30,(3,(18,(1,(21,(5,(14,23))))))),24),(4,((19,9),(((7,17),((6,29),20)),((25,15),(10,(16,12)))))));

STEP 63 [NNI_IncrementalHeuristic_M3 -> NNI_Substep_63] - Distance: 1761.0000
((22,(28,((2,27),((26,(8,13)),11)))),((3,(30,(18,(1,(21,(5,(14,23))))))),24),(4,((19,9),(((7,17),((6,29),20)),((25,15),(10,(16,12)))))));

STEP 64 [NNI_IncrementalHeuristic_M3 -> NNI_Substep_64] - Distance: 1757.0000
((22,(28,((2,27),((26,(8,13)),11)))),((24,(30,(18,(1,(21,(5,(14,23))))))),3),(4,((19,9),(((7,17),((6,29),20)),((25,15),(10,(16,12)))))));

STEP 65 [NNI_IncrementalHeuristic_M3 -> NNI_Substep_65] - Distance: 1712.0000
(3,((24,(30,(18,(1,(21,(5,(14,23))))))),(22,(28,((2,27),((26,(8,13)),11))))),(4,((19,9),(((7,17),((6,29),20)),((25,15),(10,(16,12)))))));

STEP 66 [NNI_IncrementalHeuristic_M3 -> NNI_Substep_66] - Distance: 1697.0000
(4,((24,(30,(18,(1,(21,(5,(14,23))))))),(22,(28,((2,27),((26,(8,13)),11))))),(3,((19,9),(((7,17),((6,29),20)),((25,15),(10,(16,12)))))));

STEP 67 [NNI_IncrementalHeuristic_M3 -> NNI_Substep_67] - Distance: 1540.0000
(4,((24,(30,(18,(1,(21,(5,(14,23))))))),(22,(28,((2,27),((26,(8,13)),11))))),((((7,17),((6,29),20)),((25,15),(10,(16,12)))),((19,9),3)));

STEP 68 [NNI_IncrementalHeuristic_M3 -> NNI_Substep_68] - Distance: 1538.0000
(4,((24,(30,(18,(1,(21,(14,(5,23))))))),(22,(28,((2,27),((26,(8,13)),11))))),((((7,17),((6,29),20)),((25,15),(10,(16,12)))),((19,9),3)));

STEP 69 [NNI_IncrementalHeuristic_M3 -> NNI_Substep_69] - Distance: 1536.0000
(4,((24,(30,(18,(1,((5,23),(14,21)))))),(22,(28,((2,27),((26,(8,13)),11))))),((((7,17),((6,29),20)),((25,15),(10,(16,12)))),((19,9),3)));

STEP 70 [NNI_IncrementalHeuristic_M3 -> NNI_Substep_70] - Distance: 1532.0000
(4,((24,(30,(18,((5,23),(1,(14,21)))))),(22,(28,((2,27),((26,(8,13)),11))))),((((7,17),((6,29),20)),((25,15),(10,(16,12)))),((19,9),3)));

STEP 71 [NNI_IncrementalHeuristic_M3 -> NNI_Substep_71] - Distance: 1528.0000
(4,((24,(30,((5,23),(18,(1,(14,21)))))),(22,(28,((2,27),((26,(8,13)),11))))),((((7,17),((6,29),20)),((25,15),(10,(16,12)))),((19,9),3)));

STEP 72 [NNI_IncrementalHeuristic_M3 -> NNI_Substep_72] - Distance: 1522.0000
(4,((24,((5,23),(30,(18,(1,(14,21)))))),(22,(28,((2,27),((26,(8,13)),11))))),((((7,17),((6,29),20)),((25,15),(10,(16,12)))),((19,9),3)));

STEP 73 [NNI_IncrementalHeuristic_M3 -> NNI_Substep_73] - Distance: 1514.0000
(4,(((5,23),(24,(30,(18,(1,(14,21)))))),(22,(28,((2,27),((26,(8,13)),11))))),((((7,17),((6,29),20)),((25,15),(10,(16,12)))),((19,9),3)));

STEP 74 [NNI_IncrementalHeuristic_M3 -> NNI_Substep_74] - Distance: 1424.0000
(4,(((22,(28,((2,27),((26,(8,13)),11)))),(24,(30,(18,(1,(14,21)))))),(5,23)),((((7,17),((6,29),20)),((25,15),(10,(16,12)))),((19,9),3)));

STEP 75 [NNI_IncrementalHeuristic_M3 -> NNI_Substep_75] - Distance: 1394.0000
((5,23),(((22,(28,((2,27),((26,(8,13)),11)))),(24,(30,(18,(1,(14,21)))))),4),((((7,17),((6,29),20)),((25,15),(10,(16,12)))),((19,9),3)));

STEP 76 [NNI_IncrementalHeuristic_M3 -> NNI_Substep_76] - Distance: 1298.0000
(((19,9),3),(((22,(28,((2,27),((26,(8,13)),11)))),(24,(30,(18,(1,(14,21)))))),4),((((7,17),((6,29),20)),((25,15),(10,(16,12)))),(5,23)));

STEP 77 [NNI_IncrementalHeuristic_M3 -> NNI_Substep_77] - Distance: 1108.0000
(((19,9),3),(((22,(28,((2,27),((26,(8,13)),11)))),(24,(30,(18,(1,(14,21)))))),4),(((5,23),((25,15),(10,(16,12)))),((7,17),((6,29),20))));

STEP 78 [NNI_IncrementalHeuristic_M3 -> NNI_Substep_78] - Distance: 1012.0000
(((19,9),3),(((22,(28,((2,27),((26,(8,13)),11)))),(24,(30,(18,(1,(14,21)))))),4),(((25,15),((5,23),(10,(16,12)))),((7,17),((6,29),20))));

STEP 79 [NNI_IncrementalHeuristic_M3 -> NNI_Substep_79] - Distance: 1006.0000
(((19,9),3),(((22,(28,((2,27),((26,(8,13)),11)))),(24,(30,(18,(1,(14,21)))))),4),(((25,15),(10,((5,23),(16,12)))),((7,17),((6,29),20))));

STEP 80 [NNI_IncrementalHeuristic_M3 -> NNI_Substep_80] - Distance: 996.0000
(((19,9),3),(((22,(28,((2,27),((26,(8,13)),11)))),(24,(30,(18,(1,(14,21)))))),4),((10,((25,15),((5,23),(16,12)))),((7,17),((6,29),20))));

STEP 81 [NNI_IncrementalHeuristic_M3 -> NNI_Substep_81] - Distance: 961.0000
(((19,9),3),(((22,(28,((2,27),((26,(8,13)),11)))),(24,(30,(18,(1,(14,21)))))),4),((((7,17),((6,29),20)),((25,15),((5,23),(16,12)))),10));

STEP 82 [NNI_IncrementalHeuristic_M3 -> NNI_Substep_82] - Distance: 925.0000
(10,(((22,(28,((2,27),((26,(8,13)),11)))),(24,(30,(18,(1,(14,21)))))),4),((((7,17),((6,29),20)),((25,15),((5,23),(16,12)))),((19,9),3)));

STEP 83 [NNI_IncrementalHeuristic_M3 -> NNI_Substep_83] - Distance: 910.0000
(4,(((22,(28,((2,27),((26,(8,13)),11)))),(24,(30,(18,(1,(14,21)))))),10),((((7,17),((6,29),20)),((25,15),((5,23),(16,12)))),((19,9),3)));

STEP 84 [NNI_IncrementalHeuristic_M3 -> NNI_Substep_84] - Distance: 857.0000
(4,(((22,(28,((2,27),((26,(8,13)),11)))),10),(24,(30,(18,(1,(14,21)))))),((((7,17),((6,29),20)),((25,15),((5,23),(16,12)))),((19,9),3)));

STEP 85 [NNI_IncrementalHeuristic_M3 -> NNI_Substep_85] - Distance: 748.0000
(4,(((22,10),(28,((2,27),((26,(8,13)),11)))),(24,(30,(18,(1,(14,21)))))),((((7,17),((6,29),20)),((25,15),((5,23),(16,12)))),((19,9),3)));

STEP 86 [NNI_IncrementalHeuristic_M3 -> NNI_Substep_86] - Distance: 746.0000
(4,(((22,10),(28,((2,27),((13,(8,26)),11)))),(24,(30,(18,(1,(14,21)))))),((((7,17),((6,29),20)),((25,15),((5,23),(16,12)))),((19,9),3)));

STEP 87 [NNI_IncrementalHeuristic_M3 -> NNI_Substep_87] - Distance: 743.0000
(4,(((22,10),(28,((2,27),((11,(8,26)),13)))),(24,(30,(18,(1,(14,21)))))),((((7,17),((6,29),20)),((25,15),((5,23),(16,12)))),((19,9),3)));

STEP 88 [NNI_IncrementalHeuristic_M3 -> NNI_Substep_88] - Distance: 735.0000
(4,(((22,10),(28,(13,((11,(8,26)),(2,27))))),(24,(30,(18,(1,(14,21)))))),((((7,17),((6,29),20)),((25,15),((5,23),(16,12)))),((19,9),3)));

STEP 89 [NNI_IncrementalHeuristic_M3 -> NNI_Substep_89] - Distance: 729.0000
(4,(((22,10),(13,(28,((11,(8,26)),(2,27))))),(24,(30,(18,(1,(14,21)))))),((((7,17),((6,29),20)),((25,15),((5,23),(16,12)))),((19,9),3)));

STEP 90 [NNI_IncrementalHeuristic_M3 -> NNI_Substep_90] - Distance: 715.0000
(4,((13,((22,10),(28,((11,(8,26)),(2,27))))),(24,(30,(18,(1,(14,21)))))),((((7,17),((6,29),20)),((25,15),((5,23),(16,12)))),((19,9),3)));

STEP 91 [NNI_IncrementalHeuristic_M3 -> NNI_Substep_91] - Distance: 610.0000
(4,((13,(24,(30,(18,(1,(14,21)))))),((22,10),(28,((11,(8,26)),(2,27))))),((((7,17),((6,29),20)),((25,15),((5,23),(16,12)))),((19,9),3)));

STEP 92 [NNI_IncrementalHeuristic_M3 -> NNI_Substep_92] - Distance: 588.0000
(4,((24,(13,(30,(18,(1,(14,21)))))),((22,10),(28,((11,(8,26)),(2,27))))),((((7,17),((6,29),20)),((25,15),((5,23),(16,12)))),((19,9),3)));

STEP 93 [NNI_IncrementalHeuristic_M3 -> NNI_Substep_93] - Distance: 565.0000
(4,((24,(30,(13,(18,(1,(14,21)))))),((22,10),(28,((11,(8,26)),(2,27))))),((((7,17),((6,29),20)),((25,15),((5,23),(16,12)))),((19,9),3)));

STEP 94 [NNI_IncrementalHeuristic_M3 -> NNI_Substep_94] - Distance: 541.0000
(4,((24,(30,(18,(13,(1,(14,21)))))),((22,10),(28,((11,(8,26)),(2,27))))),((((7,17),((6,29),20)),((25,15),((5,23),(16,12)))),((19,9),3)));

STEP 95 [NNI_IncrementalHeuristic_M3 -> NNI_Substep_95] - Distance: 539.0000
(4,((24,(30,(18,(1,(13,(14,21)))))),((22,10),(28,((11,(8,26)),(2,27))))),((((7,17),((6,29),20)),((25,15),((5,23),(16,12)))),((19,9),3)));

STEP 96 [NNI_IncrementalHeuristic_M3 -> NNI_Substep_96] - Distance: 536.0000
(4,((24,(30,(1,(18,(13,(14,21)))))),((22,10),(28,((11,(8,26)),(2,27))))),((((7,17),((6,29),20)),((25,15),((5,23),(16,12)))),((19,9),3)));

STEP 97 [NNI_IncrementalHeuristic_M3 -> NNI_Substep_97] - Distance: 532.0000
(4,((24,(1,(30,(18,(13,(14,21)))))),((22,10),(28,((11,(8,26)),(2,27))))),((((7,17),((6,29),20)),((25,15),((5,23),(16,12)))),((19,9),3)));

STEP 98 [NNI_IncrementalHeuristic_M3 -> NNI_Substep_98] - Distance: 527.0000
(4,((1,(24,(30,(18,(13,(14,21)))))),((22,10),(28,((11,(8,26)),(2,27))))),((((7,17),((6,29),20)),((25,15),((5,23),(16,12)))),((19,9),3)));

STEP 99 [NNI_IncrementalHeuristic_M3 -> NNI_Substep_99] - Distance: 437.0000
(4,((1,((22,10),(28,((11,(8,26)),(2,27))))),(24,(30,(18,(13,(14,21)))))),((((7,17),((6,29),20)),((25,15),((5,23),(16,12)))),((19,9),3)));

STEP 100 [NNI_IncrementalHeuristic_M3 -> NNI_Substep_100] - Distance: 311.0000
(4,(((28,((11,(8,26)),(2,27))),((22,10),1)),(24,(30,(18,(13,(14,21)))))),((((7,17),((6,29),20)),((25,15),((5,23),(16,12)))),((19,9),3)));

STEP 101 [NNI_IncrementalHeuristic_M3 -> NNI_Substep_101] - Distance: 284.0000
(4,(((28,((11,(8,26)),(2,27))),((22,1),10)),(24,(30,(18,(13,(14,21)))))),((((7,17),((6,29),20)),((25,15),((5,23),(16,12)))),((19,9),3)));

STEP 102 [NNI_IncrementalHeuristic_M3 -> NNI_Substep_102] - Distance: 282.0000
(4,(((28,((11,(8,26)),(2,27))),((22,1),10)),(24,(30,(18,(14,(13,21)))))),((((7,17),((6,29),20)),((25,15),((5,23),(16,12)))),((19,9),3)));

STEP 103 [NNI_IncrementalHeuristic_M3 -> NNI_Substep_103] - Distance: 279.0000
(4,(((28,((11,(8,26)),(2,27))),((22,1),10)),(24,(30,(14,(18,(13,21)))))),((((7,17),((6,29),20)),((25,15),((5,23),(16,12)))),((19,9),3)));

STEP 104 [NNI_IncrementalHeuristic_M3 -> NNI_Substep_104] - Distance: 275.0000
(4,(((28,((11,(8,26)),(2,27))),((22,1),10)),(24,(14,(30,(18,(13,21)))))),((((7,17),((6,29),20)),((25,15),((5,23),(16,12)))),((19,9),3)));

STEP 105 [NNI_IncrementalHeuristic_M3 -> NNI_Substep_105] - Distance: 270.0000
(4,(((28,((11,(8,26)),(2,27))),((22,1),10)),(14,(24,(30,(18,(13,21)))))),((((7,17),((6,29),20)),((25,15),((5,23),(16,12)))),((19,9),3)));

STEP 106 [NNI_IncrementalHeuristic_M3 -> NNI_Substep_106] - Distance: 180.0000
(4,((24,(30,(18,(13,21)))),(14,((28,((11,(8,26)),(2,27))),((22,1),10)))),((((7,17),((6,29),20)),((25,15),((5,23),(16,12)))),((19,9),3)));

STEP 107 [NNI_IncrementalHeuristic_M3 -> NNI_Substep_107] - Distance: 54.0000
(4,((24,(30,(18,(13,21)))),((28,((11,(8,26)),(2,27))),(14,((22,1),10)))),((((7,17),((6,29),20)),((25,15),((5,23),(16,12)))),((19,9),3)));

STEP 108 [NNI_IncrementalHeuristic_M3 -> NNI_Substep_108] - Distance: 0.0000
(4,((24,(30,(18,(13,21)))),((28,((11,(8,26)),(2,27))),((22,1),(14,10)))),((((7,17),((6,29),20)),((25,15),((5,23),(16,12)))),((19,9),3)));

========================================================
[FINAL] Total Steps: 108 | Final Distance: 0.0000
========================================================
