========================================================
HEURISTIC TRAJECTORY: VND Classic (MP_RF)
========================================================
STEP 0 [START] - Distance: 299.0000
(((((20,(14,21)),(12,(6,16))),(25,28)),(((2,(24,((22,17),(1,27)))),(8,(29,(5,9)))),(((7,13),(4,(23,18))),(3,(19,(11,30)))))),(15,(26,10)));

STEP 1 [NNI_ClassicHeuristic_MP_RF -> NNI_Substep_1] - Distance: 288.0000
((((((2,(24,((22,17),(1,27)))),(8,(29,(5,9)))),(((7,13),(4,(23,18))),(3,(19,(11,30))))),(25,28)),((20,(14,21)),(12,(6,16)))),(15,(26,10)));

STEP 2 [NNI_ClassicHeuristic_MP_RF -> NNI_Substep_2] - Distance: 272.0000
((((15,(26,10)),(25,28)),(((2,(24,((22,17),(1,27)))),(8,(29,(5,9)))),(((7,13),(4,(23,18))),(3,(19,(11,30)))))),((20,(14,21)),(12,(6,16))));

STEP 3 [NNI_ClassicHeuristic_MP_RF -> NNI_Substep_3] - Distance: 269.0000
((((15,(26,10)),(25,28)),((((8,(29,(5,9))),(24,((22,17),(1,27)))),2),(((7,13),(4,(23,18))),(3,(19,(11,30)))))),((20,(14,21)),(12,(6,16))));

STEP 4 [NNI_ClassicHeuristic_MP_RF -> NNI_Substep_4] - Distance: 264.0000
((((15,(26,10)),(25,28)),((((8,(29,(5,9))),(24,((22,17),(1,27)))),(((7,13),(4,(23,18))),(3,(19,(11,30))))),2)),((20,(14,21)),(12,(6,16))));

STEP 5 [NNI_ClassicHeuristic_MP_RF -> NNI_Substep_5] - Distance: 262.0000
((((15,(26,10)),(25,28)),((((8,(24,((22,17),(1,27)))),(29,(5,9))),(((7,13),(4,(23,18))),(3,(19,(11,30))))),2)),((20,(14,21)),(12,(6,16))));

STEP 6 [NNI_ClassicHeuristic_MP_RF -> NNI_Substep_6] - Distance: 260.0000
((((15,(26,10)),(25,28)),((((8,(24,((22,17),(1,27)))),(29,(5,9))),(3,(((7,13),(4,(23,18))),(19,(11,30))))),2)),((20,(14,21)),(12,(6,16))));

STEP 7 [NNI_ClassicHeuristic_MP_RF -> NNI_Substep_7] - Distance: 259.0000
((((15,(26,10)),(25,28)),((((8,(24,(((1,27),17),22))),(29,(5,9))),(3,(((7,13),(4,(23,18))),(19,(11,30))))),2)),((20,(14,21)),(12,(6,16))));

STEP 8 [NNI_ClassicHeuristic_MP_RF -> NNI_Substep_8] - Distance: 258.0000
((((15,(26,10)),(25,28)),((((8,(22,(((1,27),17),24))),(29,(5,9))),(3,(((7,13),(4,(23,18))),(19,(11,30))))),2)),((20,(14,21)),(12,(6,16))));

STEP 9 [NNI_ClassicHeuristic_MP_RF -> NNI_Substep_9] - Distance: 257.0000
((((15,(26,10)),(25,28)),((((8,(22,((24,17),(1,27)))),(29,(5,9))),(3,(((7,13),(4,(23,18))),(19,(11,30))))),2)),((20,(14,21)),(12,(6,16))));

STEP 10 [NNI_ClassicHeuristic_MP_RF -> NNI_Substep_10] - Distance: 256.0000
((((15,(26,10)),(25,28)),((((22,(8,((24,17),(1,27)))),(29,(5,9))),(3,(((7,13),(4,(23,18))),(19,(11,30))))),2)),((20,(14,21)),(12,(6,16))));

STEP 11 [NNI_ClassicHeuristic_MP_RF -> NNI_Substep_11] - Distance: 254.0000
((((15,(26,10)),(25,28)),((((22,((24,17),(8,(1,27)))),(29,(5,9))),(3,(((7,13),(4,(23,18))),(19,(11,30))))),2)),((20,(14,21)),(12,(6,16))));

STEP 12 [NNI_ClassicHeuristic_MP_RF -> NNI_Substep_12] - Distance: 253.0000
((((15,(26,10)),(25,28)),((((22,((24,17),(8,(1,27)))),(29,(5,9))),(3,(((19,(11,30)),(4,(23,18))),(7,13)))),2)),((20,(14,21)),(12,(6,16))));

STEP 13 [NNI_ClassicHeuristic_MP_RF -> NNI_Substep_13] - Distance: 252.0000
((((15,(26,10)),(25,28)),((((22,((24,17),(8,(1,27)))),(29,(5,9))),(3,((4,((19,(11,30)),(23,18))),(7,13)))),2)),((20,(14,21)),(12,(6,16))));

STEP 14 [NNI_ClassicHeuristic_MP_RF -> NNI_Substep_14] - Distance: 251.0000
((((15,(26,10)),(25,28)),((((22,((24,17),(8,(1,27)))),(29,(5,9))),(3,(7,((4,((19,(11,30)),(23,18))),13)))),2)),((20,(14,21)),(12,(6,16))));

STEP 15 [NNI_ClassicHeuristic_MP_RF -> NNI_Substep_15] - Distance: 250.0000
((((15,(26,10)),(25,28)),((((22,((24,17),(8,(1,27)))),(29,(5,9))),(3,(7,((4,((19,(11,30)),(23,18))),13)))),2)),(12,((20,(14,21)),(6,16))));

STEP 16 [2sECR_ClassicHeuristic_MP_RF -> NNI_Substep_1] - Distance: 250.0000
((((15,(26,10)),(25,28)),(((29,((22,((24,17),(8,(1,27)))),(5,9))),(3,(7,((4,((19,(11,30)),(23,18))),13)))),2)),(12,((20,(14,21)),(6,16))));

STEP 17 [2sECR_ClassicHeuristic_MP_RF -> NNI_Substep_2] - Distance: 244.0000
((((15,(26,10)),(25,28)),((((22,((24,17),(8,(1,27)))),(5,9)),((3,(7,((4,((19,(11,30)),(23,18))),13))),29)),2)),(12,((20,(14,21)),(6,16))));

STEP 18 [2sECR_ClassicHeuristic_MP_RF -> NNI_Substep_3] - Distance: 248.0000
((((15,(26,10)),(25,28)),(((5,9),(((3,(7,((4,((19,(11,30)),(23,18))),13))),29),(22,((24,17),(8,(1,27)))))),2)),(12,((20,(14,21)),(6,16))));

STEP 19 [2sECR_ClassicHeuristic_MP_RF -> NNI_Substep_4] - Distance: 242.0000
((((15,(26,10)),(25,28)),((((3,(7,((4,((19,(11,30)),(23,18))),13))),29),(22,((24,17),(8,(1,27))))),(2,(5,9)))),(12,((20,(14,21)),(6,16))));

STEP 20 [2sECR_ClassicHeuristic_MP_RF -> NNI_Substep_5] - Distance: 242.0000
((((15,(26,10)),(25,28)),((((3,(7,((4,((19,(11,30)),(23,18))),13))),29),(22,((24,17),(8,(1,27))))),(9,(2,5)))),(12,((20,(14,21)),(6,16))));

STEP 21 [2sECR_ClassicHeuristic_MP_RF -> NNI_Substep_6] - Distance: 235.0000
((((15,(26,10)),(25,28)),(((((3,(7,((4,((19,(11,30)),(23,18))),13))),29),(22,((24,17),(8,(1,27))))),9),(2,5))),(12,((20,(14,21)),(6,16))));

STEP 22 [2sECR_ClassicHeuristic_MP_RF -> NNI_Substep_7] - Distance: 231.0000
((((15,(26,10)),(25,28)),((((3,(7,((4,((19,(11,30)),(23,18))),13))),29),(9,(22,((24,17),(8,(1,27)))))),(2,5))),(12,((20,(14,21)),(6,16))));

STEP 23 [2sECR_ClassicHeuristic_MP_RF -> NNI_Substep_8] - Distance: 230.0000
((((15,(26,10)),(25,28)),((((29,(7,((4,((19,(11,30)),(23,18))),13))),3),(9,(22,((24,17),(8,(1,27)))))),(2,5))),(12,((20,(14,21)),(6,16))));

STEP 24 [2sECR_ClassicHeuristic_MP_RF -> NNI_Substep_9] - Distance: 230.0000
(((25,((15,(26,10)),28)),((((29,(7,((4,((19,(11,30)),(23,18))),13))),3),(9,(22,((24,17),(8,(1,27)))))),(2,5))),(12,((20,(14,21)),(6,16))));

STEP 25 [2sECR_ClassicHeuristic_MP_RF -> NNI_Substep_10] - Distance: 229.0000
((((15,(26,10)),28),(((((29,(7,((4,((19,(11,30)),(23,18))),13))),3),(9,(22,((24,17),(8,(1,27)))))),(2,5)),25)),(12,((20,(14,21)),(6,16))));

STEP 26 [2sECR_ClassicHeuristic_MP_RF -> NNI_Substep_11] - Distance: 217.0000
((((15,(26,10)),28),((25,(2,5)),(((29,(7,((4,((19,(11,30)),(23,18))),13))),3),(9,(22,((24,17),(8,(1,27)))))))),(12,((20,(14,21)),(6,16))));

STEP 27 [2sECR_ClassicHeuristic_MP_RF -> NNI_Substep_12] - Distance: 216.0000
((((15,(26,10)),28),((5,(25,2)),(((29,(7,((4,((19,(11,30)),(23,18))),13))),3),(9,(22,((24,17),(8,(1,27)))))))),(12,((20,(14,21)),(6,16))));

STEP 28 [3sECR_ClassicHeuristic_MP_RF -> NNI_Substep_1] - Distance: 216.0000
((12,((20,(14,21)),(6,16))),(((5,(25,2)),(((29,(7,((4,((19,(11,30)),(23,18))),13))),3),(9,(22,((24,17),(8,(1,27))))))),((28,(26,10)),15)));

STEP 29 [3sECR_ClassicHeuristic_MP_RF -> NNI_Substep_2] - Distance: 216.0000
((12,((20,(14,21)),(6,16))),((((5,(25,2)),(((29,(7,((4,((19,(11,30)),(23,18))),13))),3),(9,(22,((24,17),(8,(1,27))))))),(28,(26,10))),15));

STEP 30 [3sECR_ClassicHeuristic_MP_RF -> NNI_Substep_3] - Distance: 195.0000
(((15,((20,(14,21)),(6,16))),12),(((5,(25,2)),(((29,(7,((4,((19,(11,30)),(23,18))),13))),3),(9,(22,((24,17),(8,(1,27))))))),(28,(26,10))));

STEP 31 [3sECR_ClassicHeuristic_MP_RF -> NNI_Substep_4] - Distance: 194.0000
((((15,(6,16)),(20,(14,21))),12),(((5,(25,2)),(((29,(7,((4,((19,(11,30)),(23,18))),13))),3),(9,(22,((24,17),(8,(1,27))))))),(28,(26,10))));

STEP 32 [3sECR_ClassicHeuristic_MP_RF -> NNI_Substep_5] - Distance: 194.0000
((((5,(25,2)),(((29,(7,((4,((19,(11,30)),(23,18))),13))),3),(9,(22,((24,17),(8,(1,27))))))),(28,(26,10))),(12,(((15,(6,16)),20),(14,21))));

STEP 33 [3sECR_ClassicHeuristic_MP_RF -> NNI_Substep_6] - Distance: 194.0000
((((5,(25,2)),(((29,(7,((4,((19,(11,30)),(23,18))),13))),3),(9,(22,((24,17),(8,(1,27))))))),(28,(26,10))),((12,((15,(6,16)),20)),(14,21)));

STEP 34 [3sECR_ClassicHeuristic_MP_RF -> NNI_Substep_7] - Distance: 184.0000
(((28,(26,10)),(((5,(25,2)),(((29,(7,((4,((19,(11,30)),(23,18))),13))),3),(9,(22,((24,17),(8,(1,27))))))),(14,21))),(12,((15,(6,16)),20)));

STEP 35 [3sECR_ClassicHeuristic_MP_RF -> NNI_Substep_8] - Distance: 183.0000
(((28,(26,10)),((((5,(25,2)),(((29,(7,((4,((19,(11,30)),(23,18))),13))),3),(9,(22,((24,17),(8,(1,27))))))),14),21)),(12,((15,(6,16)),20)));

STEP 36 [3sECR_ClassicHeuristic_MP_RF -> NNI_Substep_9] - Distance: 180.0000
(((28,(26,10)),(((5,(25,2)),((((29,(7,((4,((19,(11,30)),(23,18))),13))),3),(9,(22,((24,17),(8,(1,27)))))),14)),21)),(12,((15,(6,16)),20)));

STEP 37 [3sECR_ClassicHeuristic_MP_RF -> NNI_Substep_10] - Distance: 163.0000
((((28,(26,10)),21),((5,(25,2)),((((29,(7,((4,((19,(11,30)),(23,18))),13))),3),(9,(22,((24,17),(8,(1,27)))))),14))),(12,((15,(6,16)),20)));

STEP 38 [3sECR_ClassicHeuristic_MP_RF -> NNI_Substep_11] - Distance: 157.0000
((((28,(26,10)),21),((5,(25,2)),((14,((29,(7,((4,((19,(11,30)),(23,18))),13))),3)),(9,(22,((24,17),(8,(1,27)))))))),(12,((15,(6,16)),20)));

STEP 39 [3sECR_ClassicHeuristic_MP_RF -> NNI_Substep_12] - Distance: 156.0000
((((28,(26,10)),21),((5,(25,2)),(((14,(29,(7,((4,((19,(11,30)),(23,18))),13)))),3),(9,(22,((24,17),(8,(1,27)))))))),(12,((15,(6,16)),20)));

STEP 40 [3sECR_ClassicHeuristic_MP_RF -> NNI_Substep_13] - Distance: 155.0000
((((5,(25,2)),(((14,(29,(7,((4,((19,(11,30)),(23,18))),13)))),3),(9,(22,((24,17),(8,(1,27))))))),((21,28),(26,10))),(12,((15,(6,16)),20)));

STEP 41 [3sECR_ClassicHeuristic_MP_RF -> NNI_Substep_14] - Distance: 154.0000
((((5,(25,2)),(((14,(29,(7,((4,((19,(11,30)),(23,18))),13)))),3),(9,(22,((24,17),(8,(1,27))))))),(((21,28),26),10)),(12,((15,(6,16)),20)));

STEP 42 [3sECR_ClassicHeuristic_MP_RF -> NNI_Substep_15] - Distance: 154.0000
((((5,(25,2)),(((14,(29,(7,((13,((19,(11,30)),(23,18))),4)))),3),(9,(22,((24,17),(8,(1,27))))))),(((21,28),26),10)),(12,((15,(6,16)),20)));

STEP 43 [3sECR_ClassicHeuristic_MP_RF -> NNI_Substep_16] - Distance: 154.0000
((((5,(25,2)),(((14,(29,((7,4),(13,((19,(11,30)),(23,18)))))),3),(9,(22,((24,17),(8,(1,27))))))),(((21,28),26),10)),(12,((15,(6,16)),20)));

STEP 44 [3sECR_ClassicHeuristic_MP_RF -> NNI_Substep_17] - Distance: 153.0000
((((5,(25,2)),(((14,((29,(13,((19,(11,30)),(23,18)))),(7,4))),3),(9,(22,((24,17),(8,(1,27))))))),(((21,28),26),10)),(12,((15,(6,16)),20)));

STEP 45 [3sECR_ClassicHeuristic_MP_RF -> NNI_Substep_18] - Distance: 150.0000
((((5,(25,2)),((((14,(7,4)),(29,(13,((19,(11,30)),(23,18))))),3),(9,(22,((24,17),(8,(1,27))))))),(((21,28),26),10)),(12,((15,(6,16)),20)));

STEP 46 [3sECR_ClassicHeuristic_MP_RF -> NNI_Substep_19] - Distance: 150.0000
((((5,(25,2)),((((14,(7,4)),(29,((13,(19,(11,30))),(23,18)))),3),(9,(22,((24,17),(8,(1,27))))))),(((21,28),26),10)),(12,((15,(6,16)),20)));

STEP 47 [3sECR_ClassicHeuristic_MP_RF -> NNI_Substep_20] - Distance: 149.0000
((((5,(25,2)),((((14,(7,4)),((29,(23,18)),(13,(19,(11,30))))),3),(9,(22,((24,17),(8,(1,27))))))),(((21,28),26),10)),(12,((15,(6,16)),20)));

STEP 48 [SPR_ClassicHeuristic_MP_RF -> NNI_Substep_1] - Distance: 149.0000
((((5,(25,2)),((((14,(7,4)),((29,(23,18)),(13,(19,(11,30))))),3),(9,(22,((24,17),((8,1),27)))))),(((21,28),26),10)),(12,((15,(6,16)),20)));

STEP 49 [SPR_ClassicHeuristic_MP_RF -> NNI_Substep_2] - Distance: 149.0000
((((5,(25,2)),((((14,(7,4)),((29,(23,18)),(13,(19,(11,30))))),3),(9,(22,(((24,17),(8,1)),27))))),(((21,28),26),10)),(12,((15,(6,16)),20)));

STEP 50 [SPR_ClassicHeuristic_MP_RF -> NNI_Substep_3] - Distance: 149.0000
((((5,(25,2)),((((14,(7,4)),((29,(23,18)),(13,(19,(11,30))))),3),(9,((22,((24,17),(8,1))),27)))),(((21,28),26),10)),(12,((15,(6,16)),20)));

STEP 51 [SPR_ClassicHeuristic_MP_RF -> NNI_Substep_4] - Distance: 149.0000
((((5,(25,2)),((((14,(7,4)),((29,(23,18)),(13,(19,(11,30))))),3),((9,(22,((24,17),(8,1)))),27))),(((21,28),26),10)),(12,((15,(6,16)),20)));

STEP 52 [SPR_ClassicHeuristic_MP_RF -> NNI_Substep_5] - Distance: 149.0000
((((5,(25,2)),(((((14,(7,4)),((29,(23,18)),(13,(19,(11,30))))),3),(9,(22,((24,17),(8,1))))),27)),(((21,28),26),10)),(12,((15,(6,16)),20)));

STEP 53 [SPR_ClassicHeuristic_MP_RF -> NNI_Substep_6] - Distance: 149.0000
(((((5,(25,2)),((((14,(7,4)),((29,(23,18)),(13,(19,(11,30))))),3),(9,(22,((24,17),(8,1)))))),27),(((21,28),26),10)),(12,((15,(6,16)),20)));

STEP 54 [SPR_ClassicHeuristic_MP_RF -> NNI_Substep_7] - Distance: 149.0000
(((((5,(25,2)),((((14,(7,4)),((29,(23,18)),(13,(19,(11,30))))),3),(9,(22,((24,17),(8,1)))))),(((21,28),26),10)),27),(12,((15,(6,16)),20)));

STEP 55 [SPR_ClassicHeuristic_MP_RF -> NNI_Substep_8] - Distance: 124.0000
((((5,(25,2)),((((14,(7,4)),((29,(23,18)),(13,(19,(11,30))))),3),(9,(22,((24,17),(8,1)))))),(((21,28),26),10)),(12,(((15,(6,16)),20),27)));

STEP 56 [SPR_ClassicHeuristic_MP_RF -> NNI_Substep_9] - Distance: 122.0000
((((5,(25,2)),((((14,(7,4)),((29,(23,18)),(13,(19,(11,30))))),3),(9,(22,((24,17),(8,1)))))),(((21,28),26),10)),(12,((15,(6,16)),(20,27))));

STEP 57 [SPR_ClassicHeuristic_MP_RF -> NNI_Substep_10] - Distance: 122.0000
((((5,(25,2)),((((14,(7,4)),((29,(23,18)),(13,(19,(11,30))))),3),(9,(22,((24,17),(8,1)))))),(((21,28),26),10)),(12,(((15,6),16),(20,27))));

STEP 58 [SPR_ClassicHeuristic_MP_RF -> NNI_Substep_11] - Distance: 122.0000
((((5,(25,2)),((((14,(7,4)),((29,(23,18)),(13,(19,(11,30))))),3),(9,(22,((24,17),(8,1)))))),(((21,28),26),10)),(12,(((15,6),(20,27)),16)));

STEP 59 [SPR_ClassicHeuristic_MP_RF -> NNI_Substep_12] - Distance: 122.0000
((((5,(25,2)),((((14,(7,4)),((29,(23,18)),(13,(19,(11,30))))),3),(9,(22,((24,17),(8,1)))))),(((21,28),26),10)),((12,((15,6),(20,27))),16));

STEP 60 [SPR_ClassicHeuristic_MP_RF -> NNI_Substep_13] - Distance: 116.0000
(((((5,(25,2)),((((14,(7,4)),((29,(23,18)),(13,(19,(11,30))))),3),(9,(22,((24,17),(8,1)))))),16),(((21,28),26),10)),(12,((15,6),(20,27))));

STEP 61 [SPR_ClassicHeuristic_MP_RF -> NNI_Substep_14] - Distance: 116.0000
((((5,(25,2)),(((((14,(7,4)),((29,(23,18)),(13,(19,(11,30))))),3),(9,(22,((24,17),(8,1))))),16)),(((21,28),26),10)),(12,((15,6),(20,27))));

STEP 62 [SPR_ClassicHeuristic_MP_RF -> NNI_Substep_15] - Distance: 116.0000
((((5,(25,2)),(((((14,(7,4)),((29,(23,18)),(13,(19,(11,30))))),3),16),(9,(22,((24,17),(8,1)))))),(((21,28),26),10)),(12,((15,6),(20,27))));

STEP 63 [SPR_ClassicHeuristic_MP_RF -> NNI_Substep_16] - Distance: 116.0000
((((5,(25,2)),(((((14,(7,4)),((29,(23,18)),(13,(19,(11,30))))),16),3),(9,(22,((24,17),(8,1)))))),(((21,28),26),10)),(12,((15,6),(20,27))));

STEP 64 [SPR_ClassicHeuristic_MP_RF -> NNI_Substep_17] - Distance: 116.0000
((((5,(25,2)),((((14,(7,4)),(((29,(23,18)),(13,(19,(11,30)))),16)),3),(9,(22,((24,17),(8,1)))))),(((21,28),26),10)),(12,((15,6),(20,27))));

STEP 65 [SPR_ClassicHeuristic_MP_RF -> NNI_Substep_18] - Distance: 116.0000
((((5,(25,2)),((((14,(7,4)),((29,(23,18)),((13,(19,(11,30))),16))),3),(9,(22,((24,17),(8,1)))))),(((21,28),26),10)),(12,((15,6),(20,27))));

STEP 66 [SPR_ClassicHeuristic_MP_RF -> NNI_Substep_19] - Distance: 115.0000
((((5,(25,2)),((((14,(7,4)),((29,(23,18)),(13,((19,(11,30)),16)))),3),(9,(22,((24,17),(8,1)))))),(((21,28),26),10)),(12,((15,6),(20,27))));

STEP 67 [SPR_ClassicHeuristic_MP_RF -> NNI_Substep_20] - Distance: 115.0000
((((5,(25,2)),((((14,(7,4)),((29,(23,18)),(13,(19,((11,30),16))))),3),(9,(22,((24,17),(8,1)))))),(((21,28),26),10)),(12,((15,6),(20,27))));

STEP 68 [SPR_ClassicHeuristic_MP_RF -> NNI_Substep_21] - Distance: 115.0000
((((5,(25,2)),((((14,(7,4)),((29,(23,18)),(13,(19,(11,(30,16)))))),3),(9,(22,((24,17),(8,1)))))),(((21,28),26),10)),(12,((15,6),(20,27))));

STEP 69 [SPR_ClassicHeuristic_MP_RF -> NNI_Substep_22] - Distance: 115.0000
((((5,(25,2)),((((14,(7,4)),(((29,18),23),(13,(19,(11,(30,16)))))),3),(9,(22,((24,17),(8,1)))))),(((21,28),26),10)),(12,((15,6),(20,27))));

STEP 70 [SPR_ClassicHeuristic_MP_RF -> NNI_Substep_23] - Distance: 115.0000
((((5,(25,2)),((((14,(7,4)),(((29,18),(13,(19,(11,(30,16))))),23)),3),(9,(22,((24,17),(8,1)))))),(((21,28),26),10)),(12,((15,6),(20,27))));

STEP 71 [SPR_ClassicHeuristic_MP_RF -> NNI_Substep_24] - Distance: 115.0000
((((5,(25,2)),(((((14,(7,4)),((29,18),(13,(19,(11,(30,16)))))),23),3),(9,(22,((24,17),(8,1)))))),(((21,28),26),10)),(12,((15,6),(20,27))));

STEP 72 [SPR_ClassicHeuristic_MP_RF -> NNI_Substep_25] - Distance: 115.0000
((((5,(25,2)),(((((14,(7,4)),((29,18),(13,(19,(11,(30,16)))))),3),23),(9,(22,((24,17),(8,1)))))),(((21,28),26),10)),(12,((15,6),(20,27))));

STEP 73 [SPR_ClassicHeuristic_MP_RF -> NNI_Substep_26] - Distance: 115.0000
((((5,(25,2)),(((((14,(7,4)),((29,18),(13,(19,(11,(30,16)))))),3),(9,(22,((24,17),(8,1))))),23)),(((21,28),26),10)),(12,((15,6),(20,27))));

STEP 74 [SPR_ClassicHeuristic_MP_RF -> NNI_Substep_27] - Distance: 114.0000
(((((5,(25,2)),((((14,(7,4)),((29,18),(13,(19,(11,(30,16)))))),3),(9,(22,((24,17),(8,1)))))),23),(((21,28),26),10)),(12,((15,6),(20,27))));

STEP 75 [SPR_ClassicHeuristic_MP_RF -> NNI_Substep_28] - Distance: 101.0000
(((((5,(25,2)),23),((((14,(7,4)),((29,18),(13,(19,(11,(30,16)))))),3),(9,(22,((24,17),(8,1)))))),(((21,28),26),10)),(12,((15,6),(20,27))));

STEP 76 [SPR_ClassicHeuristic_MP_RF -> NNI_Substep_29] - Distance: 100.0000
((((5,((25,2),23)),((((14,(7,4)),((29,18),(13,(19,(11,(30,16)))))),3),(9,(22,((24,17),(8,1)))))),(((21,28),26),10)),(12,((15,6),(20,27))));

STEP 77 [SPR_ClassicHeuristic_MP_RF -> NNI_Substep_30] - Distance: 99.0000
((((5,((25,23),2)),((((14,(7,4)),((29,18),(13,(19,(11,(30,16)))))),3),(9,(22,((24,17),(8,1)))))),(((21,28),26),10)),(12,((15,6),(20,27))));

STEP 78 [SPR_ClassicHeuristic_MP_RF -> NNI_Substep_31] - Distance: 99.0000
((((5,((25,23),2)),(((((14,4),7),((29,18),(13,(19,(11,(30,16)))))),3),(9,(22,((24,17),(8,1)))))),(((21,28),26),10)),(12,((15,6),(20,27))));

STEP 79 [SPR_ClassicHeuristic_MP_RF -> NNI_Substep_32] - Distance: 99.0000
((((5,((25,23),2)),(((((14,4),((29,18),(13,(19,(11,(30,16)))))),7),3),(9,(22,((24,17),(8,1)))))),(((21,28),26),10)),(12,((15,6),(20,27))));

STEP 80 [SPR_ClassicHeuristic_MP_RF -> NNI_Substep_33] - Distance: 99.0000
((((5,((25,23),2)),(((((14,4),((29,18),(13,(19,(11,(30,16)))))),3),7),(9,(22,((24,17),(8,1)))))),(((21,28),26),10)),(12,((15,6),(20,27))));

STEP 81 [SPR_ClassicHeuristic_MP_RF -> NNI_Substep_34] - Distance: 99.0000
((((5,((25,23),2)),(((((14,4),((29,18),(13,(19,(11,(30,16)))))),3),(9,(22,((24,17),(8,1))))),7)),(((21,28),26),10)),(12,((15,6),(20,27))));

STEP 82 [SPR_ClassicHeuristic_MP_RF -> NNI_Substep_35] - Distance: 99.0000
(((((5,((25,23),2)),((((14,4),((29,18),(13,(19,(11,(30,16)))))),3),(9,(22,((24,17),(8,1)))))),7),(((21,28),26),10)),(12,((15,6),(20,27))));

STEP 83 [SPR_ClassicHeuristic_MP_RF -> NNI_Substep_36] - Distance: 96.0000
(((((5,((25,23),2)),((((14,4),((29,18),(13,(19,(11,(30,16)))))),3),(9,(22,((24,17),(8,1)))))),(((21,28),26),10)),7),(12,((15,6),(20,27))));

STEP 84 [SPR_ClassicHeuristic_MP_RF -> NNI_Substep_37] - Distance: 81.0000
((((5,((25,23),2)),((((14,4),((29,18),(13,(19,(11,(30,16)))))),3),(9,(22,((24,17),(8,1)))))),((((21,28),26),10),7)),(12,((15,6),(20,27))));

STEP 85 [SPR_ClassicHeuristic_MP_RF -> NNI_Substep_38] - Distance: 78.0000
((((5,((25,23),2)),((((14,4),((29,18),(13,(19,(11,(30,16)))))),3),(9,(22,((24,17),(8,1)))))),(((21,28),26),(10,7))),(12,((15,6),(20,27))));

STEP 86 [SPR_ClassicHeuristic_MP_RF -> NNI_Substep_39] - Distance: 78.0000
((((5,((25,23),2)),((((14,4),(((29,18),(19,(11,(30,16)))),13)),3),(9,(22,((24,17),(8,1)))))),(((21,28),26),(10,7))),(12,((15,6),(20,27))));

STEP 87 [SPR_ClassicHeuristic_MP_RF -> NNI_Substep_40] - Distance: 78.0000
((((5,((25,23),2)),(((((14,4),((29,18),(19,(11,(30,16))))),13),3),(9,(22,((24,17),(8,1)))))),(((21,28),26),(10,7))),(12,((15,6),(20,27))));

STEP 88 [SPR_ClassicHeuristic_MP_RF -> NNI_Substep_41] - Distance: 78.0000
((((5,((25,23),2)),(((((14,4),((29,18),(19,(11,(30,16))))),3),13),(9,(22,((24,17),(8,1)))))),(((21,28),26),(10,7))),(12,((15,6),(20,27))));

STEP 89 [SPR_ClassicHeuristic_MP_RF -> NNI_Substep_42] - Distance: 78.0000
((((5,((25,23),2)),(((((14,4),((29,18),(19,(11,(30,16))))),3),(9,(22,((24,17),(8,1))))),13)),(((21,28),26),(10,7))),(12,((15,6),(20,27))));

STEP 90 [SPR_ClassicHeuristic_MP_RF -> NNI_Substep_43] - Distance: 78.0000
(((((5,((25,23),2)),((((14,4),((29,18),(19,(11,(30,16))))),3),(9,(22,((24,17),(8,1)))))),13),(((21,28),26),(10,7))),(12,((15,6),(20,27))));

STEP 91 [SPR_ClassicHeuristic_MP_RF -> NNI_Substep_44] - Distance: 78.0000
(((((5,((25,23),2)),((((14,4),((29,18),(19,(11,(30,16))))),3),(9,(22,((24,17),(8,1)))))),(((21,28),26),(10,7))),13),(12,((15,6),(20,27))));

STEP 92 [SPR_ClassicHeuristic_MP_RF -> NNI_Substep_45] - Distance: 62.0000
((((5,((25,23),2)),((((14,4),((29,18),(19,(11,(30,16))))),3),(9,(22,((24,17),(8,1)))))),((((21,28),26),(10,7)),13)),(12,((15,6),(20,27))));

STEP 93 [SPR_ClassicHeuristic_MP_RF -> NNI_Substep_46] - Distance: 60.0000
((((5,((25,23),2)),((((14,4),((29,18),(19,(11,(30,16))))),3),(9,(22,((24,17),(8,1)))))),((((21,28),26),13),(10,7))),(12,((15,6),(20,27))));

STEP 94 [SPR_ClassicHeuristic_MP_RF -> NNI_Substep_47] - Distance: 59.0000
((((5,((25,23),2)),((((14,4),((29,18),(19,(11,(30,16))))),3),(9,(22,((24,17),(8,1)))))),((((21,28),13),26),(10,7))),(12,((15,6),(20,27))));

STEP 95 [SPR_ClassicHeuristic_MP_RF -> NNI_Substep_48] - Distance: 58.0000
((((5,((25,23),2)),((((14,4),((29,18),(19,(11,(30,16))))),3),(9,(22,((24,17),(8,1)))))),(((21,(28,13)),26),(10,7))),(12,((15,6),(20,27))));

STEP 96 [SPR_ClassicHeuristic_MP_RF -> NNI_Substep_49] - Distance: 58.0000
((((5,((25,23),2)),((((14,4),((29,18),((19,11),(30,16)))),3),(9,(22,((24,17),(8,1)))))),(((21,(28,13)),26),(10,7))),(12,((15,6),(20,27))));

STEP 97 [SPR_ClassicHeuristic_MP_RF -> NNI_Substep_50] - Distance: 58.0000
((((5,((25,23),2)),((((14,4),(((29,18),(19,11)),(30,16))),3),(9,(22,((24,17),(8,1)))))),(((21,(28,13)),26),(10,7))),(12,((15,6),(20,27))));

STEP 98 [SPR_ClassicHeuristic_MP_RF -> NNI_Substep_51] - Distance: 58.0000
((((5,((25,23),2)),(((((14,4),((29,18),(19,11))),(30,16)),3),(9,(22,((24,17),(8,1)))))),(((21,(28,13)),26),(10,7))),(12,((15,6),(20,27))));

STEP 99 [SPR_ClassicHeuristic_MP_RF -> NNI_Substep_52] - Distance: 58.0000
((((5,((25,23),2)),(((((14,4),((29,18),(19,11))),3),(30,16)),(9,(22,((24,17),(8,1)))))),(((21,(28,13)),26),(10,7))),(12,((15,6),(20,27))));

STEP 100 [SPR_ClassicHeuristic_MP_RF -> NNI_Substep_53] - Distance: 58.0000
((((5,((25,23),2)),(((((14,4),((29,18),(19,11))),3),(9,(22,((24,17),(8,1))))),(30,16))),(((21,(28,13)),26),(10,7))),(12,((15,6),(20,27))));

STEP 101 [SPR_ClassicHeuristic_MP_RF -> NNI_Substep_54] - Distance: 58.0000
(((((5,((25,23),2)),((((14,4),((29,18),(19,11))),3),(9,(22,((24,17),(8,1)))))),(30,16)),(((21,(28,13)),26),(10,7))),(12,((15,6),(20,27))));

STEP 102 [SPR_ClassicHeuristic_MP_RF -> NNI_Substep_55] - Distance: 52.0000
(((((5,((25,23),2)),((((14,4),((29,18),(19,11))),3),(9,(22,((24,17),(8,1)))))),(((21,(28,13)),26),(10,7))),(30,16)),(12,((15,6),(20,27))));

STEP 103 [SPR_ClassicHeuristic_MP_RF -> NNI_Substep_56] - Distance: 18.0000
((((5,((25,23),2)),((((14,4),((29,18),(19,11))),3),(9,(22,((24,17),(8,1)))))),((((21,(28,13)),26),(10,7)),(30,16))),(12,((15,6),(20,27))));

STEP 104 [SPR_ClassicHeuristic_MP_RF -> NNI_Substep_57] - Distance: 14.0000
((((5,((25,23),2)),((((14,4),((29,18),(19,11))),3),(9,(22,((24,17),(8,1)))))),((((21,(28,13)),26),(30,16)),(10,7))),(12,((15,6),(20,27))));

STEP 105 [SPR_ClassicHeuristic_MP_RF -> NNI_Substep_58] - Distance: 12.0000
((((5,((25,23),2)),((((14,4),((29,18),(19,11))),3),(9,(22,((24,17),(8,1)))))),((((21,(28,13)),(30,16)),26),(10,7))),(12,((15,6),(20,27))));

STEP 106 [SPR_ClassicHeuristic_MP_RF -> NNI_Substep_59] - Distance: 12.0000
((((5,((25,23),2)),((((14,4),(((29,18),19),11)),3),(9,(22,((24,17),(8,1)))))),((((21,(28,13)),(30,16)),26),(10,7))),(12,((15,6),(20,27))));

STEP 107 [SPR_ClassicHeuristic_MP_RF -> NNI_Substep_60] - Distance: 12.0000
((((5,((25,23),2)),(((((14,4),((29,18),19)),11),3),(9,(22,((24,17),(8,1)))))),((((21,(28,13)),(30,16)),26),(10,7))),(12,((15,6),(20,27))));

STEP 108 [SPR_ClassicHeuristic_MP_RF -> NNI_Substep_61] - Distance: 12.0000
((((5,((25,23),2)),(((((14,4),((29,18),19)),3),11),(9,(22,((24,17),(8,1)))))),((((21,(28,13)),(30,16)),26),(10,7))),(12,((15,6),(20,27))));

STEP 109 [SPR_ClassicHeuristic_MP_RF -> NNI_Substep_62] - Distance: 7.0000
((((5,((25,23),2)),(((((14,4),((29,18),19)),3),(9,(22,((24,17),(8,1))))),11)),((((21,(28,13)),(30,16)),26),(10,7))),(12,((15,6),(20,27))));

STEP 110 [SPR_ClassicHeuristic_MP_RF -> NNI_Substep_63] - Distance: 1.0000
((((5,((25,23),2)),((((14,4),((29,18),19)),3),((9,(22,((24,17),(8,1)))),11))),((((21,(28,13)),(30,16)),26),(10,7))),(12,((15,6),(20,27))));

STEP 111 [SPR_ClassicHeuristic_MP_RF -> NNI_Substep_64] - Distance: 0.0000
((((5,((25,23),2)),((((14,4),((29,18),19)),3),(9,((22,((24,17),(8,1))),11)))),((((21,(28,13)),(30,16)),26),(10,7))),(12,((15,6),(20,27))));

========================================================
[FINAL] Total Steps: 111 | Final Distance: 0.0000
========================================================
