========================================================
HEURISTIC TRAJECTORY: VND Incremental (MP)
========================================================
STEP 0 [START] - Distance: 289.0000
(((((26,(28,(10,7))),(25,13)),(6,(((18,17),(2,(9,4))),(29,1)))),(15,(12,19))),((20,(23,30)),(22,(14,(((3,(27,11)),(5,8)),(16,(24,21)))))));

STEP 1 [NNI_IncrementalHeuristic_MP -> NNI_Substep_1] - Distance: 287.0000
(((((26,(28,(10,7))),(25,13)),(15,(12,19))),(6,(((18,17),(2,(9,4))),(29,1)))),((20,(23,30)),(22,(14,(((3,(27,11)),(5,8)),(16,(24,21)))))));

STEP 2 [NNI_IncrementalHeuristic_MP -> NNI_Substep_2] - Distance: 286.0000
(((((15,(12,19)),(25,13)),(26,(28,(10,7)))),(6,(((18,17),(2,(9,4))),(29,1)))),((20,(23,30)),(22,(14,(((3,(27,11)),(5,8)),(16,(24,21)))))));

STEP 3 [NNI_IncrementalHeuristic_MP -> NNI_Substep_3] - Distance: 285.0000
(((((15,(12,19)),(25,13)),(26,(28,(10,7)))),(6,(((18,17),(2,(9,4))),(29,1)))),(((22,(14,(((3,(27,11)),(5,8)),(16,(24,21))))),(23,30)),20));

STEP 4 [NNI_IncrementalHeuristic_MP -> NNI_Substep_4] - Distance: 284.0000
(((((15,(12,19)),(25,13)),(26,(28,(10,7)))),(6,(((18,17),(2,(9,4))),(29,1)))),(((22,(14,(((16,(24,21)),(5,8)),(3,(27,11))))),(23,30)),20));

STEP 5 [NNI_IncrementalHeuristic_MP -> NNI_Substep_5] - Distance: 282.0000
(((((15,(12,19)),(25,13)),(26,(28,(10,7)))),(6,(((18,17),(2,(9,4))),(29,1)))),(((22,(14,((8,(5,(16,(24,21)))),(3,(27,11))))),(23,30)),20));

STEP 6 [NNI_IncrementalHeuristic_MP -> NNI_Substep_6] - Distance: 281.0000
(((((15,(12,19)),(25,13)),(26,(28,(10,7)))),(6,(((18,17),(2,(9,4))),(29,1)))),(((22,(14,((8,(16,(5,(24,21)))),(3,(27,11))))),(23,30)),20));

STEP 7 [Heur. rSPR MP -> NNI_Substep_1] - Distance: 281.0000
(((((15,(12,19)),(25,13)),(26,(28,(10,7)))),(6,(((18,17),(2,(9,4))),(29,1)))),(((22,(14,(((8,(16,(5,(24,21)))),3),(27,11)))),(23,30)),20));

STEP 8 [Heur. rSPR MP -> NNI_Substep_2] - Distance: 281.0000
(((((15,(12,19)),(25,13)),(26,(28,(10,7)))),(6,(((18,17),(2,(9,4))),(29,1)))),(((22,((14,((8,(16,(5,(24,21)))),3)),(27,11))),(23,30)),20));

STEP 9 [Heur. rSPR MP -> NNI_Substep_3] - Distance: 281.0000
(((((15,(12,19)),(25,13)),(26,(28,(10,7)))),(6,(((18,17),(2,(9,4))),(29,1)))),((((22,(14,((8,(16,(5,(24,21)))),3))),(27,11)),(23,30)),20));

STEP 10 [Heur. rSPR MP -> NNI_Substep_4] - Distance: 281.0000
(((((15,(12,19)),(25,13)),(26,(28,(10,7)))),(6,(((18,17),(2,(9,4))),(29,1)))),((((22,(14,((8,(16,(5,(24,21)))),3))),(23,30)),(27,11)),20));

STEP 11 [Heur. rSPR MP -> NNI_Substep_5] - Distance: 281.0000
(((((15,(12,19)),(25,13)),(26,(28,(10,7)))),(6,(((18,17),(2,(9,4))),(29,1)))),((((22,(14,((8,(16,(5,(24,21)))),3))),(23,30)),20),(27,11)));

STEP 12 [Heur. rSPR MP -> NNI_Substep_6] - Distance: 273.0000
((((((15,(12,19)),(25,13)),(26,(28,(10,7)))),(27,11)),(6,(((18,17),(2,(9,4))),(29,1)))),(((22,(14,((8,(16,(5,(24,21)))),3))),(23,30)),20));

STEP 13 [Heur. rSPR MP -> NNI_Substep_7] - Distance: 271.0000
(((((15,(12,19)),(25,13)),((26,(28,(10,7))),(27,11))),(6,(((18,17),(2,(9,4))),(29,1)))),(((22,(14,((8,(16,(5,(24,21)))),3))),(23,30)),20));

STEP 14 [Heur. rSPR MP -> NNI_Substep_8] - Distance: 271.0000
(((((15,(12,19)),(25,13)),(26,((28,(10,7)),(27,11)))),(6,(((18,17),(2,(9,4))),(29,1)))),(((22,(14,((8,(16,(5,(24,21)))),3))),(23,30)),20));

STEP 15 [Heur. rSPR MP -> NNI_Substep_9] - Distance: 269.0000
(((((15,(12,19)),(25,13)),(26,(28,((10,7),(27,11))))),(6,(((18,17),(2,(9,4))),(29,1)))),(((22,(14,((8,(16,(5,(24,21)))),3))),(23,30)),20));

STEP 16 [Heur. rSPR MP -> NNI_Substep_10] - Distance: 269.0000
((((((15,12),19),(25,13)),(26,(28,((10,7),(27,11))))),(6,(((18,17),(2,(9,4))),(29,1)))),(((22,(14,((8,(16,(5,(24,21)))),3))),(23,30)),20));

STEP 17 [Heur. rSPR MP -> NNI_Substep_11] - Distance: 269.0000
((((((15,12),(25,13)),19),(26,(28,((10,7),(27,11))))),(6,(((18,17),(2,(9,4))),(29,1)))),(((22,(14,((8,(16,(5,(24,21)))),3))),(23,30)),20));

STEP 18 [Heur. rSPR MP -> NNI_Substep_12] - Distance: 269.0000
((((((15,12),(25,13)),(26,(28,((10,7),(27,11))))),19),(6,(((18,17),(2,(9,4))),(29,1)))),(((22,(14,((8,(16,(5,(24,21)))),3))),(23,30)),20));

STEP 19 [Heur. rSPR MP -> NNI_Substep_13] - Distance: 267.0000
((((((15,12),(25,13)),(26,(28,((10,7),(27,11))))),(6,(((18,17),(2,(9,4))),(29,1)))),19),(((22,(14,((8,(16,(5,(24,21)))),3))),(23,30)),20));

STEP 20 [Heur. rSPR MP -> NNI_Substep_14] - Distance: 254.0000
(((((15,12),(25,13)),(26,(28,((10,7),(27,11))))),(6,(((18,17),(2,(9,4))),(29,1)))),(((22,(14,((8,(16,(5,(24,21)))),3))),(23,30)),(20,19)));

STEP 21 [Heur. rSPR MP -> NNI_Substep_15] - Distance: 254.0000
(((((15,12),(25,13)),(26,(28,((10,7),(27,11))))),(6,(((18,17),(2,(9,4))),(29,1)))),(((22,(14,((8,(16,(5,(24,21)))),3))),(20,19)),(23,30)));

STEP 22 [Heur. rSPR MP -> NNI_Substep_16] - Distance: 243.0000
((((((15,12),(25,13)),(26,(28,((10,7),(27,11))))),(23,30)),(6,(((18,17),(2,(9,4))),(29,1)))),((22,(14,((8,(16,(5,(24,21)))),3))),(20,19)));

STEP 23 [Heur. rSPR MP -> NNI_Substep_17] - Distance: 238.0000
((((((15,12),(25,13)),(23,30)),(26,(28,((10,7),(27,11))))),(6,(((18,17),(2,(9,4))),(29,1)))),((22,(14,((8,(16,(5,(24,21)))),3))),(20,19)));

STEP 24 [Heur. rSPR MP -> NNI_Substep_18] - Distance: 237.0000
(((((15,12),((25,13),(23,30))),(26,(28,((10,7),(27,11))))),(6,(((18,17),(2,(9,4))),(29,1)))),((22,(14,((8,(16,(5,(24,21)))),3))),(20,19)));

STEP 25 [Heur. rSPR MP -> NNI_Substep_19] - Distance: 237.0000
(((((15,12),((25,13),(23,30))),(26,(28,((10,7),(27,11))))),(6,((((18,17),(2,(9,4))),1),29))),((22,(14,((8,(16,(5,(24,21)))),3))),(20,19)));

STEP 26 [Heur. rSPR MP -> NNI_Substep_20] - Distance: 237.0000
(((((15,12),((25,13),(23,30))),(26,(28,((10,7),(27,11))))),((6,(((18,17),(2,(9,4))),1)),29)),((22,(14,((8,(16,(5,(24,21)))),3))),(20,19)));

STEP 27 [Heur. rSPR MP -> NNI_Substep_21] - Distance: 237.0000
((((((15,12),((25,13),(23,30))),(26,(28,((10,7),(27,11))))),(6,(((18,17),(2,(9,4))),1))),29),((22,(14,((8,(16,(5,(24,21)))),3))),(20,19)));

STEP 28 [Heur. rSPR MP -> NNI_Substep_22] - Distance: 221.0000
(((((15,12),((25,13),(23,30))),(26,(28,((10,7),(27,11))))),(6,(((18,17),(2,(9,4))),1))),(((22,(14,((8,(16,(5,(24,21)))),3))),29),(20,19)));

STEP 29 [Heur. rSPR MP -> NNI_Substep_23] - Distance: 220.0000
(((((15,12),((25,13),(23,30))),(26,(28,((10,7),(27,11))))),(6,(((18,17),(2,(9,4))),1))),((22,((14,((8,(16,(5,(24,21)))),3)),29)),(20,19)));

STEP 30 [Heur. rSPR MP -> NNI_Substep_24] - Distance: 220.0000
(((((15,12),((25,13),(23,30))),(26,(28,((10,7),(27,11))))),(6,(((18,17),(2,(9,4))),1))),((22,(14,(((8,(16,(5,(24,21)))),3),29))),(20,19)));

STEP 31 [Heur. rSPR MP -> NNI_Substep_25] - Distance: 220.0000
(((((15,12),((25,13),(23,30))),(26,(28,((10,7),(27,11))))),(6,(((18,17),(2,(9,4))),1))),((22,(14,(((8,(16,(5,(24,21)))),29),3))),(20,19)));

STEP 32 [Heur. rSPR MP -> NNI_Substep_26] - Distance: 219.0000
(((((15,12),((25,13),(23,30))),(26,(28,((10,7),(27,11))))),(6,(((18,17),(2,(9,4))),1))),((22,(14,((8,((16,(5,(24,21))),29)),3))),(20,19)));

STEP 33 [Heur. rSPR MP -> NNI_Substep_27] - Distance: 217.0000
(((((15,12),((25,13),(23,30))),(26,(28,((10,7),(27,11))))),(6,(((18,17),(2,(9,4))),1))),((22,(14,((8,((16,29),(5,(24,21)))),3))),(20,19)));

STEP 34 [Heur. rSPR MP -> NNI_Substep_28] - Distance: 217.0000
(((((15,12),((25,13),(23,30))),(26,(28,((10,7),(27,11))))),(6,((((18,17),(9,4)),2),1))),((22,(14,((8,((16,29),(5,(24,21)))),3))),(20,19)));

STEP 35 [Heur. rSPR MP -> NNI_Substep_29] - Distance: 217.0000
(((((15,12),((25,13),(23,30))),(26,(28,((10,7),(27,11))))),(6,((((18,17),(9,4)),1),2))),((22,(14,((8,((16,29),(5,(24,21)))),3))),(20,19)));

STEP 36 [Heur. rSPR MP -> NNI_Substep_30] - Distance: 216.0000
(((((15,12),((25,13),(23,30))),(26,(28,((10,7),(27,11))))),((6,(((18,17),(9,4)),1)),2)),((22,(14,((8,((16,29),(5,(24,21)))),3))),(20,19)));

STEP 37 [Heur. rSPR MP -> NNI_Substep_31] - Distance: 214.0000
((((((15,12),((25,13),(23,30))),(26,(28,((10,7),(27,11))))),(6,(((18,17),(9,4)),1))),2),((22,(14,((8,((16,29),(5,(24,21)))),3))),(20,19)));

STEP 38 [Heur. rSPR MP -> NNI_Substep_32] - Distance: 197.0000
(((((15,12),((25,13),(23,30))),(26,(28,((10,7),(27,11))))),(6,(((18,17),(9,4)),1))),(((22,(14,((8,((16,29),(5,(24,21)))),3))),2),(20,19)));

STEP 39 [Heur. rSPR MP -> NNI_Substep_33] - Distance: 196.0000
((((((15,12),((25,13),(23,30))),(26,(28,((10,7),(27,11))))),(((18,17),(9,4)),1)),6),(((22,(14,((8,((16,29),(5,(24,21)))),3))),2),(20,19)));

STEP 40 [Heur. rSPR MP -> NNI_Substep_34] - Distance: 181.0000
(((((15,12),((25,13),(23,30))),(26,(28,((10,7),(27,11))))),(((18,17),(9,4)),1)),((((22,(14,((8,((16,29),(5,(24,21)))),3))),2),6),(20,19)));

STEP 41 [Heur. rSPR MP -> NNI_Substep_35] - Distance: 180.0000
(((((15,12),((25,13),(23,30))),(26,(28,((10,7),(27,11))))),(((18,17),(9,4)),1)),((((22,(14,((8,((16,29),(5,(24,21)))),3))),6),2),(20,19)));

STEP 42 [Heur. rSPR MP -> NNI_Substep_36] - Distance: 176.0000
(((((15,12),((25,13),(23,30))),(26,(28,((10,7),(27,11))))),(((18,17),(9,4)),1)),((((22,6),(14,((8,((16,29),(5,(24,21)))),3))),2),(20,19)));

STEP 43 [Heur. rSPR MP -> NNI_Substep_37] - Distance: 176.0000
(((((15,12),((25,(23,30)),13)),(26,(28,((10,7),(27,11))))),(((18,17),(9,4)),1)),((((22,6),(14,((8,((16,29),(5,(24,21)))),3))),2),(20,19)));

STEP 44 [Heur. rSPR MP -> NNI_Substep_38] - Distance: 176.0000
((((((15,12),(25,(23,30))),13),(26,(28,((10,7),(27,11))))),(((18,17),(9,4)),1)),((((22,6),(14,((8,((16,29),(5,(24,21)))),3))),2),(20,19)));

STEP 45 [Heur. rSPR MP -> NNI_Substep_39] - Distance: 176.0000
((((((15,12),(25,(23,30))),(26,(28,((10,7),(27,11))))),13),(((18,17),(9,4)),1)),((((22,6),(14,((8,((16,29),(5,(24,21)))),3))),2),(20,19)));

STEP 46 [Heur. rSPR MP -> NNI_Substep_40] - Distance: 176.0000
((((((15,12),(25,(23,30))),(26,(28,((10,7),(27,11))))),(((18,17),(9,4)),1)),13),((((22,6),(14,((8,((16,29),(5,(24,21)))),3))),2),(20,19)));

STEP 47 [Heur. rSPR MP -> NNI_Substep_41] - Distance: 160.0000
(((((15,12),(25,(23,30))),(26,(28,((10,7),(27,11))))),(((18,17),(9,4)),1)),(((((22,6),(14,((8,((16,29),(5,(24,21)))),3))),2),13),(20,19)));

STEP 48 [Heur. rSPR MP -> NNI_Substep_42] - Distance: 159.0000
(((((15,12),(25,(23,30))),(26,(28,((10,7),(27,11))))),(((18,17),(9,4)),1)),(((((22,6),(14,((8,((16,29),(5,(24,21)))),3))),13),2),(20,19)));

STEP 49 [Heur. rSPR MP -> NNI_Substep_43] - Distance: 155.0000
(((((15,12),(25,(23,30))),(26,(28,((10,7),(27,11))))),(((18,17),(9,4)),1)),(((((22,6),13),(14,((8,((16,29),(5,(24,21)))),3))),2),(20,19)));

STEP 50 [Heur. rSPR MP -> NNI_Substep_44] - Distance: 154.0000
(((((15,12),(25,(23,30))),(26,(28,((10,7),(27,11))))),(((18,17),(9,4)),1)),((((22,(6,13)),(14,((8,((16,29),(5,(24,21)))),3))),2),(20,19)));

STEP 51 [Heur. rSPR MP -> NNI_Substep_45] - Distance: 154.0000
((((((15,12),(25,(23,30))),(28,((10,7),(27,11)))),26),(((18,17),(9,4)),1)),((((22,(6,13)),(14,((8,((16,29),(5,(24,21)))),3))),2),(20,19)));

STEP 52 [Heur. rSPR MP -> NNI_Substep_46] - Distance: 153.0000
((((((15,12),(25,(23,30))),(28,((10,7),(27,11)))),(((18,17),(9,4)),1)),26),((((22,(6,13)),(14,((8,((16,29),(5,(24,21)))),3))),2),(20,19)));

STEP 53 [Heur. rSPR MP -> NNI_Substep_47] - Distance: 136.0000
(((((15,12),(25,(23,30))),(28,((10,7),(27,11)))),(((18,17),(9,4)),1)),(((((22,(6,13)),(14,((8,((16,29),(5,(24,21)))),3))),2),26),(20,19)));

STEP 54 [Heur. rSPR MP -> NNI_Substep_48] - Distance: 135.0000
(((((15,12),(25,(23,30))),(28,((10,7),(27,11)))),(((18,17),(9,4)),1)),(((((22,(6,13)),(14,((8,((16,29),(5,(24,21)))),3))),26),2),(20,19)));

STEP 55 [Heur. rSPR MP -> NNI_Substep_49] - Distance: 137.0000
(((((15,12),(25,(23,30))),(28,((10,7),(27,11)))),(((18,17),(9,4)),1)),((((22,(6,13)),((14,((8,((16,29),(5,(24,21)))),3)),26)),2),(20,19)));

STEP 56 [Heur. rSPR MP -> NNI_Substep_50] - Distance: 137.0000
(((((15,12),(25,(23,30))),(28,((10,7),(27,11)))),(((18,17),(9,4)),1)),((((22,(6,13)),(14,(((8,((16,29),(5,(24,21)))),3),26))),2),(20,19)));

STEP 57 [Heur. rSPR MP -> NNI_Substep_51] - Distance: 137.0000
(((((15,12),(25,(23,30))),(28,((10,7),(27,11)))),(((18,17),(9,4)),1)),((((22,(6,13)),(14,(((8,((16,29),(5,(24,21)))),26),3))),2),(20,19)));

STEP 58 [Heur. rSPR MP -> NNI_Substep_52] - Distance: 133.0000
(((((15,12),(25,(23,30))),(28,((10,7),(27,11)))),(((18,17),(9,4)),1)),((((22,(6,13)),(14,(((8,26),((16,29),(5,(24,21)))),3))),2),(20,19)));

STEP 59 [Heur. rSPR MP -> NNI_Substep_53] - Distance: 133.0000
(((((15,12),(25,(23,30))),(28,((10,7),(27,11)))),(((18,17),(9,4)),1)),(((((22,(6,13)),(((8,26),((16,29),(5,(24,21)))),3)),14),2),(20,19)));

STEP 60 [Heur. rSPR MP -> NNI_Substep_54] - Distance: 133.0000
(((((15,12),(25,(23,30))),(28,((10,7),(27,11)))),(((18,17),(9,4)),1)),(((((22,(6,13)),(((8,26),((16,29),(5,(24,21)))),3)),2),14),(20,19)));

STEP 61 [Heur. rSPR MP -> NNI_Substep_55] - Distance: 133.0000
(((((15,12),(25,(23,30))),(28,((10,7),(27,11)))),(((18,17),(9,4)),1)),(((((22,(6,13)),(((8,26),((16,29),(5,(24,21)))),3)),2),(20,19)),14));

STEP 62 [Heur. rSPR MP -> NNI_Substep_56] - Distance: 117.0000
((((((15,12),(25,(23,30))),(28,((10,7),(27,11)))),14),(((18,17),(9,4)),1)),((((22,(6,13)),(((8,26),((16,29),(5,(24,21)))),3)),2),(20,19)));

STEP 63 [Heur. rSPR MP -> NNI_Substep_57] - Distance: 113.0000
((((((15,12),(25,(23,30))),14),(28,((10,7),(27,11)))),(((18,17),(9,4)),1)),((((22,(6,13)),(((8,26),((16,29),(5,(24,21)))),3)),2),(20,19)));

STEP 64 [Heur. rSPR MP -> NNI_Substep_58] - Distance: 111.0000
((((((15,12),14),(25,(23,30))),(28,((10,7),(27,11)))),(((18,17),(9,4)),1)),((((22,(6,13)),(((8,26),((16,29),(5,(24,21)))),3)),2),(20,19)));

STEP 65 [Heur. rSPR MP -> NNI_Substep_59] - Distance: 111.0000
((((((15,12),14),(25,(23,30))),(28,((10,7),(27,11)))),(((17,(9,4)),18),1)),((((22,(6,13)),(((8,26),((16,29),(5,(24,21)))),3)),2),(20,19)));

STEP 66 [Heur. rSPR MP -> NNI_Substep_60] - Distance: 111.0000
((((((15,12),14),(25,(23,30))),(28,((10,7),(27,11)))),(((17,(9,4)),1),18)),((((22,(6,13)),(((8,26),((16,29),(5,(24,21)))),3)),2),(20,19)));

STEP 67 [Heur. rSPR MP -> NNI_Substep_61] - Distance: 111.0000
(((((((15,12),14),(25,(23,30))),(28,((10,7),(27,11)))),((17,(9,4)),1)),18),((((22,(6,13)),(((8,26),((16,29),(5,(24,21)))),3)),2),(20,19)));

STEP 68 [Heur. rSPR MP -> NNI_Substep_62] - Distance: 93.0000
((((((15,12),14),(25,(23,30))),(28,((10,7),(27,11)))),((17,(9,4)),1)),(((((22,(6,13)),(((8,26),((16,29),(5,(24,21)))),3)),2),18),(20,19)));

STEP 69 [Heur. rSPR MP -> NNI_Substep_63] - Distance: 92.0000
((((((15,12),14),(25,(23,30))),(28,((10,7),(27,11)))),((17,(9,4)),1)),(((((22,(6,13)),(((8,26),((16,29),(5,(24,21)))),3)),18),2),(20,19)));

STEP 70 [Heur. rSPR MP -> NNI_Substep_64] - Distance: 92.0000
((((((15,12),14),(25,(23,30))),(28,((10,7),(27,11)))),((17,(9,4)),1)),((((22,(6,13)),((((8,26),((16,29),(5,(24,21)))),3),18)),2),(20,19)));

STEP 71 [Heur. rSPR MP -> NNI_Substep_65] - Distance: 92.0000
((((((15,12),14),(25,(23,30))),(28,((10,7),(27,11)))),((17,(9,4)),1)),((((22,(6,13)),((((8,26),((16,29),(5,(24,21)))),18),3)),2),(20,19)));

STEP 72 [Heur. rSPR MP -> NNI_Substep_66] - Distance: 88.0000
((((((15,12),14),(25,(23,30))),(28,((10,7),(27,11)))),((17,(9,4)),1)),((((22,(6,13)),((((8,26),18),((16,29),(5,(24,21)))),3)),2),(20,19)));

STEP 73 [Heur. rSPR MP -> NNI_Substep_67] - Distance: 87.0000
((((((15,12),14),(25,(23,30))),(28,((10,7),(27,11)))),((17,(9,4)),1)),((((22,(6,13)),(((8,(26,18)),((16,29),(5,(24,21)))),3)),2),(20,19)));

STEP 74 [Heur. rSPR MP -> NNI_Substep_68] - Distance: 87.0000
((((((15,12),14),(25,(23,30))),(28,((10,7),(27,11)))),((17,(9,4)),1)),(((((22,(6,13)),((8,(26,18)),((16,29),(5,(24,21))))),3),2),(20,19)));

STEP 75 [Heur. rSPR MP -> NNI_Substep_69] - Distance: 87.0000
((((((15,12),14),(25,(23,30))),(28,((10,7),(27,11)))),((17,(9,4)),1)),(((((22,(6,13)),((8,(26,18)),((16,29),(5,(24,21))))),2),3),(20,19)));

STEP 76 [Heur. rSPR MP -> NNI_Substep_70] - Distance: 85.0000
((((((15,12),14),(25,(23,30))),(28,((10,7),(27,11)))),((17,(9,4)),1)),(((((22,(6,13)),((8,(26,18)),((16,29),(5,(24,21))))),2),(20,19)),3));

STEP 77 [Heur. rSPR MP -> NNI_Substep_71] - Distance: 75.0000
((((((15,12),14),(25,(23,30))),(28,((10,7),(27,11)))),((17,(9,4)),1)),((((22,(6,13)),((8,(26,18)),((16,29),(5,(24,21))))),2),((20,19),3)));

STEP 78 [Heur. rSPR MP -> NNI_Substep_72] - Distance: 75.0000
((((((15,12),14),(25,(23,30))),(28,((10,7),(27,11)))),((17,(9,4)),1)),((((22,(6,13)),((8,(26,18)),((16,29),((5,21),24)))),2),((20,19),3)));

STEP 79 [Heur. rSPR MP -> NNI_Substep_73] - Distance: 75.0000
((((((15,12),14),(25,(23,30))),(28,((10,7),(27,11)))),((17,(9,4)),1)),((((22,(6,13)),((8,(26,18)),(((16,29),(5,21)),24))),2),((20,19),3)));

STEP 80 [Heur. rSPR MP -> NNI_Substep_74] - Distance: 75.0000
((((((15,12),14),(25,(23,30))),(28,((10,7),(27,11)))),((17,(9,4)),1)),((((22,(6,13)),(((8,(26,18)),((16,29),(5,21))),24)),2),((20,19),3)));

STEP 81 [Heur. rSPR MP -> NNI_Substep_75] - Distance: 75.0000
((((((15,12),14),(25,(23,30))),(28,((10,7),(27,11)))),((17,(9,4)),1)),(((((22,(6,13)),((8,(26,18)),((16,29),(5,21)))),24),2),((20,19),3)));

STEP 82 [Heur. rSPR MP -> NNI_Substep_76] - Distance: 75.0000
((((((15,12),14),(25,(23,30))),(28,((10,7),(27,11)))),((17,(9,4)),1)),(((((22,(6,13)),((8,(26,18)),((16,29),(5,21)))),2),24),((20,19),3)));

STEP 83 [Heur. rSPR MP -> NNI_Substep_77] - Distance: 73.0000
((((((15,12),14),(25,(23,30))),(28,((10,7),(27,11)))),((17,(9,4)),1)),(((((22,(6,13)),((8,(26,18)),((16,29),(5,21)))),2),((20,19),3)),24));

STEP 84 [Heur. rSPR MP -> NNI_Substep_78] - Distance: 62.0000
((((((15,12),14),(25,(23,30))),(28,((10,7),(27,11)))),((17,(9,4)),1)),((((22,(6,13)),((8,(26,18)),((16,29),(5,21)))),2),(((20,19),3),24)));

STEP 85 [Heur. rSPR MP -> NNI_Substep_79] - Distance: 61.0000
((((((15,12),14),(25,(23,30))),(28,((10,7),(27,11)))),((17,(9,4)),1)),((((22,(6,13)),((8,(26,18)),((16,29),(5,21)))),2),(((20,19),24),3)));

STEP 86 [Heur. rSPR MP -> NNI_Substep_80] - Distance: 52.0000
((((((15,12),14),(25,(23,30))),(28,((10,7),(27,11)))),((17,(9,4)),1)),(((((22,(6,13)),((16,29),(5,21))),(8,(26,18))),2),(((20,19),24),3)));

STEP 87 [Heur. rSPR MP -> NNI_Substep_81] - Distance: 52.0000
((((((15,12),14),(25,(23,30))),(28,((10,7),(27,11)))),(((9,4),1),17)),(((((22,(6,13)),((16,29),(5,21))),(8,(26,18))),2),(((20,19),24),3)));

STEP 88 [Heur. rSPR MP -> NNI_Substep_82] - Distance: 49.0000
(((((((15,12),14),(25,(23,30))),(28,((10,7),(27,11)))),((9,4),1)),17),(((((22,(6,13)),((16,29),(5,21))),(8,(26,18))),2),(((20,19),24),3)));

STEP 89 [Heur. rSPR MP -> NNI_Substep_83] - Distance: 47.0000
(((((((15,12),14),(25,(23,30))),(28,((10,7),(27,11)))),17),((9,4),1)),(((((22,(6,13)),((16,29),(5,21))),(8,(26,18))),2),(((20,19),24),3)));

STEP 90 [Heur. rSPR MP -> NNI_Substep_84] - Distance: 43.0000
(((((((15,12),14),(25,(23,30))),17),(28,((10,7),(27,11)))),((9,4),1)),(((((22,(6,13)),((16,29),(5,21))),(8,(26,18))),2),(((20,19),24),3)));

STEP 91 [Heur. rSPR MP -> NNI_Substep_85] - Distance: 43.0000
(((((((15,12),14),(25,(23,30))),17),(28,((10,7),(27,11)))),((9,1),4)),(((((22,(6,13)),((16,29),(5,21))),(8,(26,18))),2),(((20,19),24),3)));

STEP 92 [Heur. rSPR MP -> NNI_Substep_86] - Distance: 42.0000
((((((((15,12),14),(25,(23,30))),17),(28,((10,7),(27,11)))),(9,1)),4),(((((22,(6,13)),((16,29),(5,21))),(8,(26,18))),2),(((20,19),24),3)));

STEP 93 [Heur. rSPR MP -> NNI_Substep_87] - Distance: 40.0000
((((((((15,12),14),(25,(23,30))),17),(28,((10,7),(27,11)))),4),(9,1)),(((((22,(6,13)),((16,29),(5,21))),(8,(26,18))),2),(((20,19),24),3)));

STEP 94 [Heur. rSPR MP -> NNI_Substep_88] - Distance: 36.0000
((((((((15,12),14),(25,(23,30))),17),4),(28,((10,7),(27,11)))),(9,1)),(((((22,(6,13)),((16,29),(5,21))),(8,(26,18))),2),(((20,19),24),3)));

STEP 95 [Heur. rSPR MP -> NNI_Substep_89] - Distance: 32.0000
(((((((15,12),14),(25,(23,30))),(17,4)),(28,((10,7),(27,11)))),(9,1)),(((((22,(6,13)),((16,29),(5,21))),(8,(26,18))),2),(((20,19),24),3)));

STEP 96 [Heur. rSPR MP -> NNI_Substep_90] - Distance: 32.0000
(((((((15,12),14),((25,30),23)),(17,4)),(28,((10,7),(27,11)))),(9,1)),(((((22,(6,13)),((16,29),(5,21))),(8,(26,18))),2),(((20,19),24),3)));

STEP 97 [Heur. rSPR MP -> NNI_Substep_91] - Distance: 32.0000
((((((((15,12),14),(25,30)),23),(17,4)),(28,((10,7),(27,11)))),(9,1)),(((((22,(6,13)),((16,29),(5,21))),(8,(26,18))),2),(((20,19),24),3)));

STEP 98 [Heur. rSPR MP -> NNI_Substep_92] - Distance: 32.0000
((((((((15,12),14),(25,30)),(17,4)),23),(28,((10,7),(27,11)))),(9,1)),(((((22,(6,13)),((16,29),(5,21))),(8,(26,18))),2),(((20,19),24),3)));

STEP 99 [Heur. rSPR MP -> NNI_Substep_93] - Distance: 32.0000
((((((((15,12),14),(25,30)),(17,4)),(28,((10,7),(27,11)))),23),(9,1)),(((((22,(6,13)),((16,29),(5,21))),(8,(26,18))),2),(((20,19),24),3)));

STEP 100 [Heur. rSPR MP -> NNI_Substep_94] - Distance: 26.0000
(((((((15,12),14),(25,30)),(17,4)),((28,((10,7),(27,11))),23)),(9,1)),(((((22,(6,13)),((16,29),(5,21))),(8,(26,18))),2),(((20,19),24),3)));

STEP 101 [Heur. rSPR MP -> NNI_Substep_95] - Distance: 23.0000
(((((((15,12),14),(25,30)),(17,4)),((28,23),((10,7),(27,11)))),(9,1)),(((((22,(6,13)),((16,29),(5,21))),(8,(26,18))),2),(((20,19),24),3)));

STEP 102 [Heur. rSPR MP -> NNI_Substep_96] - Distance: 23.0000
(((((((15,12),14),(25,30)),(17,4)),((28,23),((7,(27,11)),10))),(9,1)),(((((22,(6,13)),((16,29),(5,21))),(8,(26,18))),2),(((20,19),24),3)));

STEP 103 [Heur. rSPR MP -> NNI_Substep_97] - Distance: 23.0000
(((((((15,12),14),(25,30)),(17,4)),(((28,23),(7,(27,11))),10)),(9,1)),(((((22,(6,13)),((16,29),(5,21))),(8,(26,18))),2),(((20,19),24),3)));

STEP 104 [Heur. rSPR MP -> NNI_Substep_98] - Distance: 23.0000
((((((((15,12),14),(25,30)),(17,4)),((28,23),(7,(27,11)))),10),(9,1)),(((((22,(6,13)),((16,29),(5,21))),(8,(26,18))),2),(((20,19),24),3)));

STEP 105 [Heur. rSPR MP -> NNI_Substep_99] - Distance: 18.0000
((((((((15,12),14),(25,30)),(17,4)),10),((28,23),(7,(27,11)))),(9,1)),(((((22,(6,13)),((16,29),(5,21))),(8,(26,18))),2),(((20,19),24),3)));

STEP 106 [Heur. rSPR MP -> NNI_Substep_100] - Distance: 14.0000
(((((((15,12),14),(25,30)),((17,4),10)),((28,23),(7,(27,11)))),(9,1)),(((((22,(6,13)),((16,29),(5,21))),(8,(26,18))),2),(((20,19),24),3)));

STEP 107 [Heur. rSPR MP -> NNI_Substep_101] - Distance: 13.0000
(((((((15,12),14),(25,30)),(17,(4,10))),((28,23),(7,(27,11)))),(9,1)),(((((22,(6,13)),((16,29),(5,21))),(8,(26,18))),2),(((20,19),24),3)));

STEP 108 [Heur. rSPR MP -> NNI_Substep_102] - Distance: 13.0000
(((((((15,14),12),(25,30)),(17,(4,10))),((28,23),(7,(27,11)))),(9,1)),(((((22,(6,13)),((16,29),(5,21))),(8,(26,18))),2),(((20,19),24),3)));

STEP 109 [Heur. rSPR MP -> NNI_Substep_103] - Distance: 13.0000
(((((((15,14),(25,30)),12),(17,(4,10))),((28,23),(7,(27,11)))),(9,1)),(((((22,(6,13)),((16,29),(5,21))),(8,(26,18))),2),(((20,19),24),3)));

STEP 110 [Heur. rSPR MP -> NNI_Substep_104] - Distance: 13.0000
(((((((15,14),(25,30)),(17,(4,10))),12),((28,23),(7,(27,11)))),(9,1)),(((((22,(6,13)),((16,29),(5,21))),(8,(26,18))),2),(((20,19),24),3)));

STEP 111 [Heur. rSPR MP -> NNI_Substep_105] - Distance: 12.0000
(((((((15,14),(25,30)),(17,(4,10))),((28,23),(7,(27,11)))),12),(9,1)),(((((22,(6,13)),((16,29),(5,21))),(8,(26,18))),2),(((20,19),24),3)));

STEP 112 [Heur. rSPR MP -> NNI_Substep_106] - Distance: 5.0000
((((((15,14),(25,30)),(17,(4,10))),(((28,23),(7,(27,11))),12)),(9,1)),(((((22,(6,13)),((16,29),(5,21))),(8,(26,18))),2),(((20,19),24),3)));

STEP 113 [Heur. rSPR MP -> NNI_Substep_107] - Distance: 3.0000
((((((15,14),(25,30)),(17,(4,10))),((28,23),((7,(27,11)),12))),(9,1)),(((((22,(6,13)),((16,29),(5,21))),(8,(26,18))),2),(((20,19),24),3)));

STEP 114 [Heur. rSPR MP -> NNI_Substep_108] - Distance: 2.0000
((((((15,14),(25,30)),(17,(4,10))),((28,23),((7,12),(27,11)))),(9,1)),(((((22,(6,13)),((16,29),(5,21))),(8,(26,18))),2),(((20,19),24),3)));

STEP 115 [Heur. rSPR MP -> NNI_Substep_109] - Distance: 0.0000
((((((15,14),(25,30)),(17,(4,10))),((28,23),(((7,12),11),27))),(9,1)),(((((22,(6,13)),((16,29),(5,21))),(8,(26,18))),2),(((20,19),24),3)));

========================================================
[FINAL] Total Steps: 115 | Final Distance: 0.0000
========================================================
