========================================================
HEURISTIC TRAJECTORY: VND Incremental (RFC)
========================================================
STEP 0 [START] - Distance: 28.0000
(((((20,(14,21)),(12,(6,16))),(25,28)),(((2,(24,((22,17),(1,27)))),(8,(29,(5,9)))),(((7,13),(4,(23,18))),(3,(19,(11,30)))))),(15,(26,10)));

STEP 1 [TBR_IncrementalHeuristic_RFC -> NNI_Substep_1] - Distance: 28.0000
(((((20,(14,21)),(12,(6,16))),(25,28)),(((2,(((22,17),24),(1,27))),(8,(29,(5,9)))),(((7,13),(4,(23,18))),(3,(19,(11,30)))))),(15,(26,10)));

STEP 2 [TBR_IncrementalHeuristic_RFC -> NNI_Substep_2] - Distance: 27.0000
(((((20,(14,21)),(12,(6,16))),(25,28)),(((2,((22,(17,24)),(1,27))),(8,(29,(5,9)))),(((7,13),(4,(23,18))),(3,(19,(11,30)))))),(15,(26,10)));

STEP 3 [TBR_IncrementalHeuristic_RFC -> NNI_Substep_3] - Distance: 27.0000
(((((20,(14,21)),(12,(6,16))),(25,28)),(((2,(((22,(17,24)),27),1)),(8,(29,(5,9)))),(((7,13),(4,(23,18))),(3,(19,(11,30)))))),(15,(26,10)));

STEP 4 [TBR_IncrementalHeuristic_RFC -> NNI_Substep_4] - Distance: 27.0000
(((((20,(14,21)),(12,(6,16))),(25,28)),((((2,((22,(17,24)),27)),1),(8,(29,(5,9)))),(((7,13),(4,(23,18))),(3,(19,(11,30)))))),(15,(26,10)));

STEP 5 [TBR_IncrementalHeuristic_RFC -> NNI_Substep_5] - Distance: 27.0000
(((((20,(14,21)),(12,(6,16))),(25,28)),((((2,((22,(17,24)),27)),(8,(29,(5,9)))),1),(((7,13),(4,(23,18))),(3,(19,(11,30)))))),(15,(26,10)));

STEP 6 [TBR_IncrementalHeuristic_RFC -> NNI_Substep_6] - Distance: 27.0000
(((((20,(14,21)),(12,(6,16))),(25,28)),(((2,((22,(17,24)),27)),((8,(29,(5,9))),1)),(((7,13),(4,(23,18))),(3,(19,(11,30)))))),(15,(26,10)));

STEP 7 [TBR_IncrementalHeuristic_RFC -> NNI_Substep_7] - Distance: 26.0000
(((((20,(14,21)),(12,(6,16))),(25,28)),(((2,((22,(17,24)),27)),((8,1),(29,(5,9)))),(((7,13),(4,(23,18))),(3,(19,(11,30)))))),(15,(26,10)));

STEP 8 [TBR_IncrementalHeuristic_RFC -> NNI_Substep_8] - Distance: 26.0000
(((((20,(14,21)),(12,(6,16))),(25,28)),((((2,((22,(17,24)),27)),(29,(5,9))),(8,1)),(((7,13),(4,(23,18))),(3,(19,(11,30)))))),(15,(26,10)));

STEP 9 [TBR_IncrementalHeuristic_RFC -> NNI_Substep_9] - Distance: 26.0000
(((((20,(14,21)),(12,(6,16))),(25,28)),((((2,((22,(17,24)),27)),(8,1)),(29,(5,9))),(((7,13),(4,(23,18))),(3,(19,(11,30)))))),(15,(26,10)));

STEP 10 [TBR_IncrementalHeuristic_RFC -> NNI_Substep_10] - Distance: 26.0000
(((((20,(14,21)),(12,(6,16))),(25,28)),(((2,(((22,(17,24)),27),(8,1))),(29,(5,9))),(((7,13),(4,(23,18))),(3,(19,(11,30)))))),(15,(26,10)));

STEP 11 [TBR_IncrementalHeuristic_RFC -> NNI_Substep_11] - Distance: 25.0000
(((((20,(14,21)),(12,(6,16))),(25,28)),(((2,(((22,(17,24)),(8,1)),27)),(29,(5,9))),(((7,13),(4,(23,18))),(3,(19,(11,30)))))),(15,(26,10)));

STEP 12 [TBR_IncrementalHeuristic_RFC -> NNI_Substep_12] - Distance: 24.0000
(((((20,(14,21)),(12,(6,16))),(25,28)),(((2,((22,((17,24),(8,1))),27)),(29,(5,9))),(((7,13),(4,(23,18))),(3,(19,(11,30)))))),(15,(26,10)));

STEP 13 [TBR_IncrementalHeuristic_RFC -> NNI_Substep_13] - Distance: 24.0000
(((((20,(14,21)),((12,16),6)),(25,28)),(((2,((22,((17,24),(8,1))),27)),(29,(5,9))),(((7,13),(4,(23,18))),(3,(19,(11,30)))))),(15,(26,10)));

STEP 14 [TBR_IncrementalHeuristic_RFC -> NNI_Substep_14] - Distance: 24.0000
((((((20,(14,21)),(12,16)),6),(25,28)),(((2,((22,((17,24),(8,1))),27)),(29,(5,9))),(((7,13),(4,(23,18))),(3,(19,(11,30)))))),(15,(26,10)));

STEP 15 [TBR_IncrementalHeuristic_RFC -> NNI_Substep_15] - Distance: 24.0000
((((((20,(14,21)),(12,16)),(25,28)),6),(((2,((22,((17,24),(8,1))),27)),(29,(5,9))),(((7,13),(4,(23,18))),(3,(19,(11,30)))))),(15,(26,10)));

STEP 16 [TBR_IncrementalHeuristic_RFC -> NNI_Substep_16] - Distance: 24.0000
((((((20,(14,21)),(12,16)),(25,28)),(((2,((22,((17,24),(8,1))),27)),(29,(5,9))),(((7,13),(4,(23,18))),(3,(19,(11,30)))))),6),(15,(26,10)));

STEP 17 [TBR_IncrementalHeuristic_RFC -> NNI_Substep_17] - Distance: 23.0000
(((((20,(14,21)),(12,16)),(25,28)),(((2,((22,((17,24),(8,1))),27)),(29,(5,9))),(((7,13),(4,(23,18))),(3,(19,(11,30)))))),((15,6),(26,10)));

STEP 18 [TBR_IncrementalHeuristic_RFC -> NNI_Substep_18] - Distance: 23.0000
((((((20,(14,21)),(12,16)),25),28),(((2,((22,((17,24),(8,1))),27)),(29,(5,9))),(((7,13),(4,(23,18))),(3,(19,(11,30)))))),((15,6),(26,10)));

STEP 19 [TBR_IncrementalHeuristic_RFC -> NNI_Substep_19] - Distance: 23.0000
((((((20,(14,21)),(12,16)),25),(((2,((22,((17,24),(8,1))),27)),(29,(5,9))),(((7,13),(4,(23,18))),(3,(19,(11,30)))))),28),((15,6),(26,10)));

STEP 20 [TBR_IncrementalHeuristic_RFC -> NNI_Substep_20] - Distance: 23.0000
(((((20,(14,21)),(12,16)),25),((((2,((22,((17,24),(8,1))),27)),(29,(5,9))),(((7,13),(4,(23,18))),(3,(19,(11,30))))),28)),((15,6),(26,10)));

STEP 21 [TBR_IncrementalHeuristic_RFC -> NNI_Substep_21] - Distance: 23.0000
(((((20,(14,21)),(12,16)),25),(((2,((22,((17,24),(8,1))),27)),(29,(5,9))),((((7,13),(4,(23,18))),(3,(19,(11,30)))),28))),((15,6),(26,10)));

STEP 22 [TBR_IncrementalHeuristic_RFC -> NNI_Substep_22] - Distance: 23.0000
(((((20,(14,21)),(12,16)),25),(((2,((22,((17,24),(8,1))),27)),(29,(5,9))),((((7,13),(4,(23,18))),28),(3,(19,(11,30)))))),((15,6),(26,10)));

STEP 23 [TBR_IncrementalHeuristic_RFC -> NNI_Substep_23] - Distance: 23.0000
(((((20,(14,21)),(12,16)),25),(((2,((22,((17,24),(8,1))),27)),(29,(5,9))),((((7,13),28),(4,(23,18))),(3,(19,(11,30)))))),((15,6),(26,10)));

STEP 24 [TBR_IncrementalHeuristic_RFC -> NNI_Substep_24] - Distance: 22.0000
(((((20,(14,21)),(12,16)),25),(((2,((22,((17,24),(8,1))),27)),(29,(5,9))),(((7,(13,28)),(4,(23,18))),(3,(19,(11,30)))))),((15,6),(26,10)));

STEP 25 [TBR_IncrementalHeuristic_RFC -> NNI_Substep_25] - Distance: 22.0000
(((((20,(14,21)),(12,16)),(((2,((22,((17,24),(8,1))),27)),(29,(5,9))),(((7,(13,28)),(4,(23,18))),(3,(19,(11,30)))))),25),((15,6),(26,10)));

STEP 26 [TBR_IncrementalHeuristic_RFC -> NNI_Substep_26] - Distance: 22.0000
((((20,(14,21)),(12,16)),((((2,((22,((17,24),(8,1))),27)),(29,(5,9))),(((7,(13,28)),(4,(23,18))),(3,(19,(11,30))))),25)),((15,6),(26,10)));

STEP 27 [TBR_IncrementalHeuristic_RFC -> NNI_Substep_27] - Distance: 22.0000
((((20,(14,21)),(12,16)),(((2,((22,((17,24),(8,1))),27)),(29,(5,9))),((((7,(13,28)),(4,(23,18))),(3,(19,(11,30)))),25))),((15,6),(26,10)));

STEP 28 [TBR_IncrementalHeuristic_RFC -> NNI_Substep_28] - Distance: 22.0000
((((20,(14,21)),(12,16)),(((2,((22,((17,24),(8,1))),27)),(29,(5,9))),((((7,(13,28)),(4,(23,18))),25),(3,(19,(11,30)))))),((15,6),(26,10)));

STEP 29 [TBR_IncrementalHeuristic_RFC -> NNI_Substep_29] - Distance: 22.0000
((((20,(14,21)),(12,16)),(((2,((22,((17,24),(8,1))),27)),(29,(5,9))),(((7,(13,28)),((4,(23,18)),25)),(3,(19,(11,30)))))),((15,6),(26,10)));

STEP 30 [TBR_IncrementalHeuristic_RFC -> NNI_Substep_30] - Distance: 22.0000
((((20,(14,21)),(12,16)),(((2,((22,((17,24),(8,1))),27)),(29,(5,9))),(((7,(13,28)),(4,((23,18),25))),(3,(19,(11,30)))))),((15,6),(26,10)));

STEP 31 [TBR_IncrementalHeuristic_RFC -> NNI_Substep_31] - Distance: 21.0000
((((20,(14,21)),(12,16)),(((2,((22,((17,24),(8,1))),27)),(29,(5,9))),(((7,(13,28)),(4,((23,25),18))),(3,(19,(11,30)))))),((15,6),(26,10)));

STEP 32 [TBR_IncrementalHeuristic_RFC -> NNI_Substep_32] - Distance: 21.0000
(((((14,21),(12,16)),20),(((2,((22,((17,24),(8,1))),27)),(29,(5,9))),(((7,(13,28)),(4,((23,25),18))),(3,(19,(11,30)))))),((15,6),(26,10)));

STEP 33 [TBR_IncrementalHeuristic_RFC -> NNI_Substep_33] - Distance: 21.0000
(((((14,21),(12,16)),(((2,((22,((17,24),(8,1))),27)),(29,(5,9))),(((7,(13,28)),(4,((23,25),18))),(3,(19,(11,30)))))),20),((15,6),(26,10)));

STEP 34 [TBR_IncrementalHeuristic_RFC -> NNI_Substep_34] - Distance: 21.0000
((((14,21),(12,16)),((((2,((22,((17,24),(8,1))),27)),(29,(5,9))),(((7,(13,28)),(4,((23,25),18))),(3,(19,(11,30))))),20)),((15,6),(26,10)));

STEP 35 [TBR_IncrementalHeuristic_RFC -> NNI_Substep_35] - Distance: 21.0000
((((14,21),(12,16)),((((2,((22,((17,24),(8,1))),27)),(29,(5,9))),20),(((7,(13,28)),(4,((23,25),18))),(3,(19,(11,30)))))),((15,6),(26,10)));

STEP 36 [TBR_IncrementalHeuristic_RFC -> NNI_Substep_36] - Distance: 21.0000
((((14,21),(12,16)),((((2,((22,((17,24),(8,1))),27)),20),(29,(5,9))),(((7,(13,28)),(4,((23,25),18))),(3,(19,(11,30)))))),((15,6),(26,10)));

STEP 37 [TBR_IncrementalHeuristic_RFC -> NNI_Substep_37] - Distance: 21.0000
((((14,21),(12,16)),(((2,(((22,((17,24),(8,1))),27),20)),(29,(5,9))),(((7,(13,28)),(4,((23,25),18))),(3,(19,(11,30)))))),((15,6),(26,10)));

STEP 38 [TBR_IncrementalHeuristic_RFC -> NNI_Substep_38] - Distance: 20.0000
((((14,21),(12,16)),(((2,((22,((17,24),(8,1))),(27,20))),(29,(5,9))),(((7,(13,28)),(4,((23,25),18))),(3,(19,(11,30)))))),((15,6),(26,10)));

STEP 39 [TBR_IncrementalHeuristic_RFC -> NNI_Substep_39] - Distance: 20.0000
((((21,(12,16)),14),(((2,((22,((17,24),(8,1))),(27,20))),(29,(5,9))),(((7,(13,28)),(4,((23,25),18))),(3,(19,(11,30)))))),((15,6),(26,10)));

STEP 40 [TBR_IncrementalHeuristic_RFC -> NNI_Substep_40] - Distance: 20.0000
((((21,(12,16)),(((2,((22,((17,24),(8,1))),(27,20))),(29,(5,9))),(((7,(13,28)),(4,((23,25),18))),(3,(19,(11,30)))))),14),((15,6),(26,10)));

STEP 41 [TBR_IncrementalHeuristic_RFC -> NNI_Substep_41] - Distance: 20.0000
(((21,(12,16)),((((2,((22,((17,24),(8,1))),(27,20))),(29,(5,9))),(((7,(13,28)),(4,((23,25),18))),(3,(19,(11,30))))),14)),((15,6),(26,10)));

STEP 42 [TBR_IncrementalHeuristic_RFC -> NNI_Substep_42] - Distance: 20.0000
(((21,(12,16)),(((2,((22,((17,24),(8,1))),(27,20))),(29,(5,9))),((((7,(13,28)),(4,((23,25),18))),(3,(19,(11,30)))),14))),((15,6),(26,10)));

STEP 43 [TBR_IncrementalHeuristic_RFC -> NNI_Substep_43] - Distance: 20.0000
(((21,(12,16)),(((2,((22,((17,24),(8,1))),(27,20))),(29,(5,9))),((((7,(13,28)),(4,((23,25),18))),14),(3,(19,(11,30)))))),((15,6),(26,10)));

STEP 44 [TBR_IncrementalHeuristic_RFC -> NNI_Substep_44] - Distance: 20.0000
(((21,(12,16)),(((2,((22,((17,24),(8,1))),(27,20))),(29,(5,9))),(((7,(13,28)),((4,((23,25),18)),14)),(3,(19,(11,30)))))),((15,6),(26,10)));

STEP 45 [TBR_IncrementalHeuristic_RFC -> NNI_Substep_45] - Distance: 19.0000
(((21,(12,16)),(((2,((22,((17,24),(8,1))),(27,20))),(29,(5,9))),(((7,(13,28)),((4,14),((23,25),18))),(3,(19,(11,30)))))),((15,6),(26,10)));

STEP 46 [TBR_IncrementalHeuristic_RFC -> NNI_Substep_46] - Distance: 19.0000
((((12,16),(((2,((22,((17,24),(8,1))),(27,20))),(29,(5,9))),(((7,(13,28)),((4,14),((23,25),18))),(3,(19,(11,30)))))),21),((15,6),(26,10)));

STEP 47 [TBR_IncrementalHeuristic_RFC -> NNI_Substep_47] - Distance: 19.0000
(((12,16),((((2,((22,((17,24),(8,1))),(27,20))),(29,(5,9))),(((7,(13,28)),((4,14),((23,25),18))),(3,(19,(11,30))))),21)),((15,6),(26,10)));

STEP 48 [TBR_IncrementalHeuristic_RFC -> NNI_Substep_48] - Distance: 19.0000
(((12,16),(((2,((22,((17,24),(8,1))),(27,20))),(29,(5,9))),((((7,(13,28)),((4,14),((23,25),18))),(3,(19,(11,30)))),21))),((15,6),(26,10)));

STEP 49 [TBR_IncrementalHeuristic_RFC -> NNI_Substep_49] - Distance: 19.0000
(((12,16),(((2,((22,((17,24),(8,1))),(27,20))),(29,(5,9))),((((7,(13,28)),((4,14),((23,25),18))),21),(3,(19,(11,30)))))),((15,6),(26,10)));

STEP 50 [TBR_IncrementalHeuristic_RFC -> NNI_Substep_50] - Distance: 19.0000
(((12,16),(((2,((22,((17,24),(8,1))),(27,20))),(29,(5,9))),((((7,(13,28)),21),((4,14),((23,25),18))),(3,(19,(11,30)))))),((15,6),(26,10)));

STEP 51 [TBR_IncrementalHeuristic_RFC -> NNI_Substep_51] - Distance: 18.0000
(((12,16),(((2,((22,((17,24),(8,1))),(27,20))),(29,(5,9))),(((7,((13,28),21)),((4,14),((23,25),18))),(3,(19,(11,30)))))),((15,6),(26,10)));

STEP 52 [TBR_IncrementalHeuristic_RFC -> NNI_Substep_52] - Distance: 18.0000
(((12,(((2,((22,((17,24),(8,1))),(27,20))),(29,(5,9))),(((7,((13,28),21)),((4,14),((23,25),18))),(3,(19,(11,30)))))),16),((15,6),(26,10)));

STEP 53 [TBR_IncrementalHeuristic_RFC -> NNI_Substep_53] - Distance: 18.0000
((12,((((2,((22,((17,24),(8,1))),(27,20))),(29,(5,9))),(((7,((13,28),21)),((4,14),((23,25),18))),(3,(19,(11,30))))),16)),((15,6),(26,10)));

STEP 54 [TBR_IncrementalHeuristic_RFC -> NNI_Substep_54] - Distance: 18.0000
((12,(((2,((22,((17,24),(8,1))),(27,20))),(29,(5,9))),((((7,((13,28),21)),((4,14),((23,25),18))),(3,(19,(11,30)))),16))),((15,6),(26,10)));

STEP 55 [TBR_IncrementalHeuristic_RFC -> NNI_Substep_55] - Distance: 18.0000
((12,(((2,((22,((17,24),(8,1))),(27,20))),(29,(5,9))),(((7,((13,28),21)),((4,14),((23,25),18))),((3,(19,(11,30))),16)))),((15,6),(26,10)));

STEP 56 [TBR_IncrementalHeuristic_RFC -> NNI_Substep_56] - Distance: 18.0000
((12,(((2,((22,((17,24),(8,1))),(27,20))),(29,(5,9))),(((7,((13,28),21)),((4,14),((23,25),18))),(3,((19,(11,30)),16))))),((15,6),(26,10)));

STEP 57 [TBR_IncrementalHeuristic_RFC -> NNI_Substep_57] - Distance: 18.0000
((12,(((2,((22,((17,24),(8,1))),(27,20))),(29,(5,9))),(((7,((13,28),21)),((4,14),((23,25),18))),(3,(19,((11,30),16)))))),((15,6),(26,10)));

STEP 58 [TBR_IncrementalHeuristic_RFC -> NNI_Substep_58] - Distance: 17.0000
((12,(((2,((22,((17,24),(8,1))),(27,20))),(29,(5,9))),(((7,((13,28),21)),((4,14),((23,25),18))),(3,(19,(11,(30,16))))))),((15,6),(26,10)));

STEP 59 [TBR_IncrementalHeuristic_RFC -> NNI_Substep_59] - Distance: 17.0000
((12,(((2,((22,((17,24),(8,1))),(27,20))),(29,(5,9))),(((7,((4,14),((23,25),18))),((13,28),21)),(3,(19,(11,(30,16))))))),((15,6),(26,10)));

STEP 60 [TBR_IncrementalHeuristic_RFC -> NNI_Substep_60] - Distance: 17.0000
((12,(((2,((22,((17,24),(8,1))),(27,20))),(29,(5,9))),(((7,((4,14),((23,25),18))),(3,(19,(11,(30,16))))),((13,28),21)))),((15,6),(26,10)));

STEP 61 [TBR_IncrementalHeuristic_RFC -> NNI_Substep_61] - Distance: 17.0000
((12,(((2,((22,((17,24),(8,1))),(27,20))),(29,(5,9))),((7,((4,14),((23,25),18))),((3,(19,(11,(30,16)))),((13,28),21))))),((15,6),(26,10)));

STEP 62 [TBR_IncrementalHeuristic_RFC -> NNI_Substep_62] - Distance: 17.0000
((12,(((2,((22,((17,24),(8,1))),(27,20))),(29,(5,9))),((7,((4,14),((23,25),18))),(3,((19,(11,(30,16))),((13,28),21)))))),((15,6),(26,10)));

STEP 63 [TBR_IncrementalHeuristic_RFC -> NNI_Substep_63] - Distance: 17.0000
((12,(((2,((22,((17,24),(8,1))),(27,20))),(29,(5,9))),((7,((4,14),((23,25),18))),(3,(19,((11,(30,16)),((13,28),21))))))),((15,6),(26,10)));

STEP 64 [TBR_IncrementalHeuristic_RFC -> NNI_Substep_64] - Distance: 16.0000
((12,(((2,((22,((17,24),(8,1))),(27,20))),(29,(5,9))),((7,((4,14),((23,25),18))),(3,(19,(11,((30,16),((13,28),21)))))))),((15,6),(26,10)));

STEP 65 [TBR_IncrementalHeuristic_RFC -> NNI_Substep_65] - Distance: 16.0000
((12,(((((22,((17,24),(8,1))),(27,20)),(29,(5,9))),2),((7,((4,14),((23,25),18))),(3,(19,(11,((30,16),((13,28),21)))))))),((15,6),(26,10)));

STEP 66 [TBR_IncrementalHeuristic_RFC -> NNI_Substep_66] - Distance: 16.0000
((12,(((((22,((17,24),(8,1))),(27,20)),(29,(5,9))),((7,((4,14),((23,25),18))),(3,(19,(11,((30,16),((13,28),21))))))),2)),((15,6),(26,10)));

STEP 67 [TBR_IncrementalHeuristic_RFC -> NNI_Substep_67] - Distance: 16.0000
((12,((((22,((17,24),(8,1))),(27,20)),(29,(5,9))),(((7,((4,14),((23,25),18))),(3,(19,(11,((30,16),((13,28),21)))))),2))),((15,6),(26,10)));

STEP 68 [TBR_IncrementalHeuristic_RFC -> NNI_Substep_68] - Distance: 16.0000
((12,((((22,((17,24),(8,1))),(27,20)),(29,(5,9))),(((7,((4,14),((23,25),18))),2),(3,(19,(11,((30,16),((13,28),21)))))))),((15,6),(26,10)));

STEP 69 [TBR_IncrementalHeuristic_RFC -> NNI_Substep_69] - Distance: 16.0000
((12,((((22,((17,24),(8,1))),(27,20)),(29,(5,9))),((7,(((4,14),((23,25),18)),2)),(3,(19,(11,((30,16),((13,28),21)))))))),((15,6),(26,10)));

STEP 70 [TBR_IncrementalHeuristic_RFC -> NNI_Substep_70] - Distance: 16.0000
((12,((((22,((17,24),(8,1))),(27,20)),(29,(5,9))),((7,((4,14),(((23,25),18),2))),(3,(19,(11,((30,16),((13,28),21)))))))),((15,6),(26,10)));

STEP 71 [TBR_IncrementalHeuristic_RFC -> NNI_Substep_71] - Distance: 15.0000
((12,((((22,((17,24),(8,1))),(27,20)),(29,(5,9))),((7,((4,14),(((23,25),2),18))),(3,(19,(11,((30,16),((13,28),21)))))))),((15,6),(26,10)));

STEP 72 [TBR_IncrementalHeuristic_RFC -> NNI_Substep_72] - Distance: 15.0000
((12,((((22,((17,24),(8,1))),(29,(5,9))),(27,20)),((7,((4,14),(((23,25),2),18))),(3,(19,(11,((30,16),((13,28),21)))))))),((15,6),(26,10)));

STEP 73 [TBR_IncrementalHeuristic_RFC -> NNI_Substep_73] - Distance: 15.0000
((12,((((22,((17,24),(8,1))),(29,(5,9))),((7,((4,14),(((23,25),2),18))),(3,(19,(11,((30,16),((13,28),21))))))),(27,20))),((15,6),(26,10)));

STEP 74 [TBR_IncrementalHeuristic_RFC -> NNI_Substep_74] - Distance: 15.0000
(((12,(((22,((17,24),(8,1))),(29,(5,9))),((7,((4,14),(((23,25),2),18))),(3,(19,(11,((30,16),((13,28),21)))))))),(27,20)),((15,6),(26,10)));

STEP 75 [TBR_IncrementalHeuristic_RFC -> NNI_Substep_75] - Distance: 14.0000
((12,(((22,((17,24),(8,1))),(29,(5,9))),((7,((4,14),(((23,25),2),18))),(3,(19,(11,((30,16),((13,28),21)))))))),(((15,6),(27,20)),(26,10)));

STEP 76 [TBR_IncrementalHeuristic_RFC -> NNI_Substep_76] - Distance: 13.0000
((((22,((17,24),(8,1))),(29,(5,9))),((7,((4,14),(((23,25),2),18))),(3,(19,(11,((30,16),((13,28),21))))))),((((15,6),(27,20)),12),(26,10)));

STEP 77 [TBR_IncrementalHeuristic_RFC -> NNI_Substep_77] - Distance: 12.0000
(((((22,((17,24),(8,1))),(29,(5,9))),((((4,14),(((23,25),2),18)),(3,(19,(11,((30,16),((13,28),21)))))),7)),(26,10)),(((15,6),(27,20)),12));

STEP 78 [TBR_IncrementalHeuristic_RFC -> NNI_Substep_78] - Distance: 12.0000
((((((22,((17,24),(8,1))),(29,(5,9))),(((4,14),(((23,25),2),18)),(3,(19,(11,((30,16),((13,28),21))))))),7),(26,10)),(((15,6),(27,20)),12));

STEP 79 [TBR_IncrementalHeuristic_RFC -> NNI_Substep_79] - Distance: 12.0000
((((((22,((17,24),(8,1))),(29,(5,9))),(((4,14),(((23,25),2),18)),(3,(19,(11,((30,16),((13,28),21))))))),(26,10)),7),(((15,6),(27,20)),12));

STEP 80 [TBR_IncrementalHeuristic_RFC -> NNI_Substep_80] - Distance: 12.0000
(((((22,((17,24),(8,1))),(29,(5,9))),(((4,14),(((23,25),2),18)),(3,(19,(11,((30,16),((13,28),21))))))),((26,10),7)),(((15,6),(27,20)),12));

STEP 81 [TBR_IncrementalHeuristic_RFC -> NNI_Substep_81] - Distance: 11.0000
(((((22,((17,24),(8,1))),(29,(5,9))),(((4,14),(((23,25),2),18)),(3,(19,(11,((30,16),((13,28),21))))))),(26,(10,7))),(((15,6),(27,20)),12));

STEP 82 [TBR_IncrementalHeuristic_RFC -> NNI_Substep_82] - Distance: 11.0000
(((((22,((17,24),(8,1))),(29,(5,9))),(((4,14),(((23,25),2),18)),(3,((19,11),((30,16),((13,28),21)))))),(26,(10,7))),(((15,6),(27,20)),12));

STEP 83 [TBR_IncrementalHeuristic_RFC -> NNI_Substep_83] - Distance: 11.0000
(((((22,((17,24),(8,1))),(29,(5,9))),(((4,14),(((23,25),2),18)),((3,(19,11)),((30,16),((13,28),21))))),(26,(10,7))),(((15,6),(27,20)),12));

STEP 84 [TBR_IncrementalHeuristic_RFC -> NNI_Substep_84] - Distance: 11.0000
(((((22,((17,24),(8,1))),(29,(5,9))),((((4,14),(((23,25),2),18)),(3,(19,11))),((30,16),((13,28),21)))),(26,(10,7))),(((15,6),(27,20)),12));

STEP 85 [TBR_IncrementalHeuristic_RFC -> NNI_Substep_85] - Distance: 10.0000
((((((22,((17,24),(8,1))),(29,(5,9))),(((4,14),(((23,25),2),18)),(3,(19,11)))),((30,16),((13,28),21))),(26,(10,7))),(((15,6),(27,20)),12));

STEP 86 [TBR_IncrementalHeuristic_RFC -> NNI_Substep_86] - Distance: 10.0000
((((((22,((17,24),(8,1))),(29,(5,9))),(((4,14),(((23,25),2),18)),(3,(19,11)))),(26,(10,7))),((30,16),((13,28),21))),(((15,6),(27,20)),12));

STEP 87 [TBR_IncrementalHeuristic_RFC -> NNI_Substep_87] - Distance: 9.0000
(((((22,((17,24),(8,1))),(29,(5,9))),(((4,14),(((23,25),2),18)),(3,(19,11)))),((26,(10,7)),((30,16),((13,28),21)))),(((15,6),(27,20)),12));

STEP 88 [TBR_IncrementalHeuristic_RFC -> NNI_Substep_88] - Distance: 8.0000
(((((22,((17,24),(8,1))),(29,(5,9))),(((4,14),(((23,25),2),18)),(3,(19,11)))),((26,((30,16),((13,28),21))),(10,7))),(((15,6),(27,20)),12));

STEP 89 [TBR_IncrementalHeuristic_RFC -> NNI_Substep_89] - Distance: 8.0000
(((((29,(5,9)),(((4,14),(((23,25),2),18)),(3,(19,11)))),(22,((17,24),(8,1)))),((26,((30,16),((13,28),21))),(10,7))),(((15,6),(27,20)),12));

STEP 90 [TBR_IncrementalHeuristic_RFC -> NNI_Substep_90] - Distance: 8.0000
((((29,(5,9)),((((4,14),(((23,25),2),18)),(3,(19,11))),(22,((17,24),(8,1))))),((26,((30,16),((13,28),21))),(10,7))),(((15,6),(27,20)),12));

STEP 91 [TBR_IncrementalHeuristic_RFC -> NNI_Substep_91] - Distance: 8.0000
((((29,(5,9)),(((4,14),(((23,25),2),18)),((3,(19,11)),(22,((17,24),(8,1)))))),((26,((30,16),((13,28),21))),(10,7))),(((15,6),(27,20)),12));

STEP 92 [TBR_IncrementalHeuristic_RFC -> NNI_Substep_92] - Distance: 8.0000
((((29,(5,9)),(((4,14),(((23,25),2),18)),(3,((19,11),(22,((17,24),(8,1))))))),((26,((30,16),((13,28),21))),(10,7))),(((15,6),(27,20)),12));

STEP 93 [TBR_IncrementalHeuristic_RFC -> NNI_Substep_93] - Distance: 7.0000
((((29,(5,9)),(((4,14),(((23,25),2),18)),(3,(19,(11,(22,((17,24),(8,1)))))))),((26,((30,16),((13,28),21))),(10,7))),(((15,6),(27,20)),12));

STEP 94 [TBR_IncrementalHeuristic_RFC -> NNI_Substep_94] - Distance: 7.0000
(((((5,9),(((4,14),(((23,25),2),18)),(3,(19,(11,(22,((17,24),(8,1)))))))),29),((26,((30,16),((13,28),21))),(10,7))),(((15,6),(27,20)),12));

STEP 95 [TBR_IncrementalHeuristic_RFC -> NNI_Substep_95] - Distance: 7.0000
((((5,9),((((4,14),(((23,25),2),18)),(3,(19,(11,(22,((17,24),(8,1))))))),29)),((26,((30,16),((13,28),21))),(10,7))),(((15,6),(27,20)),12));

STEP 96 [TBR_IncrementalHeuristic_RFC -> NNI_Substep_96] - Distance: 7.0000
((((5,9),((((4,14),(((23,25),2),18)),29),(3,(19,(11,(22,((17,24),(8,1)))))))),((26,((30,16),((13,28),21))),(10,7))),(((15,6),(27,20)),12));

STEP 97 [TBR_IncrementalHeuristic_RFC -> NNI_Substep_97] - Distance: 7.0000
((((5,9),(((4,14),((((23,25),2),18),29)),(3,(19,(11,(22,((17,24),(8,1)))))))),((26,((30,16),((13,28),21))),(10,7))),(((15,6),(27,20)),12));

STEP 98 [TBR_IncrementalHeuristic_RFC -> NNI_Substep_98] - Distance: 6.0000
((((5,9),(((4,14),(((23,25),2),(18,29))),(3,(19,(11,(22,((17,24),(8,1)))))))),((26,((30,16),((13,28),21))),(10,7))),(((15,6),(27,20)),12));

STEP 99 [TBR_IncrementalHeuristic_RFC -> NNI_Substep_99] - Distance: 6.0000
((((9,(((4,14),(((23,25),2),(18,29))),(3,(19,(11,(22,((17,24),(8,1)))))))),5),((26,((30,16),((13,28),21))),(10,7))),(((15,6),(27,20)),12));

STEP 100 [TBR_IncrementalHeuristic_RFC -> NNI_Substep_100] - Distance: 6.0000
(((9,((((4,14),(((23,25),2),(18,29))),(3,(19,(11,(22,((17,24),(8,1))))))),5)),((26,((30,16),((13,28),21))),(10,7))),(((15,6),(27,20)),12));

STEP 101 [TBR_IncrementalHeuristic_RFC -> NNI_Substep_101] - Distance: 6.0000
(((9,((((4,14),(((23,25),2),(18,29))),5),(3,(19,(11,(22,((17,24),(8,1)))))))),((26,((30,16),((13,28),21))),(10,7))),(((15,6),(27,20)),12));

STEP 102 [TBR_IncrementalHeuristic_RFC -> NNI_Substep_102] - Distance: 6.0000
(((9,(((4,14),((((23,25),2),(18,29)),5)),(3,(19,(11,(22,((17,24),(8,1)))))))),((26,((30,16),((13,28),21))),(10,7))),(((15,6),(27,20)),12));

STEP 103 [TBR_IncrementalHeuristic_RFC -> NNI_Substep_103] - Distance: 5.0000
(((9,(((4,14),((((23,25),2),5),(18,29))),(3,(19,(11,(22,((17,24),(8,1)))))))),((26,((30,16),((13,28),21))),(10,7))),(((15,6),(27,20)),12));

STEP 104 [TBR_IncrementalHeuristic_RFC -> NNI_Substep_104] - Distance: 5.0000
(((9,((((4,14),(18,29)),(((23,25),2),5)),(3,(19,(11,(22,((17,24),(8,1)))))))),((26,((30,16),((13,28),21))),(10,7))),(((15,6),(27,20)),12));

STEP 105 [TBR_IncrementalHeuristic_RFC -> NNI_Substep_105] - Distance: 5.0000
(((9,((((4,14),(18,29)),(3,(19,(11,(22,((17,24),(8,1))))))),(((23,25),2),5))),((26,((30,16),((13,28),21))),(10,7))),(((15,6),(27,20)),12));

STEP 106 [TBR_IncrementalHeuristic_RFC -> NNI_Substep_106] - Distance: 4.0000
((((9,(((4,14),(18,29)),(3,(19,(11,(22,((17,24),(8,1)))))))),(((23,25),2),5)),((26,((30,16),((13,28),21))),(10,7))),(((15,6),(27,20)),12));

STEP 107 [TBR_IncrementalHeuristic_RFC -> NNI_Substep_107] - Distance: 4.0000
((((9,(((4,14),(18,29)),((3,(11,(22,((17,24),(8,1))))),19))),(((23,25),2),5)),((26,((30,16),((13,28),21))),(10,7))),(((15,6),(27,20)),12));

STEP 108 [TBR_IncrementalHeuristic_RFC -> NNI_Substep_108] - Distance: 4.0000
((((9,((((4,14),(18,29)),(3,(11,(22,((17,24),(8,1)))))),19)),(((23,25),2),5)),((26,((30,16),((13,28),21))),(10,7))),(((15,6),(27,20)),12));

STEP 109 [TBR_IncrementalHeuristic_RFC -> NNI_Substep_109] - Distance: 3.0000
((((9,((((4,14),(18,29)),19),(3,(11,(22,((17,24),(8,1))))))),(((23,25),2),5)),((26,((30,16),((13,28),21))),(10,7))),(((15,6),(27,20)),12));

STEP 110 [TBR_IncrementalHeuristic_RFC -> NNI_Substep_110] - Distance: 2.0000
((((9,(((4,14),((18,29),19)),(3,(11,(22,((17,24),(8,1))))))),(((23,25),2),5)),((26,((30,16),((13,28),21))),(10,7))),(((15,6),(27,20)),12));

STEP 111 [TBR_IncrementalHeuristic_RFC -> NNI_Substep_111] - Distance: 1.0000
((((9,((((4,14),((18,29),19)),3),(11,(22,((17,24),(8,1)))))),(((23,25),2),5)),((26,((30,16),((13,28),21))),(10,7))),(((15,6),(27,20)),12));

STEP 112 [TBR_IncrementalHeuristic_RFC -> NNI_Substep_112] - Distance: 1.0000
(((((9,(((4,14),((18,29),19)),3)),(11,(22,((17,24),(8,1))))),(((23,25),2),5)),((26,((30,16),((13,28),21))),(10,7))),(((15,6),(27,20)),12));

STEP 113 [TBR_IncrementalHeuristic_RFC -> NNI_Substep_113] - Distance: 0.0000
(((((9,(11,(22,((17,24),(8,1))))),(((4,14),((18,29),19)),3)),(((23,25),2),5)),((26,((30,16),((13,28),21))),(10,7))),(((15,6),(27,20)),12));

========================================================
[FINAL] Total Steps: 113 | Final Distance: 0.0000
========================================================
