========================================================
HEURISTIC TRAJECTORY: VND Classic (MS_RF)
========================================================
STEP 0 [START] - Distance: 124.0000
((((25,(17,30)),(5,(22,(15,20)))),(18,6)),(4,(21,(19,(27,(28,10))))),(((8,(9,(2,24))),((14,1),(12,(16,(11,(7,23)))))),(13,(29,(3,26)))));

STEP 1 [NNI_ClassicHeuristic_MS_RF -> NNI_Substep_1] - Distance: 121.0000
((((25,(17,30)),(5,(22,(15,20)))),(18,6)),((19,(27,(28,10))),(21,4)),(((8,(9,(2,24))),((14,1),(12,(16,(11,(7,23)))))),(13,(29,(3,26)))));

STEP 2 [NNI_ClassicHeuristic_MS_RF -> NNI_Substep_2] - Distance: 118.0000
((((25,(17,30)),(5,(22,(15,20)))),(18,6)),((19,(27,(28,10))),(21,4)),(((12,(16,(11,(7,23)))),((14,1),(8,(9,(2,24))))),(13,(29,(3,26)))));

STEP 3 [NNI_ClassicHeuristic_MS_RF -> NNI_Substep_3] - Distance: 113.0000
((((25,(17,30)),(5,(22,(15,20)))),(18,6)),((19,(27,(28,10))),(21,4)),(((13,(29,(3,26))),((14,1),(8,(9,(2,24))))),(12,(16,(11,(7,23))))));

STEP 4 [NNI_ClassicHeuristic_MS_RF -> NNI_Substep_4] - Distance: 110.0000
((((25,(17,30)),(5,(22,(15,20)))),(18,6)),((19,(27,(28,10))),(21,4)),(((13,(29,(3,26))),((14,1),(8,(9,(2,24))))),(12,((7,23),(11,16)))));

STEP 5 [NNI_ClassicHeuristic_MS_RF -> NNI_Substep_5] - Distance: 108.0000
((((25,(17,30)),(18,6)),(5,(22,(15,20)))),((19,(27,(28,10))),(21,4)),(((13,(29,(3,26))),((14,1),(8,(9,(2,24))))),(12,((7,23),(11,16)))));

STEP 6 [NNI_ClassicHeuristic_MS_RF -> NNI_Substep_6] - Distance: 107.0000
((((25,(17,30)),(18,6)),(5,(22,(15,20)))),(((28,10),(27,19)),(21,4)),(((13,(29,(3,26))),((14,1),(8,(9,(2,24))))),(12,((7,23),(11,16)))));

STEP 7 [NNI_ClassicHeuristic_MS_RF -> NNI_Substep_7] - Distance: 106.0000
((((25,(17,30)),(18,6)),(5,(22,(15,20)))),(((28,10),(27,19)),(21,4)),((((3,26),(29,13)),((14,1),(8,(9,(2,24))))),(12,((7,23),(11,16)))));

STEP 8 [NNI_ClassicHeuristic_MS_RF -> NNI_Substep_8] - Distance: 105.0000
((((25,(17,30)),(18,6)),(5,(22,(15,20)))),(((28,10),(27,19)),(21,4)),((((3,26),(29,13)),(8,((14,1),(9,(2,24))))),(12,((7,23),(11,16)))));

STEP 9 [NNI_ClassicHeuristic_MS_RF -> NNI_Substep_9] - Distance: 104.0000
((((25,(17,30)),(18,6)),(5,(22,(15,20)))),(((28,10),(27,19)),(21,4)),((((3,26),(29,13)),(8,((14,1),(9,(2,24))))),((11,16),((7,23),12))));

STEP 10 [uSPR_ClassicHeuristic_null_MS_RF -> NNI_Substep_1] - Distance: 104.0000
((((25,(17,30)),(18,6)),((5,(15,20)),22)),(((28,10),(27,19)),(21,4)),((((3,26),(29,13)),(8,((14,1),(9,(2,24))))),((11,16),((7,23),12))));

STEP 11 [uSPR_ClassicHeuristic_null_MS_RF -> NNI_Substep_2] - Distance: 108.0000
(((((25,(17,30)),(18,6)),(5,(15,20))),22),(((28,10),(27,19)),(21,4)),((((3,26),(29,13)),(8,((14,1),(9,(2,24))))),((11,16),((7,23),12))));

STEP 12 [uSPR_ClassicHeuristic_null_MS_RF -> NNI_Substep_3] - Distance: 111.0000
((((25,(17,30)),(18,6)),(5,(15,20))),(((28,10),(27,19)),(21,4)),(((((3,26),(29,13)),(8,((14,1),(9,(2,24))))),((11,16),((7,23),12))),22));

STEP 13 [uSPR_ClassicHeuristic_null_MS_RF -> NNI_Substep_4] - Distance: 104.0000
((((25,(17,30)),(18,6)),(5,(15,20))),(((28,10),(27,19)),(21,4)),((((3,26),(29,13)),(8,((14,1),(9,(2,24))))),(((11,16),((7,23),12)),22)));

STEP 14 [uSPR_ClassicHeuristic_null_MS_RF -> NNI_Substep_5] - Distance: 100.0000
((((25,(17,30)),(18,6)),(5,(15,20))),(((28,10),(27,19)),(21,4)),((((3,26),(29,13)),(8,((14,1),(9,(2,24))))),(((11,16),22),((7,23),12))));

STEP 15 [uSPR_ClassicHeuristic_null_MS_RF -> NNI_Substep_6] - Distance: 98.0000
((((25,(17,30)),(18,6)),(5,(15,20))),(((28,10),(27,19)),(21,4)),((((3,26),(29,13)),(8,((14,1),(9,(2,24))))),((11,(16,22)),((7,23),12))));

STEP 16 [uSPR_ClassicHeuristic_null_MS_RF -> NNI_Substep_7] - Distance: 99.0000
((((25,(17,30)),(18,6)),(5,(15,20))),(((28,(27,19)),10),(21,4)),((((3,26),(29,13)),(8,((14,1),(9,(2,24))))),((11,(16,22)),((7,23),12))));

STEP 17 [uSPR_ClassicHeuristic_null_MS_RF -> NNI_Substep_8] - Distance: 100.0000
((((25,(17,30)),(18,6)),(5,(15,20))),(((28,(27,19)),(21,4)),10),((((3,26),(29,13)),(8,((14,1),(9,(2,24))))),((11,(16,22)),((7,23),12))));

STEP 18 [uSPR_ClassicHeuristic_null_MS_RF -> NNI_Substep_9] - Distance: 103.0000
((((25,(17,30)),(18,6)),(5,(15,20))),((28,(27,19)),(21,4)),(((((3,26),(29,13)),(8,((14,1),(9,(2,24))))),((11,(16,22)),((7,23),12))),10));

STEP 19 [uSPR_ClassicHeuristic_null_MS_RF -> NNI_Substep_10] - Distance: 96.0000
((((25,(17,30)),(18,6)),(5,(15,20))),((28,(27,19)),(21,4)),((((3,26),(29,13)),(8,((14,1),(9,(2,24))))),(((11,(16,22)),((7,23),12)),10)));

STEP 20 [uSPR_ClassicHeuristic_null_MS_RF -> NNI_Substep_11] - Distance: 92.0000
((((25,(17,30)),(18,6)),(5,(15,20))),((28,(27,19)),(21,4)),((((3,26),(29,13)),(8,((14,1),(9,(2,24))))),(((11,(16,22)),10),((7,23),12))));

STEP 21 [uSPR_ClassicHeuristic_null_MS_RF -> NNI_Substep_12] - Distance: 90.0000
((((25,(17,30)),(18,6)),(5,(15,20))),((28,(27,19)),(21,4)),((((3,26),(29,13)),(8,((14,1),(9,(2,24))))),((11,((16,22),10)),((7,23),12))));

STEP 22 [uSPR_ClassicHeuristic_null_MS_RF -> NNI_Substep_13] - Distance: 88.0000
((((25,(17,30)),(18,6)),((5,20),15)),((28,(27,19)),(21,4)),((((3,26),(29,13)),(8,((14,1),(9,(2,24))))),((11,((16,22),10)),((7,23),12))));

STEP 23 [uSPR_ClassicHeuristic_null_MS_RF -> NNI_Substep_14] - Distance: 92.0000
(((((25,(17,30)),(18,6)),(5,20)),15),((28,(27,19)),(21,4)),((((3,26),(29,13)),(8,((14,1),(9,(2,24))))),((11,((16,22),10)),((7,23),12))));

STEP 24 [uSPR_ClassicHeuristic_null_MS_RF -> NNI_Substep_15] - Distance: 94.0000
((((25,(17,30)),(18,6)),(5,20)),((28,(27,19)),(21,4)),(((((3,26),(29,13)),(8,((14,1),(9,(2,24))))),((11,((16,22),10)),((7,23),12))),15));

STEP 25 [uSPR_ClassicHeuristic_null_MS_RF -> NNI_Substep_16] - Distance: 87.0000
((((25,(17,30)),(18,6)),(5,20)),((28,(27,19)),(21,4)),((((3,26),(29,13)),(8,((14,1),(9,(2,24))))),(((11,((16,22),10)),((7,23),12)),15)));

STEP 26 [uSPR_ClassicHeuristic_null_MS_RF -> NNI_Substep_17] - Distance: 85.0000
((((25,(17,30)),(18,6)),(5,20)),((28,(27,19)),(21,4)),((((3,26),(29,13)),(8,((14,1),(9,(2,24))))),(((11,((16,22),10)),15),((7,23),12))));

STEP 27 [uSPR_ClassicHeuristic_null_MS_RF -> NNI_Substep_18] - Distance: 83.0000
((((25,(17,30)),(18,6)),(5,20)),((28,(27,19)),(21,4)),((((3,26),(29,13)),(8,((14,1),(9,(2,24))))),((11,(((16,22),10),15)),((7,23),12))));

STEP 28 [uSPR_ClassicHeuristic_null_MS_RF -> NNI_Substep_19] - Distance: 83.0000
((((25,(17,30)),(18,6)),(5,20)),((28,(27,19)),(21,4)),((((3,26),(29,13)),(8,((14,1),(9,(2,24))))),(((((16,22),10),15),((7,23),12)),11)));

STEP 29 [uSPR_ClassicHeuristic_null_MS_RF -> NNI_Substep_20] - Distance: 88.0000
((((25,(17,30)),(18,6)),(5,20)),((28,(27,19)),(21,4)),(((((3,26),(29,13)),(8,((14,1),(9,(2,24))))),((((16,22),10),15),((7,23),12))),11));

STEP 30 [uSPR_ClassicHeuristic_null_MS_RF -> NNI_Substep_21] - Distance: 84.0000
((((25,(17,30)),(18,6)),(5,20)),(((28,(27,19)),(21,4)),11),((((3,26),(29,13)),(8,((14,1),(9,(2,24))))),((((16,22),10),15),((7,23),12))));

STEP 31 [uSPR_ClassicHeuristic_null_MS_RF -> NNI_Substep_22] - Distance: 82.0000
((((25,(17,30)),(18,6)),(5,20)),((28,(27,19)),((21,4),11)),((((3,26),(29,13)),(8,((14,1),(9,(2,24))))),((((16,22),10),15),((7,23),12))));

STEP 32 [uSPR_ClassicHeuristic_null_MS_RF -> NNI_Substep_23] - Distance: 80.0000
((((25,(17,30)),(18,6)),(5,20)),((28,(27,19)),((21,11),4)),((((3,26),(29,13)),(8,((14,1),(9,(2,24))))),((((16,22),10),15),((7,23),12))));

STEP 33 [uSPR_ClassicHeuristic_null_MS_RF -> NNI_Substep_24] - Distance: 80.0000
((((25,(17,30)),(18,6)),(5,20)),((28,(27,19)),((21,11),4)),((((3,26),(29,13)),(8,((14,1),(9,(2,24))))),((((16,22),10),15),((23,12),7))));

STEP 34 [uSPR_ClassicHeuristic_null_MS_RF -> NNI_Substep_25] - Distance: 77.0000
((((25,(17,30)),(18,6)),(5,20)),((28,(27,19)),((21,11),4)),((((3,26),(29,13)),(8,((14,1),(9,(2,24))))),(((((16,22),10),15),(23,12)),7)));

STEP 35 [uSPR_ClassicHeuristic_null_MS_RF -> NNI_Substep_26] - Distance: 74.0000
((((25,(17,30)),(18,6)),(5,20)),((28,(27,19)),((21,11),4)),((((3,26),(29,13)),(8,((14,1),(9,(2,24))))),(((((16,22),10),15),7),(23,12))));

STEP 36 [uSPR_ClassicHeuristic_null_MS_RF -> NNI_Substep_27] - Distance: 75.0000
((((25,(17,30)),(18,6)),(5,20)),((28,(27,19)),((21,11),4)),((((26,(29,13)),3),(8,((14,1),(9,(2,24))))),(((((16,22),10),15),7),(23,12))));

STEP 37 [uSPR_ClassicHeuristic_null_MS_RF -> NNI_Substep_28] - Distance: 78.0000
((((25,(17,30)),(18,6)),(5,20)),((28,(27,19)),((21,11),4)),((((26,(29,13)),(8,((14,1),(9,(2,24))))),3),(((((16,22),10),15),7),(23,12))));

STEP 38 [uSPR_ClassicHeuristic_null_MS_RF -> NNI_Substep_29] - Distance: 76.0000
((((25,(17,30)),(18,6)),(5,20)),((28,(27,19)),((21,11),4)),((((26,(29,13)),(8,((14,1),(9,(2,24))))),(((((16,22),10),15),7),(23,12))),3));

STEP 39 [uSPR_ClassicHeuristic_null_MS_RF -> NNI_Substep_30] - Distance: 73.0000
(((((25,(17,30)),(18,6)),(5,20)),3),((28,(27,19)),((21,11),4)),(((26,(29,13)),(8,((14,1),(9,(2,24))))),(((((16,22),10),15),7),(23,12))));

STEP 40 [uSPR_ClassicHeuristic_null_MS_RF -> NNI_Substep_31] - Distance: 67.0000
((((25,(17,30)),(18,6)),((5,20),3)),((28,(27,19)),((21,11),4)),(((26,(29,13)),(8,((14,1),(9,(2,24))))),(((((16,22),10),15),7),(23,12))));

STEP 41 [uSPR_ClassicHeuristic_null_MS_RF -> NNI_Substep_32] - Distance: 68.0000
((((25,(17,30)),(18,6)),((5,20),3)),(((28,(27,19)),4),(21,11)),(((26,(29,13)),(8,((14,1),(9,(2,24))))),(((((16,22),10),15),7),(23,12))));

STEP 42 [uSPR_ClassicHeuristic_null_MS_RF -> NNI_Substep_33] - Distance: 66.0000
(((((25,(17,30)),(18,6)),((5,20),3)),(21,11)),((28,(27,19)),4),(((26,(29,13)),(8,((14,1),(9,(2,24))))),(((((16,22),10),15),7),(23,12))));

STEP 43 [uSPR_ClassicHeuristic_null_MS_RF -> NNI_Substep_34] - Distance: 59.0000
((((25,(17,30)),(18,6)),(((5,20),3),(21,11))),((28,(27,19)),4),(((26,(29,13)),(8,((14,1),(9,(2,24))))),(((((16,22),10),15),7),(23,12))));

STEP 44 [uSPR_ClassicHeuristic_null_MS_RF -> NNI_Substep_35] - Distance: 62.0000
((((25,(17,30)),(18,6)),(((5,20),3),(21,11))),((28,(27,19)),4),((((29,13),(8,((14,1),(9,(2,24))))),26),(((((16,22),10),15),7),(23,12))));

STEP 45 [uSPR_ClassicHeuristic_null_MS_RF -> NNI_Substep_36] - Distance: 66.0000
((((25,(17,30)),(18,6)),(((5,20),3),(21,11))),((28,(27,19)),4),((((29,13),(8,((14,1),(9,(2,24))))),(((((16,22),10),15),7),(23,12))),26));

STEP 46 [uSPR_ClassicHeuristic_null_MS_RF -> NNI_Substep_37] - Distance: 63.0000
(((((25,(17,30)),(18,6)),(((5,20),3),(21,11))),26),((28,(27,19)),4),(((29,13),(8,((14,1),(9,(2,24))))),(((((16,22),10),15),7),(23,12))));

STEP 47 [uSPR_ClassicHeuristic_null_MS_RF -> NNI_Substep_38] - Distance: 59.0000
(((((25,(17,30)),(18,6)),26),(((5,20),3),(21,11))),((28,(27,19)),4),(((29,13),(8,((14,1),(9,(2,24))))),(((((16,22),10),15),7),(23,12))));

STEP 48 [uSPR_ClassicHeuristic_null_MS_RF -> NNI_Substep_39] - Distance: 58.0000
(((((25,(17,30)),26),(18,6)),(((5,20),3),(21,11))),((28,(27,19)),4),(((29,13),(8,((14,1),(9,(2,24))))),(((((16,22),10),15),7),(23,12))));

STEP 49 [uSPR_ClassicHeuristic_null_MS_RF -> NNI_Substep_40] - Distance: 56.0000
((((25,((17,30),26)),(18,6)),(((5,20),3),(21,11))),((28,(27,19)),4),(((29,13),(8,((14,1),(9,(2,24))))),(((((16,22),10),15),7),(23,12))));

STEP 50 [uSPR_ClassicHeuristic_null_MS_RF -> NNI_Substep_41] - Distance: 54.0000
((((25,(17,(30,26))),(18,6)),(((5,20),3),(21,11))),((28,(27,19)),4),(((29,13),(8,((14,1),(9,(2,24))))),(((((16,22),10),15),7),(23,12))));

STEP 51 [uSPR_ClassicHeuristic_null_MS_RF -> NNI_Substep_42] - Distance: 62.0000
((((25,(17,(30,26))),(18,6)),(((5,20),3),(21,11))),(28,(27,19)),((((29,13),(8,((14,1),(9,(2,24))))),(((((16,22),10),15),7),(23,12))),4));

STEP 52 [uSPR_ClassicHeuristic_null_MS_RF -> NNI_Substep_43] - Distance: 54.0000
((((25,(17,(30,26))),(18,6)),(((5,20),3),(21,11))),(28,(27,19)),((((29,13),(8,((14,1),(9,(2,24))))),4),(((((16,22),10),15),7),(23,12))));

STEP 53 [uSPR_ClassicHeuristic_null_MS_RF -> NNI_Substep_44] - Distance: 51.0000
((((25,(17,(30,26))),(18,6)),(((5,20),3),(21,11))),(28,(27,19)),((((29,13),4),(8,((14,1),(9,(2,24))))),(((((16,22),10),15),7),(23,12))));

STEP 54 [uSPR_ClassicHeuristic_null_MS_RF -> NNI_Substep_45] - Distance: 49.0000
((((25,(17,(30,26))),(18,6)),(((5,20),3),(21,11))),(28,(27,19)),(((29,(13,4)),(8,((14,1),(9,(2,24))))),(((((16,22),10),15),7),(23,12))));

STEP 55 [uSPR_ClassicHeuristic_null_MS_RF -> NNI_Substep_46] - Distance: 49.0000
((((25,(17,(30,26))),(18,6)),(((5,20),3),(21,11))),(28,(27,19)),(((29,(13,4)),(8,((1,(9,(2,24))),14))),(((((16,22),10),15),7),(23,12))));

STEP 56 [uSPR_ClassicHeuristic_null_MS_RF -> NNI_Substep_47] - Distance: 49.0000
((((25,(17,(30,26))),(18,6)),(((5,20),3),(21,11))),(28,(27,19)),(((29,(13,4)),((8,(1,(9,(2,24)))),14)),(((((16,22),10),15),7),(23,12))));

STEP 57 [uSPR_ClassicHeuristic_null_MS_RF -> NNI_Substep_48] - Distance: 49.0000
((((25,(17,(30,26))),(18,6)),(((5,20),3),(21,11))),(28,(27,19)),((((29,(13,4)),(8,(1,(9,(2,24))))),14),(((((16,22),10),15),7),(23,12))));

STEP 58 [uSPR_ClassicHeuristic_null_MS_RF -> NNI_Substep_49] - Distance: 45.0000
((((25,(17,(30,26))),(18,6)),(((5,20),3),(21,11))),(28,(27,19)),((((29,(13,4)),14),(8,(1,(9,(2,24))))),(((((16,22),10),15),7),(23,12))));

STEP 59 [uSPR_ClassicHeuristic_null_MS_RF -> NNI_Substep_50] - Distance: 43.0000
((((25,(17,(30,26))),(18,6)),(((5,20),3),(21,11))),(28,(27,19)),(((29,((13,4),14)),(8,(1,(9,(2,24))))),(((((16,22),10),15),7),(23,12))));

STEP 60 [uSPR_ClassicHeuristic_null_MS_RF -> NNI_Substep_51] - Distance: 43.0000
((((25,(17,(30,26))),(18,6)),(((5,20),3),(21,11))),(28,(27,19)),(((29,((13,4),14)),(8,(1,((9,2),24)))),(((((16,22),10),15),7),(23,12))));

STEP 61 [uSPR_ClassicHeuristic_null_MS_RF -> NNI_Substep_52] - Distance: 41.0000
((((25,(17,(30,26))),(18,6)),(((5,20),3),(21,11))),(28,(27,19)),(((29,((13,4),14)),(8,((1,(9,2)),24))),(((((16,22),10),15),7),(23,12))));

STEP 62 [uSPR_ClassicHeuristic_null_MS_RF -> NNI_Substep_53] - Distance: 41.0000
((((25,(17,(30,26))),(18,6)),(((5,20),3),(21,11))),(28,(27,19)),(((29,((13,4),14)),((8,(1,(9,2))),24)),(((((16,22),10),15),7),(23,12))));

STEP 63 [uSPR_ClassicHeuristic_null_MS_RF -> NNI_Substep_54] - Distance: 44.0000
((((25,(17,(30,26))),(18,6)),(((5,20),3),(21,11))),(28,(27,19)),((((29,((13,4),14)),(8,(1,(9,2)))),24),(((((16,22),10),15),7),(23,12))));

STEP 64 [uSPR_ClassicHeuristic_null_MS_RF -> NNI_Substep_55] - Distance: 52.0000
((((25,(17,(30,26))),(18,6)),(((5,20),3),(21,11))),(28,(27,19)),((((29,((13,4),14)),(8,(1,(9,2)))),(((((16,22),10),15),7),(23,12))),24));

STEP 65 [uSPR_ClassicHeuristic_null_MS_RF -> NNI_Substep_56] - Distance: 46.0000
((((25,(17,(30,26))),(18,6)),(((5,20),3),(21,11))),((28,(27,19)),24),(((29,((13,4),14)),(8,(1,(9,2)))),(((((16,22),10),15),7),(23,12))));

STEP 66 [uSPR_ClassicHeuristic_null_MS_RF -> NNI_Substep_57] - Distance: 46.0000
((((25,(17,(30,26))),(18,6)),(((5,20),3),(21,11))),(28,((27,19),24)),(((29,((13,4),14)),(8,(1,(9,2)))),(((((16,22),10),15),7),(23,12))));

STEP 67 [uSPR_ClassicHeuristic_null_MS_RF -> NNI_Substep_58] - Distance: 44.0000
((((25,(17,(30,26))),(18,6)),(((5,20),3),(21,11))),(28,(27,(19,24))),(((29,((13,4),14)),(8,(1,(9,2)))),(((((16,22),10),15),7),(23,12))));

STEP 68 [uSPR_ClassicHeuristic_null_MS_RF -> NNI_Substep_59] - Distance: 45.0000
(((((25,17),(30,26)),(18,6)),(((5,20),3),(21,11))),(28,(27,(19,24))),(((29,((13,4),14)),(8,(1,(9,2)))),(((((16,22),10),15),7),(23,12))));

STEP 69 [uSPR_ClassicHeuristic_null_MS_RF -> NNI_Substep_60] - Distance: 47.0000
(((((25,17),(18,6)),(30,26)),(((5,20),3),(21,11))),(28,(27,(19,24))),(((29,((13,4),14)),(8,(1,(9,2)))),(((((16,22),10),15),7),(23,12))));

STEP 70 [uSPR_ClassicHeuristic_null_MS_RF -> NNI_Substep_61] - Distance: 50.0000
(((((25,17),(18,6)),(((5,20),3),(21,11))),(30,26)),(28,(27,(19,24))),(((29,((13,4),14)),(8,(1,(9,2)))),(((((16,22),10),15),7),(23,12))));

STEP 71 [uSPR_ClassicHeuristic_null_MS_RF -> NNI_Substep_62] - Distance: 43.0000
((((25,17),(18,6)),(((5,20),3),(21,11))),((28,(27,(19,24))),(30,26)),(((29,((13,4),14)),(8,(1,(9,2)))),(((((16,22),10),15),7),(23,12))));

STEP 72 [uSPR_ClassicHeuristic_null_MS_RF -> NNI_Substep_63] - Distance: 38.0000
((((25,17),(18,6)),(((5,20),3),(21,11))),((28,(30,26)),(27,(19,24))),(((29,((13,4),14)),(8,(1,(9,2)))),(((((16,22),10),15),7),(23,12))));

STEP 73 [uSPR_ClassicHeuristic_null_MS_RF -> NNI_Substep_64] - Distance: 39.0000
((((25,17),(18,6)),(((5,20),3),(21,11))),((28,(30,26)),(27,(19,24))),((((29,((13,4),14)),(1,(9,2))),8),(((((16,22),10),15),7),(23,12))));

STEP 74 [uSPR_ClassicHeuristic_null_MS_RF -> NNI_Substep_65] - Distance: 45.0000
((((25,17),(18,6)),(((5,20),3),(21,11))),((28,(30,26)),(27,(19,24))),((((29,((13,4),14)),(1,(9,2))),(((((16,22),10),15),7),(23,12))),8));

STEP 75 [uSPR_ClassicHeuristic_null_MS_RF -> NNI_Substep_66] - Distance: 37.0000
((((25,17),(18,6)),(((5,20),3),(21,11))),(((28,(30,26)),(27,(19,24))),8),(((29,((13,4),14)),(1,(9,2))),(((((16,22),10),15),7),(23,12))));

STEP 76 [uSPR_ClassicHeuristic_null_MS_RF -> NNI_Substep_67] - Distance: 33.0000
((((25,17),(18,6)),(((5,20),3),(21,11))),(((28,(30,26)),8),(27,(19,24))),(((29,((13,4),14)),(1,(9,2))),(((((16,22),10),15),7),(23,12))));

STEP 77 [uSPR_ClassicHeuristic_null_MS_RF -> NNI_Substep_68] - Distance: 34.0000
(((((25,17),18),6),(((5,20),3),(21,11))),(((28,(30,26)),8),(27,(19,24))),(((29,((13,4),14)),(1,(9,2))),(((((16,22),10),15),7),(23,12))));

STEP 78 [uSPR_ClassicHeuristic_null_MS_RF -> NNI_Substep_69] - Distance: 38.0000
(((((25,17),18),(((5,20),3),(21,11))),6),(((28,(30,26)),8),(27,(19,24))),(((29,((13,4),14)),(1,(9,2))),(((((16,22),10),15),7),(23,12))));

STEP 79 [uSPR_ClassicHeuristic_null_MS_RF -> NNI_Substep_70] - Distance: 38.0000
((((25,17),18),(((5,20),3),(21,11))),(((28,(30,26)),8),(27,(19,24))),((((29,((13,4),14)),(1,(9,2))),(((((16,22),10),15),7),(23,12))),6));

STEP 80 [uSPR_ClassicHeuristic_null_MS_RF -> NNI_Substep_71] - Distance: 30.0000
((((25,17),18),(((5,20),3),(21,11))),(((28,(30,26)),8),(27,(19,24))),((((29,((13,4),14)),(1,(9,2))),6),(((((16,22),10),15),7),(23,12))));

STEP 81 [uSPR_ClassicHeuristic_null_MS_RF -> NNI_Substep_72] - Distance: 30.0000
((((25,17),18),(((5,20),3),(21,11))),(((28,(30,26)),8),(27,(19,24))),((((29,((13,4),14)),6),(1,(9,2))),(((((16,22),10),15),7),(23,12))));

STEP 82 [uSPR_ClassicHeuristic_null_MS_RF -> NNI_Substep_73] - Distance: 28.0000
((((25,17),18),(((5,20),3),(21,11))),(((28,(30,26)),8),(27,(19,24))),((((29,6),((13,4),14)),(1,(9,2))),(((((16,22),10),15),7),(23,12))));

STEP 83 [uSPR_ClassicHeuristic_null_MS_RF -> NNI_Substep_74] - Distance: 28.0000
((((25,18),17),(((5,20),3),(21,11))),(((28,(30,26)),8),(27,(19,24))),((((29,6),((13,4),14)),(1,(9,2))),(((((16,22),10),15),7),(23,12))));

STEP 84 [uSPR_ClassicHeuristic_null_MS_RF -> NNI_Substep_75] - Distance: 32.0000
((((25,18),(((5,20),3),(21,11))),17),(((28,(30,26)),8),(27,(19,24))),((((29,6),((13,4),14)),(1,(9,2))),(((((16,22),10),15),7),(23,12))));

STEP 85 [uSPR_ClassicHeuristic_null_MS_RF -> NNI_Substep_76] - Distance: 30.0000
(((25,18),(((5,20),3),(21,11))),((((28,(30,26)),8),(27,(19,24))),17),((((29,6),((13,4),14)),(1,(9,2))),(((((16,22),10),15),7),(23,12))));

STEP 86 [uSPR_ClassicHeuristic_null_MS_RF -> NNI_Substep_77] - Distance: 28.0000
(((25,18),(((5,20),3),(21,11))),((((28,(30,26)),8),17),(27,(19,24))),((((29,6),((13,4),14)),(1,(9,2))),(((((16,22),10),15),7),(23,12))));

STEP 87 [uSPR_ClassicHeuristic_null_MS_RF -> NNI_Substep_78] - Distance: 24.0000
(((25,18),(((5,20),3),(21,11))),(((28,(30,26)),8),17),(((((29,6),((13,4),14)),(1,(9,2))),(((((16,22),10),15),7),(23,12))),(27,(19,24))));

STEP 88 [uSPR_ClassicHeuristic_null_MS_RF -> NNI_Substep_79] - Distance: 14.0000
(((25,18),(((5,20),3),(21,11))),(((28,(30,26)),8),17),(((((29,6),((13,4),14)),(1,(9,2))),(27,(19,24))),(((((16,22),10),15),7),(23,12))));

STEP 89 [uSPR_ClassicHeuristic_null_MS_RF -> NNI_Substep_80] - Distance: 12.0000
(((25,18),(((5,20),3),(21,11))),(((28,(30,26)),8),17),(((((29,6),(1,(9,2))),((13,4),14)),(27,(19,24))),(((((16,22),10),15),7),(23,12))));

STEP 90 [uSPR_ClassicHeuristic_null_MS_RF -> NNI_Substep_81] - Distance: 8.0000
(((25,18),(((5,20),3),(21,11))),(((28,(30,26)),8),17),(((((29,6),(1,(9,2))),(27,(19,24))),((13,4),14)),(((((16,22),10),15),7),(23,12))));

STEP 91 [uSPR_ClassicHeuristic_null_MS_RF -> NNI_Substep_82] - Distance: 10.0000
(((25,18),(((5,20),3),(21,11))),(((28,(30,26)),8),17),((((29,6),(1,(9,2))),((27,(19,24)),((13,4),14))),(((((16,22),10),15),7),(23,12))));

STEP 92 [uSPR_ClassicHeuristic_null_MS_RF -> NNI_Substep_83] - Distance: 11.0000
(((25,18),(((5,20),3),(21,11))),(((28,(30,26)),8),17),((((29,6),(1,(9,2))),((27,((13,4),14)),(19,24))),(((((16,22),10),15),7),(23,12))));

STEP 93 [uSPR_ClassicHeuristic_null_MS_RF -> NNI_Substep_84] - Distance: 2.0000
(((25,18),(((5,20),3),(21,11))),(((28,(30,26)),8),17),(((((29,6),(1,(9,2))),(19,24)),(27,((13,4),14))),(((((16,22),10),15),7),(23,12))));

STEP 94 [uSPR_ClassicHeuristic_null_MS_RF -> NNI_Substep_85] - Distance: 0.0000
(((25,18),(((5,20),3),(21,11))),(((28,(30,26)),8),17),(((((29,6),(9,(2,1))),(19,24)),(27,((13,4),14))),(((((16,22),10),15),7),(23,12))));

========================================================
[FINAL] Total Steps: 94 | Final Distance: 0.0000
========================================================
