========================================================
HEURISTIC TRAJECTORY: VND Classic (MS)
========================================================
STEP 0 [START] - Distance: 135.0000
(23,((26,(28,16)),(29,((19,24),(8,7)))),(((22,(5,(6,(10,(20,21))))),(25,(1,17))),((((12,2),(18,(15,4))),((27,(13,9)),(30,11))),(14,3))));

STEP 1 [NNI_ClassicHeuristic_MS -> NNI_Substep_1] - Distance: 132.0000
(23,((26,(28,16)),(29,((19,24),(8,7)))),((((6,(10,(20,21))),(5,22)),(25,(1,17))),((((12,2),(18,(15,4))),((27,(13,9)),(30,11))),(14,3))));

STEP 2 [NNI_ClassicHeuristic_MS -> NNI_Substep_2] - Distance: 129.0000
(23,((26,(28,16)),(29,((19,24),(8,7)))),((((25,(1,17)),(5,22)),(6,(10,(20,21)))),((((12,2),(18,(15,4))),((27,(13,9)),(30,11))),(14,3))));

STEP 3 [NNI_ClassicHeuristic_MS -> NNI_Substep_3] - Distance: 126.0000
(23,((26,(28,16)),(29,((19,24),(8,7)))),((14,3),((((12,2),(18,(15,4))),((27,(13,9)),(30,11))),(((25,(1,17)),(5,22)),(6,(10,(20,21)))))));

STEP 4 [NNI_ClassicHeuristic_MS -> NNI_Substep_4] - Distance: 124.0000
(23,((26,(28,16)),(29,((19,24),(8,7)))),((14,3),(((((25,(1,17)),(5,22)),(6,(10,(20,21)))),((27,(13,9)),(30,11))),((12,2),(18,(15,4))))));

STEP 5 [NNI_ClassicHeuristic_MS -> NNI_Substep_5] - Distance: 120.0000
((29,((19,24),(8,7))),((26,(28,16)),23),((14,3),(((((25,(1,17)),(5,22)),(6,(10,(20,21)))),((27,(13,9)),(30,11))),((12,2),(18,(15,4))))));

STEP 6 [NNI_ClassicHeuristic_MS -> NNI_Substep_6] - Distance: 118.0000
((29,((19,24),(8,7))),((26,(28,16)),23),((14,3),(((((27,(13,9)),(30,11)),(6,(10,(20,21)))),((25,(1,17)),(5,22))),((12,2),(18,(15,4))))));

STEP 7 [NNI_ClassicHeuristic_MS -> NNI_Substep_7] - Distance: 116.0000
((((((27,(13,9)),(30,11)),(6,(10,(20,21)))),((25,(1,17)),(5,22))),((12,2),(18,(15,4)))),((26,(28,16)),23),((14,3),(29,((19,24),(8,7)))));

STEP 8 [NNI_ClassicHeuristic_MS -> NNI_Substep_8] - Distance: 114.0000
((((((27,(13,9)),(30,11)),(6,(10,(20,21)))),((25,(1,17)),(5,22))),((12,2),(18,(15,4)))),((26,(28,16)),23),(((19,24),(8,7)),(29,(14,3))));

STEP 9 [NNI_ClassicHeuristic_MS -> NNI_Substep_9] - Distance: 112.0000
((((((27,(13,9)),(30,11)),(6,(10,(20,21)))),((25,(5,22)),(1,17))),((12,2),(18,(15,4)))),((26,(28,16)),23),(((19,24),(8,7)),(29,(14,3))));

STEP 10 [NNI_ClassicHeuristic_MS -> NNI_Substep_10] - Distance: 110.0000
((((26,(28,16)),23),((12,2),(18,(15,4)))),((((27,(13,9)),(30,11)),(6,(10,(20,21)))),((25,(5,22)),(1,17))),(((19,24),(8,7)),(29,(14,3))));

STEP 11 [NNI_ClassicHeuristic_MS -> NNI_Substep_11] - Distance: 109.0000
((((26,23),(28,16)),((12,2),(18,(15,4)))),((((27,(13,9)),(30,11)),(6,(10,(20,21)))),((25,(5,22)),(1,17))),(((19,24),(8,7)),(29,(14,3))));

STEP 12 [NNI_ClassicHeuristic_MS -> NNI_Substep_12] - Distance: 108.0000
(((16,(28,(26,23))),((12,2),(18,(15,4)))),((((27,(13,9)),(30,11)),(6,(10,(20,21)))),((25,(5,22)),(1,17))),(((19,24),(8,7)),(29,(14,3))));

STEP 13 [NNI_ClassicHeuristic_MS -> NNI_Substep_13] - Distance: 107.0000
(((16,(28,(26,23))),((12,2),(18,(15,4)))),((((27,(13,9)),(30,11)),((20,21),(10,6))),((25,(5,22)),(1,17))),(((19,24),(8,7)),(29,(14,3))));

STEP 14 [uTBR_ClassicHeuristic_MS -> NNI_Substep_1] - Distance: 107.0000
(((16,(28,(26,23))),((12,2),(18,(15,4)))),((((27,(13,9)),((20,21),(10,6))),(30,11)),((25,(5,22)),(1,17))),(((19,24),(8,7)),(29,(14,3))));

STEP 15 [uTBR_ClassicHeuristic_MS -> NNI_Substep_2] - Distance: 108.0000
(((16,(28,(26,23))),((12,2),(18,(15,4)))),((((27,(13,9)),((20,21),(10,6))),((25,(5,22)),(1,17))),(30,11)),(((19,24),(8,7)),(29,(14,3))));

STEP 16 [uTBR_ClassicHeuristic_MS -> NNI_Substep_3] - Distance: 103.0000
(((16,(28,(26,23))),((12,2),(18,(15,4)))),(((27,(13,9)),((20,21),(10,6))),(((25,(5,22)),(1,17)),(30,11))),(((19,24),(8,7)),(29,(14,3))));

STEP 17 [uTBR_ClassicHeuristic_MS -> NNI_Substep_4] - Distance: 101.0000
(((16,(28,(26,23))),((12,2),(18,(15,4)))),(((27,(13,9)),((20,21),(10,6))),(((25,(5,22)),(30,11)),(1,17))),(((19,24),(8,7)),(29,(14,3))));

STEP 18 [uTBR_ClassicHeuristic_MS -> NNI_Substep_5] - Distance: 100.0000
(((16,(28,(26,23))),((12,2),(18,(15,4)))),(((27,(13,9)),((20,21),(10,6))),((25,((5,22),(30,11))),(1,17))),(((19,24),(8,7)),(29,(14,3))));

STEP 19 [uTBR_ClassicHeuristic_MS -> NNI_Substep_6] - Distance: 99.0000
(((16,(28,(26,23))),((12,2),(18,(15,4)))),(((27,(13,9)),((20,21),(10,6))),((25,(5,(22,(30,11)))),(1,17))),(((19,24),(8,7)),(29,(14,3))));

STEP 20 [uTBR_ClassicHeuristic_MS -> NNI_Substep_7] - Distance: 100.0000
(((16,(28,(26,23))),((12,2),(18,(15,4)))),(((27,(13,9)),((20,21),(10,6))),((25,(5,(22,(30,11)))),(1,17))),(((8,7),(29,(14,3))),(19,24)));

STEP 21 [uTBR_ClassicHeuristic_MS -> NNI_Substep_8] - Distance: 103.0000
(((16,(28,(26,23))),((12,2),(18,(15,4)))),((((27,(13,9)),((20,21),(10,6))),((25,(5,(22,(30,11)))),(1,17))),(19,24)),((8,7),(29,(14,3))));

STEP 22 [uTBR_ClassicHeuristic_MS -> NNI_Substep_9] - Distance: 98.0000
(((16,(28,(26,23))),((12,2),(18,(15,4)))),(((27,(13,9)),((20,21),(10,6))),(((25,(5,(22,(30,11)))),(1,17)),(19,24))),((8,7),(29,(14,3))));

STEP 23 [uTBR_ClassicHeuristic_MS -> NNI_Substep_10] - Distance: 96.0000
(((16,(28,(26,23))),((12,2),(18,(15,4)))),(((27,(13,9)),((20,21),(10,6))),(((25,(5,(22,(30,11)))),(19,24)),(1,17))),((8,7),(29,(14,3))));

STEP 24 [uTBR_ClassicHeuristic_MS -> NNI_Substep_11] - Distance: 92.0000
(((16,(28,(26,23))),((12,2),(18,(15,4)))),(((27,(13,9)),((20,21),(10,6))),(((25,(19,24)),(5,(22,(30,11)))),(1,17))),((8,7),(29,(14,3))));

STEP 25 [uTBR_ClassicHeuristic_MS -> NNI_Substep_12] - Distance: 91.0000
(((16,(28,(26,23))),((12,2),(18,(15,4)))),((((27,(13,9)),(10,6)),(20,21)),(((25,(19,24)),(5,(22,(30,11)))),(1,17))),((8,7),(29,(14,3))));

STEP 26 [uTBR_ClassicHeuristic_MS -> NNI_Substep_13] - Distance: 92.0000
(((16,(28,(26,23))),((12,2),(18,(15,4)))),((((27,(13,9)),(10,6)),(((25,(19,24)),(5,(22,(30,11)))),(1,17))),(20,21)),((8,7),(29,(14,3))));

STEP 27 [uTBR_ClassicHeuristic_MS -> NNI_Substep_14] - Distance: 85.0000
(((16,(28,(26,23))),((12,2),(18,(15,4)))),(((27,(13,9)),(10,6)),(((25,(19,24)),(5,(22,(30,11)))),(1,17))),(((8,7),(29,(14,3))),(20,21)));

STEP 28 [uTBR_ClassicHeuristic_MS -> NNI_Substep_15] - Distance: 85.0000
(((16,((28,23),26)),((12,2),(18,(15,4)))),(((27,(13,9)),(10,6)),(((25,(19,24)),(5,(22,(30,11)))),(1,17))),(((8,7),(29,(14,3))),(20,21)));

STEP 29 [uTBR_ClassicHeuristic_MS -> NNI_Substep_16] - Distance: 85.0000
((((16,(28,23)),26),((12,2),(18,(15,4)))),(((27,(13,9)),(10,6)),(((25,(19,24)),(5,(22,(30,11)))),(1,17))),(((8,7),(29,(14,3))),(20,21)));

STEP 30 [uTBR_ClassicHeuristic_MS -> NNI_Substep_17] - Distance: 89.0000
((((16,(28,23)),((12,2),(18,(15,4)))),26),(((27,(13,9)),(10,6)),(((25,(19,24)),(5,(22,(30,11)))),(1,17))),(((8,7),(29,(14,3))),(20,21)));

STEP 31 [uTBR_ClassicHeuristic_MS -> NNI_Substep_18] - Distance: 86.0000
(((16,(28,23)),((12,2),(18,(15,4)))),(((27,(13,9)),(10,6)),(((25,(19,24)),(5,(22,(30,11)))),(1,17))),((((8,7),(29,(14,3))),(20,21)),26));

STEP 32 [uTBR_ClassicHeuristic_MS -> NNI_Substep_19] - Distance: 83.0000
(((16,(28,23)),((12,2),(18,(15,4)))),(((27,(13,9)),(10,6)),(((25,(19,24)),(5,(22,(30,11)))),(1,17))),((((8,7),(29,(14,3))),26),(20,21)));

STEP 33 [uTBR_ClassicHeuristic_MS -> NNI_Substep_20] - Distance: 80.0000
(((16,(28,23)),((12,2),(18,(15,4)))),(((27,(13,9)),(10,6)),(((25,(19,24)),(5,(22,(30,11)))),(1,17))),(((8,7),((29,(14,3)),26)),(20,21)));

STEP 34 [uTBR_ClassicHeuristic_MS -> NNI_Substep_21] - Distance: 77.0000
(((16,(28,23)),((12,2),(18,(15,4)))),(((27,(13,9)),(10,6)),(((25,(19,24)),(5,(22,(30,11)))),(1,17))),(((8,7),((29,26),(14,3))),(20,21)));

STEP 35 [uTBR_ClassicHeuristic_MS -> NNI_Substep_22] - Distance: 77.0000
(((16,(28,23)),((12,2),(18,(15,4)))),((((27,9),13),(10,6)),(((25,(19,24)),(5,(22,(30,11)))),(1,17))),(((8,7),((29,26),(14,3))),(20,21)));

STEP 36 [uTBR_ClassicHeuristic_MS -> NNI_Substep_23] - Distance: 78.0000
(((16,(28,23)),((12,2),(18,(15,4)))),((((27,9),(10,6)),13),(((25,(19,24)),(5,(22,(30,11)))),(1,17))),(((8,7),((29,26),(14,3))),(20,21)));

STEP 37 [uTBR_ClassicHeuristic_MS -> NNI_Substep_24] - Distance: 84.0000
(((16,(28,23)),((12,2),(18,(15,4)))),((((27,9),(10,6)),(((25,(19,24)),(5,(22,(30,11)))),(1,17))),13),(((8,7),((29,26),(14,3))),(20,21)));

STEP 38 [uTBR_ClassicHeuristic_MS -> NNI_Substep_25] - Distance: 79.0000
(((16,(28,23)),((12,2),(18,(15,4)))),(((27,9),(10,6)),(((25,(19,24)),(5,(22,(30,11)))),(1,17))),((((8,7),((29,26),(14,3))),(20,21)),13));

STEP 39 [uTBR_ClassicHeuristic_MS -> NNI_Substep_26] - Distance: 76.0000
(((16,(28,23)),((12,2),(18,(15,4)))),(((27,9),(10,6)),(((25,(19,24)),(5,(22,(30,11)))),(1,17))),((((8,7),((29,26),(14,3))),13),(20,21)));

STEP 40 [uTBR_ClassicHeuristic_MS -> NNI_Substep_27] - Distance: 71.0000
(((16,(28,23)),((12,2),(18,(15,4)))),(((27,9),(10,6)),(((25,(19,24)),(5,(22,(30,11)))),(1,17))),((((8,7),13),((29,26),(14,3))),(20,21)));

STEP 41 [uTBR_ClassicHeuristic_MS -> NNI_Substep_28] - Distance: 69.0000
(((16,(28,23)),((12,2),(18,(15,4)))),(((27,9),(10,6)),(((25,(19,24)),(5,(22,(30,11)))),(1,17))),((((8,13),7),((29,26),(14,3))),(20,21)));

STEP 42 [uTBR_ClassicHeuristic_MS -> NNI_Substep_29] - Distance: 70.0000
(((16,(28,23)),((12,2),(18,(15,4)))),(((27,9),(10,6)),(((25,(19,24)),(5,(22,(30,11)))),(1,17))),((((8,13),7),(((29,26),3),14)),(20,21)));

STEP 43 [uTBR_ClassicHeuristic_MS -> NNI_Substep_30] - Distance: 72.0000
(((16,(28,23)),((12,2),(18,(15,4)))),(((27,9),(10,6)),(((25,(19,24)),(5,(22,(30,11)))),(1,17))),(((((8,13),7),((29,26),3)),14),(20,21)));

STEP 44 [uTBR_ClassicHeuristic_MS -> NNI_Substep_31] - Distance: 73.0000
(((16,(28,23)),((12,2),(18,(15,4)))),(((27,9),(10,6)),(((25,(19,24)),(5,(22,(30,11)))),(1,17))),(((((8,13),7),((29,26),3)),(20,21)),14));

STEP 45 [uTBR_ClassicHeuristic_MS -> NNI_Substep_32] - Distance: 74.0000
(((16,(28,23)),((12,2),(18,(15,4)))),((((27,9),(10,6)),(((25,(19,24)),(5,(22,(30,11)))),(1,17))),14),((((8,13),7),((29,26),3)),(20,21)));

STEP 46 [uTBR_ClassicHeuristic_MS -> NNI_Substep_33] - Distance: 69.0000
(((16,(28,23)),((12,2),(18,(15,4)))),(((27,9),(10,6)),((((25,(19,24)),(5,(22,(30,11)))),(1,17)),14)),((((8,13),7),((29,26),3)),(20,21)));

STEP 47 [uTBR_ClassicHeuristic_MS -> NNI_Substep_34] - Distance: 66.0000
(((16,(28,23)),((12,2),(18,(15,4)))),(((27,9),(10,6)),((((25,(19,24)),(5,(22,(30,11)))),14),(1,17))),((((8,13),7),((29,26),3)),(20,21)));

STEP 48 [uTBR_ClassicHeuristic_MS -> NNI_Substep_35] - Distance: 63.0000
(((16,(28,23)),((12,2),(18,(15,4)))),(((27,9),(10,6)),((((25,(19,24)),14),(5,(22,(30,11)))),(1,17))),((((8,13),7),((29,26),3)),(20,21)));

STEP 49 [uTBR_ClassicHeuristic_MS -> NNI_Substep_36] - Distance: 61.0000
(((16,(28,23)),((12,2),(18,(15,4)))),(((27,9),(10,6)),(((25,((19,24),14)),(5,(22,(30,11)))),(1,17))),((((8,13),7),((29,26),3)),(20,21)));

STEP 50 [uTBR_ClassicHeuristic_MS -> NNI_Substep_37] - Distance: 63.0000
(((16,(28,23)),((12,2),((18,15),4))),(((27,9),(10,6)),(((25,((19,24),14)),(5,(22,(30,11)))),(1,17))),((((8,13),7),((29,26),3)),(20,21)));

STEP 51 [uTBR_ClassicHeuristic_MS -> NNI_Substep_38] - Distance: 64.0000
(((16,(28,23)),(((12,2),(18,15)),4)),(((27,9),(10,6)),(((25,((19,24),14)),(5,(22,(30,11)))),(1,17))),((((8,13),7),((29,26),3)),(20,21)));

STEP 52 [uTBR_ClassicHeuristic_MS -> NNI_Substep_39] - Distance: 64.0000
((((16,(28,23)),((12,2),(18,15))),4),(((27,9),(10,6)),(((25,((19,24),14)),(5,(22,(30,11)))),(1,17))),((((8,13),7),((29,26),3)),(20,21)));

STEP 53 [uTBR_ClassicHeuristic_MS -> NNI_Substep_40] - Distance: 67.0000
(((16,(28,23)),((12,2),(18,15))),((((27,9),(10,6)),(((25,((19,24),14)),(5,(22,(30,11)))),(1,17))),4),((((8,13),7),((29,26),3)),(20,21)));

STEP 54 [uTBR_ClassicHeuristic_MS -> NNI_Substep_41] - Distance: 58.0000
(((16,(28,23)),((12,2),(18,15))),((((27,9),(10,6)),4),(((25,((19,24),14)),(5,(22,(30,11)))),(1,17))),((((8,13),7),((29,26),3)),(20,21)));

STEP 55 [uTBR_ClassicHeuristic_MS -> NNI_Substep_42] - Distance: 57.0000
(((16,(28,23)),((12,2),(18,15))),((((27,9),4),(10,6)),(((25,((19,24),14)),(5,(22,(30,11)))),(1,17))),((((8,13),7),((29,26),3)),(20,21)));

STEP 56 [uTBR_ClassicHeuristic_MS -> NNI_Substep_43] - Distance: 55.0000
(((16,(28,23)),((12,2),(18,15))),((((27,4),9),(10,6)),(((25,((19,24),14)),(5,(22,(30,11)))),(1,17))),((((8,13),7),((29,26),3)),(20,21)));

STEP 57 [uTBR_ClassicHeuristic_MS -> NNI_Substep_44] - Distance: 56.0000
((((28,23),((12,2),(18,15))),16),((((27,4),9),(10,6)),(((25,((19,24),14)),(5,(22,(30,11)))),(1,17))),((((8,13),7),((29,26),3)),(20,21)));

STEP 58 [uTBR_ClassicHeuristic_MS -> NNI_Substep_45] - Distance: 59.0000
(((28,23),((12,2),(18,15))),(((((27,4),9),(10,6)),(((25,((19,24),14)),(5,(22,(30,11)))),(1,17))),16),((((8,13),7),((29,26),3)),(20,21)));

STEP 59 [uTBR_ClassicHeuristic_MS -> NNI_Substep_46] - Distance: 50.0000
(((28,23),((12,2),(18,15))),(((((27,4),9),(10,6)),16),(((25,((19,24),14)),(5,(22,(30,11)))),(1,17))),((((8,13),7),((29,26),3)),(20,21)));

STEP 60 [uTBR_ClassicHeuristic_MS -> NNI_Substep_47] - Distance: 49.0000
(((28,23),((12,2),(18,15))),(((((27,4),9),16),(10,6)),(((25,((19,24),14)),(5,(22,(30,11)))),(1,17))),((((8,13),7),((29,26),3)),(20,21)));

STEP 61 [uTBR_ClassicHeuristic_MS -> NNI_Substep_48] - Distance: 47.0000
(((28,23),((12,2),(18,15))),(((((27,4),16),9),(10,6)),(((25,((19,24),14)),(5,(22,(30,11)))),(1,17))),((((8,13),7),((29,26),3)),(20,21)));

STEP 62 [uTBR_ClassicHeuristic_MS -> NNI_Substep_49] - Distance: 54.0000
(((28,23),((12,2),(18,15))),(((((27,4),16),9),(10,6)),((((25,((19,24),14)),(5,(22,(30,11)))),1),17)),((((8,13),7),((29,26),3)),(20,21)));

STEP 63 [uTBR_ClassicHeuristic_MS -> NNI_Substep_50] - Distance: 55.0000
(((28,23),((12,2),(18,15))),((((((27,4),16),9),(10,6)),(((25,((19,24),14)),(5,(22,(30,11)))),1)),17),((((8,13),7),((29,26),3)),(20,21)));

STEP 64 [uTBR_ClassicHeuristic_MS -> NNI_Substep_51] - Distance: 47.0000
(((28,23),((12,2),(18,15))),((((((27,4),16),9),(10,6)),17),(((25,((19,24),14)),(5,(22,(30,11)))),1)),((((8,13),7),((29,26),3)),(20,21)));

STEP 65 [uTBR_ClassicHeuristic_MS -> NNI_Substep_52] - Distance: 46.0000
(((28,23),((12,2),(18,15))),((((((27,4),16),9),17),(10,6)),(((25,((19,24),14)),(5,(22,(30,11)))),1)),((((8,13),7),((29,26),3)),(20,21)));

STEP 66 [uTBR_ClassicHeuristic_MS -> NNI_Substep_53] - Distance: 44.0000
(((28,23),((12,2),(18,15))),((((((27,4),16),17),9),(10,6)),(((25,((19,24),14)),(5,(22,(30,11)))),1)),((((8,13),7),((29,26),3)),(20,21)));

STEP 67 [uTBR_ClassicHeuristic_MS -> NNI_Substep_54] - Distance: 41.0000
(((28,23),((12,2),(18,15))),(((((27,4),(16,17)),9),(10,6)),(((25,((19,24),14)),(5,(22,(30,11)))),1)),((((8,13),7),((29,26),3)),(20,21)));

STEP 68 [uTBR_ClassicHeuristic_MS -> NNI_Substep_55] - Distance: 42.0000
(((28,23),(((12,2),18),15)),(((((27,4),(16,17)),9),(10,6)),(((25,((19,24),14)),(5,(22,(30,11)))),1)),((((8,13),7),((29,26),3)),(20,21)));

STEP 69 [uTBR_ClassicHeuristic_MS -> NNI_Substep_56] - Distance: 41.0000
((((28,23),((12,2),18)),15),(((((27,4),(16,17)),9),(10,6)),(((25,((19,24),14)),(5,(22,(30,11)))),1)),((((8,13),7),((29,26),3)),(20,21)));

STEP 70 [uTBR_ClassicHeuristic_MS -> NNI_Substep_57] - Distance: 37.0000
((((28,23),15),((12,2),18)),(((((27,4),(16,17)),9),(10,6)),(((25,((19,24),14)),(5,(22,(30,11)))),1)),((((8,13),7),((29,26),3)),(20,21)));

STEP 71 [uTBR_ClassicHeuristic_MS -> NNI_Substep_58] - Distance: 42.0000
((((28,23),15),((12,2),18)),(((((27,4),(16,17)),9),(10,6)),(((25,((19,24),14)),(5,(22,(30,11)))),1)),(((((8,13),7),((29,26),3)),21),20));

STEP 72 [uTBR_ClassicHeuristic_MS -> NNI_Substep_59] - Distance: 39.0000
(((((28,23),15),((12,2),18)),20),(((((27,4),(16,17)),9),(10,6)),(((25,((19,24),14)),(5,(22,(30,11)))),1)),((((8,13),7),((29,26),3)),21));

STEP 73 [uTBR_ClassicHeuristic_MS -> NNI_Substep_60] - Distance: 35.0000
((((28,23),15),(((12,2),18),20)),(((((27,4),(16,17)),9),(10,6)),(((25,((19,24),14)),(5,(22,(30,11)))),1)),((((8,13),7),((29,26),3)),21));

STEP 74 [uTBR_ClassicHeuristic_MS -> NNI_Substep_61] - Distance: 33.0000
((((28,23),15),(((12,2),20),18)),(((((27,4),(16,17)),9),(10,6)),(((25,((19,24),14)),(5,(22,(30,11)))),1)),((((8,13),7),((29,26),3)),21));

STEP 75 [uTBR_ClassicHeuristic_MS -> NNI_Substep_62] - Distance: 33.0000
((((28,23),15),(((12,20),2),18)),(((((27,4),(16,17)),9),(10,6)),(((25,((19,24),14)),(5,(22,(30,11)))),1)),((((8,13),7),((29,26),3)),21));

STEP 76 [uTBR_ClassicHeuristic_MS -> NNI_Substep_63] - Distance: 33.0000
((((28,23),15),(((12,20),18),2)),(((((27,4),(16,17)),9),(10,6)),(((25,((19,24),14)),(5,(22,(30,11)))),1)),((((8,13),7),((29,26),3)),21));

STEP 77 [uTBR_ClassicHeuristic_MS -> NNI_Substep_64] - Distance: 35.0000
(((((28,23),15),((12,20),18)),2),(((((27,4),(16,17)),9),(10,6)),(((25,((19,24),14)),(5,(22,(30,11)))),1)),((((8,13),7),((29,26),3)),21));

STEP 78 [uTBR_ClassicHeuristic_MS -> NNI_Substep_65] - Distance: 39.0000
((((28,23),15),((12,20),18)),((((((27,4),(16,17)),9),(10,6)),(((25,((19,24),14)),(5,(22,(30,11)))),1)),2),((((8,13),7),((29,26),3)),21));

STEP 79 [uTBR_ClassicHeuristic_MS -> NNI_Substep_66] - Distance: 33.0000
((((28,23),15),((12,20),18)),(((((27,4),(16,17)),9),(10,6)),((((25,((19,24),14)),(5,(22,(30,11)))),1),2)),((((8,13),7),((29,26),3)),21));

STEP 80 [uTBR_ClassicHeuristic_MS -> NNI_Substep_67] - Distance: 28.0000
((((28,23),15),((12,20),18)),(((((27,4),(16,17)),9),(10,6)),(((25,((19,24),14)),(5,(22,(30,11)))),(1,2))),((((8,13),7),((29,26),3)),21));

STEP 81 [uTBR_ClassicHeuristic_MS -> NNI_Substep_68] - Distance: 31.0000
((((28,23),15),((12,20),18)),(((((27,4),(16,17)),9),(10,6)),((((25,((19,24),14)),(5,(22,(30,11)))),2),1)),((((8,13),7),((29,26),3)),21));

STEP 82 [uTBR_ClassicHeuristic_MS -> NNI_Substep_69] - Distance: 37.0000
((((28,23),15),((12,20),18)),((((((27,4),(16,17)),9),(10,6)),(((25,((19,24),14)),(5,(22,(30,11)))),2)),1),((((8,13),7),((29,26),3)),21));

STEP 83 [uTBR_ClassicHeuristic_MS -> NNI_Substep_70] - Distance: 30.0000
((((28,23),15),((12,20),18)),(((((27,4),(16,17)),9),(10,6)),(((25,((19,24),14)),(5,(22,(30,11)))),2)),(((((8,13),7),((29,26),3)),21),1));

STEP 84 [uTBR_ClassicHeuristic_MS -> NNI_Substep_71] - Distance: 28.0000
((((28,23),15),((12,20),18)),(((((27,4),(16,17)),9),(10,6)),(((25,((19,24),14)),(5,(22,(30,11)))),2)),(((((8,13),7),((29,26),3)),1),21));

STEP 85 [uTBR_ClassicHeuristic_MS -> NNI_Substep_72] - Distance: 24.0000
((((28,23),15),((12,20),18)),(((((27,4),(16,17)),9),(10,6)),(((25,((19,24),14)),(5,(22,(30,11)))),2)),(((((8,13),7),1),((29,26),3)),21));

STEP 86 [uTBR_ClassicHeuristic_MS -> NNI_Substep_73] - Distance: 23.0000
((((28,23),15),((12,20),18)),(((((27,4),(16,17)),9),(10,6)),(((25,((19,24),14)),(5,(22,(30,11)))),2)),((((8,13),(7,1)),((29,26),3)),21));

STEP 87 [uTBR_ClassicHeuristic_MS -> NNI_Substep_74] - Distance: 24.0000
((((28,23),15),((12,20),18)),(((((27,4),(16,17)),9),(10,6)),(((25,((19,24),14)),(5,(22,(30,11)))),2)),(((((8,13),1),7),((29,26),3)),21));

STEP 88 [uTBR_ClassicHeuristic_MS -> NNI_Substep_75] - Distance: 26.0000
((((28,23),15),((12,20),18)),(((((27,4),(16,17)),9),(10,6)),(((25,((19,24),14)),(5,(22,(30,11)))),2)),(((((8,13),1),((29,26),3)),7),21));

STEP 89 [uTBR_ClassicHeuristic_MS -> NNI_Substep_76] - Distance: 26.0000
((((28,23),15),((12,20),18)),(((((27,4),(16,17)),9),(10,6)),(((25,((19,24),14)),(5,(22,(30,11)))),2)),(((((8,13),1),((29,26),3)),21),7));

STEP 90 [uTBR_ClassicHeuristic_MS -> NNI_Substep_77] - Distance: 29.0000
((((28,23),15),((12,20),18)),((((((27,4),(16,17)),9),(10,6)),(((25,((19,24),14)),(5,(22,(30,11)))),2)),7),((((8,13),1),((29,26),3)),21));

STEP 91 [uTBR_ClassicHeuristic_MS -> NNI_Substep_78] - Distance: 21.0000
((((28,23),15),((12,20),18)),(((((27,4),(16,17)),9),(10,6)),((((25,((19,24),14)),(5,(22,(30,11)))),2),7)),((((8,13),1),((29,26),3)),21));

STEP 92 [uTBR_ClassicHeuristic_MS -> NNI_Substep_79] - Distance: 16.0000
((((28,23),15),((12,20),18)),(((((27,4),(16,17)),9),(10,6)),(((25,((19,24),14)),(5,(22,(30,11)))),(2,7))),((((8,13),1),((29,26),3)),21));

STEP 93 [uTBR_ClassicHeuristic_MS -> NNI_Substep_80] - Distance: 16.0000
((((28,23),15),((12,20),18)),(((((27,4),(16,17)),9),(10,6)),(((25,((24,14),19)),(5,(22,(30,11)))),(2,7))),((((8,13),1),((29,26),3)),21));

STEP 94 [uTBR_ClassicHeuristic_MS -> NNI_Substep_81] - Distance: 16.0000
((((28,23),15),((12,20),18)),(((((27,4),(16,17)),9),(10,6)),((((25,(24,14)),19),(5,(22,(30,11)))),(2,7))),((((8,13),1),((29,26),3)),21));

STEP 95 [uTBR_ClassicHeuristic_MS -> NNI_Substep_82] - Distance: 17.0000
((((28,23),15),((12,20),18)),(((((27,4),(16,17)),9),(10,6)),((((25,(24,14)),(5,(22,(30,11)))),19),(2,7))),((((8,13),1),((29,26),3)),21));

STEP 96 [uTBR_ClassicHeuristic_MS -> NNI_Substep_83] - Distance: 18.0000
((((28,23),15),((12,20),18)),(((((27,4),(16,17)),9),(10,6)),((((25,(24,14)),(5,(22,(30,11)))),(2,7)),19)),((((8,13),1),((29,26),3)),21));

STEP 97 [uTBR_ClassicHeuristic_MS -> NNI_Substep_84] - Distance: 12.0000
((((28,23),15),((12,20),18)),(((((27,4),(16,17)),9),(10,6)),(((25,(24,14)),(5,(22,(30,11)))),((2,7),19))),((((8,13),1),((29,26),3)),21));

STEP 98 [uTBR_ClassicHeuristic_MS -> NNI_Substep_85] - Distance: 10.0000
((((28,23),15),((12,20),18)),(((((27,4),(16,17)),9),(10,6)),(((25,(24,14)),(5,(22,(30,11)))),(2,(7,19)))),((((8,13),1),((29,26),3)),21));

STEP 99 [uTBR_ClassicHeuristic_MS -> NNI_Substep_86] - Distance: 10.0000
((((28,23),15),((12,20),18)),(((((27,4),(16,17)),9),(10,6)),(((25,(24,14)),(5,((22,11),30))),(2,(7,19)))),((((8,13),1),((29,26),3)),21));

STEP 100 [uTBR_ClassicHeuristic_MS -> NNI_Substep_87] - Distance: 10.0000
((((28,23),15),((12,20),18)),(((((27,4),(16,17)),9),(10,6)),(((25,(24,14)),((5,(22,11)),30)),(2,(7,19)))),((((8,13),1),((29,26),3)),21));

STEP 101 [uTBR_ClassicHeuristic_MS -> NNI_Substep_88] - Distance: 12.0000
((((28,23),15),((12,20),18)),(((((27,4),(16,17)),9),(10,6)),((((25,(24,14)),(5,(22,11))),30),(2,(7,19)))),((((8,13),1),((29,26),3)),21));

STEP 102 [uTBR_ClassicHeuristic_MS -> NNI_Substep_89] - Distance: 14.0000
((((28,23),15),((12,20),18)),(((((27,4),(16,17)),9),(10,6)),((((25,(24,14)),(5,(22,11))),(2,(7,19))),30)),((((8,13),1),((29,26),3)),21));

STEP 103 [uTBR_ClassicHeuristic_MS -> NNI_Substep_90] - Distance: 7.0000
((((28,23),15),((12,20),18)),(((((27,4),(16,17)),9),(10,6)),(((25,(24,14)),(5,(22,11))),((2,(7,19)),30))),((((8,13),1),((29,26),3)),21));

STEP 104 [uTBR_ClassicHeuristic_MS -> NNI_Substep_91] - Distance: 5.0000
((((28,23),15),((12,20),18)),(((((27,4),(16,17)),9),(10,6)),(((25,(24,14)),(5,(22,11))),(2,((7,19),30)))),((((8,13),1),((29,26),3)),21));

STEP 105 [uTBR_ClassicHeuristic_MS -> NNI_Substep_92] - Distance: 3.0000
((((28,23),15),((12,20),18)),(((((27,4),(16,17)),9),(10,6)),(((25,(24,14)),(5,(22,11))),(2,((7,30),19)))),((((8,13),1),((29,26),3)),21));

STEP 106 [uTBR_ClassicHeuristic_MS -> NNI_Substep_93] - Distance: 7.0000
((((28,23),15),((12,20),18)),((((((27,4),(16,17)),9),10),6),(((25,(24,14)),(5,(22,11))),(2,((7,30),19)))),((((8,13),1),((29,26),3)),21));

STEP 107 [uTBR_ClassicHeuristic_MS -> NNI_Substep_94] - Distance: 5.0000
((((28,23),15),((12,20),18)),((((((27,4),(16,17)),9),6),10),(((25,(24,14)),(5,(22,11))),(2,((7,30),19)))),((((8,13),1),((29,26),3)),21));

STEP 108 [uTBR_ClassicHeuristic_MS -> NNI_Substep_95] - Distance: 0.0000
((((28,23),15),((12,20),18)),((((9,6),((27,4),(16,17))),10),(((25,(24,14)),(5,(22,11))),(2,((7,30),19)))),((((8,13),1),((29,26),3)),21));

========================================================
[FINAL] Total Steps: 108 | Final Distance: 0.0000
========================================================
