========================================================
HEURISTIC TRAJECTORY: VND Incremental (MC)
========================================================
STEP 0 [START] - Distance: 140.0000
((((((2,29),(16,(25,3))),((23,20),(6,24))),(13,27)),((((14,(12,(7,(21,1)))),(28,(18,15))),((9,4),(22,17))),((10,26),(30,19)))),(5,(8,11)));

STEP 1 [NNI_IncrementalHeuristic_MC -> NNI_Substep_1] - Distance: 136.0000
((((((2,29),(16,(25,3))),(13,27)),((23,20),(6,24))),((((14,(12,(7,(21,1)))),(28,(18,15))),((9,4),(22,17))),((10,26),(30,19)))),(5,(8,11)));

STEP 2 [NNI_IncrementalHeuristic_MC -> NNI_Substep_2] - Distance: 133.0000
(((((14,(12,(7,(21,1)))),(28,(18,15))),((9,4),(22,17))),(((((2,29),(16,(25,3))),(13,27)),((23,20),(6,24))),((10,26),(30,19)))),(5,(8,11)));

STEP 3 [NNI_IncrementalHeuristic_MC -> NNI_Substep_3] - Distance: 129.0000
(((((14,(12,(7,(21,1)))),(28,(18,15))),((9,4),(22,17))),(((((2,29),(16,(25,3))),(13,27)),((10,26),(30,19))),((23,20),(6,24)))),(5,(8,11)));

STEP 4 [NNI_IncrementalHeuristic_MC -> NNI_Substep_4] - Distance: 127.0000
((((((7,(21,1)),(12,14)),(28,(18,15))),((9,4),(22,17))),(((((2,29),(16,(25,3))),(13,27)),((10,26),(30,19))),((23,20),(6,24)))),(5,(8,11)));

STEP 5 [NNI_IncrementalHeuristic_MC -> NNI_Substep_5] - Distance: 125.0000
((((((28,(18,15)),(12,14)),(7,(21,1))),((9,4),(22,17))),(((((2,29),(16,(25,3))),(13,27)),((10,26),(30,19))),((23,20),(6,24)))),(5,(8,11)));

STEP 6 [NNI_IncrementalHeuristic_MC -> NNI_Substep_6] - Distance: 124.0000
((((((9,4),(22,17)),(7,(21,1))),((28,(18,15)),(12,14))),(((((2,29),(16,(25,3))),(13,27)),((10,26),(30,19))),((23,20),(6,24)))),(5,(8,11)));

STEP 7 [NNI_IncrementalHeuristic_MC -> NNI_Substep_7] - Distance: 123.0000
((((((9,4),(7,(21,1))),(22,17)),((28,(18,15)),(12,14))),(((((2,29),(16,(25,3))),(13,27)),((10,26),(30,19))),((23,20),(6,24)))),(5,(8,11)));

STEP 8 [NNI_IncrementalHeuristic_MC -> NNI_Substep_8] - Distance: 122.0000
((((((9,4),(7,(21,1))),(22,17)),((28,(18,15)),(12,14))),(((((2,29),(13,27)),(16,(25,3))),((10,26),(30,19))),((23,20),(6,24)))),(5,(8,11)));

STEP 9 [Heur. rSPR MC -> NNI_Substep_1] - Distance: 122.0000
((((((9,4),((7,1),21)),(22,17)),((28,(18,15)),(12,14))),(((((2,29),(13,27)),(16,(25,3))),((10,26),(30,19))),((23,20),(6,24)))),(5,(8,11)));

STEP 10 [Heur. rSPR MC -> NNI_Substep_2] - Distance: 123.0000
(((((((9,4),(7,1)),21),(22,17)),((28,(18,15)),(12,14))),(((((2,29),(13,27)),(16,(25,3))),((10,26),(30,19))),((23,20),(6,24)))),(5,(8,11)));

STEP 11 [Heur. rSPR MC -> NNI_Substep_3] - Distance: 124.0000
(((((((9,4),(7,1)),(22,17)),21),((28,(18,15)),(12,14))),(((((2,29),(13,27)),(16,(25,3))),((10,26),(30,19))),((23,20),(6,24)))),(5,(8,11)));

STEP 12 [Heur. rSPR MC -> NNI_Substep_4] - Distance: 126.0000
(((((((9,4),(7,1)),(22,17)),((28,(18,15)),(12,14))),21),(((((2,29),(13,27)),(16,(25,3))),((10,26),(30,19))),((23,20),(6,24)))),(5,(8,11)));

STEP 13 [Heur. rSPR MC -> NNI_Substep_5] - Distance: 132.0000
(((((((9,4),(7,1)),(22,17)),((28,(18,15)),(12,14))),(((((2,29),(13,27)),(16,(25,3))),((10,26),(30,19))),((23,20),(6,24)))),21),(5,(8,11)));

STEP 14 [Heur. rSPR MC -> NNI_Substep_6] - Distance: 126.0000
((((((9,4),(7,1)),(22,17)),((28,(18,15)),(12,14))),((((((2,29),(13,27)),(16,(25,3))),((10,26),(30,19))),((23,20),(6,24))),21)),(5,(8,11)));

STEP 15 [Heur. rSPR MC -> NNI_Substep_7] - Distance: 121.0000
((((((9,4),(7,1)),(22,17)),((28,(18,15)),(12,14))),((((((2,29),(13,27)),(16,(25,3))),((10,26),(30,19))),21),((23,20),(6,24)))),(5,(8,11)));

STEP 16 [Heur. rSPR MC -> NNI_Substep_8] - Distance: 118.0000
((((((9,4),(7,1)),(22,17)),((28,(18,15)),(12,14))),((((((2,29),(13,27)),(16,(25,3))),21),((10,26),(30,19))),((23,20),(6,24)))),(5,(8,11)));

STEP 17 [Heur. rSPR MC -> NNI_Substep_9] - Distance: 115.0000
((((((9,4),(7,1)),(22,17)),((28,(18,15)),(12,14))),(((((2,29),(13,27)),((16,(25,3)),21)),((10,26),(30,19))),((23,20),(6,24)))),(5,(8,11)));

STEP 18 [Heur. rSPR MC -> NNI_Substep_10] - Distance: 114.0000
((((((9,4),(7,1)),(22,17)),((28,(18,15)),(12,14))),(((((2,29),(13,27)),((16,21),(25,3))),((10,26),(30,19))),((23,20),(6,24)))),(5,(8,11)));

STEP 19 [Heur. rSPR MC -> NNI_Substep_11] - Distance: 115.0000
((((((9,4),(7,1)),(22,17)),((28,(18,15)),(12,14))),(((((29,(13,27)),2),((16,21),(25,3))),((10,26),(30,19))),((23,20),(6,24)))),(5,(8,11)));

STEP 20 [Heur. rSPR MC -> NNI_Substep_12] - Distance: 118.0000
((((((9,4),(7,1)),(22,17)),((28,(18,15)),(12,14))),(((((29,(13,27)),((16,21),(25,3))),2),((10,26),(30,19))),((23,20),(6,24)))),(5,(8,11)));

STEP 21 [Heur. rSPR MC -> NNI_Substep_13] - Distance: 119.0000
((((((9,4),(7,1)),(22,17)),((28,(18,15)),(12,14))),(((((29,(13,27)),((16,21),(25,3))),((10,26),(30,19))),2),((23,20),(6,24)))),(5,(8,11)));

STEP 22 [Heur. rSPR MC -> NNI_Substep_14] - Distance: 122.0000
((((((9,4),(7,1)),(22,17)),((28,(18,15)),(12,14))),(((((29,(13,27)),((16,21),(25,3))),((10,26),(30,19))),((23,20),(6,24))),2)),(5,(8,11)));

STEP 23 [Heur. rSPR MC -> NNI_Substep_15] - Distance: 124.0000
(((((((9,4),(7,1)),(22,17)),((28,(18,15)),(12,14))),((((29,(13,27)),((16,21),(25,3))),((10,26),(30,19))),((23,20),(6,24)))),2),(5,(8,11)));

STEP 24 [Heur. rSPR MC -> NNI_Substep_16] - Distance: 118.0000
(((((((9,4),(7,1)),(22,17)),((28,(18,15)),(12,14))),2),((((29,(13,27)),((16,21),(25,3))),((10,26),(30,19))),((23,20),(6,24)))),(5,(8,11)));

STEP 25 [Heur. rSPR MC -> NNI_Substep_17] - Distance: 114.0000
(((((((9,4),(7,1)),(22,17)),2),((28,(18,15)),(12,14))),((((29,(13,27)),((16,21),(25,3))),((10,26),(30,19))),((23,20),(6,24)))),(5,(8,11)));

STEP 26 [Heur. rSPR MC -> NNI_Substep_18] - Distance: 111.0000
(((((((9,4),(7,1)),2),(22,17)),((28,(18,15)),(12,14))),((((29,(13,27)),((16,21),(25,3))),((10,26),(30,19))),((23,20),(6,24)))),(5,(8,11)));

STEP 27 [Heur. rSPR MC -> NNI_Substep_19] - Distance: 108.0000
(((((((9,4),2),(7,1)),(22,17)),((28,(18,15)),(12,14))),((((29,(13,27)),((16,21),(25,3))),((10,26),(30,19))),((23,20),(6,24)))),(5,(8,11)));

STEP 28 [Heur. rSPR MC -> NNI_Substep_20] - Distance: 106.0000
(((((((9,2),4),(7,1)),(22,17)),((28,(18,15)),(12,14))),((((29,(13,27)),((16,21),(25,3))),((10,26),(30,19))),((23,20),(6,24)))),(5,(8,11)));

STEP 29 [Heur. rSPR MC -> NNI_Substep_21] - Distance: 108.0000
(((((((9,2),4),(7,1)),(22,17)),(((28,(18,15)),12),14)),((((29,(13,27)),((16,21),(25,3))),((10,26),(30,19))),((23,20),(6,24)))),(5,(8,11)));

STEP 30 [Heur. rSPR MC -> NNI_Substep_22] - Distance: 114.0000
((((((((9,2),4),(7,1)),(22,17)),((28,(18,15)),12)),14),((((29,(13,27)),((16,21),(25,3))),((10,26),(30,19))),((23,20),(6,24)))),(5,(8,11)));

STEP 31 [Heur. rSPR MC -> NNI_Substep_23] - Distance: 120.0000
((((((((9,2),4),(7,1)),(22,17)),((28,(18,15)),12)),((((29,(13,27)),((16,21),(25,3))),((10,26),(30,19))),((23,20),(6,24)))),14),(5,(8,11)));

STEP 32 [Heur. rSPR MC -> NNI_Substep_24] - Distance: 112.0000
(((((((9,2),4),(7,1)),(22,17)),((28,(18,15)),12)),(((((29,(13,27)),((16,21),(25,3))),((10,26),(30,19))),((23,20),(6,24))),14)),(5,(8,11)));

STEP 33 [Heur. rSPR MC -> NNI_Substep_25] - Distance: 107.0000
(((((((9,2),4),(7,1)),(22,17)),((28,(18,15)),12)),(((((29,(13,27)),((16,21),(25,3))),((10,26),(30,19))),14),((23,20),(6,24)))),(5,(8,11)));

STEP 34 [Heur. rSPR MC -> NNI_Substep_26] - Distance: 104.0000
(((((((9,2),4),(7,1)),(22,17)),((28,(18,15)),12)),(((((29,(13,27)),((16,21),(25,3))),14),((10,26),(30,19))),((23,20),(6,24)))),(5,(8,11)));

STEP 35 [Heur. rSPR MC -> NNI_Substep_27] - Distance: 101.0000
(((((((9,2),4),(7,1)),(22,17)),((28,(18,15)),12)),(((((29,(13,27)),14),((16,21),(25,3))),((10,26),(30,19))),((23,20),(6,24)))),(5,(8,11)));

STEP 36 [Heur. rSPR MC -> NNI_Substep_28] - Distance: 98.0000
(((((((9,2),4),(7,1)),(22,17)),((28,(18,15)),12)),(((((29,14),(13,27)),((16,21),(25,3))),((10,26),(30,19))),((23,20),(6,24)))),(5,(8,11)));

STEP 37 [Heur. rSPR MC -> NNI_Substep_29] - Distance: 102.0000
(((((((9,2),4),(7,1)),(22,17)),(((((29,14),(13,27)),((16,21),(25,3))),((10,26),(30,19))),((23,20),(6,24)))),((28,(18,15)),12)),(5,(8,11)));

STEP 38 [Heur. rSPR MC -> NNI_Substep_30] - Distance: 96.0000
((((((9,2),4),(7,1)),(22,17)),((((((29,14),(13,27)),((16,21),(25,3))),(10,26)),(30,19)),((23,20),(6,24)))),((5,(8,11)),((28,(18,15)),12)));

STEP 39 [Heur. rSPR MC -> NNI_Substep_31] - Distance: 96.0000
((((((9,2),4),(7,1)),(22,17)),((((((29,14),(13,27)),((16,21),(25,3))),(10,26)),((23,20),(6,24))),(30,19))),((5,(8,11)),((28,(18,15)),12)));

STEP 40 [Heur. rSPR MC -> NNI_Substep_32] - Distance: 99.0000
(((((((9,2),4),(7,1)),(22,17)),(((((29,14),(13,27)),((16,21),(25,3))),(10,26)),((23,20),(6,24)))),(30,19)),((5,(8,11)),((28,(18,15)),12)));

STEP 41 [Heur. rSPR MC -> NNI_Substep_33] - Distance: 81.0000
((((((9,2),4),(7,1)),(22,17)),(((((29,14),(13,27)),((16,21),(25,3))),(10,26)),((23,20),(6,24)))),(((5,(8,11)),(30,19)),((28,(18,15)),12)));

STEP 42 [Heur. rSPR MC -> NNI_Substep_34] - Distance: 87.0000
((((((9,2),4),(7,1)),(22,17)),((((((29,14),(13,27)),((16,21),(25,3))),(10,26)),(23,20)),(6,24))),(((5,(8,11)),(30,19)),((28,(18,15)),12)));

STEP 43 [Heur. rSPR MC -> NNI_Substep_35] - Distance: 88.0000
(((((((9,2),4),(7,1)),(22,17)),(((((29,14),(13,27)),((16,21),(25,3))),(10,26)),(23,20))),(6,24)),(((5,(8,11)),(30,19)),((28,(18,15)),12)));

STEP 44 [Heur. rSPR MC -> NNI_Substep_36] - Distance: 76.0000
((((((9,2),4),(7,1)),(22,17)),(((((29,14),(13,27)),((16,21),(25,3))),(10,26)),(23,20))),((((5,(8,11)),(30,19)),(6,24)),((28,(18,15)),12)));

STEP 45 [Heur. rSPR MC -> NNI_Substep_37] - Distance: 73.0000
((((((9,2),4),(7,1)),(22,17)),(((((29,14),(13,27)),((16,21),(25,3))),(10,26)),(23,20))),(((5,(8,11)),((30,19),(6,24))),((28,(18,15)),12)));

STEP 46 [Heur. rSPR MC -> NNI_Substep_38] - Distance: 72.0000
((((((9,2),4),(7,1)),(22,17)),(((((29,14),(13,27)),((16,21),(25,3))),(10,26)),(23,20))),(((5,(8,11)),((30,(6,24)),19)),((28,(18,15)),12)));

STEP 47 [Heur. rSPR MC -> NNI_Substep_39] - Distance: 74.0000
((((((9,2),4),(7,1)),(22,17)),(((((29,14),(13,27)),((16,21),(25,3))),(10,26)),(23,20))),(((5,((30,(6,24)),19)),(8,11)),((28,(18,15)),12)));

STEP 48 [Heur. rSPR MC -> NNI_Substep_40] - Distance: 74.0000
((((((9,2),4),(7,1)),(22,17)),(((((29,14),(13,27)),((16,21),(25,3))),(10,26)),(23,20))),(((5,((30,(6,24)),19)),((28,(18,15)),12)),(8,11)));

STEP 49 [Heur. rSPR MC -> NNI_Substep_41] - Distance: 71.0000
((((((9,2),4),(7,1)),(22,17)),((((((29,14),(13,27)),((16,21),(25,3))),(10,26)),(23,20)),(8,11))),((5,((30,(6,24)),19)),((28,(18,15)),12)));

STEP 50 [Heur. rSPR MC -> NNI_Substep_42] - Distance: 63.0000
((((((9,2),4),(7,1)),(22,17)),(((((29,14),(13,27)),((16,21),(25,3))),(10,26)),((23,20),(8,11)))),((5,((30,(6,24)),19)),((28,(18,15)),12)));

STEP 51 [Heur. rSPR MC -> NNI_Substep_43] - Distance: 62.0000
((((((9,2),4),(7,1)),(22,17)),(((((29,14),(13,27)),((16,21),(25,3))),(10,26)),((23,(8,11)),20))),((5,((30,(6,24)),19)),((28,(18,15)),12)));

STEP 52 [Heur. rSPR MC -> NNI_Substep_44] - Distance: 64.0000
(((((((9,2),4),1),7),(22,17)),(((((29,14),(13,27)),((16,21),(25,3))),(10,26)),((23,(8,11)),20))),((5,((30,(6,24)),19)),((28,(18,15)),12)));

STEP 53 [Heur. rSPR MC -> NNI_Substep_45] - Distance: 65.0000
(((((((9,2),4),1),(22,17)),7),(((((29,14),(13,27)),((16,21),(25,3))),(10,26)),((23,(8,11)),20))),((5,((30,(6,24)),19)),((28,(18,15)),12)));

STEP 54 [Heur. rSPR MC -> NNI_Substep_46] - Distance: 70.0000
(((((((9,2),4),1),(22,17)),(((((29,14),(13,27)),((16,21),(25,3))),(10,26)),((23,(8,11)),20))),7),((5,((30,(6,24)),19)),((28,(18,15)),12)));

STEP 55 [Heur. rSPR MC -> NNI_Substep_47] - Distance: 58.0000
((((((9,2),4),1),(22,17)),(((((29,14),(13,27)),((16,21),(25,3))),(10,26)),((23,(8,11)),20))),(((5,((30,(6,24)),19)),7),((28,(18,15)),12)));

STEP 56 [Heur. rSPR MC -> NNI_Substep_48] - Distance: 56.0000
((((((9,2),4),1),(22,17)),(((((29,14),(13,27)),((16,21),(25,3))),(10,26)),((23,(8,11)),20))),((5,(((30,(6,24)),19),7)),((28,(18,15)),12)));

STEP 57 [Heur. rSPR MC -> NNI_Substep_49] - Distance: 54.0000
((((((9,2),4),1),(22,17)),(((((29,14),(13,27)),((16,21),(25,3))),(10,26)),((23,(8,11)),20))),((5,(((30,(6,24)),7),19)),((28,(18,15)),12)));

STEP 58 [Heur. rSPR MC -> NNI_Substep_50] - Distance: 54.0000
((((((9,2),4),1),(22,17)),(((((29,14),(13,27)),((16,21),(25,3))),(10,26)),((23,(8,11)),20))),((5,((((30,6),24),7),19)),((28,(18,15)),12)));

STEP 59 [Heur. rSPR MC -> NNI_Substep_51] - Distance: 54.0000
((((((9,2),4),1),(22,17)),(((((29,14),(13,27)),((16,21),(25,3))),(10,26)),((23,(8,11)),20))),((5,((((30,6),7),24),19)),((28,(18,15)),12)));

STEP 60 [Heur. rSPR MC -> NNI_Substep_52] - Distance: 54.0000
((((((9,2),4),1),(22,17)),(((((29,14),(13,27)),((16,21),(25,3))),(10,26)),((23,(8,11)),20))),((5,((((30,6),7),19),24)),((28,(18,15)),12)));

STEP 61 [Heur. rSPR MC -> NNI_Substep_53] - Distance: 54.0000
((((((9,2),4),1),(22,17)),(((((29,14),(13,27)),((16,21),(25,3))),(10,26)),((23,(8,11)),20))),(((5,(((30,6),7),19)),24),((28,(18,15)),12)));

STEP 62 [Heur. rSPR MC -> NNI_Substep_54] - Distance: 55.0000
((((((9,2),4),1),(22,17)),(((((29,14),(13,27)),((16,21),(25,3))),(10,26)),((23,(8,11)),20))),(((5,(((30,6),7),19)),((28,(18,15)),12)),24));

STEP 63 [Heur. rSPR MC -> NNI_Substep_55] - Distance: 49.0000
((((((9,2),4),1),(22,17)),(((((29,14),(13,27)),((16,21),(25,3))),(10,26)),((23,(8,11)),20))),((5,(((30,6),7),19)),(((28,(18,15)),12),24)));

STEP 64 [Heur. rSPR MC -> NNI_Substep_56] - Distance: 49.0000
((((((9,2),4),1),(22,17)),(((((29,14),(13,27)),((16,21),(25,3))),(10,26)),((23,(8,11)),20))),((5,(((30,6),7),19)),(((28,(18,15)),24),12)));

STEP 65 [Heur. rSPR MC -> NNI_Substep_57] - Distance: 46.0000
((((((9,2),4),1),(22,17)),(((((29,14),(13,27)),((16,21),(25,3))),(10,26)),((23,(8,11)),20))),((5,(((30,6),7),19)),(((28,24),(18,15)),12)));

STEP 66 [Heur. rSPR MC -> NNI_Substep_58] - Distance: 47.0000
((((((9,2),4),1),(22,17)),((((((29,14),13),27),((16,21),(25,3))),(10,26)),((23,(8,11)),20))),((5,(((30,6),7),19)),(((28,24),(18,15)),12)));

STEP 67 [Heur. rSPR MC -> NNI_Substep_59] - Distance: 50.0000
((((((9,2),4),1),(22,17)),((((((29,14),13),((16,21),(25,3))),27),(10,26)),((23,(8,11)),20))),((5,(((30,6),7),19)),(((28,24),(18,15)),12)));

STEP 68 [Heur. rSPR MC -> NNI_Substep_60] - Distance: 49.0000
((((((9,2),4),1),(22,17)),((((((29,14),13),((16,21),(25,3))),(10,26)),27),((23,(8,11)),20))),((5,(((30,6),7),19)),(((28,24),(18,15)),12)));

STEP 69 [Heur. rSPR MC -> NNI_Substep_61] - Distance: 50.0000
((((((9,2),4),1),(22,17)),((((((29,14),13),((16,21),(25,3))),(10,26)),((23,(8,11)),20)),27)),((5,(((30,6),7),19)),(((28,24),(18,15)),12)));

STEP 70 [Heur. rSPR MC -> NNI_Substep_62] - Distance: 42.0000
((((((9,2),4),1),(22,17)),(((((29,14),13),((16,21),(25,3))),(10,26)),(((23,(8,11)),20),27))),((5,(((30,6),7),19)),(((28,24),(18,15)),12)));

STEP 71 [Heur. rSPR MC -> NNI_Substep_63] - Distance: 40.0000
((((((9,2),4),1),(22,17)),(((((29,14),13),((16,21),(25,3))),(10,26)),(((23,(8,11)),27),20))),((5,(((30,6),7),19)),(((28,24),(18,15)),12)));

STEP 72 [Heur. rSPR MC -> NNI_Substep_64] - Distance: 41.0000
((((((9,2),4),1),(22,17)),(((((29,14),13),(((16,21),3),25)),(10,26)),(((23,(8,11)),27),20))),((5,(((30,6),7),19)),(((28,24),(18,15)),12)));

STEP 73 [Heur. rSPR MC -> NNI_Substep_65] - Distance: 43.0000
((((((9,2),4),1),(22,17)),((((((29,14),13),((16,21),3)),25),(10,26)),(((23,(8,11)),27),20))),((5,(((30,6),7),19)),(((28,24),(18,15)),12)));

STEP 74 [Heur. rSPR MC -> NNI_Substep_66] - Distance: 42.0000
((((((9,2),4),1),(22,17)),((((((29,14),13),((16,21),3)),(10,26)),25),(((23,(8,11)),27),20))),((5,(((30,6),7),19)),(((28,24),(18,15)),12)));

STEP 75 [Heur. rSPR MC -> NNI_Substep_67] - Distance: 44.0000
((((((9,2),4),1),(22,17)),((((((29,14),13),((16,21),3)),(10,26)),(((23,(8,11)),27),20)),25)),((5,(((30,6),7),19)),(((28,24),(18,15)),12)));

STEP 76 [Heur. rSPR MC -> NNI_Substep_68] - Distance: 35.0000
((((((9,2),4),1),(22,17)),(((((29,14),13),((16,21),3)),(10,26)),((((23,(8,11)),27),20),25))),((5,(((30,6),7),19)),(((28,24),(18,15)),12)));

STEP 77 [Heur. rSPR MC -> NNI_Substep_69] - Distance: 33.0000
((((((9,2),4),1),(22,17)),(((((29,14),13),((16,21),3)),(10,26)),((((23,(8,11)),27),25),20))),((5,(((30,6),7),19)),(((28,24),(18,15)),12)));

STEP 78 [Heur. rSPR MC -> NNI_Substep_70] - Distance: 33.0000
((((((9,2),4),1),(22,17)),(((((29,14),13),((21,3),16)),(10,26)),((((23,(8,11)),27),25),20))),((5,(((30,6),7),19)),(((28,24),(18,15)),12)));

STEP 79 [Heur. rSPR MC -> NNI_Substep_71] - Distance: 35.0000
((((((9,2),4),1),(22,17)),((((((29,14),13),(21,3)),16),(10,26)),((((23,(8,11)),27),25),20))),((5,(((30,6),7),19)),(((28,24),(18,15)),12)));

STEP 80 [Heur. rSPR MC -> NNI_Substep_72] - Distance: 32.0000
((((((9,2),4),1),(22,17)),((((((29,14),13),16),(21,3)),(10,26)),((((23,(8,11)),27),25),20))),((5,(((30,6),7),19)),(((28,24),(18,15)),12)));

STEP 81 [Heur. rSPR MC -> NNI_Substep_73] - Distance: 29.0000
((((((9,2),4),1),(22,17)),(((((29,14),(13,16)),(21,3)),(10,26)),((((23,(8,11)),27),25),20))),((5,(((30,6),7),19)),(((28,24),(18,15)),12)));

STEP 82 [Heur. rSPR MC -> NNI_Substep_74] - Distance: 34.0000
((((((9,2),4),1),(22,17)),((((((29,14),(13,16)),(21,3)),10),26),((((23,(8,11)),27),25),20))),((5,(((30,6),7),19)),(((28,24),(18,15)),12)));

STEP 83 [Heur. rSPR MC -> NNI_Substep_75] - Distance: 32.0000
((((((9,2),4),1),(22,17)),((((((29,14),(13,16)),(21,3)),26),10),((((23,(8,11)),27),25),20))),((5,(((30,6),7),19)),(((28,24),(18,15)),12)));

STEP 84 [Heur. rSPR MC -> NNI_Substep_76] - Distance: 27.0000
((((((9,2),4),1),(22,17)),(((((29,14),(13,16)),((21,3),26)),10),((((23,(8,11)),27),25),20))),((5,(((30,6),7),19)),(((28,24),(18,15)),12)));

STEP 85 [Heur. rSPR MC -> NNI_Substep_77] - Distance: 25.0000
((((((9,2),4),1),(22,17)),(((((29,14),(13,16)),((21,26),3)),10),((((23,(8,11)),27),25),20))),((5,(((30,6),7),19)),(((28,24),(18,15)),12)));

STEP 86 [Heur. rSPR MC -> NNI_Substep_78] - Distance: 26.0000
(((((((9,2),4),1),22),17),(((((29,14),(13,16)),((21,26),3)),10),((((23,(8,11)),27),25),20))),((5,(((30,6),7),19)),(((28,24),(18,15)),12)));

STEP 87 [Heur. rSPR MC -> NNI_Substep_79] - Distance: 39.0000
(((((((9,2),4),1),22),(((((29,14),(13,16)),((21,26),3)),10),((((23,(8,11)),27),25),20))),17),((5,(((30,6),7),19)),(((28,24),(18,15)),12)));

STEP 88 [Heur. rSPR MC -> NNI_Substep_80] - Distance: 35.0000
((((((9,2),4),1),22),((((((29,14),(13,16)),((21,26),3)),10),((((23,(8,11)),27),25),20)),17)),((5,(((30,6),7),19)),(((28,24),(18,15)),12)));

STEP 89 [Heur. rSPR MC -> NNI_Substep_81] - Distance: 26.0000
((((((9,2),4),1),22),(((((29,14),(13,16)),((21,26),3)),10),(((((23,(8,11)),27),25),20),17))),((5,(((30,6),7),19)),(((28,24),(18,15)),12)));

STEP 90 [Heur. rSPR MC -> NNI_Substep_82] - Distance: 22.0000
((((((9,2),4),1),22),(((((29,14),(13,16)),((21,26),3)),10),((((23,(8,11)),27),25),(20,17)))),((5,(((30,6),7),19)),(((28,24),(18,15)),12)));

STEP 91 [Heur. rSPR MC -> NNI_Substep_83] - Distance: 24.0000
((((((9,2),4),1),22),(((((29,14),(13,16)),((21,26),3)),10),(((((23,(8,11)),27),25),17),20))),((5,(((30,6),7),19)),(((28,24),(18,15)),12)));

STEP 92 [Heur. rSPR MC -> NNI_Substep_84] - Distance: 31.0000
((((((9,2),4),1),22),((((((29,14),(13,16)),((21,26),3)),10),((((23,(8,11)),27),25),17)),20)),((5,(((30,6),7),19)),(((28,24),(18,15)),12)));

STEP 93 [Heur. rSPR MC -> NNI_Substep_85] - Distance: 33.0000
(((((((9,2),4),1),22),(((((29,14),(13,16)),((21,26),3)),10),((((23,(8,11)),27),25),17))),20),((5,(((30,6),7),19)),(((28,24),(18,15)),12)));

STEP 94 [Heur. rSPR MC -> NNI_Substep_86] - Distance: 22.0000
(((((((9,2),4),1),22),20),(((((29,14),(13,16)),((21,26),3)),10),((((23,(8,11)),27),25),17))),((5,(((30,6),7),19)),(((28,24),(18,15)),12)));

STEP 95 [Heur. rSPR MC -> NNI_Substep_87] - Distance: 20.0000
(((((((9,2),4),1),20),22),(((((29,14),(13,16)),((21,26),3)),10),((((23,(8,11)),27),25),17))),((5,(((30,6),7),19)),(((28,24),(18,15)),12)));

STEP 96 [Heur. rSPR MC -> NNI_Substep_88] - Distance: 18.0000
(((((((9,2),4),20),1),22),(((((29,14),(13,16)),((21,26),3)),10),((((23,(8,11)),27),25),17))),((5,(((30,6),7),19)),(((28,24),(18,15)),12)));

STEP 97 [Heur. rSPR MC -> NNI_Substep_89] - Distance: 17.0000
((((((9,2),(4,20)),1),22),(((((29,14),(13,16)),((21,26),3)),10),((((23,(8,11)),27),25),17))),((5,(((30,6),7),19)),(((28,24),(18,15)),12)));

STEP 98 [Heur. rSPR MC -> NNI_Substep_90] - Distance: 18.0000
(((((((9,2),20),4),1),22),(((((29,14),(13,16)),((21,26),3)),10),((((23,(8,11)),27),25),17))),((5,(((30,6),7),19)),(((28,24),(18,15)),12)));

STEP 99 [Heur. rSPR MC -> NNI_Substep_91] - Distance: 18.0000
(((((((9,2),20),1),4),22),(((((29,14),(13,16)),((21,26),3)),10),((((23,(8,11)),27),25),17))),((5,(((30,6),7),19)),(((28,24),(18,15)),12)));

STEP 100 [Heur. rSPR MC -> NNI_Substep_92] - Distance: 18.0000
(((((((9,2),20),1),22),4),(((((29,14),(13,16)),((21,26),3)),10),((((23,(8,11)),27),25),17))),((5,(((30,6),7),19)),(((28,24),(18,15)),12)));

STEP 101 [Heur. rSPR MC -> NNI_Substep_93] - Distance: 29.0000
(((((((9,2),20),1),22),(((((29,14),(13,16)),((21,26),3)),10),((((23,(8,11)),27),25),17))),4),((5,(((30,6),7),19)),(((28,24),(18,15)),12)));

STEP 102 [Heur. rSPR MC -> NNI_Substep_94] - Distance: 23.0000
((((((9,2),20),1),22),((((((29,14),(13,16)),((21,26),3)),10),((((23,(8,11)),27),25),17)),4)),((5,(((30,6),7),19)),(((28,24),(18,15)),12)));

STEP 103 [Heur. rSPR MC -> NNI_Substep_95] - Distance: 14.0000
((((((9,2),20),1),22),(((((29,14),(13,16)),((21,26),3)),10),(((((23,(8,11)),27),25),17),4))),((5,(((30,6),7),19)),(((28,24),(18,15)),12)));

STEP 104 [Heur. rSPR MC -> NNI_Substep_96] - Distance: 10.0000
((((((9,2),20),1),22),(((((29,14),(13,16)),((21,26),3)),10),((((23,(8,11)),27),25),(17,4)))),((5,(((30,6),7),19)),(((28,24),(18,15)),12)));

STEP 105 [Heur. rSPR MC -> NNI_Substep_97] - Distance: 10.0000
((((((9,2),20),1),22),(((((29,14),(13,16)),((21,26),3)),10),(((((23,11),8),27),25),(17,4)))),((5,(((30,6),7),19)),(((28,24),(18,15)),12)));

STEP 106 [Heur. rSPR MC -> NNI_Substep_98] - Distance: 10.0000
((((((9,2),20),1),22),(((((29,14),(13,16)),((21,26),3)),10),(((((23,11),27),8),25),(17,4)))),((5,(((30,6),7),19)),(((28,24),(18,15)),12)));

STEP 107 [Heur. rSPR MC -> NNI_Substep_99] - Distance: 10.0000
((((((9,2),20),1),22),(((((29,14),(13,16)),((21,26),3)),10),(((((23,11),27),25),8),(17,4)))),((5,(((30,6),7),19)),(((28,24),(18,15)),12)));

STEP 108 [Heur. rSPR MC -> NNI_Substep_100] - Distance: 11.0000
((((((9,2),20),1),22),(((((29,14),(13,16)),((21,26),3)),10),(((((23,11),27),25),(17,4)),8))),((5,(((30,6),7),19)),(((28,24),(18,15)),12)));

STEP 109 [Heur. rSPR MC -> NNI_Substep_101] - Distance: 6.0000
((((((9,2),20),1),22),(((((29,14),(13,16)),((21,26),3)),10),((((23,11),27),25),((17,4),8)))),((5,(((30,6),7),19)),(((28,24),(18,15)),12)));

STEP 110 [Heur. rSPR MC -> NNI_Substep_102] - Distance: 4.0000
((((((9,2),20),1),22),(((((29,14),(13,16)),((21,26),3)),10),((((23,11),27),25),(17,(4,8))))),((5,(((30,6),7),19)),(((28,24),(18,15)),12)));

STEP 111 [Heur. rSPR MC -> NNI_Substep_103] - Distance: 3.0000
((((((9,2),20),1),22),(((((29,14),(13,16)),((21,26),3)),10),((((23,11),27),25),(17,(4,8))))),((5,(((30,6),7),19)),(((28,24),12),(18,15))));

STEP 112 [Heur. rSPR MC -> NNI_Substep_104] - Distance: 5.0000
((((((9,2),20),1),22),(((((29,14),(13,16)),((21,26),3)),10),((((23,11),27),25),(17,(4,8))))),((5,(((30,6),7),19)),((((28,24),12),18),15)));

STEP 113 [Heur. rSPR MC -> NNI_Substep_105] - Distance: 3.0000
((((((9,2),20),1),22),(((((29,14),(13,16)),((21,26),3)),10),((((23,11),27),25),(17,(4,8))))),((5,(((30,6),7),19)),((((28,24),12),15),18)));

STEP 114 [Heur. rSPR MC -> NNI_Substep_106] - Distance: 0.0000
((((((9,2),20),1),22),(((((29,14),(13,16)),((21,26),3)),10),((((23,11),27),25),(17,(4,8))))),((5,(((30,6),7),19)),(((28,24),(12,15)),18)));

========================================================
[FINAL] Total Steps: 114 | Final Distance: 0.0000
========================================================
