========================================================
HEURISTIC TRAJECTORY: VND Classic (MS)
========================================================
STEP 0 [START] - Distance: 117.0000
((24,(16,((3,13),(8,(22,27))))),(4,(1,(26,18))),((((28,(20,(7,30))),((17,29),(15,6))),(2,(25,(21,5)))),(((11,(19,10)),(9,12)),(14,23))));

STEP 1 [NNI_ClassicHeuristic_MS -> NNI_Substep_1] - Distance: 115.0000
((24,(16,((22,27),(8,(3,13))))),(4,(1,(26,18))),((((28,(20,(7,30))),((17,29),(15,6))),(2,(25,(21,5)))),(((11,(19,10)),(9,12)),(14,23))));

STEP 2 [NNI_ClassicHeuristic_MS -> NNI_Substep_2] - Distance: 113.0000
((24,(16,((22,27),(13,(3,8))))),(4,(1,(26,18))),((((28,(20,(7,30))),((17,29),(15,6))),(2,(25,(21,5)))),(((11,(19,10)),(9,12)),(14,23))));

STEP 3 [NNI_ClassicHeuristic_MS -> NNI_Substep_3] - Distance: 111.0000
((24,((13,(3,8)),((22,27),16))),(4,(1,(26,18))),((((28,(20,(7,30))),((17,29),(15,6))),(2,(25,(21,5)))),(((11,(19,10)),(9,12)),(14,23))));

STEP 4 [NNI_ClassicHeuristic_MS -> NNI_Substep_4] - Distance: 109.0000
((24,((13,(3,8)),((22,16),27))),(4,(1,(26,18))),((((28,(20,(7,30))),((17,29),(15,6))),(2,(25,(21,5)))),(((11,(19,10)),(9,12)),(14,23))));

STEP 5 [NNI_ClassicHeuristic_MS -> NNI_Substep_5] - Distance: 108.0000
((24,((13,(3,8)),((22,16),27))),((26,18),(1,4)),((((28,(20,(7,30))),((17,29),(15,6))),(2,(25,(21,5)))),(((11,(19,10)),(9,12)),(14,23))));

STEP 6 [NNI_ClassicHeuristic_MS -> NNI_Substep_6] - Distance: 107.0000
((24,((13,(3,8)),((22,16),27))),((26,18),(1,4)),(((((7,30),(20,28)),((17,29),(15,6))),(2,(25,(21,5)))),(((11,(19,10)),(9,12)),(14,23))));

STEP 7 [NNI_ClassicHeuristic_MS -> NNI_Substep_7] - Distance: 106.0000
((24,((13,(3,8)),((22,16),27))),((26,18),(1,4)),(((((7,30),(20,28)),((17,29),(15,6))),((21,5),(25,2))),(((11,(19,10)),(9,12)),(14,23))));

STEP 8 [NNI_ClassicHeuristic_MS -> NNI_Substep_8] - Distance: 105.0000
((24,((13,(3,8)),((22,16),27))),((26,18),(1,4)),(((((7,30),(20,28)),((17,29),(15,6))),((21,5),(25,2))),(((14,23),(9,12)),(11,(19,10)))));

STEP 9 [uTBR_ClassicHeuristic_MS -> NNI_Substep_1] - Distance: 106.0000
((24,(((13,(3,8)),27),(22,16))),((26,18),(1,4)),(((((7,30),(20,28)),((17,29),(15,6))),((21,5),(25,2))),(((14,23),(9,12)),(11,(19,10)))));

STEP 10 [uTBR_ClassicHeuristic_MS -> NNI_Substep_2] - Distance: 105.0000
(((24,((13,(3,8)),27)),(22,16)),((26,18),(1,4)),(((((7,30),(20,28)),((17,29),(15,6))),((21,5),(25,2))),(((14,23),(9,12)),(11,(19,10)))));

STEP 11 [uTBR_ClassicHeuristic_MS -> NNI_Substep_3] - Distance: 105.0000
((24,((13,(3,8)),27)),((26,18),(1,4)),((((((7,30),(20,28)),((17,29),(15,6))),((21,5),(25,2))),(((14,23),(9,12)),(11,(19,10)))),(22,16)));

STEP 12 [uTBR_ClassicHeuristic_MS -> NNI_Substep_4] - Distance: 101.0000
((24,((13,(3,8)),27)),((26,18),(1,4)),(((((7,30),(20,28)),((17,29),(15,6))),((21,5),(25,2))),((((14,23),(9,12)),(11,(19,10))),(22,16))));

STEP 13 [uTBR_ClassicHeuristic_MS -> NNI_Substep_5] - Distance: 97.0000
((24,((13,(3,8)),27)),((26,18),(1,4)),(((((7,30),(20,28)),((17,29),(15,6))),((21,5),(25,2))),(((14,23),(9,12)),((11,(19,10)),(22,16)))));

STEP 14 [uTBR_ClassicHeuristic_MS -> NNI_Substep_6] - Distance: 96.0000
((24,((13,(3,8)),27)),((26,18),(1,4)),(((((7,30),(20,28)),((17,29),(15,6))),((21,5),(25,2))),(((14,23),(9,12)),(11,((19,10),(22,16))))));

STEP 15 [uTBR_ClassicHeuristic_MS -> NNI_Substep_7] - Distance: 97.0000
((24,((13,(3,8)),27)),((26,18),(1,4)),(((((7,30),(20,28)),((17,29),(15,6))),((21,5),(25,2))),(((14,23),(9,12)),(11,((19,(22,16)),10)))));

STEP 16 [uTBR_ClassicHeuristic_MS -> NNI_Substep_8] - Distance: 97.0000
((24,((13,(3,8)),27)),((26,18),(1,4)),(((((7,30),(20,28)),((17,29),(15,6))),((21,5),(25,2))),(((14,23),(9,12)),((11,(19,(22,16))),10))));

STEP 17 [uTBR_ClassicHeuristic_MS -> NNI_Substep_9] - Distance: 98.0000
((24,((13,(3,8)),27)),((26,18),(1,4)),(((((7,30),(20,28)),((17,29),(15,6))),((21,5),(25,2))),((((14,23),(9,12)),(11,(19,(22,16)))),10)));

STEP 18 [uTBR_ClassicHeuristic_MS -> NNI_Substep_10] - Distance: 95.0000
((24,((13,(3,8)),27)),((26,18),(1,4)),((((((7,30),(20,28)),((17,29),(15,6))),((21,5),(25,2))),(((14,23),(9,12)),(11,(19,(22,16))))),10));

STEP 19 [uTBR_ClassicHeuristic_MS -> NNI_Substep_11] - Distance: 94.0000
(((24,((13,(3,8)),27)),10),((26,18),(1,4)),(((((7,30),(20,28)),((17,29),(15,6))),((21,5),(25,2))),(((14,23),(9,12)),(11,(19,(22,16))))));

STEP 20 [uTBR_ClassicHeuristic_MS -> NNI_Substep_12] - Distance: 92.0000
((24,(((13,(3,8)),27),10)),((26,18),(1,4)),(((((7,30),(20,28)),((17,29),(15,6))),((21,5),(25,2))),(((14,23),(9,12)),(11,(19,(22,16))))));

STEP 21 [uTBR_ClassicHeuristic_MS -> NNI_Substep_13] - Distance: 88.0000
((24,((13,(3,8)),(27,10))),((26,18),(1,4)),(((((7,30),(20,28)),((17,29),(15,6))),((21,5),(25,2))),(((14,23),(9,12)),(11,(19,(22,16))))));

STEP 22 [uTBR_ClassicHeuristic_MS -> NNI_Substep_14] - Distance: 89.0000
((24,((13,(3,8)),(27,10))),((26,18),(1,4)),(((((7,30),(20,28)),((17,29),(15,6))),(((21,5),25),2)),(((14,23),(9,12)),(11,(19,(22,16))))));

STEP 23 [uTBR_ClassicHeuristic_MS -> NNI_Substep_15] - Distance: 92.0000
((24,((13,(3,8)),(27,10))),((26,18),(1,4)),((((((7,30),(20,28)),((17,29),(15,6))),((21,5),25)),2),(((14,23),(9,12)),(11,(19,(22,16))))));

STEP 24 [uTBR_ClassicHeuristic_MS -> NNI_Substep_16] - Distance: 89.0000
((24,((13,(3,8)),(27,10))),((26,18),(1,4)),((((((7,30),(20,28)),((17,29),(15,6))),((21,5),25)),(((14,23),(9,12)),(11,(19,(22,16))))),2));

STEP 25 [uTBR_ClassicHeuristic_MS -> NNI_Substep_17] - Distance: 88.0000
(((24,((13,(3,8)),(27,10))),2),((26,18),(1,4)),(((((7,30),(20,28)),((17,29),(15,6))),((21,5),25)),(((14,23),(9,12)),(11,(19,(22,16))))));

STEP 26 [uTBR_ClassicHeuristic_MS -> NNI_Substep_18] - Distance: 86.0000
((24,(((13,(3,8)),(27,10)),2)),((26,18),(1,4)),(((((7,30),(20,28)),((17,29),(15,6))),((21,5),25)),(((14,23),(9,12)),(11,(19,(22,16))))));

STEP 27 [uTBR_ClassicHeuristic_MS -> NNI_Substep_19] - Distance: 82.0000
((24,((13,(3,8)),((27,10),2))),((26,18),(1,4)),(((((7,30),(20,28)),((17,29),(15,6))),((21,5),25)),(((14,23),(9,12)),(11,(19,(22,16))))));

STEP 28 [uTBR_ClassicHeuristic_MS -> NNI_Substep_20] - Distance: 80.0000
((24,((13,(3,8)),((27,2),10))),((26,18),(1,4)),(((((7,30),(20,28)),((17,29),(15,6))),((21,5),25)),(((14,23),(9,12)),(11,(19,(22,16))))));

STEP 29 [uTBR_ClassicHeuristic_MS -> NNI_Substep_21] - Distance: 80.0000
((24,((13,(3,8)),((27,2),10))),((26,18),(1,4)),((((((7,30),(20,28)),(17,29)),(15,6)),((21,5),25)),(((14,23),(9,12)),(11,(19,(22,16))))));

STEP 30 [uTBR_ClassicHeuristic_MS -> NNI_Substep_22] - Distance: 77.0000
((24,((13,(3,8)),((27,2),10))),((26,18),(1,4)),((((((7,30),(20,28)),(17,29)),((21,5),25)),(15,6)),(((14,23),(9,12)),(11,(19,(22,16))))));

STEP 31 [uTBR_ClassicHeuristic_MS -> NNI_Substep_23] - Distance: 79.0000
((24,((13,(3,8)),((27,2),10))),((26,18),(1,4)),((((((7,30),(20,28)),(17,29)),((21,5),25)),(((14,23),(9,12)),(11,(19,(22,16))))),(15,6)));

STEP 32 [uTBR_ClassicHeuristic_MS -> NNI_Substep_24] - Distance: 79.0000
(((24,((13,(3,8)),((27,2),10))),(15,6)),((26,18),(1,4)),(((((7,30),(20,28)),(17,29)),((21,5),25)),(((14,23),(9,12)),(11,(19,(22,16))))));

STEP 33 [uTBR_ClassicHeuristic_MS -> NNI_Substep_25] - Distance: 73.0000
(((24,(15,6)),((13,(3,8)),((27,2),10))),((26,18),(1,4)),(((((7,30),(20,28)),(17,29)),((21,5),25)),(((14,23),(9,12)),(11,(19,(22,16))))));

STEP 34 [uTBR_ClassicHeuristic_MS -> NNI_Substep_26] - Distance: 74.0000
(((24,(15,6)),((13,(3,8)),((27,2),10))),(((26,18),4),1),(((((7,30),(20,28)),(17,29)),((21,5),25)),(((14,23),(9,12)),(11,(19,(22,16))))));

STEP 35 [uTBR_ClassicHeuristic_MS -> NNI_Substep_27] - Distance: 78.0000
((((24,(15,6)),((13,(3,8)),((27,2),10))),1),((26,18),4),(((((7,30),(20,28)),(17,29)),((21,5),25)),(((14,23),(9,12)),(11,(19,(22,16))))));

STEP 36 [uTBR_ClassicHeuristic_MS -> NNI_Substep_28] - Distance: 74.0000
(((24,(15,6)),(((13,(3,8)),((27,2),10)),1)),((26,18),4),(((((7,30),(20,28)),(17,29)),((21,5),25)),(((14,23),(9,12)),(11,(19,(22,16))))));

STEP 37 [uTBR_ClassicHeuristic_MS -> NNI_Substep_29] - Distance: 70.0000
(((24,(15,6)),((13,(3,8)),(((27,2),10),1))),((26,18),4),(((((7,30),(20,28)),(17,29)),((21,5),25)),(((14,23),(9,12)),(11,(19,(22,16))))));

STEP 38 [uTBR_ClassicHeuristic_MS -> NNI_Substep_30] - Distance: 67.0000
(((24,(15,6)),((13,(3,8)),((27,2),(10,1)))),((26,18),4),(((((7,30),(20,28)),(17,29)),((21,5),25)),(((14,23),(9,12)),(11,(19,(22,16))))));

STEP 39 [uTBR_ClassicHeuristic_MS -> NNI_Substep_31] - Distance: 68.0000
(((24,(15,6)),((13,(3,8)),((27,2),(10,1)))),((26,18),4),(((((7,30),(20,28)),(17,29)),((21,5),25)),((((14,23),12),9),(11,(19,(22,16))))));

STEP 40 [uTBR_ClassicHeuristic_MS -> NNI_Substep_32] - Distance: 69.0000
(((24,(15,6)),((13,(3,8)),((27,2),(10,1)))),((26,18),4),(((((7,30),(20,28)),(17,29)),((21,5),25)),((((14,23),12),(11,(19,(22,16)))),9)));

STEP 41 [uTBR_ClassicHeuristic_MS -> NNI_Substep_33] - Distance: 71.0000
(((24,(15,6)),((13,(3,8)),((27,2),(10,1)))),((26,18),4),((((((7,30),(20,28)),(17,29)),((21,5),25)),(((14,23),12),(11,(19,(22,16))))),9));

STEP 42 [uTBR_ClassicHeuristic_MS -> NNI_Substep_34] - Distance: 65.0000
(((24,(15,6)),((13,(3,8)),((27,2),(10,1)))),((26,18),4),((((((7,30),(20,28)),(17,29)),((21,5),25)),9),(((14,23),12),(11,(19,(22,16))))));

STEP 43 [uTBR_ClassicHeuristic_MS -> NNI_Substep_35] - Distance: 65.0000
(((24,(15,6)),((13,(3,8)),((27,2),(10,1)))),((26,18),4),((((((7,30),(20,28)),(17,29)),9),((21,5),25)),(((14,23),12),(11,(19,(22,16))))));

STEP 44 [uTBR_ClassicHeuristic_MS -> NNI_Substep_36] - Distance: 64.0000
(((24,(15,6)),((13,(3,8)),((27,2),(10,1)))),((26,18),4),((((((7,30),(20,28)),9),(17,29)),((21,5),25)),(((14,23),12),(11,(19,(22,16))))));

STEP 45 [uTBR_ClassicHeuristic_MS -> NNI_Substep_37] - Distance: 61.0000
(((24,(15,6)),((13,(3,8)),((27,2),(10,1)))),((26,18),4),(((((7,30),((20,28),9)),(17,29)),((21,5),25)),(((14,23),12),(11,(19,(22,16))))));

STEP 46 [uTBR_ClassicHeuristic_MS -> NNI_Substep_38] - Distance: 61.0000
(((24,(15,6)),((13,(3,8)),((27,2),(10,1)))),((26,4),18),(((((7,30),((20,28),9)),(17,29)),((21,5),25)),(((14,23),12),(11,(19,(22,16))))));

STEP 47 [uTBR_ClassicHeuristic_MS -> NNI_Substep_39] - Distance: 64.0000
(((24,(15,6)),((13,(3,8)),((27,2),(10,1)))),(26,4),((((((7,30),((20,28),9)),(17,29)),((21,5),25)),(((14,23),12),(11,(19,(22,16))))),18));

STEP 48 [uTBR_ClassicHeuristic_MS -> NNI_Substep_40] - Distance: 58.0000
(((24,(15,6)),((13,(3,8)),((27,2),(10,1)))),(26,4),((((((7,30),((20,28),9)),(17,29)),((21,5),25)),18),(((14,23),12),(11,(19,(22,16))))));

STEP 49 [uTBR_ClassicHeuristic_MS -> NNI_Substep_41] - Distance: 58.0000
(((24,(15,6)),((13,(3,8)),((27,2),(10,1)))),(26,4),((((((7,30),((20,28),9)),(17,29)),18),((21,5),25)),(((14,23),12),(11,(19,(22,16))))));

STEP 50 [uTBR_ClassicHeuristic_MS -> NNI_Substep_42] - Distance: 56.0000
(((24,(15,6)),((13,(3,8)),((27,2),(10,1)))),(26,4),(((((7,30),((20,28),9)),((17,29),18)),((21,5),25)),(((14,23),12),(11,(19,(22,16))))));

STEP 51 [uTBR_ClassicHeuristic_MS -> NNI_Substep_43] - Distance: 56.0000
((((24,15),6),((13,(3,8)),((27,2),(10,1)))),(26,4),(((((7,30),((20,28),9)),((17,29),18)),((21,5),25)),(((14,23),12),(11,(19,(22,16))))));

STEP 52 [uTBR_ClassicHeuristic_MS -> NNI_Substep_44] - Distance: 62.0000
((((24,15),((13,(3,8)),((27,2),(10,1)))),6),(26,4),(((((7,30),((20,28),9)),((17,29),18)),((21,5),25)),(((14,23),12),(11,(19,(22,16))))));

STEP 53 [uTBR_ClassicHeuristic_MS -> NNI_Substep_45] - Distance: 61.0000
(((24,15),((13,(3,8)),((27,2),(10,1)))),(26,4),((((((7,30),((20,28),9)),((17,29),18)),((21,5),25)),(((14,23),12),(11,(19,(22,16))))),6));

STEP 54 [uTBR_ClassicHeuristic_MS -> NNI_Substep_46] - Distance: 55.0000
(((24,15),((13,(3,8)),((27,2),(10,1)))),(26,4),(((((7,30),((20,28),9)),((17,29),18)),((21,5),25)),((((14,23),12),(11,(19,(22,16)))),6)));

STEP 55 [uTBR_ClassicHeuristic_MS -> NNI_Substep_47] - Distance: 53.0000
(((24,15),((13,(3,8)),((27,2),(10,1)))),(26,4),(((((7,30),((20,28),9)),((17,29),18)),((21,5),25)),(((14,23),12),((11,(19,(22,16))),6))));

STEP 56 [uTBR_ClassicHeuristic_MS -> NNI_Substep_48] - Distance: 51.0000
(((24,15),((13,(3,8)),((27,2),(10,1)))),(26,4),(((((7,30),((20,28),9)),((17,29),18)),((21,5),25)),(((14,23),12),((11,6),(19,(22,16))))));

STEP 57 [uTBR_ClassicHeuristic_MS -> NNI_Substep_49] - Distance: 52.0000
(((24,15),((13,(3,8)),((27,2),(10,1)))),(26,4),((((((7,30),((20,28),9)),((17,29),18)),(21,5)),25),(((14,23),12),((11,6),(19,(22,16))))));

STEP 58 [uTBR_ClassicHeuristic_MS -> NNI_Substep_50] - Distance: 57.0000
(((24,15),((13,(3,8)),((27,2),(10,1)))),(26,4),((((((7,30),((20,28),9)),((17,29),18)),(21,5)),(((14,23),12),((11,6),(19,(22,16))))),25));

STEP 59 [uTBR_ClassicHeuristic_MS -> NNI_Substep_51] - Distance: 52.0000
(((24,15),((13,(3,8)),((27,2),(10,1)))),(26,4),(((((7,30),((20,28),9)),((17,29),18)),(21,5)),((((14,23),12),((11,6),(19,(22,16)))),25)));

STEP 60 [uTBR_ClassicHeuristic_MS -> NNI_Substep_52] - Distance: 50.0000
(((24,15),((13,(3,8)),((27,2),(10,1)))),(26,4),(((((7,30),((20,28),9)),((17,29),18)),(21,5)),(((14,23),12),(((11,6),(19,(22,16))),25))));

STEP 61 [uTBR_ClassicHeuristic_MS -> NNI_Substep_53] - Distance: 48.0000
(((24,15),((13,(3,8)),((27,2),(10,1)))),(26,4),(((((7,30),((20,28),9)),((17,29),18)),(21,5)),(((14,23),12),(((11,6),25),(19,(22,16))))));

STEP 62 [uTBR_ClassicHeuristic_MS -> NNI_Substep_54] - Distance: 46.0000
(((24,15),((13,(3,8)),((27,2),(10,1)))),(26,4),(((((7,30),((20,28),9)),((17,29),18)),(21,5)),(((14,23),12),(((11,25),6),(19,(22,16))))));

STEP 63 [uTBR_ClassicHeuristic_MS -> NNI_Substep_55] - Distance: 52.0000
((((24,15),((13,(3,8)),((27,2),(10,1)))),26),4,(((((7,30),((20,28),9)),((17,29),18)),(21,5)),(((14,23),12),(((11,25),6),(19,(22,16))))));

STEP 64 [uTBR_ClassicHeuristic_MS -> NNI_Substep_56] - Distance: 44.0000
((((24,15),26),((13,(3,8)),((27,2),(10,1)))),4,(((((7,30),((20,28),9)),((17,29),18)),(21,5)),(((14,23),12),(((11,25),6),(19,(22,16))))));

STEP 65 [uTBR_ClassicHeuristic_MS -> NNI_Substep_57] - Distance: 42.0000
(((24,(15,26)),((13,(3,8)),((27,2),(10,1)))),4,(((((7,30),((20,28),9)),((17,29),18)),(21,5)),(((14,23),12),(((11,25),6),(19,(22,16))))));

STEP 66 [uTBR_ClassicHeuristic_MS -> NNI_Substep_58] - Distance: 42.0000
(((24,(15,26)),((13,(3,8)),((27,2),(10,1)))),4,(((((7,30),((20,28),9)),((17,18),29)),(21,5)),(((14,23),12),(((11,25),6),(19,(22,16))))));

STEP 67 [uTBR_ClassicHeuristic_MS -> NNI_Substep_59] - Distance: 44.0000
(((24,(15,26)),((13,(3,8)),((27,2),(10,1)))),4,((((((7,30),((20,28),9)),(17,18)),29),(21,5)),(((14,23),12),(((11,25),6),(19,(22,16))))));

STEP 68 [uTBR_ClassicHeuristic_MS -> NNI_Substep_60] - Distance: 41.0000
(((24,(15,26)),((13,(3,8)),((27,2),(10,1)))),4,((((((7,30),((20,28),9)),29),(17,18)),(21,5)),(((14,23),12),(((11,25),6),(19,(22,16))))));

STEP 69 [uTBR_ClassicHeuristic_MS -> NNI_Substep_61] - Distance: 38.0000
(((24,(15,26)),((13,(3,8)),((27,2),(10,1)))),4,(((((7,30),(((20,28),9),29)),(17,18)),(21,5)),(((14,23),12),(((11,25),6),(19,(22,16))))));

STEP 70 [uTBR_ClassicHeuristic_MS -> NNI_Substep_62] - Distance: 36.0000
(((24,(15,26)),((13,(3,8)),((27,2),(10,1)))),4,(((((7,30),(((20,28),9),29)),(17,18)),(21,5)),(((14,23),12),(((11,25),6),(22,(16,19))))));

STEP 71 [uTBR_ClassicHeuristic_MS -> NNI_Substep_63] - Distance: 40.0000
(((24,(15,26)),((13,(3,8)),((27,2),(10,1)))),4,(((((7,30),(((20,28),9),29)),(17,18)),(21,5)),((((14,23),12),((11,25),6)),(22,(16,19)))));

STEP 72 [uTBR_ClassicHeuristic_MS -> NNI_Substep_64] - Distance: 34.0000
(((24,(15,26)),((13,(3,8)),((27,2),(10,1)))),4,(((((7,30),(((20,28),9),29)),(17,18)),(21,5)),((((14,23),12),(22,(16,19))),((11,25),6))));

STEP 73 [uTBR_ClassicHeuristic_MS -> NNI_Substep_65] - Distance: 36.0000
(((24,(15,26)),((13,(3,8)),((27,2),(10,1)))),4,(((((7,30),(((20,28),9),29)),(17,18)),(21,5)),((((14,23),(22,(16,19))),12),((11,25),6))));

STEP 74 [uTBR_ClassicHeuristic_MS -> NNI_Substep_66] - Distance: 38.0000
(((24,(15,26)),((13,(3,8)),((27,2),(10,1)))),4,(((((7,30),(((20,28),9),29)),(17,18)),(21,5)),((((14,23),(22,(16,19))),((11,25),6)),12)));

STEP 75 [uTBR_ClassicHeuristic_MS -> NNI_Substep_67] - Distance: 39.0000
(((24,(15,26)),((13,(3,8)),((27,2),(10,1)))),4,((((((7,30),(((20,28),9),29)),(17,18)),(21,5)),(((14,23),(22,(16,19))),((11,25),6))),12));

STEP 76 [uTBR_ClassicHeuristic_MS -> NNI_Substep_68] - Distance: 39.0000
((((24,(15,26)),((13,(3,8)),((27,2),(10,1)))),12),4,(((((7,30),(((20,28),9),29)),(17,18)),(21,5)),(((14,23),(22,(16,19))),((11,25),6))));

STEP 77 [uTBR_ClassicHeuristic_MS -> NNI_Substep_69] - Distance: 35.0000
(((24,(15,26)),(((13,(3,8)),((27,2),(10,1))),12)),4,(((((7,30),(((20,28),9),29)),(17,18)),(21,5)),(((14,23),(22,(16,19))),((11,25),6))));

STEP 78 [uTBR_ClassicHeuristic_MS -> NNI_Substep_70] - Distance: 30.0000
(((24,(15,26)),(((13,(3,8)),12),((27,2),(10,1)))),4,(((((7,30),(((20,28),9),29)),(17,18)),(21,5)),(((14,23),(22,(16,19))),((11,25),6))));

STEP 79 [uTBR_ClassicHeuristic_MS -> NNI_Substep_71] - Distance: 29.0000
(((24,(15,26)),(((13,12),(3,8)),((27,2),(10,1)))),4,(((((7,30),(((20,28),9),29)),(17,18)),(21,5)),(((14,23),(22,(16,19))),((11,25),6))));

STEP 80 [uTBR_ClassicHeuristic_MS -> NNI_Substep_72] - Distance: 30.0000
(((24,(15,26)),(((12,(3,8)),13),((27,2),(10,1)))),4,(((((7,30),(((20,28),9),29)),(17,18)),(21,5)),(((14,23),(22,(16,19))),((11,25),6))));

STEP 81 [uTBR_ClassicHeuristic_MS -> NNI_Substep_73] - Distance: 33.0000
(((24,(15,26)),(((12,(3,8)),((27,2),(10,1))),13)),4,(((((7,30),(((20,28),9),29)),(17,18)),(21,5)),(((14,23),(22,(16,19))),((11,25),6))));

STEP 82 [uTBR_ClassicHeuristic_MS -> NNI_Substep_74] - Distance: 33.0000
((((24,(15,26)),((12,(3,8)),((27,2),(10,1)))),13),4,(((((7,30),(((20,28),9),29)),(17,18)),(21,5)),(((14,23),(22,(16,19))),((11,25),6))));

STEP 83 [uTBR_ClassicHeuristic_MS -> NNI_Substep_75] - Distance: 24.0000
(((24,(15,26)),((12,(3,8)),((27,2),(10,1)))),(4,13),(((((7,30),(((20,28),9),29)),(17,18)),(21,5)),(((14,23),(22,(16,19))),((11,25),6))));

STEP 84 [uTBR_ClassicHeuristic_MS -> NNI_Substep_76] - Distance: 29.0000
(((24,(15,26)),((12,(3,8)),((27,2),(10,1)))),(4,13),((((((7,30),(((20,28),9),29)),(17,18)),5),21),(((14,23),(22,(16,19))),((11,25),6))));

STEP 85 [uTBR_ClassicHeuristic_MS -> NNI_Substep_77] - Distance: 29.0000
(((24,(15,26)),((12,(3,8)),((27,2),(10,1)))),(4,13),((((((7,30),(((20,28),9),29)),(17,18)),21),5),(((14,23),(22,(16,19))),((11,25),6))));

STEP 86 [uTBR_ClassicHeuristic_MS -> NNI_Substep_78] - Distance: 26.0000
(((24,(15,26)),((12,(3,8)),((27,2),(10,1)))),(4,13),((((((7,30),(((20,28),9),29)),21),(17,18)),5),(((14,23),(22,(16,19))),((11,25),6))));

STEP 87 [uTBR_ClassicHeuristic_MS -> NNI_Substep_79] - Distance: 23.0000
(((24,(15,26)),((12,(3,8)),((27,2),(10,1)))),(4,13),((((((7,30),21),(((20,28),9),29)),(17,18)),5),(((14,23),(22,(16,19))),((11,25),6))));

STEP 88 [uTBR_ClassicHeuristic_MS -> NNI_Substep_80] - Distance: 21.0000
(((24,(15,26)),((12,(3,8)),((27,2),(10,1)))),(4,13),((((((7,21),30),(((20,28),9),29)),(17,18)),5),(((14,23),(22,(16,19))),((11,25),6))));

STEP 89 [uTBR_ClassicHeuristic_MS -> NNI_Substep_81] - Distance: 21.0000
(((24,(15,26)),((12,(3,8)),((27,2),(10,1)))),(4,13),((((((7,21),30),(((20,9),28),29)),(17,18)),5),(((14,23),(22,(16,19))),((11,25),6))));

STEP 90 [uTBR_ClassicHeuristic_MS -> NNI_Substep_82] - Distance: 21.0000
(((24,(15,26)),((12,(3,8)),((27,2),(10,1)))),(4,13),((((((7,21),30),(((20,9),29),28)),(17,18)),5),(((14,23),(22,(16,19))),((11,25),6))));

STEP 91 [uTBR_ClassicHeuristic_MS -> NNI_Substep_83] - Distance: 25.0000
(((24,(15,26)),((12,(3,8)),((27,2),(10,1)))),(4,13),(((((((7,21),30),((20,9),29)),28),(17,18)),5),(((14,23),(22,(16,19))),((11,25),6))));

STEP 92 [uTBR_ClassicHeuristic_MS -> NNI_Substep_84] - Distance: 21.0000
(((24,(15,26)),((12,(3,8)),((27,2),(10,1)))),(4,13),(((((((7,21),30),28),((20,9),29)),(17,18)),5),(((14,23),(22,(16,19))),((11,25),6))));

STEP 93 [uTBR_ClassicHeuristic_MS -> NNI_Substep_85] - Distance: 18.0000
(((24,(15,26)),((12,(3,8)),((27,2),(10,1)))),(4,13),((((((7,21),(30,28)),((20,9),29)),(17,18)),5),(((14,23),(22,(16,19))),((11,25),6))));

STEP 94 [uTBR_ClassicHeuristic_MS -> NNI_Substep_86] - Distance: 19.0000
(((24,(15,26)),((12,(3,8)),((27,2),(10,1)))),(4,13),(((((((7,21),28),30),((20,9),29)),(17,18)),5),(((14,23),(22,(16,19))),((11,25),6))));

STEP 95 [uTBR_ClassicHeuristic_MS -> NNI_Substep_87] - Distance: 21.0000
(((24,(15,26)),((12,(3,8)),((27,2),(10,1)))),(4,13),(((((((7,21),28),((20,9),29)),30),(17,18)),5),(((14,23),(22,(16,19))),((11,25),6))));

STEP 96 [uTBR_ClassicHeuristic_MS -> NNI_Substep_88] - Distance: 22.0000
(((24,(15,26)),((12,(3,8)),((27,2),(10,1)))),(4,13),(((((((7,21),28),((20,9),29)),(17,18)),30),5),(((14,23),(22,(16,19))),((11,25),6))));

STEP 97 [uTBR_ClassicHeuristic_MS -> NNI_Substep_89] - Distance: 20.0000
(((24,(15,26)),((12,(3,8)),((27,2),(10,1)))),(4,13),(((((((7,21),28),((20,9),29)),(17,18)),5),30),(((14,23),(22,(16,19))),((11,25),6))));

STEP 98 [uTBR_ClassicHeuristic_MS -> NNI_Substep_90] - Distance: 15.0000
(((24,(15,26)),((12,(3,8)),((27,2),(10,1)))),(4,13),((((((7,21),28),((20,9),29)),(17,18)),(5,30)),(((14,23),(22,(16,19))),((11,25),6))));

STEP 99 [uTBR_ClassicHeuristic_MS -> NNI_Substep_91] - Distance: 22.0000
(((24,(15,26)),((12,(3,8)),((27,2),(10,1)))),(4,13),(((((((7,21),28),((20,9),29)),(17,18)),30),5),(((14,23),(22,(16,19))),((11,25),6))));

STEP 100 [uTBR_ClassicHeuristic_MS -> NNI_Substep_92] - Distance: 20.0000
(((24,(15,26)),((12,(3,8)),((27,2),(10,1)))),(4,13),(((((((7,21),28),((20,9),29)),(17,18)),5),30),(((14,23),(22,(16,19))),((11,25),6))));

STEP 101 [uTBR_ClassicHeuristic_MS -> NNI_Substep_93] - Distance: 17.0000
(((24,(15,26)),((12,(3,8)),((27,2),(10,1)))),(4,13),(((((((7,21),28),((20,9),29)),5),(17,18)),30),(((14,23),(22,(16,19))),((11,25),6))));

STEP 102 [uTBR_ClassicHeuristic_MS -> NNI_Substep_94] - Distance: 13.0000
(((24,(15,26)),((12,(3,8)),((27,2),(10,1)))),(4,13),(((((((7,21),28),5),((20,9),29)),(17,18)),30),(((14,23),(22,(16,19))),((11,25),6))));

STEP 103 [uTBR_ClassicHeuristic_MS -> NNI_Substep_95] - Distance: 10.0000
(((24,(15,26)),((12,(3,8)),((27,2),(10,1)))),(4,13),((((((7,21),(28,5)),((20,9),29)),(17,18)),30),(((14,23),(22,(16,19))),((11,25),6))));

STEP 104 [uTBR_ClassicHeuristic_MS -> NNI_Substep_96] - Distance: 12.0000
(((24,(15,26)),((12,(3,8)),((27,2),(10,1)))),(4,13),((((((7,21),(28,5)),((20,9),29)),(17,18)),30),(((23,(22,(16,19))),14),((11,25),6))));

STEP 105 [uTBR_ClassicHeuristic_MS -> NNI_Substep_97] - Distance: 14.0000
(((24,(15,26)),((12,(3,8)),((27,2),(10,1)))),(4,13),((((((7,21),(28,5)),((20,9),29)),(17,18)),30),(((23,(22,(16,19))),((11,25),6)),14)));

STEP 106 [uTBR_ClassicHeuristic_MS -> NNI_Substep_98] - Distance: 19.0000
(((24,(15,26)),((12,(3,8)),((27,2),(10,1)))),(4,13),(((((((7,21),(28,5)),((20,9),29)),(17,18)),30),((23,(22,(16,19))),((11,25),6))),14));

STEP 107 [uTBR_ClassicHeuristic_MS -> NNI_Substep_99] - Distance: 15.0000
(((24,(15,26)),((12,(3,8)),((27,2),(10,1)))),(4,13),(((((((7,21),(28,5)),((20,9),29)),(17,18)),30),14),((23,(22,(16,19))),((11,25),6))));

STEP 108 [uTBR_ClassicHeuristic_MS -> NNI_Substep_100] - Distance: 5.0000
(((24,(15,26)),((12,(3,8)),((27,2),(10,1)))),(4,13),((((((7,21),(28,5)),((20,9),29)),(17,18)),(30,14)),((23,(22,(16,19))),((11,25),6))));

STEP 109 [uTBR_ClassicHeuristic_MS -> NNI_Substep_101] - Distance: 14.0000
(((24,(15,26)),((12,(3,8)),((27,2),(10,1)))),13,(((((((7,21),(28,5)),((20,9),29)),(17,18)),(30,14)),((23,(22,(16,19))),((11,25),6))),4));

STEP 110 [uTBR_ClassicHeuristic_MS -> NNI_Substep_102] - Distance: 10.0000
(((24,(15,26)),((12,(3,8)),((27,2),(10,1)))),13,(((((((7,21),(28,5)),((20,9),29)),(17,18)),(30,14)),4),((23,(22,(16,19))),((11,25),6))));

STEP 111 [uTBR_ClassicHeuristic_MS -> NNI_Substep_103] - Distance: 0.0000
(((24,(15,26)),((12,(3,8)),((27,2),(10,1)))),13,((((((7,21),(28,5)),((20,9),29)),(17,18)),((30,14),4)),((23,(22,(16,19))),((11,25),6))));

========================================================
[FINAL] Total Steps: 111 | Final Distance: 0.0000
========================================================
