========================================================
HEURISTIC TRAJECTORY: VND Incremental (MS)
========================================================
STEP 0 [START] - Distance: 123.0000
((((15,(2,(18,21))),(4,8)),(22,(5,(9,(10,29))))),(28,(14,30)),((17,(1,3)),((26,((6,16),(13,(25,27)))),((7,(20,(24,(11,19)))),(12,23)))));

STEP 1 [NNI_IncrementalHeuristic_MS -> NNI_Substep_1] - Distance: 119.0000
((((15,(2,(18,21))),(4,8)),(22,(5,(9,(10,29))))),(28,(14,30)),((17,(1,3)),(((13,(25,27)),((6,16),26)),((7,(20,(24,(11,19)))),(12,23)))));

STEP 2 [NNI_IncrementalHeuristic_MS -> NNI_Substep_2] - Distance: 117.0000
((((15,(2,(18,21))),(4,8)),(22,(5,(9,(10,29))))),(28,(14,30)),(((7,(20,(24,(11,19)))),(12,23)),(((13,(25,27)),((6,16),26)),(17,(1,3)))));

STEP 3 [NNI_IncrementalHeuristic_MS -> NNI_Substep_3] - Distance: 115.0000
((((15,(2,(18,21))),(4,8)),(22,(5,(9,(10,29))))),(28,(14,30)),(((7,(12,23)),(20,(24,(11,19)))),(((13,(25,27)),((6,16),26)),(17,(1,3)))));

STEP 4 [NNI_IncrementalHeuristic_MS -> NNI_Substep_4] - Distance: 113.0000
((((15,(2,(18,21))),(4,8)),(22,(5,(9,(10,29))))),(28,(14,30)),(((7,(12,23)),(20,(24,(11,19)))),(((17,(1,3)),((6,16),26)),(13,(25,27)))));

STEP 5 [NNI_IncrementalHeuristic_MS -> NNI_Substep_5] - Distance: 111.0000
((((15,(2,(18,21))),(4,8)),(22,(5,(9,(10,29))))),(28,(14,30)),(((7,(12,23)),(20,(24,(11,19)))),(((17,(1,3)),((6,16),26)),(25,(13,27)))));

STEP 6 [NNI_IncrementalHeuristic_MS -> NNI_Substep_6] - Distance: 110.0000
((((15,(4,8)),(2,(18,21))),(22,(5,(9,(10,29))))),(28,(14,30)),(((7,(12,23)),(20,(24,(11,19)))),(((17,(1,3)),((6,16),26)),(25,(13,27)))));

STEP 7 [NNI_IncrementalHeuristic_MS -> NNI_Substep_7] - Distance: 109.0000
((((15,(4,8)),(2,(18,21))),(22,((10,29),(9,5)))),(28,(14,30)),(((7,(12,23)),(20,(24,(11,19)))),(((17,(1,3)),((6,16),26)),(25,(13,27)))));

STEP 8 [NNI_IncrementalHeuristic_MS -> NNI_Substep_8] - Distance: 108.0000
((((15,(4,8)),(2,(18,21))),(22,((10,29),(9,5)))),(28,(14,30)),(((7,(12,23)),(((17,(1,3)),((6,16),26)),(25,(13,27)))),(20,(24,(11,19)))));

STEP 9 [NNI_IncrementalHeuristic_MS -> NNI_Substep_9] - Distance: 105.0000
((((15,(4,8)),(2,(18,21))),(22,((10,29),(9,5)))),(28,(14,30)),((((17,(1,3)),((6,16),26)),((7,(12,23)),(25,(13,27)))),(20,(24,(11,19)))));

STEP 10 [NNI_IncrementalHeuristic_MS -> NNI_Substep_10] - Distance: 104.0000
((((17,(1,3)),((6,16),26)),((7,(12,23)),(25,(13,27)))),(28,(14,30)),((((15,(4,8)),(2,(18,21))),(22,((10,29),(9,5)))),(20,(24,(11,19)))));

STEP 11 [NNI_IncrementalHeuristic_MS -> NNI_Substep_11] - Distance: 103.0000
(((28,(14,30)),((7,(12,23)),(25,(13,27)))),((17,(1,3)),((6,16),26)),((((15,(4,8)),(2,(18,21))),(22,((10,29),(9,5)))),(20,(24,(11,19)))));

STEP 12 [NNI_IncrementalHeuristic_MS -> NNI_Substep_12] - Distance: 102.0000
(((28,(14,30)),((7,(12,23)),(25,(13,27)))),((17,((6,16),26)),(1,3)),((((15,(4,8)),(2,(18,21))),(22,((10,29),(9,5)))),(20,(24,(11,19)))));

STEP 13 [NNI_IncrementalHeuristic_MS -> NNI_Substep_13] - Distance: 99.0000
(((28,(14,30)),((7,(12,23)),(25,(13,27)))),(((6,16),(17,26)),(1,3)),((((15,(4,8)),(2,(18,21))),(22,((10,29),(9,5)))),(20,(24,(11,19)))));

STEP 14 [NNI_IncrementalHeuristic_MS -> NNI_Substep_14] - Distance: 98.0000
(((28,(14,30)),((7,(12,23)),(25,(13,27)))),(1,(((6,16),(17,26)),3)),((((15,(4,8)),(2,(18,21))),(22,((10,29),(9,5)))),(20,(24,(11,19)))));

STEP 15 [NNI_IncrementalHeuristic_MS -> NNI_Substep_15] - Distance: 97.0000
(((28,(14,30)),((7,(12,23)),(25,(13,27)))),(1,(((6,16),(17,26)),3)),((((15,(4,8)),(2,(18,21))),(22,((10,29),(9,5)))),((11,19),(24,20))));

STEP 16 [2sECR_IncrementalHeuristic_MS -> NNI_Substep_1] - Distance: 97.0000
(((28,(14,30)),((7,(12,23)),(25,(13,27)))),(1,(((6,16),(17,26)),3)),((((15,(4,8)),(18,(2,21))),(22,((10,29),(9,5)))),((11,19),(24,20))));

STEP 17 [2sECR_IncrementalHeuristic_MS -> NNI_Substep_2] - Distance: 96.0000
(((28,(14,30)),((7,(12,23)),(25,(13,27)))),(1,(((6,16),(17,26)),3)),(((((15,(4,8)),18),(2,21)),(22,((10,29),(9,5)))),((11,19),(24,20))));

STEP 18 [2sECR_IncrementalHeuristic_MS -> NNI_Substep_3] - Distance: 95.0000
(((28,(14,30)),((7,(12,23)),(25,(13,27)))),(1,(((6,16),(17,26)),3)),(((((4,8),(18,15)),(2,21)),(22,((10,29),(9,5)))),((11,19),(24,20))));

STEP 19 [2sECR_IncrementalHeuristic_MS -> NNI_Substep_4] - Distance: 96.0000
(((28,(14,30)),((7,(12,23)),(25,(13,27)))),(1,(((6,16),(17,26)),3)),(((((4,8),(18,15)),(2,21)),(22,(10,((9,5),29)))),((11,19),(24,20))));

STEP 20 [2sECR_IncrementalHeuristic_MS -> NNI_Substep_5] - Distance: 94.0000
(((28,(14,30)),((7,(12,23)),(25,(13,27)))),(1,(((6,16),(17,26)),3)),(((((4,8),(18,15)),(2,21)),((22,10),((9,5),29))),((11,19),(24,20))));

STEP 21 [3sECR_IncrementalHeuristic_MS -> NNI_Substep_1] - Distance: 97.0000
(((28,(14,30)),((7,(12,23)),(25,(13,27)))),(1,(((6,16),(17,26)),3)),(((22,10),((9,5),29)),((((4,8),(18,15)),(2,21)),((11,19),(24,20)))));

STEP 22 [3sECR_IncrementalHeuristic_MS -> NNI_Substep_2] - Distance: 99.0000
(((28,(14,30)),((7,(12,23)),(25,(13,27)))),(1,(((6,16),(17,26)),3)),(((22,10),((9,5),29)),(((4,8),(18,15)),((2,21),((11,19),(24,20))))));

STEP 23 [3sECR_IncrementalHeuristic_MS -> NNI_Substep_3] - Distance: 99.0000
(((28,(14,30)),((7,(12,23)),(25,(13,27)))),(1,(((6,16),(17,26)),3)),(((22,10),((9,5),29)),(((4,8),(18,15)),(((2,21),(24,20)),(11,19)))));

STEP 24 [3sECR_IncrementalHeuristic_MS -> NNI_Substep_4] - Distance: 95.0000
(((28,(14,30)),((7,(12,23)),(25,(13,27)))),(1,(((6,16),(17,26)),3)),(((22,10),((9,5),29)),((((4,8),(18,15)),(11,19)),((2,21),(24,20)))));

STEP 25 [3sECR_IncrementalHeuristic_MS -> NNI_Substep_5] - Distance: 90.0000
(((28,(14,30)),((7,(12,23)),(25,(13,27)))),(1,(((6,16),(17,26)),3)),((((22,10),((9,5),29)),(((4,8),(18,15)),(11,19))),((2,21),(24,20))));

STEP 26 [3sECR_IncrementalHeuristic_MS -> NNI_Substep_6] - Distance: 92.0000
(((28,(14,30)),(((7,(12,23)),(13,27)),25)),(1,(((6,16),(17,26)),3)),((((22,10),((9,5),29)),(((4,8),(18,15)),(11,19))),((2,21),(24,20))));

STEP 27 [3sECR_IncrementalHeuristic_MS -> NNI_Substep_7] - Distance: 90.0000
(((28,(14,30)),(((7,(13,27)),(12,23)),25)),(1,(((6,16),(17,26)),3)),((((22,10),((9,5),29)),(((4,8),(18,15)),(11,19))),((2,21),(24,20))));

STEP 28 [3sECR_IncrementalHeuristic_MS -> NNI_Substep_8] - Distance: 86.0000
((((28,(14,30)),25),((7,(13,27)),(12,23))),(1,(((6,16),(17,26)),3)),((((22,10),((9,5),29)),(((4,8),(18,15)),(11,19))),((2,21),(24,20))));

STEP 29 [3sECR_IncrementalHeuristic_MS -> NNI_Substep_9] - Distance: 86.0000
((((7,(13,27)),(12,23)),(25,((28,14),30))),(1,(((6,16),(17,26)),3)),((((22,10),((9,5),29)),(((4,8),(18,15)),(11,19))),((2,21),(24,20))));

STEP 30 [3sECR_IncrementalHeuristic_MS -> NNI_Substep_10] - Distance: 83.0000
((((7,(13,27)),(12,23)),((25,30),(28,14))),(1,(((6,16),(17,26)),3)),((((22,10),((9,5),29)),(((4,8),(18,15)),(11,19))),((2,21),(24,20))));

STEP 31 [3sECR_IncrementalHeuristic_MS -> NNI_Substep_11] - Distance: 85.0000
(((12,23),((7,(13,27)),((25,30),(28,14)))),(1,(((6,16),(17,26)),3)),((((22,10),((9,5),29)),(((4,8),(18,15)),(11,19))),((2,21),(24,20))));

STEP 32 [3sECR_IncrementalHeuristic_MS -> NNI_Substep_12] - Distance: 86.0000
(((12,23),(7,((13,27),((25,30),(28,14))))),(1,(((6,16),(17,26)),3)),((((22,10),((9,5),29)),(((4,8),(18,15)),(11,19))),((2,21),(24,20))));

STEP 33 [3sECR_IncrementalHeuristic_MS -> NNI_Substep_13] - Distance: 86.0000
(((12,23),(7,(((13,27),(28,14)),(25,30)))),(1,(((6,16),(17,26)),3)),((((22,10),((9,5),29)),(((4,8),(18,15)),(11,19))),((2,21),(24,20))));

STEP 34 [3sECR_IncrementalHeuristic_MS -> NNI_Substep_14] - Distance: 83.0000
(((12,23),((7,(25,30)),((13,27),(28,14)))),(1,(((6,16),(17,26)),3)),((((22,10),((9,5),29)),(((4,8),(18,15)),(11,19))),((2,21),(24,20))));

STEP 35 [3sECR_IncrementalHeuristic_MS -> NNI_Substep_15] - Distance: 80.0000
((((12,23),((13,27),(28,14))),(7,(25,30))),(1,(((6,16),(17,26)),3)),((((22,10),((9,5),29)),(((4,8),(18,15)),(11,19))),((2,21),(24,20))));

STEP 36 [3sECR_IncrementalHeuristic_MS -> NNI_Substep_16] - Distance: 82.0000
((((12,23),((13,27),(28,14))),(7,(25,30))),(1,(((6,16),(17,26)),3)),(((2,21),(24,20)),((((4,8),(18,15)),(11,19)),((((9,5),29),22),10))));

STEP 37 [3sECR_IncrementalHeuristic_MS -> NNI_Substep_17] - Distance: 85.0000
((((12,23),((13,27),(28,14))),(7,(25,30))),(1,(((6,16),(17,26)),3)),(((2,21),(24,20)),(((((4,8),(18,15)),(11,19)),(((9,5),29),22)),10)));

STEP 38 [3sECR_IncrementalHeuristic_MS -> NNI_Substep_18] - Distance: 79.0000
((((12,23),((13,27),(28,14))),(7,(25,30))),(1,(((6,16),(17,26)),3)),((((2,21),(24,20)),10),((((4,8),(18,15)),(11,19)),(((9,5),29),22))));

STEP 39 [3sECR_IncrementalHeuristic_MS -> NNI_Substep_19] - Distance: 80.0000
((((12,23),((13,27),(28,14))),(7,(25,30))),(1,(((6,16),(17,26)),3)),((10,(2,(21,(24,20)))),((((4,8),(18,15)),(11,19)),(((9,5),29),22))));

STEP 40 [3sECR_IncrementalHeuristic_MS -> NNI_Substep_20] - Distance: 80.0000
((((12,23),((13,27),(28,14))),(7,(25,30))),(1,(((6,16),(17,26)),3)),((10,(2,((21,24),20))),((((4,8),(18,15)),(11,19)),(((9,5),29),22))));

STEP 41 [3sECR_IncrementalHeuristic_MS -> NNI_Substep_21] - Distance: 79.0000
((((12,23),((13,27),(28,14))),(7,(25,30))),(1,(((6,16),(17,26)),3)),((10,((2,20),(21,24))),((((4,8),(18,15)),(11,19)),(((9,5),29),22))));

STEP 42 [3sECR_IncrementalHeuristic_MS -> NNI_Substep_22] - Distance: 76.0000
((((12,23),((13,27),(28,14))),(7,(25,30))),(1,(((6,16),(17,26)),3)),(((10,(2,20)),(21,24)),((((4,8),(18,15)),(11,19)),(((9,5),29),22))));

STEP 43 [3sECR_IncrementalHeuristic_MS -> NNI_Substep_23] - Distance: 76.0000
((((12,23),((13,27),(28,14))),(7,(25,30))),(1,(((6,16),(17,26)),3)),(((10,(2,20)),(21,24)),((((4,8),(18,15)),(11,19)),(22,((29,5),9)))));

STEP 44 [3sECR_IncrementalHeuristic_MS -> NNI_Substep_24] - Distance: 75.0000
((((12,23),((13,27),(28,14))),(7,(25,30))),(1,(((6,16),(17,26)),3)),(((10,(2,20)),(21,24)),((((4,8),(18,15)),(11,19)),((22,9),(29,5)))));

STEP 45 [3sECR_IncrementalHeuristic_MS -> NNI_Substep_25] - Distance: 76.0000
((((12,23),((13,27),(28,14))),(7,(25,30))),(1,(((6,16),(17,26)),3)),(((10,(2,20)),(21,24)),(((22,9),(29,5)),((11,19),(((4,8),18),15)))));

STEP 46 [3sECR_IncrementalHeuristic_MS -> NNI_Substep_26] - Distance: 77.0000
((((12,23),((13,27),(28,14))),(7,(25,30))),(1,(((6,16),(17,26)),3)),(((10,(2,20)),(21,24)),(((22,9),(29,5)),(((11,19),((4,8),18)),15))));

STEP 47 [3sECR_IncrementalHeuristic_MS -> NNI_Substep_27] - Distance: 74.0000
((((12,23),((13,27),(28,14))),(7,(25,30))),(1,(((6,16),(17,26)),3)),(((10,(2,20)),(21,24)),((((22,9),(29,5)),15),((11,19),((4,8),18)))));

STEP 48 [3sECR_IncrementalHeuristic_MS -> NNI_Substep_28] - Distance: 75.0000
((((12,23),((13,27),(28,14))),(7,(25,30))),(1,(((6,16),(17,26)),3)),(((10,(2,20)),(21,24)),((15,(22,(9,(29,5)))),((11,19),((4,8),18)))));

STEP 49 [3sECR_IncrementalHeuristic_MS -> NNI_Substep_29] - Distance: 71.0000
((((12,23),((13,27),(28,14))),(7,(25,30))),(1,(((6,16),(17,26)),3)),(((10,(2,20)),(21,24)),(((15,22),(9,(29,5))),((11,19),((4,8),18)))));

STEP 50 [3sECR_IncrementalHeuristic_MS -> NNI_Substep_30] - Distance: 72.0000
((((12,23),((13,27),(28,14))),(7,(25,30))),(1,(((6,16),(17,26)),3)),(((10,(2,20)),(21,24)),(((11,19),((4,8),18)),(((15,22),(29,5)),9))));

STEP 51 [3sECR_IncrementalHeuristic_MS -> NNI_Substep_31] - Distance: 74.0000
((((12,23),((13,27),(28,14))),(7,(25,30))),(1,(((6,16),(17,26)),3)),(((10,(2,20)),(21,24)),((((11,19),((4,8),18)),((15,22),(29,5))),9)));

STEP 52 [3sECR_IncrementalHeuristic_MS -> NNI_Substep_32] - Distance: 70.0000
((((12,23),((13,27),(28,14))),(7,(25,30))),(1,(((6,16),(17,26)),3)),((((10,(2,20)),(21,24)),9),(((11,19),((4,8),18)),((15,22),(29,5)))));

STEP 53 [3sECR_IncrementalHeuristic_MS -> NNI_Substep_33] - Distance: 68.0000
((((12,23),((13,27),(28,14))),(7,(25,30))),(1,(((6,16),(17,26)),3)),(((9,(21,24)),(10,(2,20))),(((11,19),((4,8),18)),((15,22),(29,5)))));

STEP 54 [2sECR_IncrementalHeuristic_MS -> NNI_Substep_1] - Distance: 69.0000
(((12,23),((13,27),(28,14))),(1,(((6,16),(17,26)),3)),((7,(25,30)),(((9,(21,24)),(10,(2,20))),(((11,19),((4,8),18)),((15,22),(29,5))))));

STEP 55 [2sECR_IncrementalHeuristic_MS -> NNI_Substep_2] - Distance: 64.0000
(((12,23),((13,27),(28,14))),(1,(((6,16),(17,26)),3)),(((9,(21,24)),(10,(2,20))),((7,(25,30)),(((11,19),((4,8),18)),((15,22),(29,5))))));

STEP 56 [2sECR_IncrementalHeuristic_MS -> NNI_Substep_3] - Distance: 60.0000
((((12,23),((13,27),(28,14))),((9,(21,24)),(10,(2,20)))),(1,(((6,16),(17,26)),3)),((7,(25,30)),(((11,19),((4,8),18)),((15,22),(29,5)))));

STEP 57 [2sECR_IncrementalHeuristic_MS -> NNI_Substep_4] - Distance: 61.0000
(((9,(21,24)),(((12,23),((13,27),(28,14))),(10,(2,20)))),(1,(((6,16),(17,26)),3)),((7,(25,30)),(((11,19),((4,8),18)),((15,22),(29,5)))));

STEP 58 [2sECR_IncrementalHeuristic_MS -> NNI_Substep_5] - Distance: 58.0000
((((12,23),((13,27),(28,14))),(10,(2,20))),((1,(((6,16),(17,26)),3)),(9,(21,24))),((7,(25,30)),(((11,19),((4,8),18)),((15,22),(29,5)))));

STEP 59 [2sECR_IncrementalHeuristic_MS -> NNI_Substep_6] - Distance: 55.0000
((((12,23),((13,27),(28,14))),(10,(2,20))),((((6,16),(17,26)),(1,3)),(9,(21,24))),((7,(25,30)),(((11,19),((4,8),18)),((15,22),(29,5)))));

STEP 60 [2sECR_IncrementalHeuristic_MS -> NNI_Substep_7] - Distance: 52.0000
((((12,23),((13,27),(28,14))),(10,(2,20))),((1,3),((9,(21,24)),((6,16),(17,26)))),((7,(25,30)),(((11,19),((4,8),18)),((15,22),(29,5)))));

STEP 61 [2sECR_IncrementalHeuristic_MS -> NNI_Substep_8] - Distance: 50.0000
((((12,23),((13,27),(28,14))),(2,(10,20))),((1,3),((9,(21,24)),((6,16),(17,26)))),((7,(25,30)),(((11,19),((4,8),18)),((15,22),(29,5)))));

STEP 62 [3sECR_IncrementalHeuristic_MS -> NNI_Substep_1] - Distance: 51.0000
(((2,(10,20)),((12,23),(((13,27),14),28))),((1,3),((9,(21,24)),((6,16),(17,26)))),((7,(25,30)),(((11,19),((4,8),18)),((15,22),(29,5)))));

STEP 63 [3sECR_IncrementalHeuristic_MS -> NNI_Substep_2] - Distance: 52.0000
(((2,(10,20)),(((12,23),((13,27),14)),28)),((1,3),((9,(21,24)),((6,16),(17,26)))),((7,(25,30)),(((11,19),((4,8),18)),((15,22),(29,5)))));

STEP 64 [3sECR_IncrementalHeuristic_MS -> NNI_Substep_3] - Distance: 48.0000
((((2,(10,20)),28),((12,23),((13,27),14))),((1,3),((9,(21,24)),((6,16),(17,26)))),((7,(25,30)),(((11,19),((4,8),18)),((15,22),(29,5)))));

STEP 65 [3sECR_IncrementalHeuristic_MS -> NNI_Substep_4] - Distance: 46.0000
((((12,23),((13,27),14)),((28,(10,20)),2)),((1,3),((9,(21,24)),((6,16),(17,26)))),((7,(25,30)),(((11,19),((4,8),18)),((15,22),(29,5)))));

STEP 66 [3sECR_IncrementalHeuristic_MS -> NNI_Substep_5] - Distance: 44.0000
((((12,23),((13,27),14)),(((28,20),10),2)),((1,3),((9,(21,24)),((6,16),(17,26)))),((7,(25,30)),(((11,19),((4,8),18)),((15,22),(29,5)))));

STEP 67 [3sECR_IncrementalHeuristic_MS -> NNI_Substep_6] - Distance: 44.0000
((((12,23),((13,27),14)),(((28,20),10),2)),((1,3),(((6,16),(17,26)),((9,21),24))),((7,(25,30)),(((11,19),((4,8),18)),((15,22),(29,5)))));

STEP 68 [3sECR_IncrementalHeuristic_MS -> NNI_Substep_7] - Distance: 47.0000
((((12,23),((13,27),14)),(((28,20),10),2)),((1,3),((((6,16),(17,26)),(9,21)),24)),((7,(25,30)),(((11,19),((4,8),18)),((15,22),(29,5)))));

STEP 69 [3sECR_IncrementalHeuristic_MS -> NNI_Substep_8] - Distance: 43.0000
((((12,23),((13,27),14)),(((28,20),10),2)),(((1,3),24),(((6,16),(17,26)),(9,21))),((7,(25,30)),(((11,19),((4,8),18)),((15,22),(29,5)))));

STEP 70 [2sECR_IncrementalHeuristic_MS -> NNI_Substep_1] - Distance: 48.0000
((((12,23),((13,27),14)),(((28,20),10),2)),((1,3),24),((((6,16),(17,26)),(9,21)),((7,(25,30)),(((11,19),((4,8),18)),((15,22),(29,5))))));

STEP 71 [2sECR_IncrementalHeuristic_MS -> NNI_Substep_2] - Distance: 47.0000
((((12,23),((13,27),14)),(((28,20),10),2)),((1,3),24),((((11,19),((4,8),18)),((15,22),(29,5))),((((6,16),(17,26)),(9,21)),(7,(25,30)))));

STEP 72 [2sECR_IncrementalHeuristic_MS -> NNI_Substep_3] - Distance: 41.0000
((((12,23),((13,27),14)),(((28,20),10),2)),(((1,3),24),(((11,19),((4,8),18)),((15,22),(29,5)))),((((6,16),(17,26)),(9,21)),(7,(25,30))));

STEP 73 [3sECR_IncrementalHeuristic_MS -> NNI_Substep_1] - Distance: 47.0000
((((12,23),((13,27),14)),(((28,20),10),2)),(((1,3),(((15,22),(29,5)),((11,19),((4,8),18)))),24),((((6,16),(17,26)),(9,21)),(7,(25,30))));

STEP 74 [3sECR_IncrementalHeuristic_MS -> NNI_Substep_2] - Distance: 43.0000
((((12,23),((13,27),14)),(((28,20),10),2)),((((1,3),((11,19),((4,8),18))),((15,22),(29,5))),24),((((6,16),(17,26)),(9,21)),(7,(25,30))));

STEP 75 [3sECR_IncrementalHeuristic_MS -> NNI_Substep_3] - Distance: 40.0000
((((12,23),((13,27),14)),(((28,20),10),2)),(((((1,3),(11,19)),((4,8),18)),((15,22),(29,5))),24),((((6,16),(17,26)),(9,21)),(7,(25,30))));

STEP 76 [Heur. uSPR MS -> NNI_Substep_1] - Distance: 40.0000
((((12,23),((13,27),14)),(((28,20),10),2)),(((((1,3),(11,19)),((8,18),4)),((15,22),(29,5))),24),((((6,16),(17,26)),(9,21)),(7,(25,30))));

STEP 77 [Heur. uSPR MS -> NNI_Substep_2] - Distance: 43.0000
((((12,23),((13,27),14)),(((28,20),10),2)),((((((1,3),(11,19)),(8,18)),4),((15,22),(29,5))),24),((((6,16),(17,26)),(9,21)),(7,(25,30))));

STEP 78 [Heur. uSPR MS -> NNI_Substep_3] - Distance: 46.0000
((((12,23),((13,27),14)),(((28,20),10),2)),((((((1,3),(11,19)),(8,18)),((15,22),(29,5))),4),24),((((6,16),(17,26)),(9,21)),(7,(25,30))));

STEP 79 [Heur. uSPR MS -> NNI_Substep_4] - Distance: 46.0000
((((12,23),((13,27),14)),(((28,20),10),2)),((((((1,3),(11,19)),(8,18)),((15,22),(29,5))),24),4),((((6,16),(17,26)),(9,21)),(7,(25,30))));

STEP 80 [Heur. uSPR MS -> NNI_Substep_5] - Distance: 40.0000
((((12,23),((13,27),14)),(((28,20),10),2)),(((((1,3),(11,19)),(8,18)),((15,22),(29,5))),24),(((((6,16),(17,26)),(9,21)),(7,(25,30))),4));

STEP 81 [Heur. uSPR MS -> NNI_Substep_6] - Distance: 36.0000
((((12,23),((13,27),14)),(((28,20),10),2)),(((((1,3),(11,19)),(8,18)),((15,22),(29,5))),24),(((((6,16),(17,26)),(9,21)),4),(7,(25,30))));

STEP 82 [Heur. uSPR MS -> NNI_Substep_7] - Distance: 33.0000
((((12,23),((13,27),14)),(((28,20),10),2)),(((((1,3),(11,19)),(8,18)),((15,22),(29,5))),24),(((((6,16),(17,26)),4),(9,21)),(7,(25,30))));

STEP 83 [Heur. uSPR MS -> NNI_Substep_8] - Distance: 30.0000
((((12,23),((13,27),14)),(((28,20),10),2)),(((((1,3),(11,19)),(8,18)),((15,22),(29,5))),24),(((((6,16),4),(17,26)),(9,21)),(7,(25,30))));

STEP 84 [Heur. uSPR MS -> NNI_Substep_9] - Distance: 31.0000
((((12,23),((13,27),14)),(((28,20),10),2)),(((((1,(11,19)),3),(8,18)),((15,22),(29,5))),24),(((((6,16),4),(17,26)),(9,21)),(7,(25,30))));

STEP 85 [Heur. uSPR MS -> NNI_Substep_10] - Distance: 32.0000
((((12,23),((13,27),14)),(((28,20),10),2)),(((((1,(11,19)),(8,18)),3),((15,22),(29,5))),24),(((((6,16),4),(17,26)),(9,21)),(7,(25,30))));

STEP 86 [Heur. uSPR MS -> NNI_Substep_11] - Distance: 35.0000
((((12,23),((13,27),14)),(((28,20),10),2)),(((((1,(11,19)),(8,18)),((15,22),(29,5))),3),24),(((((6,16),4),(17,26)),(9,21)),(7,(25,30))));

STEP 87 [Heur. uSPR MS -> NNI_Substep_12] - Distance: 35.0000
((((12,23),((13,27),14)),(((28,20),10),2)),(((((1,(11,19)),(8,18)),((15,22),(29,5))),24),3),(((((6,16),4),(17,26)),(9,21)),(7,(25,30))));

STEP 88 [Heur. uSPR MS -> NNI_Substep_13] - Distance: 32.0000
(((((12,23),((13,27),14)),(((28,20),10),2)),3),((((1,(11,19)),(8,18)),((15,22),(29,5))),24),(((((6,16),4),(17,26)),(9,21)),(7,(25,30))));

STEP 89 [Heur. uSPR MS -> NNI_Substep_14] - Distance: 27.0000
(((((12,23),((13,27),14)),3),(((28,20),10),2)),((((1,(11,19)),(8,18)),((15,22),(29,5))),24),(((((6,16),4),(17,26)),(9,21)),(7,(25,30))));

STEP 90 [Heur. uSPR MS -> NNI_Substep_15] - Distance: 24.0000
((((12,23),(((13,27),14),3)),(((28,20),10),2)),((((1,(11,19)),(8,18)),((15,22),(29,5))),24),(((((6,16),4),(17,26)),(9,21)),(7,(25,30))));

STEP 91 [Heur. uSPR MS -> NNI_Substep_16] - Distance: 21.0000
((((12,23),((13,27),(14,3))),(((28,20),10),2)),((((1,(11,19)),(8,18)),((15,22),(29,5))),24),(((((6,16),4),(17,26)),(9,21)),(7,(25,30))));

STEP 92 [Heur. uSPR MS -> NNI_Substep_17] - Distance: 24.0000
((((12,((13,27),(14,3))),23),(((28,20),10),2)),((((1,(11,19)),(8,18)),((15,22),(29,5))),24),(((((6,16),4),(17,26)),(9,21)),(7,(25,30))));

STEP 93 [Heur. uSPR MS -> NNI_Substep_18] - Distance: 27.0000
((((12,((13,27),(14,3))),(((28,20),10),2)),23),((((1,(11,19)),(8,18)),((15,22),(29,5))),24),(((((6,16),4),(17,26)),(9,21)),(7,(25,30))));

STEP 94 [Heur. uSPR MS -> NNI_Substep_19] - Distance: 26.0000
(((12,((13,27),(14,3))),(((28,20),10),2)),((((1,(11,19)),(8,18)),((15,22),(29,5))),24),((((((6,16),4),(17,26)),(9,21)),(7,(25,30))),23));

STEP 95 [Heur. uSPR MS -> NNI_Substep_20] - Distance: 22.0000
(((12,((13,27),(14,3))),(((28,20),10),2)),((((1,(11,19)),(8,18)),((15,22),(29,5))),24),((((((6,16),4),(17,26)),(9,21)),23),(7,(25,30))));

STEP 96 [Heur. uSPR MS -> NNI_Substep_21] - Distance: 16.0000
(((12,((13,27),(14,3))),(((28,20),10),2)),((((1,(11,19)),(8,18)),((15,22),(29,5))),24),(((((6,16),4),(17,26)),((9,21),23)),(7,(25,30))));

STEP 97 [Heur. uSPR MS -> NNI_Substep_22] - Distance: 14.0000
(((12,((13,27),(14,3))),(((28,20),10),2)),((((1,(11,19)),(8,18)),((15,22),(29,5))),24),(((((6,16),4),(17,26)),(9,(21,23))),(7,(25,30))));

STEP 98 [Heur. uSPR MS -> NNI_Substep_23] - Distance: 14.0000
(((12,((13,27),(14,3))),(((28,20),10),2)),(((((1,11),19),(8,18)),((15,22),(29,5))),24),(((((6,16),4),(17,26)),(9,(21,23))),(7,(25,30))));

STEP 99 [Heur. uSPR MS -> NNI_Substep_24] - Distance: 15.0000
(((12,((13,27),(14,3))),(((28,20),10),2)),(((((1,11),(8,18)),19),((15,22),(29,5))),24),(((((6,16),4),(17,26)),(9,(21,23))),(7,(25,30))));

STEP 100 [Heur. uSPR MS -> NNI_Substep_25] - Distance: 18.0000
(((12,((13,27),(14,3))),(((28,20),10),2)),(((((1,11),(8,18)),((15,22),(29,5))),19),24),(((((6,16),4),(17,26)),(9,(21,23))),(7,(25,30))));

STEP 101 [Heur. uSPR MS -> NNI_Substep_26] - Distance: 18.0000
(((12,((13,27),(14,3))),(((28,20),10),2)),(((((1,11),(8,18)),((15,22),(29,5))),24),19),(((((6,16),4),(17,26)),(9,(21,23))),(7,(25,30))));

STEP 102 [Heur. uSPR MS -> NNI_Substep_27] - Distance: 16.0000
((((12,((13,27),(14,3))),(((28,20),10),2)),19),((((1,11),(8,18)),((15,22),(29,5))),24),(((((6,16),4),(17,26)),(9,(21,23))),(7,(25,30))));

STEP 103 [Heur. uSPR MS -> NNI_Substep_28] - Distance: 11.0000
((((12,((13,27),(14,3))),19),(((28,20),10),2)),((((1,11),(8,18)),((15,22),(29,5))),24),(((((6,16),4),(17,26)),(9,(21,23))),(7,(25,30))));

STEP 104 [Heur. uSPR MS -> NNI_Substep_29] - Distance: 6.0000
((((12,19),((13,27),(14,3))),(((28,20),10),2)),((((1,11),(8,18)),((15,22),(29,5))),24),(((((6,16),4),(17,26)),(9,(21,23))),(7,(25,30))));

STEP 105 [Heur. uSPR MS -> NNI_Substep_30] - Distance: 12.0000
((((12,19),((13,27),(14,3))),(((28,20),10),2)),((((1,11),(8,18)),((15,22),(29,5))),24),((((((6,16),4),(17,26)),(9,(21,23))),7),(25,30)));

STEP 106 [Heur. uSPR MS -> NNI_Substep_31] - Distance: 10.0000
((((12,19),((13,27),(14,3))),(((28,20),10),2)),(((((1,11),(8,18)),((15,22),(29,5))),24),(25,30)),(((((6,16),4),(17,26)),(9,(21,23))),7));

STEP 107 [Heur. uSPR MS -> NNI_Substep_32] - Distance: 0.0000
((((12,19),((13,27),(14,3))),(((28,20),10),2)),((((1,11),(8,18)),((15,22),(29,5))),(24,(25,30))),(((((6,16),4),(17,26)),(9,(21,23))),7));

========================================================
[FINAL] Total Steps: 107 | Final Distance: 0.0000
========================================================
