========================================================
HEURISTIC TRAJECTORY: VND Classic (MP_RF)
========================================================
STEP 0 [START] - Distance: 317.0000
((((24,(4,((2,26),(1,17)))),((25,(11,18)),(9,29))),(((19,(20,(5,(15,(30,28))))),(16,(13,(12,8)))),(23,14))),((10,(27,(7,(3,21)))),(6,22)));

STEP 1 [NNI_ClassicHeuristic_MP_RF -> NNI_Substep_1] - Distance: 281.0000
((((19,(20,(5,(15,(30,28))))),(16,(13,(12,8)))),(((10,(27,(7,(3,21)))),(6,22)),(23,14))),((24,(4,((2,26),(1,17)))),((25,(11,18)),(9,29))));

STEP 2 [NNI_ClassicHeuristic_MP_RF -> NNI_Substep_2] - Distance: 279.0000
((((19,(20,(5,(15,(30,28))))),(16,(13,(12,8)))),(14,(23,((10,(27,(7,(3,21)))),(6,22))))),((24,(4,((2,26),(1,17)))),((25,(11,18)),(9,29))));

STEP 3 [NNI_ClassicHeuristic_MP_RF -> NNI_Substep_3] - Distance: 278.0000
(((((16,(13,(12,8))),(20,(5,(15,(30,28))))),19),(14,(23,((10,(27,(7,(3,21)))),(6,22))))),((24,(4,((2,26),(1,17)))),((25,(11,18)),(9,29))));

STEP 4 [NNI_ClassicHeuristic_MP_RF -> NNI_Substep_4] - Distance: 277.0000
((((20,((16,(13,(12,8))),(5,(15,(30,28))))),19),(14,(23,((10,(27,(7,(3,21)))),(6,22))))),((24,(4,((2,26),(1,17)))),((25,(11,18)),(9,29))));

STEP 5 [NNI_ClassicHeuristic_MP_RF -> NNI_Substep_5] - Distance: 276.0000
((((20,(5,((16,(13,(12,8))),(15,(30,28))))),19),(14,(23,((10,(27,(7,(3,21)))),(6,22))))),((24,(4,((2,26),(1,17)))),((25,(11,18)),(9,29))));

STEP 6 [NNI_ClassicHeuristic_MP_RF -> NNI_Substep_6] - Distance: 275.0000
((((20,(5,((16,(13,(12,8))),(15,(30,28))))),19),(14,(23,((10,(6,22)),(27,(7,(3,21))))))),((24,(4,((2,26),(1,17)))),((25,(11,18)),(9,29))));

STEP 7 [NNI_ClassicHeuristic_MP_RF -> NNI_Substep_7] - Distance: 274.0000
((((20,(5,((16,(13,(12,8))),(15,(30,28))))),19),(14,((27,(7,(3,21))),((10,(6,22)),23)))),((24,(4,((2,26),(1,17)))),((25,(11,18)),(9,29))));

STEP 8 [NNI_ClassicHeuristic_MP_RF -> NNI_Substep_8] - Distance: 273.0000
((((20,(5,((16,(13,(12,8))),(15,(30,28))))),19),(14,((27,(7,(3,21))),((10,(6,22)),23)))),((24,(4,((2,26),(1,17)))),((18,(11,25)),(9,29))));

STEP 9 [NNI_ClassicHeuristic_MP_RF -> NNI_Substep_9] - Distance: 271.0000
((((20,(5,((16,(13,(12,8))),(15,(30,28))))),19),(14,((27,(7,(3,21))),((10,(6,22)),23)))),((24,(4,((2,26),(1,17)))),(((9,29),(11,25)),18)));

STEP 10 [NNI_ClassicHeuristic_MP_RF -> NNI_Substep_10] - Distance: 270.0000
((((20,(5,((16,(13,(12,8))),(15,(30,28))))),19),(14,((27,(7,(3,21))),((10,(6,22)),23)))),(((9,29),(11,25)),((24,(4,((2,26),(1,17)))),18)));

STEP 11 [SPR_ClassicHeuristic_MP_RF -> NNI_Substep_1] - Distance: 271.0000
((((20,(5,((16,(13,(12,8))),(15,(30,28))))),19),(14,(((27,(3,21)),7),((10,(6,22)),23)))),(((9,29),(11,25)),((24,(4,((2,26),(1,17)))),18)));

STEP 12 [SPR_ClassicHeuristic_MP_RF -> NNI_Substep_2] - Distance: 271.0000
((((20,(5,((16,(13,(12,8))),(15,(30,28))))),19),(14,(((27,(3,21)),((10,(6,22)),23)),7))),(((9,29),(11,25)),((24,(4,((2,26),(1,17)))),18)));

STEP 13 [SPR_ClassicHeuristic_MP_RF -> NNI_Substep_3] - Distance: 271.0000
((((20,(5,((16,(13,(12,8))),(15,(30,28))))),19),((14,((27,(3,21)),((10,(6,22)),23))),7)),(((9,29),(11,25)),((24,(4,((2,26),(1,17)))),18)));

STEP 14 [SPR_ClassicHeuristic_MP_RF -> NNI_Substep_4] - Distance: 270.0000
(((((20,(5,((16,(13,(12,8))),(15,(30,28))))),19),(14,((27,(3,21)),((10,(6,22)),23)))),7),(((9,29),(11,25)),((24,(4,((2,26),(1,17)))),18)));

STEP 15 [SPR_ClassicHeuristic_MP_RF -> NNI_Substep_5] - Distance: 260.0000
((((20,(5,((16,(13,(12,8))),(15,(30,28))))),19),(14,((27,(3,21)),((10,(6,22)),23)))),((((9,29),(11,25)),7),((24,(4,((2,26),(1,17)))),18)));

STEP 16 [SPR_ClassicHeuristic_MP_RF -> NNI_Substep_6] - Distance: 258.0000
((((20,(5,((16,(13,(12,8))),(15,(30,28))))),19),(14,((27,(3,21)),((10,(6,22)),23)))),(((9,29),((11,25),7)),((24,(4,((2,26),(1,17)))),18)));

STEP 17 [SPR_ClassicHeuristic_MP_RF -> NNI_Substep_7] - Distance: 257.0000
((((20,(5,((16,(13,(12,8))),(15,(30,28))))),19),(14,((27,(3,21)),((10,(6,22)),23)))),(((9,29),((11,7),25)),((24,(4,((2,26),(1,17)))),18)));

STEP 18 [SPR_ClassicHeuristic_MP_RF -> NNI_Substep_8] - Distance: 257.0000
((((20,(5,((16,(13,(12,8))),((15,30),28)))),19),(14,((27,(3,21)),((10,(6,22)),23)))),(((9,29),((11,7),25)),((24,(4,((2,26),(1,17)))),18)));

STEP 19 [SPR_ClassicHeuristic_MP_RF -> NNI_Substep_9] - Distance: 257.0000
((((20,(5,(((16,(13,(12,8))),(15,30)),28))),19),(14,((27,(3,21)),((10,(6,22)),23)))),(((9,29),((11,7),25)),((24,(4,((2,26),(1,17)))),18)));

STEP 20 [SPR_ClassicHeuristic_MP_RF -> NNI_Substep_10] - Distance: 257.0000
((((20,((5,((16,(13,(12,8))),(15,30))),28)),19),(14,((27,(3,21)),((10,(6,22)),23)))),(((9,29),((11,7),25)),((24,(4,((2,26),(1,17)))),18)));

STEP 21 [SPR_ClassicHeuristic_MP_RF -> NNI_Substep_11] - Distance: 257.0000
(((((20,(5,((16,(13,(12,8))),(15,30)))),28),19),(14,((27,(3,21)),((10,(6,22)),23)))),(((9,29),((11,7),25)),((24,(4,((2,26),(1,17)))),18)));

STEP 22 [SPR_ClassicHeuristic_MP_RF -> NNI_Substep_12] - Distance: 257.0000
(((((20,(5,((16,(13,(12,8))),(15,30)))),19),28),(14,((27,(3,21)),((10,(6,22)),23)))),(((9,29),((11,7),25)),((24,(4,((2,26),(1,17)))),18)));

STEP 23 [SPR_ClassicHeuristic_MP_RF -> NNI_Substep_13] - Distance: 257.0000
(((((20,(5,((16,(13,(12,8))),(15,30)))),19),(14,((27,(3,21)),((10,(6,22)),23)))),28),(((9,29),((11,7),25)),((24,(4,((2,26),(1,17)))),18)));

STEP 24 [SPR_ClassicHeuristic_MP_RF -> NNI_Substep_14] - Distance: 247.0000
((((20,(5,((16,(13,(12,8))),(15,30)))),19),(14,((27,(3,21)),((10,(6,22)),23)))),((((9,29),((11,7),25)),28),((24,(4,((2,26),(1,17)))),18)));

STEP 25 [SPR_ClassicHeuristic_MP_RF -> NNI_Substep_15] - Distance: 244.0000
((((20,(5,((16,(13,(12,8))),(15,30)))),19),(14,((27,(3,21)),((10,(6,22)),23)))),((((9,29),28),((11,7),25)),((24,(4,((2,26),(1,17)))),18)));

STEP 26 [SPR_ClassicHeuristic_MP_RF -> NNI_Substep_16] - Distance: 243.0000
((((20,(5,((16,(13,(12,8))),(15,30)))),19),(14,((27,(3,21)),((10,(6,22)),23)))),((((9,28),29),((11,7),25)),((24,(4,((2,26),(1,17)))),18)));

STEP 27 [SPR_ClassicHeuristic_MP_RF -> NNI_Substep_17] - Distance: 243.0000
((((20,(5,(((16,(13,(12,8))),30),15))),19),(14,((27,(3,21)),((10,(6,22)),23)))),((((9,28),29),((11,7),25)),((24,(4,((2,26),(1,17)))),18)));

STEP 28 [SPR_ClassicHeuristic_MP_RF -> NNI_Substep_18] - Distance: 243.0000
((((20,((5,((16,(13,(12,8))),30)),15)),19),(14,((27,(3,21)),((10,(6,22)),23)))),((((9,28),29),((11,7),25)),((24,(4,((2,26),(1,17)))),18)));

STEP 29 [SPR_ClassicHeuristic_MP_RF -> NNI_Substep_19] - Distance: 243.0000
(((((20,(5,((16,(13,(12,8))),30))),15),19),(14,((27,(3,21)),((10,(6,22)),23)))),((((9,28),29),((11,7),25)),((24,(4,((2,26),(1,17)))),18)));

STEP 30 [SPR_ClassicHeuristic_MP_RF -> NNI_Substep_20] - Distance: 243.0000
(((((20,(5,((16,(13,(12,8))),30))),19),15),(14,((27,(3,21)),((10,(6,22)),23)))),((((9,28),29),((11,7),25)),((24,(4,((2,26),(1,17)))),18)));

STEP 31 [SPR_ClassicHeuristic_MP_RF -> NNI_Substep_21] - Distance: 243.0000
(((((20,(5,((16,(13,(12,8))),30))),19),(14,((27,(3,21)),((10,(6,22)),23)))),15),((((9,28),29),((11,7),25)),((24,(4,((2,26),(1,17)))),18)));

STEP 32 [SPR_ClassicHeuristic_MP_RF -> NNI_Substep_22] - Distance: 230.0000
((((20,(5,((16,(13,(12,8))),30))),19),(14,((27,(3,21)),((10,(6,22)),23)))),(((((9,28),29),((11,7),25)),15),((24,(4,((2,26),(1,17)))),18)));

STEP 33 [SPR_ClassicHeuristic_MP_RF -> NNI_Substep_23] - Distance: 227.0000
((((20,(5,((16,(13,(12,8))),30))),19),(14,((27,(3,21)),((10,(6,22)),23)))),(((((9,28),29),15),((11,7),25)),((24,(4,((2,26),(1,17)))),18)));

STEP 34 [SPR_ClassicHeuristic_MP_RF -> NNI_Substep_24] - Distance: 227.0000
((((20,(5,((16,(13,(12,8))),30))),(14,((27,(3,21)),((10,(6,22)),23)))),19),(((((9,28),29),15),((11,7),25)),((24,(4,((2,26),(1,17)))),18)));

STEP 35 [SPR_ClassicHeuristic_MP_RF -> NNI_Substep_25] - Distance: 215.0000
(((20,(5,((16,(13,(12,8))),30))),(14,((27,(3,21)),((10,(6,22)),23)))),((((((9,28),29),15),((11,7),25)),19),((24,(4,((2,26),(1,17)))),18)));

STEP 36 [SPR_ClassicHeuristic_MP_RF -> NNI_Substep_26] - Distance: 211.0000
(((20,(5,((16,(13,(12,8))),30))),(14,((27,(3,21)),((10,(6,22)),23)))),(((((9,28),29),15),(((11,7),25),19)),((24,(4,((2,26),(1,17)))),18)));

STEP 37 [SPR_ClassicHeuristic_MP_RF -> NNI_Substep_27] - Distance: 211.0000
(((20,(5,((16,((13,12),8)),30))),(14,((27,(3,21)),((10,(6,22)),23)))),(((((9,28),29),15),(((11,7),25),19)),((24,(4,((2,26),(1,17)))),18)));

STEP 38 [SPR_ClassicHeuristic_MP_RF -> NNI_Substep_28] - Distance: 211.0000
(((20,(5,(((16,(13,12)),8),30))),(14,((27,(3,21)),((10,(6,22)),23)))),(((((9,28),29),15),(((11,7),25),19)),((24,(4,((2,26),(1,17)))),18)));

STEP 39 [SPR_ClassicHeuristic_MP_RF -> NNI_Substep_29] - Distance: 211.0000
(((20,(5,(((16,(13,12)),30),8))),(14,((27,(3,21)),((10,(6,22)),23)))),(((((9,28),29),15),(((11,7),25),19)),((24,(4,((2,26),(1,17)))),18)));

STEP 40 [SPR_ClassicHeuristic_MP_RF -> NNI_Substep_30] - Distance: 211.0000
(((20,((5,((16,(13,12)),30)),8)),(14,((27,(3,21)),((10,(6,22)),23)))),(((((9,28),29),15),(((11,7),25),19)),((24,(4,((2,26),(1,17)))),18)));

STEP 41 [SPR_ClassicHeuristic_MP_RF -> NNI_Substep_31] - Distance: 211.0000
((((20,(5,((16,(13,12)),30))),8),(14,((27,(3,21)),((10,(6,22)),23)))),(((((9,28),29),15),(((11,7),25),19)),((24,(4,((2,26),(1,17)))),18)));

STEP 42 [SPR_ClassicHeuristic_MP_RF -> NNI_Substep_32] - Distance: 211.0000
((((20,(5,((16,(13,12)),30))),(14,((27,(3,21)),((10,(6,22)),23)))),8),(((((9,28),29),15),(((11,7),25),19)),((24,(4,((2,26),(1,17)))),18)));

STEP 43 [SPR_ClassicHeuristic_MP_RF -> NNI_Substep_33] - Distance: 197.0000
(((20,(5,((16,(13,12)),30))),(14,((27,(3,21)),((10,(6,22)),23)))),((((((9,28),29),15),(((11,7),25),19)),8),((24,(4,((2,26),(1,17)))),18)));

STEP 44 [SPR_ClassicHeuristic_MP_RF -> NNI_Substep_34] - Distance: 193.0000
(((20,(5,((16,(13,12)),30))),(14,((27,(3,21)),((10,(6,22)),23)))),(((((9,28),29),15),((((11,7),25),19),8)),((24,(4,((2,26),(1,17)))),18)));

STEP 45 [SPR_ClassicHeuristic_MP_RF -> NNI_Substep_35] - Distance: 193.0000
(((20,(5,((16,(13,12)),30))),(14,(((27,21),3),((10,(6,22)),23)))),(((((9,28),29),15),((((11,7),25),19),8)),((24,(4,((2,26),(1,17)))),18)));

STEP 46 [SPR_ClassicHeuristic_MP_RF -> NNI_Substep_36] - Distance: 193.0000
(((20,(5,((16,(13,12)),30))),(14,(((27,21),((10,(6,22)),23)),3))),(((((9,28),29),15),((((11,7),25),19),8)),((24,(4,((2,26),(1,17)))),18)));

STEP 47 [SPR_ClassicHeuristic_MP_RF -> NNI_Substep_37] - Distance: 193.0000
(((20,(5,((16,(13,12)),30))),((14,((27,21),((10,(6,22)),23))),3)),(((((9,28),29),15),((((11,7),25),19),8)),((24,(4,((2,26),(1,17)))),18)));

STEP 48 [SPR_ClassicHeuristic_MP_RF -> NNI_Substep_38] - Distance: 193.0000
((((20,(5,((16,(13,12)),30))),(14,((27,21),((10,(6,22)),23)))),3),(((((9,28),29),15),((((11,7),25),19),8)),((24,(4,((2,26),(1,17)))),18)));

STEP 49 [SPR_ClassicHeuristic_MP_RF -> NNI_Substep_39] - Distance: 176.0000
(((20,(5,((16,(13,12)),30))),(14,((27,21),((10,(6,22)),23)))),(((((9,28),29),15),((((11,7),25),19),8)),(((24,(4,((2,26),(1,17)))),18),3)));

STEP 50 [SPR_ClassicHeuristic_MP_RF -> NNI_Substep_40] - Distance: 175.0000
(((20,(5,((16,(13,12)),30))),(14,((27,21),((10,(6,22)),23)))),(((((9,28),29),15),((((11,7),25),19),8)),((24,(4,((2,26),(1,17)))),(18,3))));

STEP 51 [SPR_ClassicHeuristic_MP_RF -> NNI_Substep_41] - Distance: 175.0000
(((20,(5,((16,(13,12)),30))),(14,((27,21),((10,(6,22)),23)))),(((((9,28),29),15),((((11,7),25),19),8)),((24,(4,((2,(1,17)),26))),(18,3))));

STEP 52 [SPR_ClassicHeuristic_MP_RF -> NNI_Substep_42] - Distance: 175.0000
(((20,(5,((16,(13,12)),30))),(14,((27,21),((10,(6,22)),23)))),(((((9,28),29),15),((((11,7),25),19),8)),((24,((4,(2,(1,17))),26)),(18,3))));

STEP 53 [SPR_ClassicHeuristic_MP_RF -> NNI_Substep_43] - Distance: 175.0000
(((20,(5,((16,(13,12)),30))),(14,((27,21),((10,(6,22)),23)))),(((((9,28),29),15),((((11,7),25),19),8)),(((24,(4,(2,(1,17)))),26),(18,3))));

STEP 54 [SPR_ClassicHeuristic_MP_RF -> NNI_Substep_44] - Distance: 175.0000
(((20,(5,((16,(13,12)),30))),(14,((27,21),((10,(6,22)),23)))),(((((9,28),29),15),((((11,7),25),19),8)),(((24,(4,(2,(1,17)))),(18,3)),26)));

STEP 55 [SPR_ClassicHeuristic_MP_RF -> NNI_Substep_45] - Distance: 175.0000
(((20,(5,((16,(13,12)),30))),(14,((27,21),((10,(6,22)),23)))),((((((9,28),29),15),((((11,7),25),19),8)),((24,(4,(2,(1,17)))),(18,3))),26));

STEP 56 [SPR_ClassicHeuristic_MP_RF -> NNI_Substep_46] - Distance: 157.0000
((((20,(5,((16,(13,12)),30))),26),(14,((27,21),((10,(6,22)),23)))),(((((9,28),29),15),((((11,7),25),19),8)),((24,(4,(2,(1,17)))),(18,3))));

STEP 57 [SPR_ClassicHeuristic_MP_RF -> NNI_Substep_47] - Distance: 156.0000
(((20,((5,((16,(13,12)),30)),26)),(14,((27,21),((10,(6,22)),23)))),(((((9,28),29),15),((((11,7),25),19),8)),((24,(4,(2,(1,17)))),(18,3))));

STEP 58 [SPR_ClassicHeuristic_MP_RF -> NNI_Substep_48] - Distance: 156.0000
(((20,(5,(((16,(13,12)),30),26))),(14,((27,21),((10,(6,22)),23)))),(((((9,28),29),15),((((11,7),25),19),8)),((24,(4,(2,(1,17)))),(18,3))));

STEP 59 [SPR_ClassicHeuristic_MP_RF -> NNI_Substep_49] - Distance: 155.0000
(((20,(5,((16,(13,12)),(30,26)))),(14,((27,21),((10,(6,22)),23)))),(((((9,28),29),15),((((11,7),25),19),8)),((24,(4,(2,(1,17)))),(18,3))));

STEP 60 [SPR_ClassicHeuristic_MP_RF -> NNI_Substep_50] - Distance: 155.0000
(((20,(5,((16,(13,12)),(30,26)))),(14,((27,21),((10,(6,22)),23)))),(((((9,28),29),15),((((11,7),25),19),8)),((24,((4,(1,17)),2)),(18,3))));

STEP 61 [SPR_ClassicHeuristic_MP_RF -> NNI_Substep_51] - Distance: 156.0000
(((20,(5,((16,(13,12)),(30,26)))),(14,((27,21),((10,(6,22)),23)))),(((((9,28),29),15),((((11,7),25),19),8)),(((24,(4,(1,17))),2),(18,3))));

STEP 62 [SPR_ClassicHeuristic_MP_RF -> NNI_Substep_52] - Distance: 156.0000
(((20,(5,((16,(13,12)),(30,26)))),(14,((27,21),((10,(6,22)),23)))),(((((9,28),29),15),((((11,7),25),19),8)),(((24,(4,(1,17))),(18,3)),2)));

STEP 63 [SPR_ClassicHeuristic_MP_RF -> NNI_Substep_53] - Distance: 156.0000
(((20,(5,((16,(13,12)),(30,26)))),(14,((27,21),((10,(6,22)),23)))),((((((9,28),29),15),((((11,7),25),19),8)),((24,(4,(1,17))),(18,3))),2));

STEP 64 [SPR_ClassicHeuristic_MP_RF -> NNI_Substep_54] - Distance: 143.0000
((((20,(5,((16,(13,12)),(30,26)))),2),(14,((27,21),((10,(6,22)),23)))),(((((9,28),29),15),((((11,7),25),19),8)),((24,(4,(1,17))),(18,3))));

STEP 65 [SPR_ClassicHeuristic_MP_RF -> NNI_Substep_55] - Distance: 143.0000
(((20,((5,((16,(13,12)),(30,26))),2)),(14,((27,21),((10,(6,22)),23)))),(((((9,28),29),15),((((11,7),25),19),8)),((24,(4,(1,17))),(18,3))));

STEP 66 [SPR_ClassicHeuristic_MP_RF -> NNI_Substep_56] - Distance: 142.0000
(((20,((5,2),((16,(13,12)),(30,26)))),(14,((27,21),((10,(6,22)),23)))),(((((9,28),29),15),((((11,7),25),19),8)),((24,(4,(1,17))),(18,3))));

STEP 67 [SPR_ClassicHeuristic_MP_RF -> NNI_Substep_57] - Distance: 142.0000
(((20,((5,2),(((13,12),(30,26)),16))),(14,((27,21),((10,(6,22)),23)))),(((((9,28),29),15),((((11,7),25),19),8)),((24,(4,(1,17))),(18,3))));

STEP 68 [SPR_ClassicHeuristic_MP_RF -> NNI_Substep_58] - Distance: 140.0000
(((20,(((5,2),((13,12),(30,26))),16)),(14,((27,21),((10,(6,22)),23)))),(((((9,28),29),15),((((11,7),25),19),8)),((24,(4,(1,17))),(18,3))));

STEP 69 [SPR_ClassicHeuristic_MP_RF -> NNI_Substep_59] - Distance: 140.0000
((((20,((5,2),((13,12),(30,26)))),16),(14,((27,21),((10,(6,22)),23)))),(((((9,28),29),15),((((11,7),25),19),8)),((24,(4,(1,17))),(18,3))));

STEP 70 [SPR_ClassicHeuristic_MP_RF -> NNI_Substep_60] - Distance: 139.0000
((((20,((5,2),((13,12),(30,26)))),(14,((27,21),((10,(6,22)),23)))),16),(((((9,28),29),15),((((11,7),25),19),8)),((24,(4,(1,17))),(18,3))));

STEP 71 [SPR_ClassicHeuristic_MP_RF -> NNI_Substep_61] - Distance: 138.0000
(((20,((5,2),((13,12),(30,26)))),((14,((27,21),((10,(6,22)),23))),16)),(((((9,28),29),15),((((11,7),25),19),8)),((24,(4,(1,17))),(18,3))));

STEP 72 [SPR_ClassicHeuristic_MP_RF -> NNI_Substep_62] - Distance: 137.0000
(((20,((5,2),((13,12),(30,26)))),(14,(((27,21),((10,(6,22)),23)),16))),(((((9,28),29),15),((((11,7),25),19),8)),((24,(4,(1,17))),(18,3))));

STEP 73 [SPR_ClassicHeuristic_MP_RF -> NNI_Substep_63] - Distance: 136.0000
(((20,((5,2),((13,12),(30,26)))),(14,((27,21),(((10,(6,22)),23),16)))),(((((9,28),29),15),((((11,7),25),19),8)),((24,(4,(1,17))),(18,3))));

STEP 74 [SPR_ClassicHeuristic_MP_RF -> NNI_Substep_64] - Distance: 136.0000
(((20,((5,2),((13,12),(30,26)))),(14,((27,21),(((10,(6,22)),16),23)))),(((((9,28),29),15),((((11,7),25),19),8)),((24,(4,(1,17))),(18,3))));

STEP 75 [SPR_ClassicHeuristic_MP_RF -> NNI_Substep_65] - Distance: 135.0000
(((20,((5,2),((13,12),(30,26)))),(14,((27,21),(((10,16),(6,22)),23)))),(((((9,28),29),15),((((11,7),25),19),8)),((24,(4,(1,17))),(18,3))));

STEP 76 [SPR_ClassicHeuristic_MP_RF -> NNI_Substep_66] - Distance: 135.0000
(((20,((5,2),((13,(30,26)),12))),(14,((27,21),(((10,16),(6,22)),23)))),(((((9,28),29),15),((((11,7),25),19),8)),((24,(4,(1,17))),(18,3))));

STEP 77 [SPR_ClassicHeuristic_MP_RF -> NNI_Substep_67] - Distance: 135.0000
(((20,(((5,2),(13,(30,26))),12)),(14,((27,21),(((10,16),(6,22)),23)))),(((((9,28),29),15),((((11,7),25),19),8)),((24,(4,(1,17))),(18,3))));

STEP 78 [SPR_ClassicHeuristic_MP_RF -> NNI_Substep_68] - Distance: 135.0000
(((20,(((5,2),12),(13,(30,26)))),(14,((27,21),(((10,16),(6,22)),23)))),(((((9,28),29),15),((((11,7),25),19),8)),((24,(4,(1,17))),(18,3))));

STEP 79 [SPR_ClassicHeuristic_MP_RF -> NNI_Substep_69] - Distance: 135.0000
(((20,(((5,2),12),(13,(30,26)))),(14,((27,21),(((10,16),(6,22)),23)))),(((((9,28),29),15),((((11,7),25),19),8)),(((4,(1,17)),(18,3)),24)));

STEP 80 [SPR_ClassicHeuristic_MP_RF -> NNI_Substep_70] - Distance: 135.0000
(((20,(((5,2),12),(13,(30,26)))),(14,((27,21),(((10,16),(6,22)),23)))),((((((9,28),29),15),((((11,7),25),19),8)),((4,(1,17)),(18,3))),24));

STEP 81 [SPR_ClassicHeuristic_MP_RF -> NNI_Substep_71] - Distance: 117.0000
(((20,(((5,2),12),(13,(30,26)))),((14,((27,21),(((10,16),(6,22)),23))),24)),(((((9,28),29),15),((((11,7),25),19),8)),((4,(1,17)),(18,3))));

STEP 82 [SPR_ClassicHeuristic_MP_RF -> NNI_Substep_72] - Distance: 116.0000
(((20,(((5,2),12),(13,(30,26)))),(14,(((27,21),(((10,16),(6,22)),23)),24))),(((((9,28),29),15),((((11,7),25),19),8)),((4,(1,17)),(18,3))));

STEP 83 [SPR_ClassicHeuristic_MP_RF -> NNI_Substep_73] - Distance: 115.0000
(((20,(((5,2),12),(13,(30,26)))),(14,((27,21),((((10,16),(6,22)),23),24)))),(((((9,28),29),15),((((11,7),25),19),8)),((4,(1,17)),(18,3))));

STEP 84 [SPR_ClassicHeuristic_MP_RF -> NNI_Substep_74] - Distance: 115.0000
(((20,(((5,2),12),(13,(30,26)))),(14,((27,21),((((10,16),(6,22)),24),23)))),(((((9,28),29),15),((((11,7),25),19),8)),((4,(1,17)),(18,3))));

STEP 85 [SPR_ClassicHeuristic_MP_RF -> NNI_Substep_75] - Distance: 114.0000
(((20,(((5,2),12),(13,(30,26)))),(14,((27,21),((((10,16),24),(6,22)),23)))),(((((9,28),29),15),((((11,7),25),19),8)),((4,(1,17)),(18,3))));

STEP 86 [SPR_ClassicHeuristic_MP_RF -> NNI_Substep_76] - Distance: 114.0000
(((20,(((5,2),12),(13,(30,26)))),(14,((27,21),(((((10,16),24),22),6),23)))),(((((9,28),29),15),((((11,7),25),19),8)),((4,(1,17)),(18,3))));

STEP 87 [SPR_ClassicHeuristic_MP_RF -> NNI_Substep_77] - Distance: 114.0000
(((20,(((5,2),12),(13,(30,26)))),(14,((27,21),(((((10,16),24),22),23),6)))),(((((9,28),29),15),((((11,7),25),19),8)),((4,(1,17)),(18,3))));

STEP 88 [SPR_ClassicHeuristic_MP_RF -> NNI_Substep_78] - Distance: 114.0000
(((20,(((5,2),12),(13,(30,26)))),(14,(((27,21),((((10,16),24),22),23)),6))),(((((9,28),29),15),((((11,7),25),19),8)),((4,(1,17)),(18,3))));

STEP 89 [SPR_ClassicHeuristic_MP_RF -> NNI_Substep_79] - Distance: 114.0000
(((20,(((5,2),12),(13,(30,26)))),((14,((27,21),((((10,16),24),22),23))),6)),(((((9,28),29),15),((((11,7),25),19),8)),((4,(1,17)),(18,3))));

STEP 90 [SPR_ClassicHeuristic_MP_RF -> NNI_Substep_80] - Distance: 116.0000
((((20,(((5,2),12),(13,(30,26)))),(14,((27,21),((((10,16),24),22),23)))),6),(((((9,28),29),15),((((11,7),25),19),8)),((4,(1,17)),(18,3))));

STEP 91 [SPR_ClassicHeuristic_MP_RF -> NNI_Substep_81] - Distance: 109.0000
((((20,(((5,2),12),(13,(30,26)))),6),(14,((27,21),((((10,16),24),22),23)))),(((((9,28),29),15),((((11,7),25),19),8)),((4,(1,17)),(18,3))));

STEP 92 [SPR_ClassicHeuristic_MP_RF -> NNI_Substep_82] - Distance: 106.0000
((((20,6),(((5,2),12),(13,(30,26)))),(14,((27,21),((((10,16),24),22),23)))),(((((9,28),29),15),((((11,7),25),19),8)),((4,(1,17)),(18,3))));

STEP 93 [SPR_ClassicHeuristic_MP_RF -> NNI_Substep_83] - Distance: 106.0000
(((((20,6),(13,(30,26))),((5,2),12)),(14,((27,21),((((10,16),24),22),23)))),(((((9,28),29),15),((((11,7),25),19),8)),((4,(1,17)),(18,3))));

STEP 94 [SPR_ClassicHeuristic_MP_RF -> NNI_Substep_84] - Distance: 100.0000
(((((20,6),(13,(30,26))),(14,((27,21),((((10,16),24),22),23)))),((5,2),12)),(((((9,28),29),15),((((11,7),25),19),8)),((4,(1,17)),(18,3))));

STEP 95 [SPR_ClassicHeuristic_MP_RF -> NNI_Substep_85] - Distance: 85.0000
((((20,6),(13,(30,26))),((14,((27,21),((((10,16),24),22),23))),((5,2),12))),(((((9,28),29),15),((((11,7),25),19),8)),((4,(1,17)),(18,3))));

STEP 96 [SPR_ClassicHeuristic_MP_RF -> NNI_Substep_86] - Distance: 82.0000
((((20,6),(13,(30,26))),(14,(((27,21),((((10,16),24),22),23)),((5,2),12)))),(((((9,28),29),15),((((11,7),25),19),8)),((4,(1,17)),(18,3))));

STEP 97 [SPR_ClassicHeuristic_MP_RF -> NNI_Substep_87] - Distance: 79.0000
((((20,6),(13,(30,26))),(14,((27,21),(((((10,16),24),22),23),((5,2),12))))),(((((9,28),29),15),((((11,7),25),19),8)),((4,(1,17)),(18,3))));

STEP 98 [SPR_ClassicHeuristic_MP_RF -> NNI_Substep_88] - Distance: 77.0000
((((20,6),(13,(30,26))),(14,((27,21),(((((10,16),24),22),((5,2),12)),23)))),(((((9,28),29),15),((((11,7),25),19),8)),((4,(1,17)),(18,3))));

STEP 99 [SPR_ClassicHeuristic_MP_RF -> NNI_Substep_89] - Distance: 73.0000
((((20,6),(13,(30,26))),(14,((27,21),((((10,16),24),(22,((5,2),12))),23)))),(((((9,28),29),15),((((11,7),25),19),8)),((4,(1,17)),(18,3))));

STEP 100 [SPR_ClassicHeuristic_MP_RF -> NNI_Substep_90] - Distance: 70.0000
((((20,6),(13,(30,26))),(14,((27,21),(((10,16),24),((22,((5,2),12)),23))))),(((((9,28),29),15),((((11,7),25),19),8)),((4,(1,17)),(18,3))));

STEP 101 [SPR_ClassicHeuristic_MP_RF -> NNI_Substep_91] - Distance: 67.0000
((((20,6),(13,(30,26))),(14,((27,21),(((10,16),24),((22,23),((5,2),12)))))),(((((9,28),29),15),((((11,7),25),19),8)),((4,(1,17)),(18,3))));

STEP 102 [SPR_ClassicHeuristic_MP_RF -> NNI_Substep_92] - Distance: 67.0000
((((20,6),(13,(30,26))),(14,((27,21),(((10,16),24),((22,23),((5,2),12)))))),(((((9,28),29),15),((((11,7),25),19),8)),(((1,17),(18,3)),4)));

STEP 103 [SPR_ClassicHeuristic_MP_RF -> NNI_Substep_93] - Distance: 67.0000
((((20,6),(13,(30,26))),(14,((27,21),(((10,16),24),((22,23),((5,2),12)))))),((((((9,28),29),15),((((11,7),25),19),8)),((1,17),(18,3))),4));

STEP 104 [SPR_ClassicHeuristic_MP_RF -> NNI_Substep_94] - Distance: 45.0000
((((20,6),(13,(30,26))),((14,((27,21),(((10,16),24),((22,23),((5,2),12))))),4)),(((((9,28),29),15),((((11,7),25),19),8)),((1,17),(18,3))));

STEP 105 [SPR_ClassicHeuristic_MP_RF -> NNI_Substep_95] - Distance: 44.0000
((((20,6),(13,(30,26))),(14,(((27,21),(((10,16),24),((22,23),((5,2),12)))),4))),(((((9,28),29),15),((((11,7),25),19),8)),((1,17),(18,3))));

STEP 106 [SPR_ClassicHeuristic_MP_RF -> NNI_Substep_96] - Distance: 43.0000
((((20,6),(13,(30,26))),(14,((27,21),((((10,16),24),((22,23),((5,2),12))),4)))),(((((9,28),29),15),((((11,7),25),19),8)),((1,17),(18,3))));

STEP 107 [SPR_ClassicHeuristic_MP_RF -> NNI_Substep_97] - Distance: 40.0000
((((20,6),(13,(30,26))),(14,((27,21),(((10,16),24),(((22,23),((5,2),12)),4))))),(((((9,28),29),15),((((11,7),25),19),8)),((1,17),(18,3))));

STEP 108 [SPR_ClassicHeuristic_MP_RF -> NNI_Substep_98] - Distance: 40.0000
((((20,6),(13,(30,26))),(14,((21,(((10,16),24),(((22,23),((5,2),12)),4))),27))),(((((9,28),29),15),((((11,7),25),19),8)),((1,17),(18,3))));

STEP 109 [SPR_ClassicHeuristic_MP_RF -> NNI_Substep_99] - Distance: 40.0000
((((20,6),(13,(30,26))),((14,(21,(((10,16),24),(((22,23),((5,2),12)),4)))),27)),(((((9,28),29),15),((((11,7),25),19),8)),((1,17),(18,3))));

STEP 110 [SPR_ClassicHeuristic_MP_RF -> NNI_Substep_100] - Distance: 40.0000
(((((20,6),(13,(30,26))),(14,(21,(((10,16),24),(((22,23),((5,2),12)),4))))),27),(((((9,28),29),15),((((11,7),25),19),8)),((1,17),(18,3))));

STEP 111 [SPR_ClassicHeuristic_MP_RF -> NNI_Substep_101] - Distance: 10.0000
((((20,6),(13,(30,26))),(14,(21,(((10,16),24),(((22,23),((5,2),12)),4))))),((((((9,28),29),15),((((11,7),25),19),8)),((1,(18,3)),17)),27));

STEP 112 [SPR_ClassicHeuristic_MP_RF -> NNI_Substep_102] - Distance: 1.0000
((((20,6),(13,(30,26))),(14,(21,(((10,16),24),(((22,23),((5,2),12)),4))))),(((((((9,28),29),15),((((11,7),25),19),8)),(1,(18,3))),17),27));

STEP 113 [SPR_ClassicHeuristic_MP_RF -> NNI_Substep_103] - Distance: 0.0000
((((20,6),(13,(30,26))),(14,(21,(((10,16),24),(((22,23),((5,2),12)),4))))),(((((((9,28),29),15),((((11,7),25),19),8)),(1,(18,3))),27),17));

========================================================
[FINAL] Total Steps: 113 | Final Distance: 0.0000
========================================================
