========================================================
HEURISTIC TRAJECTORY: VND Classic (MS_RF)
========================================================
STEP 0 [START] - Distance: 146.0000
(((27,(9,(2,(3,((21,(20,23)),(24,19)))))),((((15,30),(6,12)),(10,(8,11))),(14,25))),(29,((28,(17,1)),(16,13))),((18,4),(5,(22,(26,7)))));

STEP 1 [NNI_ClassicHeuristic_MS_RF -> NNI_Substep_1] - Distance: 141.0000
(((27,((3,((21,(20,23)),(24,19))),(2,9))),((((15,30),(6,12)),(10,(8,11))),(14,25))),(29,((28,(17,1)),(16,13))),((18,4),(5,(22,(26,7)))));

STEP 2 [NNI_ClassicHeuristic_MS_RF -> NNI_Substep_2] - Distance: 138.0000
((((3,((21,(20,23)),(24,19))),(27,(2,9))),((((15,30),(6,12)),(10,(8,11))),(14,25))),(29,((28,(17,1)),(16,13))),((18,4),(5,(22,(26,7)))));

STEP 3 [NNI_ClassicHeuristic_MS_RF -> NNI_Substep_3] - Distance: 135.0000
((((3,((21,(20,23)),(24,19))),(27,(2,9))),((((15,30),(6,12)),(14,25)),(10,(8,11)))),(29,((28,(17,1)),(16,13))),((18,4),(5,(22,(26,7)))));

STEP 4 [NNI_ClassicHeuristic_MS_RF -> NNI_Substep_4] - Distance: 133.0000
(((10,(8,11)),((((15,30),(6,12)),(14,25)),((3,((21,(20,23)),(24,19))),(27,(2,9))))),(29,((28,(17,1)),(16,13))),((18,4),(5,(22,(26,7)))));

STEP 5 [NNI_ClassicHeuristic_MS_RF -> NNI_Substep_5] - Distance: 129.0000
(((10,(8,11)),((3,((21,(20,23)),(24,19))),((((15,30),(6,12)),(14,25)),(27,(2,9))))),(29,((28,(17,1)),(16,13))),((18,4),(5,(22,(26,7)))));

STEP 6 [NNI_ClassicHeuristic_MS_RF -> NNI_Substep_6] - Distance: 126.0000
(((29,((28,(17,1)),(16,13))),((3,((21,(20,23)),(24,19))),((((15,30),(6,12)),(14,25)),(27,(2,9))))),(10,(8,11)),((18,4),(5,(22,(26,7)))));

STEP 7 [NNI_ClassicHeuristic_MS_RF -> NNI_Substep_7] - Distance: 125.0000
(((29,((28,(17,1)),(16,13))),((3,((21,(20,23)),(24,19))),(27,((((15,30),(6,12)),(14,25)),(2,9))))),(10,(8,11)),((18,4),(5,(22,(26,7)))));

STEP 8 [NNI_ClassicHeuristic_MS_RF -> NNI_Substep_8] - Distance: 124.0000
(((29,((28,(17,1)),(16,13))),((3,((21,(20,23)),(24,19))),(27,((((15,30),(6,12)),(14,25)),(2,9))))),(10,(8,11)),((18,4),((26,7),(22,5))));

STEP 9 [NNI_ClassicHeuristic_MS_RF -> NNI_Substep_9] - Distance: 122.0000
(((29,((28,(17,1)),(16,13))),((3,((21,(20,23)),(24,19))),(27,((((15,30),(6,12)),(14,25)),(2,9))))),(10,(8,11)),((26,7),((18,4),(22,5))));

STEP 10 [NNI_ClassicHeuristic_MS_RF -> NNI_Substep_10] - Distance: 121.0000
(((29,((28,(17,1)),(16,13))),((3,((21,(20,23)),(24,19))),(27,((((15,30),(6,12)),(14,25)),(2,9))))),(10,(8,11)),((26,7),(5,(22,(18,4)))));

STEP 11 [NNI_ClassicHeuristic_MS_RF -> NNI_Substep_11] - Distance: 120.0000
((5,(22,(18,4))),(10,(8,11)),((26,7),((29,((28,(17,1)),(16,13))),((3,((21,(20,23)),(24,19))),(27,((((15,30),(6,12)),(14,25)),(2,9)))))));

STEP 12 [uTBR_ClassicHeuristic_MS_RF -> NNI_Substep_1] - Distance: 121.0000
((5,(22,(18,4))),(10,(8,11)),((26,7),((29,((28,(17,1)),(16,13))),((3,((21,(20,23)),(24,19))),(27,(((((15,30),(6,12)),14),25),(2,9)))))));

STEP 13 [uTBR_ClassicHeuristic_MS_RF -> NNI_Substep_2] - Distance: 118.0000
((5,(22,(18,4))),(10,(8,11)),((26,7),((29,((28,(17,1)),(16,13))),((3,((21,(20,23)),(24,19))),(27,(((((15,30),(6,12)),14),(2,9)),25))))));

STEP 14 [uTBR_ClassicHeuristic_MS_RF -> NNI_Substep_3] - Distance: 118.0000
((5,(22,(18,4))),(10,(8,11)),((26,7),((29,((28,(17,1)),(16,13))),((3,((21,(20,23)),(24,19))),((27,((((15,30),(6,12)),14),(2,9))),25)))));

STEP 15 [uTBR_ClassicHeuristic_MS_RF -> NNI_Substep_4] - Distance: 121.0000
((5,(22,(18,4))),(10,(8,11)),((26,7),((29,((28,(17,1)),(16,13))),(((3,((21,(20,23)),(24,19))),(27,((((15,30),(6,12)),14),(2,9)))),25))));

STEP 16 [uTBR_ClassicHeuristic_MS_RF -> NNI_Substep_5] - Distance: 120.0000
((5,(22,(18,4))),(10,(8,11)),((26,7),(((29,((28,(17,1)),(16,13))),((3,((21,(20,23)),(24,19))),(27,((((15,30),(6,12)),14),(2,9))))),25)));

STEP 17 [uTBR_ClassicHeuristic_MS_RF -> NNI_Substep_6] - Distance: 119.0000
((5,(22,(18,4))),(10,(8,11)),(((26,7),((29,((28,(17,1)),(16,13))),((3,((21,(20,23)),(24,19))),(27,((((15,30),(6,12)),14),(2,9)))))),25));

STEP 18 [uTBR_ClassicHeuristic_MS_RF -> NNI_Substep_7] - Distance: 117.0000
(((5,(22,(18,4))),25),(10,(8,11)),((26,7),((29,((28,(17,1)),(16,13))),((3,((21,(20,23)),(24,19))),(27,((((15,30),(6,12)),14),(2,9)))))));

STEP 19 [uTBR_ClassicHeuristic_MS_RF -> NNI_Substep_8] - Distance: 115.0000
((5,((22,(18,4)),25)),(10,(8,11)),((26,7),((29,((28,(17,1)),(16,13))),((3,((21,(20,23)),(24,19))),(27,((((15,30),(6,12)),14),(2,9)))))));

STEP 20 [uTBR_ClassicHeuristic_MS_RF -> NNI_Substep_9] - Distance: 113.0000
((5,(22,((18,4),25))),(10,(8,11)),((26,7),((29,((28,(17,1)),(16,13))),((3,((21,(20,23)),(24,19))),(27,((((15,30),(6,12)),14),(2,9)))))));

STEP 21 [uTBR_ClassicHeuristic_MS_RF -> NNI_Substep_10] - Distance: 111.0000
((5,(22,(18,(4,25)))),(10,(8,11)),((26,7),((29,((28,(17,1)),(16,13))),((3,((21,(20,23)),(24,19))),(27,((((15,30),(6,12)),14),(2,9)))))));

STEP 22 [uTBR_ClassicHeuristic_MS_RF -> NNI_Substep_11] - Distance: 113.0000
((5,(22,(18,(4,25)))),(10,(8,11)),((26,7),((29,((28,(17,1)),(16,13))),((3,(((21,(20,23)),19),24)),(27,((((15,30),(6,12)),14),(2,9)))))));

STEP 23 [uTBR_ClassicHeuristic_MS_RF -> NNI_Substep_12] - Distance: 111.0000
((5,(22,(18,(4,25)))),(10,(8,11)),((26,7),((29,((28,(17,1)),(16,13))),(((3,((21,(20,23)),19)),24),(27,((((15,30),(6,12)),14),(2,9)))))));

STEP 24 [uTBR_ClassicHeuristic_MS_RF -> NNI_Substep_13] - Distance: 112.0000
((5,(22,(18,(4,25)))),(10,(8,11)),((26,7),((29,((28,(17,1)),(16,13))),(((3,((21,(20,23)),19)),(27,((((15,30),(6,12)),14),(2,9)))),24))));

STEP 25 [uTBR_ClassicHeuristic_MS_RF -> NNI_Substep_14] - Distance: 111.0000
((5,(22,(18,(4,25)))),(10,(8,11)),((26,7),(((29,((28,(17,1)),(16,13))),((3,((21,(20,23)),19)),(27,((((15,30),(6,12)),14),(2,9))))),24)));

STEP 26 [uTBR_ClassicHeuristic_MS_RF -> NNI_Substep_15] - Distance: 108.0000
((5,(22,(18,(4,25)))),(10,(8,11)),(((26,7),((29,((28,(17,1)),(16,13))),((3,((21,(20,23)),19)),(27,((((15,30),(6,12)),14),(2,9)))))),24));

STEP 27 [uTBR_ClassicHeuristic_MS_RF -> NNI_Substep_16] - Distance: 106.0000
(((5,(22,(18,(4,25)))),24),(10,(8,11)),((26,7),((29,((28,(17,1)),(16,13))),((3,((21,(20,23)),19)),(27,((((15,30),(6,12)),14),(2,9)))))));

STEP 28 [uTBR_ClassicHeuristic_MS_RF -> NNI_Substep_17] - Distance: 104.0000
((5,((22,(18,(4,25))),24)),(10,(8,11)),((26,7),((29,((28,(17,1)),(16,13))),((3,((21,(20,23)),19)),(27,((((15,30),(6,12)),14),(2,9)))))));

STEP 29 [uTBR_ClassicHeuristic_MS_RF -> NNI_Substep_18] - Distance: 104.0000
((5,(22,((18,(4,25)),24))),(10,(8,11)),((26,7),((29,((28,(17,1)),(16,13))),((3,((21,(20,23)),19)),(27,((((15,30),(6,12)),14),(2,9)))))));

STEP 30 [uTBR_ClassicHeuristic_MS_RF -> NNI_Substep_19] - Distance: 102.0000
((5,(22,(18,((4,25),24)))),(10,(8,11)),((26,7),((29,((28,(17,1)),(16,13))),((3,((21,(20,23)),19)),(27,((((15,30),(6,12)),14),(2,9)))))));

STEP 31 [uTBR_ClassicHeuristic_MS_RF -> NNI_Substep_20] - Distance: 102.0000
((5,(22,(18,((4,25),24)))),(10,(8,11)),((26,7),((29,((28,(17,1)),(16,13))),((3,(((21,20),23),19)),(27,((((15,30),(6,12)),14),(2,9)))))));

STEP 32 [uTBR_ClassicHeuristic_MS_RF -> NNI_Substep_21] - Distance: 102.0000
((5,(22,(18,((4,25),24)))),(10,(8,11)),((26,7),((29,((28,(17,1)),(16,13))),((3,(((21,20),19),23)),(27,((((15,30),(6,12)),14),(2,9)))))));

STEP 33 [uTBR_ClassicHeuristic_MS_RF -> NNI_Substep_22] - Distance: 102.0000
((5,(22,(18,((4,25),24)))),(10,(8,11)),((26,7),((29,((28,(17,1)),(16,13))),(((3,((21,20),19)),23),(27,((((15,30),(6,12)),14),(2,9)))))));

STEP 34 [uTBR_ClassicHeuristic_MS_RF -> NNI_Substep_23] - Distance: 103.0000
((5,(22,(18,((4,25),24)))),(10,(8,11)),((26,7),((29,((28,(17,1)),(16,13))),(((3,((21,20),19)),(27,((((15,30),(6,12)),14),(2,9)))),23))));

STEP 35 [uTBR_ClassicHeuristic_MS_RF -> NNI_Substep_24] - Distance: 104.0000
((5,(22,(18,((4,25),24)))),(10,(8,11)),((26,7),(((29,((28,(17,1)),(16,13))),((3,((21,20),19)),(27,((((15,30),(6,12)),14),(2,9))))),23)));

STEP 36 [uTBR_ClassicHeuristic_MS_RF -> NNI_Substep_25] - Distance: 103.0000
((5,(22,(18,((4,25),24)))),(10,(8,11)),((26,7),(((29,((28,(17,1)),(16,13))),23),((3,((21,20),19)),(27,((((15,30),(6,12)),14),(2,9)))))));

STEP 37 [uTBR_ClassicHeuristic_MS_RF -> NNI_Substep_26] - Distance: 101.0000
((5,(22,(18,((4,25),24)))),(10,(8,11)),((26,7),((29,(((28,(17,1)),(16,13)),23)),((3,((21,20),19)),(27,((((15,30),(6,12)),14),(2,9)))))));

STEP 38 [uTBR_ClassicHeuristic_MS_RF -> NNI_Substep_27] - Distance: 100.0000
((5,(22,(18,((4,25),24)))),(10,(8,11)),((26,7),((29,(((28,(17,1)),23),(16,13))),((3,((21,20),19)),(27,((((15,30),(6,12)),14),(2,9)))))));

STEP 39 [uTBR_ClassicHeuristic_MS_RF -> NNI_Substep_28] - Distance: 98.0000
((5,(22,(18,((4,25),24)))),(10,(8,11)),((26,7),((29,((28,((17,1),23)),(16,13))),((3,((21,20),19)),(27,((((15,30),(6,12)),14),(2,9)))))));

STEP 40 [uTBR_ClassicHeuristic_MS_RF -> NNI_Substep_29] - Distance: 96.0000
((5,(22,(18,((4,25),24)))),(10,(8,11)),((26,7),((29,((28,(17,(1,23))),(16,13))),((3,((21,20),19)),(27,((((15,30),(6,12)),14),(2,9)))))));

STEP 41 [uTBR_ClassicHeuristic_MS_RF -> NNI_Substep_30] - Distance: 93.0000
((5,(22,(18,((4,25),24)))),(10,(8,11)),((26,7),((29,((28,(17,(1,23))),(16,13))),((3,((21,20),19)),(27,((((15,30),14),(6,12)),(2,9)))))));

STEP 42 [uTBR_ClassicHeuristic_MS_RF -> NNI_Substep_31] - Distance: 91.0000
((5,(22,(18,((4,25),24)))),(10,(8,11)),((26,7),((29,((28,(17,(1,23))),(16,13))),((3,((21,20),19)),(27,((((15,14),30),(6,12)),(2,9)))))));

STEP 43 [uTBR_ClassicHeuristic_MS_RF -> NNI_Substep_32] - Distance: 91.0000
(((5,(22,(18,((4,25),24)))),10),(8,11),((26,7),((29,((28,(17,(1,23))),(16,13))),((3,((21,20),19)),(27,((((15,14),30),(6,12)),(2,9)))))));

STEP 44 [uTBR_ClassicHeuristic_MS_RF -> NNI_Substep_33] - Distance: 89.0000
((5,((22,(18,((4,25),24))),10)),(8,11),((26,7),((29,((28,(17,(1,23))),(16,13))),((3,((21,20),19)),(27,((((15,14),30),(6,12)),(2,9)))))));

STEP 45 [uTBR_ClassicHeuristic_MS_RF -> NNI_Substep_34] - Distance: 86.0000
((5,((22,10),(18,((4,25),24)))),(8,11),((26,7),((29,((28,(17,(1,23))),(16,13))),((3,((21,20),19)),(27,((((15,14),30),(6,12)),(2,9)))))));

STEP 46 [uTBR_ClassicHeuristic_MS_RF -> NNI_Substep_35] - Distance: 83.0000
((5,(((22,10),((4,25),24)),18)),(8,11),((26,7),((29,((28,(17,(1,23))),(16,13))),((3,((21,20),19)),(27,((((15,14),30),(6,12)),(2,9)))))));

STEP 47 [uTBR_ClassicHeuristic_MS_RF -> NNI_Substep_36] - Distance: 83.0000
(((5,((22,10),((4,25),24))),18),(8,11),((26,7),((29,((28,(17,(1,23))),(16,13))),((3,((21,20),19)),(27,((((15,14),30),(6,12)),(2,9)))))));

STEP 48 [uTBR_ClassicHeuristic_MS_RF -> NNI_Substep_37] - Distance: 84.0000
((5,((22,10),((4,25),24))),(8,11),(((26,7),((29,((28,(17,(1,23))),(16,13))),((3,((21,20),19)),(27,((((15,14),30),(6,12)),(2,9)))))),18));

STEP 49 [uTBR_ClassicHeuristic_MS_RF -> NNI_Substep_38] - Distance: 85.0000
((5,((22,10),((4,25),24))),(8,11),((26,7),(((29,((28,(17,(1,23))),(16,13))),((3,((21,20),19)),(27,((((15,14),30),(6,12)),(2,9))))),18)));

STEP 50 [uTBR_ClassicHeuristic_MS_RF -> NNI_Substep_39] - Distance: 85.0000
((5,((22,10),((4,25),24))),(8,11),((26,7),((29,((28,(17,(1,23))),(16,13))),(((3,((21,20),19)),(27,((((15,14),30),(6,12)),(2,9)))),18))));

STEP 51 [uTBR_ClassicHeuristic_MS_RF -> NNI_Substep_40] - Distance: 84.0000
((5,((22,10),((4,25),24))),(8,11),((26,7),((29,((28,(17,(1,23))),(16,13))),(((3,((21,20),19)),18),(27,((((15,14),30),(6,12)),(2,9)))))));

STEP 52 [uTBR_ClassicHeuristic_MS_RF -> NNI_Substep_41] - Distance: 84.0000
((5,((22,10),((4,25),24))),(8,11),((26,7),((29,((28,(17,(1,23))),(16,13))),((3,(((21,20),19),18)),(27,((((15,14),30),(6,12)),(2,9)))))));

STEP 53 [uTBR_ClassicHeuristic_MS_RF -> NNI_Substep_42] - Distance: 84.0000
((5,((22,10),((4,25),24))),(8,11),((26,7),((29,((28,(17,(1,23))),(16,13))),((3,(((21,20),18),19)),(27,((((15,14),30),(6,12)),(2,9)))))));

STEP 54 [uTBR_ClassicHeuristic_MS_RF -> NNI_Substep_43] - Distance: 84.0000
((5,((22,10),((4,25),24))),(8,11),((26,7),((29,((28,(17,(1,23))),(16,13))),((3,((21,(20,18)),19)),(27,((((15,14),30),(6,12)),(2,9)))))));

STEP 55 [uTBR_ClassicHeuristic_MS_RF -> NNI_Substep_44] - Distance: 83.0000
((5,((22,10),((4,25),24))),(8,11),((26,7),((29,((28,(17,(1,23))),(16,13))),((3,((21,19),(20,18))),(27,((((15,14),30),(6,12)),(2,9)))))));

STEP 56 [uTBR_ClassicHeuristic_MS_RF -> NNI_Substep_45] - Distance: 80.0000
((5,((22,10),((4,25),24))),(8,11),((26,7),((29,((28,(17,(1,23))),(16,13))),(((3,(21,19)),(20,18)),(27,((((15,14),30),(6,12)),(2,9)))))));

STEP 57 [uTBR_ClassicHeuristic_MS_RF -> NNI_Substep_46] - Distance: 82.0000
((5,((22,10),((4,25),24))),(8,11),((26,7),((29,((28,(17,(1,23))),(16,13))),(((3,(21,19)),(27,((((15,14),30),(6,12)),(2,9)))),(20,18)))));

STEP 58 [uTBR_ClassicHeuristic_MS_RF -> NNI_Substep_47] - Distance: 77.0000
((5,((22,10),((4,25),24))),(8,11),((26,7),((29,((28,(17,(1,23))),(16,13))),((3,(21,19)),((27,((((15,14),30),(6,12)),(2,9))),(20,18))))));

STEP 59 [uTBR_ClassicHeuristic_MS_RF -> NNI_Substep_48] - Distance: 74.0000
((5,((22,10),((4,25),24))),(8,11),((26,7),((29,((28,(17,(1,23))),(16,13))),((3,(21,19)),(27,(((((15,14),30),(6,12)),(2,9)),(20,18)))))));

STEP 60 [uTBR_ClassicHeuristic_MS_RF -> NNI_Substep_49] - Distance: 74.0000
((5,((22,10),((4,25),24))),(8,11),((26,7),((29,((28,(17,(1,23))),(16,13))),((3,(21,19)),(27,((((30,(6,12)),(15,14)),(2,9)),(20,18)))))));

STEP 61 [uTBR_ClassicHeuristic_MS_RF -> NNI_Substep_50] - Distance: 76.0000
((5,((22,10),((4,25),24))),(8,11),((26,7),((29,((28,(17,(1,23))),(16,13))),((3,(21,19)),(27,((((30,(6,12)),(2,9)),(15,14)),(20,18)))))));

STEP 62 [uTBR_ClassicHeuristic_MS_RF -> NNI_Substep_51] - Distance: 73.0000
((5,((22,10),((4,25),24))),(8,11),((26,7),((29,((28,(17,(1,23))),(16,13))),((3,(21,19)),(27,(((30,(6,12)),((2,9),(15,14))),(20,18)))))));

STEP 63 [uTBR_ClassicHeuristic_MS_RF -> NNI_Substep_52] - Distance: 70.0000
((5,((22,10),((4,25),24))),(8,11),((26,7),((29,((28,(17,(1,23))),(16,13))),((3,(21,19)),(27,(((30,(6,12)),((2,(15,14)),9)),(20,18)))))));

STEP 64 [uTBR_ClassicHeuristic_MS_RF -> NNI_Substep_53] - Distance: 70.0000
((5,((22,10),((4,25),24))),(8,11),((26,7),((29,((28,(17,(1,23))),(16,13))),((3,(21,19)),(27,((((30,6),12),((2,(15,14)),9)),(20,18)))))));

STEP 65 [uTBR_ClassicHeuristic_MS_RF -> NNI_Substep_54] - Distance: 73.0000
((5,((22,10),((4,25),24))),(8,11),((26,7),((29,((28,(17,(1,23))),(16,13))),((3,(21,19)),(27,((((30,6),((2,(15,14)),9)),12),(20,18)))))));

STEP 66 [uTBR_ClassicHeuristic_MS_RF -> NNI_Substep_55] - Distance: 70.0000
((5,((22,10),((4,25),24))),(8,11),((26,7),((29,((28,(17,(1,23))),(16,13))),((3,(21,19)),(27,(((30,6),(((2,(15,14)),9),12)),(20,18)))))));

STEP 67 [uTBR_ClassicHeuristic_MS_RF -> NNI_Substep_56] - Distance: 68.0000
((5,((22,10),((4,25),24))),(8,11),((26,7),((29,((28,(17,(1,23))),(16,13))),((3,(21,19)),(27,(((30,6),(((2,(15,14)),12),9)),(20,18)))))));

STEP 68 [uTBR_ClassicHeuristic_MS_RF -> NNI_Substep_57] - Distance: 64.0000
((5,((22,10),((4,25),24))),(8,11),((26,7),((29,((28,(17,(1,23))),(16,13))),((3,(21,19)),(27,((30,6),((((2,(15,14)),12),9),(20,18))))))));

STEP 69 [uTBR_ClassicHeuristic_MS_RF -> NNI_Substep_58] - Distance: 60.0000
((5,((22,10),((4,25),24))),(8,11),((26,7),((29,((28,(17,(1,23))),(16,13))),(((3,(21,19)),27),((30,6),((((2,(15,14)),12),9),(20,18)))))));

STEP 70 [uTBR_ClassicHeuristic_MS_RF -> NNI_Substep_59] - Distance: 64.0000
((5,((22,10),((4,25),24))),(8,11),((26,7),(((29,((28,(17,(1,23))),(16,13))),((3,(21,19)),27)),((30,6),((((2,(15,14)),12),9),(20,18))))));

STEP 71 [uTBR_ClassicHeuristic_MS_RF -> NNI_Substep_60] - Distance: 57.0000
((5,((22,10),((4,25),24))),(8,11),((26,7),(((29,((28,(17,(1,23))),(16,13))),((30,6),((((2,(15,14)),12),9),(20,18)))),((3,(21,19)),27))));

STEP 72 [uTBR_ClassicHeuristic_MS_RF -> NNI_Substep_61] - Distance: 57.0000
((5,((22,10),((4,25),24))),(8,11),((26,7),(((29,((28,(17,(1,23))),(16,13))),((30,6),((((2,(15,14)),12),9),(20,18)))),(((3,21),19),27))));

STEP 73 [uTBR_ClassicHeuristic_MS_RF -> NNI_Substep_62] - Distance: 55.0000
((5,((22,10),((4,25),24))),(8,11),((26,7),(((29,((28,(17,(1,23))),(16,13))),((30,6),((((2,(15,14)),12),9),(20,18)))),(((3,21),27),19))));

STEP 74 [uTBR_ClassicHeuristic_MS_RF -> NNI_Substep_63] - Distance: 58.0000
((5,((22,10),((4,25),24))),(8,11),((26,7),((((29,((28,(17,(1,23))),(16,13))),((30,6),((((2,(15,14)),12),9),(20,18)))),((3,21),27)),19)));

STEP 75 [uTBR_ClassicHeuristic_MS_RF -> NNI_Substep_64] - Distance: 54.0000
((5,((22,10),((4,25),24))),(8,11),((26,7),((((29,((28,(17,(1,23))),(16,13))),((30,6),((((2,(15,14)),12),9),(20,18)))),19),((3,21),27))));

STEP 76 [uTBR_ClassicHeuristic_MS_RF -> NNI_Substep_65] - Distance: 58.0000
((5,((22,10),((4,25),24))),(8,11),((26,7),((((29,((28,(17,(1,23))),(16,13))),19),((30,6),((((2,(15,14)),12),9),(20,18)))),((3,21),27))));

STEP 77 [uTBR_ClassicHeuristic_MS_RF -> NNI_Substep_66] - Distance: 56.0000
((5,((22,10),((4,25),24))),(8,11),((26,7),(((29,(((28,(17,(1,23))),(16,13)),19)),((30,6),((((2,(15,14)),12),9),(20,18)))),((3,21),27))));

STEP 78 [uTBR_ClassicHeuristic_MS_RF -> NNI_Substep_67] - Distance: 55.0000
((5,((22,10),((4,25),24))),(8,11),((26,7),(((29,(((28,(17,(1,23))),19),(16,13))),((30,6),((((2,(15,14)),12),9),(20,18)))),((3,21),27))));

STEP 79 [uTBR_ClassicHeuristic_MS_RF -> NNI_Substep_68] - Distance: 53.0000
((5,((22,10),((4,25),24))),(8,11),((26,7),(((29,((28,((17,(1,23)),19)),(16,13))),((30,6),((((2,(15,14)),12),9),(20,18)))),((3,21),27))));

STEP 80 [uTBR_ClassicHeuristic_MS_RF -> NNI_Substep_69] - Distance: 53.0000
((5,((22,10),((4,25),24))),(8,11),((26,7),(((29,((28,(17,((1,23),19))),(16,13))),((30,6),((((2,(15,14)),12),9),(20,18)))),((3,21),27))));

STEP 81 [uTBR_ClassicHeuristic_MS_RF -> NNI_Substep_70] - Distance: 51.0000
((5,((22,10),((4,25),24))),(8,11),((26,7),(((29,((28,(17,((1,23),19))),(16,13))),((30,6),((((2,(15,14)),12),9),(20,18)))),((21,27),3))));

STEP 82 [uTBR_ClassicHeuristic_MS_RF -> NNI_Substep_71] - Distance: 53.0000
((5,((22,10),((4,25),24))),(8,11),((26,7),((((29,((28,(17,((1,23),19))),(16,13))),((30,6),((((2,(15,14)),12),9),(20,18)))),(21,27)),3)));

STEP 83 [uTBR_ClassicHeuristic_MS_RF -> NNI_Substep_72] - Distance: 52.0000
((5,((22,10),((4,25),24))),(8,11),((26,7),((((29,((28,(17,((1,23),19))),(16,13))),((30,6),((((2,(15,14)),12),9),(20,18)))),3),(21,27))));

STEP 84 [uTBR_ClassicHeuristic_MS_RF -> NNI_Substep_73] - Distance: 58.0000
((5,((22,10),((4,25),24))),(8,11),((26,7),((((29,((28,(17,((1,23),19))),(16,13))),3),((30,6),((((2,(15,14)),12),9),(20,18)))),(21,27))));

STEP 85 [uTBR_ClassicHeuristic_MS_RF -> NNI_Substep_74] - Distance: 52.0000
((5,((22,10),((4,25),24))),(8,11),((26,7),((((29,3),((28,(17,((1,23),19))),(16,13))),((30,6),((((2,(15,14)),12),9),(20,18)))),(21,27))));

STEP 86 [uTBR_ClassicHeuristic_MS_RF -> NNI_Substep_75] - Distance: 50.0000
((5,((22,10),((4,25),24))),(8,11),(((26,7),(((29,3),((28,(17,((1,23),19))),(16,13))),((30,6),((((2,(15,14)),12),9),(20,18))))),(21,27)));

STEP 87 [uTBR_ClassicHeuristic_MS_RF -> NNI_Substep_76] - Distance: 46.0000
(((5,((22,10),((4,25),24))),(21,27)),(8,11),((26,7),(((29,3),((28,(17,((1,23),19))),(16,13))),((30,6),((((2,(15,14)),12),9),(20,18))))));

STEP 88 [uTBR_ClassicHeuristic_MS_RF -> NNI_Substep_77] - Distance: 43.0000
((5,(((22,10),((4,25),24)),(21,27))),(8,11),((26,7),(((29,3),((28,(17,((1,23),19))),(16,13))),((30,6),((((2,(15,14)),12),9),(20,18))))));

STEP 89 [uTBR_ClassicHeuristic_MS_RF -> NNI_Substep_78] - Distance: 41.0000
((5,(((22,10),((4,25),24)),(21,27))),(8,11),((26,7),(((29,3),(((28,((1,23),19)),17),(16,13))),((30,6),((((2,(15,14)),12),9),(20,18))))));

STEP 90 [uTBR_ClassicHeuristic_MS_RF -> NNI_Substep_79] - Distance: 40.0000
((5,(((22,10),((4,25),24)),(21,27))),(8,11),((26,7),(((29,3),(((28,((1,23),19)),(16,13)),17)),((30,6),((((2,(15,14)),12),9),(20,18))))));

STEP 91 [uTBR_ClassicHeuristic_MS_RF -> NNI_Substep_80] - Distance: 41.0000
((5,(((22,10),((4,25),24)),(21,27))),(8,11),((26,7),((((29,3),((28,((1,23),19)),(16,13))),17),((30,6),((((2,(15,14)),12),9),(20,18))))));

STEP 92 [uTBR_ClassicHeuristic_MS_RF -> NNI_Substep_81] - Distance: 33.0000
((5,(((22,10),((4,25),24)),(21,27))),(8,11),((26,7),((((29,3),((28,((1,23),19)),(16,13))),((30,6),((((2,(15,14)),12),9),(20,18)))),17)));

STEP 93 [uTBR_ClassicHeuristic_MS_RF -> NNI_Substep_82] - Distance: 32.0000
((5,(((22,10),((4,25),24)),(21,27))),(8,11),(((26,7),(((29,3),((28,((1,23),19)),(16,13))),((30,6),((((2,(15,14)),12),9),(20,18))))),17));

STEP 94 [uTBR_ClassicHeuristic_MS_RF -> NNI_Substep_83] - Distance: 29.0000
(((5,(((22,10),((4,25),24)),(21,27))),17),(8,11),((26,7),(((29,3),((28,((1,23),19)),(16,13))),((30,6),((((2,(15,14)),12),9),(20,18))))));

STEP 95 [uTBR_ClassicHeuristic_MS_RF -> NNI_Substep_84] - Distance: 27.0000
((5,((((22,10),((4,25),24)),(21,27)),17)),(8,11),((26,7),(((29,3),((28,((1,23),19)),(16,13))),((30,6),((((2,(15,14)),12),9),(20,18))))));

STEP 96 [uTBR_ClassicHeuristic_MS_RF -> NNI_Substep_85] - Distance: 30.0000
((5,((((22,10),((4,25),24)),(21,27)),17)),(8,11),((26,7),(((29,3),(((28,((1,23),19)),16),13)),((30,6),((((2,(15,14)),12),9),(20,18))))));

STEP 97 [uTBR_ClassicHeuristic_MS_RF -> NNI_Substep_86] - Distance: 28.0000
((5,((((22,10),((4,25),24)),(21,27)),17)),(8,11),((26,7),(((29,3),(((28,((1,23),19)),13),16)),((30,6),((((2,(15,14)),12),9),(20,18))))));

STEP 98 [uTBR_ClassicHeuristic_MS_RF -> NNI_Substep_87] - Distance: 24.0000
((5,((((22,10),((4,25),24)),(21,27)),17)),(8,11),((26,7),(((29,3),(((28,13),((1,23),19)),16)),((30,6),((((2,(15,14)),12),9),(20,18))))));

STEP 99 [uTBR_ClassicHeuristic_MS_RF -> NNI_Substep_88] - Distance: 32.0000
((5,((((22,10),((4,25),24)),(21,27)),17)),(8,11),((26,(((29,3),(((28,13),((1,23),19)),16)),((30,6),((((2,(15,14)),12),9),(20,18))))),7));

STEP 100 [uTBR_ClassicHeuristic_MS_RF -> NNI_Substep_89] - Distance: 22.0000
((5,((((22,10),((4,25),24)),(21,27)),17)),((8,11),7),(26,(((29,3),(((28,13),((1,23),19)),16)),((30,6),((((2,(15,14)),12),9),(20,18))))));

STEP 101 [uTBR_ClassicHeuristic_MS_RF -> NNI_Substep_90] - Distance: 22.0000
((5,((((22,10),((4,25),24)),(21,27)),17)),(8,(11,7)),(26,(((29,3),(((28,13),((1,23),19)),16)),((30,6),((((2,(15,14)),12),9),(20,18))))));

STEP 102 [uTBR_ClassicHeuristic_MS_RF -> NNI_Substep_91] - Distance: 30.0000
((5,((((22,10),((4,25),24)),(21,27)),17)),(11,7),((26,(((29,3),(((28,13),((1,23),19)),16)),((30,6),((((2,(15,14)),12),9),(20,18))))),8));

STEP 103 [uTBR_ClassicHeuristic_MS_RF -> NNI_Substep_92] - Distance: 32.0000
((5,((((22,10),((4,25),24)),(21,27)),17)),(11,7),(26,((((29,3),(((28,13),((1,23),19)),16)),((30,6),((((2,(15,14)),12),9),(20,18)))),8)));

STEP 104 [uTBR_ClassicHeuristic_MS_RF -> NNI_Substep_93] - Distance: 26.0000
((5,((((22,10),((4,25),24)),(21,27)),17)),(11,7),(26,((((29,3),(((28,13),((1,23),19)),16)),8),((30,6),((((2,(15,14)),12),9),(20,18))))));

STEP 105 [uTBR_ClassicHeuristic_MS_RF -> NNI_Substep_94] - Distance: 25.0000
((5,((((22,10),((4,25),24)),(21,27)),17)),(11,7),(26,(((29,3),((((28,13),((1,23),19)),16),8)),((30,6),((((2,(15,14)),12),9),(20,18))))));

STEP 106 [uTBR_ClassicHeuristic_MS_RF -> NNI_Substep_95] - Distance: 21.0000
((5,((((22,10),((4,25),24)),(21,27)),17)),(11,7),(26,(((29,3),(((28,13),((1,23),19)),(16,8))),((30,6),((((2,(15,14)),12),9),(20,18))))));

STEP 107 [uTBR_ClassicHeuristic_MS_RF -> NNI_Substep_96] - Distance: 28.0000
((5,((((22,10),((4,25),24)),(21,27)),17)),(11,7),(26,(((((28,13),((1,23),19)),(16,8)),((30,6),((((2,(15,14)),12),9),(20,18)))),(29,3))));

STEP 108 [uTBR_ClassicHeuristic_MS_RF -> NNI_Substep_97] - Distance: 25.0000
((5,((((22,10),((4,25),24)),(21,27)),17)),(11,7),((26,((((28,13),((1,23),19)),(16,8)),((30,6),((((2,(15,14)),12),9),(20,18))))),(29,3)));

STEP 109 [uTBR_ClassicHeuristic_MS_RF -> NNI_Substep_98] - Distance: 23.0000
(((5,((((22,10),((4,25),24)),(21,27)),17)),(29,3)),(11,7),(26,((((28,13),((1,23),19)),(16,8)),((30,6),((((2,(15,14)),12),9),(20,18))))));

STEP 110 [uTBR_ClassicHeuristic_MS_RF -> NNI_Substep_99] - Distance: 22.0000
((5,(((((22,10),((4,25),24)),(21,27)),17),(29,3))),(11,7),(26,((((28,13),((1,23),19)),(16,8)),((30,6),((((2,(15,14)),12),9),(20,18))))));

STEP 111 [uTBR_ClassicHeuristic_MS_RF -> NNI_Substep_100] - Distance: 19.0000
((((((22,10),((4,25),24)),(21,27)),17),(29,3)),(11,7),((26,((((28,13),((1,23),19)),(16,8)),((30,6),((((2,(15,14)),12),9),(20,18))))),5));

STEP 112 [uTBR_ClassicHeuristic_MS_RF -> NNI_Substep_101] - Distance: 19.0000
((((((22,10),((4,25),24)),(21,27)),17),(29,3)),(11,7),(26,(((((28,13),((1,23),19)),(16,8)),((30,6),((((2,(15,14)),12),9),(20,18)))),5)));

STEP 113 [uTBR_ClassicHeuristic_MS_RF -> NNI_Substep_102] - Distance: 9.0000
((((((22,10),((4,25),24)),(21,27)),17),(29,3)),(11,7),(26,(((((28,13),((1,23),19)),(16,8)),5),((30,6),((((2,(15,14)),12),9),(20,18))))));

STEP 114 [uTBR_ClassicHeuristic_MS_RF -> NNI_Substep_103] - Distance: 8.0000
((((((22,10),((4,25),24)),(21,27)),17),(29,3)),(11,7),(26,(((((28,13),((1,23),19)),5),(16,8)),((30,6),((((2,(15,14)),12),9),(20,18))))));

STEP 115 [uTBR_ClassicHeuristic_MS_RF -> NNI_Substep_104] - Distance: 16.0000
((((((22,10),((4,25),24)),(21,27)),17),(29,3)),(11,7),((((((28,13),((1,23),19)),5),(16,8)),26),((30,6),((((2,(15,14)),12),9),(20,18)))));

STEP 116 [uTBR_ClassicHeuristic_MS_RF -> NNI_Substep_105] - Distance: 13.0000
((((((22,10),((4,25),24)),(21,27)),17),(29,3)),(11,7),((((((28,13),((1,23),19)),5),26),(16,8)),((30,6),((((2,(15,14)),12),9),(20,18)))));

STEP 117 [uTBR_ClassicHeuristic_MS_RF -> NNI_Substep_106] - Distance: 11.0000
((((((22,10),((4,25),24)),(21,27)),17),(29,3)),(11,7),((((((28,13),((1,23),19)),26),5),(16,8)),((30,6),((((2,(15,14)),12),9),(20,18)))));

STEP 118 [uTBR_ClassicHeuristic_MS_RF -> NNI_Substep_107] - Distance: 0.0000
((((((22,10),((4,25),24)),(21,27)),17),(29,3)),((16,8),(((((28,13),((1,23),19)),26),5),((30,6),((((2,(15,14)),12),9),(20,18))))),(11,7));

========================================================
[FINAL] Total Steps: 118 | Final Distance: 0.0000
========================================================
