========================================================
HEURISTIC TRAJECTORY: 2. NNI (Incremental) (M3)
========================================================
STEP 0 [START] - Distance: 3197.0000
(((8,(24,28)),(25,1)),(17,11),((((13,26),(4,(23,12))),(((27,((21,22),(2,10))),(9,(19,18))),(5,(15,(16,(3,(6,29))))))),((30,14),(20,7))));

STEP 1 [NNI_IncrementalHeuristic_M3 -> NNI_Substep_1] - Distance: 3105.0000
(((8,(24,28)),(25,1)),(17,11),((((13,26),(4,(23,12))),((30,14),(20,7))),(((27,((21,22),(2,10))),(9,(19,18))),(5,(15,(16,(3,(6,29))))))));

STEP 2 [NNI_IncrementalHeuristic_M3 -> NNI_Substep_2] - Distance: 3007.0000
(((8,(24,28)),(25,1)),(17,11),(((27,((21,22),(2,10))),(9,(19,18))),((((13,26),(4,(23,12))),((30,14),(20,7))),(5,(15,(16,(3,(6,29))))))));

STEP 3 [NNI_IncrementalHeuristic_M3 -> NNI_Substep_3] - Distance: 2944.0000
(((8,(24,28)),(25,1)),(17,11),(((27,((21,22),(2,10))),(9,(19,18))),(((20,7),((30,14),((13,26),(4,(23,12))))),(5,(15,(16,(3,(6,29))))))));

STEP 4 [NNI_IncrementalHeuristic_M3 -> NNI_Substep_4] - Distance: 2918.0000
(((8,(25,1)),(24,28)),(17,11),(((27,((21,22),(2,10))),(9,(19,18))),(((20,7),((30,14),((13,26),(4,(23,12))))),(5,(15,(16,(3,(6,29))))))));

STEP 5 [NNI_IncrementalHeuristic_M3 -> NNI_Substep_5] - Distance: 2895.0000
(((8,(25,1)),(24,28)),(17,11),(((27,((21,22),(2,10))),(9,(19,18))),(((20,7),((((13,26),(4,(23,12))),14),30)),(5,(15,(16,(3,(6,29))))))));

STEP 6 [NNI_IncrementalHeuristic_M3 -> NNI_Substep_6] - Distance: 2872.0000
(((8,(25,1)),(24,28)),(17,11),(((27,((21,22),(2,10))),(9,(19,18))),(((20,7),(((4,((13,26),(23,12))),14),30)),(5,(15,(16,(3,(6,29))))))));

STEP 7 [NNI_IncrementalHeuristic_M3 -> NNI_Substep_7] - Distance: 2820.0000
(((8,(25,1)),(24,28)),(17,11),(((27,((21,22),(2,10))),(9,(19,18))),(((20,7),(((4,14),((13,26),(23,12))),30)),(5,(15,(16,(3,(6,29))))))));

STEP 8 [NNI_IncrementalHeuristic_M3 -> NNI_Substep_8] - Distance: 2798.0000
(((8,(25,1)),(24,28)),(17,11),((9,((27,((21,22),(2,10))),(19,18))),(((20,7),(((4,14),((13,26),(23,12))),30)),(5,(15,(16,(3,(6,29))))))));

STEP 9 [NNI_IncrementalHeuristic_M3 -> NNI_Substep_9] - Distance: 2776.0000
(((8,(25,1)),(24,28)),(17,11),((9,((27,((21,22),(2,10))),(19,18))),(((20,7),(((4,14),((13,26),(23,12))),30)),(15,(5,(16,(3,(6,29))))))));

STEP 10 [NNI_IncrementalHeuristic_M3 -> NNI_Substep_10] - Distance: 2755.0000
(((8,(25,1)),(24,28)),(17,11),((9,((27,((21,22),(2,10))),(19,18))),(((20,7),(((4,14),((13,26),(23,12))),30)),(15,(16,(5,(3,(6,29))))))));

STEP 11 [NNI_IncrementalHeuristic_M3 -> NNI_Substep_11] - Distance: 2733.0000
(((8,(25,1)),(24,28)),(17,11),((9,((27,((21,22),(2,10))),(19,18))),(((20,7),(((4,14),((13,26),(23,12))),30)),(16,(15,(5,(3,(6,29))))))));

STEP 12 [NNI_IncrementalHeuristic_M3 -> NNI_Substep_12] - Distance: 2718.0000
(((8,(25,1)),(24,28)),(17,11),((9,(((2,10),((21,22),27)),(19,18))),(((20,7),(((4,14),((13,26),(23,12))),30)),(16,(15,(5,(3,(6,29))))))));

STEP 13 [NNI_IncrementalHeuristic_M3 -> NNI_Substep_13] - Distance: 2692.0000
(((8,(25,1)),(24,28)),(17,11),((9,(((2,((21,22),27)),10),(19,18))),(((20,7),(((4,14),((13,26),(23,12))),30)),(16,(15,(5,(3,(6,29))))))));

STEP 14 [NNI_IncrementalHeuristic_M3 -> NNI_Substep_14] - Distance: 2672.0000
(((8,(25,1)),(24,28)),(17,11),((9,(((2,((21,22),27)),(19,18)),10)),(((20,7),(((4,14),((13,26),(23,12))),30)),(16,(15,(5,(3,(6,29))))))));

STEP 15 [NNI_IncrementalHeuristic_M3 -> NNI_Substep_15] - Distance: 2660.0000
(((8,(25,1)),(24,28)),(17,11),((10,(((2,((21,22),27)),(19,18)),9)),(((20,7),(((4,14),((13,26),(23,12))),30)),(16,(15,(5,(3,(6,29))))))));

STEP 16 [NNI_IncrementalHeuristic_M3 -> NNI_Substep_16] - Distance: 2596.0000
(((8,(25,1)),(24,28)),(17,11),((10,(((20,7),(((4,14),((13,26),(23,12))),30)),(16,(15,(5,(3,(6,29))))))),(((2,((21,22),27)),(19,18)),9)));

STEP 17 [NNI_IncrementalHeuristic_M3 -> NNI_Substep_17] - Distance: 2587.0000
(((8,(25,1)),(24,28)),(17,11),((10,(((20,7),(((4,14),((13,26),(23,12))),30)),(16,(15,(5,(3,(6,29))))))),((18,(19,(2,((21,22),27)))),9)));

STEP 18 [NNI_IncrementalHeuristic_M3 -> NNI_Substep_18] - Distance: 2581.0000
(((8,(25,1)),(24,28)),(17,11),((10,(((20,7),(((4,14),((13,26),(23,12))),30)),(16,(15,(5,(3,(6,29))))))),((18,(19,(2,((27,22),21)))),9)));

STEP 19 [NNI_IncrementalHeuristic_M3 -> NNI_Substep_19] - Distance: 2577.0000
(((8,(25,1)),(24,28)),(17,11),((10,(((20,7),(((4,14),((13,26),(23,12))),30)),(16,(15,(5,(3,(6,29))))))),((18,(2,(19,((27,22),21)))),9)));

STEP 20 [NNI_IncrementalHeuristic_M3 -> NNI_Substep_20] - Distance: 2565.0000
(((8,(25,1)),(24,28)),(17,11),((10,(((20,7),(((4,14),((13,26),(23,12))),30)),(16,(15,(5,(3,(6,29))))))),((18,(2,((27,22),(19,21)))),9)));

STEP 21 [NNI_IncrementalHeuristic_M3 -> NNI_Substep_21] - Distance: 2561.0000
(((8,(25,1)),(24,28)),(17,11),((10,(((20,7),(((4,14),((13,26),(23,12))),30)),(16,(15,(5,(3,(6,29))))))),((18,((19,21),((27,22),2))),9)));

STEP 22 [NNI_IncrementalHeuristic_M3 -> NNI_Substep_22] - Distance: 2555.0000
(((8,(25,1)),(24,28)),(17,11),((10,(((20,7),(((4,14),((13,26),(23,12))),30)),(16,(15,(5,(3,(6,29))))))),(((19,21),(18,((27,22),2))),9)));

STEP 23 [NNI_IncrementalHeuristic_M3 -> NNI_Substep_23] - Distance: 2543.0000
(((8,(25,1)),(24,28)),(17,11),((10,(((20,7),(((4,14),((13,26),(23,12))),30)),(16,(15,(5,(3,(6,29))))))),((9,(18,((27,22),2))),(19,21))));

STEP 24 [NNI_IncrementalHeuristic_M3 -> NNI_Substep_24] - Distance: 2469.0000
(((8,(25,1)),(24,28)),(17,11),((9,(18,((27,22),2))),((10,(((20,7),(((4,14),((13,26),(23,12))),30)),(16,(15,(5,(3,(6,29))))))),(19,21))));

STEP 25 [NNI_IncrementalHeuristic_M3 -> NNI_Substep_25] - Distance: 2447.0000
(((8,(25,1)),(24,28)),(17,11),((9,(18,((27,22),2))),(((19,21),(((20,7),(((4,14),((13,26),(23,12))),30)),(16,(15,(5,(3,(6,29))))))),10)));

STEP 26 [NNI_IncrementalHeuristic_M3 -> NNI_Substep_26] - Distance: 2331.0000
(((8,(25,1)),(24,28)),(17,11),((9,(18,((27,22),2))),(((16,(15,(5,(3,(6,29))))),(((20,7),(((4,14),((13,26),(23,12))),30)),(19,21))),10)));

STEP 27 [NNI_IncrementalHeuristic_M3 -> NNI_Substep_27] - Distance: 2259.0000
(((8,(25,1)),(24,28)),(17,11),((9,(18,((27,22),2))),(((16,(15,(5,(3,(6,29))))),(((19,21),(((4,14),((13,26),(23,12))),30)),(20,7))),10)));

STEP 28 [NNI_IncrementalHeuristic_M3 -> NNI_Substep_28] - Distance: 2244.0000
((((16,(15,(5,(3,(6,29))))),(((19,21),(((4,14),((13,26),(23,12))),30)),(20,7))),10),(17,11),((9,(18,((27,22),2))),((8,(25,1)),(24,28))));

STEP 29 [NNI_IncrementalHeuristic_M3 -> NNI_Substep_29] - Distance: 2207.0000
((((16,(15,(5,(3,(6,29))))),(((19,21),(((4,14),((13,26),(23,12))),30)),(20,7))),10),(17,11),((24,28),((8,(25,1)),(9,(18,((27,22),2))))));

STEP 30 [NNI_IncrementalHeuristic_M3 -> NNI_Substep_30] - Distance: 2140.0000
((24,28),(17,11),((((16,(15,(5,(3,(6,29))))),(((19,21),(((4,14),((13,26),(23,12))),30)),(20,7))),10),((8,(25,1)),(9,(18,((27,22),2))))));

STEP 31 [NNI_IncrementalHeuristic_M3 -> NNI_Substep_31] - Distance: 2119.0000
((24,28),(17,11),((((16,(15,(5,(3,(6,29))))),(((19,21),(((4,14),((13,26),(23,12))),30)),(20,7))),10),(9,((8,(25,1)),(18,((27,22),2))))));

STEP 32 [NNI_IncrementalHeuristic_M3 -> NNI_Substep_32] - Distance: 2109.0000
((24,28),(17,11),((((16,(15,(5,(3,(6,29))))),(((19,21),(((4,14),((13,26),(23,12))),30)),(20,7))),10),(9,(18,((8,(25,1)),((27,22),2))))));

STEP 33 [NNI_IncrementalHeuristic_M3 -> NNI_Substep_33] - Distance: 2084.0000
((24,28),(17,11),((((16,(15,(5,(3,(6,29))))),(((19,21),(((4,14),((13,26),(23,12))),30)),(20,7))),10),(9,(18,(2,((27,22),(8,(25,1))))))));

STEP 34 [NNI_IncrementalHeuristic_M3 -> NNI_Substep_34] - Distance: 2080.0000
((24,28),(17,11),((((16,(15,(5,(3,(6,29))))),((30,(((4,14),((13,26),(23,12))),(19,21))),(20,7))),10),(9,(18,(2,((27,22),(8,(25,1))))))));

STEP 35 [NNI_IncrementalHeuristic_M3 -> NNI_Substep_35] - Distance: 2072.0000
((24,28),(17,11),((((16,(15,(5,(3,(6,29))))),(((20,7),(((4,14),((13,26),(23,12))),(19,21))),30)),10),(9,(18,(2,((27,22),(8,(25,1))))))));

STEP 36 [NNI_IncrementalHeuristic_M3 -> NNI_Substep_36] - Distance: 1974.0000
((24,28),(17,11),(((((20,7),(((4,14),((13,26),(23,12))),(19,21))),((16,(15,(5,(3,(6,29))))),30)),10),(9,(18,(2,((27,22),(8,(25,1))))))));

STEP 37 [NNI_IncrementalHeuristic_M3 -> NNI_Substep_37] - Distance: 1903.0000
((24,28),(17,11),(((((20,7),(((4,14),((13,26),(23,12))),(19,21))),((16,30),(15,(5,(3,(6,29)))))),10),(9,(18,(2,((27,22),(8,(25,1))))))));

STEP 38 [NNI_IncrementalHeuristic_M3 -> NNI_Substep_38] - Distance: 1900.0000
((24,28),(17,11),(((((20,7),(((4,14),(23,((13,26),12))),(19,21))),((16,30),(15,(5,(3,(6,29)))))),10),(9,(18,(2,((27,22),(8,(25,1))))))));

STEP 39 [NNI_IncrementalHeuristic_M3 -> NNI_Substep_39] - Distance: 1896.0000
((24,28),(17,11),(((((20,7),((23,((4,14),((13,26),12))),(19,21))),((16,30),(15,(5,(3,(6,29)))))),10),(9,(18,(2,((27,22),(8,(25,1))))))));

STEP 40 [NNI_IncrementalHeuristic_M3 -> NNI_Substep_40] - Distance: 1888.0000
((24,28),(17,11),(((((20,7),(((19,21),((4,14),((13,26),12))),23)),((16,30),(15,(5,(3,(6,29)))))),10),(9,(18,(2,((27,22),(8,(25,1))))))));

STEP 41 [NNI_IncrementalHeuristic_M3 -> NNI_Substep_41] - Distance: 1876.0000
((24,28),(17,11),((((23,(((19,21),((4,14),((13,26),12))),(20,7))),((16,30),(15,(5,(3,(6,29)))))),10),(9,(18,(2,((27,22),(8,(25,1))))))));

STEP 42 [NNI_IncrementalHeuristic_M3 -> NNI_Substep_42] - Distance: 1768.0000
((24,28),(17,11),((((23,((16,30),(15,(5,(3,(6,29)))))),(((19,21),((4,14),((13,26),12))),(20,7))),10),(9,(18,(2,((27,22),(8,(25,1))))))));

STEP 43 [NNI_IncrementalHeuristic_M3 -> NNI_Substep_43] - Distance: 1697.0000
((24,28),(17,11),(((((15,(5,(3,(6,29)))),((16,30),23)),(((19,21),((4,14),((13,26),12))),(20,7))),10),(9,(18,(2,((27,22),(8,(25,1))))))));

STEP 44 [NNI_IncrementalHeuristic_M3 -> NNI_Substep_44] - Distance: 1669.0000
((24,28),(17,11),(((((15,(5,(3,(6,29)))),((23,30),16)),(((19,21),((4,14),((13,26),12))),(20,7))),10),(9,(18,(2,((27,22),(8,(25,1))))))));

STEP 45 [NNI_IncrementalHeuristic_M3 -> NNI_Substep_45] - Distance: 1666.0000
((24,28),(17,11),(((((15,(5,(29,(6,3)))),((23,30),16)),(((19,21),((4,14),((13,26),12))),(20,7))),10),(9,(18,(2,((27,22),(8,(25,1))))))));

STEP 46 [NNI_IncrementalHeuristic_M3 -> NNI_Substep_46] - Distance: 1662.0000
((24,28),(17,11),(((((15,(29,(5,(6,3)))),((23,30),16)),(((19,21),((4,14),((13,26),12))),(20,7))),10),(9,(18,(2,((27,22),(8,(25,1))))))));

STEP 47 [NNI_IncrementalHeuristic_M3 -> NNI_Substep_47] - Distance: 1657.0000
((24,28),(17,11),(((((29,(15,(5,(6,3)))),((23,30),16)),(((19,21),((4,14),((13,26),12))),(20,7))),10),(9,(18,(2,((27,22),(8,(25,1))))))));

STEP 48 [NNI_IncrementalHeuristic_M3 -> NNI_Substep_48] - Distance: 1639.0000
((24,28),(17,11),(((((((23,30),16),(15,(5,(6,3)))),29),(((19,21),((4,14),((13,26),12))),(20,7))),10),(9,(18,(2,((27,22),(8,(25,1))))))));

STEP 49 [NNI_IncrementalHeuristic_M3 -> NNI_Substep_49] - Distance: 1564.0000
((24,28),(17,11),(((((((23,30),16),(15,(5,(6,3)))),(((19,21),((4,14),((13,26),12))),(20,7))),29),10),(9,(18,(2,((27,22),(8,(25,1))))))));

STEP 50 [NNI_IncrementalHeuristic_M3 -> NNI_Substep_50] - Distance: 1548.0000
((24,28),(17,11),(((((((23,30),16),(15,(5,(6,3)))),(((19,21),((4,14),((13,26),12))),(20,7))),10),29),(9,(18,(2,((27,22),(8,(25,1))))))));

STEP 51 [NNI_IncrementalHeuristic_M3 -> NNI_Substep_51] - Distance: 1497.0000
((24,28),(17,11),(((9,(18,(2,((27,22),(8,(25,1)))))),29),(((((23,30),16),(15,(5,(6,3)))),(((19,21),((4,14),((13,26),12))),(20,7))),10)));

STEP 52 [NNI_IncrementalHeuristic_M3 -> NNI_Substep_52] - Distance: 1494.0000
((24,28),(17,11),(((18,(9,(2,((27,22),(8,(25,1)))))),29),(((((23,30),16),(15,(5,(6,3)))),(((19,21),((4,14),((13,26),12))),(20,7))),10)));

STEP 53 [NNI_IncrementalHeuristic_M3 -> NNI_Substep_53] - Distance: 1406.0000
((24,28),(17,11),(((18,(((27,22),(8,(25,1))),(2,9))),29),(((((23,30),16),(15,(5,(6,3)))),(((19,21),((4,14),((13,26),12))),(20,7))),10)));

STEP 54 [NNI_IncrementalHeuristic_M3 -> NNI_Substep_54] - Distance: 1401.0000
((24,28),(17,11),(((29,(((27,22),(8,(25,1))),(2,9))),18),(((((23,30),16),(15,(5,(6,3)))),(((19,21),((4,14),((13,26),12))),(20,7))),10)));

STEP 55 [NNI_IncrementalHeuristic_M3 -> NNI_Substep_55] - Distance: 1276.0000
((24,28),(17,11),(((29,(((27,22),(8,(25,1))),(2,9))),(((((23,30),16),(15,(5,(6,3)))),(((19,21),((4,14),((13,26),12))),(20,7))),10)),18));

STEP 56 [NNI_IncrementalHeuristic_M3 -> NNI_Substep_56] - Distance: 1232.0000
((24,28),(17,11),((((2,9),(((27,22),(8,(25,1))),29)),(((((23,30),16),(15,(5,(6,3)))),(((19,21),((4,14),((13,26),12))),(20,7))),10)),18));

STEP 57 [NNI_IncrementalHeuristic_M3 -> NNI_Substep_57] - Distance: 1203.0000
(18,(17,11),((((2,9),(((27,22),(8,(25,1))),29)),(((((23,30),16),(15,(5,(6,3)))),(((19,21),((4,14),((13,26),12))),(20,7))),10)),(24,28)));

STEP 58 [NNI_IncrementalHeuristic_M3 -> NNI_Substep_58] - Distance: 1200.0000
(18,(17,11),(24,((((2,9),(((27,22),(8,(25,1))),29)),(((((23,30),16),(15,(5,(6,3)))),(((19,21),((4,14),((13,26),12))),(20,7))),10)),28)));

STEP 59 [NNI_IncrementalHeuristic_M3 -> NNI_Substep_59] - Distance: 1124.0000
(18,(17,11),(24,((((2,9),(((27,22),(8,(25,1))),29)),28),(((((23,30),16),(15,(5,(6,3)))),(((19,21),((4,14),((13,26),12))),(20,7))),10))));

STEP 60 [NNI_IncrementalHeuristic_M3 -> NNI_Substep_60] - Distance: 1084.0000
(18,(17,11),(24,(((28,(((27,22),(8,(25,1))),29)),(2,9)),(((((23,30),16),(15,(5,(6,3)))),(((19,21),((4,14),((13,26),12))),(20,7))),10))));

STEP 61 [NNI_IncrementalHeuristic_M3 -> NNI_Substep_61] - Distance: 990.0000
(18,(17,11),(24,(((((27,22),(8,(25,1))),(28,29)),(2,9)),(((((23,30),16),(15,(5,(6,3)))),(((19,21),((4,14),((13,26),12))),(20,7))),10))));

STEP 62 [NNI_IncrementalHeuristic_M3 -> NNI_Substep_62] - Distance: 988.0000
(18,(17,11),(24,(((((27,22),(8,(25,1))),(28,29)),(2,9)),(((((23,30),16),(15,(3,(6,5)))),(((19,21),((4,14),((13,26),12))),(20,7))),10))));

STEP 63 [NNI_IncrementalHeuristic_M3 -> NNI_Substep_63] - Distance: 985.0000
(18,(17,11),(24,(((((27,22),(8,(25,1))),(28,29)),(2,9)),(((((23,30),16),(3,(15,(6,5)))),(((19,21),((4,14),((13,26),12))),(20,7))),10))));

STEP 64 [NNI_IncrementalHeuristic_M3 -> NNI_Substep_64] - Distance: 973.0000
(18,(17,11),(24,(((((27,22),(8,(25,1))),(28,29)),(2,9)),(((3,(((23,30),16),(15,(6,5)))),(((19,21),((4,14),((13,26),12))),(20,7))),10))));

STEP 65 [NNI_IncrementalHeuristic_M3 -> NNI_Substep_65] - Distance: 916.0000
(18,(17,11),(24,(((((27,22),(8,(25,1))),(28,29)),(2,9)),((((((19,21),((4,14),((13,26),12))),(20,7)),(((23,30),16),(15,(6,5)))),3),10))));

STEP 66 [NNI_IncrementalHeuristic_M3 -> NNI_Substep_66] - Distance: 902.0000
(18,(17,11),(24,(((((27,22),(8,(25,1))),(28,29)),(2,9)),((((((19,21),((4,14),((13,26),12))),(20,7)),(((23,30),16),(15,(6,5)))),10),3))));

STEP 67 [NNI_IncrementalHeuristic_M3 -> NNI_Substep_67] - Distance: 842.0000
(18,(17,11),(24,((((((19,21),((4,14),((13,26),12))),(20,7)),(((23,30),16),(15,(6,5)))),10),(((((27,22),(8,(25,1))),(28,29)),(2,9)),3))));

STEP 68 [NNI_IncrementalHeuristic_M3 -> NNI_Substep_68] - Distance: 802.0000
(18,(17,11),(24,((((((19,21),((4,14),((13,26),12))),(20,7)),(((23,30),16),(15,(6,5)))),10),(((((27,22),(8,(25,1))),(28,29)),3),(2,9)))));

STEP 69 [NNI_IncrementalHeuristic_M3 -> NNI_Substep_69] - Distance: 758.0000
(18,(17,11),(24,((((((19,21),((4,14),((13,26),12))),(20,7)),(((23,30),16),(15,(6,5)))),10),(((((27,22),(8,(25,1))),3),(28,29)),(2,9)))));

STEP 70 [NNI_IncrementalHeuristic_M3 -> NNI_Substep_70] - Distance: 710.0000
(18,(17,11),(24,((((((19,21),((4,14),((13,26),12))),(20,7)),(((23,30),16),(15,(6,5)))),10),((((3,(8,(25,1))),(27,22)),(28,29)),(2,9)))));

STEP 71 [NNI_IncrementalHeuristic_M3 -> NNI_Substep_71] - Distance: 684.0000
(18,(17,11),(24,((((((19,21),((4,14),((13,26),12))),(20,7)),(((23,30),16),(15,(6,5)))),10),((((8,(3,(25,1))),(27,22)),(28,29)),(2,9)))));

STEP 72 [NNI_IncrementalHeuristic_M3 -> NNI_Substep_72] - Distance: 682.0000
(18,(17,11),(24,((((((19,21),((4,14),((13,26),12))),(20,7)),(((23,30),16),(15,(6,5)))),10),((((8,(1,(25,3))),(27,22)),(28,29)),(2,9)))));

STEP 73 [NNI_IncrementalHeuristic_M3 -> NNI_Substep_73] - Distance: 679.0000
(18,(17,11),(24,((((((19,21),((4,14),((13,26),12))),(20,7)),(((23,30),16),(15,(6,5)))),10),((((1,(8,(25,3))),(27,22)),(28,29)),(2,9)))));

STEP 74 [NNI_IncrementalHeuristic_M3 -> NNI_Substep_74] - Distance: 671.0000
(18,(17,11),(24,((((((19,21),((4,14),((13,26),12))),(20,7)),(((23,30),16),(15,(6,5)))),10),(((((27,22),(8,(25,3))),1),(28,29)),(2,9)))));

STEP 75 [NNI_IncrementalHeuristic_M3 -> NNI_Substep_75] - Distance: 659.0000
(18,(17,11),(24,((((((19,21),((4,14),((13,26),12))),(20,7)),(((23,30),16),(15,(6,5)))),10),(((((27,22),(8,(25,3))),(28,29)),1),(2,9)))));

STEP 76 [NNI_IncrementalHeuristic_M3 -> NNI_Substep_76] - Distance: 643.0000
(18,(17,11),(24,((((((19,21),((4,14),((13,26),12))),(20,7)),(((23,30),16),(15,(6,5)))),10),(((((27,22),(8,(25,3))),(28,29)),(2,9)),1))));

STEP 77 [NNI_IncrementalHeuristic_M3 -> NNI_Substep_77] - Distance: 603.0000
(18,(17,11),(24,(((((27,22),(8,(25,3))),(28,29)),(2,9)),((((((19,21),((4,14),((13,26),12))),(20,7)),(((23,30),16),(15,(6,5)))),10),1))));

STEP 78 [NNI_IncrementalHeuristic_M3 -> NNI_Substep_78] - Distance: 590.0000
(18,(17,11),(24,(((((27,22),(8,(25,3))),(28,29)),(2,9)),((((((19,21),((4,14),((13,26),12))),(20,7)),(((23,30),16),(15,(6,5)))),1),10))));

STEP 79 [NNI_IncrementalHeuristic_M3 -> NNI_Substep_79] - Distance: 506.0000
(18,(17,11),(24,(((((27,22),(8,(25,3))),(28,29)),(2,9)),((((((19,21),((4,14),((13,26),12))),(20,7)),1),(((23,30),16),(15,(6,5)))),10))));

STEP 80 [NNI_IncrementalHeuristic_M3 -> NNI_Substep_80] - Distance: 466.0000
(18,(17,11),(24,(((((27,22),(8,(25,3))),(28,29)),(2,9)),((((((19,21),((4,14),((13,26),12))),1),(20,7)),(((23,30),16),(15,(6,5)))),10))));

STEP 81 [NNI_IncrementalHeuristic_M3 -> NNI_Substep_81] - Distance: 422.0000
(18,(17,11),(24,(((((27,22),(8,(25,3))),(28,29)),(2,9)),(((((1,((4,14),((13,26),12))),(19,21)),(20,7)),(((23,30),16),(15,(6,5)))),10))));

STEP 82 [NNI_IncrementalHeuristic_M3 -> NNI_Substep_82] - Distance: 374.0000
(18,(17,11),(24,(((((27,22),(8,(25,3))),(28,29)),(2,9)),((((((4,14),(1,((13,26),12))),(19,21)),(20,7)),(((23,30),16),(15,(6,5)))),10))));

STEP 83 [NNI_IncrementalHeuristic_M3 -> NNI_Substep_83] - Distance: 348.0000
(18,(17,11),(24,(((((27,22),(8,(25,3))),(28,29)),(2,9)),((((((4,14),(12,((13,26),1))),(19,21)),(20,7)),(((23,30),16),(15,(6,5)))),10))));

STEP 84 [NNI_IncrementalHeuristic_M3 -> NNI_Substep_84] - Distance: 346.0000
(18,(17,11),(24,(((((27,22),(8,(25,3))),(28,29)),(2,9)),((((((4,14),(12,((1,26),13))),(19,21)),(20,7)),(((23,30),16),(15,(6,5)))),10))));

STEP 85 [NNI_IncrementalHeuristic_M3 -> NNI_Substep_85] - Distance: 343.0000
(18,(17,11),(24,(((((27,22),(8,(25,3))),(28,29)),(2,9)),((((((4,14),(13,((1,26),12))),(19,21)),(20,7)),(((23,30),16),(15,(6,5)))),10))));

STEP 86 [NNI_IncrementalHeuristic_M3 -> NNI_Substep_86] - Distance: 335.0000
(18,(17,11),(24,(((((27,22),(8,(25,3))),(28,29)),(2,9)),(((((13,((4,14),((1,26),12))),(19,21)),(20,7)),(((23,30),16),(15,(6,5)))),10))));

STEP 87 [NNI_IncrementalHeuristic_M3 -> NNI_Substep_87] - Distance: 323.0000
(18,(17,11),(24,(((((27,22),(8,(25,3))),(28,29)),(2,9)),((((((19,21),((4,14),((1,26),12))),13),(20,7)),(((23,30),16),(15,(6,5)))),10))));

STEP 88 [NNI_IncrementalHeuristic_M3 -> NNI_Substep_88] - Distance: 307.0000
(18,(17,11),(24,(((((27,22),(8,(25,3))),(28,29)),(2,9)),((((((19,21),((4,14),((1,26),12))),(20,7)),13),(((23,30),16),(15,(6,5)))),10))));

STEP 89 [NNI_IncrementalHeuristic_M3 -> NNI_Substep_89] - Distance: 247.0000
(18,(17,11),(24,(((((27,22),(8,(25,3))),(28,29)),(2,9)),((((((19,21),((4,14),((1,26),12))),(20,7)),(((23,30),16),(15,(6,5)))),13),10))));

STEP 90 [NNI_IncrementalHeuristic_M3 -> NNI_Substep_90] - Distance: 231.0000
(18,(17,11),(24,(((((27,22),(8,(25,3))),(28,29)),(2,9)),((((((19,21),((4,14),((1,26),12))),(20,7)),(((23,30),16),(15,(6,5)))),10),13))));

STEP 91 [NNI_IncrementalHeuristic_M3 -> NNI_Substep_91] - Distance: 78.0000
(18,(17,11),(24,(13,((((((19,21),((4,14),((1,26),12))),(20,7)),(((23,30),16),(15,(6,5)))),10),((((27,22),(8,(25,3))),(28,29)),(2,9))))));

STEP 92 [NNI_IncrementalHeuristic_M3 -> NNI_Substep_92] - Distance: 0.0000
(18,(17,11),(((((((19,21),((4,14),((1,26),12))),(20,7)),(((23,30),16),(15,(6,5)))),10),((((27,22),(8,(25,3))),(28,29)),(2,9))),(13,24)));

========================================================
[FINAL] Total Steps: 92 | Final Distance: 0.0000
========================================================
