========================================================
HEURISTIC TRAJECTORY: VND Classic (MC_RF)
========================================================
STEP 0 [START] - Distance: 140.0000
(((((29,23),(3,17)),(1,8)),(26,(14,20))),((((18,((16,(28,(6,(13,30)))),(27,11))),((25,2),(15,5))),((7,19),(21,(10,24)))),((12,9),(22,4))));

STEP 1 [NNI_ClassicHeuristic_MC_RF -> NNI_Substep_1] - Distance: 131.0000
(((12,9),(22,4)),((((18,(((6,(13,30)),(28,16)),(27,11))),((25,2),(15,5))),((7,19),(21,(10,24)))),((((29,23),(3,17)),(1,8)),(26,(14,20)))));

STEP 2 [NNI_ClassicHeuristic_MC_RF -> NNI_Substep_2] - Distance: 127.0000
(((12,9),(22,4)),((((18,(((6,(13,30)),(28,16)),(27,11))),((25,2),(15,5))),((((29,23),(3,17)),(1,8)),(26,(14,20)))),((7,19),(21,(10,24)))));

STEP 3 [NNI_ClassicHeuristic_MC_RF -> NNI_Substep_3] - Distance: 122.0000
(((12,9),(22,4)),((7,19),((((18,(((6,(13,30)),(28,16)),(27,11))),((25,2),(15,5))),((((29,23),(3,17)),(1,8)),(26,(14,20)))),(21,(10,24)))));

STEP 4 [NNI_ClassicHeuristic_MC_RF -> NNI_Substep_4] - Distance: 120.0000
(((12,9),(22,4)),((7,19),((((18,(((6,(28,16)),(13,30)),(27,11))),((25,2),(15,5))),((((29,23),(3,17)),(1,8)),(26,(14,20)))),(21,(10,24)))));

STEP 5 [NNI_ClassicHeuristic_MC_RF -> NNI_Substep_5] - Distance: 118.0000
(((12,9),(22,4)),((7,19),((((((6,(28,16)),(13,30)),(18,(27,11))),((25,2),(15,5))),((((29,23),(3,17)),(1,8)),(26,(14,20)))),(21,(10,24)))));

STEP 6 [NNI_ClassicHeuristic_MC_RF -> NNI_Substep_6] - Distance: 114.0000
(((12,9),(22,4)),((7,19),((((((6,(28,16)),(13,30)),(18,(27,11))),((25,2),(15,5))),((((29,23),(1,8)),(3,17)),(26,(14,20)))),(21,(10,24)))));

STEP 7 [TBR_ClassicHeuristic_MC_RF -> NNI_Substep_1] - Distance: 117.0000
((7,19),(((12,9),(22,4)),((((((6,(28,16)),(13,30)),(18,(27,11))),((25,2),(15,5))),(((((29,23),(1,8)),3),17),(26,(14,20)))),(21,(10,24)))));

STEP 8 [TBR_ClassicHeuristic_MC_RF -> NNI_Substep_2] - Distance: 117.0000
((7,19),(((12,9),(22,4)),((((((6,(28,16)),(13,30)),(18,(27,11))),((25,2),(15,5))),(((((29,23),(1,8)),3),(26,(14,20))),17)),(21,(10,24)))));

STEP 9 [TBR_ClassicHeuristic_MC_RF -> NNI_Substep_3] - Distance: 118.0000
((7,19),(((12,9),(22,4)),(((((((6,(28,16)),(13,30)),(18,(27,11))),((25,2),(15,5))),((((29,23),(1,8)),3),(26,(14,20)))),17),(21,(10,24)))));

STEP 10 [TBR_ClassicHeuristic_MC_RF -> NNI_Substep_4] - Distance: 118.0000
((7,19),(((12,9),(22,4)),(((((((6,(28,16)),(13,30)),(18,(27,11))),((25,2),(15,5))),((((29,23),(1,8)),3),(26,(14,20)))),(21,(10,24))),17)));

STEP 11 [TBR_ClassicHeuristic_MC_RF -> NNI_Substep_5] - Distance: 115.0000
((7,19),((((12,9),(22,4)),((((((6,(28,16)),(13,30)),(18,(27,11))),((25,2),(15,5))),((((29,23),(1,8)),3),(26,(14,20)))),(21,(10,24)))),17));

STEP 12 [TBR_ClassicHeuristic_MC_RF -> NNI_Substep_6] - Distance: 108.0000
(((7,17),19),(((12,9),(22,4)),((((((6,(28,16)),(13,30)),(18,(27,11))),((25,2),(15,5))),((((29,23),(1,8)),3),(26,(14,20)))),(21,(10,24)))));

STEP 13 [TBR_ClassicHeuristic_MC_RF -> NNI_Substep_7] - Distance: 109.0000
(((7,17),19),(((12,(22,4)),9),((((((6,(28,16)),(13,30)),(18,(27,11))),((25,2),(15,5))),((((29,23),(1,8)),3),(26,(14,20)))),(21,(10,24)))));

STEP 14 [TBR_ClassicHeuristic_MC_RF -> NNI_Substep_8] - Distance: 109.0000
(((7,17),19),(((12,(22,4)),((((((6,(28,16)),(13,30)),(18,(27,11))),((25,2),(15,5))),((((29,23),(1,8)),3),(26,(14,20)))),(21,(10,24)))),9));

STEP 15 [TBR_ClassicHeuristic_MC_RF -> NNI_Substep_9] - Distance: 102.0000
((((7,17),9),19),((12,(22,4)),((((((6,(28,16)),(13,30)),(18,(27,11))),((25,2),(15,5))),((((29,23),(1,8)),3),(26,(14,20)))),(21,(10,24)))));

STEP 16 [TBR_ClassicHeuristic_MC_RF -> NNI_Substep_10] - Distance: 102.0000
((((7,17),9),19),((12,(22,4)),((((((6,(28,16)),(13,30)),(18,(27,11))),((25,2),(15,5))),((((29,23),(1,8)),3),((26,20),14))),(21,(10,24)))));

STEP 17 [TBR_ClassicHeuristic_MC_RF -> NNI_Substep_11] - Distance: 104.0000
((((7,17),9),19),((12,(22,4)),((((((6,(28,16)),(13,30)),(18,(27,11))),((25,2),(15,5))),(((((29,23),(1,8)),3),(26,20)),14)),(21,(10,24)))));

STEP 18 [TBR_ClassicHeuristic_MC_RF -> NNI_Substep_12] - Distance: 105.0000
((((7,17),9),19),((12,(22,4)),(((((((6,(28,16)),(13,30)),(18,(27,11))),((25,2),(15,5))),((((29,23),(1,8)),3),(26,20))),14),(21,(10,24)))));

STEP 19 [TBR_ClassicHeuristic_MC_RF -> NNI_Substep_13] - Distance: 105.0000
((((7,17),9),19),((12,(22,4)),(((((((6,(28,16)),(13,30)),(18,(27,11))),((25,2),(15,5))),14),((((29,23),(1,8)),3),(26,20))),(21,(10,24)))));

STEP 20 [TBR_ClassicHeuristic_MC_RF -> NNI_Substep_14] - Distance: 104.0000
((((7,17),9),19),((12,(22,4)),(((((((6,(28,16)),(13,30)),(18,(27,11))),14),((25,2),(15,5))),((((29,23),(1,8)),3),(26,20))),(21,(10,24)))));

STEP 21 [TBR_ClassicHeuristic_MC_RF -> NNI_Substep_15] - Distance: 100.0000
((((7,17),9),19),((12,(22,4)),((((((6,(28,16)),(13,30)),((18,(27,11)),14)),((25,2),(15,5))),((((29,23),(1,8)),3),(26,20))),(21,(10,24)))));

STEP 22 [TBR_ClassicHeuristic_MC_RF -> NNI_Substep_16] - Distance: 97.0000
((((7,17),9),19),((12,(22,4)),((((((6,(28,16)),(13,30)),((18,14),(27,11))),((25,2),(15,5))),((((29,23),(1,8)),3),(26,20))),(21,(10,24)))));

STEP 23 [TBR_ClassicHeuristic_MC_RF -> NNI_Substep_17] - Distance: 99.0000
((((7,17),9),19),((12,(22,4)),(((((((6,(28,16)),30),13),((18,14),(27,11))),((25,2),(15,5))),((((29,23),(1,8)),3),(26,20))),(21,(10,24)))));

STEP 24 [TBR_ClassicHeuristic_MC_RF -> NNI_Substep_18] - Distance: 100.0000
((((7,17),9),19),((12,(22,4)),(((((((6,(28,16)),30),((18,14),(27,11))),13),((25,2),(15,5))),((((29,23),(1,8)),3),(26,20))),(21,(10,24)))));

STEP 25 [TBR_ClassicHeuristic_MC_RF -> NNI_Substep_19] - Distance: 101.0000
((((7,17),9),19),((12,(22,4)),(((((((6,(28,16)),30),((18,14),(27,11))),((25,2),(15,5))),13),((((29,23),(1,8)),3),(26,20))),(21,(10,24)))));

STEP 26 [TBR_ClassicHeuristic_MC_RF -> NNI_Substep_20] - Distance: 96.0000
((((7,17),9),19),((12,(22,4)),((((((6,(28,16)),30),((18,14),(27,11))),(((25,2),(15,5)),13)),((((29,23),(1,8)),3),(26,20))),(21,(10,24)))));

STEP 27 [TBR_ClassicHeuristic_MC_RF -> NNI_Substep_21] - Distance: 93.0000
((((7,17),9),19),((12,(22,4)),((((((6,(28,16)),30),((18,14),(27,11))),((25,2),((15,5),13))),((((29,23),(1,8)),3),(26,20))),(21,(10,24)))));

STEP 28 [TBR_ClassicHeuristic_MC_RF -> NNI_Substep_22] - Distance: 93.0000
((((7,17),9),19),((12,(22,4)),((((((6,(28,16)),30),((18,14),(27,11))),((25,2),(15,(5,13)))),((((29,23),(1,8)),3),(26,20))),(21,(10,24)))));

STEP 29 [TBR_ClassicHeuristic_MC_RF -> NNI_Substep_23] - Distance: 92.0000
((((7,17),9),19),((12,(22,4)),((((((6,(28,16)),30),((18,14),(27,11))),(((25,2),(5,13)),15)),((((29,23),(1,8)),3),(26,20))),(21,(10,24)))));

STEP 30 [TBR_ClassicHeuristic_MC_RF -> NNI_Substep_24] - Distance: 95.0000
((((7,17),9),19),((12,(22,4)),(((((((6,(28,16)),30),((18,14),(27,11))),((25,2),(5,13))),15),((((29,23),(1,8)),3),(26,20))),(21,(10,24)))));

STEP 31 [TBR_ClassicHeuristic_MC_RF -> NNI_Substep_25] - Distance: 95.0000
((((7,17),9),19),((12,(22,4)),(((((((6,(28,16)),30),((18,14),(27,11))),((25,2),(5,13))),((((29,23),(1,8)),3),(26,20))),15),(21,(10,24)))));

STEP 32 [TBR_ClassicHeuristic_MC_RF -> NNI_Substep_26] - Distance: 94.0000
((((7,17),9),19),((12,(22,4)),((((((6,(28,16)),30),((18,14),(27,11))),((25,2),(5,13))),(((((29,23),(1,8)),3),(26,20)),15)),(21,(10,24)))));

STEP 33 [TBR_ClassicHeuristic_MC_RF -> NNI_Substep_27] - Distance: 93.0000
((((7,17),9),19),((12,(22,4)),((((((6,(28,16)),30),((18,14),(27,11))),((25,2),(5,13))),(((((29,23),(1,8)),3),15),(26,20))),(21,(10,24)))));

STEP 34 [TBR_ClassicHeuristic_MC_RF -> NNI_Substep_28] - Distance: 88.0000
((((7,17),9),19),((12,(22,4)),((((((6,(28,16)),30),((18,14),(27,11))),((25,2),(5,13))),((((29,23),(1,8)),(3,15)),(26,20))),(21,(10,24)))));

STEP 35 [TBR_ClassicHeuristic_MC_RF -> NNI_Substep_29] - Distance: 85.0000
((((7,17),9),19),((12,(22,4)),((((((6,(28,16)),30),((18,14),(27,11))),((25,(5,13)),2)),((((29,23),(1,8)),(3,15)),(26,20))),(21,(10,24)))));

STEP 36 [TBR_ClassicHeuristic_MC_RF -> NNI_Substep_30] - Distance: 88.0000
((((7,17),9),19),((12,(22,4)),(((((((6,(28,16)),30),((18,14),(27,11))),(25,(5,13))),2),((((29,23),(1,8)),(3,15)),(26,20))),(21,(10,24)))));

STEP 37 [TBR_ClassicHeuristic_MC_RF -> NNI_Substep_31] - Distance: 89.0000
((((7,17),9),19),((12,(22,4)),(((((((6,(28,16)),30),((18,14),(27,11))),(25,(5,13))),((((29,23),(1,8)),(3,15)),(26,20))),2),(21,(10,24)))));

STEP 38 [TBR_ClassicHeuristic_MC_RF -> NNI_Substep_32] - Distance: 89.0000
((((7,17),9),19),((12,(22,4)),(((((((6,(28,16)),30),((18,14),(27,11))),(25,(5,13))),((((29,23),(1,8)),(3,15)),(26,20))),(21,(10,24))),2)));

STEP 39 [TBR_ClassicHeuristic_MC_RF -> NNI_Substep_33] - Distance: 85.0000
((((7,17),9),19),(((12,(22,4)),((((((6,(28,16)),30),((18,14),(27,11))),(25,(5,13))),((((29,23),(1,8)),(3,15)),(26,20))),(21,(10,24)))),2));

STEP 40 [TBR_ClassicHeuristic_MC_RF -> NNI_Substep_34] - Distance: 84.0000
(((((7,17),9),2),19),((12,(22,4)),((((((6,(28,16)),30),((18,14),(27,11))),(25,(5,13))),((((29,23),(1,8)),(3,15)),(26,20))),(21,(10,24)))));

STEP 41 [TBR_ClassicHeuristic_MC_RF -> NNI_Substep_35] - Distance: 85.0000
((((7,17),9),2),((12,(22,4)),(((((((6,(28,16)),30),((18,14),(27,11))),(25,(5,13))),((((29,23),(1,8)),(3,15)),(26,20))),(21,(10,24))),19)));

STEP 42 [TBR_ClassicHeuristic_MC_RF -> NNI_Substep_36] - Distance: 85.0000
((((7,17),9),2),((12,(22,4)),(((((((6,(28,16)),30),((18,14),(27,11))),(25,(5,13))),((((29,23),(1,8)),(3,15)),(26,20))),19),(21,(10,24)))));

STEP 43 [TBR_ClassicHeuristic_MC_RF -> NNI_Substep_37] - Distance: 85.0000
((((7,17),9),2),((12,(22,4)),((((((6,(28,16)),30),((18,14),(27,11))),(25,(5,13))),(((((29,23),(1,8)),(3,15)),(26,20)),19)),(21,(10,24)))));

STEP 44 [TBR_ClassicHeuristic_MC_RF -> NNI_Substep_38] - Distance: 82.0000
((((7,17),9),2),((12,(22,4)),((((((6,(28,16)),30),((18,14),(27,11))),(25,(5,13))),((((29,23),(1,8)),(3,15)),((26,20),19))),(21,(10,24)))));

STEP 45 [TBR_ClassicHeuristic_MC_RF -> NNI_Substep_39] - Distance: 82.0000
((((7,17),9),2),((12,(22,4)),((((((6,(28,16)),30),((18,14),(27,11))),(25,(5,13))),((((29,23),(1,8)),(3,15)),(26,(20,19)))),(21,(10,24)))));

STEP 46 [TBR_ClassicHeuristic_MC_RF -> NNI_Substep_40] - Distance: 82.0000
((((7,17),9),2),((12,(22,4)),((((((6,(28,16)),30),((18,14),(27,11))),(25,(5,13))),(((((29,23),(1,8)),(3,15)),26),(20,19))),(21,(10,24)))));

STEP 47 [TBR_ClassicHeuristic_MC_RF -> NNI_Substep_41] - Distance: 81.0000
((((7,17),9),2),((12,(22,4)),(((((((6,(28,16)),30),((18,14),(27,11))),(25,(5,13))),((((29,23),(1,8)),(3,15)),26)),(20,19)),(21,(10,24)))));

STEP 48 [TBR_ClassicHeuristic_MC_RF -> NNI_Substep_42] - Distance: 80.0000
((((7,17),9),2),((12,(22,4)),(((((((6,(28,16)),30),((18,14),(27,11))),(25,(5,13))),((((29,23),(1,8)),(3,15)),26)),(21,(10,24))),(20,19))));

STEP 49 [TBR_ClassicHeuristic_MC_RF -> NNI_Substep_43] - Distance: 75.0000
((((7,17),9),2),(((12,(22,4)),((((((6,(28,16)),30),((18,14),(27,11))),(25,(5,13))),((((29,23),(1,8)),(3,15)),26)),(21,(10,24)))),(20,19)));

STEP 50 [TBR_ClassicHeuristic_MC_RF -> NNI_Substep_44] - Distance: 79.0000
((((7,17),9),2),(((12,(22,4)),(((((((6,(28,16)),30),(27,11)),(18,14)),(25,(5,13))),((((29,23),(1,8)),(3,15)),26)),(21,(10,24)))),(20,19)));

STEP 51 [TBR_ClassicHeuristic_MC_RF -> NNI_Substep_45] - Distance: 80.0000
((((7,17),9),2),(((12,(22,4)),(((((((6,(28,16)),30),(27,11)),(25,(5,13))),(18,14)),((((29,23),(1,8)),(3,15)),26)),(21,(10,24)))),(20,19)));

STEP 52 [TBR_ClassicHeuristic_MC_RF -> NNI_Substep_46] - Distance: 83.0000
((((7,17),9),2),(((12,(22,4)),(((((((6,(28,16)),30),(27,11)),(25,(5,13))),((((29,23),(1,8)),(3,15)),26)),(18,14)),(21,(10,24)))),(20,19)));

STEP 53 [TBR_ClassicHeuristic_MC_RF -> NNI_Substep_47] - Distance: 82.0000
((((7,17),9),2),(((12,(22,4)),(((((((6,(28,16)),30),(27,11)),(25,(5,13))),((((29,23),(1,8)),(3,15)),26)),(21,(10,24))),(18,14))),(20,19)));

STEP 54 [TBR_ClassicHeuristic_MC_RF -> NNI_Substep_48] - Distance: 81.0000
((((7,17),9),2),((((12,(22,4)),((((((6,(28,16)),30),(27,11)),(25,(5,13))),((((29,23),(1,8)),(3,15)),26)),(21,(10,24)))),(18,14)),(20,19)));

STEP 55 [TBR_ClassicHeuristic_MC_RF -> NNI_Substep_49] - Distance: 70.0000
((((7,17),9),2),((((12,(22,4)),(18,14)),((((((6,(28,16)),30),(27,11)),(25,(5,13))),((((29,23),(1,8)),(3,15)),26)),(21,(10,24)))),(20,19)));

STEP 56 [TBR_ClassicHeuristic_MC_RF -> NNI_Substep_50] - Distance: 69.0000
((((7,17),9),2),(((12,((22,4),(18,14))),((((((6,(28,16)),30),(27,11)),(25,(5,13))),((((29,23),(1,8)),(3,15)),26)),(21,(10,24)))),(20,19)));

STEP 57 [TBR_ClassicHeuristic_MC_RF -> NNI_Substep_51] - Distance: 70.0000
((((7,17),9),2),(((12,((22,(18,14)),4)),((((((6,(28,16)),30),(27,11)),(25,(5,13))),((((29,23),(1,8)),(3,15)),26)),(21,(10,24)))),(20,19)));

STEP 58 [TBR_ClassicHeuristic_MC_RF -> NNI_Substep_52] - Distance: 70.0000
((((7,17),9),2),(((12,((22,(18,14)),4)),(((((((28,16),30),6),(27,11)),(25,(5,13))),((((29,23),(1,8)),(3,15)),26)),(21,(10,24)))),(20,19)));

STEP 59 [TBR_ClassicHeuristic_MC_RF -> NNI_Substep_53] - Distance: 71.0000
((((7,17),9),2),(((12,((22,(18,14)),4)),(((((((28,16),30),(27,11)),6),(25,(5,13))),((((29,23),(1,8)),(3,15)),26)),(21,(10,24)))),(20,19)));

STEP 60 [TBR_ClassicHeuristic_MC_RF -> NNI_Substep_54] - Distance: 73.0000
((((7,17),9),2),(((12,((22,(18,14)),4)),(((((((28,16),30),(27,11)),(25,(5,13))),6),((((29,23),(1,8)),(3,15)),26)),(21,(10,24)))),(20,19)));

STEP 61 [TBR_ClassicHeuristic_MC_RF -> NNI_Substep_55] - Distance: 75.0000
((((7,17),9),2),(((12,((22,(18,14)),4)),(((((((28,16),30),(27,11)),(25,(5,13))),((((29,23),(1,8)),(3,15)),26)),6),(21,(10,24)))),(20,19)));

STEP 62 [TBR_ClassicHeuristic_MC_RF -> NNI_Substep_56] - Distance: 75.0000
((((7,17),9),2),(((12,((22,(18,14)),4)),(((((((28,16),30),(27,11)),(25,(5,13))),((((29,23),(1,8)),(3,15)),26)),(21,(10,24))),6)),(20,19)));

STEP 63 [TBR_ClassicHeuristic_MC_RF -> NNI_Substep_57] - Distance: 67.0000
((((7,17),9),2),(((12,((22,(18,14)),4)),((((((28,16),30),(27,11)),(25,(5,13))),((((29,23),(1,8)),(3,15)),26)),((21,(10,24)),6))),(20,19)));

STEP 64 [TBR_ClassicHeuristic_MC_RF -> NNI_Substep_58] - Distance: 64.0000
((((7,17),9),2),(((12,((22,(18,14)),4)),((((((28,16),30),(27,11)),(25,(5,13))),((((29,23),(1,8)),(3,15)),26)),((21,6),(10,24)))),(20,19)));

STEP 65 [TBR_ClassicHeuristic_MC_RF -> NNI_Substep_59] - Distance: 65.0000
((((7,17),9),2),(((12,((22,(18,14)),4)),((((((28,16),30),(27,11)),(25,(5,13))),((((29,(1,8)),23),(3,15)),26)),((21,6),(10,24)))),(20,19)));

STEP 66 [TBR_ClassicHeuristic_MC_RF -> NNI_Substep_60] - Distance: 66.0000
((((7,17),9),2),(((12,((22,(18,14)),4)),((((((28,16),30),(27,11)),(25,(5,13))),((((29,(1,8)),(3,15)),23),26)),((21,6),(10,24)))),(20,19)));

STEP 67 [TBR_ClassicHeuristic_MC_RF -> NNI_Substep_61] - Distance: 66.0000
((((7,17),9),2),(((12,((22,(18,14)),4)),((((((28,16),30),(27,11)),(25,(5,13))),((((29,(1,8)),(3,15)),26),23)),((21,6),(10,24)))),(20,19)));

STEP 68 [TBR_ClassicHeuristic_MC_RF -> NNI_Substep_62] - Distance: 71.0000
((((7,17),9),2),(((12,((22,(18,14)),4)),(((((((28,16),30),(27,11)),(25,(5,13))),(((29,(1,8)),(3,15)),26)),23),((21,6),(10,24)))),(20,19)));

STEP 69 [TBR_ClassicHeuristic_MC_RF -> NNI_Substep_63] - Distance: 68.0000
((((7,17),9),2),(((12,((22,(18,14)),4)),(((((((28,16),30),(27,11)),(25,(5,13))),23),(((29,(1,8)),(3,15)),26)),((21,6),(10,24)))),(20,19)));

STEP 70 [TBR_ClassicHeuristic_MC_RF -> NNI_Substep_64] - Distance: 64.0000
((((7,17),9),2),(((12,((22,(18,14)),4)),(((((((28,16),30),(27,11)),23),(25,(5,13))),(((29,(1,8)),(3,15)),26)),((21,6),(10,24)))),(20,19)));

STEP 71 [TBR_ClassicHeuristic_MC_RF -> NNI_Substep_65] - Distance: 60.0000
((((7,17),9),2),(((12,((22,(18,14)),4)),((((((28,16),30),((27,11),23)),(25,(5,13))),(((29,(1,8)),(3,15)),26)),((21,6),(10,24)))),(20,19)));

STEP 72 [TBR_ClassicHeuristic_MC_RF -> NNI_Substep_66] - Distance: 58.0000
((((7,17),9),2),(((12,((22,(18,14)),4)),((((((28,16),30),(27,(11,23))),(25,(5,13))),(((29,(1,8)),(3,15)),26)),((21,6),(10,24)))),(20,19)));

STEP 73 [TBR_ClassicHeuristic_MC_RF -> NNI_Substep_67] - Distance: 58.0000
((((7,17),9),2),(((12,((22,(18,14)),4)),((((((28,16),30),(27,(11,23))),(25,(5,13))),((((29,8),1),(3,15)),26)),((21,6),(10,24)))),(20,19)));

STEP 74 [TBR_ClassicHeuristic_MC_RF -> NNI_Substep_68] - Distance: 59.0000
((((7,17),9),2),(((12,((22,(18,14)),4)),((((((28,16),30),(27,(11,23))),(25,(5,13))),((((29,8),(3,15)),1),26)),((21,6),(10,24)))),(20,19)));

STEP 75 [TBR_ClassicHeuristic_MC_RF -> NNI_Substep_69] - Distance: 61.0000
((((7,17),9),2),(((12,((22,(18,14)),4)),((((((28,16),30),(27,(11,23))),(25,(5,13))),((((29,8),(3,15)),26),1)),((21,6),(10,24)))),(20,19)));

STEP 76 [TBR_ClassicHeuristic_MC_RF -> NNI_Substep_70] - Distance: 67.0000
((((7,17),9),2),(((12,((22,(18,14)),4)),(((((((28,16),30),(27,(11,23))),(25,(5,13))),(((29,8),(3,15)),26)),1),((21,6),(10,24)))),(20,19)));

STEP 77 [TBR_ClassicHeuristic_MC_RF -> NNI_Substep_71] - Distance: 70.0000
((((7,17),9),2),(((12,((22,(18,14)),4)),(((((((28,16),30),(27,(11,23))),(25,(5,13))),(((29,8),(3,15)),26)),((21,6),(10,24))),1)),(20,19)));

STEP 78 [TBR_ClassicHeuristic_MC_RF -> NNI_Substep_72] - Distance: 59.0000
((((7,17),9),2),(((12,((22,(18,14)),4)),((((((28,16),30),(27,(11,23))),(25,(5,13))),(((29,8),(3,15)),26)),(((21,6),(10,24)),1))),(20,19)));

STEP 79 [TBR_ClassicHeuristic_MC_RF -> NNI_Substep_73] - Distance: 58.0000
((((7,17),9),2),(((12,((22,(18,14)),4)),((((((28,16),30),(27,(11,23))),(25,(5,13))),(((29,8),(3,15)),26)),((21,6),((10,24),1)))),(20,19)));

STEP 80 [TBR_ClassicHeuristic_MC_RF -> NNI_Substep_74] - Distance: 56.0000
((((7,17),9),2),(((12,((22,(18,14)),4)),((((((28,16),30),(27,(11,23))),(25,(5,13))),(((29,8),(3,15)),26)),((21,6),(10,(24,1))))),(20,19)));

STEP 81 [TBR_ClassicHeuristic_MC_RF -> NNI_Substep_75] - Distance: 56.0000
((((7,17),9),2),(((12,((22,(18,14)),4)),((((((28,16),30),(27,(11,23))),(25,(5,13))),(((29,8),(3,15)),26)),(((21,6),10),(24,1)))),(20,19)));

STEP 82 [TBR_ClassicHeuristic_MC_RF -> NNI_Substep_76] - Distance: 66.0000
((((7,17),9),2),(((12,((22,(18,14)),4)),(((((((28,16),30),(27,(11,23))),(25,(5,13))),(((29,8),(3,15)),26)),((21,6),10)),(24,1))),(20,19)));

STEP 83 [TBR_ClassicHeuristic_MC_RF -> NNI_Substep_77] - Distance: 63.0000
((((7,17),9),2),(((12,((22,(18,14)),4)),(((((((28,16),30),(27,(11,23))),(25,(5,13))),(((29,8),(3,15)),26)),(24,1)),((21,6),10))),(20,19)));

STEP 84 [TBR_ClassicHeuristic_MC_RF -> NNI_Substep_78] - Distance: 58.0000
((((7,17),9),2),(((12,((22,(18,14)),4)),(((((((28,16),30),(27,(11,23))),(25,(5,13))),(24,1)),(((29,8),(3,15)),26)),((21,6),10))),(20,19)));

STEP 85 [TBR_ClassicHeuristic_MC_RF -> NNI_Substep_79] - Distance: 53.0000
((((7,17),9),2),(((12,((22,(18,14)),4)),(((((((28,16),30),(27,(11,23))),(24,1)),(25,(5,13))),(((29,8),(3,15)),26)),((21,6),10))),(20,19)));

STEP 86 [TBR_ClassicHeuristic_MC_RF -> NNI_Substep_80] - Distance: 48.0000
((((7,17),9),2),(((12,((22,(18,14)),4)),(((((((28,16),30),(24,1)),(27,(11,23))),(25,(5,13))),(((29,8),(3,15)),26)),((21,6),10))),(20,19)));

STEP 87 [TBR_ClassicHeuristic_MC_RF -> NNI_Substep_81] - Distance: 48.0000
((((7,17),9),2),(((12,((22,(18,14)),4)),((((((28,16),(30,(24,1))),(27,(11,23))),(25,(5,13))),(((29,8),(3,15)),26)),((21,6),10))),(20,19)));

STEP 88 [TBR_ClassicHeuristic_MC_RF -> NNI_Substep_82] - Distance: 54.0000
((((7,17),9),2),(((12,((22,(18,14)),4)),(((((((28,16),(30,(24,1))),(27,(11,23))),(25,(5,13))),((29,8),(3,15))),26),((21,6),10))),(20,19)));

STEP 89 [TBR_ClassicHeuristic_MC_RF -> NNI_Substep_83] - Distance: 49.0000
((((7,17),9),2),(((12,((22,(18,14)),4)),(((((((28,16),(30,(24,1))),(27,(11,23))),(25,(5,13))),26),((29,8),(3,15))),((21,6),10))),(20,19)));

STEP 90 [TBR_ClassicHeuristic_MC_RF -> NNI_Substep_84] - Distance: 47.0000
((((7,17),9),2),(((12,((22,(18,14)),4)),(((((((28,16),(30,(24,1))),(27,(11,23))),26),(25,(5,13))),((29,8),(3,15))),((21,6),10))),(20,19)));

STEP 91 [TBR_ClassicHeuristic_MC_RF -> NNI_Substep_85] - Distance: 41.0000
((((7,17),9),2),(((12,((22,(18,14)),4)),((((((28,16),(30,(24,1))),((27,(11,23)),26)),(25,(5,13))),((29,8),(3,15))),((21,6),10))),(20,19)));

STEP 92 [TBR_ClassicHeuristic_MC_RF -> NNI_Substep_86] - Distance: 41.0000
((((7,17),9),2),(((12,((22,(18,14)),4)),((((((28,16),(30,(24,1))),(27,((11,23),26))),(25,(5,13))),((29,8),(3,15))),((21,6),10))),(20,19)));

STEP 93 [TBR_ClassicHeuristic_MC_RF -> NNI_Substep_87] - Distance: 43.0000
((((7,17),9),2),((((12,(22,(18,14))),4),((((((28,16),(30,(24,1))),(27,((11,23),26))),(25,(5,13))),((29,8),(3,15))),((21,6),10))),(20,19)));

STEP 94 [TBR_ClassicHeuristic_MC_RF -> NNI_Substep_88] - Distance: 53.0000
((((7,17),9),2),((((12,(22,(18,14))),((((((28,16),(30,(24,1))),(27,((11,23),26))),(25,(5,13))),((29,8),(3,15))),((21,6),10))),4),(20,19)));

STEP 95 [TBR_ClassicHeuristic_MC_RF -> NNI_Substep_89] - Distance: 52.0000
((((7,17),9),2),(((12,(22,(18,14))),(((((((28,16),(30,(24,1))),(27,((11,23),26))),(25,(5,13))),((29,8),(3,15))),((21,6),10)),4)),(20,19)));

STEP 96 [TBR_ClassicHeuristic_MC_RF -> NNI_Substep_90] - Distance: 41.0000
((((7,17),9),2),(((12,(22,(18,14))),((((((28,16),(30,(24,1))),(27,((11,23),26))),(25,(5,13))),((29,8),(3,15))),(((21,6),10),4))),(20,19)));

STEP 97 [TBR_ClassicHeuristic_MC_RF -> NNI_Substep_91] - Distance: 38.0000
((((7,17),9),2),(((12,(22,(18,14))),((((((28,16),(30,(24,1))),(27,((11,23),26))),(25,(5,13))),((29,8),(3,15))),((21,6),(10,4)))),(20,19)));

STEP 98 [TBR_ClassicHeuristic_MC_RF -> NNI_Substep_92] - Distance: 40.0000
((((7,17),9),2),(((12,(22,(18,14))),((((((30,(24,1)),(27,((11,23),26))),(28,16)),(25,(5,13))),((29,8),(3,15))),((21,6),(10,4)))),(20,19)));

STEP 99 [TBR_ClassicHeuristic_MC_RF -> NNI_Substep_93] - Distance: 37.0000
((((7,17),9),2),(((12,(22,(18,14))),((((((30,(24,1)),(27,((11,23),26))),(25,(5,13))),(28,16)),((29,8),(3,15))),((21,6),(10,4)))),(20,19)));

STEP 100 [TBR_ClassicHeuristic_MC_RF -> NNI_Substep_94] - Distance: 39.0000
((((7,17),9),2),(((12,(22,(18,14))),((((((30,(24,1)),(27,((11,23),26))),(25,(5,13))),((29,8),(3,15))),(28,16)),((21,6),(10,4)))),(20,19)));

STEP 101 [TBR_ClassicHeuristic_MC_RF -> NNI_Substep_95] - Distance: 41.0000
((((7,17),9),2),(((12,(22,(18,14))),((((((30,(24,1)),(27,((11,23),26))),(25,(5,13))),((29,8),(3,15))),((21,6),(10,4))),(28,16))),(20,19)));

STEP 102 [TBR_ClassicHeuristic_MC_RF -> NNI_Substep_96] - Distance: 29.0000
((((7,17),9),2),(((12,(22,(18,14))),(((((30,(24,1)),(27,((11,23),26))),(25,(5,13))),((29,8),(3,15))),(((21,6),(10,4)),(28,16)))),(20,19)));

STEP 103 [TBR_ClassicHeuristic_MC_RF -> NNI_Substep_97] - Distance: 25.0000
((((7,17),9),2),(((12,(22,(18,14))),(((((30,(24,1)),(27,((11,23),26))),(25,(5,13))),((29,8),(3,15))),((21,6),((10,4),(28,16))))),(20,19)));

STEP 104 [TBR_ClassicHeuristic_MC_RF -> NNI_Substep_98] - Distance: 27.0000
((((7,17),9),2),(((12,(22,(18,14))),((((((30,(24,1)),((11,23),26)),27),(25,(5,13))),((29,8),(3,15))),((21,6),((10,4),(28,16))))),(20,19)));

STEP 105 [TBR_ClassicHeuristic_MC_RF -> NNI_Substep_99] - Distance: 23.0000
((((7,17),9),2),(((12,(22,(18,14))),((((((30,(24,1)),((11,23),26)),(25,(5,13))),27),((29,8),(3,15))),((21,6),((10,4),(28,16))))),(20,19)));

STEP 106 [TBR_ClassicHeuristic_MC_RF -> NNI_Substep_100] - Distance: 28.0000
((((7,17),9),2),(((12,(22,(18,14))),((((((30,(24,1)),((11,23),26)),(25,(5,13))),((29,8),(3,15))),27),((21,6),((10,4),(28,16))))),(20,19)));

STEP 107 [TBR_ClassicHeuristic_MC_RF -> NNI_Substep_101] - Distance: 33.0000
((((7,17),9),2),(((12,(22,(18,14))),((((((30,(24,1)),((11,23),26)),(25,(5,13))),((29,8),(3,15))),((21,6),((10,4),(28,16)))),27)),(20,19)));

STEP 108 [TBR_ClassicHeuristic_MC_RF -> NNI_Substep_102] - Distance: 32.0000
((((7,17),9),2),((((12,(22,(18,14))),(((((30,(24,1)),((11,23),26)),(25,(5,13))),((29,8),(3,15))),((21,6),((10,4),(28,16))))),27),(20,19)));

STEP 109 [TBR_ClassicHeuristic_MC_RF -> NNI_Substep_103] - Distance: 24.0000
((((7,17),9),2),((((12,(22,(18,14))),27),(((((30,(24,1)),((11,23),26)),(25,(5,13))),((29,8),(3,15))),((21,6),((10,4),(28,16))))),(20,19)));

STEP 110 [TBR_ClassicHeuristic_MC_RF -> NNI_Substep_104] - Distance: 22.0000
((((7,17),9),2),((((12,27),(22,(18,14))),(((((30,(24,1)),((11,23),26)),(25,(5,13))),((29,8),(3,15))),((21,6),((10,4),(28,16))))),(20,19)));

STEP 111 [TBR_ClassicHeuristic_MC_RF -> NNI_Substep_105] - Distance: 27.0000
((((7,17),9),2),((((22,(18,14)),(((((30,(24,1)),((11,23),26)),(25,(5,13))),((29,8),(3,15))),((21,6),((10,4),(28,16))))),(12,27)),(20,19)));

STEP 112 [TBR_ClassicHeuristic_MC_RF -> NNI_Substep_106] - Distance: 28.0000
((((7,17),9),2),(((22,(18,14)),((((((30,(24,1)),((11,23),26)),(25,(5,13))),((29,8),(3,15))),((21,6),((10,4),(28,16)))),(12,27))),(20,19)));

STEP 113 [TBR_ClassicHeuristic_MC_RF -> NNI_Substep_107] - Distance: 24.0000
((((7,17),9),2),(((22,(18,14)),((((((30,(24,1)),((11,23),26)),(25,(5,13))),((29,8),(3,15))),(12,27)),((21,6),((10,4),(28,16))))),(20,19)));

STEP 114 [TBR_ClassicHeuristic_MC_RF -> NNI_Substep_108] - Distance: 18.0000
((((7,17),9),2),(((22,(18,14)),((((((30,(24,1)),((11,23),26)),(25,(5,13))),(12,27)),((29,8),(3,15))),((21,6),((10,4),(28,16))))),(20,19)));

STEP 115 [TBR_ClassicHeuristic_MC_RF -> NNI_Substep_109] - Distance: 0.0000
((((7,17),9),2),((20,19),((((((30,(24,1)),((11,23),26)),(25,(5,13))),(12,27)),((29,8),(3,15))),(((21,6),((10,4),(28,16))),(22,(18,14))))));

========================================================
[FINAL] Total Steps: 115 | Final Distance: 0.0000
========================================================
