========================================================
HEURISTIC TRAJECTORY: VND Classic (MC)
========================================================
STEP 0 [START] - Distance: 141.0000
(((((6,((27,(3,9)),(13,15))),(4,10)),((22,(29,14)),(17,(23,(11,2))))),(25,(8,30))),(((16,(21,20)),(19,1)),(((7,24),(12,(5,28))),(26,18))));

STEP 1 [NNI_ClassicHeuristic_MC -> NNI_Substep_1] - Distance: 138.0000
((((((22,(29,14)),(17,(23,(11,2)))),(4,10)),(6,((27,(3,9)),(13,15)))),(25,(8,30))),(((16,(21,20)),(19,1)),(((7,24),(12,(5,28))),(26,18))));

STEP 2 [NNI_ClassicHeuristic_MC -> NNI_Substep_2] - Distance: 135.0000
((((((22,(29,14)),(17,(23,(11,2)))),(4,10)),(25,(8,30))),(6,((27,(3,9)),(13,15)))),(((16,(21,20)),(19,1)),(((7,24),(12,(5,28))),(26,18))));

STEP 3 [NNI_ClassicHeuristic_MC -> NNI_Substep_3] - Distance: 122.0000
((((16,(21,20)),(19,1)),(((((22,(29,14)),(17,(23,(11,2)))),(4,10)),(25,(8,30))),(((7,24),(12,(5,28))),(26,18)))),(6,((27,(3,9)),(13,15))));

STEP 4 [NNI_ClassicHeuristic_MC -> NNI_Substep_4] - Distance: 120.0000
((((16,(21,20)),(19,1)),(((((22,(29,14)),(4,10)),(17,(23,(11,2)))),(25,(8,30))),(((7,24),(12,(5,28))),(26,18)))),(6,((27,(3,9)),(13,15))));

STEP 5 [NNI_ClassicHeuristic_MC -> NNI_Substep_5] - Distance: 118.0000
((((16,(21,20)),(19,1)),(((((22,(29,14)),(4,10)),(17,(23,(11,2)))),(25,(8,30))),(((7,24),(12,(5,28))),(26,18)))),((27,(3,9)),(6,(13,15))));

STEP 6 [NNI_ClassicHeuristic_MC -> NNI_Substep_6] - Distance: 116.0000
((((16,(21,20)),(19,1)),(((((22,(29,14)),(4,10)),(17,(23,(11,2)))),(25,(8,30))),(((7,24),(12,(5,28))),(26,18)))),((27,(3,9)),(15,(13,6))));

STEP 7 [NNI_ClassicHeuristic_MC -> NNI_Substep_7] - Distance: 115.0000
((((16,(21,20)),(19,1)),((((((4,10),(29,14)),22),(17,(23,(11,2)))),(25,(8,30))),(((7,24),(12,(5,28))),(26,18)))),((27,(3,9)),(15,(13,6))));

STEP 8 [NNI_ClassicHeuristic_MC -> NNI_Substep_8] - Distance: 114.0000
((((16,(21,20)),(19,1)),((((((4,10),(29,14)),22),((11,2),(23,17))),(25,(8,30))),(((7,24),(12,(5,28))),(26,18)))),((27,(3,9)),(15,(13,6))));

STEP 9 [NNI_ClassicHeuristic_MC -> NNI_Substep_9] - Distance: 113.0000
((((16,(21,20)),(19,1)),((((((4,10),(29,14)),22),(25,(8,30))),((11,2),(23,17))),(((7,24),(12,(5,28))),(26,18)))),((27,(3,9)),(15,(13,6))));

STEP 10 [NNI_ClassicHeuristic_MC -> NNI_Substep_10] - Distance: 112.0000
((((16,(21,20)),(19,1)),((((((4,10),(29,14)),22),(25,(8,30))),(((7,24),(12,(5,28))),(26,18))),((11,2),(23,17)))),((27,(3,9)),(15,(13,6))));

STEP 11 [2sECR_ClassicHeuristic_MC -> NNI_Substep_1] - Distance: 115.0000
((((16,(21,20)),(19,1)),((((7,24),(12,(5,28))),((26,18),((((4,10),(29,14)),22),(25,(8,30))))),((11,2),(23,17)))),((27,(3,9)),(15,(13,6))));

STEP 12 [2sECR_ClassicHeuristic_MC -> NNI_Substep_2] - Distance: 110.0000
((((16,(21,20)),(19,1)),((((7,24),(12,(5,28))),((((4,10),(29,14)),22),((25,(8,30)),(26,18)))),((11,2),(23,17)))),((27,(3,9)),(15,(13,6))));

STEP 13 [2sECR_ClassicHeuristic_MC -> NNI_Substep_3] - Distance: 108.0000
((((16,(21,20)),(19,1)),((((7,24),(12,(5,28))),((((4,10),(29,14)),22),((8,30),((26,18),25)))),((11,2),(23,17)))),((27,(3,9)),(15,(13,6))));

STEP 14 [2sECR_ClassicHeuristic_MC -> NNI_Substep_4] - Distance: 119.0000
(((19,1),(((((7,24),(12,(5,28))),((((4,10),(29,14)),22),((8,30),((26,18),25)))),((11,2),(23,17))),(16,(21,20)))),((27,(3,9)),(15,(13,6))));

STEP 15 [2sECR_ClassicHeuristic_MC -> NNI_Substep_5] - Distance: 106.0000
((((((7,24),(12,(5,28))),((((4,10),(29,14)),22),((8,30),((26,18),25)))),((11,2),(23,17))),(16,(21,20))),(((19,1),(27,(3,9))),(15,(13,6))));

STEP 16 [2sECR_ClassicHeuristic_MC -> NNI_Substep_6] - Distance: 105.0000
((((((7,24),(12,(5,28))),((((4,10),(29,14)),22),((8,30),((26,18),25)))),((11,2),(23,17))),(16,(21,20))),((27,((19,1),(3,9))),(15,(13,6))));

STEP 17 [2sECR_ClassicHeuristic_MC -> NNI_Substep_7] - Distance: 104.0000
((((((7,24),(12,(5,28))),((((4,10),(29,14)),22),((8,30),((26,18),25)))),((11,2),(23,17))),(16,(21,20))),((27,(3,((19,1),9))),(15,(13,6))));

STEP 18 [2sECR_ClassicHeuristic_MC -> NNI_Substep_8] - Distance: 110.0000
(((((7,24),(((((4,10),(29,14)),22),((8,30),((26,18),25))),(12,(5,28)))),((11,2),(23,17))),(16,(21,20))),((27,(3,((19,1),9))),(15,(13,6))));

STEP 19 [2sECR_ClassicHeuristic_MC -> NNI_Substep_9] - Distance: 103.0000
((((((((4,10),(29,14)),22),((8,30),((26,18),25))),(12,(5,28))),(((11,2),(23,17)),(7,24))),(16,(21,20))),((27,(3,((19,1),9))),(15,(13,6))));

STEP 20 [2sECR_ClassicHeuristic_MC -> NNI_Substep_10] - Distance: 103.0000
(((((22,(((8,30),((26,18),25)),((4,10),(29,14)))),(12,(5,28))),(((11,2),(23,17)),(7,24))),(16,(21,20))),((27,(3,((19,1),9))),(15,(13,6))));

STEP 21 [2sECR_ClassicHeuristic_MC -> NNI_Substep_11] - Distance: 101.0000
(((((((8,30),((26,18),25)),((4,10),(29,14))),((12,(5,28)),22)),(((11,2),(23,17)),(7,24))),(16,(21,20))),((27,(3,((19,1),9))),(15,(13,6))));

STEP 22 [2sECR_ClassicHeuristic_MC -> NNI_Substep_12] - Distance: 99.0000
(((((((8,30),((26,18),25)),((4,10),(29,14))),((12,(5,28)),22)),(((7,24),(11,2)),(23,17))),(16,(21,20))),((27,(3,((19,1),9))),(15,(13,6))));

STEP 23 [2sECR_ClassicHeuristic_MC -> NNI_Substep_13] - Distance: 104.0000
(((((7,24),(11,2)),(((((8,30),((26,18),25)),((4,10),(29,14))),((12,(5,28)),22)),(23,17))),(16,(21,20))),((27,(3,((19,1),9))),(15,(13,6))));

STEP 24 [2sECR_ClassicHeuristic_MC -> NNI_Substep_14] - Distance: 103.0000
((((16,(21,20)),(((((8,30),((26,18),25)),((4,10),(29,14))),((12,(5,28)),22)),(23,17))),((7,24),(11,2))),((27,(3,((19,1),9))),(15,(13,6))));

STEP 25 [2sECR_ClassicHeuristic_MC -> NNI_Substep_15] - Distance: 97.0000
(((((((8,30),((26,18),25)),((4,10),(29,14))),((12,(5,28)),22)),((16,(21,20)),(23,17))),((7,24),(11,2))),((27,(3,((19,1),9))),(15,(13,6))));

STEP 26 [2sECR_ClassicHeuristic_MC -> NNI_Substep_16] - Distance: 94.0000
((((((8,30),((26,18),25)),((4,10),(29,14))),((12,(5,28)),22)),((16,(21,20)),(23,17))),((15,(13,6)),(((7,24),(11,2)),(27,(3,((19,1),9))))));

STEP 27 [2sECR_ClassicHeuristic_MC -> NNI_Substep_17] - Distance: 89.0000
(((((((8,30),((26,18),25)),((4,10),(29,14))),((12,(5,28)),22)),((21,20),((23,17),16))),(15,(13,6))),(((7,24),(11,2)),(27,(3,((19,1),9)))));

STEP 28 [2sECR_ClassicHeuristic_MC -> NNI_Substep_18] - Distance: 89.0000
((((((30,(((26,18),25),8)),((4,10),(29,14))),((12,(5,28)),22)),((21,20),((23,17),16))),(15,(13,6))),(((7,24),(11,2)),(27,(3,((19,1),9)))));

STEP 29 [2sECR_ClassicHeuristic_MC -> NNI_Substep_19] - Distance: 87.0000
((((((((26,18),25),8),(((4,10),(29,14)),30)),((12,(5,28)),22)),((21,20),((23,17),16))),(15,(13,6))),(((7,24),(11,2)),(27,(3,((19,1),9)))));

STEP 30 [2sECR_ClassicHeuristic_MC -> NNI_Substep_20] - Distance: 90.0000
((((((((26,18),25),8),((4,((29,14),10)),30)),((12,(5,28)),22)),((21,20),((23,17),16))),(15,(13,6))),(((7,24),(11,2)),(27,(3,((19,1),9)))));

STEP 31 [2sECR_ClassicHeuristic_MC -> NNI_Substep_21] - Distance: 86.0000
((((((((26,18),25),8),(((29,14),10),(30,4))),((12,(5,28)),22)),((21,20),((23,17),16))),(15,(13,6))),(((7,24),(11,2)),(27,(3,((19,1),9)))));

STEP 32 [2sECR_ClassicHeuristic_MC -> NNI_Substep_22] - Distance: 83.0000
((((((((26,18),25),8),(((29,14),(30,4)),10)),((12,(5,28)),22)),((21,20),((23,17),16))),(15,(13,6))),(((7,24),(11,2)),(27,(3,((19,1),9)))));

STEP 33 [2sECR_ClassicHeuristic_MC -> NNI_Substep_23] - Distance: 90.0000
((((21,20),((((((26,18),25),8),(((29,14),(30,4)),10)),((12,(5,28)),22)),((23,17),16))),(15,(13,6))),(((7,24),(11,2)),(27,(3,((19,1),9)))));

STEP 34 [2sECR_ClassicHeuristic_MC -> NNI_Substep_24] - Distance: 81.0000
((((((((26,18),25),8),(((29,14),(30,4)),10)),((12,(5,28)),22)),((23,17),16)),((15,(13,6)),(21,20))),(((7,24),(11,2)),(27,(3,((19,1),9)))));

STEP 35 [2sECR_ClassicHeuristic_MC -> NNI_Substep_25] - Distance: 79.0000
((((((((26,18),25),8),(((29,14),(30,4)),10)),((12,(5,28)),22)),(17,(16,23))),((15,(13,6)),(21,20))),(((7,24),(11,2)),(27,(3,((19,1),9)))));

STEP 36 [2sECR_ClassicHeuristic_MC -> NNI_Substep_26] - Distance: 81.0000
(((((((26,18),25),8),(((12,(5,28)),22),(((29,14),(30,4)),10))),(17,(16,23))),((15,(13,6)),(21,20))),(((7,24),(11,2)),(27,(3,((19,1),9)))));

STEP 37 [2sECR_ClassicHeuristic_MC -> NNI_Substep_27] - Distance: 77.0000
((((((12,(5,28)),22),(((29,14),(30,4)),10)),((17,(16,23)),(((26,18),25),8))),((15,(13,6)),(21,20))),(((7,24),(11,2)),(27,(3,((19,1),9)))));

STEP 38 [2sECR_ClassicHeuristic_MC -> NNI_Substep_28] - Distance: 74.0000
((((((12,(5,28)),22),((29,((30,4),14)),10)),((17,(16,23)),(((26,18),25),8))),((15,(13,6)),(21,20))),(((7,24),(11,2)),(27,(3,((19,1),9)))));

STEP 39 [2sECR_ClassicHeuristic_MC -> NNI_Substep_29] - Distance: 78.0000
(((((12,(5,28)),(22,((29,((30,4),14)),10))),((17,(16,23)),(((26,18),25),8))),((15,(13,6)),(21,20))),(((7,24),(11,2)),(27,(3,((19,1),9)))));

STEP 40 [2sECR_ClassicHeuristic_MC -> NNI_Substep_30] - Distance: 78.0000
(((((12,(5,28)),(10,(22,(29,((30,4),14))))),((17,(16,23)),(((26,18),25),8))),((15,(13,6)),(21,20))),(((7,24),(11,2)),(27,(3,((19,1),9)))));

STEP 41 [2sECR_ClassicHeuristic_MC -> NNI_Substep_31] - Distance: 72.0000
((((((12,(5,28)),10),(22,(29,((30,4),14)))),((17,(16,23)),(((26,18),25),8))),((15,(13,6)),(21,20))),(((7,24),(11,2)),(27,(3,((19,1),9)))));

STEP 42 [2sECR_ClassicHeuristic_MC -> NNI_Substep_32] - Distance: 70.0000
((((((10,(5,28)),12),(22,(29,((30,4),14)))),((17,(16,23)),(((26,18),25),8))),((15,(13,6)),(21,20))),(((7,24),(11,2)),(27,(3,((19,1),9)))));

STEP 43 [2sECR_ClassicHeuristic_MC -> NNI_Substep_33] - Distance: 71.0000
((((((10,(5,28)),12),(22,(29,((30,4),14)))),(17,((16,23),(((26,18),25),8)))),((15,(13,6)),(21,20))),(((7,24),(11,2)),(27,(3,((19,1),9)))));

STEP 44 [2sECR_ClassicHeuristic_MC -> NNI_Substep_34] - Distance: 70.0000
((((((10,(5,28)),12),(22,(29,((30,4),14)))),(17,(((26,18),25),((16,23),8)))),((15,(13,6)),(21,20))),(((7,24),(11,2)),(27,(3,((19,1),9)))));

STEP 45 [2sECR_ClassicHeuristic_MC -> NNI_Substep_35] - Distance: 68.0000
((((((10,(5,28)),12),(22,(29,((30,4),14)))),((17,((26,18),25)),((16,23),8))),((15,(13,6)),(21,20))),(((7,24),(11,2)),(27,(3,((19,1),9)))));

STEP 46 [2sECR_ClassicHeuristic_MC -> NNI_Substep_36] - Distance: 67.0000
((((((10,(5,28)),12),(22,(29,((30,4),14)))),((17,((26,18),25)),((16,23),8))),((15,(13,6)),(21,20))),((11,((7,24),2)),(27,(3,((19,1),9)))));

STEP 47 [2sECR_ClassicHeuristic_MC -> NNI_Substep_37] - Distance: 69.0000
((((((10,(5,28)),12),(22,(29,((30,4),14)))),((17,((26,18),25)),((16,23),8))),((15,(13,6)),(21,20))),(11,(((7,24),2),(27,(3,((19,1),9))))));

STEP 48 [2sECR_ClassicHeuristic_MC -> NNI_Substep_38] - Distance: 64.0000
((((((10,(5,28)),12),(22,(29,((30,4),14)))),((17,((26,18),25)),((16,23),8))),((15,(13,6)),(21,20))),(11,((3,((19,1),9)),(((7,24),2),27))));

STEP 49 [2sECR_ClassicHeuristic_MC -> NNI_Substep_39] - Distance: 64.0000
((((((10,(5,28)),12),(22,(29,((30,4),14)))),((17,((26,18),25)),((16,23),8))),((15,(13,6)),(21,20))),(11,((3,((19,1),9)),((7,(2,24)),27))));

STEP 50 [2sECR_ClassicHeuristic_MC -> NNI_Substep_40] - Distance: 62.0000
((((((10,(5,28)),12),(22,(29,((30,4),14)))),((17,((26,18),25)),((16,23),8))),((15,(13,6)),(21,20))),(11,((3,((19,1),9)),((27,(2,24)),7))));

STEP 51 [2sECR_ClassicHeuristic_MC -> NNI_Substep_41] - Distance: 60.0000
((((((10,(5,28)),12),(22,(29,((30,4),14)))),((17,((26,18),25)),((16,23),8))),((15,(13,6)),(21,20))),(11,((3,((19,1),9)),((2,(27,24)),7))));

STEP 52 [2sECR_ClassicHeuristic_MC -> NNI_Substep_42] - Distance: 60.0000
((((((10,(5,28)),12),(22,(29,((30,4),14)))),((17,(26,(25,18))),((16,23),8))),((15,(13,6)),(21,20))),(11,((3,((19,1),9)),((2,(27,24)),7))));

STEP 53 [2sECR_ClassicHeuristic_MC -> NNI_Substep_43] - Distance: 59.0000
((((((10,(5,28)),12),(22,(29,((30,4),14)))),(((17,26),(25,18)),((16,23),8))),((15,(13,6)),(21,20))),(11,((3,((19,1),9)),((2,(27,24)),7))));

STEP 54 [3sECR_ClassicHeuristic_MC -> NNI_Substep_1] - Distance: 84.0000
(((((10,(5,28)),12),(22,(29,((30,4),14)))),(((17,26),(25,18)),((16,23),8))),((15,(13,6)),((21,20),(11,((3,((19,1),9)),((2,(27,24)),7))))));

STEP 55 [3sECR_ClassicHeuristic_MC -> NNI_Substep_2] - Distance: 85.0000
(((((10,(5,28)),12),(22,(29,((30,4),14)))),(((17,26),(25,18)),((16,23),8))),((15,(13,6)),(((21,20),((3,((19,1),9)),((2,(27,24)),7))),11)));

STEP 56 [3sECR_ClassicHeuristic_MC -> NNI_Substep_3] - Distance: 78.0000
(((((10,(5,28)),12),(22,(29,((30,4),14)))),(((17,26),(25,18)),((16,23),8))),(((15,(13,6)),11),((21,20),((3,((19,1),9)),((2,(27,24)),7)))));

STEP 57 [3sECR_ClassicHeuristic_MC -> NNI_Substep_4] - Distance: 65.0000
((((((10,(5,28)),12),(22,(29,((30,4),14)))),(((17,26),(25,18)),((16,23),8))),((15,(13,6)),11)),(21,(20,((3,((19,1),9)),((2,(27,24)),7)))));

STEP 58 [3sECR_ClassicHeuristic_MC -> NNI_Substep_5] - Distance: 68.0000
((((((10,(5,28)),12),(22,(29,((30,4),14)))),(((17,26),(25,18)),((16,23),8))),((15,(13,6)),11)),(21,(20,(((3,((19,1),9)),(2,(27,24))),7))));

STEP 59 [3sECR_ClassicHeuristic_MC -> NNI_Substep_6] - Distance: 68.0000
((((((10,(5,28)),12),(22,(29,((30,4),14)))),(((17,26),(25,18)),((16,23),8))),((15,(13,6)),11)),(21,((20,((3,((19,1),9)),(2,(27,24)))),7)));

STEP 60 [3sECR_ClassicHeuristic_MC -> NNI_Substep_7] - Distance: 65.0000
((((((10,(5,28)),12),(22,(29,((30,4),14)))),(((17,26),(25,18)),((16,23),8))),((15,(13,6)),11)),(21,(((20,(2,(27,24))),(3,((19,1),9))),7)));

STEP 61 [3sECR_ClassicHeuristic_MC -> NNI_Substep_8] - Distance: 56.0000
((((((10,(5,28)),12),(22,(29,((30,4),14)))),(((17,26),(25,18)),((16,23),8))),((15,(13,6)),11)),((21,7),((20,(2,(27,24))),(3,((19,1),9)))));

STEP 62 [3sECR_ClassicHeuristic_MC -> NNI_Substep_9] - Distance: 65.0000
(((((((17,26),(25,18)),((16,23),8)),(((10,(5,28)),12),(22,(29,((30,4),14))))),11),(15,(13,6))),((21,7),((20,(2,(27,24))),(3,((19,1),9)))));

STEP 63 [3sECR_ClassicHeuristic_MC -> NNI_Substep_10] - Distance: 59.0000
((((((17,26),(25,18)),((16,23),8)),((((10,(5,28)),12),(22,(29,((30,4),14)))),11)),(15,(13,6))),((21,7),((20,(2,(27,24))),(3,((19,1),9)))));

STEP 64 [3sECR_ClassicHeuristic_MC -> NNI_Substep_11] - Distance: 55.0000
((((((17,26),(25,18)),((16,23),8)),((((10,(5,28)),12),11),(22,(29,((30,4),14))))),(15,(13,6))),((21,7),((20,(2,(27,24))),(3,((19,1),9)))));

STEP 65 [3sECR_ClassicHeuristic_MC -> NNI_Substep_12] - Distance: 56.0000
((((((17,26),(25,18)),((16,23),8)),(((10,(5,28)),12),(11,(22,(29,((30,4),14)))))),(15,(13,6))),((21,7),((20,(2,(27,24))),(3,((19,1),9)))));

STEP 66 [3sECR_ClassicHeuristic_MC -> NNI_Substep_13] - Distance: 54.0000
((((((17,26),(25,18)),((16,23),8)),(((10,(5,28)),12),(11,((22,29),((30,4),14))))),(15,(13,6))),((21,7),((20,(2,(27,24))),(3,((19,1),9)))));

STEP 67 [3sECR_ClassicHeuristic_MC -> NNI_Substep_14] - Distance: 51.0000
((((((17,26),(25,18)),((16,23),8)),(((10,(5,28)),12),((11,((30,4),14)),(22,29)))),(15,(13,6))),((21,7),((20,(2,(27,24))),(3,((19,1),9)))));

STEP 68 [3sECR_ClassicHeuristic_MC -> NNI_Substep_15] - Distance: 54.0000
((((((17,26),(25,18)),((16,23),8)),(((10,(5,28)),12),(((11,((30,4),14)),29),22))),(15,(13,6))),((21,7),((20,(2,(27,24))),(3,((19,1),9)))));

STEP 69 [3sECR_ClassicHeuristic_MC -> NNI_Substep_16] - Distance: 51.0000
((((((17,26),(25,18)),((16,23),8)),((((10,(5,28)),12),22),((11,((30,4),14)),29))),(15,(13,6))),((21,7),((20,(2,(27,24))),(3,((19,1),9)))));

STEP 70 [3sECR_ClassicHeuristic_MC -> NNI_Substep_17] - Distance: 49.0000
((((((17,26),(25,18)),((16,23),8)),(((10,(5,28)),(12,22)),((11,((30,4),14)),29))),(15,(13,6))),((21,7),((20,(2,(27,24))),(3,((19,1),9)))));

STEP 71 [SPR_ClassicHeuristic_MC -> NNI_Substep_1] - Distance: 50.0000
(((((((17,26),25),18),((16,23),8)),(((10,(5,28)),(12,22)),((11,((30,4),14)),29))),(15,(13,6))),((21,7),((20,(2,(27,24))),(3,((19,1),9)))));

STEP 72 [SPR_ClassicHeuristic_MC -> NNI_Substep_2] - Distance: 52.0000
(((((((17,26),25),((16,23),8)),18),(((10,(5,28)),(12,22)),((11,((30,4),14)),29))),(15,(13,6))),((21,7),((20,(2,(27,24))),(3,((19,1),9)))));

STEP 73 [SPR_ClassicHeuristic_MC -> NNI_Substep_3] - Distance: 61.0000
(((((((17,26),25),((16,23),8)),(((10,(5,28)),(12,22)),((11,((30,4),14)),29))),18),(15,(13,6))),((21,7),((20,(2,(27,24))),(3,((19,1),9)))));

STEP 74 [SPR_ClassicHeuristic_MC -> NNI_Substep_4] - Distance: 54.0000
((((((17,26),25),((16,23),8)),((((10,(5,28)),(12,22)),((11,((30,4),14)),29)),18)),(15,(13,6))),((21,7),((20,(2,(27,24))),(3,((19,1),9)))));

STEP 75 [SPR_ClassicHeuristic_MC -> NNI_Substep_5] - Distance: 48.0000
((((((17,26),25),((16,23),8)),(((10,(5,28)),(12,22)),(((11,((30,4),14)),29),18))),(15,(13,6))),((21,7),((20,(2,(27,24))),(3,((19,1),9)))));

STEP 76 [SPR_ClassicHeuristic_MC -> NNI_Substep_6] - Distance: 46.0000
((((((17,26),25),((16,23),8)),(((10,(5,28)),(12,22)),(((11,((30,4),14)),18),29))),(15,(13,6))),((21,7),((20,(2,(27,24))),(3,((19,1),9)))));

STEP 77 [SPR_ClassicHeuristic_MC -> NNI_Substep_7] - Distance: 44.0000
((((((17,26),25),((16,23),8)),(((10,(5,28)),(12,22)),((11,(((30,4),14),18)),29))),(15,(13,6))),((21,7),((20,(2,(27,24))),(3,((19,1),9)))));

STEP 78 [SPR_ClassicHeuristic_MC -> NNI_Substep_8] - Distance: 41.0000
((((((17,26),25),((16,23),8)),(((10,(5,28)),(12,22)),((11,((30,4),(14,18))),29))),(15,(13,6))),((21,7),((20,(2,(27,24))),(3,((19,1),9)))));

STEP 79 [SPR_ClassicHeuristic_MC -> NNI_Substep_9] - Distance: 41.0000
((((((26,25),17),((16,23),8)),(((10,(5,28)),(12,22)),((11,((30,4),(14,18))),29))),(15,(13,6))),((21,7),((20,(2,(27,24))),(3,((19,1),9)))));

STEP 80 [SPR_ClassicHeuristic_MC -> NNI_Substep_10] - Distance: 43.0000
((((((26,25),((16,23),8)),17),(((10,(5,28)),(12,22)),((11,((30,4),(14,18))),29))),(15,(13,6))),((21,7),((20,(2,(27,24))),(3,((19,1),9)))));

STEP 81 [SPR_ClassicHeuristic_MC -> NNI_Substep_11] - Distance: 53.0000
((((((26,25),((16,23),8)),(((10,(5,28)),(12,22)),((11,((30,4),(14,18))),29))),17),(15,(13,6))),((21,7),((20,(2,(27,24))),(3,((19,1),9)))));

STEP 82 [SPR_ClassicHeuristic_MC -> NNI_Substep_12] - Distance: 55.0000
((((((26,25),((16,23),8)),(((10,(5,28)),(12,22)),((11,((30,4),(14,18))),29))),(15,(13,6))),17),((21,7),((20,(2,(27,24))),(3,((19,1),9)))));

STEP 83 [SPR_ClassicHeuristic_MC -> NNI_Substep_13] - Distance: 38.0000
(((((26,25),((16,23),8)),(((10,(5,28)),(12,22)),((11,((30,4),(14,18))),29))),((15,(13,6)),17)),((21,7),((20,(2,(27,24))),(3,((19,1),9)))));

STEP 84 [SPR_ClassicHeuristic_MC -> NNI_Substep_14] - Distance: 36.0000
(((((26,25),((16,23),8)),(((10,(5,28)),(12,22)),((11,((30,4),(14,18))),29))),(15,((13,6),17))),((21,7),((20,(2,(27,24))),(3,((19,1),9)))));

STEP 85 [SPR_ClassicHeuristic_MC -> NNI_Substep_15] - Distance: 34.0000
(((((26,25),((16,23),8)),(((10,(5,28)),(12,22)),((11,((30,4),(14,18))),29))),(15,(13,(6,17)))),((21,7),((20,(2,(27,24))),(3,((19,1),9)))));

STEP 86 [SPR_ClassicHeuristic_MC -> NNI_Substep_16] - Distance: 36.0000
(((((26,25),((16,23),8)),((((10,(5,28)),22),12),((11,((30,4),(14,18))),29))),(15,(13,(6,17)))),((21,7),((20,(2,(27,24))),(3,((19,1),9)))));

STEP 87 [SPR_ClassicHeuristic_MC -> NNI_Substep_17] - Distance: 41.0000
(((((26,25),((16,23),8)),((((10,(5,28)),22),((11,((30,4),(14,18))),29)),12)),(15,(13,(6,17)))),((21,7),((20,(2,(27,24))),(3,((19,1),9)))));

STEP 88 [SPR_ClassicHeuristic_MC -> NNI_Substep_18] - Distance: 45.0000
((((((26,25),((16,23),8)),(((10,(5,28)),22),((11,((30,4),(14,18))),29))),12),(15,(13,(6,17)))),((21,7),((20,(2,(27,24))),(3,((19,1),9)))));

STEP 89 [SPR_ClassicHeuristic_MC -> NNI_Substep_19] - Distance: 34.0000
((((((26,25),((16,23),8)),12),(((10,(5,28)),22),((11,((30,4),(14,18))),29))),(15,(13,(6,17)))),((21,7),((20,(2,(27,24))),(3,((19,1),9)))));

STEP 90 [SPR_ClassicHeuristic_MC -> NNI_Substep_20] - Distance: 30.0000
((((((26,25),12),((16,23),8)),(((10,(5,28)),22),((11,((30,4),(14,18))),29))),(15,(13,(6,17)))),((21,7),((20,(2,(27,24))),(3,((19,1),9)))));

STEP 91 [SPR_ClassicHeuristic_MC -> NNI_Substep_21] - Distance: 28.0000
((((((26,12),25),((16,23),8)),(((10,(5,28)),22),((11,((30,4),(14,18))),29))),(15,(13,(6,17)))),((21,7),((20,(2,(27,24))),(3,((19,1),9)))));

STEP 92 [SPR_ClassicHeuristic_MC -> NNI_Substep_22] - Distance: 28.0000
((((((26,12),25),((16,23),8)),(((10,(5,28)),22),((11,((30,4),(14,18))),29))),(15,(13,(6,17)))),((21,7),((20,(2,(27,24))),(3,((19,9),1)))));

STEP 93 [SPR_ClassicHeuristic_MC -> NNI_Substep_23] - Distance: 28.0000
((((((26,12),25),((16,23),8)),(((10,(5,28)),22),((11,((30,4),(14,18))),29))),(15,(13,(6,17)))),((21,7),((20,(2,(27,24))),((3,(19,9)),1))));

STEP 94 [SPR_ClassicHeuristic_MC -> NNI_Substep_24] - Distance: 31.0000
((((((26,12),25),((16,23),8)),(((10,(5,28)),22),((11,((30,4),(14,18))),29))),(15,(13,(6,17)))),((21,7),(((20,(2,(27,24))),(3,(19,9))),1)));

STEP 95 [SPR_ClassicHeuristic_MC -> NNI_Substep_25] - Distance: 32.0000
((((((26,12),25),((16,23),8)),(((10,(5,28)),22),((11,((30,4),(14,18))),29))),(15,(13,(6,17)))),(((21,7),((20,(2,(27,24))),(3,(19,9)))),1));

STEP 96 [SPR_ClassicHeuristic_MC -> NNI_Substep_26] - Distance: 38.0000
(((((((26,12),25),((16,23),8)),(((10,(5,28)),22),((11,((30,4),(14,18))),29))),1),(15,(13,(6,17)))),((21,7),((20,(2,(27,24))),(3,(19,9)))));

STEP 97 [SPR_ClassicHeuristic_MC -> NNI_Substep_27] - Distance: 31.0000
((((((26,12),25),((16,23),8)),((((10,(5,28)),22),((11,((30,4),(14,18))),29)),1)),(15,(13,(6,17)))),((21,7),((20,(2,(27,24))),(3,(19,9)))));

STEP 98 [SPR_ClassicHeuristic_MC -> NNI_Substep_28] - Distance: 24.0000
((((((26,12),25),((16,23),8)),((((10,(5,28)),22),1),((11,((30,4),(14,18))),29))),(15,(13,(6,17)))),((21,7),((20,(2,(27,24))),(3,(19,9)))));

STEP 99 [SPR_ClassicHeuristic_MC -> NNI_Substep_29] - Distance: 22.0000
((((((26,12),25),((16,23),8)),(((10,(5,28)),(22,1)),((11,((30,4),(14,18))),29))),(15,(13,(6,17)))),((21,7),((20,(2,(27,24))),(3,(19,9)))));

STEP 100 [SPR_ClassicHeuristic_MC -> NNI_Substep_30] - Distance: 24.0000
((((((26,12),25),((16,23),8)),((((10,(5,28)),1),22),((11,((30,4),(14,18))),29))),(15,(13,(6,17)))),((21,7),((20,(2,(27,24))),(3,(19,9)))));

STEP 101 [SPR_ClassicHeuristic_MC -> NNI_Substep_31] - Distance: 29.0000
((((((26,12),25),((16,23),8)),((((10,(5,28)),1),((11,((30,4),(14,18))),29)),22)),(15,(13,(6,17)))),((21,7),((20,(2,(27,24))),(3,(19,9)))));

STEP 102 [SPR_ClassicHeuristic_MC -> NNI_Substep_32] - Distance: 34.0000
(((((((26,12),25),((16,23),8)),(((10,(5,28)),1),((11,((30,4),(14,18))),29))),22),(15,(13,(6,17)))),((21,7),((20,(2,(27,24))),(3,(19,9)))));

STEP 103 [SPR_ClassicHeuristic_MC -> NNI_Substep_33] - Distance: 35.0000
(((((((26,12),25),((16,23),8)),(((10,(5,28)),1),((11,((30,4),(14,18))),29))),(15,(13,(6,17)))),22),((21,7),((20,(2,(27,24))),(3,(19,9)))));

STEP 104 [SPR_ClassicHeuristic_MC -> NNI_Substep_34] - Distance: 19.0000
((((((26,12),25),((16,23),8)),(((10,(5,28)),1),((11,((30,4),(14,18))),29))),(15,(13,(6,17)))),((21,7),(((20,(2,(27,24))),(3,(19,9))),22)));

STEP 105 [SPR_ClassicHeuristic_MC -> NNI_Substep_35] - Distance: 17.0000
((((((26,12),25),((16,23),8)),(((10,(5,28)),1),((11,((30,4),(14,18))),29))),(15,(13,(6,17)))),((21,7),(((20,(2,(27,24))),22),(3,(19,9)))));

STEP 106 [SPR_ClassicHeuristic_MC -> NNI_Substep_36] - Distance: 15.0000
((((((26,12),25),((16,23),8)),(((10,(5,28)),1),((11,((30,4),(14,18))),29))),(15,(13,(6,17)))),((21,7),(((20,22),(2,(27,24))),(3,(19,9)))));

STEP 107 [SPR_ClassicHeuristic_MC -> NNI_Substep_37] - Distance: 30.0000
(((((((26,12),25),((16,23),8)),(((10,(5,28)),1),((11,((30,4),(14,18))),29))),(13,(6,17))),15),((21,7),(((20,22),(2,(27,24))),(3,(19,9)))));

STEP 108 [SPR_ClassicHeuristic_MC -> NNI_Substep_38] - Distance: 18.0000
((((((26,12),25),((16,23),8)),(((10,(5,28)),1),((11,((30,4),(14,18))),29))),(13,(6,17))),((21,7),((((20,22),(2,(27,24))),(3,(19,9))),15)));

STEP 109 [SPR_ClassicHeuristic_MC -> NNI_Substep_39] - Distance: 12.0000
((((((26,12),25),((16,23),8)),(((10,(5,28)),1),((11,((30,4),(14,18))),29))),(13,(6,17))),((21,7),(((20,22),(2,(27,24))),((3,(19,9)),15))));

STEP 110 [SPR_ClassicHeuristic_MC -> NNI_Substep_40] - Distance: 10.0000
((((((26,12),25),((16,23),8)),(((10,(5,28)),1),((11,((30,4),(14,18))),29))),(13,(6,17))),((21,7),(((20,22),(2,(27,24))),(3,((19,9),15)))));

STEP 111 [SPR_ClassicHeuristic_MC -> NNI_Substep_41] - Distance: 8.0000
((((((26,12),25),((16,23),8)),(((10,(5,28)),1),((11,((30,4),(14,18))),29))),(13,(6,17))),((21,7),(((20,22),(2,(27,24))),(3,((19,15),9)))));

STEP 112 [SPR_ClassicHeuristic_MC -> NNI_Substep_42] - Distance: 10.0000
((((((26,12),25),((16,23),8)),(((10,(5,28)),1),((11,((30,4),(14,18))),29))),(13,(6,17))),((21,7),(((22,(2,(27,24))),20),(3,((19,15),9)))));

STEP 113 [SPR_ClassicHeuristic_MC -> NNI_Substep_43] - Distance: 13.0000
((((((26,12),25),((16,23),8)),(((10,(5,28)),1),((11,((30,4),(14,18))),29))),(13,(6,17))),((21,7),(((22,(2,(27,24))),(3,((19,15),9))),20)));

STEP 114 [SPR_ClassicHeuristic_MC -> NNI_Substep_44] - Distance: 14.0000
((((((26,12),25),((16,23),8)),(((10,(5,28)),1),((11,((30,4),(14,18))),29))),(13,(6,17))),(((21,7),((22,(2,(27,24))),(3,((19,15),9)))),20));

STEP 115 [SPR_ClassicHeuristic_MC -> NNI_Substep_45] - Distance: 0.0000
((((((26,12),25),((16,23),8)),(((10,(5,28)),1),((11,((30,4),(14,18))),29))),((13,(6,17)),20)),((21,7),((22,(2,(27,24))),(3,((19,15),9)))));

========================================================
[FINAL] Total Steps: 115 | Final Distance: 0.0000
========================================================
