========================================================
HEURISTIC TRAJECTORY: VND Classic (RFC)
========================================================
STEP 0 [START] - Distance: 28.0000
(((((23,(17,28)),(5,(21,10))),(14,1)),((6,8),(((19,(20,11)),(3,(27,(22,24)))),(25,(9,16))))),(18,((7,(4,13)),((2,(26,15)),(12,(30,29))))));

STEP 1 [NNI_ClassicHeuristic_RFC] - Distance: 27.0000
(((((23,(17,28)),(5,(21,10))),(14,1)),((6,8),(((19,(20,11)),((22,24),(27,3))),(25,(9,16))))),(18,((7,(4,13)),((2,(26,15)),(12,(30,29))))));

STEP 2 [SPR_ClassicHeuristic_RFC -> NNI_Substep_1] - Distance: 27.0000
((((((23,17),28),(5,(21,10))),(14,1)),((6,8),(((19,(20,11)),((22,24),(27,3))),(25,(9,16))))),(18,((7,(4,13)),((2,(26,15)),(12,(30,29))))));

STEP 3 [SPR_ClassicHeuristic_RFC -> NNI_Substep_2] - Distance: 27.0000
((((((23,17),(5,(21,10))),28),(14,1)),((6,8),(((19,(20,11)),((22,24),(27,3))),(25,(9,16))))),(18,((7,(4,13)),((2,(26,15)),(12,(30,29))))));

STEP 4 [SPR_ClassicHeuristic_RFC -> NNI_Substep_3] - Distance: 27.0000
((((((23,17),(5,(21,10))),(14,1)),28),((6,8),(((19,(20,11)),((22,24),(27,3))),(25,(9,16))))),(18,((7,(4,13)),((2,(26,15)),(12,(30,29))))));

STEP 5 [SPR_ClassicHeuristic_RFC -> NNI_Substep_4] - Distance: 27.0000
(((((23,17),(5,(21,10))),((14,1),28)),((6,8),(((19,(20,11)),((22,24),(27,3))),(25,(9,16))))),(18,((7,(4,13)),((2,(26,15)),(12,(30,29))))));

STEP 6 [SPR_ClassicHeuristic_RFC -> NNI_Substep_5] - Distance: 26.0000
(((((23,17),(5,(21,10))),(14,(1,28))),((6,8),(((19,(20,11)),((22,24),(27,3))),(25,(9,16))))),(18,((7,(4,13)),((2,(26,15)),(12,(30,29))))));

STEP 7 [SPR_ClassicHeuristic_RFC -> NNI_Substep_6] - Distance: 26.0000
(((((23,17),((5,21),10)),(14,(1,28))),((6,8),(((19,(20,11)),((22,24),(27,3))),(25,(9,16))))),(18,((7,(4,13)),((2,(26,15)),(12,(30,29))))));

STEP 8 [SPR_ClassicHeuristic_RFC -> NNI_Substep_7] - Distance: 26.0000
((((((23,17),(5,21)),10),(14,(1,28))),((6,8),(((19,(20,11)),((22,24),(27,3))),(25,(9,16))))),(18,((7,(4,13)),((2,(26,15)),(12,(30,29))))));

STEP 9 [SPR_ClassicHeuristic_RFC -> NNI_Substep_8] - Distance: 26.0000
((((((23,17),(5,21)),(14,(1,28))),10),((6,8),(((19,(20,11)),((22,24),(27,3))),(25,(9,16))))),(18,((7,(4,13)),((2,(26,15)),(12,(30,29))))));

STEP 10 [SPR_ClassicHeuristic_RFC -> NNI_Substep_9] - Distance: 26.0000
((((((23,17),(5,21)),(14,(1,28))),((6,8),(((19,(20,11)),((22,24),(27,3))),(25,(9,16))))),10),(18,((7,(4,13)),((2,(26,15)),(12,(30,29))))));

STEP 11 [SPR_ClassicHeuristic_RFC -> NNI_Substep_10] - Distance: 25.0000
((((((23,17),(5,21)),(14,(1,28))),((6,8),((((19,20),11),((22,24),(27,3))),(25,(9,16))))),(18,((7,(4,13)),((2,(26,15)),(12,(30,29)))))),10);

STEP 12 [SPR_ClassicHeuristic_RFC -> NNI_Substep_11] - Distance: 25.0000
((((((23,17),(5,21)),(14,(1,28))),((6,8),((((19,20),((22,24),(27,3))),11),(25,(9,16))))),(18,((7,(4,13)),((2,(26,15)),(12,(30,29)))))),10);

STEP 13 [SPR_ClassicHeuristic_RFC -> NNI_Substep_12] - Distance: 25.0000
((((((23,17),(5,21)),(14,(1,28))),((6,8),((((19,20),((22,24),(27,3))),(25,(9,16))),11))),(18,((7,(4,13)),((2,(26,15)),(12,(30,29)))))),10);

STEP 14 [SPR_ClassicHeuristic_RFC -> NNI_Substep_13] - Distance: 25.0000
((((((23,17),(5,21)),(14,(1,28))),((6,8),(((19,20),((22,24),(27,3))),((25,(9,16)),11)))),(18,((7,(4,13)),((2,(26,15)),(12,(30,29)))))),10);

STEP 15 [SPR_ClassicHeuristic_RFC -> NNI_Substep_14] - Distance: 25.0000
((((((23,17),(5,21)),(14,(1,28))),((6,8),(((19,20),((22,24),(27,3))),(25,((9,16),11))))),(18,((7,(4,13)),((2,(26,15)),(12,(30,29)))))),10);

STEP 16 [SPR_ClassicHeuristic_RFC -> NNI_Substep_15] - Distance: 24.0000
((((((23,17),(5,21)),(14,(1,28))),((6,8),(((19,20),((22,24),(27,3))),(25,((9,11),16))))),(18,((7,(4,13)),((2,(26,15)),(12,(30,29)))))),10);

STEP 17 [SPR_ClassicHeuristic_RFC -> NNI_Substep_16] - Distance: 24.0000
((((((23,17),(5,21)),(14,(1,28))),((6,8),(((19,20),((22,24),(27,3))),(25,((9,11),16))))),(18,((7,(4,13)),(((26,15),(12,(30,29))),2)))),10);

STEP 18 [SPR_ClassicHeuristic_RFC -> NNI_Substep_17] - Distance: 24.0000
((((((23,17),(5,21)),(14,(1,28))),((6,8),(((19,20),((22,24),(27,3))),(25,((9,11),16))))),(18,(((7,(4,13)),((26,15),(12,(30,29)))),2))),10);

STEP 19 [SPR_ClassicHeuristic_RFC -> NNI_Substep_18] - Distance: 24.0000
((((((23,17),(5,21)),(14,(1,28))),((6,8),(((19,20),((22,24),(27,3))),(25,((9,11),16))))),((18,((7,(4,13)),((26,15),(12,(30,29))))),2)),10);

STEP 20 [SPR_ClassicHeuristic_RFC -> NNI_Substep_19] - Distance: 24.0000
(((((((23,17),(5,21)),(14,(1,28))),((6,8),(((19,20),((22,24),(27,3))),(25,((9,11),16))))),(18,((7,(4,13)),((26,15),(12,(30,29)))))),2),10);

STEP 21 [SPR_ClassicHeuristic_RFC -> NNI_Substep_20] - Distance: 24.0000
(((((((23,17),(5,21)),(14,(1,28))),((6,8),(((19,20),((22,24),(27,3))),(25,((9,11),16))))),2),(18,((7,(4,13)),((26,15),(12,(30,29)))))),10);

STEP 22 [SPR_ClassicHeuristic_RFC -> NNI_Substep_21] - Distance: 24.0000
((((((23,17),(5,21)),(14,(1,28))),(((6,8),(((19,20),((22,24),(27,3))),(25,((9,11),16)))),2)),(18,((7,(4,13)),((26,15),(12,(30,29)))))),10);

STEP 23 [SPR_ClassicHeuristic_RFC -> NNI_Substep_22] - Distance: 24.0000
((((((23,17),(5,21)),(14,(1,28))),((6,8),((((19,20),((22,24),(27,3))),(25,((9,11),16))),2))),(18,((7,(4,13)),((26,15),(12,(30,29)))))),10);

STEP 24 [SPR_ClassicHeuristic_RFC -> NNI_Substep_23] - Distance: 24.0000
((((((23,17),(5,21)),(14,(1,28))),((6,8),((((19,20),((22,24),(27,3))),2),(25,((9,11),16))))),(18,((7,(4,13)),((26,15),(12,(30,29)))))),10);

STEP 25 [SPR_ClassicHeuristic_RFC -> NNI_Substep_24] - Distance: 23.0000
((((((23,17),(5,21)),(14,(1,28))),((6,8),((((19,20),2),((22,24),(27,3))),(25,((9,11),16))))),(18,((7,(4,13)),((26,15),(12,(30,29)))))),10);

STEP 26 [SPR_ClassicHeuristic_RFC -> NNI_Substep_25] - Distance: 22.0000
((((((23,17),(5,21)),(14,(1,28))),((6,8),(((19,(20,2)),((22,24),(27,3))),(25,((9,11),16))))),(18,((7,(4,13)),((26,15),(12,(30,29)))))),10);

STEP 27 [SPR_ClassicHeuristic_RFC -> NNI_Substep_26] - Distance: 22.0000
(((((((23,17),(5,21)),14),(1,28)),((6,8),(((19,(20,2)),((22,24),(27,3))),(25,((9,11),16))))),(18,((7,(4,13)),((26,15),(12,(30,29)))))),10);

STEP 28 [SPR_ClassicHeuristic_RFC -> NNI_Substep_27] - Distance: 22.0000
(((((((23,17),(5,21)),14),((6,8),(((19,(20,2)),((22,24),(27,3))),(25,((9,11),16))))),(1,28)),(18,((7,(4,13)),((26,15),(12,(30,29)))))),10);

STEP 29 [SPR_ClassicHeuristic_RFC -> NNI_Substep_28] - Distance: 22.0000
((((((23,17),(5,21)),14),(((6,8),(((19,(20,2)),((22,24),(27,3))),(25,((9,11),16)))),(1,28))),(18,((7,(4,13)),((26,15),(12,(30,29)))))),10);

STEP 30 [SPR_ClassicHeuristic_RFC -> NNI_Substep_29] - Distance: 22.0000
((((((23,17),(5,21)),14),((6,8),((((19,(20,2)),((22,24),(27,3))),(25,((9,11),16))),(1,28)))),(18,((7,(4,13)),((26,15),(12,(30,29)))))),10);

STEP 31 [SPR_ClassicHeuristic_RFC -> NNI_Substep_30] - Distance: 22.0000
((((((23,17),(5,21)),14),((6,8),((((19,(20,2)),((22,24),(27,3))),(1,28)),(25,((9,11),16))))),(18,((7,(4,13)),((26,15),(12,(30,29)))))),10);

STEP 32 [SPR_ClassicHeuristic_RFC -> NNI_Substep_31] - Distance: 21.0000
((((((23,17),(5,21)),14),((6,8),((((19,(20,2)),(1,28)),((22,24),(27,3))),(25,((9,11),16))))),(18,((7,(4,13)),((26,15),(12,(30,29)))))),10);

STEP 33 [SPR_ClassicHeuristic_RFC -> NNI_Substep_32] - Distance: 21.0000
((((((23,17),(5,21)),((6,8),((((19,(20,2)),(1,28)),((22,24),(27,3))),(25,((9,11),16))))),14),(18,((7,(4,13)),((26,15),(12,(30,29)))))),10);

STEP 34 [SPR_ClassicHeuristic_RFC -> NNI_Substep_33] - Distance: 21.0000
((((((23,17),(5,21)),((6,8),((((19,(20,2)),(1,28)),((22,24),(27,3))),(25,((9,11),16))))),(18,((7,(4,13)),((26,15),(12,(30,29)))))),14),10);

STEP 35 [SPR_ClassicHeuristic_RFC -> NNI_Substep_34] - Distance: 21.0000
(((((23,17),(5,21)),((6,8),((((19,(20,2)),(1,28)),((22,24),(27,3))),(25,((9,11),16))))),((18,((7,(4,13)),((26,15),(12,(30,29))))),14)),10);

STEP 36 [SPR_ClassicHeuristic_RFC -> NNI_Substep_35] - Distance: 21.0000
(((((23,17),(5,21)),((6,8),((((19,(20,2)),(1,28)),((22,24),(27,3))),(25,((9,11),16))))),(18,(((7,(4,13)),((26,15),(12,(30,29)))),14))),10);

STEP 37 [SPR_ClassicHeuristic_RFC -> NNI_Substep_36] - Distance: 21.0000
(((((23,17),(5,21)),((6,8),((((19,(20,2)),(1,28)),((22,24),(27,3))),(25,((9,11),16))))),(18,((7,(4,13)),(((26,15),(12,(30,29))),14)))),10);

STEP 38 [SPR_ClassicHeuristic_RFC -> NNI_Substep_37] - Distance: 21.0000
(((((23,17),(5,21)),((6,8),((((19,(20,2)),(1,28)),((22,24),(27,3))),(25,((9,11),16))))),(18,((7,(4,13)),((26,15),((12,(30,29)),14))))),10);

STEP 39 [SPR_ClassicHeuristic_RFC -> NNI_Substep_38] - Distance: 20.0000
(((((23,17),(5,21)),((6,8),((((19,(20,2)),(1,28)),((22,24),(27,3))),(25,((9,11),16))))),(18,((7,(4,13)),((26,15),((12,14),(30,29)))))),10);

STEP 40 [SPR_ClassicHeuristic_RFC -> NNI_Substep_39] - Distance: 20.0000
(((((17,(5,21)),23),((6,8),((((19,(20,2)),(1,28)),((22,24),(27,3))),(25,((9,11),16))))),(18,((7,(4,13)),((26,15),((12,14),(30,29)))))),10);

STEP 41 [SPR_ClassicHeuristic_RFC -> NNI_Substep_40] - Distance: 20.0000
(((((17,(5,21)),((6,8),((((19,(20,2)),(1,28)),((22,24),(27,3))),(25,((9,11),16))))),23),(18,((7,(4,13)),((26,15),((12,14),(30,29)))))),10);

STEP 42 [SPR_ClassicHeuristic_RFC -> NNI_Substep_41] - Distance: 20.0000
((((17,(5,21)),(((6,8),((((19,(20,2)),(1,28)),((22,24),(27,3))),(25,((9,11),16)))),23)),(18,((7,(4,13)),((26,15),((12,14),(30,29)))))),10);

STEP 43 [SPR_ClassicHeuristic_RFC -> NNI_Substep_42] - Distance: 20.0000
((((17,(5,21)),((6,8),(((((19,(20,2)),(1,28)),((22,24),(27,3))),(25,((9,11),16))),23))),(18,((7,(4,13)),((26,15),((12,14),(30,29)))))),10);

STEP 44 [SPR_ClassicHeuristic_RFC -> NNI_Substep_43] - Distance: 20.0000
((((17,(5,21)),((6,8),((((19,(20,2)),(1,28)),((22,24),(27,3))),((25,((9,11),16)),23)))),(18,((7,(4,13)),((26,15),((12,14),(30,29)))))),10);

STEP 45 [SPR_ClassicHeuristic_RFC -> NNI_Substep_44] - Distance: 20.0000
((((17,(5,21)),((6,8),((((19,(20,2)),(1,28)),((22,24),(27,3))),(25,(((9,11),16),23))))),(18,((7,(4,13)),((26,15),((12,14),(30,29)))))),10);

STEP 46 [SPR_ClassicHeuristic_RFC -> NNI_Substep_45] - Distance: 19.0000
((((17,(5,21)),((6,8),((((19,(20,2)),(1,28)),((22,24),(27,3))),(25,((9,11),(16,23)))))),(18,((7,(4,13)),((26,15),((12,14),(30,29)))))),10);

STEP 47 [SPR_ClassicHeuristic_RFC -> NNI_Substep_46] - Distance: 19.0000
(((((17,5),21),((6,8),((((19,(20,2)),(1,28)),((22,24),(27,3))),(25,((9,11),(16,23)))))),(18,((7,(4,13)),((26,15),((12,14),(30,29)))))),10);

STEP 48 [SPR_ClassicHeuristic_RFC -> NNI_Substep_47] - Distance: 19.0000
(((((17,5),((6,8),((((19,(20,2)),(1,28)),((22,24),(27,3))),(25,((9,11),(16,23)))))),21),(18,((7,(4,13)),((26,15),((12,14),(30,29)))))),10);

STEP 49 [SPR_ClassicHeuristic_RFC -> NNI_Substep_48] - Distance: 19.0000
((((17,5),(((6,8),((((19,(20,2)),(1,28)),((22,24),(27,3))),(25,((9,11),(16,23))))),21)),(18,((7,(4,13)),((26,15),((12,14),(30,29)))))),10);

STEP 50 [SPR_ClassicHeuristic_RFC -> NNI_Substep_49] - Distance: 19.0000
((((17,5),((6,8),(((((19,(20,2)),(1,28)),((22,24),(27,3))),(25,((9,11),(16,23)))),21))),(18,((7,(4,13)),((26,15),((12,14),(30,29)))))),10);

STEP 51 [SPR_ClassicHeuristic_RFC -> NNI_Substep_50] - Distance: 19.0000
((((17,5),((6,8),(((((19,(20,2)),(1,28)),((22,24),(27,3))),21),(25,((9,11),(16,23)))))),(18,((7,(4,13)),((26,15),((12,14),(30,29)))))),10);

STEP 52 [SPR_ClassicHeuristic_RFC -> NNI_Substep_51] - Distance: 19.0000
((((17,5),((6,8),((((19,(20,2)),(1,28)),(((22,24),(27,3)),21)),(25,((9,11),(16,23)))))),(18,((7,(4,13)),((26,15),((12,14),(30,29)))))),10);

STEP 53 [SPR_ClassicHeuristic_RFC -> NNI_Substep_52] - Distance: 19.0000
((((17,5),((6,8),((((19,(20,2)),(1,28)),(((22,24),21),(27,3))),(25,((9,11),(16,23)))))),(18,((7,(4,13)),((26,15),((12,14),(30,29)))))),10);

STEP 54 [SPR_ClassicHeuristic_RFC -> NNI_Substep_53] - Distance: 18.0000
((((17,5),((6,8),((((19,(20,2)),(1,28)),(((22,21),24),(27,3))),(25,((9,11),(16,23)))))),(18,((7,(4,13)),((26,15),((12,14),(30,29)))))),10);

STEP 55 [SPR_ClassicHeuristic_RFC -> NNI_Substep_54] - Distance: 18.0000
((((17,5),((6,8),((((19,(20,2)),(1,28)),((24,(27,3)),(22,21))),(25,((9,11),(16,23)))))),(18,((7,(4,13)),((26,15),((12,14),(30,29)))))),10);

STEP 56 [SPR_ClassicHeuristic_RFC -> NNI_Substep_55] - Distance: 18.0000
((((17,5),((6,8),(((((19,(20,2)),(1,28)),(24,(27,3))),(22,21)),(25,((9,11),(16,23)))))),(18,((7,(4,13)),((26,15),((12,14),(30,29)))))),10);

STEP 57 [SPR_ClassicHeuristic_RFC -> NNI_Substep_56] - Distance: 18.0000
((((17,5),((6,8),(((((19,(20,2)),(1,28)),(24,(27,3))),(25,((9,11),(16,23)))),(22,21)))),(18,((7,(4,13)),((26,15),((12,14),(30,29)))))),10);

STEP 58 [SPR_ClassicHeuristic_RFC -> NNI_Substep_57] - Distance: 18.0000
((((17,5),(((6,8),((((19,(20,2)),(1,28)),(24,(27,3))),(25,((9,11),(16,23))))),(22,21))),(18,((7,(4,13)),((26,15),((12,14),(30,29)))))),10);

STEP 59 [SPR_ClassicHeuristic_RFC -> NNI_Substep_58] - Distance: 18.0000
((((17,5),(((6,8),(22,21)),((((19,(20,2)),(1,28)),(24,(27,3))),(25,((9,11),(16,23)))))),(18,((7,(4,13)),((26,15),((12,14),(30,29)))))),10);

STEP 60 [SPR_ClassicHeuristic_RFC -> NNI_Substep_59] - Distance: 17.0000
((((17,5),((6,(8,(22,21))),((((19,(20,2)),(1,28)),(24,(27,3))),(25,((9,11),(16,23)))))),(18,((7,(4,13)),((26,15),((12,14),(30,29)))))),10);

STEP 61 [SPR_ClassicHeuristic_RFC -> NNI_Substep_60] - Distance: 17.0000
((((17,5),(((8,(22,21)),((((19,(20,2)),(1,28)),(24,(27,3))),(25,((9,11),(16,23))))),6)),(18,((7,(4,13)),((26,15),((12,14),(30,29)))))),10);

STEP 62 [SPR_ClassicHeuristic_RFC -> NNI_Substep_61] - Distance: 17.0000
(((((17,5),((8,(22,21)),((((19,(20,2)),(1,28)),(24,(27,3))),(25,((9,11),(16,23)))))),6),(18,((7,(4,13)),((26,15),((12,14),(30,29)))))),10);

STEP 63 [SPR_ClassicHeuristic_RFC -> NNI_Substep_62] - Distance: 17.0000
(((((17,5),((8,(22,21)),((((19,(20,2)),(1,28)),(24,(27,3))),(25,((9,11),(16,23)))))),(18,((7,(4,13)),((26,15),((12,14),(30,29)))))),6),10);

STEP 64 [SPR_ClassicHeuristic_RFC -> NNI_Substep_63] - Distance: 17.0000
((((17,5),((8,(22,21)),((((19,(20,2)),(1,28)),(24,(27,3))),(25,((9,11),(16,23)))))),((18,((7,(4,13)),((26,15),((12,14),(30,29))))),6)),10);

STEP 65 [SPR_ClassicHeuristic_RFC -> NNI_Substep_64] - Distance: 17.0000
((((17,5),((8,(22,21)),((((19,(20,2)),(1,28)),(24,(27,3))),(25,((9,11),(16,23)))))),(18,(((7,(4,13)),((26,15),((12,14),(30,29)))),6))),10);

STEP 66 [SPR_ClassicHeuristic_RFC -> NNI_Substep_65] - Distance: 17.0000
((((17,5),((8,(22,21)),((((19,(20,2)),(1,28)),(24,(27,3))),(25,((9,11),(16,23)))))),(18,(((7,(4,13)),6),((26,15),((12,14),(30,29)))))),10);

STEP 67 [SPR_ClassicHeuristic_RFC -> NNI_Substep_66] - Distance: 17.0000
((((17,5),((8,(22,21)),((((19,(20,2)),(1,28)),(24,(27,3))),(25,((9,11),(16,23)))))),(18,((7,((4,13),6)),((26,15),((12,14),(30,29)))))),10);

STEP 68 [SPR_ClassicHeuristic_RFC -> NNI_Substep_67] - Distance: 16.0000
((((17,5),((8,(22,21)),((((19,(20,2)),(1,28)),(24,(27,3))),(25,((9,11),(16,23)))))),(18,((7,(4,(13,6))),((26,15),((12,14),(30,29)))))),10);

STEP 69 [SPR_ClassicHeuristic_RFC -> NNI_Substep_68] - Distance: 16.0000
((((17,5),((8,(22,21)),((((19,(20,2)),(1,28)),(24,(27,3))),(25,((9,11),(16,23)))))),(18,(((7,4),(13,6)),((26,15),((12,14),(30,29)))))),10);

STEP 70 [SPR_ClassicHeuristic_RFC -> NNI_Substep_69] - Distance: 16.0000
((((17,5),((8,(22,21)),((((19,(20,2)),(1,28)),(24,(27,3))),(25,((9,11),(16,23)))))),(18,(((7,4),((26,15),((12,14),(30,29)))),(13,6)))),10);

STEP 71 [SPR_ClassicHeuristic_RFC -> NNI_Substep_70] - Distance: 16.0000
((((17,5),((8,(22,21)),((((19,(20,2)),(1,28)),(24,(27,3))),(25,((9,11),(16,23)))))),(18,((7,4),(((26,15),((12,14),(30,29))),(13,6))))),10);

STEP 72 [SPR_ClassicHeuristic_RFC -> NNI_Substep_71] - Distance: 16.0000
((((17,5),((8,(22,21)),((((19,(20,2)),(1,28)),(24,(27,3))),(25,((9,11),(16,23)))))),(18,((7,4),((26,15),(((12,14),(30,29)),(13,6)))))),10);

STEP 73 [SPR_ClassicHeuristic_RFC -> NNI_Substep_72] - Distance: 16.0000
((((17,5),((8,(22,21)),((((19,(20,2)),(1,28)),(24,(27,3))),(25,((9,11),(16,23)))))),(18,((7,4),((26,15),((12,14),((30,29),(13,6))))))),10);

STEP 74 [SPR_ClassicHeuristic_RFC -> NNI_Substep_73] - Distance: 15.0000
((((17,5),((8,(22,21)),((((19,(20,2)),(1,28)),(24,(27,3))),(25,((9,11),(16,23)))))),(18,((7,4),((26,15),((12,14),((30,(13,6)),29)))))),10);

STEP 75 [SPR_ClassicHeuristic_RFC -> NNI_Substep_74] - Distance: 15.0000
((((17,5),((8,(22,21)),(((((19,(20,2)),(1,28)),(24,(27,3))),((9,11),(16,23))),25))),(18,((7,4),((26,15),((12,14),((30,(13,6)),29)))))),10);

STEP 76 [SPR_ClassicHeuristic_RFC -> NNI_Substep_75] - Distance: 15.0000
((((17,5),(((8,(22,21)),((((19,(20,2)),(1,28)),(24,(27,3))),((9,11),(16,23)))),25)),(18,((7,4),((26,15),((12,14),((30,(13,6)),29)))))),10);

STEP 77 [SPR_ClassicHeuristic_RFC -> NNI_Substep_76] - Distance: 15.0000
(((((17,5),((8,(22,21)),((((19,(20,2)),(1,28)),(24,(27,3))),((9,11),(16,23))))),25),(18,((7,4),((26,15),((12,14),((30,(13,6)),29)))))),10);

STEP 78 [SPR_ClassicHeuristic_RFC -> NNI_Substep_77] - Distance: 15.0000
(((((17,5),((8,(22,21)),((((19,(20,2)),(1,28)),(24,(27,3))),((9,11),(16,23))))),(18,((7,4),((26,15),((12,14),((30,(13,6)),29)))))),25),10);

STEP 79 [SPR_ClassicHeuristic_RFC -> NNI_Substep_78] - Distance: 15.0000
((((17,5),((8,(22,21)),((((19,(20,2)),(1,28)),(24,(27,3))),((9,11),(16,23))))),((18,((7,4),((26,15),((12,14),((30,(13,6)),29))))),25)),10);

STEP 80 [SPR_ClassicHeuristic_RFC -> NNI_Substep_79] - Distance: 15.0000
((((17,5),((8,(22,21)),((((19,(20,2)),(1,28)),(24,(27,3))),((9,11),(16,23))))),(18,(((7,4),((26,15),((12,14),((30,(13,6)),29)))),25))),10);

STEP 81 [SPR_ClassicHeuristic_RFC -> NNI_Substep_80] - Distance: 15.0000
((((17,5),((8,(22,21)),((((19,(20,2)),(1,28)),(24,(27,3))),((9,11),(16,23))))),(18,(((7,4),25),((26,15),((12,14),((30,(13,6)),29)))))),10);

STEP 82 [SPR_ClassicHeuristic_RFC -> NNI_Substep_81] - Distance: 14.0000
((((17,5),((8,(22,21)),((((19,(20,2)),(1,28)),(24,(27,3))),((9,11),(16,23))))),(18,(((7,25),4),((26,15),((12,14),((30,(13,6)),29)))))),10);

STEP 83 [SPR_ClassicHeuristic_RFC -> NNI_Substep_82] - Distance: 14.0000
(((((17,5),((((19,(20,2)),(1,28)),(24,(27,3))),((9,11),(16,23)))),(8,(22,21))),(18,(((7,25),4),((26,15),((12,14),((30,(13,6)),29)))))),10);

STEP 84 [SPR_ClassicHeuristic_RFC -> NNI_Substep_83] - Distance: 14.0000
(((((17,5),((((19,(20,2)),(1,28)),(24,(27,3))),((9,11),(16,23)))),(18,(((7,25),4),((26,15),((12,14),((30,(13,6)),29)))))),(8,(22,21))),10);

STEP 85 [SPR_ClassicHeuristic_RFC -> NNI_Substep_84] - Distance: 14.0000
((((17,5),((((19,(20,2)),(1,28)),(24,(27,3))),((9,11),(16,23)))),((18,(((7,25),4),((26,15),((12,14),((30,(13,6)),29))))),(8,(22,21)))),10);

STEP 86 [SPR_ClassicHeuristic_RFC -> NNI_Substep_85] - Distance: 14.0000
((((17,5),((((19,(20,2)),(1,28)),(24,(27,3))),((9,11),(16,23)))),(18,((((7,25),4),((26,15),((12,14),((30,(13,6)),29)))),(8,(22,21))))),10);

STEP 87 [SPR_ClassicHeuristic_RFC -> NNI_Substep_86] - Distance: 14.0000
((((17,5),((((19,(20,2)),(1,28)),(24,(27,3))),((9,11),(16,23)))),(18,(((7,25),4),(((26,15),((12,14),((30,(13,6)),29))),(8,(22,21)))))),10);

STEP 88 [SPR_ClassicHeuristic_RFC -> NNI_Substep_87] - Distance: 14.0000
((((17,5),((((19,(20,2)),(1,28)),(24,(27,3))),((9,11),(16,23)))),(18,(((7,25),4),((26,15),(((12,14),((30,(13,6)),29)),(8,(22,21))))))),10);

STEP 89 [SPR_ClassicHeuristic_RFC -> NNI_Substep_88] - Distance: 14.0000
((((17,5),((((19,(20,2)),(1,28)),(24,(27,3))),((9,11),(16,23)))),(18,(((7,25),4),((26,15),((12,14),(((30,(13,6)),29),(8,(22,21)))))))),10);

STEP 90 [SPR_ClassicHeuristic_RFC -> NNI_Substep_89] - Distance: 13.0000
((((17,5),((((19,(20,2)),(1,28)),(24,(27,3))),((9,11),(16,23)))),(18,(((7,25),4),((26,15),((12,14),((30,(13,6)),(29,(8,(22,21))))))))),10);

STEP 91 [SPR_ClassicHeuristic_RFC -> NNI_Substep_90] - Distance: 13.0000
((((17,5),(((((19,(20,2)),(1,28)),(24,(27,3))),(9,11)),(16,23))),(18,(((7,25),4),((26,15),((12,14),((30,(13,6)),(29,(8,(22,21))))))))),10);

STEP 92 [SPR_ClassicHeuristic_RFC -> NNI_Substep_91] - Distance: 13.0000
(((((17,5),((((19,(20,2)),(1,28)),(24,(27,3))),(9,11))),(16,23)),(18,(((7,25),4),((26,15),((12,14),((30,(13,6)),(29,(8,(22,21))))))))),10);

STEP 93 [SPR_ClassicHeuristic_RFC -> NNI_Substep_92] - Distance: 13.0000
(((((17,5),((((19,(20,2)),(1,28)),(24,(27,3))),(9,11))),(18,(((7,25),4),((26,15),((12,14),((30,(13,6)),(29,(8,(22,21))))))))),(16,23)),10);

STEP 94 [SPR_ClassicHeuristic_RFC -> NNI_Substep_93] - Distance: 13.0000
((((17,5),((((19,(20,2)),(1,28)),(24,(27,3))),(9,11))),((18,(((7,25),4),((26,15),((12,14),((30,(13,6)),(29,(8,(22,21)))))))),(16,23))),10);

STEP 95 [SPR_ClassicHeuristic_RFC -> NNI_Substep_94] - Distance: 13.0000
((((17,5),((((19,(20,2)),(1,28)),(24,(27,3))),(9,11))),(18,((((7,25),4),((26,15),((12,14),((30,(13,6)),(29,(8,(22,21))))))),(16,23)))),10);

STEP 96 [SPR_ClassicHeuristic_RFC -> NNI_Substep_95] - Distance: 13.0000
((((17,5),((((19,(20,2)),(1,28)),(24,(27,3))),(9,11))),(18,((((7,25),4),(16,23)),((26,15),((12,14),((30,(13,6)),(29,(8,(22,21))))))))),10);

STEP 97 [SPR_ClassicHeuristic_RFC -> NNI_Substep_96] - Distance: 12.0000
((((17,5),((((19,(20,2)),(1,28)),(24,(27,3))),(9,11))),(18,(((7,25),(4,(16,23))),((26,15),((12,14),((30,(13,6)),(29,(8,(22,21))))))))),10);

STEP 98 [SPR_ClassicHeuristic_RFC -> NNI_Substep_97] - Distance: 12.0000
((((17,5),((((19,(20,2)),(1,28)),(24,(27,3))),(9,11))),(18,(((7,25),(4,(16,23))),((26,15),(((12,14),(29,(8,(22,21)))),(30,(13,6))))))),10);

STEP 99 [SPR_ClassicHeuristic_RFC -> NNI_Substep_98] - Distance: 12.0000
((((17,5),((((19,(20,2)),(1,28)),(24,(27,3))),(9,11))),(18,(((7,25),(4,(16,23))),(((26,15),((12,14),(29,(8,(22,21))))),(30,(13,6)))))),10);

STEP 100 [SPR_ClassicHeuristic_RFC -> NNI_Substep_99] - Distance: 12.0000
((((17,5),((((19,(20,2)),(1,28)),(24,(27,3))),(9,11))),(18,((((7,25),(4,(16,23))),((26,15),((12,14),(29,(8,(22,21)))))),(30,(13,6))))),10);

STEP 101 [SPR_ClassicHeuristic_RFC -> NNI_Substep_100] - Distance: 12.0000
((((17,5),((((19,(20,2)),(1,28)),(24,(27,3))),(9,11))),((18,(((7,25),(4,(16,23))),((26,15),((12,14),(29,(8,(22,21))))))),(30,(13,6)))),10);

STEP 102 [SPR_ClassicHeuristic_RFC -> NNI_Substep_101] - Distance: 12.0000
(((((17,5),((((19,(20,2)),(1,28)),(24,(27,3))),(9,11))),(18,(((7,25),(4,(16,23))),((26,15),((12,14),(29,(8,(22,21)))))))),(30,(13,6))),10);

STEP 103 [SPR_ClassicHeuristic_RFC -> NNI_Substep_102] - Distance: 12.0000
(((((17,5),((((19,(20,2)),(1,28)),(24,(27,3))),(9,11))),(30,(13,6))),(18,(((7,25),(4,(16,23))),((26,15),((12,14),(29,(8,(22,21)))))))),10);

STEP 104 [SPR_ClassicHeuristic_RFC -> NNI_Substep_103] - Distance: 12.0000
(((((17,5),(30,(13,6))),((((19,(20,2)),(1,28)),(24,(27,3))),(9,11))),(18,(((7,25),(4,(16,23))),((26,15),((12,14),(29,(8,(22,21)))))))),10);

STEP 105 [SPR_ClassicHeuristic_RFC -> NNI_Substep_104] - Distance: 11.0000
((((17,(5,(30,(13,6)))),((((19,(20,2)),(1,28)),(24,(27,3))),(9,11))),(18,(((7,25),(4,(16,23))),((26,15),((12,14),(29,(8,(22,21)))))))),10);

STEP 106 [SPR_ClassicHeuristic_RFC -> NNI_Substep_105] - Distance: 11.0000
((((17,((((19,(20,2)),(1,28)),(24,(27,3))),(9,11))),(5,(30,(13,6)))),(18,(((7,25),(4,(16,23))),((26,15),((12,14),(29,(8,(22,21)))))))),10);

STEP 107 [SPR_ClassicHeuristic_RFC -> NNI_Substep_106] - Distance: 11.0000
(((17,(((((19,(20,2)),(1,28)),(24,(27,3))),(9,11)),(5,(30,(13,6))))),(18,(((7,25),(4,(16,23))),((26,15),((12,14),(29,(8,(22,21)))))))),10);

STEP 108 [SPR_ClassicHeuristic_RFC -> NNI_Substep_107] - Distance: 11.0000
(((17,(((((19,(20,2)),(1,28)),(24,(27,3))),(5,(30,(13,6)))),(9,11))),(18,(((7,25),(4,(16,23))),((26,15),((12,14),(29,(8,(22,21)))))))),10);

STEP 109 [SPR_ClassicHeuristic_RFC -> NNI_Substep_108] - Distance: 11.0000
(((17,((((19,(20,2)),(1,28)),((24,(27,3)),(5,(30,(13,6))))),(9,11))),(18,(((7,25),(4,(16,23))),((26,15),((12,14),(29,(8,(22,21)))))))),10);

STEP 110 [SPR_ClassicHeuristic_RFC -> NNI_Substep_109] - Distance: 10.0000
(((17,((((19,(20,2)),(1,28)),(24,((27,3),(5,(30,(13,6)))))),(9,11))),(18,(((7,25),(4,(16,23))),((26,15),((12,14),(29,(8,(22,21)))))))),10);

STEP 111 [SPR_ClassicHeuristic_RFC -> NNI_Substep_110] - Distance: 10.0000
(((17,(((((19,(20,2)),(1,28)),24),((27,3),(5,(30,(13,6))))),(9,11))),(18,(((7,25),(4,(16,23))),((26,15),((12,14),(29,(8,(22,21)))))))),10);

STEP 112 [SPR_ClassicHeuristic_RFC -> NNI_Substep_111] - Distance: 10.0000
(((17,(((((19,(20,2)),(1,28)),24),(9,11)),((27,3),(5,(30,(13,6)))))),(18,(((7,25),(4,(16,23))),((26,15),((12,14),(29,(8,(22,21)))))))),10);

STEP 113 [SPR_ClassicHeuristic_RFC -> NNI_Substep_112] - Distance: 10.0000
((((17,((((19,(20,2)),(1,28)),24),(9,11))),((27,3),(5,(30,(13,6))))),(18,(((7,25),(4,(16,23))),((26,15),((12,14),(29,(8,(22,21)))))))),10);

STEP 114 [SPR_ClassicHeuristic_RFC -> NNI_Substep_113] - Distance: 10.0000
((((17,((((19,(20,2)),(1,28)),24),(9,11))),(18,(((7,25),(4,(16,23))),((26,15),((12,14),(29,(8,(22,21)))))))),((27,3),(5,(30,(13,6))))),10);

STEP 115 [SPR_ClassicHeuristic_RFC -> NNI_Substep_114] - Distance: 10.0000
(((17,((((19,(20,2)),(1,28)),24),(9,11))),((18,(((7,25),(4,(16,23))),((26,15),((12,14),(29,(8,(22,21))))))),((27,3),(5,(30,(13,6)))))),10);

STEP 116 [SPR_ClassicHeuristic_RFC -> NNI_Substep_115] - Distance: 10.0000
(((17,((((19,(20,2)),(1,28)),24),(9,11))),(18,((((7,25),(4,(16,23))),((26,15),((12,14),(29,(8,(22,21)))))),((27,3),(5,(30,(13,6))))))),10);

STEP 117 [SPR_ClassicHeuristic_RFC -> NNI_Substep_116] - Distance: 10.0000
(((17,((((19,(20,2)),(1,28)),24),(9,11))),(18,((((7,25),(4,(16,23))),((27,3),(5,(30,(13,6))))),((26,15),((12,14),(29,(8,(22,21)))))))),10);

STEP 118 [SPR_ClassicHeuristic_RFC -> NNI_Substep_117] - Distance: 9.0000
(((17,((((19,(20,2)),(1,28)),24),(9,11))),(18,((((7,25),((27,3),(5,(30,(13,6))))),(4,(16,23))),((26,15),((12,14),(29,(8,(22,21)))))))),10);

STEP 119 [SPR_ClassicHeuristic_RFC -> NNI_Substep_118] - Distance: 9.0000
(((17,((((19,(20,2)),(1,28)),24),(9,11))),(18,((((7,25),((27,3),(5,(30,(13,6))))),(4,(16,23))),((26,((12,14),(29,(8,(22,21))))),15)))),10);

STEP 120 [SPR_ClassicHeuristic_RFC -> NNI_Substep_119] - Distance: 9.0000
(((17,((((19,(20,2)),(1,28)),24),(9,11))),(18,(((((7,25),((27,3),(5,(30,(13,6))))),(4,(16,23))),(26,((12,14),(29,(8,(22,21)))))),15))),10);

STEP 121 [SPR_ClassicHeuristic_RFC -> NNI_Substep_120] - Distance: 8.0000
(((17,((((19,(20,2)),(1,28)),24),(9,11))),(18,(((((7,25),((27,3),(5,(30,(13,6))))),(4,(16,23))),15),(26,((12,14),(29,(8,(22,21)))))))),10);

STEP 122 [SPR_ClassicHeuristic_RFC -> NNI_Substep_121] - Distance: 7.0000
(((17,((((19,(20,2)),(1,28)),24),(9,11))),(18,(((((7,25),((27,3),(5,(30,(13,6))))),15),(4,(16,23))),(26,((12,14),(29,(8,(22,21)))))))),10);

STEP 123 [SPR_ClassicHeuristic_RFC -> NNI_Substep_122] - Distance: 7.0000
(((17,((((19,(20,2)),(1,28)),24),(9,11))),((18,(26,((12,14),(29,(8,(22,21)))))),((((7,25),((27,3),(5,(30,(13,6))))),15),(4,(16,23))))),10);

STEP 124 [SPR_ClassicHeuristic_RFC -> NNI_Substep_123] - Distance: 6.0000
((((17,((((19,(20,2)),(1,28)),24),(9,11))),(18,(26,((12,14),(29,(8,(22,21))))))),((((7,25),((27,3),(5,(30,(13,6))))),15),(4,(16,23)))),10);

STEP 125 [SPR_ClassicHeuristic_RFC -> NNI_Substep_124] - Distance: 6.0000
((((17,((((19,(20,2)),(1,28)),24),(9,11))),(18,((26,(12,14)),(29,(8,(22,21)))))),((((7,25),((27,3),(5,(30,(13,6))))),15),(4,(16,23)))),10);

STEP 126 [SPR_ClassicHeuristic_RFC -> NNI_Substep_125] - Distance: 6.0000
((((17,((((19,(20,2)),(1,28)),24),(9,11))),((18,(26,(12,14))),(29,(8,(22,21))))),((((7,25),((27,3),(5,(30,(13,6))))),15),(4,(16,23)))),10);

STEP 127 [SPR_ClassicHeuristic_RFC -> NNI_Substep_126] - Distance: 5.0000
(((((17,((((19,(20,2)),(1,28)),24),(9,11))),(18,(26,(12,14)))),(29,(8,(22,21)))),((((7,25),((27,3),(5,(30,(13,6))))),15),(4,(16,23)))),10);

STEP 128 [SPR_ClassicHeuristic_RFC -> NNI_Substep_127] - Distance: 5.0000
(((((17,((24,(9,11)),((19,(20,2)),(1,28)))),(18,(26,(12,14)))),(29,(8,(22,21)))),((((7,25),((27,3),(5,(30,(13,6))))),15),(4,(16,23)))),10);

STEP 129 [SPR_ClassicHeuristic_RFC -> NNI_Substep_128] - Distance: 5.0000
((((((17,(24,(9,11))),((19,(20,2)),(1,28))),(18,(26,(12,14)))),(29,(8,(22,21)))),((((7,25),((27,3),(5,(30,(13,6))))),15),(4,(16,23)))),10);

STEP 130 [SPR_ClassicHeuristic_RFC -> NNI_Substep_129] - Distance: 4.0000
((((((17,(24,(9,11))),(18,(26,(12,14)))),((19,(20,2)),(1,28))),(29,(8,(22,21)))),((((7,25),((27,3),(5,(30,(13,6))))),15),(4,(16,23)))),10);

STEP 131 [SPR_ClassicHeuristic_RFC -> NNI_Substep_130] - Distance: 4.0000
(((((((17,24),(9,11)),(18,(26,(12,14)))),((19,(20,2)),(1,28))),(29,(8,(22,21)))),((((7,25),((27,3),(5,(30,(13,6))))),15),(4,(16,23)))),10);

STEP 132 [SPR_ClassicHeuristic_RFC -> NNI_Substep_131] - Distance: 3.0000
(((((((17,24),(18,(26,(12,14)))),(9,11)),((19,(20,2)),(1,28))),(29,(8,(22,21)))),((((7,25),((27,3),(5,(30,(13,6))))),15),(4,(16,23)))),10);

STEP 133 [SPR_ClassicHeuristic_RFC -> NNI_Substep_132] - Distance: 3.0000
(((((((17,24),((18,26),(12,14))),(9,11)),((19,(20,2)),(1,28))),(29,(8,(22,21)))),((((7,25),((27,3),(5,(30,(13,6))))),15),(4,(16,23)))),10);

STEP 134 [SPR_ClassicHeuristic_RFC -> NNI_Substep_133] - Distance: 2.0000
((((((((17,24),(18,26)),(12,14)),(9,11)),((19,(20,2)),(1,28))),(29,(8,(22,21)))),((((7,25),((27,3),(5,(30,(13,6))))),15),(4,(16,23)))),10);

STEP 135 [SPR_ClassicHeuristic_RFC -> NNI_Substep_134] - Distance: 2.0000
((((((((17,(18,26)),24),(12,14)),(9,11)),((19,(20,2)),(1,28))),(29,(8,(22,21)))),((((7,25),((27,3),(5,(30,(13,6))))),15),(4,(16,23)))),10);

STEP 136 [SPR_ClassicHeuristic_RFC -> NNI_Substep_135] - Distance: 1.0000
(((((((17,((18,26),24)),(12,14)),(9,11)),((19,(20,2)),(1,28))),(29,(8,(22,21)))),((((7,25),((27,3),(5,(30,(13,6))))),15),(4,(16,23)))),10);

STEP 137 [SPR_ClassicHeuristic_RFC -> NNI_Substep_136] - Distance: 0.0000
(((((((17,(18,(26,24))),(12,14)),(9,11)),((19,(20,2)),(1,28))),(29,(8,(22,21)))),((((7,25),((27,3),(5,(30,(13,6))))),15),(4,(16,23)))),10);

========================================================
[FINAL] Total Steps: 137 | Final Distance: 0.0000
========================================================
