========================================================
HEURISTIC TRAJECTORY: VND Classic (MC)
========================================================
STEP 0 [START] - Distance: 140.0000
(((26,((4,(19,(28,27))),(21,(24,23)))),(12,(20,9))),(((((2,(14,(18,17))),(16,(3,13))),(25,(29,1))),((5,(8,10)),(11,7))),(30,(6,(22,15)))));

STEP 1 [NNI_ClassicHeuristic_MC -> NNI_Substep_1] - Distance: 129.0000
((((((21,(24,23)),((4,(19,(28,27))),26)),(12,(20,9))),(30,(6,(22,15)))),((5,(8,10)),(11,7))),(((2,(14,(18,17))),(16,(3,13))),(25,(29,1))));

STEP 2 [NNI_ClassicHeuristic_MC -> NNI_Substep_2] - Distance: 127.0000
((((((21,(24,23)),((4,26),(19,(28,27)))),(12,(20,9))),(30,(6,(22,15)))),((5,(8,10)),(11,7))),(((2,(14,(18,17))),(16,(3,13))),(25,(29,1))));

STEP 3 [NNI_ClassicHeuristic_MC -> NNI_Substep_3] - Distance: 125.0000
((((((19,(28,27)),((4,26),(21,(24,23)))),(12,(20,9))),(30,(6,(22,15)))),((5,(8,10)),(11,7))),(((2,(14,(18,17))),(16,(3,13))),(25,(29,1))));

STEP 4 [NNI_ClassicHeuristic_MC -> NNI_Substep_4] - Distance: 123.0000
((((((12,(20,9)),((4,26),(21,(24,23)))),(19,(28,27))),(30,(6,(22,15)))),((5,(8,10)),(11,7))),(((2,(14,(18,17))),(16,(3,13))),(25,(29,1))));

STEP 5 [NNI_ClassicHeuristic_MC -> NNI_Substep_5] - Distance: 121.0000
(((((5,(8,10)),(11,7)),(30,(6,(22,15)))),(((12,(20,9)),((4,26),(21,(24,23)))),(19,(28,27)))),(((2,(14,(18,17))),(16,(3,13))),(25,(29,1))));

STEP 6 [NNI_ClassicHeuristic_MC -> NNI_Substep_6] - Distance: 119.0000
(((((5,(8,10)),(11,7)),(30,(6,(22,15)))),(((12,(20,9)),((4,26),(21,(24,23)))),(19,(28,27)))),(((2,(16,(3,13))),(14,(18,17))),(25,(29,1))));

STEP 7 [NNI_ClassicHeuristic_MC -> NNI_Substep_7] - Distance: 116.0000
(((((5,(8,10)),(11,7)),(30,(6,(22,15)))),(((12,(20,9)),((4,26),(21,(24,23)))),(19,(28,27)))),((((3,13),(16,2)),(14,(18,17))),(25,(29,1))));

STEP 8 [NNI_ClassicHeuristic_MC -> NNI_Substep_8] - Distance: 115.0000
((((((11,7),(8,10)),5),(30,(6,(22,15)))),(((12,(20,9)),((4,26),(21,(24,23)))),(19,(28,27)))),((((3,13),(16,2)),(14,(18,17))),(25,(29,1))));

STEP 9 [NNI_ClassicHeuristic_MC -> NNI_Substep_9] - Distance: 114.0000
(((((((8,10),7),11),5),(30,(6,(22,15)))),(((12,(20,9)),((4,26),(21,(24,23)))),(19,(28,27)))),((((3,13),(16,2)),(14,(18,17))),(25,(29,1))));

STEP 10 [NNI_ClassicHeuristic_MC -> NNI_Substep_10] - Distance: 113.0000
(((((((8,10),7),11),5),((22,15),(6,30))),(((12,(20,9)),((4,26),(21,(24,23)))),(19,(28,27)))),((((3,13),(16,2)),(14,(18,17))),(25,(29,1))));

STEP 11 [TBR_ClassicHeuristic_MC -> NNI_Substep_1] - Distance: 114.0000
(((((((8,10),7),11),5),((22,15),(6,30))),(((12,(20,9)),((4,26),(21,(24,23)))),(19,(28,27)))),((((3,13),(14,(18,17))),(16,2)),(25,(29,1))));

STEP 12 [TBR_ClassicHeuristic_MC -> NNI_Substep_2] - Distance: 115.0000
(((((((8,10),7),11),5),((22,15),(6,30))),(((12,(20,9)),((4,26),(21,(24,23)))),(19,(28,27)))),((((3,13),(14,(18,17))),(25,(29,1))),(16,2)));

STEP 13 [TBR_ClassicHeuristic_MC -> NNI_Substep_3] - Distance: 110.0000
((((((((8,10),7),11),5),((22,15),(6,30))),(16,2)),(((12,(20,9)),((4,26),(21,(24,23)))),(19,(28,27)))),(((3,13),(14,(18,17))),(25,(29,1))));

STEP 14 [TBR_ClassicHeuristic_MC -> NNI_Substep_4] - Distance: 108.0000
((((((((8,10),7),11),5),(16,2)),((22,15),(6,30))),(((12,(20,9)),((4,26),(21,(24,23)))),(19,(28,27)))),(((3,13),(14,(18,17))),(25,(29,1))));

STEP 15 [TBR_ClassicHeuristic_MC -> NNI_Substep_5] - Distance: 104.0000
(((((((8,10),7),11),(5,(16,2))),((22,15),(6,30))),(((12,(20,9)),((4,26),(21,(24,23)))),(19,(28,27)))),(((3,13),(14,(18,17))),(25,(29,1))));

STEP 16 [TBR_ClassicHeuristic_MC -> NNI_Substep_6] - Distance: 104.0000
(((((((8,7),10),11),(5,(16,2))),((22,15),(6,30))),(((12,(20,9)),((4,26),(21,(24,23)))),(19,(28,27)))),(((3,13),(14,(18,17))),(25,(29,1))));

STEP 17 [TBR_ClassicHeuristic_MC -> NNI_Substep_7] - Distance: 104.0000
(((((((8,7),11),10),(5,(16,2))),((22,15),(6,30))),(((12,(20,9)),((4,26),(21,(24,23)))),(19,(28,27)))),(((3,13),(14,(18,17))),(25,(29,1))));

STEP 18 [TBR_ClassicHeuristic_MC -> NNI_Substep_8] - Distance: 104.0000
(((((((8,7),11),(5,(16,2))),10),((22,15),(6,30))),(((12,(20,9)),((4,26),(21,(24,23)))),(19,(28,27)))),(((3,13),(14,(18,17))),(25,(29,1))));

STEP 19 [TBR_ClassicHeuristic_MC -> NNI_Substep_9] - Distance: 105.0000
(((((((8,7),11),(5,(16,2))),((22,15),(6,30))),10),(((12,(20,9)),((4,26),(21,(24,23)))),(19,(28,27)))),(((3,13),(14,(18,17))),(25,(29,1))));

STEP 20 [TBR_ClassicHeuristic_MC -> NNI_Substep_10] - Distance: 107.0000
(((((((8,7),11),(5,(16,2))),((22,15),(6,30))),(((12,(20,9)),((4,26),(21,(24,23)))),(19,(28,27)))),10),(((3,13),(14,(18,17))),(25,(29,1))));

STEP 21 [TBR_ClassicHeuristic_MC -> NNI_Substep_11] - Distance: 98.0000
((((((8,7),11),(5,(16,2))),((22,15),(6,30))),(((12,(20,9)),((4,26),(21,(24,23)))),(19,(28,27)))),((((3,13),(14,(18,17))),10),(25,(29,1))));

STEP 22 [TBR_ClassicHeuristic_MC -> NNI_Substep_12] - Distance: 97.0000
((((((8,7),11),(5,(16,2))),((22,15),(6,30))),(((12,(20,9)),((4,26),(21,(24,23)))),(19,(28,27)))),(((3,13),((14,(18,17)),10)),(25,(29,1))));

STEP 23 [TBR_ClassicHeuristic_MC -> NNI_Substep_13] - Distance: 95.0000
((((((8,7),11),(5,(16,2))),((22,15),(6,30))),(((12,(20,9)),((4,26),(21,(24,23)))),(19,(28,27)))),(((3,13),(14,((18,17),10))),(25,(29,1))));

STEP 24 [TBR_ClassicHeuristic_MC -> NNI_Substep_14] - Distance: 93.0000
((((((8,7),11),(5,(16,2))),((22,15),(6,30))),(((12,(20,9)),((4,26),(21,(24,23)))),(19,(28,27)))),(((3,13),(14,(18,(17,10)))),(25,(29,1))));

STEP 25 [TBR_ClassicHeuristic_MC -> NNI_Substep_15] - Distance: 93.0000
((((((8,7),11),(5,(16,2))),((22,15),(6,30))),(((12,(20,9)),((4,26),(21,(24,23)))),((19,27),28))),(((3,13),(14,(18,(17,10)))),(25,(29,1))));

STEP 26 [TBR_ClassicHeuristic_MC -> NNI_Substep_16] - Distance: 94.0000
((((((8,7),11),(5,(16,2))),((22,15),(6,30))),((((12,(20,9)),((4,26),(21,(24,23)))),(19,27)),28)),(((3,13),(14,(18,(17,10)))),(25,(29,1))));

STEP 27 [TBR_ClassicHeuristic_MC -> NNI_Substep_17] - Distance: 99.0000
(((((((8,7),11),(5,(16,2))),((22,15),(6,30))),(((12,(20,9)),((4,26),(21,(24,23)))),(19,27))),28),(((3,13),(14,(18,(17,10)))),(25,(29,1))));

STEP 28 [TBR_ClassicHeuristic_MC -> NNI_Substep_18] - Distance: 96.0000
(((((((8,7),11),(5,(16,2))),((22,15),(6,30))),28),(((12,(20,9)),((4,26),(21,(24,23)))),(19,27))),(((3,13),(14,(18,(17,10)))),(25,(29,1))));

STEP 29 [TBR_ClassicHeuristic_MC -> NNI_Substep_19] - Distance: 91.0000
(((((((8,7),11),(5,(16,2))),28),((22,15),(6,30))),(((12,(20,9)),((4,26),(21,(24,23)))),(19,27))),(((3,13),(14,(18,(17,10)))),(25,(29,1))));

STEP 30 [TBR_ClassicHeuristic_MC -> NNI_Substep_20] - Distance: 87.0000
((((((8,7),11),((5,(16,2)),28)),((22,15),(6,30))),(((12,(20,9)),((4,26),(21,(24,23)))),(19,27))),(((3,13),(14,(18,(17,10)))),(25,(29,1))));

STEP 31 [TBR_ClassicHeuristic_MC -> NNI_Substep_21] - Distance: 85.0000
((((((8,7),11),(5,((16,2),28))),((22,15),(6,30))),(((12,(20,9)),((4,26),(21,(24,23)))),(19,27))),(((3,13),(14,(18,(17,10)))),(25,(29,1))));

STEP 32 [TBR_ClassicHeuristic_MC -> NNI_Substep_22] - Distance: 86.0000
((((((8,7),11),(5,((16,2),28))),((22,15),(6,30))),(((12,(20,9)),(((4,26),(24,23)),21)),(19,27))),(((3,13),(14,(18,(17,10)))),(25,(29,1))));

STEP 33 [TBR_ClassicHeuristic_MC -> NNI_Substep_23] - Distance: 86.0000
((((((8,7),11),(5,((16,2),28))),((22,15),(6,30))),((((12,(20,9)),((4,26),(24,23))),21),(19,27))),(((3,13),(14,(18,(17,10)))),(25,(29,1))));

STEP 34 [TBR_ClassicHeuristic_MC -> NNI_Substep_24] - Distance: 87.0000
((((((8,7),11),(5,((16,2),28))),((22,15),(6,30))),((((12,(20,9)),((4,26),(24,23))),(19,27)),21)),(((3,13),(14,(18,(17,10)))),(25,(29,1))));

STEP 35 [TBR_ClassicHeuristic_MC -> NNI_Substep_25] - Distance: 93.0000
(((((((8,7),11),(5,((16,2),28))),((22,15),(6,30))),(((12,(20,9)),((4,26),(24,23))),(19,27))),21),(((3,13),(14,(18,(17,10)))),(25,(29,1))));

STEP 36 [TBR_ClassicHeuristic_MC -> NNI_Substep_26] - Distance: 89.0000
(((((((8,7),11),(5,((16,2),28))),((22,15),(6,30))),21),(((12,(20,9)),((4,26),(24,23))),(19,27))),(((3,13),(14,(18,(17,10)))),(25,(29,1))));

STEP 37 [TBR_ClassicHeuristic_MC -> NNI_Substep_27] - Distance: 86.0000
(((((((8,7),11),(5,((16,2),28))),21),((22,15),(6,30))),(((12,(20,9)),((4,26),(24,23))),(19,27))),(((3,13),(14,(18,(17,10)))),(25,(29,1))));

STEP 38 [TBR_ClassicHeuristic_MC -> NNI_Substep_28] - Distance: 82.0000
((((((8,7),11),((5,((16,2),28)),21)),((22,15),(6,30))),(((12,(20,9)),((4,26),(24,23))),(19,27))),(((3,13),(14,(18,(17,10)))),(25,(29,1))));

STEP 39 [TBR_ClassicHeuristic_MC -> NNI_Substep_29] - Distance: 78.0000
((((((8,7),11),((5,21),((16,2),28))),((22,15),(6,30))),(((12,(20,9)),((4,26),(24,23))),(19,27))),(((3,13),(14,(18,(17,10)))),(25,(29,1))));

STEP 40 [TBR_ClassicHeuristic_MC -> NNI_Substep_30] - Distance: 81.0000
((((((8,7),11),((5,21),((16,2),28))),((22,15),(6,30))),((((20,9),((4,26),(24,23))),12),(19,27))),(((3,13),(14,(18,(17,10)))),(25,(29,1))));

STEP 41 [TBR_ClassicHeuristic_MC -> NNI_Substep_31] - Distance: 82.0000
((((((8,7),11),((5,21),((16,2),28))),((22,15),(6,30))),((((20,9),((4,26),(24,23))),(19,27)),12)),(((3,13),(14,(18,(17,10)))),(25,(29,1))));

STEP 42 [TBR_ClassicHeuristic_MC -> NNI_Substep_32] - Distance: 89.0000
(((((((8,7),11),((5,21),((16,2),28))),((22,15),(6,30))),(((20,9),((4,26),(24,23))),(19,27))),12),(((3,13),(14,(18,(17,10)))),(25,(29,1))));

STEP 43 [TBR_ClassicHeuristic_MC -> NNI_Substep_33] - Distance: 86.0000
(((((((8,7),11),((5,21),((16,2),28))),((22,15),(6,30))),12),(((20,9),((4,26),(24,23))),(19,27))),(((3,13),(14,(18,(17,10)))),(25,(29,1))));

STEP 44 [TBR_ClassicHeuristic_MC -> NNI_Substep_34] - Distance: 81.0000
(((((((8,7),11),((5,21),((16,2),28))),12),((22,15),(6,30))),(((20,9),((4,26),(24,23))),(19,27))),(((3,13),(14,(18,(17,10)))),(25,(29,1))));

STEP 45 [TBR_ClassicHeuristic_MC -> NNI_Substep_35] - Distance: 77.0000
((((((8,7),11),(((5,21),((16,2),28)),12)),((22,15),(6,30))),(((20,9),((4,26),(24,23))),(19,27))),(((3,13),(14,(18,(17,10)))),(25,(29,1))));

STEP 46 [TBR_ClassicHeuristic_MC -> NNI_Substep_36] - Distance: 73.0000
((((((8,7),11),(((5,21),12),((16,2),28))),((22,15),(6,30))),(((20,9),((4,26),(24,23))),(19,27))),(((3,13),(14,(18,(17,10)))),(25,(29,1))));

STEP 47 [TBR_ClassicHeuristic_MC -> NNI_Substep_37] - Distance: 71.0000
((((((8,7),11),((5,(21,12)),((16,2),28))),((22,15),(6,30))),(((20,9),((4,26),(24,23))),(19,27))),(((3,13),(14,(18,(17,10)))),(25,(29,1))));

STEP 48 [TBR_ClassicHeuristic_MC -> NNI_Substep_38] - Distance: 72.0000
((((((8,7),11),((5,(21,12)),((16,2),28))),(((22,15),30),6)),(((20,9),((4,26),(24,23))),(19,27))),(((3,13),(14,(18,(17,10)))),(25,(29,1))));

STEP 49 [TBR_ClassicHeuristic_MC -> NNI_Substep_39] - Distance: 78.0000
(((((((8,7),11),((5,(21,12)),((16,2),28))),((22,15),30)),6),(((20,9),((4,26),(24,23))),(19,27))),(((3,13),(14,(18,(17,10)))),(25,(29,1))));

STEP 50 [TBR_ClassicHeuristic_MC -> NNI_Substep_40] - Distance: 79.0000
(((((((8,7),11),((5,(21,12)),((16,2),28))),((22,15),30)),(((20,9),((4,26),(24,23))),(19,27))),6),(((3,13),(14,(18,(17,10)))),(25,(29,1))));

STEP 51 [TBR_ClassicHeuristic_MC -> NNI_Substep_41] - Distance: 68.0000
((((((8,7),11),((5,(21,12)),((16,2),28))),((22,15),30)),(((20,9),((4,26),(24,23))),(19,27))),((((3,13),(14,(18,(17,10)))),6),(25,(29,1))));

STEP 52 [TBR_ClassicHeuristic_MC -> NNI_Substep_42] - Distance: 67.0000
((((((8,7),11),((5,(21,12)),((16,2),28))),((22,15),30)),(((20,9),((4,26),(24,23))),(19,27))),(((3,13),((14,(18,(17,10))),6)),(25,(29,1))));

STEP 53 [TBR_ClassicHeuristic_MC -> NNI_Substep_43] - Distance: 65.0000
((((((8,7),11),((5,(21,12)),((16,2),28))),((22,15),30)),(((20,9),((4,26),(24,23))),(19,27))),(((3,13),(14,((18,(17,10)),6))),(25,(29,1))));

STEP 54 [TBR_ClassicHeuristic_MC -> NNI_Substep_44] - Distance: 64.0000
((((((8,7),11),((5,(21,12)),((16,2),28))),((22,15),30)),(((20,9),((4,26),(24,23))),(19,27))),(((3,13),(14,((18,6),(17,10)))),(25,(29,1))));

STEP 55 [TBR_ClassicHeuristic_MC -> NNI_Substep_45] - Distance: 67.0000
((((((8,7),11),((5,(21,12)),((16,2),28))),((22,15),30)),(((20,((4,26),(24,23))),9),(19,27))),(((3,13),(14,((18,6),(17,10)))),(25,(29,1))));

STEP 56 [TBR_ClassicHeuristic_MC -> NNI_Substep_46] - Distance: 68.0000
((((((8,7),11),((5,(21,12)),((16,2),28))),((22,15),30)),(((20,((4,26),(24,23))),(19,27)),9)),(((3,13),(14,((18,6),(17,10)))),(25,(29,1))));

STEP 57 [TBR_ClassicHeuristic_MC -> NNI_Substep_47] - Distance: 73.0000
(((((((8,7),11),((5,(21,12)),((16,2),28))),((22,15),30)),((20,((4,26),(24,23))),(19,27))),9),(((3,13),(14,((18,6),(17,10)))),(25,(29,1))));

STEP 58 [TBR_ClassicHeuristic_MC -> NNI_Substep_48] - Distance: 71.0000
(((((((8,7),11),((5,(21,12)),((16,2),28))),((22,15),30)),9),((20,((4,26),(24,23))),(19,27))),(((3,13),(14,((18,6),(17,10)))),(25,(29,1))));

STEP 59 [TBR_ClassicHeuristic_MC -> NNI_Substep_49] - Distance: 69.0000
(((((((8,7),11),((5,(21,12)),((16,2),28))),9),((22,15),30)),((20,((4,26),(24,23))),(19,27))),(((3,13),(14,((18,6),(17,10)))),(25,(29,1))));

STEP 60 [TBR_ClassicHeuristic_MC -> NNI_Substep_50] - Distance: 65.0000
((((((8,7),11),(((5,(21,12)),((16,2),28)),9)),((22,15),30)),((20,((4,26),(24,23))),(19,27))),(((3,13),(14,((18,6),(17,10)))),(25,(29,1))));

STEP 61 [TBR_ClassicHeuristic_MC -> NNI_Substep_51] - Distance: 61.0000
((((((8,7),11),(((5,(21,12)),9),((16,2),28))),((22,15),30)),((20,((4,26),(24,23))),(19,27))),(((3,13),(14,((18,6),(17,10)))),(25,(29,1))));

STEP 62 [TBR_ClassicHeuristic_MC -> NNI_Substep_52] - Distance: 58.0000
((((((8,7),11),(((5,9),(21,12)),((16,2),28))),((22,15),30)),((20,((4,26),(24,23))),(19,27))),(((3,13),(14,((18,6),(17,10)))),(25,(29,1))));

STEP 63 [TBR_ClassicHeuristic_MC -> NNI_Substep_53] - Distance: 59.0000
((((((8,7),11),(((5,9),(21,12)),((16,2),28))),((22,15),30)),((20,(((4,26),24),23)),(19,27))),(((3,13),(14,((18,6),(17,10)))),(25,(29,1))));

STEP 64 [TBR_ClassicHeuristic_MC -> NNI_Substep_54] - Distance: 57.0000
((((((8,7),11),(((5,9),(21,12)),((16,2),28))),((22,15),30)),(((20,((4,26),24)),23),(19,27))),(((3,13),(14,((18,6),(17,10)))),(25,(29,1))));

STEP 65 [TBR_ClassicHeuristic_MC -> NNI_Substep_55] - Distance: 58.0000
((((((8,7),11),(((5,9),(21,12)),((16,2),28))),((22,15),30)),(((20,((4,26),24)),(19,27)),23)),(((3,13),(14,((18,6),(17,10)))),(25,(29,1))));

STEP 66 [TBR_ClassicHeuristic_MC -> NNI_Substep_56] - Distance: 66.0000
(((((((8,7),11),(((5,9),(21,12)),((16,2),28))),((22,15),30)),((20,((4,26),24)),(19,27))),23),(((3,13),(14,((18,6),(17,10)))),(25,(29,1))));

STEP 67 [TBR_ClassicHeuristic_MC -> NNI_Substep_57] - Distance: 53.0000
((((((8,7),11),(((5,9),(21,12)),((16,2),28))),((22,15),30)),((20,((4,26),24)),(19,27))),(((3,13),(14,((18,6),(17,10)))),((25,(29,1)),23)));

STEP 68 [TBR_ClassicHeuristic_MC -> NNI_Substep_58] - Distance: 52.0000
((((((8,7),11),(((5,9),(21,12)),((16,2),28))),((22,15),30)),((20,((4,26),24)),(19,27))),(((3,13),(14,((18,6),(17,10)))),((25,23),(29,1))));

STEP 69 [TBR_ClassicHeuristic_MC -> NNI_Substep_59] - Distance: 55.0000
((((((8,7),11),(((5,9),(21,12)),((16,2),28))),((22,15),30)),(((20,((4,26),24)),27),19)),(((3,13),(14,((18,6),(17,10)))),((25,23),(29,1))));

STEP 70 [TBR_ClassicHeuristic_MC -> NNI_Substep_60] - Distance: 61.0000
(((((((8,7),11),(((5,9),(21,12)),((16,2),28))),((22,15),30)),((20,((4,26),24)),27)),19),(((3,13),(14,((18,6),(17,10)))),((25,23),(29,1))));

STEP 71 [TBR_ClassicHeuristic_MC -> NNI_Substep_61] - Distance: 50.0000
((((((8,7),11),(((5,9),(21,12)),((16,2),28))),((22,15),30)),((20,((4,26),24)),27)),(((3,13),(14,((18,6),(17,10)))),(((25,23),(29,1)),19)));

STEP 72 [TBR_ClassicHeuristic_MC -> NNI_Substep_62] - Distance: 49.0000
((((((8,7),11),(((5,9),(21,12)),((16,2),28))),((22,15),30)),((20,((4,26),24)),27)),(((3,13),(14,((18,6),(17,10)))),(((25,23),19),(29,1))));

STEP 73 [TBR_ClassicHeuristic_MC -> NNI_Substep_63] - Distance: 47.0000
((((((8,7),11),(((5,9),(21,12)),((16,2),28))),((22,15),30)),((20,((4,26),24)),27)),(((3,13),(14,((18,6),(17,10)))),((25,(23,19)),(29,1))));

STEP 74 [TBR_ClassicHeuristic_MC -> NNI_Substep_64] - Distance: 49.0000
((((((8,7),11),(((5,9),(21,12)),((16,2),28))),((22,15),30)),((20,((4,26),24)),27)),(((3,13),(14,((18,6),(17,10)))),(((25,(23,19)),1),29)));

STEP 75 [TBR_ClassicHeuristic_MC -> NNI_Substep_65] - Distance: 53.0000
((((((8,7),11),(((5,9),(21,12)),((16,2),28))),((22,15),30)),((20,((4,26),24)),27)),((((3,13),(14,((18,6),(17,10)))),((25,(23,19)),1)),29));

STEP 76 [TBR_ClassicHeuristic_MC -> NNI_Substep_66] - Distance: 52.0000
(((((((8,7),11),(((5,9),(21,12)),((16,2),28))),((22,15),30)),29),((20,((4,26),24)),27)),(((3,13),(14,((18,6),(17,10)))),((25,(23,19)),1)));

STEP 77 [TBR_ClassicHeuristic_MC -> NNI_Substep_67] - Distance: 45.0000
((((((8,7),11),(((5,9),(21,12)),((16,2),28))),(((22,15),30),29)),((20,((4,26),24)),27)),(((3,13),(14,((18,6),(17,10)))),((25,(23,19)),1)));

STEP 78 [TBR_ClassicHeuristic_MC -> NNI_Substep_68] - Distance: 42.0000
((((((8,7),11),(((5,9),(21,12)),((16,2),28))),((22,15),(30,29))),((20,((4,26),24)),27)),(((3,13),(14,((18,6),(17,10)))),((25,(23,19)),1)));

STEP 79 [TBR_ClassicHeuristic_MC -> NNI_Substep_69] - Distance: 41.0000
((((((8,7),11),(((5,9),(21,12)),((16,2),28))),((22,15),(30,29))),((20,((4,26),24)),27)),((((3,13),((18,6),(17,10))),14),((25,(23,19)),1)));

STEP 80 [TBR_ClassicHeuristic_MC -> NNI_Substep_70] - Distance: 42.0000
((((((8,7),11),(((5,9),(21,12)),((16,2),28))),((22,15),(30,29))),((20,((4,26),24)),27)),((((3,13),((18,6),(17,10))),((25,(23,19)),1)),14));

STEP 81 [TBR_ClassicHeuristic_MC -> NNI_Substep_71] - Distance: 51.0000
(((((((8,7),11),(((5,9),(21,12)),((16,2),28))),((22,15),(30,29))),14),((20,((4,26),24)),27)),(((3,13),((18,6),(17,10))),((25,(23,19)),1)));

STEP 82 [TBR_ClassicHeuristic_MC -> NNI_Substep_72] - Distance: 48.0000
(((((((8,7),11),(((5,9),(21,12)),((16,2),28))),14),((22,15),(30,29))),((20,((4,26),24)),27)),(((3,13),((18,6),(17,10))),((25,(23,19)),1)));

STEP 83 [TBR_ClassicHeuristic_MC -> NNI_Substep_73] - Distance: 44.0000
((((((8,7),11),((((5,9),(21,12)),((16,2),28)),14)),((22,15),(30,29))),((20,((4,26),24)),27)),(((3,13),((18,6),(17,10))),((25,(23,19)),1)));

STEP 84 [TBR_ClassicHeuristic_MC -> NNI_Substep_74] - Distance: 40.0000
((((((8,7),11),((((5,9),(21,12)),14),((16,2),28))),((22,15),(30,29))),((20,((4,26),24)),27)),(((3,13),((18,6),(17,10))),((25,(23,19)),1)));

STEP 85 [TBR_ClassicHeuristic_MC -> NNI_Substep_75] - Distance: 37.0000
((((((8,7),11),((((5,9),14),(21,12)),((16,2),28))),((22,15),(30,29))),((20,((4,26),24)),27)),(((3,13),((18,6),(17,10))),((25,(23,19)),1)));

STEP 86 [TBR_ClassicHeuristic_MC -> NNI_Substep_76] - Distance: 37.0000
((((((8,7),11),((((9,14),5),(21,12)),((16,2),28))),((22,15),(30,29))),((20,((4,26),24)),27)),(((3,13),((18,6),(17,10))),((25,(23,19)),1)));

STEP 87 [TBR_ClassicHeuristic_MC -> NNI_Substep_77] - Distance: 38.0000
((((((8,7),11),((((9,14),(21,12)),5),((16,2),28))),((22,15),(30,29))),((20,((4,26),24)),27)),(((3,13),((18,6),(17,10))),((25,(23,19)),1)));

STEP 88 [TBR_ClassicHeuristic_MC -> NNI_Substep_78] - Distance: 40.0000
((((((8,7),11),((((9,14),(21,12)),((16,2),28)),5)),((22,15),(30,29))),((20,((4,26),24)),27)),(((3,13),((18,6),(17,10))),((25,(23,19)),1)));

STEP 89 [TBR_ClassicHeuristic_MC -> NNI_Substep_79] - Distance: 42.0000
(((((((8,7),11),(((9,14),(21,12)),((16,2),28))),5),((22,15),(30,29))),((20,((4,26),24)),27)),(((3,13),((18,6),(17,10))),((25,(23,19)),1)));

STEP 90 [TBR_ClassicHeuristic_MC -> NNI_Substep_80] - Distance: 43.0000
(((((((8,7),11),(((9,14),(21,12)),((16,2),28))),((22,15),(30,29))),5),((20,((4,26),24)),27)),(((3,13),((18,6),(17,10))),((25,(23,19)),1)));

STEP 91 [TBR_ClassicHeuristic_MC -> NNI_Substep_81] - Distance: 41.0000
(((((((8,7),11),(((9,14),(21,12)),((16,2),28))),((22,15),(30,29))),((20,((4,26),24)),27)),5),(((3,13),((18,6),(17,10))),((25,(23,19)),1)));

STEP 92 [TBR_ClassicHeuristic_MC -> NNI_Substep_82] - Distance: 32.0000
((((((8,7),11),(((9,14),(21,12)),((16,2),28))),((22,15),(30,29))),(((20,((4,26),24)),27),5)),(((3,13),((18,6),(17,10))),((25,(23,19)),1)));

STEP 93 [TBR_ClassicHeuristic_MC -> NNI_Substep_83] - Distance: 29.0000
((((((8,7),11),(((9,14),(21,12)),((16,2),28))),((22,15),(30,29))),((20,((4,26),24)),(27,5))),(((3,13),((18,6),(17,10))),((25,(23,19)),1)));

STEP 94 [TBR_ClassicHeuristic_MC -> NNI_Substep_84] - Distance: 32.0000
((((((8,7),11),(((9,14),(21,12)),((16,2),28))),((22,15),(30,29))),(((20,((4,26),24)),5),27)),(((3,13),((18,6),(17,10))),((25,(23,19)),1)));

STEP 95 [TBR_ClassicHeuristic_MC -> NNI_Substep_85] - Distance: 41.0000
(((((((8,7),11),(((9,14),(21,12)),((16,2),28))),((22,15),(30,29))),((20,((4,26),24)),5)),27),(((3,13),((18,6),(17,10))),((25,(23,19)),1)));

STEP 96 [TBR_ClassicHeuristic_MC -> NNI_Substep_86] - Distance: 23.0000
((((((8,7),11),(((9,14),(21,12)),((16,2),28))),((22,15),(30,29))),((20,((4,26),24)),5)),((((3,13),((18,6),(17,10))),27),((25,(23,19)),1)));

STEP 97 [TBR_ClassicHeuristic_MC -> NNI_Substep_87] - Distance: 29.0000
((((((8,7),11),(((9,14),(21,12)),((16,2),28))),((22,15),(30,29))),((20,((4,26),24)),5)),(((((3,13),((18,6),(17,10))),27),(25,(23,19))),1));

STEP 98 [TBR_ClassicHeuristic_MC -> NNI_Substep_88] - Distance: 25.0000
((((((8,7),11),(((9,14),(21,12)),((16,2),28))),((22,15),(30,29))),((20,((4,26),24)),5)),(((((3,13),((18,6),(17,10))),27),1),(25,(23,19))));

STEP 99 [TBR_ClassicHeuristic_MC -> NNI_Substep_89] - Distance: 18.0000
((((((8,7),11),(((9,14),(21,12)),((16,2),28))),((22,15),(30,29))),((20,((4,26),24)),5)),((((3,13),((18,6),(17,10))),(27,1)),(25,(23,19))));

STEP 100 [TBR_ClassicHeuristic_MC -> NNI_Substep_90] - Distance: 26.0000
(((((((8,7),11),(((9,14),(21,12)),((16,2),28))),(22,15)),(30,29)),((20,((4,26),24)),5)),((((3,13),((18,6),(17,10))),(27,1)),(25,(23,19))));

STEP 101 [TBR_ClassicHeuristic_MC -> NNI_Substep_91] - Distance: 31.0000
(((((((8,7),11),(((9,14),(21,12)),((16,2),28))),(22,15)),((20,((4,26),24)),5)),(30,29)),((((3,13),((18,6),(17,10))),(27,1)),(25,(23,19))));

STEP 102 [TBR_ClassicHeuristic_MC -> NNI_Substep_92] - Distance: 19.0000
((((((8,7),11),(((9,14),(21,12)),((16,2),28))),(22,15)),(((20,((4,26),24)),5),(30,29))),((((3,13),((18,6),(17,10))),(27,1)),(25,(23,19))));

STEP 103 [TBR_ClassicHeuristic_MC -> NNI_Substep_93] - Distance: 13.0000
((((((8,7),11),(((9,14),(21,12)),((16,2),28))),(22,15)),((20,((4,26),24)),(5,(30,29)))),((((3,13),((18,6),(17,10))),(27,1)),(25,(23,19))));

STEP 104 [TBR_ClassicHeuristic_MC -> NNI_Substep_94] - Distance: 22.0000
(((((((8,7),11),(((9,14),(21,12)),((16,2),28))),15),22),((20,((4,26),24)),(5,(30,29)))),((((3,13),((18,6),(17,10))),(27,1)),(25,(23,19))));

STEP 105 [TBR_ClassicHeuristic_MC -> NNI_Substep_95] - Distance: 28.0000
(((((((8,7),11),(((9,14),(21,12)),((16,2),28))),15),((20,((4,26),24)),(5,(30,29)))),22),((((3,13),((18,6),(17,10))),(27,1)),(25,(23,19))));

STEP 106 [TBR_ClassicHeuristic_MC -> NNI_Substep_96] - Distance: 16.0000
((((((8,7),11),(((9,14),(21,12)),((16,2),28))),15),(((20,((4,26),24)),(5,(30,29))),22)),((((3,13),((18,6),(17,10))),(27,1)),(25,(23,19))));

STEP 107 [TBR_ClassicHeuristic_MC -> NNI_Substep_97] - Distance: 11.0000
((((((8,7),11),(((9,14),(21,12)),((16,2),28))),15),((20,((4,26),24)),((5,(30,29)),22))),((((3,13),((18,6),(17,10))),(27,1)),(25,(23,19))));

STEP 108 [TBR_ClassicHeuristic_MC -> NNI_Substep_98] - Distance: 8.0000
((((((8,7),11),(((9,14),(21,12)),((16,2),28))),15),((20,((4,26),24)),((5,22),(30,29)))),((((3,13),((18,6),(17,10))),(27,1)),(25,(23,19))));

STEP 109 [TBR_ClassicHeuristic_MC -> NNI_Substep_99] - Distance: 11.0000
((((((8,7),11),(((9,14),(21,12)),((16,2),28))),15),((20,((4,26),24)),((5,22),(30,29)))),((((13,((18,6),(17,10))),3),(27,1)),(25,(23,19))));

STEP 110 [TBR_ClassicHeuristic_MC -> NNI_Substep_100] - Distance: 12.0000
((((((8,7),11),(((9,14),(21,12)),((16,2),28))),15),((20,((4,26),24)),((5,22),(30,29)))),((((13,((18,6),(17,10))),(27,1)),3),(25,(23,19))));

STEP 111 [TBR_ClassicHeuristic_MC -> NNI_Substep_101] - Distance: 14.0000
((((((8,7),11),(((9,14),(21,12)),((16,2),28))),15),((20,((4,26),24)),((5,22),(30,29)))),((((13,((18,6),(17,10))),(27,1)),(25,(23,19))),3));

STEP 112 [TBR_ClassicHeuristic_MC -> NNI_Substep_102] - Distance: 6.0000
((((((8,7),11),(((9,14),(21,12)),((16,2),28))),15),((20,((4,26),24)),((5,22),(30,29)))),(((13,((18,6),(17,10))),(27,1)),((25,(23,19)),3)));

STEP 113 [TBR_ClassicHeuristic_MC -> NNI_Substep_103] - Distance: 3.0000
((((((8,7),11),(((9,14),(21,12)),((16,2),28))),15),((20,((4,26),24)),((5,22),(30,29)))),(((13,((18,6),(17,10))),(27,1)),((25,3),(23,19))));

STEP 114 [TBR_ClassicHeuristic_MC -> NNI_Substep_104] - Distance: 4.0000
((((((8,7),11),(((9,14),(21,12)),((16,2),28))),15),((20,((4,26),24)),((5,22),(30,29)))),(((13,((6,(17,10)),18)),(27,1)),((25,3),(23,19))));

STEP 115 [TBR_ClassicHeuristic_MC -> NNI_Substep_105] - Distance: 4.0000
((((((8,7),11),(((9,14),(21,12)),((16,2),28))),15),((20,((4,26),24)),((5,22),(30,29)))),((((13,(6,(17,10))),18),(27,1)),((25,3),(23,19))));

STEP 116 [TBR_ClassicHeuristic_MC -> NNI_Substep_106] - Distance: 0.0000
((((((8,7),11),(((9,14),(21,12)),((16,2),28))),15),((20,((4,26),24)),((5,22),(30,29)))),((((13,18),(6,(17,10))),(27,1)),((25,3),(23,19))));

========================================================
[FINAL] Total Steps: 116 | Final Distance: 0.0000
========================================================
