========================================================
HEURISTIC TRAJECTORY: VND Classic (MP)
========================================================
STEP 0 [START] - Distance: 316.0000
(((((18,(19,(29,26))),(15,(17,(4,(21,28))))),(((9,(12,(6,8))),(24,13)),(1,3))),(((25,(27,(11,23))),(30,22)),(20,7))),(5,(16,(14,(2,10)))));

STEP 1 [NNI_ClassicHeuristic_MP -> NNI_Substep_1] - Distance: 306.0000
(((5,(16,(14,(2,10)))),(7,(20,((25,(27,(11,23))),(30,22))))),(((18,(19,(29,26))),(15,(17,(4,(21,28))))),(((9,(12,(6,8))),(24,13)),(1,3))));

STEP 2 [NNI_ClassicHeuristic_MP -> NNI_Substep_2] - Distance: 305.0000
(((5,(16,(14,(2,10)))),(7,(20,((25,(27,(11,23))),(30,22))))),((((15,(17,(4,(21,28)))),(19,(29,26))),18),(((9,(12,(6,8))),(24,13)),(1,3))));

STEP 3 [NNI_ClassicHeuristic_MP -> NNI_Substep_3] - Distance: 304.0000
(((5,(16,(14,(2,10)))),(7,(20,((25,(27,(11,23))),(30,22))))),(((19,((15,(17,(4,(21,28)))),(29,26))),18),(((9,(12,(6,8))),(24,13)),(1,3))));

STEP 4 [NNI_ClassicHeuristic_MP -> NNI_Substep_4] - Distance: 303.0000
(((5,(16,(14,(2,10)))),(7,(20,((25,(27,(11,23))),(30,22))))),(((19,(29,((15,(17,(4,(21,28)))),26))),18),(((9,(12,(6,8))),(24,13)),(1,3))));

STEP 5 [NNI_ClassicHeuristic_MP -> NNI_Substep_5] - Distance: 302.0000
(((5,(16,(14,(2,10)))),(7,(20,((25,(27,(11,23))),(30,22))))),(((19,(29,((15,(17,(4,(21,28)))),26))),18),(((12,(9,(6,8))),(24,13)),(1,3))));

STEP 6 [TBR_ClassicHeuristic_MP -> NNI_Substep_1] - Distance: 302.0000
(((5,(16,(14,(2,10)))),(7,((20,(30,22)),(25,(27,(11,23)))))),(((19,(29,((15,(17,(4,(21,28)))),26))),18),(((12,(9,(6,8))),(24,13)),(1,3))));

STEP 7 [TBR_ClassicHeuristic_MP -> NNI_Substep_2] - Distance: 302.0000
(((5,(16,(14,(2,10)))),((7,(20,(30,22))),(25,(27,(11,23))))),(((19,(29,((15,(17,(4,(21,28)))),26))),18),(((12,(9,(6,8))),(24,13)),(1,3))));

STEP 8 [TBR_ClassicHeuristic_MP -> NNI_Substep_3] - Distance: 298.0000
((((5,(16,(14,(2,10)))),(7,(20,(30,22)))),(25,(27,(11,23)))),(((19,(29,((15,(17,(4,(21,28)))),26))),18),(((12,(9,(6,8))),(24,13)),(1,3))));

STEP 9 [TBR_ClassicHeuristic_MP -> NNI_Substep_4] - Distance: 298.0000
((((5,(16,(14,(2,10)))),(25,(27,(11,23)))),(7,(20,(30,22)))),(((19,(29,((15,(17,(4,(21,28)))),26))),18),(((12,(9,(6,8))),(24,13)),(1,3))));

STEP 10 [TBR_ClassicHeuristic_MP -> NNI_Substep_5] - Distance: 296.0000
((((5,(25,(27,(11,23)))),(16,(14,(2,10)))),(7,(20,(30,22)))),(((19,(29,((15,(17,(4,(21,28)))),26))),18),(((12,(9,(6,8))),(24,13)),(1,3))));

STEP 11 [TBR_ClassicHeuristic_MP -> NNI_Substep_6] - Distance: 292.0000
(((5,(25,(27,(11,23)))),(16,(14,(2,10)))),((((19,(29,((15,(17,(4,(21,28)))),26))),18),(7,(20,(30,22)))),(((12,(9,(6,8))),(24,13)),(1,3))));

STEP 12 [TBR_ClassicHeuristic_MP -> NNI_Substep_7] - Distance: 289.0000
(((5,(25,(27,(11,23)))),(16,(14,(2,10)))),(((19,(29,((15,(17,(4,(21,28)))),26))),(18,(7,(20,(30,22))))),(((12,(9,(6,8))),(24,13)),(1,3))));

STEP 13 [TBR_ClassicHeuristic_MP -> NNI_Substep_8] - Distance: 289.0000
(((5,(25,(27,(11,23)))),(16,(14,(2,10)))),(((19,(29,((15,(17,(4,(21,28)))),26))),(18,(7,(20,(30,22))))),(((24,13),(1,3)),(12,(9,(6,8))))));

STEP 14 [TBR_ClassicHeuristic_MP -> NNI_Substep_9] - Distance: 288.0000
(((5,(25,(27,(11,23)))),(16,(14,(2,10)))),((((19,(29,((15,(17,(4,(21,28)))),26))),(18,(7,(20,(30,22))))),((24,13),(1,3))),(12,(9,(6,8)))));

STEP 15 [TBR_ClassicHeuristic_MP -> NNI_Substep_10] - Distance: 261.0000
((((5,(25,(27,(11,23)))),(12,(9,(6,8)))),(16,(14,(2,10)))),(((19,(29,((15,(17,(4,(21,28)))),26))),(18,(7,(20,(30,22))))),((24,13),(1,3))));

STEP 16 [TBR_ClassicHeuristic_MP -> NNI_Substep_11] - Distance: 260.0000
((((5,(12,(9,(6,8)))),(25,(27,(11,23)))),(16,(14,(2,10)))),(((19,(29,((15,(17,(4,(21,28)))),26))),(18,(7,(20,(30,22))))),((24,13),(1,3))));

STEP 17 [TBR_ClassicHeuristic_MP -> NNI_Substep_12] - Distance: 260.0000
((((5,(12,(9,(6,8)))),(25,(27,(11,23)))),(16,(14,(2,10)))),(((19,(29,((15,((17,4),(21,28))),26))),(18,(7,(20,(30,22))))),((24,13),(1,3))));

STEP 18 [TBR_ClassicHeuristic_MP -> NNI_Substep_13] - Distance: 260.0000
((((5,(12,(9,(6,8)))),(25,(27,(11,23)))),(16,(14,(2,10)))),(((19,(29,(((15,(17,4)),(21,28)),26))),(18,(7,(20,(30,22))))),((24,13),(1,3))));

STEP 19 [TBR_ClassicHeuristic_MP -> NNI_Substep_14] - Distance: 260.0000
((((5,(12,(9,(6,8)))),(25,(27,(11,23)))),(16,(14,(2,10)))),(((19,(29,(((15,(17,4)),26),(21,28)))),(18,(7,(20,(30,22))))),((24,13),(1,3))));

STEP 20 [TBR_ClassicHeuristic_MP -> NNI_Substep_15] - Distance: 260.0000
((((5,(12,(9,(6,8)))),(25,(27,(11,23)))),(16,(14,(2,10)))),(((19,((29,((15,(17,4)),26)),(21,28))),(18,(7,(20,(30,22))))),((24,13),(1,3))));

STEP 21 [TBR_ClassicHeuristic_MP -> NNI_Substep_16] - Distance: 260.0000
((((5,(12,(9,(6,8)))),(25,(27,(11,23)))),(16,(14,(2,10)))),((((19,(29,((15,(17,4)),26))),(21,28)),(18,(7,(20,(30,22))))),((24,13),(1,3))));

STEP 22 [TBR_ClassicHeuristic_MP -> NNI_Substep_17] - Distance: 260.0000
((((5,(12,(9,(6,8)))),(25,(27,(11,23)))),(16,(14,(2,10)))),((((19,(29,((15,(17,4)),26))),(18,(7,(20,(30,22))))),(21,28)),((24,13),(1,3))));

STEP 23 [TBR_ClassicHeuristic_MP -> NNI_Substep_18] - Distance: 260.0000
((((5,(12,(9,(6,8)))),(25,(27,(11,23)))),(16,(14,(2,10)))),((((19,(29,((15,(17,4)),26))),(18,(7,(20,(30,22))))),((24,13),(1,3))),(21,28)));

STEP 24 [TBR_ClassicHeuristic_MP -> NNI_Substep_19] - Distance: 240.0000
((((5,(12,(9,(6,8)))),(25,(27,(11,23)))),((16,(14,(2,10))),(21,28))),(((19,(29,((15,(17,4)),26))),(18,(7,(20,(30,22))))),((24,13),(1,3))));

STEP 25 [TBR_ClassicHeuristic_MP -> NNI_Substep_20] - Distance: 240.0000
((((5,(12,(9,(6,8)))),(25,(27,(11,23)))),(16,((14,(2,10)),(21,28)))),(((19,(29,((15,(17,4)),26))),(18,(7,(20,(30,22))))),((24,13),(1,3))));

STEP 26 [TBR_ClassicHeuristic_MP -> NNI_Substep_21] - Distance: 240.0000
((((5,(12,(9,(6,8)))),(25,(27,(11,23)))),(16,(14,((2,10),(21,28))))),(((19,(29,((15,(17,4)),26))),(18,(7,(20,(30,22))))),((24,13),(1,3))));

STEP 27 [TBR_ClassicHeuristic_MP -> NNI_Substep_22] - Distance: 239.0000
((((5,(12,(9,(6,8)))),(25,(27,(11,23)))),(16,(14,((2,(21,28)),10)))),(((19,(29,((15,(17,4)),26))),(18,(7,(20,(30,22))))),((24,13),(1,3))));

STEP 28 [TBR_ClassicHeuristic_MP -> NNI_Substep_23] - Distance: 242.0000
((((5,(12,(9,(6,8)))),(16,(14,((2,(21,28)),10)))),(25,(27,(11,23)))),(((19,(29,((15,(17,4)),26))),(18,(7,(20,(30,22))))),((24,13),(1,3))));

STEP 29 [TBR_ClassicHeuristic_MP -> NNI_Substep_24] - Distance: 214.0000
(((5,(12,(9,(6,8)))),(16,(14,((2,(21,28)),10)))),(((19,(29,((15,(17,4)),26))),(18,(7,(20,(30,22))))),(((24,13),(1,3)),(25,(27,(11,23))))));

STEP 30 [TBR_ClassicHeuristic_MP -> NNI_Substep_25] - Distance: 214.0000
(((5,(12,(9,(6,8)))),(16,(14,((2,(21,28)),10)))),(((19,(29,((15,(17,4)),26))),(18,(7,(20,(30,22))))),(((24,13),(1,3)),(25,((27,23),11)))));

STEP 31 [TBR_ClassicHeuristic_MP -> NNI_Substep_26] - Distance: 214.0000
(((5,(12,(9,(6,8)))),(16,(14,((2,(21,28)),10)))),(((19,(29,((15,(17,4)),26))),(18,(7,(20,(30,22))))),(((24,13),(1,3)),((25,(27,23)),11))));

STEP 32 [TBR_ClassicHeuristic_MP -> NNI_Substep_27] - Distance: 214.0000
(((5,(12,(9,(6,8)))),(16,(14,((2,(21,28)),10)))),(((19,(29,((15,(17,4)),26))),(18,(7,(20,(30,22))))),((((24,13),(1,3)),(25,(27,23))),11)));

STEP 33 [TBR_ClassicHeuristic_MP -> NNI_Substep_28] - Distance: 214.0000
(((5,(12,(9,(6,8)))),(16,(14,((2,(21,28)),10)))),((((19,(29,((15,(17,4)),26))),(18,(7,(20,(30,22))))),(((24,13),(1,3)),(25,(27,23)))),11));

STEP 34 [TBR_ClassicHeuristic_MP -> NNI_Substep_29] - Distance: 195.0000
((((5,(12,(9,(6,8)))),11),(16,(14,((2,(21,28)),10)))),(((19,(29,((15,(17,4)),26))),(18,(7,(20,(30,22))))),(((24,13),(1,3)),(25,(27,23)))));

STEP 35 [TBR_ClassicHeuristic_MP -> NNI_Substep_30] - Distance: 195.0000
(((((5,(12,(9,(6,8)))),11),(14,((2,(21,28)),10))),16),(((19,(29,((15,(17,4)),26))),(18,(7,(20,(30,22))))),(((24,13),(1,3)),(25,(27,23)))));

STEP 36 [TBR_ClassicHeuristic_MP -> NNI_Substep_31] - Distance: 182.0000
((((5,(12,(9,(6,8)))),11),(14,((2,(21,28)),10))),((((19,(29,((15,(17,4)),26))),(18,(7,(20,(30,22))))),16),(((24,13),(1,3)),(25,(27,23)))));

STEP 37 [TBR_ClassicHeuristic_MP -> NNI_Substep_32] - Distance: 177.0000
((((5,(12,(9,(6,8)))),11),(14,((2,(21,28)),10))),((((19,(29,((15,(17,4)),26))),16),(18,(7,(20,(30,22))))),(((24,13),(1,3)),(25,(27,23)))));

STEP 38 [TBR_ClassicHeuristic_MP -> NNI_Substep_33] - Distance: 176.0000
((((5,(12,(9,(6,8)))),11),(14,((2,(21,28)),10))),(((19,((29,((15,(17,4)),26)),16)),(18,(7,(20,(30,22))))),(((24,13),(1,3)),(25,(27,23)))));

STEP 39 [TBR_ClassicHeuristic_MP -> NNI_Substep_34] - Distance: 175.0000
((((5,(12,(9,(6,8)))),11),(14,((2,(21,28)),10))),(((19,((29,16),((15,(17,4)),26))),(18,(7,(20,(30,22))))),(((24,13),(1,3)),(25,(27,23)))));

STEP 40 [TBR_ClassicHeuristic_MP -> NNI_Substep_35] - Distance: 175.0000
((((5,(12,(9,(6,8)))),11),(14,((2,(21,28)),10))),(((19,(((29,16),(15,(17,4))),26)),(18,(7,(20,(30,22))))),(((24,13),(1,3)),(25,(27,23)))));

STEP 41 [TBR_ClassicHeuristic_MP -> NNI_Substep_36] - Distance: 175.0000
((((5,(12,(9,(6,8)))),11),(14,((2,(21,28)),10))),((((19,((29,16),(15,(17,4)))),26),(18,(7,(20,(30,22))))),(((24,13),(1,3)),(25,(27,23)))));

STEP 42 [TBR_ClassicHeuristic_MP -> NNI_Substep_37] - Distance: 175.0000
((((5,(12,(9,(6,8)))),11),(14,((2,(21,28)),10))),((((19,((29,16),(15,(17,4)))),(18,(7,(20,(30,22))))),26),(((24,13),(1,3)),(25,(27,23)))));

STEP 43 [TBR_ClassicHeuristic_MP -> NNI_Substep_38] - Distance: 175.0000
((((5,(12,(9,(6,8)))),11),(14,((2,(21,28)),10))),((((19,((29,16),(15,(17,4)))),(18,(7,(20,(30,22))))),(((24,13),(1,3)),(25,(27,23)))),26));

STEP 44 [TBR_ClassicHeuristic_MP -> NNI_Substep_39] - Distance: 155.0000
((((5,(12,(9,(6,8)))),11),((14,((2,(21,28)),10)),26)),(((19,((29,16),(15,(17,4)))),(18,(7,(20,(30,22))))),(((24,13),(1,3)),(25,(27,23)))));

STEP 45 [TBR_ClassicHeuristic_MP -> NNI_Substep_40] - Distance: 155.0000
((((5,(12,(9,(6,8)))),11),(14,(((2,(21,28)),10),26))),(((19,((29,16),(15,(17,4)))),(18,(7,(20,(30,22))))),(((24,13),(1,3)),(25,(27,23)))));

STEP 46 [TBR_ClassicHeuristic_MP -> NNI_Substep_41] - Distance: 154.0000
((((5,(12,(9,(6,8)))),11),(14,(((2,(21,28)),26),10))),(((19,((29,16),(15,(17,4)))),(18,(7,(20,(30,22))))),(((24,13),(1,3)),(25,(27,23)))));

STEP 47 [TBR_ClassicHeuristic_MP -> NNI_Substep_42] - Distance: 153.0000
((((5,(12,(9,(6,8)))),11),(14,(((2,26),(21,28)),10))),(((19,((29,16),(15,(17,4)))),(18,(7,(20,(30,22))))),(((24,13),(1,3)),(25,(27,23)))));

STEP 48 [TBR_ClassicHeuristic_MP -> NNI_Substep_43] - Distance: 153.0000
(((((5,(12,(9,(6,8)))),11),(((2,26),(21,28)),10)),14),(((19,((29,16),(15,(17,4)))),(18,(7,(20,(30,22))))),(((24,13),(1,3)),(25,(27,23)))));

STEP 49 [TBR_ClassicHeuristic_MP -> NNI_Substep_44] - Distance: 138.0000
((((5,(12,(9,(6,8)))),11),(((2,26),(21,28)),10)),((((19,((29,16),(15,(17,4)))),(18,(7,(20,(30,22))))),14),(((24,13),(1,3)),(25,(27,23)))));

STEP 50 [TBR_ClassicHeuristic_MP -> NNI_Substep_45] - Distance: 134.0000
((((5,(12,(9,(6,8)))),11),(((2,26),(21,28)),10)),(((19,((29,16),(15,(17,4)))),((18,(7,(20,(30,22)))),14)),(((24,13),(1,3)),(25,(27,23)))));

STEP 51 [TBR_ClassicHeuristic_MP -> NNI_Substep_46] - Distance: 134.0000
((((5,(12,(9,(6,8)))),11),(((2,26),(21,28)),10)),(((19,((29,16),(15,(17,4)))),(18,((7,(20,(30,22))),14))),(((24,13),(1,3)),(25,(27,23)))));

STEP 52 [TBR_ClassicHeuristic_MP -> NNI_Substep_47] - Distance: 133.0000
((((5,(12,(9,(6,8)))),11),(((2,26),(21,28)),10)),(((19,((29,16),(15,(17,4)))),(18,(7,((20,(30,22)),14)))),(((24,13),(1,3)),(25,(27,23)))));

STEP 53 [TBR_ClassicHeuristic_MP -> NNI_Substep_48] - Distance: 132.0000
((((5,(12,(9,(6,8)))),11),(((2,26),(21,28)),10)),(((19,((29,16),(15,(17,4)))),(18,(7,(20,((30,22),14))))),(((24,13),(1,3)),(25,(27,23)))));

STEP 54 [TBR_ClassicHeuristic_MP -> NNI_Substep_49] - Distance: 131.0000
((((5,(12,(9,(6,8)))),11),(((2,26),(21,28)),10)),(((19,((29,16),(15,(17,4)))),(18,(7,(20,(30,(22,14)))))),(((24,13),(1,3)),(25,(27,23)))));

STEP 55 [TBR_ClassicHeuristic_MP -> NNI_Substep_50] - Distance: 131.0000
((((5,(12,((9,8),6))),11),(((2,26),(21,28)),10)),(((19,((29,16),(15,(17,4)))),(18,(7,(20,(30,(22,14)))))),(((24,13),(1,3)),(25,(27,23)))));

STEP 56 [TBR_ClassicHeuristic_MP -> NNI_Substep_51] - Distance: 131.0000
((((5,((12,(9,8)),6)),11),(((2,26),(21,28)),10)),(((19,((29,16),(15,(17,4)))),(18,(7,(20,(30,(22,14)))))),(((24,13),(1,3)),(25,(27,23)))));

STEP 57 [TBR_ClassicHeuristic_MP -> NNI_Substep_52] - Distance: 131.0000
(((((5,(12,(9,8))),6),11),(((2,26),(21,28)),10)),(((19,((29,16),(15,(17,4)))),(18,(7,(20,(30,(22,14)))))),(((24,13),(1,3)),(25,(27,23)))));

STEP 58 [TBR_ClassicHeuristic_MP -> NNI_Substep_53] - Distance: 131.0000
(((((5,(12,(9,8))),11),6),(((2,26),(21,28)),10)),(((19,((29,16),(15,(17,4)))),(18,(7,(20,(30,(22,14)))))),(((24,13),(1,3)),(25,(27,23)))));

STEP 59 [TBR_ClassicHeuristic_MP -> NNI_Substep_54] - Distance: 131.0000
(((((5,(12,(9,8))),11),(((2,26),(21,28)),10)),6),(((19,((29,16),(15,(17,4)))),(18,(7,(20,(30,(22,14)))))),(((24,13),(1,3)),(25,(27,23)))));

STEP 60 [TBR_ClassicHeuristic_MP -> NNI_Substep_55] - Distance: 116.0000
((((5,(12,(9,8))),11),(((2,26),(21,28)),10)),((((19,((29,16),(15,(17,4)))),(18,(7,(20,(30,(22,14)))))),6),(((24,13),(1,3)),(25,(27,23)))));

STEP 61 [TBR_ClassicHeuristic_MP -> NNI_Substep_56] - Distance: 112.0000
((((5,(12,(9,8))),11),(((2,26),(21,28)),10)),(((19,((29,16),(15,(17,4)))),((18,(7,(20,(30,(22,14))))),6)),(((24,13),(1,3)),(25,(27,23)))));

STEP 62 [TBR_ClassicHeuristic_MP -> NNI_Substep_57] - Distance: 112.0000
((((5,(12,(9,8))),11),(((2,26),(21,28)),10)),(((19,((29,16),(15,(17,4)))),(18,((7,(20,(30,(22,14)))),6))),(((24,13),(1,3)),(25,(27,23)))));

STEP 63 [TBR_ClassicHeuristic_MP -> NNI_Substep_58] - Distance: 108.0000
((((5,(12,(9,8))),11),(((2,26),(21,28)),10)),(((19,((29,16),(15,(17,4)))),(18,((7,6),(20,(30,(22,14)))))),(((24,13),(1,3)),(25,(27,23)))));

STEP 64 [TBR_ClassicHeuristic_MP -> NNI_Substep_59] - Distance: 108.0000
((((5,(12,(9,8))),11),(((2,26),(21,28)),10)),(((19,((29,16),(15,(17,4)))),(18,((7,6),(20,(30,(22,14)))))),(((24,13),(1,3)),((25,23),27))));

STEP 65 [TBR_ClassicHeuristic_MP -> NNI_Substep_60] - Distance: 108.0000
((((5,(12,(9,8))),11),(((2,26),(21,28)),10)),(((19,((29,16),(15,(17,4)))),(18,((7,6),(20,(30,(22,14)))))),((((24,13),(1,3)),(25,23)),27)));

STEP 66 [TBR_ClassicHeuristic_MP -> NNI_Substep_61] - Distance: 107.0000
((((5,(12,(9,8))),11),(((2,26),(21,28)),10)),((((19,((29,16),(15,(17,4)))),(18,((7,6),(20,(30,(22,14)))))),(((24,13),(1,3)),(25,23))),27));

STEP 67 [TBR_ClassicHeuristic_MP -> NNI_Substep_62] - Distance: 103.0000
((((5,(12,(9,8))),11),(((2,26),(21,28)),10)),((((19,((29,16),(15,(17,4)))),(18,((7,6),(20,(30,(22,14)))))),27),(((24,13),(1,3)),(25,23))));

STEP 68 [TBR_ClassicHeuristic_MP -> NNI_Substep_63] - Distance: 96.0000
((((5,(12,(9,8))),11),(((2,26),(21,28)),10)),((((19,((29,16),(15,(17,4)))),27),(18,((7,6),(20,(30,(22,14)))))),(((24,13),(1,3)),(25,23))));

STEP 69 [TBR_ClassicHeuristic_MP -> NNI_Substep_64] - Distance: 95.0000
((((5,(12,(9,8))),11),(((2,26),(21,28)),10)),(((19,(((29,16),(15,(17,4))),27)),(18,((7,6),(20,(30,(22,14)))))),(((24,13),(1,3)),(25,23))));

STEP 70 [TBR_ClassicHeuristic_MP -> NNI_Substep_65] - Distance: 94.0000
((((5,(12,(9,8))),11),(((2,26),(21,28)),10)),(((19,(((29,16),27),(15,(17,4)))),(18,((7,6),(20,(30,(22,14)))))),(((24,13),(1,3)),(25,23))));

STEP 71 [TBR_ClassicHeuristic_MP -> NNI_Substep_66] - Distance: 94.0000
((((5,(12,(9,8))),11),(((2,26),(21,28)),10)),(((19,((((29,16),27),(17,4)),15)),(18,((7,6),(20,(30,(22,14)))))),(((24,13),(1,3)),(25,23))));

STEP 72 [TBR_ClassicHeuristic_MP -> NNI_Substep_67] - Distance: 94.0000
((((5,(12,(9,8))),11),(((2,26),(21,28)),10)),((((19,(((29,16),27),(17,4))),15),(18,((7,6),(20,(30,(22,14)))))),(((24,13),(1,3)),(25,23))));

STEP 73 [TBR_ClassicHeuristic_MP -> NNI_Substep_68] - Distance: 94.0000
((((5,(12,(9,8))),11),(((2,26),(21,28)),10)),((((19,(((29,16),27),(17,4))),(18,((7,6),(20,(30,(22,14)))))),15),(((24,13),(1,3)),(25,23))));

STEP 74 [TBR_ClassicHeuristic_MP -> NNI_Substep_69] - Distance: 95.0000
((((5,(12,(9,8))),11),(((2,26),(21,28)),10)),((((19,(((29,16),27),(17,4))),(18,((7,6),(20,(30,(22,14)))))),(((24,13),(1,3)),(25,23))),15));

STEP 75 [TBR_ClassicHeuristic_MP -> NNI_Substep_70] - Distance: 82.0000
((((5,(12,(9,8))),11),(((2,26),(21,28)),10)),(((19,(((29,16),27),(17,4))),(18,((7,6),(20,(30,(22,14)))))),((((24,13),(1,3)),(25,23)),15)));

STEP 76 [TBR_ClassicHeuristic_MP -> NNI_Substep_71] - Distance: 81.0000
((((5,(12,(9,8))),11),(((2,26),(21,28)),10)),(((19,(((29,16),27),(17,4))),(18,((7,6),(20,(30,(22,14)))))),(((24,13),(1,3)),((25,23),15))));

STEP 77 [TBR_ClassicHeuristic_MP -> NNI_Substep_72] - Distance: 80.0000
((((5,(12,(9,8))),11),(((2,26),(21,28)),10)),(((19,(((29,16),27),(17,4))),(18,((7,6),(20,(30,(22,14)))))),(((24,13),(1,3)),(25,(23,15)))));

STEP 78 [TBR_ClassicHeuristic_MP -> NNI_Substep_73] - Distance: 80.0000
((((5,(12,(9,8))),11),(((2,26),(21,28)),10)),(((19,(((29,16),27),(17,4))),(18,((7,6),(20,(30,(22,14)))))),(((13,(1,3)),24),(25,(23,15)))));

STEP 79 [TBR_ClassicHeuristic_MP -> NNI_Substep_74] - Distance: 80.0000
((((5,(12,(9,8))),11),(((2,26),(21,28)),10)),(((19,(((29,16),27),(17,4))),(18,((7,6),(20,(30,(22,14)))))),(((13,(1,3)),(25,(23,15))),24)));

STEP 80 [TBR_ClassicHeuristic_MP -> NNI_Substep_75] - Distance: 79.0000
((((5,(12,(9,8))),11),(((2,26),(21,28)),10)),((((19,(((29,16),27),(17,4))),(18,((7,6),(20,(30,(22,14)))))),((13,(1,3)),(25,(23,15)))),24));

STEP 81 [TBR_ClassicHeuristic_MP -> NNI_Substep_76] - Distance: 75.0000
((((5,(12,(9,8))),11),(((2,26),(21,28)),10)),((((19,(((29,16),27),(17,4))),(18,((7,6),(20,(30,(22,14)))))),24),((13,(1,3)),(25,(23,15)))));

STEP 82 [TBR_ClassicHeuristic_MP -> NNI_Substep_77] - Distance: 70.0000
((((5,(12,(9,8))),11),(((2,26),(21,28)),10)),(((19,(((29,16),27),(17,4))),((18,((7,6),(20,(30,(22,14))))),24)),((13,(1,3)),(25,(23,15)))));

STEP 83 [TBR_ClassicHeuristic_MP -> NNI_Substep_78] - Distance: 70.0000
((((5,(12,(9,8))),11),(((2,26),(21,28)),10)),(((19,(((29,16),27),(17,4))),(18,(((7,6),(20,(30,(22,14)))),24))),((13,(1,3)),(25,(23,15)))));

STEP 84 [TBR_ClassicHeuristic_MP -> NNI_Substep_79] - Distance: 68.0000
((((5,(12,(9,8))),11),(((2,26),(21,28)),10)),(((19,(((29,16),27),(17,4))),(18,((7,6),((20,(30,(22,14))),24)))),((13,(1,3)),(25,(23,15)))));

STEP 85 [TBR_ClassicHeuristic_MP -> NNI_Substep_80] - Distance: 68.0000
((((5,(12,(9,8))),11),(((2,26),(21,28)),10)),(((19,(((29,16),27),(17,4))),(18,((7,6),(20,((30,(22,14)),24))))),((13,(1,3)),(25,(23,15)))));

STEP 86 [TBR_ClassicHeuristic_MP -> NNI_Substep_81] - Distance: 66.0000
((((5,(12,(9,8))),11),(((2,26),(21,28)),10)),(((19,(((29,16),27),(17,4))),(18,((7,6),(20,((30,24),(22,14)))))),((13,(1,3)),(25,(23,15)))));

STEP 87 [TBR_ClassicHeuristic_MP -> NNI_Substep_82] - Distance: 66.0000
((((5,(12,(9,8))),11),(((2,26),(21,28)),10)),(((19,(((29,16),27),(17,4))),(18,((7,6),(20,((30,24),(22,14)))))),(((13,3),1),(25,(23,15)))));

STEP 88 [TBR_ClassicHeuristic_MP -> NNI_Substep_83] - Distance: 66.0000
((((5,(12,(9,8))),11),(((2,26),(21,28)),10)),(((19,(((29,16),27),(17,4))),(18,((7,6),(20,((30,24),(22,14)))))),(((13,3),(25,(23,15))),1)));

STEP 89 [TBR_ClassicHeuristic_MP -> NNI_Substep_84] - Distance: 65.0000
((((5,(12,(9,8))),11),(((2,26),(21,28)),10)),((((19,(((29,16),27),(17,4))),(18,((7,6),(20,((30,24),(22,14)))))),((13,3),(25,(23,15)))),1));

STEP 90 [TBR_ClassicHeuristic_MP -> NNI_Substep_85] - Distance: 60.0000
((((5,(12,(9,8))),11),(((2,26),(21,28)),10)),((((19,(((29,16),27),(17,4))),(18,((7,6),(20,((30,24),(22,14)))))),1),((13,3),(25,(23,15)))));

STEP 91 [TBR_ClassicHeuristic_MP -> NNI_Substep_86] - Distance: 55.0000
((((5,(12,(9,8))),11),(((2,26),(21,28)),10)),(((19,(((29,16),27),(17,4))),((18,((7,6),(20,((30,24),(22,14))))),1)),((13,3),(25,(23,15)))));

STEP 92 [TBR_ClassicHeuristic_MP -> NNI_Substep_87] - Distance: 55.0000
((((5,(12,(9,8))),11),(((2,26),(21,28)),10)),(((19,(((29,16),27),(17,4))),(18,(((7,6),(20,((30,24),(22,14)))),1))),((13,3),(25,(23,15)))));

STEP 93 [TBR_ClassicHeuristic_MP -> NNI_Substep_88] - Distance: 53.0000
((((5,(12,(9,8))),11),(((2,26),(21,28)),10)),(((19,(((29,16),27),(17,4))),(18,((7,6),((20,((30,24),(22,14))),1)))),((13,3),(25,(23,15)))));

STEP 94 [TBR_ClassicHeuristic_MP -> NNI_Substep_89] - Distance: 53.0000
((((5,(12,(9,8))),11),(((2,26),(21,28)),10)),(((19,(((29,16),27),(17,4))),(18,((7,6),(20,(((30,24),(22,14)),1))))),((13,3),(25,(23,15)))));

STEP 95 [TBR_ClassicHeuristic_MP -> NNI_Substep_90] - Distance: 51.0000
((((5,(12,(9,8))),11),(((2,26),(21,28)),10)),(((19,(((29,16),27),(17,4))),(18,((7,6),(20,(((30,24),1),(22,14)))))),((13,3),(25,(23,15)))));

STEP 96 [TBR_ClassicHeuristic_MP -> NNI_Substep_91] - Distance: 50.0000
((((5,(12,(9,8))),11),(((2,26),(21,28)),10)),(((19,(((29,16),27),(17,4))),(18,((7,6),(20,(((30,1),24),(22,14)))))),((13,3),(25,(23,15)))));

STEP 97 [TBR_ClassicHeuristic_MP -> NNI_Substep_92] - Distance: 50.0000
((((5,(12,(9,8))),11),(((2,26),(21,28)),10)),(((19,((((29,16),27),17),4)),(18,((7,6),(20,(((30,1),24),(22,14)))))),((13,3),(25,(23,15)))));

STEP 98 [TBR_ClassicHeuristic_MP -> NNI_Substep_93] - Distance: 50.0000
((((5,(12,(9,8))),11),(((2,26),(21,28)),10)),((((19,(((29,16),27),17)),4),(18,((7,6),(20,(((30,1),24),(22,14)))))),((13,3),(25,(23,15)))));

STEP 99 [TBR_ClassicHeuristic_MP -> NNI_Substep_94] - Distance: 49.0000
((((5,(12,(9,8))),11),(((2,26),(21,28)),10)),((((19,(((29,16),27),17)),(18,((7,6),(20,(((30,1),24),(22,14)))))),4),((13,3),(25,(23,15)))));

STEP 100 [TBR_ClassicHeuristic_MP -> NNI_Substep_95] - Distance: 44.0000
((((5,(12,(9,8))),11),(((2,26),(21,28)),10)),(((19,(((29,16),27),17)),((18,((7,6),(20,(((30,1),24),(22,14))))),4)),((13,3),(25,(23,15)))));

STEP 101 [TBR_ClassicHeuristic_MP -> NNI_Substep_96] - Distance: 43.0000
((((5,(12,(9,8))),11),(((2,26),(21,28)),10)),(((19,(((29,16),27),17)),(18,(((7,6),(20,(((30,1),24),(22,14)))),4))),((13,3),(25,(23,15)))));

STEP 102 [TBR_ClassicHeuristic_MP -> NNI_Substep_97] - Distance: 37.0000
((((5,(12,(9,8))),11),(((2,26),(21,28)),10)),(((19,(((29,16),27),17)),(18,(((7,6),4),(20,(((30,1),24),(22,14)))))),((13,3),(25,(23,15)))));

STEP 103 [TBR_ClassicHeuristic_MP -> NNI_Substep_98] - Distance: 36.0000
((((5,(12,(9,8))),11),(((2,26),(21,28)),10)),(((19,(((29,16),27),17)),(18,((7,(6,4)),(20,(((30,1),24),(22,14)))))),((13,3),(25,(23,15)))));

STEP 104 [TBR_ClassicHeuristic_MP -> NNI_Substep_99] - Distance: 33.0000
((((5,(12,(9,8))),11),(((2,26),(21,28)),10)),(((19,(((29,16),27),17)),(18,((7,(6,4)),(((30,1),24),((22,14),20))))),((13,3),(25,(23,15)))));

STEP 105 [TBR_ClassicHeuristic_MP -> NNI_Substep_100] - Distance: 27.0000
((((5,(12,(9,8))),11),(((2,26),(21,28)),10)),(((19,(((29,16),27),17)),((18,(7,(6,4))),(((30,1),24),((22,14),20)))),((13,3),(25,(23,15)))));

STEP 106 [TBR_ClassicHeuristic_MP -> NNI_Substep_101] - Distance: 26.0000
(((((5,(9,8)),12),11),(((2,26),(21,28)),10)),(((19,(((29,16),27),17)),((18,(7,(6,4))),(((30,1),24),((22,14),20)))),((13,3),(25,(23,15)))));

STEP 107 [TBR_ClassicHeuristic_MP -> NNI_Substep_102] - Distance: 25.0000
(((((5,(9,8)),11),12),(((2,26),(21,28)),10)),(((19,(((29,16),27),17)),((18,(7,(6,4))),(((30,1),24),((22,14),20)))),((13,3),(25,(23,15)))));

STEP 108 [TBR_ClassicHeuristic_MP -> NNI_Substep_103] - Distance: 20.0000
(((((5,(9,8)),11),(((2,26),(21,28)),10)),12),(((19,(((29,16),27),17)),((18,(7,(6,4))),(((30,1),24),((22,14),20)))),((13,3),(25,(23,15)))));

STEP 109 [TBR_ClassicHeuristic_MP -> NNI_Substep_104] - Distance: 20.0000
(((((5,(9,8)),11),((((2,26),28),21),10)),12),(((19,(((29,16),27),17)),((18,(7,(6,4))),(((30,1),24),((22,14),20)))),((13,3),(25,(23,15)))));

STEP 110 [TBR_ClassicHeuristic_MP -> NNI_Substep_105] - Distance: 20.0000
(((((5,(9,8)),11),((((2,26),28),10),21)),12),(((19,(((29,16),27),17)),((18,(7,(6,4))),(((30,1),24),((22,14),20)))),((13,3),(25,(23,15)))));

STEP 111 [TBR_ClassicHeuristic_MP -> NNI_Substep_106] - Distance: 20.0000
((((((5,(9,8)),11),(((2,26),28),10)),21),12),(((19,(((29,16),27),17)),((18,(7,(6,4))),(((30,1),24),((22,14),20)))),((13,3),(25,(23,15)))));

STEP 112 [TBR_ClassicHeuristic_MP -> NNI_Substep_107] - Distance: 16.0000
((((((5,(9,8)),11),21),(((2,26),28),10)),12),(((19,(((29,16),27),17)),((18,(7,(6,4))),(((30,1),24),((22,14),20)))),((13,3),(25,(23,15)))));

STEP 113 [TBR_ClassicHeuristic_MP -> NNI_Substep_108] - Distance: 14.0000
(((((5,(9,8)),(11,21)),(((2,26),28),10)),12),(((19,(((29,16),27),17)),((18,(7,(6,4))),(((30,1),24),((22,14),20)))),((13,3),(25,(23,15)))));

STEP 114 [TBR_ClassicHeuristic_MP -> NNI_Substep_109] - Distance: 14.0000
((((((5,9),8),(11,21)),(((2,26),28),10)),12),(((19,(((29,16),27),17)),((18,(7,(6,4))),(((30,1),24),((22,14),20)))),((13,3),(25,(23,15)))));

STEP 115 [TBR_ClassicHeuristic_MP -> NNI_Substep_110] - Distance: 14.0000
((((((5,9),(11,21)),8),(((2,26),28),10)),12),(((19,(((29,16),27),17)),((18,(7,(6,4))),(((30,1),24),((22,14),20)))),((13,3),(25,(23,15)))));

STEP 116 [TBR_ClassicHeuristic_MP -> NNI_Substep_111] - Distance: 13.0000
((((((5,9),(11,21)),(((2,26),28),10)),8),12),(((19,(((29,16),27),17)),((18,(7,(6,4))),(((30,1),24),((22,14),20)))),((13,3),(25,(23,15)))));

STEP 117 [TBR_ClassicHeuristic_MP -> NNI_Substep_112] - Distance: 9.0000
(((((5,9),(11,21)),((((2,26),28),10),8)),12),(((19,(((29,16),27),17)),((18,(7,(6,4))),(((30,1),24),((22,14),20)))),((13,3),(25,(23,15)))));

STEP 118 [TBR_ClassicHeuristic_MP -> NNI_Substep_113] - Distance: 8.0000
(((((5,9),(11,21)),((((2,26),28),8),10)),12),(((19,(((29,16),27),17)),((18,(7,(6,4))),(((30,1),24),((22,14),20)))),((13,3),(25,(23,15)))));

STEP 119 [TBR_ClassicHeuristic_MP -> NNI_Substep_114] - Distance: 7.0000
(((((5,9),(11,21)),((((2,26),8),28),10)),12),(((19,(((29,16),27),17)),((18,(7,(6,4))),(((30,1),24),((22,14),20)))),((13,3),(25,(23,15)))));

STEP 120 [TBR_ClassicHeuristic_MP -> NNI_Substep_115] - Distance: 6.0000
(((((5,9),(11,21)),(((2,(26,8)),28),10)),12),(((19,(((29,16),27),17)),((18,(7,(6,4))),(((30,1),24),((22,14),20)))),((13,3),(25,(23,15)))));

STEP 121 [TBR_ClassicHeuristic_MP -> NNI_Substep_116] - Distance: 5.0000
(((((5,9),(11,21)),(((2,(26,8)),28),10)),12),(((19,(((29,16),27),17)),((18,(7,(6,4))),(((30,1),24),((22,14),20)))),((13,(25,(23,15))),3)));

STEP 122 [TBR_ClassicHeuristic_MP -> NNI_Substep_117] - Distance: 5.0000
(((((5,9),(11,21)),(((2,(26,8)),28),10)),12),(((19,(((29,16),27),17)),((18,(7,(6,4))),(((30,1),24),((22,14),20)))),(13,((25,(23,15)),3))));

STEP 123 [TBR_ClassicHeuristic_MP -> NNI_Substep_118] - Distance: 3.0000
(((((5,9),(11,21)),(((2,(26,8)),28),10)),12),(((19,(((29,16),27),17)),((18,(7,(6,4))),(((30,1),24),((22,14),20)))),(13,((25,3),(23,15)))));

STEP 124 [TBR_ClassicHeuristic_MP -> NNI_Substep_119] - Distance: 1.0000
(((((5,9),(11,21)),(((2,(26,8)),28),10)),12),(((19,(((29,16),27),17)),((18,(7,(6,4))),(((30,1),24),((22,14),20)))),((25,3),((23,15),13))));

STEP 125 [TBR_ClassicHeuristic_MP -> NNI_Substep_120] - Distance: 0.0000
(((((5,9),(11,21)),(((2,(26,8)),28),10)),12),(((19,(((29,16),27),17)),((((30,1),24),((22,14),20)),(7,((6,4),18)))),((25,3),((23,15),13))));

========================================================
[FINAL] Total Steps: 125 | Final Distance: 0.0000
========================================================
