========================================================
HEURISTIC TRAJECTORY: VND Incremental (MC_RF)
========================================================
STEP 0 [START] - Distance: 153.0000
((5,((2,(18,(17,24))),(30,27))),(((20,(((3,(15,28)),(9,7)),(25,(13,10)))),(21,(29,(23,(19,(26,12)))))),(14,((8,(1,(4,6))),(11,(16,22))))));

STEP 1 [NNI_IncrementalHeuristic_MC_RF -> NNI_Substep_1] - Distance: 148.0000
((5,((2,(18,(17,24))),(30,27))),(((20,(((3,(15,28)),(9,7)),(25,(13,10)))),(21,(29,(23,(19,(26,12)))))),((8,(1,(4,6))),(14,(11,(16,22))))));

STEP 2 [NNI_IncrementalHeuristic_MC_RF -> NNI_Substep_2] - Distance: 145.0000
((5,((2,(18,(17,24))),(30,27))),(((20,(((3,(15,28)),(9,7)),(25,(13,10)))),((23,(19,(26,12))),(29,21))),((8,(1,(4,6))),(14,(11,(16,22))))));

STEP 3 [NNI_IncrementalHeuristic_MC_RF -> NNI_Substep_3] - Distance: 143.0000
((5,((2,(18,(17,24))),(30,27))),(((((3,(15,28)),(9,7)),(20,(25,(13,10)))),((23,(19,(26,12))),(29,21))),((8,(1,(4,6))),(14,(11,(16,22))))));

STEP 4 [NNI_IncrementalHeuristic_MC_RF -> NNI_Substep_4] - Distance: 142.0000
(((2,(18,(17,24))),(5,(30,27))),(((((3,(15,28)),(9,7)),(20,(25,(13,10)))),((23,(19,(26,12))),(29,21))),((8,(1,(4,6))),(14,(11,(16,22))))));

STEP 5 [NNI_IncrementalHeuristic_MC_RF -> NNI_Substep_5] - Distance: 141.0000
((((17,24),(18,2)),(5,(30,27))),(((((3,(15,28)),(9,7)),(20,(25,(13,10)))),((23,(19,(26,12))),(29,21))),((8,(1,(4,6))),(14,(11,(16,22))))));

STEP 6 [NNI_IncrementalHeuristic_MC_RF -> NNI_Substep_6] - Distance: 140.0000
((((17,24),(5,(30,27))),(18,2)),(((((3,(15,28)),(9,7)),(20,(25,(13,10)))),((23,(19,(26,12))),(29,21))),((8,(1,(4,6))),(14,(11,(16,22))))));

STEP 7 [NNI_IncrementalHeuristic_MC_RF -> NNI_Substep_7] - Distance: 139.0000
(((5,((17,24),(30,27))),(18,2)),(((((3,(15,28)),(9,7)),(20,(25,(13,10)))),((23,(19,(26,12))),(29,21))),((8,(1,(4,6))),(14,(11,(16,22))))));

STEP 8 [NNI_IncrementalHeuristic_MC_RF -> NNI_Substep_8] - Distance: 138.0000
(((5,((17,24),(30,27))),(18,2)),((((((9,7),(15,28)),3),(20,(25,(13,10)))),((23,(19,(26,12))),(29,21))),((8,(1,(4,6))),(14,(11,(16,22))))));

STEP 9 [NNI_IncrementalHeuristic_MC_RF -> NNI_Substep_9] - Distance: 137.0000
(((5,((17,24),(30,27))),(18,2)),((((((9,7),(15,28)),3),((13,10),(25,20))),((23,(19,(26,12))),(29,21))),((8,(1,(4,6))),(14,(11,(16,22))))));

STEP 10 [NNI_IncrementalHeuristic_MC_RF -> NNI_Substep_10] - Distance: 136.0000
(((5,((17,24),(30,27))),(18,2)),((((((9,7),(15,28)),3),((13,10),(25,20))),(((26,12),(19,23)),(29,21))),((8,(1,(4,6))),(14,(11,(16,22))))));

STEP 11 [NNI_IncrementalHeuristic_MC_RF -> NNI_Substep_11] - Distance: 135.0000
(((5,((17,24),(30,27))),(18,2)),((((((9,7),(15,28)),3),((13,10),(25,20))),(((26,12),(19,23)),(29,21))),(((4,6),(1,8)),(14,(11,(16,22))))));

STEP 12 [TBR_IncrementalHeuristic_MC_RF -> NNI_Substep_1] - Distance: 136.0000
(((5,(((17,24),27),30)),(18,2)),((((((9,7),(15,28)),3),((13,10),(25,20))),(((26,12),(19,23)),(29,21))),(((4,6),(1,8)),(14,(11,(16,22))))));

STEP 13 [TBR_IncrementalHeuristic_MC_RF -> NNI_Substep_2] - Distance: 136.0000
((((5,((17,24),27)),30),(18,2)),((((((9,7),(15,28)),3),((13,10),(25,20))),(((26,12),(19,23)),(29,21))),(((4,6),(1,8)),(14,(11,(16,22))))));

STEP 14 [TBR_IncrementalHeuristic_MC_RF -> NNI_Substep_3] - Distance: 137.0000
((((5,((17,24),27)),(18,2)),30),((((((9,7),(15,28)),3),((13,10),(25,20))),(((26,12),(19,23)),(29,21))),(((4,6),(1,8)),(14,(11,(16,22))))));

STEP 15 [TBR_IncrementalHeuristic_MC_RF -> NNI_Substep_4] - Distance: 136.0000
(((5,((17,24),27)),(18,2)),((((((9,7),(15,28)),3),((13,10),(25,20))),(((26,12),(19,23)),(29,21))),((((4,6),(1,8)),(14,(11,(16,22)))),30)));

STEP 16 [TBR_IncrementalHeuristic_MC_RF -> NNI_Substep_5] - Distance: 131.0000
(((5,((17,24),27)),(18,2)),((((((9,7),(15,28)),3),((13,10),(25,20))),(((26,12),(19,23)),(29,21))),(((4,6),(1,8)),((14,(11,(16,22))),30))));

STEP 17 [TBR_IncrementalHeuristic_MC_RF -> NNI_Substep_6] - Distance: 127.0000
(((5,((17,24),27)),(18,2)),((((((9,7),(15,28)),3),((13,10),(25,20))),(((26,12),(19,23)),(29,21))),(((4,6),(1,8)),((14,30),(11,(16,22))))));

STEP 18 [TBR_IncrementalHeuristic_MC_RF -> NNI_Substep_7] - Distance: 127.0000
(((5,((17,27),24)),(18,2)),((((((9,7),(15,28)),3),((13,10),(25,20))),(((26,12),(19,23)),(29,21))),(((4,6),(1,8)),((14,30),(11,(16,22))))));

STEP 19 [TBR_IncrementalHeuristic_MC_RF -> NNI_Substep_8] - Distance: 127.0000
((((5,(17,27)),24),(18,2)),((((((9,7),(15,28)),3),((13,10),(25,20))),(((26,12),(19,23)),(29,21))),(((4,6),(1,8)),((14,30),(11,(16,22))))));

STEP 20 [TBR_IncrementalHeuristic_MC_RF -> NNI_Substep_9] - Distance: 128.0000
((((5,(17,27)),(18,2)),24),((((((9,7),(15,28)),3),((13,10),(25,20))),(((26,12),(19,23)),(29,21))),(((4,6),(1,8)),((14,30),(11,(16,22))))));

STEP 21 [TBR_IncrementalHeuristic_MC_RF -> NNI_Substep_10] - Distance: 129.0000
(((5,(17,27)),(18,2)),((((((9,7),(15,28)),3),((13,10),(25,20))),(((26,12),(19,23)),(29,21))),((((4,6),(1,8)),((14,30),(11,(16,22)))),24)));

STEP 22 [TBR_IncrementalHeuristic_MC_RF -> NNI_Substep_11] - Distance: 125.0000
(((5,(17,27)),(18,2)),((((((9,7),(15,28)),3),((13,10),(25,20))),(((26,12),(19,23)),(29,21))),((((4,6),(1,8)),24),((14,30),(11,(16,22))))));

STEP 23 [TBR_IncrementalHeuristic_MC_RF -> NNI_Substep_12] - Distance: 124.0000
(((5,(17,27)),(18,2)),((((((9,7),(15,28)),3),((13,10),(25,20))),(((26,12),(19,23)),(29,21))),(((4,6),((1,8),24)),((14,30),(11,(16,22))))));

STEP 24 [TBR_IncrementalHeuristic_MC_RF -> NNI_Substep_13] - Distance: 124.0000
(((5,(17,27)),(18,2)),((((((9,7),(15,28)),3),((13,10),(25,20))),(((26,12),(19,23)),(29,21))),(((4,6),(1,(8,24))),((14,30),(11,(16,22))))));

STEP 25 [TBR_IncrementalHeuristic_MC_RF -> NNI_Substep_14] - Distance: 124.0000
(((5,(17,27)),(18,2)),((((((9,7),(15,28)),3),((13,10),(25,20))),(((26,12),(19,23)),(29,21))),(((4,6),(1,(8,24))),((14,30),((11,16),22)))));

STEP 26 [TBR_IncrementalHeuristic_MC_RF -> NNI_Substep_15] - Distance: 125.0000
(((5,(17,27)),(18,2)),((((((9,7),(15,28)),3),((13,10),(25,20))),(((26,12),(19,23)),(29,21))),(((4,6),(1,(8,24))),(((14,30),(11,16)),22))));

STEP 27 [TBR_IncrementalHeuristic_MC_RF -> NNI_Substep_16] - Distance: 127.0000
(((5,(17,27)),(18,2)),((((((9,7),(15,28)),3),((13,10),(25,20))),(((26,12),(19,23)),(29,21))),((((4,6),(1,(8,24))),((14,30),(11,16))),22)));

STEP 28 [TBR_IncrementalHeuristic_MC_RF -> NNI_Substep_17] - Distance: 129.0000
(((5,(17,27)),(18,2)),(((((((9,7),(15,28)),3),((13,10),(25,20))),(((26,12),(19,23)),(29,21))),(((4,6),(1,(8,24))),((14,30),(11,16)))),22));

STEP 29 [TBR_IncrementalHeuristic_MC_RF -> NNI_Substep_18] - Distance: 127.0000
(((5,(17,27)),(18,2)),(((((((9,7),(15,28)),3),((13,10),(25,20))),(((26,12),(19,23)),(29,21))),22),(((4,6),(1,(8,24))),((14,30),(11,16)))));

STEP 30 [TBR_IncrementalHeuristic_MC_RF -> NNI_Substep_19] - Distance: 124.0000
(((5,(17,27)),(18,2)),(((((((9,7),(15,28)),3),((13,10),(25,20))),22),(((26,12),(19,23)),(29,21))),(((4,6),(1,(8,24))),((14,30),(11,16)))));

STEP 31 [TBR_IncrementalHeuristic_MC_RF -> NNI_Substep_20] - Distance: 121.0000
(((5,(17,27)),(18,2)),(((((((9,7),(15,28)),3),22),((13,10),(25,20))),(((26,12),(19,23)),(29,21))),(((4,6),(1,(8,24))),((14,30),(11,16)))));

STEP 32 [TBR_IncrementalHeuristic_MC_RF -> NNI_Substep_21] - Distance: 116.0000
(((5,(17,27)),(18,2)),((((((9,7),(15,28)),(3,22)),((13,10),(25,20))),(((26,12),(19,23)),(29,21))),(((4,6),(1,(8,24))),((14,30),(11,16)))));

STEP 33 [TBR_IncrementalHeuristic_MC_RF -> NNI_Substep_22] - Distance: 117.0000
((((17,27),(18,2)),5),((((((9,7),(15,28)),(3,22)),((13,10),(25,20))),(((26,12),(19,23)),(29,21))),(((4,6),(1,(8,24))),((14,30),(11,16)))));

STEP 34 [TBR_IncrementalHeuristic_MC_RF -> NNI_Substep_23] - Distance: 119.0000
(((17,27),(18,2)),((((((9,7),(15,28)),(3,22)),((13,10),(25,20))),(((26,12),(19,23)),(29,21))),((((4,6),(1,(8,24))),((14,30),(11,16))),5)));

STEP 35 [TBR_IncrementalHeuristic_MC_RF -> NNI_Substep_24] - Distance: 115.0000
(((17,27),(18,2)),((((((9,7),(15,28)),(3,22)),((13,10),(25,20))),(((26,12),(19,23)),(29,21))),(((4,6),(1,(8,24))),(((14,30),(11,16)),5))));

STEP 36 [TBR_IncrementalHeuristic_MC_RF -> NNI_Substep_25] - Distance: 112.0000
(((17,27),(18,2)),((((((9,7),(15,28)),(3,22)),((13,10),(25,20))),(((26,12),(19,23)),(29,21))),(((4,6),(1,(8,24))),((14,30),((11,16),5)))));

STEP 37 [TBR_IncrementalHeuristic_MC_RF -> NNI_Substep_26] - Distance: 110.0000
(((17,27),(18,2)),((((((9,7),(15,28)),(3,22)),((13,10),(25,20))),(((26,12),(19,23)),(29,21))),(((4,6),(1,(8,24))),((14,30),(11,(16,5))))));

STEP 38 [TBR_IncrementalHeuristic_MC_RF -> NNI_Substep_27] - Distance: 113.0000
(((17,27),(18,2)),((((((9,7),(15,28)),(3,22)),((13,10),(25,20))),((((26,12),(19,23)),21),29)),(((4,6),(1,(8,24))),((14,30),(11,(16,5))))));

STEP 39 [TBR_IncrementalHeuristic_MC_RF -> NNI_Substep_28] - Distance: 114.0000
(((17,27),(18,2)),(((((((9,7),(15,28)),(3,22)),((13,10),(25,20))),(((26,12),(19,23)),21)),29),(((4,6),(1,(8,24))),((14,30),(11,(16,5))))));

STEP 40 [TBR_IncrementalHeuristic_MC_RF -> NNI_Substep_29] - Distance: 115.0000
(((17,27),(18,2)),(((((((9,7),(15,28)),(3,22)),((13,10),(25,20))),(((26,12),(19,23)),21)),(((4,6),(1,(8,24))),((14,30),(11,(16,5))))),29));

STEP 41 [TBR_IncrementalHeuristic_MC_RF -> NNI_Substep_30] - Distance: 103.0000
((((17,27),29),(18,2)),((((((9,7),(15,28)),(3,22)),((13,10),(25,20))),(((26,12),(19,23)),21)),(((4,6),(1,(8,24))),((14,30),(11,(16,5))))));

STEP 42 [TBR_IncrementalHeuristic_MC_RF -> NNI_Substep_31] - Distance: 103.0000
((((17,27),29),(18,2)),((((((9,7),(15,28)),(3,22)),((13,10),(25,20))),(((26,12),(19,23)),21)),((((4,6),1),(8,24)),((14,30),(11,(16,5))))));

STEP 43 [TBR_IncrementalHeuristic_MC_RF -> NNI_Substep_32] - Distance: 102.0000
((((17,27),29),(18,2)),((((((9,7),(15,28)),(3,22)),((13,10),(25,20))),(((26,12),(19,23)),21)),((((4,6),1),((14,30),(11,(16,5)))),(8,24))));

STEP 44 [TBR_IncrementalHeuristic_MC_RF -> NNI_Substep_33] - Distance: 105.0000
((((17,27),29),(18,2)),(((((((9,7),(15,28)),(3,22)),((13,10),(25,20))),(((26,12),(19,23)),21)),(((4,6),1),((14,30),(11,(16,5))))),(8,24)));

STEP 45 [TBR_IncrementalHeuristic_MC_RF -> NNI_Substep_34] - Distance: 103.0000
((((17,27),29),(18,2)),(((((((9,7),(15,28)),(3,22)),((13,10),(25,20))),(((26,12),(19,23)),21)),(8,24)),(((4,6),1),((14,30),(11,(16,5))))));

STEP 46 [TBR_IncrementalHeuristic_MC_RF -> NNI_Substep_35] - Distance: 100.0000
((((17,27),29),(18,2)),(((((((9,7),(15,28)),(3,22)),((13,10),(25,20))),(8,24)),(((26,12),(19,23)),21)),(((4,6),1),((14,30),(11,(16,5))))));

STEP 47 [TBR_IncrementalHeuristic_MC_RF -> NNI_Substep_36] - Distance: 98.0000
((((17,27),29),(18,2)),(((((((9,7),(15,28)),(3,22)),(8,24)),((13,10),(25,20))),(((26,12),(19,23)),21)),(((4,6),1),((14,30),(11,(16,5))))));

STEP 48 [TBR_IncrementalHeuristic_MC_RF -> NNI_Substep_37] - Distance: 98.0000
((((17,27),29),(18,2)),(((((((9,7),(15,28)),(8,24)),(3,22)),((13,10),(25,20))),(((26,12),(19,23)),21)),(((4,6),1),((14,30),(11,(16,5))))));

STEP 49 [TBR_IncrementalHeuristic_MC_RF -> NNI_Substep_38] - Distance: 98.0000
((((17,27),29),(18,2)),(((((((9,7),(8,24)),(15,28)),(3,22)),((13,10),(25,20))),(((26,12),(19,23)),21)),(((4,6),1),((14,30),(11,(16,5))))));

STEP 50 [TBR_IncrementalHeuristic_MC_RF -> NNI_Substep_39] - Distance: 97.0000
((((17,27),29),(18,2)),(((((((9,(8,24)),7),(15,28)),(3,22)),((13,10),(25,20))),(((26,12),(19,23)),21)),(((4,6),1),((14,30),(11,(16,5))))));

STEP 51 [TBR_IncrementalHeuristic_MC_RF -> NNI_Substep_40] - Distance: 100.0000
((((17,27),29),(18,2)),((((((((9,(8,24)),7),(15,28)),(3,22)),((13,10),(25,20))),((26,12),(19,23))),21),(((4,6),1),((14,30),(11,(16,5))))));

STEP 52 [TBR_IncrementalHeuristic_MC_RF -> NNI_Substep_41] - Distance: 101.0000
((((17,27),29),(18,2)),((((((((9,(8,24)),7),(15,28)),(3,22)),((13,10),(25,20))),((26,12),(19,23))),(((4,6),1),((14,30),(11,(16,5))))),21));

STEP 53 [TBR_IncrementalHeuristic_MC_RF -> NNI_Substep_42] - Distance: 92.0000
((((17,27),29),(18,2)),(((((((9,(8,24)),7),(15,28)),(3,22)),((13,10),(25,20))),((26,12),(19,23))),((((4,6),1),((14,30),(11,(16,5)))),21)));

STEP 54 [TBR_IncrementalHeuristic_MC_RF -> NNI_Substep_43] - Distance: 92.0000
((((17,27),29),(18,2)),(((((((9,(8,24)),7),(15,28)),(3,22)),((13,10),(25,20))),((26,12),(19,23))),((((4,6),1),21),((14,30),(11,(16,5))))));

STEP 55 [TBR_IncrementalHeuristic_MC_RF -> NNI_Substep_44] - Distance: 89.0000
((((17,27),29),(18,2)),(((((((9,(8,24)),7),(15,28)),(3,22)),((13,10),(25,20))),((26,12),(19,23))),(((4,6),(1,21)),((14,30),(11,(16,5))))));

STEP 56 [TBR_IncrementalHeuristic_MC_RF -> NNI_Substep_45] - Distance: 91.0000
((((17,27),29),(18,2)),(((((((9,(8,24)),7),(15,28)),((13,10),(25,20))),(3,22)),((26,12),(19,23))),(((4,6),(1,21)),((14,30),(11,(16,5))))));

STEP 57 [TBR_IncrementalHeuristic_MC_RF -> NNI_Substep_46] - Distance: 85.0000
((((17,27),29),(18,2)),((((((9,(8,24)),7),(15,28)),(((13,10),(25,20)),(3,22))),((26,12),(19,23))),(((4,6),(1,21)),((14,30),(11,(16,5))))));

STEP 58 [TBR_IncrementalHeuristic_MC_RF -> NNI_Substep_47] - Distance: 81.0000
((((17,27),29),(18,2)),((((((9,(8,24)),7),(15,28)),((13,10),((25,20),(3,22)))),((26,12),(19,23))),(((4,6),(1,21)),((14,30),(11,(16,5))))));

STEP 59 [TBR_IncrementalHeuristic_MC_RF -> NNI_Substep_48] - Distance: 82.0000
((((17,27),29),(18,2)),((((((9,(8,24)),7),(15,28)),((13,10),(25,(20,(3,22))))),((26,12),(19,23))),(((4,6),(1,21)),((14,30),(11,(16,5))))));

STEP 60 [TBR_IncrementalHeuristic_MC_RF -> NNI_Substep_49] - Distance: 85.0000
((((17,27),29),(18,2)),(((((((9,(8,24)),7),28),15),((13,10),(25,(20,(3,22))))),((26,12),(19,23))),(((4,6),(1,21)),((14,30),(11,(16,5))))));

STEP 61 [TBR_IncrementalHeuristic_MC_RF -> NNI_Substep_50] - Distance: 90.0000
((((17,27),29),(18,2)),(((((((9,(8,24)),7),28),((13,10),(25,(20,(3,22))))),15),((26,12),(19,23))),(((4,6),(1,21)),((14,30),(11,(16,5))))));

STEP 62 [TBR_IncrementalHeuristic_MC_RF -> NNI_Substep_51] - Distance: 89.0000
((((17,27),29),(18,2)),(((((((9,(8,24)),7),28),((13,10),(25,(20,(3,22))))),((26,12),(19,23))),15),(((4,6),(1,21)),((14,30),(11,(16,5))))));

STEP 63 [TBR_IncrementalHeuristic_MC_RF -> NNI_Substep_52] - Distance: 89.0000
((((17,27),29),(18,2)),(((((((9,(8,24)),7),28),((13,10),(25,(20,(3,22))))),((26,12),(19,23))),(((4,6),(1,21)),((14,30),(11,(16,5))))),15));

STEP 64 [TBR_IncrementalHeuristic_MC_RF -> NNI_Substep_53] - Distance: 79.0000
((((17,27),29),(18,2)),((((((9,(8,24)),7),28),((13,10),(25,(20,(3,22))))),((26,12),(19,23))),((((4,6),(1,21)),((14,30),(11,(16,5)))),15)));

STEP 65 [TBR_IncrementalHeuristic_MC_RF -> NNI_Substep_54] - Distance: 79.0000
((((17,27),29),(18,2)),((((((9,(8,24)),7),28),((13,10),(25,(20,(3,22))))),((26,12),(19,23))),((((4,6),(1,21)),15),((14,30),(11,(16,5))))));

STEP 66 [TBR_IncrementalHeuristic_MC_RF -> NNI_Substep_55] - Distance: 76.0000
((((17,27),29),(18,2)),((((((9,(8,24)),7),28),((13,10),(25,(20,(3,22))))),((26,12),(19,23))),(((4,6),((1,21),15)),((14,30),(11,(16,5))))));

STEP 67 [TBR_IncrementalHeuristic_MC_RF -> NNI_Substep_56] - Distance: 76.0000
((((17,27),29),(18,2)),((((((9,(8,24)),28),7),((13,10),(25,(20,(3,22))))),((26,12),(19,23))),(((4,6),((1,21),15)),((14,30),(11,(16,5))))));

STEP 68 [TBR_IncrementalHeuristic_MC_RF -> NNI_Substep_57] - Distance: 81.0000
((((17,27),29),(18,2)),((((((9,(8,24)),28),((13,10),(25,(20,(3,22))))),7),((26,12),(19,23))),(((4,6),((1,21),15)),((14,30),(11,(16,5))))));

STEP 69 [TBR_IncrementalHeuristic_MC_RF -> NNI_Substep_58] - Distance: 80.0000
((((17,27),29),(18,2)),((((((9,(8,24)),28),((13,10),(25,(20,(3,22))))),((26,12),(19,23))),7),(((4,6),((1,21),15)),((14,30),(11,(16,5))))));

STEP 70 [TBR_IncrementalHeuristic_MC_RF -> NNI_Substep_59] - Distance: 79.0000
((((17,27),29),(18,2)),((((((9,(8,24)),28),((13,10),(25,(20,(3,22))))),((26,12),(19,23))),(((4,6),((1,21),15)),((14,30),(11,(16,5))))),7));

STEP 71 [TBR_IncrementalHeuristic_MC_RF -> NNI_Substep_60] - Distance: 68.0000
((((17,27),29),(18,2)),(((((9,(8,24)),28),((13,10),(25,(20,(3,22))))),((26,12),(19,23))),((((4,6),((1,21),15)),((14,30),(11,(16,5)))),7)));

STEP 72 [TBR_IncrementalHeuristic_MC_RF -> NNI_Substep_61] - Distance: 70.0000
((((17,27),29),(18,2)),(((((9,(8,24)),28),((13,10),(25,(20,(3,22))))),((26,12),(19,23))),((((4,6),((1,21),15)),7),((14,30),(11,(16,5))))));

STEP 73 [TBR_IncrementalHeuristic_MC_RF -> NNI_Substep_62] - Distance: 67.0000
((((17,27),29),(18,2)),(((((9,(8,24)),28),((13,10),(25,(20,(3,22))))),((26,12),(19,23))),(((4,6),(((1,21),15),7)),((14,30),(11,(16,5))))));

STEP 74 [TBR_IncrementalHeuristic_MC_RF -> NNI_Substep_63] - Distance: 68.0000
((((17,27),29),(18,2)),(((((9,(8,24)),28),((13,10),(25,(20,(3,22))))),((26,12),(19,23))),(((4,6),(((1,21),15),7)),(((14,30),(16,5)),11))));

STEP 75 [TBR_IncrementalHeuristic_MC_RF -> NNI_Substep_64] - Distance: 69.0000
((((17,27),29),(18,2)),(((((9,(8,24)),28),((13,10),(25,(20,(3,22))))),((26,12),(19,23))),((((4,6),(((1,21),15),7)),((14,30),(16,5))),11)));

STEP 76 [TBR_IncrementalHeuristic_MC_RF -> NNI_Substep_65] - Distance: 78.0000
((((17,27),29),(18,2)),((((((9,(8,24)),28),((13,10),(25,(20,(3,22))))),((26,12),(19,23))),(((4,6),(((1,21),15),7)),((14,30),(16,5)))),11));

STEP 77 [TBR_IncrementalHeuristic_MC_RF -> NNI_Substep_66] - Distance: 71.0000
((((17,27),29),(18,2)),((((((9,(8,24)),28),((13,10),(25,(20,(3,22))))),((26,12),(19,23))),11),(((4,6),(((1,21),15),7)),((14,30),(16,5)))));

STEP 78 [TBR_IncrementalHeuristic_MC_RF -> NNI_Substep_67] - Distance: 66.0000
((((17,27),29),(18,2)),(((((9,(8,24)),28),((13,10),(25,(20,(3,22))))),(((26,12),(19,23)),11)),(((4,6),(((1,21),15),7)),((14,30),(16,5)))));

STEP 79 [TBR_IncrementalHeuristic_MC_RF -> NNI_Substep_68] - Distance: 65.0000
((((17,27),29),(18,2)),(((((9,(8,24)),28),((13,10),(25,(20,(3,22))))),(((26,12),11),(19,23))),(((4,6),(((1,21),15),7)),((14,30),(16,5)))));

STEP 80 [TBR_IncrementalHeuristic_MC_RF -> NNI_Substep_69] - Distance: 63.0000
((((17,27),29),(18,2)),(((((9,(8,24)),28),((13,10),(25,(20,(3,22))))),((26,(12,11)),(19,23))),(((4,6),(((1,21),15),7)),((14,30),(16,5)))));

STEP 81 [TBR_IncrementalHeuristic_MC_RF -> NNI_Substep_70] - Distance: 66.0000
((((17,27),29),(18,2)),(((((9,(8,24)),28),((13,(25,(20,(3,22)))),10)),((26,(12,11)),(19,23))),(((4,6),(((1,21),15),7)),((14,30),(16,5)))));

STEP 82 [TBR_IncrementalHeuristic_MC_RF -> NNI_Substep_71] - Distance: 69.0000
((((17,27),29),(18,2)),((((((9,(8,24)),28),(13,(25,(20,(3,22))))),10),((26,(12,11)),(19,23))),(((4,6),(((1,21),15),7)),((14,30),(16,5)))));

STEP 83 [TBR_IncrementalHeuristic_MC_RF -> NNI_Substep_72] - Distance: 69.0000
((((17,27),29),(18,2)),((((((9,(8,24)),28),(13,(25,(20,(3,22))))),((26,(12,11)),(19,23))),10),(((4,6),(((1,21),15),7)),((14,30),(16,5)))));

STEP 84 [TBR_IncrementalHeuristic_MC_RF -> NNI_Substep_73] - Distance: 65.0000
((((17,27),29),(18,2)),(((((9,(8,24)),28),(13,(25,(20,(3,22))))),(((26,(12,11)),(19,23)),10)),(((4,6),(((1,21),15),7)),((14,30),(16,5)))));

STEP 85 [TBR_IncrementalHeuristic_MC_RF -> NNI_Substep_74] - Distance: 62.0000
((((17,27),29),(18,2)),(((((9,(8,24)),28),(13,(25,(20,(3,22))))),(((26,(12,11)),10),(19,23))),(((4,6),(((1,21),15),7)),((14,30),(16,5)))));

STEP 86 [TBR_IncrementalHeuristic_MC_RF -> NNI_Substep_75] - Distance: 59.0000
((((17,27),29),(18,2)),(((((9,(8,24)),28),(13,(25,(20,(3,22))))),(((26,10),(12,11)),(19,23))),(((4,6),(((1,21),15),7)),((14,30),(16,5)))));

STEP 87 [TBR_IncrementalHeuristic_MC_RF -> NNI_Substep_76] - Distance: 61.0000
((((17,27),29),(18,2)),((((28,(13,(25,(20,(3,22))))),(9,(8,24))),(((26,10),(12,11)),(19,23))),(((4,6),(((1,21),15),7)),((14,30),(16,5)))));

STEP 88 [TBR_IncrementalHeuristic_MC_RF -> NNI_Substep_77] - Distance: 62.0000
((((17,27),29),(18,2)),((((28,(13,(25,(20,(3,22))))),(((26,10),(12,11)),(19,23))),(9,(8,24))),(((4,6),(((1,21),15),7)),((14,30),(16,5)))));

STEP 89 [TBR_IncrementalHeuristic_MC_RF -> NNI_Substep_78] - Distance: 59.0000
((((17,27),29),(18,2)),(((28,(13,(25,(20,(3,22))))),((((26,10),(12,11)),(19,23)),(9,(8,24)))),(((4,6),(((1,21),15),7)),((14,30),(16,5)))));

STEP 90 [TBR_IncrementalHeuristic_MC_RF -> NNI_Substep_79] - Distance: 54.0000
((((17,27),29),(18,2)),(((28,(13,(25,(20,(3,22))))),((((26,10),(12,11)),(9,(8,24))),(19,23))),(((4,6),(((1,21),15),7)),((14,30),(16,5)))));

STEP 91 [TBR_IncrementalHeuristic_MC_RF -> NNI_Substep_80] - Distance: 56.0000
((((17,27),29),(18,2)),((((13,(25,(20,(3,22)))),((((26,10),(12,11)),(9,(8,24))),(19,23))),28),(((4,6),(((1,21),15),7)),((14,30),(16,5)))));

STEP 92 [TBR_IncrementalHeuristic_MC_RF -> NNI_Substep_81] - Distance: 56.0000
((((17,27),29),(18,2)),(((13,(25,(20,(3,22)))),(((((26,10),(12,11)),(9,(8,24))),(19,23)),28)),(((4,6),(((1,21),15),7)),((14,30),(16,5)))));

STEP 93 [TBR_IncrementalHeuristic_MC_RF -> NNI_Substep_82] - Distance: 50.0000
((((17,27),29),(18,2)),(((13,(25,(20,(3,22)))),((((26,10),(12,11)),(9,(8,24))),((19,23),28))),(((4,6),(((1,21),15),7)),((14,30),(16,5)))));

STEP 94 [TBR_IncrementalHeuristic_MC_RF -> NNI_Substep_83] - Distance: 48.0000
((((17,27),29),(18,2)),(((13,(25,(20,(3,22)))),((((26,10),(12,11)),(9,(8,24))),((19,28),23))),(((4,6),(((1,21),15),7)),((14,30),(16,5)))));

STEP 95 [TBR_IncrementalHeuristic_MC_RF -> NNI_Substep_84] - Distance: 53.0000
((((17,27),29),(18,2)),(((13,(25,(20,(3,22)))),(((((26,10),(12,11)),(9,(8,24))),23),(19,28))),(((4,6),(((1,21),15),7)),((14,30),(16,5)))));

STEP 96 [TBR_IncrementalHeuristic_MC_RF -> NNI_Substep_85] - Distance: 54.0000
((((17,27),29),(18,2)),((((13,(25,(20,(3,22)))),((((26,10),(12,11)),(9,(8,24))),23)),(19,28)),(((4,6),(((1,21),15),7)),((14,30),(16,5)))));

STEP 97 [TBR_IncrementalHeuristic_MC_RF -> NNI_Substep_86] - Distance: 60.0000
((((17,27),29),(18,2)),((((13,(25,(20,(3,22)))),((((26,10),(12,11)),(9,(8,24))),23)),(((4,6),(((1,21),15),7)),((14,30),(16,5)))),(19,28)));

STEP 98 [TBR_IncrementalHeuristic_MC_RF -> NNI_Substep_87] - Distance: 45.0000
((((17,27),29),(18,2)),(((13,(25,(20,(3,22)))),((((26,10),(12,11)),(9,(8,24))),23)),((((4,6),(((1,21),15),7)),((14,30),(16,5))),(19,28))));

STEP 99 [TBR_IncrementalHeuristic_MC_RF -> NNI_Substep_88] - Distance: 41.0000
((((17,27),29),(18,2)),(((13,(25,(20,(3,22)))),((((26,10),(12,11)),(9,(8,24))),23)),(((4,6),(((1,21),15),7)),(((14,30),(16,5)),(19,28)))));

STEP 100 [TBR_IncrementalHeuristic_MC_RF -> NNI_Substep_89] - Distance: 37.0000
((((17,27),29),(18,2)),(((13,(25,(20,(3,22)))),((((26,10),(12,11)),(9,(8,24))),23)),(((4,6),(((1,21),15),7)),((14,30),((16,5),(19,28))))));

STEP 101 [TBR_IncrementalHeuristic_MC_RF -> NNI_Substep_90] - Distance: 40.0000
((((17,27),29),(18,2)),(((13,(25,(20,(3,22)))),((((26,10),(12,11)),(9,(8,24))),23)),(((6,(((1,21),15),7)),4),((14,30),((16,5),(19,28))))));

STEP 102 [TBR_IncrementalHeuristic_MC_RF -> NNI_Substep_91] - Distance: 35.0000
((((17,27),29),(18,2)),(((13,(25,(20,(3,22)))),((((26,10),(12,11)),(9,(8,24))),23)),(((6,(((1,21),15),7)),((14,30),((16,5),(19,28)))),4)));

STEP 103 [TBR_IncrementalHeuristic_MC_RF -> NNI_Substep_92] - Distance: 47.0000
((((17,27),29),(18,2)),((((13,(25,(20,(3,22)))),((((26,10),(12,11)),(9,(8,24))),23)),((6,(((1,21),15),7)),((14,30),((16,5),(19,28))))),4));

STEP 104 [TBR_IncrementalHeuristic_MC_RF -> NNI_Substep_93] - Distance: 39.0000
((((17,27),29),(18,2)),((((13,(25,(20,(3,22)))),((((26,10),(12,11)),(9,(8,24))),23)),4),((6,(((1,21),15),7)),((14,30),((16,5),(19,28))))));

STEP 105 [TBR_IncrementalHeuristic_MC_RF -> NNI_Substep_94] - Distance: 39.0000
((((17,27),29),(18,2)),(((13,(25,(20,(3,22)))),(((((26,10),(12,11)),(9,(8,24))),23),4)),((6,(((1,21),15),7)),((14,30),((16,5),(19,28))))));

STEP 106 [TBR_IncrementalHeuristic_MC_RF -> NNI_Substep_95] - Distance: 33.0000
((((17,27),29),(18,2)),(((13,(25,(20,(3,22)))),((((26,10),(12,11)),(9,(8,24))),(23,4))),((6,(((1,21),15),7)),((14,30),((16,5),(19,28))))));

STEP 107 [TBR_IncrementalHeuristic_MC_RF -> NNI_Substep_96] - Distance: 26.0000
((((17,27),29),(18,2)),(((13,(25,(20,(3,22)))),((((26,10),(12,11)),(9,(8,24))),(23,4))),(((((1,21),15),7),((14,30),((16,5),(19,28)))),6)));

STEP 108 [TBR_IncrementalHeuristic_MC_RF -> NNI_Substep_97] - Distance: 28.0000
(((((17,27),29),2),18),(((13,(25,(20,(3,22)))),((((26,10),(12,11)),(9,(8,24))),(23,4))),(((((1,21),15),7),((14,30),((16,5),(19,28)))),6)));

STEP 109 [TBR_IncrementalHeuristic_MC_RF -> NNI_Substep_98] - Distance: 27.0000
((((17,27),29),2),((((13,(25,(20,(3,22)))),((((26,10),(12,11)),(9,(8,24))),(23,4))),18),(((((1,21),15),7),((14,30),((16,5),(19,28)))),6)));

STEP 110 [TBR_IncrementalHeuristic_MC_RF -> NNI_Substep_99] - Distance: 25.0000
((((17,27),29),2),((((13,(25,(20,(3,22)))),18),((((26,10),(12,11)),(9,(8,24))),(23,4))),(((((1,21),15),7),((14,30),((16,5),(19,28)))),6)));

STEP 111 [TBR_IncrementalHeuristic_MC_RF -> NNI_Substep_100] - Distance: 23.0000
((((17,27),29),2),(((13,((25,(20,(3,22))),18)),((((26,10),(12,11)),(9,(8,24))),(23,4))),(((((1,21),15),7),((14,30),((16,5),(19,28)))),6)));

STEP 112 [TBR_IncrementalHeuristic_MC_RF -> NNI_Substep_101] - Distance: 21.0000
((((17,27),29),2),(((13,((25,18),(20,(3,22)))),((((26,10),(12,11)),(9,(8,24))),(23,4))),(((((1,21),15),7),((14,30),((16,5),(19,28)))),6)));

STEP 113 [TBR_IncrementalHeuristic_MC_RF -> NNI_Substep_102] - Distance: 20.0000
((((17,27),29),2),((((13,(20,(3,22))),(25,18)),((((26,10),(12,11)),(9,(8,24))),(23,4))),(((((1,21),15),7),((14,30),((16,5),(19,28)))),6)));

STEP 114 [TBR_IncrementalHeuristic_MC_RF -> NNI_Substep_103] - Distance: 21.0000
((((17,27),29),2),((((13,(20,(3,22))),((((26,10),(12,11)),(9,(8,24))),(23,4))),(25,18)),(((((1,21),15),7),((14,30),((16,5),(19,28)))),6)));

STEP 115 [TBR_IncrementalHeuristic_MC_RF -> NNI_Substep_104] - Distance: 21.0000
((((17,27),29),2),(((13,(20,(3,22))),(((((26,10),(12,11)),(9,(8,24))),(23,4)),(25,18))),(((((1,21),15),7),((14,30),((16,5),(19,28)))),6)));

STEP 116 [TBR_IncrementalHeuristic_MC_RF -> NNI_Substep_105] - Distance: 16.0000
((((17,27),29),2),(((13,(20,(3,22))),((((26,10),(12,11)),(9,(8,24))),((23,4),(25,18)))),(((((1,21),15),7),((14,30),((16,5),(19,28)))),6)));

STEP 117 [TBR_IncrementalHeuristic_MC_RF -> NNI_Substep_106] - Distance: 25.0000
(((17,27),29),((((13,(20,(3,22))),((((26,10),(12,11)),(9,(8,24))),((23,4),(25,18)))),2),(((((1,21),15),7),((14,30),((16,5),(19,28)))),6)));

STEP 118 [TBR_IncrementalHeuristic_MC_RF -> NNI_Substep_107] - Distance: 17.0000
(((17,27),29),((((13,(20,(3,22))),2),((((26,10),(12,11)),(9,(8,24))),((23,4),(25,18)))),(((((1,21),15),7),((14,30),((16,5),(19,28)))),6)));

STEP 119 [TBR_IncrementalHeuristic_MC_RF -> NNI_Substep_108] - Distance: 17.0000
(((17,27),29),(((13,((20,(3,22)),2)),((((26,10),(12,11)),(9,(8,24))),((23,4),(25,18)))),(((((1,21),15),7),((14,30),((16,5),(19,28)))),6)));

STEP 120 [TBR_IncrementalHeuristic_MC_RF -> NNI_Substep_109] - Distance: 21.0000
(((17,27),29),(((((20,(3,22)),2),((((26,10),(12,11)),(9,(8,24))),((23,4),(25,18)))),13),(((((1,21),15),7),((14,30),((16,5),(19,28)))),6)));

STEP 121 [TBR_IncrementalHeuristic_MC_RF -> NNI_Substep_110] - Distance: 31.0000
(((17,27),29),(((((20,(3,22)),2),((((26,10),(12,11)),(9,(8,24))),((23,4),(25,18)))),(((((1,21),15),7),((14,30),((16,5),(19,28)))),6)),13));

STEP 122 [TBR_IncrementalHeuristic_MC_RF -> NNI_Substep_111] - Distance: 0.0000
((((17,27),29),13),(((((20,(3,22)),2),(((26,10),(12,11)),(9,(8,24)))),((23,4),(25,18))),(((((1,21),15),7),((14,30),((16,5),(19,28)))),6)));

========================================================
[FINAL] Total Steps: 122 | Final Distance: 0.0000
========================================================
