========================================================
HEURISTIC TRAJECTORY: VND Classic (MP_RF)
========================================================
STEP 0 [START] - Distance: 327.0000
((((1,((((27,(15,28)),(16,(18,29))),(19,5)),(17,(2,8)))),(24,(14,23))),((4,(20,(6,25))),(12,30))),(((22,(26,(9,7))),(3,(11,10))),(21,13)));

STEP 1 [NNI_ClassicHeuristic_MP_RF -> NNI_Substep_1] - Distance: 301.0000
((((14,23),(24,((((22,(26,(9,7))),(3,(11,10))),(21,13)),((4,(20,(6,25))),(12,30))))),((((27,(15,28)),(16,(18,29))),(19,5)),(17,(2,8)))),1);

STEP 2 [NNI_ClassicHeuristic_MP_RF -> NNI_Substep_2] - Distance: 299.0000
((((14,(24,((((22,(26,(9,7))),(3,(11,10))),(21,13)),((4,(20,(6,25))),(12,30))))),23),((((27,(15,28)),(16,(18,29))),(19,5)),(17,(2,8)))),1);

STEP 3 [NNI_ClassicHeuristic_MP_RF -> NNI_Substep_3] - Distance: 296.0000
((((14,(24,((((22,(26,(9,7))),(3,(11,10))),(21,13)),((4,(20,(6,25))),(12,30))))),((((27,(15,28)),(16,(18,29))),(19,5)),(17,(2,8)))),23),1);

STEP 4 [NNI_ClassicHeuristic_MP_RF -> NNI_Substep_4] - Distance: 294.0000
((((14,(24,((((22,(26,(9,7))),(3,(11,10))),(21,13)),((4,(20,(6,25))),(12,30))))),(17,((((27,(15,28)),(16,(18,29))),(19,5)),(2,8)))),23),1);

STEP 5 [NNI_ClassicHeuristic_MP_RF -> NNI_Substep_5] - Distance: 293.0000
((((14,(24,((((21,13),(3,(11,10))),(22,(26,(9,7)))),((4,(20,(6,25))),(12,30))))),(17,((((27,(15,28)),(16,(18,29))),(19,5)),(2,8)))),23),1);

STEP 6 [NNI_ClassicHeuristic_MP_RF -> NNI_Substep_6] - Distance: 292.0000
((((14,((((21,13),(3,(11,10))),(22,(26,(9,7)))),(24,((4,(20,(6,25))),(12,30))))),(17,((((27,(15,28)),(16,(18,29))),(19,5)),(2,8)))),23),1);

STEP 7 [NNI_ClassicHeuristic_MP_RF -> NNI_Substep_7] - Distance: 290.0000
(((((24,((4,(20,(6,25))),(12,30))),((((21,13),(3,(11,10))),(22,(26,(9,7)))),14)),(17,((((27,(15,28)),(16,(18,29))),(19,5)),(2,8)))),23),1);

STEP 8 [NNI_ClassicHeuristic_MP_RF -> NNI_Substep_8] - Distance: 288.0000
(((((24,((4,(20,(6,25))),(12,30))),((((21,13),(3,(11,10))),(22,(26,(9,7)))),14)),(17,((5,(19,((27,(15,28)),(16,(18,29))))),(2,8)))),23),1);

STEP 9 [NNI_ClassicHeuristic_MP_RF -> NNI_Substep_9] - Distance: 287.0000
(((((24,((4,(20,(6,25))),(12,30))),((((21,13),(3,(11,10))),14),(22,(26,(9,7))))),(17,((5,(19,((27,(15,28)),(16,(18,29))))),(2,8)))),23),1);

STEP 10 [NNI_ClassicHeuristic_MP_RF -> NNI_Substep_10] - Distance: 286.0000
(((((24,((4,(20,(6,25))),(12,30))),((((21,13),(3,(11,10))),14),(22,(26,(9,7))))),(17,((5,(19,(((16,(18,29)),(15,28)),27))),(2,8)))),23),1);

STEP 11 [NNI_ClassicHeuristic_MP_RF -> NNI_Substep_11] - Distance: 284.0000
(((((24,((4,(20,(6,25))),(12,30))),((((21,13),(3,(11,10))),14),(22,(26,(9,7))))),(17,((5,(((16,(18,29)),(15,28)),(19,27))),(2,8)))),23),1);

STEP 12 [3sECR_ClassicHeuristic_MP_RF -> NNI_Substep_1] - Distance: 284.0000
((((17,((5,(((16,(18,29)),(15,28)),(19,27))),(2,8))),((24,((4,(20,(6,25))),(12,30))),(((((21,13),(3,(11,10))),14),(26,(9,7))),22))),1),23);

STEP 13 [3sECR_ClassicHeuristic_MP_RF -> NNI_Substep_2] - Distance: 284.0000
((((17,((5,(((16,(18,29)),(15,28)),(19,27))),(2,8))),(((24,((4,(20,(6,25))),(12,30))),((((21,13),(3,(11,10))),14),(26,(9,7)))),22)),1),23);

STEP 14 [3sECR_ClassicHeuristic_MP_RF -> NNI_Substep_3] - Distance: 276.0000
(((((17,((5,(((16,(18,29)),(15,28)),(19,27))),(2,8))),22),((24,((4,(20,(6,25))),(12,30))),((((21,13),(3,(11,10))),14),(26,(9,7))))),1),23);

STEP 15 [3sECR_ClassicHeuristic_MP_RF -> NNI_Substep_4] - Distance: 276.0000
(((((17,((5,(((16,(18,29)),(15,28)),(19,27))),(2,8))),22),((24,((4,(20,(6,25))),(12,30))),(((((21,13),(3,(11,10))),14),26),(9,7)))),1),23);

STEP 16 [3sECR_ClassicHeuristic_MP_RF -> NNI_Substep_5] - Distance: 273.0000
(((((17,((5,(((16,(18,29)),(15,28)),(19,27))),(2,8))),22),(((24,((4,(20,(6,25))),(12,30))),(9,7)),((((21,13),(3,(11,10))),14),26))),1),23);

STEP 17 [3sECR_ClassicHeuristic_MP_RF -> NNI_Substep_6] - Distance: 273.0000
(((((17,((5,((19,27),((15,28),((16,18),29)))),(2,8))),22),(((24,((4,(20,(6,25))),(12,30))),(9,7)),((((21,13),(3,(11,10))),14),26))),1),23);

STEP 18 [3sECR_ClassicHeuristic_MP_RF -> NNI_Substep_7] - Distance: 273.0000
(((((17,((5,((19,27),(((15,28),(16,18)),29))),(2,8))),22),(((24,((4,(20,(6,25))),(12,30))),(9,7)),((((21,13),(3,(11,10))),14),26))),1),23);

STEP 19 [3sECR_ClassicHeuristic_MP_RF -> NNI_Substep_8] - Distance: 271.0000
(((((17,((5,(((19,27),29),((15,28),(16,18)))),(2,8))),22),(((24,((4,(20,(6,25))),(12,30))),(9,7)),((((21,13),(3,(11,10))),14),26))),1),23);

STEP 20 [3sECR_ClassicHeuristic_MP_RF -> NNI_Substep_9] - Distance: 270.0000
(((((22,((5,(((19,27),29),((15,28),(16,18)))),(2,8))),17),(((24,((4,(20,(6,25))),(12,30))),(9,7)),((((21,13),(3,(11,10))),14),26))),1),23);

STEP 21 [3sECR_ClassicHeuristic_MP_RF -> NNI_Substep_10] - Distance: 270.0000
(((((22,((5,(((19,27),29),((15,28),(16,18)))),(2,8))),17),((24,(((4,(20,(6,25))),(12,30)),(9,7))),((((21,13),(3,(11,10))),14),26))),1),23);

STEP 22 [3sECR_ClassicHeuristic_MP_RF -> NNI_Substep_11] - Distance: 269.0000
(((((22,((5,(((19,27),29),((15,28),(16,18)))),(2,8))),17),((24,(((4,(20,(6,25))),(9,7)),(12,30))),((((21,13),(3,(11,10))),14),26))),1),23);

STEP 23 [3sECR_ClassicHeuristic_MP_RF -> NNI_Substep_12] - Distance: 269.0000
(((((22,((2,8),(5,((((19,27),29),(16,18)),(15,28))))),17),((24,(((4,(20,(6,25))),(9,7)),(12,30))),((((21,13),(3,(11,10))),14),26))),1),23);

STEP 24 [3sECR_ClassicHeuristic_MP_RF -> NNI_Substep_13] - Distance: 269.0000
(((((22,((2,8),((5,(((19,27),29),(16,18))),(15,28)))),17),((24,(((4,(20,(6,25))),(9,7)),(12,30))),((((21,13),(3,(11,10))),14),26))),1),23);

STEP 25 [3sECR_ClassicHeuristic_MP_RF -> NNI_Substep_14] - Distance: 268.0000
(((((22,(((2,8),(5,(((19,27),29),(16,18)))),(15,28))),17),((24,(((4,(20,(6,25))),(9,7)),(12,30))),((((21,13),(3,(11,10))),14),26))),1),23);

STEP 26 [3sECR_ClassicHeuristic_MP_RF -> NNI_Substep_15] - Distance: 266.0000
((((((22,(15,28)),((2,8),(5,(((19,27),29),(16,18))))),17),((24,(((4,(20,(6,25))),(9,7)),(12,30))),((((21,13),(3,(11,10))),14),26))),1),23);

STEP 27 [3sECR_ClassicHeuristic_MP_RF -> NNI_Substep_16] - Distance: 268.0000
(((((24,(((4,(20,(6,25))),(9,7)),(12,30))),((((21,13),(3,(11,10))),14),26)),(17,(((22,(15,28)),(2,8)),(5,(((19,27),29),(16,18)))))),1),23);

STEP 28 [3sECR_ClassicHeuristic_MP_RF -> NNI_Substep_17] - Distance: 269.0000
(((((24,(((4,(20,(6,25))),(9,7)),(12,30))),((((21,13),(3,(11,10))),14),26)),((17,((22,(15,28)),(2,8))),(5,(((19,27),29),(16,18))))),1),23);

STEP 29 [3sECR_ClassicHeuristic_MP_RF -> NNI_Substep_18] - Distance: 259.0000
((((((24,(((4,(20,(6,25))),(9,7)),(12,30))),((((21,13),(3,(11,10))),14),26)),(5,(((19,27),29),(16,18)))),(17,((22,(15,28)),(2,8)))),1),23);

STEP 30 [3sECR_ClassicHeuristic_MP_RF -> NNI_Substep_19] - Distance: 246.0000
((((((((21,13),(3,(11,10))),14),26),((24,(((4,(20,(6,25))),(9,7)),(12,30))),(5,(((19,27),29),(16,18))))),(17,((22,(15,28)),(2,8)))),1),23);

STEP 31 [3sECR_ClassicHeuristic_MP_RF -> NNI_Substep_20] - Distance: 243.0000
((((((((21,13),(3,(11,10))),14),26),(24,((((4,(20,(6,25))),(9,7)),(12,30)),(5,(((19,27),29),(16,18)))))),(17,((22,(15,28)),(2,8)))),1),23);

STEP 32 [3sECR_ClassicHeuristic_MP_RF -> NNI_Substep_21] - Distance: 242.0000
((((((((21,13),(3,(11,10))),14),26),(24,(((((4,(20,(6,25))),(9,7)),(12,30)),(((19,27),29),(16,18))),5))),(17,((22,(15,28)),(2,8)))),1),23);

STEP 33 [3sECR_ClassicHeuristic_MP_RF -> NNI_Substep_22] - Distance: 235.0000
((((((((21,13),(3,(11,10))),14),26),((24,5),((((4,(20,(6,25))),(9,7)),(12,30)),(((19,27),29),(16,18))))),(17,((22,(15,28)),(2,8)))),1),23);

STEP 34 [3sECR_ClassicHeuristic_MP_RF -> NNI_Substep_23] - Distance: 231.0000
((((((((21,13),(3,(11,10))),14),26),((24,5),(((4,(20,(6,25))),(9,7)),((12,30),((16,18),((19,27),29)))))),(17,((22,(15,28)),(2,8)))),1),23);

STEP 35 [3sECR_ClassicHeuristic_MP_RF -> NNI_Substep_24] - Distance: 230.0000
((((((((21,13),(3,(11,10))),14),26),((24,5),(((4,(20,(6,25))),(9,7)),(((12,30),((19,27),29)),(16,18))))),(17,((22,(15,28)),(2,8)))),1),23);

STEP 36 [3sECR_ClassicHeuristic_MP_RF -> NNI_Substep_25] - Distance: 229.0000
((((((((21,13),(3,(11,10))),14),26),((24,5),(((4,(20,(6,25))),(9,7)),((((12,30),(19,27)),29),(16,18))))),(17,((22,(15,28)),(2,8)))),1),23);

STEP 37 [3sECR_ClassicHeuristic_MP_RF -> NNI_Substep_26] - Distance: 226.0000
(23,((1,(((((21,13),(3,(11,10))),14),26),((24,5),(((4,(20,(6,25))),(9,7)),((((12,30),(19,27)),29),(16,18)))))),(17,((22,(15,28)),(2,8)))));

STEP 38 [3sECR_ClassicHeuristic_MP_RF -> NNI_Substep_27] - Distance: 229.0000
((23,(1,(((((21,13),(3,(11,10))),14),26),((24,5),((((((12,30),(19,27)),29),(16,18)),(9,7)),(4,(20,(6,25)))))))),(17,((22,(15,28)),(2,8))));

STEP 39 [3sECR_ClassicHeuristic_MP_RF -> NNI_Substep_28] - Distance: 231.0000
((23,(1,(((((21,13),(3,(11,10))),14),26),(((24,5),(((((12,30),(19,27)),29),(16,18)),(9,7))),(4,(20,(6,25))))))),(17,((22,(15,28)),(2,8))));

STEP 40 [3sECR_ClassicHeuristic_MP_RF -> NNI_Substep_29] - Distance: 221.0000
((23,(1,((((((21,13),(3,(11,10))),14),26),(4,(20,(6,25)))),((24,5),(((((12,30),(19,27)),29),(16,18)),(9,7)))))),(17,((22,(15,28)),(2,8))));

STEP 41 [3sECR_ClassicHeuristic_MP_RF -> NNI_Substep_30] - Distance: 220.0000
((23,(1,(((24,5),(((((12,30),(19,27)),29),(16,18)),(9,7))),((((((21,13),(3,(11,10))),14),26),4),(20,(6,25)))))),(17,((22,(15,28)),(2,8))));

STEP 42 [3sECR_ClassicHeuristic_MP_RF -> NNI_Substep_31] - Distance: 220.0000
((23,(1,(((24,5),(((((12,30),(19,27)),29),(16,18)),(9,7))),(((((((21,13),(3,(11,10))),14),26),4),(6,25)),20)))),(17,((22,(15,28)),(2,8))));

STEP 43 [3sECR_ClassicHeuristic_MP_RF -> NNI_Substep_32] - Distance: 213.0000
((23,(1,((((24,5),(((((12,30),(19,27)),29),(16,18)),(9,7))),20),((((((21,13),(3,(11,10))),14),26),4),(6,25))))),(17,((22,(15,28)),(2,8))));

STEP 44 [3sECR_ClassicHeuristic_MP_RF -> NNI_Substep_33] - Distance: 211.0000
((23,(1,(((20,(((((12,30),(19,27)),29),(16,18)),(9,7))),(24,5)),((((((21,13),(3,(11,10))),14),26),4),(6,25))))),(17,((22,(15,28)),(2,8))));

STEP 45 [3sECR_ClassicHeuristic_MP_RF -> NNI_Substep_34] - Distance: 206.0000
((23,(1,((((20,(9,7)),((((12,30),(19,27)),29),(16,18))),(24,5)),((((((21,13),(3,(11,10))),14),26),4),(6,25))))),(17,((22,(15,28)),(2,8))));

STEP 46 [3sECR_ClassicHeuristic_MP_RF -> NNI_Substep_35] - Distance: 205.0000
((23,(1,((((20,(9,7)),((((12,30),(19,27)),29),(16,18))),(24,5)),((6,25),((4,(((21,13),(3,(11,10))),14)),26))))),(17,((22,(15,28)),(2,8))));

STEP 47 [3sECR_ClassicHeuristic_MP_RF -> NNI_Substep_36] - Distance: 204.0000
((23,(1,((((20,(9,7)),((((12,30),(19,27)),29),(16,18))),(24,5)),((6,25),(((4,((21,13),(3,(11,10)))),14),26))))),(17,((22,(15,28)),(2,8))));

STEP 48 [3sECR_ClassicHeuristic_MP_RF -> NNI_Substep_37] - Distance: 203.0000
((23,(1,((((20,(9,7)),((((12,30),(19,27)),29),(16,18))),(24,5)),(((6,25),((4,((21,13),(3,(11,10)))),14)),26)))),(17,((22,(15,28)),(2,8))));

STEP 49 [3sECR_ClassicHeuristic_MP_RF -> NNI_Substep_38] - Distance: 200.0000
((23,(1,((((20,(9,7)),((((12,30),(19,27)),29),(16,18))),(24,5)),((((6,25),14),(4,((21,13),(3,(11,10))))),26)))),(17,((22,(15,28)),(2,8))));

STEP 50 [3sECR_ClassicHeuristic_MP_RF -> NNI_Substep_39] - Distance: 199.0000
((23,(1,((((20,(9,7)),((((12,30),(19,27)),29),(16,18))),(24,5)),((((6,25),14),((4,(21,13)),(3,(11,10)))),26)))),(17,((22,(15,28)),(2,8))));

STEP 51 [3sECR_ClassicHeuristic_MP_RF -> NNI_Substep_40] - Distance: 199.0000
((23,(1,((((20,(9,7)),((((12,30),(19,27)),29),(16,18))),(24,5)),((((6,25),14),(((4,(21,13)),(11,10)),3)),26)))),(17,((22,(15,28)),(2,8))));

STEP 52 [3sECR_ClassicHeuristic_MP_RF -> NNI_Substep_41] - Distance: 198.0000
((23,(1,((((20,(9,7)),((((12,30),(19,27)),29),(16,18))),(24,5)),(((((6,25),14),3),((4,(21,13)),(11,10))),26)))),(17,((22,(15,28)),(2,8))));

STEP 53 [3sECR_ClassicHeuristic_MP_RF -> NNI_Substep_42] - Distance: 198.0000
((23,(1,((((20,(9,7)),((((12,30),(19,27)),29),(16,18))),(24,5)),(((((6,25),14),3),((4,(21,13)),(11,10))),26)))),(17,(((22,(15,28)),8),2)));

STEP 54 [3sECR_ClassicHeuristic_MP_RF -> NNI_Substep_43] - Distance: 198.0000
((23,(1,((((20,(9,7)),((((12,30),(19,27)),29),(16,18))),(24,5)),(((((6,25),14),3),((4,(21,13)),(11,10))),26)))),((17,((22,(15,28)),8)),2));

STEP 55 [3sECR_ClassicHeuristic_MP_RF -> NNI_Substep_44] - Distance: 195.0000
(((2,(1,((((20,(9,7)),((((12,30),(19,27)),29),(16,18))),(24,5)),(((((6,25),14),3),((4,(21,13)),(11,10))),26)))),23),(17,((22,(15,28)),8)));

STEP 56 [3sECR_ClassicHeuristic_MP_RF -> NNI_Substep_45] - Distance: 194.0000
((((2,((((20,(9,7)),((((12,30),(19,27)),29),(16,18))),(24,5)),(((((6,25),14),3),((4,(21,13)),(11,10))),26))),1),23),(17,((22,(15,28)),8)));

STEP 57 [3sECR_ClassicHeuristic_MP_RF -> NNI_Substep_46] - Distance: 185.0000
(((((2,(((((6,25),14),3),((4,(21,13)),(11,10))),26)),(((20,(9,7)),((((12,30),(19,27)),29),(16,18))),(24,5))),1),23),(17,((22,(15,28)),8)));

STEP 58 [3sECR_ClassicHeuristic_MP_RF -> NNI_Substep_47] - Distance: 184.0000
((((((2,((((6,25),14),3),((4,(21,13)),(11,10)))),26),(((20,(9,7)),((((12,30),(19,27)),29),(16,18))),(24,5))),1),23),(17,((22,(15,28)),8)));

STEP 59 [3sECR_ClassicHeuristic_MP_RF -> NNI_Substep_48] - Distance: 182.0000
(((((((2,((4,(21,13)),(11,10))),(((6,25),14),3)),26),(((20,(9,7)),((((12,30),(19,27)),29),(16,18))),(24,5))),1),23),(17,((22,(15,28)),8)));

STEP 60 [3sECR_ClassicHeuristic_MP_RF -> NNI_Substep_49] - Distance: 180.0000
((((((((2,(11,10)),(4,(21,13))),(((6,25),14),3)),26),(((20,(9,7)),((((12,30),(19,27)),29),(16,18))),(24,5))),1),23),(17,((22,(15,28)),8)));

STEP 61 [SPR_ClassicHeuristic_MP_RF -> NNI_Substep_1] - Distance: 180.0000
((((((((2,(11,10)),(4,(21,13))),(((6,25),14),3)),26),((((20,9),7),((((12,30),(19,27)),29),(16,18))),(24,5))),1),23),(17,((22,(15,28)),8)));

STEP 62 [SPR_ClassicHeuristic_MP_RF -> NNI_Substep_2] - Distance: 180.0000
((((((((2,(11,10)),(4,(21,13))),(((6,25),14),3)),26),((((20,9),((((12,30),(19,27)),29),(16,18))),7),(24,5))),1),23),(17,((22,(15,28)),8)));

STEP 63 [SPR_ClassicHeuristic_MP_RF -> NNI_Substep_3] - Distance: 180.0000
((((((((2,(11,10)),(4,(21,13))),(((6,25),14),3)),26),((((20,9),((((12,30),(19,27)),29),(16,18))),(24,5)),7)),1),23),(17,((22,(15,28)),8)));

STEP 64 [SPR_ClassicHeuristic_MP_RF -> NNI_Substep_4] - Distance: 180.0000
(((((((((2,(11,10)),(4,(21,13))),(((6,25),14),3)),26),(((20,9),((((12,30),(19,27)),29),(16,18))),(24,5))),7),1),23),(17,((22,(15,28)),8)));

STEP 65 [SPR_ClassicHeuristic_MP_RF -> NNI_Substep_5] - Distance: 179.0000
(((((((((2,(11,10)),(4,(21,13))),(((6,25),14),3)),26),(((20,9),((((12,30),(19,27)),29),(16,18))),(24,5))),1),7),23),(17,((22,(15,28)),8)));

STEP 66 [SPR_ClassicHeuristic_MP_RF -> NNI_Substep_6] - Distance: 179.0000
(((((((((2,(11,10)),(4,(21,13))),(((6,25),14),3)),26),(((20,9),((((12,30),(19,27)),29),(16,18))),(24,5))),1),23),7),(17,((22,(15,28)),8)));

STEP 67 [SPR_ClassicHeuristic_MP_RF -> NNI_Substep_7] - Distance: 159.0000
((((((((2,(11,10)),(4,(21,13))),(((6,25),14),3)),26),(((20,9),((((12,30),(19,27)),29),(16,18))),(24,5))),1),(23,7)),(17,((22,(15,28)),8)));

STEP 68 [SPR_ClassicHeuristic_MP_RF -> NNI_Substep_8] - Distance: 159.0000
(((((((((2,10),11),(4,(21,13))),(((6,25),14),3)),26),(((20,9),((((12,30),(19,27)),29),(16,18))),(24,5))),1),(23,7)),(17,((22,(15,28)),8)));

STEP 69 [SPR_ClassicHeuristic_MP_RF -> NNI_Substep_9] - Distance: 159.0000
(((((((((2,10),(4,(21,13))),11),(((6,25),14),3)),26),(((20,9),((((12,30),(19,27)),29),(16,18))),(24,5))),1),(23,7)),(17,((22,(15,28)),8)));

STEP 70 [SPR_ClassicHeuristic_MP_RF -> NNI_Substep_10] - Distance: 159.0000
(((((((((2,10),(4,(21,13))),(((6,25),14),3)),11),26),(((20,9),((((12,30),(19,27)),29),(16,18))),(24,5))),1),(23,7)),(17,((22,(15,28)),8)));

STEP 71 [SPR_ClassicHeuristic_MP_RF -> NNI_Substep_11] - Distance: 159.0000
(((((((((2,10),(4,(21,13))),(((6,25),14),3)),26),11),(((20,9),((((12,30),(19,27)),29),(16,18))),(24,5))),1),(23,7)),(17,((22,(15,28)),8)));

STEP 72 [SPR_ClassicHeuristic_MP_RF -> NNI_Substep_12] - Distance: 157.0000
(((((((((2,10),(4,(21,13))),(((6,25),14),3)),26),(((20,9),((((12,30),(19,27)),29),(16,18))),(24,5))),11),1),(23,7)),(17,((22,(15,28)),8)));

STEP 73 [SPR_ClassicHeuristic_MP_RF -> NNI_Substep_13] - Distance: 150.0000
((((((((2,10),(4,(21,13))),(((6,25),14),3)),26),((((20,9),((((12,30),(19,27)),29),(16,18))),(24,5)),11)),1),(23,7)),(17,((22,(15,28)),8)));

STEP 74 [SPR_ClassicHeuristic_MP_RF -> NNI_Substep_14] - Distance: 148.0000
((((((((2,10),(4,(21,13))),(((6,25),14),3)),26),((((20,9),((((12,30),(19,27)),29),(16,18))),11),(24,5))),1),(23,7)),(17,((22,(15,28)),8)));

STEP 75 [SPR_ClassicHeuristic_MP_RF -> NNI_Substep_15] - Distance: 146.0000
((((((((2,10),(4,(21,13))),(((6,25),14),3)),26),(((20,9),(((((12,30),(19,27)),29),(16,18)),11)),(24,5))),1),(23,7)),(17,((22,(15,28)),8)));

STEP 76 [SPR_ClassicHeuristic_MP_RF -> NNI_Substep_16] - Distance: 145.0000
((((((((2,10),(4,(21,13))),(((6,25),14),3)),26),(((20,9),(((((12,30),(19,27)),29),11),(16,18))),(24,5))),1),(23,7)),(17,((22,(15,28)),8)));

STEP 77 [SPR_ClassicHeuristic_MP_RF -> NNI_Substep_17] - Distance: 144.0000
((((((((2,10),(4,(21,13))),(((6,25),14),3)),26),(((20,9),(((((12,30),(19,27)),11),29),(16,18))),(24,5))),1),(23,7)),(17,((22,(15,28)),8)));

STEP 78 [SPR_ClassicHeuristic_MP_RF -> NNI_Substep_18] - Distance: 143.0000
((((((((2,10),(4,(21,13))),(((6,25),14),3)),26),(((20,9),((((12,30),((19,27),11)),29),(16,18))),(24,5))),1),(23,7)),(17,((22,(15,28)),8)));

STEP 79 [SPR_ClassicHeuristic_MP_RF -> NNI_Substep_19] - Distance: 143.0000
((((((((2,10),(4,(21,13))),(((6,25),14),3)),26),(((20,9),((((30,((19,27),11)),12),29),(16,18))),(24,5))),1),(23,7)),(17,((22,(15,28)),8)));

STEP 80 [SPR_ClassicHeuristic_MP_RF -> NNI_Substep_20] - Distance: 143.0000
((((((((2,10),(4,(21,13))),(((6,25),14),3)),26),(((20,9),((((30,((19,27),11)),29),12),(16,18))),(24,5))),1),(23,7)),(17,((22,(15,28)),8)));

STEP 81 [SPR_ClassicHeuristic_MP_RF -> NNI_Substep_21] - Distance: 143.0000
((((((((2,10),(4,(21,13))),(((6,25),14),3)),26),(((20,9),((((30,((19,27),11)),29),(16,18)),12)),(24,5))),1),(23,7)),(17,((22,(15,28)),8)));

STEP 82 [SPR_ClassicHeuristic_MP_RF -> NNI_Substep_22] - Distance: 143.0000
((((((((2,10),(4,(21,13))),(((6,25),14),3)),26),((((20,9),(((30,((19,27),11)),29),(16,18))),12),(24,5))),1),(23,7)),(17,((22,(15,28)),8)));

STEP 83 [SPR_ClassicHeuristic_MP_RF -> NNI_Substep_23] - Distance: 143.0000
((((((((2,10),(4,(21,13))),(((6,25),14),3)),26),((((20,9),(((30,((19,27),11)),29),(16,18))),(24,5)),12)),1),(23,7)),(17,((22,(15,28)),8)));

STEP 84 [SPR_ClassicHeuristic_MP_RF -> NNI_Substep_24] - Distance: 142.0000
(((((((((2,10),(4,(21,13))),(((6,25),14),3)),26),(((20,9),(((30,((19,27),11)),29),(16,18))),(24,5))),12),1),(23,7)),(17,((22,(15,28)),8)));

STEP 85 [SPR_ClassicHeuristic_MP_RF -> NNI_Substep_25] - Distance: 142.0000
(((((((((2,10),(4,(21,13))),(((6,25),14),3)),26),(((20,9),(((30,((19,27),11)),29),(16,18))),(24,5))),1),12),(23,7)),(17,((22,(15,28)),8)));

STEP 86 [SPR_ClassicHeuristic_MP_RF -> NNI_Substep_26] - Distance: 125.0000
((((((((2,10),(4,(21,13))),(((6,25),14),3)),26),(((20,9),(((30,((19,27),11)),29),(16,18))),(24,5))),(1,12)),(23,7)),(17,((22,(15,28)),8)));

STEP 87 [SPR_ClassicHeuristic_MP_RF -> NNI_Substep_27] - Distance: 125.0000
((((((((2,10),(4,(21,13))),(((6,25),14),3)),26),(((20,9),((((30,((19,27),11)),29),18),16)),(24,5))),(1,12)),(23,7)),(17,((22,(15,28)),8)));

STEP 88 [SPR_ClassicHeuristic_MP_RF -> NNI_Substep_28] - Distance: 125.0000
((((((((2,10),(4,(21,13))),(((6,25),14),3)),26),((((20,9),(((30,((19,27),11)),29),18)),16),(24,5))),(1,12)),(23,7)),(17,((22,(15,28)),8)));

STEP 89 [SPR_ClassicHeuristic_MP_RF -> NNI_Substep_29] - Distance: 125.0000
((((((((2,10),(4,(21,13))),(((6,25),14),3)),26),((((20,9),(((30,((19,27),11)),29),18)),(24,5)),16)),(1,12)),(23,7)),(17,((22,(15,28)),8)));

STEP 90 [SPR_ClassicHeuristic_MP_RF -> NNI_Substep_30] - Distance: 125.0000
(((((((((2,10),(4,(21,13))),(((6,25),14),3)),26),(((20,9),(((30,((19,27),11)),29),18)),(24,5))),16),(1,12)),(23,7)),(17,((22,(15,28)),8)));

STEP 91 [SPR_ClassicHeuristic_MP_RF -> NNI_Substep_31] - Distance: 125.0000
(((((((((2,10),(4,(21,13))),(((6,25),14),3)),26),(((20,9),(((30,((19,27),11)),29),18)),(24,5))),(1,12)),16),(23,7)),(17,((22,(15,28)),8)));

STEP 92 [SPR_ClassicHeuristic_MP_RF -> NNI_Substep_32] - Distance: 125.0000
(((((((((2,10),(4,(21,13))),(((6,25),14),3)),26),(((20,9),(((30,((19,27),11)),29),18)),(24,5))),(1,12)),(23,7)),16),(17,((22,(15,28)),8)));

STEP 93 [SPR_ClassicHeuristic_MP_RF -> NNI_Substep_33] - Distance: 102.0000
((((((((2,10),(4,(21,13))),(((6,25),14),3)),26),(((20,9),(((30,((19,27),11)),29),18)),(24,5))),(1,12)),(23,7)),(17,(((22,(15,28)),8),16)));

STEP 94 [SPR_ClassicHeuristic_MP_RF -> NNI_Substep_34] - Distance: 100.0000
((((((((2,10),(4,(21,13))),(((6,25),14),3)),26),(((20,9),(((30,((19,27),11)),29),18)),(24,5))),(1,12)),(23,7)),(17,((22,(15,28)),(8,16))));

STEP 95 [SPR_ClassicHeuristic_MP_RF -> NNI_Substep_35] - Distance: 100.0000
((((((((2,10),(4,(21,13))),(((6,25),14),3)),26),(((20,9),(((30,((19,27),11)),29),18)),(24,5))),(1,12)),(23,7)),(17,(((22,15),28),(8,16))));

STEP 96 [SPR_ClassicHeuristic_MP_RF -> NNI_Substep_36] - Distance: 100.0000
((((((((2,10),(4,(21,13))),(((6,25),14),3)),26),(((20,9),(((30,((19,27),11)),29),18)),(24,5))),(1,12)),(23,7)),(17,(((22,15),(8,16)),28)));

STEP 97 [SPR_ClassicHeuristic_MP_RF -> NNI_Substep_37] - Distance: 100.0000
((((((((2,10),(4,(21,13))),(((6,25),14),3)),26),(((20,9),(((30,((19,27),11)),29),18)),(24,5))),(1,12)),(23,7)),((17,((22,15),(8,16))),28));

STEP 98 [SPR_ClassicHeuristic_MP_RF -> NNI_Substep_38] - Distance: 93.0000
(((((((((2,10),(4,(21,13))),(((6,25),14),3)),26),(((20,9),(((30,((19,27),11)),29),18)),(24,5))),(1,12)),28),(23,7)),(17,((22,15),(8,16))));

STEP 99 [SPR_ClassicHeuristic_MP_RF -> NNI_Substep_39] - Distance: 76.0000
((((((((2,10),(4,(21,13))),(((6,25),14),3)),26),(((20,9),(((30,((19,27),11)),29),18)),(24,5))),((1,12),28)),(23,7)),(17,((22,15),(8,16))));

STEP 100 [SPR_ClassicHeuristic_MP_RF -> NNI_Substep_40] - Distance: 76.0000
((((((((2,10),((4,21),13)),(((6,25),14),3)),26),(((20,9),(((30,((19,27),11)),29),18)),(24,5))),((1,12),28)),(23,7)),(17,((22,15),(8,16))));

STEP 101 [SPR_ClassicHeuristic_MP_RF -> NNI_Substep_41] - Distance: 76.0000
(((((((((2,10),(4,21)),13),(((6,25),14),3)),26),(((20,9),(((30,((19,27),11)),29),18)),(24,5))),((1,12),28)),(23,7)),(17,((22,15),(8,16))));

STEP 102 [SPR_ClassicHeuristic_MP_RF -> NNI_Substep_42] - Distance: 76.0000
(((((((((2,10),(4,21)),(((6,25),14),3)),13),26),(((20,9),(((30,((19,27),11)),29),18)),(24,5))),((1,12),28)),(23,7)),(17,((22,15),(8,16))));

STEP 103 [SPR_ClassicHeuristic_MP_RF -> NNI_Substep_43] - Distance: 76.0000
(((((((((2,10),(4,21)),(((6,25),14),3)),26),13),(((20,9),(((30,((19,27),11)),29),18)),(24,5))),((1,12),28)),(23,7)),(17,((22,15),(8,16))));

STEP 104 [SPR_ClassicHeuristic_MP_RF -> NNI_Substep_44] - Distance: 76.0000
(((((((((2,10),(4,21)),(((6,25),14),3)),26),(((20,9),(((30,((19,27),11)),29),18)),(24,5))),13),((1,12),28)),(23,7)),(17,((22,15),(8,16))));

STEP 105 [SPR_ClassicHeuristic_MP_RF -> NNI_Substep_45] - Distance: 73.0000
(((((((((2,10),(4,21)),(((6,25),14),3)),26),(((20,9),(((30,((19,27),11)),29),18)),(24,5))),((1,12),28)),13),(23,7)),(17,((22,15),(8,16))));

STEP 106 [SPR_ClassicHeuristic_MP_RF -> NNI_Substep_46] - Distance: 56.0000
((((((((2,10),(4,21)),(((6,25),14),3)),26),(((20,9),(((30,((19,27),11)),29),18)),(24,5))),(((1,12),28),13)),(23,7)),(17,((22,15),(8,16))));

STEP 107 [SPR_ClassicHeuristic_MP_RF -> NNI_Substep_47] - Distance: 56.0000
(((((((((2,10),(4,21)),((6,25),14)),3),26),(((20,9),(((30,((19,27),11)),29),18)),(24,5))),(((1,12),28),13)),(23,7)),(17,((22,15),(8,16))));

STEP 108 [SPR_ClassicHeuristic_MP_RF -> NNI_Substep_48] - Distance: 56.0000
(((((((((2,10),(4,21)),((6,25),14)),26),3),(((20,9),(((30,((19,27),11)),29),18)),(24,5))),(((1,12),28),13)),(23,7)),(17,((22,15),(8,16))));

STEP 109 [SPR_ClassicHeuristic_MP_RF -> NNI_Substep_49] - Distance: 56.0000
(((((((((2,10),(4,21)),((6,25),14)),26),(((20,9),(((30,((19,27),11)),29),18)),(24,5))),3),(((1,12),28),13)),(23,7)),(17,((22,15),(8,16))));

STEP 110 [SPR_ClassicHeuristic_MP_RF -> NNI_Substep_50] - Distance: 56.0000
(((((((((2,10),(4,21)),((6,25),14)),26),(((20,9),(((30,((19,27),11)),29),18)),(24,5))),(((1,12),28),13)),3),(23,7)),(17,((22,15),(8,16))));

STEP 111 [SPR_ClassicHeuristic_MP_RF -> NNI_Substep_51] - Distance: 56.0000
(((((((((2,10),(4,21)),((6,25),14)),26),(((20,9),(((30,((19,27),11)),29),18)),(24,5))),(((1,12),28),13)),(23,7)),3),(17,((22,15),(8,16))));

STEP 112 [SPR_ClassicHeuristic_MP_RF -> NNI_Substep_52] - Distance: 29.0000
((((((((2,10),(4,21)),((6,25),14)),26),(((20,9),(((30,((19,27),11)),29),18)),(24,5))),(((1,12),28),13)),(23,7)),((17,3),((22,15),(8,16))));

STEP 113 [SPR_ClassicHeuristic_MP_RF -> NNI_Substep_53] - Distance: 29.0000
((((((((2,10),(4,21)),((6,14),25)),26),(((20,9),(((30,((19,27),11)),29),18)),(24,5))),(((1,12),28),13)),(23,7)),((17,3),((22,15),(8,16))));

STEP 114 [SPR_ClassicHeuristic_MP_RF -> NNI_Substep_54] - Distance: 29.0000
(((((((((2,10),(4,21)),(6,14)),25),26),(((20,9),(((30,((19,27),11)),29),18)),(24,5))),(((1,12),28),13)),(23,7)),((17,3),((22,15),(8,16))));

STEP 115 [SPR_ClassicHeuristic_MP_RF -> NNI_Substep_55] - Distance: 29.0000
(((((((((2,10),(4,21)),(6,14)),26),25),(((20,9),(((30,((19,27),11)),29),18)),(24,5))),(((1,12),28),13)),(23,7)),((17,3),((22,15),(8,16))));

STEP 116 [SPR_ClassicHeuristic_MP_RF -> NNI_Substep_56] - Distance: 29.0000
(((((((((2,10),(4,21)),(6,14)),26),(((20,9),(((30,((19,27),11)),29),18)),(24,5))),25),(((1,12),28),13)),(23,7)),((17,3),((22,15),(8,16))));

STEP 117 [SPR_ClassicHeuristic_MP_RF -> NNI_Substep_57] - Distance: 29.0000
(((((((((2,10),(4,21)),(6,14)),26),(((20,9),(((30,((19,27),11)),29),18)),(24,5))),(((1,12),28),13)),25),(23,7)),((17,3),((22,15),(8,16))));

STEP 118 [SPR_ClassicHeuristic_MP_RF -> NNI_Substep_58] - Distance: 29.0000
(((((((((2,10),(4,21)),(6,14)),26),(((20,9),(((30,((19,27),11)),29),18)),(24,5))),(((1,12),28),13)),(23,7)),25),((17,3),((22,15),(8,16))));

STEP 119 [SPR_ClassicHeuristic_MP_RF -> NNI_Substep_59] - Distance: 0.0000
((((((((2,10),(4,21)),(6,14)),26),(((20,9),(((30,((19,27),11)),29),18)),(24,5))),(((1,12),28),13)),(23,7)),(((17,3),25),((22,15),(8,16))));

========================================================
[FINAL] Total Steps: 119 | Final Distance: 0.0000
========================================================
