========================================================
HEURISTIC TRAJECTORY: VND Incremental (MS)
========================================================
STEP 0 [START] - Distance: 144.0000
((8,6),((18,(25,(15,12))),(17,(4,30))),((((19,(14,(7,11))),(3,(1,2))),(20,16)),(((((22,21),(29,5)),(26,24)),(28,(23,27))),(10,(9,13)))));

STEP 1 [NNI_IncrementalHeuristic_MS -> NNI_Substep_1] - Distance: 141.0000
((8,6),((18,(25,(15,12))),(17,(4,30))),((((19,(14,(7,11))),(3,(1,2))),(20,16)),(((10,(9,13)),(28,(23,27))),(((22,21),(29,5)),(26,24)))));

STEP 2 [NNI_IncrementalHeuristic_MS -> NNI_Substep_2] - Distance: 139.0000
((8,6),((18,(17,(4,30))),(25,(15,12))),((((19,(14,(7,11))),(3,(1,2))),(20,16)),(((10,(9,13)),(28,(23,27))),(((22,21),(29,5)),(26,24)))));

STEP 3 [NNI_IncrementalHeuristic_MS -> NNI_Substep_3] - Distance: 136.0000
((8,6),(((4,30),(17,18)),(25,(15,12))),((((19,(14,(7,11))),(3,(1,2))),(20,16)),(((10,(9,13)),(28,(23,27))),(((22,21),(29,5)),(26,24)))));

STEP 4 [NNI_IncrementalHeuristic_MS -> NNI_Substep_4] - Distance: 134.0000
((8,6),(((4,30),(17,18)),(25,(15,12))),((((20,16),(3,(1,2))),(19,(14,(7,11)))),(((10,(9,13)),(28,(23,27))),(((22,21),(29,5)),(26,24)))));

STEP 5 [NNI_IncrementalHeuristic_MS -> NNI_Substep_5] - Distance: 132.0000
((8,6),(((4,30),(17,18)),(25,(15,12))),((((20,16),(1,(3,2))),(19,(14,(7,11)))),(((10,(9,13)),(28,(23,27))),(((22,21),(29,5)),(26,24)))));

STEP 6 [NNI_IncrementalHeuristic_MS -> NNI_Substep_6] - Distance: 131.0000
((25,(15,12)),(((4,30),(17,18)),(8,6)),((((20,16),(1,(3,2))),(19,(14,(7,11)))),(((10,(9,13)),(28,(23,27))),(((22,21),(29,5)),(26,24)))));

STEP 7 [NNI_IncrementalHeuristic_MS -> NNI_Substep_7] - Distance: 130.0000
((((10,(9,13)),(28,(23,27))),(((22,21),(29,5)),(26,24))),(((4,30),(17,18)),(8,6)),((((20,16),(1,(3,2))),(19,(14,(7,11)))),(25,(15,12))));

STEP 8 [NNI_IncrementalHeuristic_MS -> NNI_Substep_8] - Distance: 129.0000
((((10,(28,(23,27))),(9,13)),(((22,21),(29,5)),(26,24))),(((4,30),(17,18)),(8,6)),((((20,16),(1,(3,2))),(19,(14,(7,11)))),(25,(15,12))));

STEP 9 [NNI_IncrementalHeuristic_MS -> NNI_Substep_9] - Distance: 128.0000
(((((23,27),(28,10)),(9,13)),(((22,21),(29,5)),(26,24))),(((4,30),(17,18)),(8,6)),((((20,16),(1,(3,2))),(19,(14,(7,11)))),(25,(15,12))));

STEP 10 [NNI_IncrementalHeuristic_MS -> NNI_Substep_10] - Distance: 126.0000
((((((22,21),(29,5)),(26,24)),(9,13)),((23,27),(28,10))),(((4,30),(17,18)),(8,6)),((((20,16),(1,(3,2))),(19,(14,(7,11)))),(25,(15,12))));

STEP 11 [NNI_IncrementalHeuristic_MS -> NNI_Substep_11] - Distance: 124.0000
(((((4,30),(17,18)),(8,6)),((23,27),(28,10))),((((22,21),(29,5)),(26,24)),(9,13)),((((20,16),(1,(3,2))),(19,(14,(7,11)))),(25,(15,12))));

STEP 12 [NNI_IncrementalHeuristic_MS -> NNI_Substep_12] - Distance: 121.0000
((25,(15,12)),((((22,21),(29,5)),(26,24)),(9,13)),((((20,16),(1,(3,2))),(19,(14,(7,11)))),((((4,30),(17,18)),(8,6)),((23,27),(28,10)))));

STEP 13 [NNI_IncrementalHeuristic_MS -> NNI_Substep_13] - Distance: 120.0000
((((22,21),(29,5)),(26,24)),((25,(15,12)),(9,13)),((((20,16),(1,(3,2))),(19,(14,(7,11)))),((((4,30),(17,18)),(8,6)),((23,27),(28,10)))));

STEP 14 [NNI_IncrementalHeuristic_MS -> NNI_Substep_14] - Distance: 119.0000
((((22,21),(29,5)),((25,(15,12)),(9,13))),(26,24),((((20,16),(1,(3,2))),(19,(14,(7,11)))),((((4,30),(17,18)),(8,6)),((23,27),(28,10)))));

STEP 15 [NNI_IncrementalHeuristic_MS -> NNI_Substep_15] - Distance: 118.0000
((((22,21),(29,5)),((25,(15,12)),(9,13))),(26,24),((((20,16),(1,(3,2))),((7,11),(14,19))),((((4,30),(17,18)),(8,6)),((23,27),(28,10)))));

STEP 16 [2sECR_IncrementalHeuristic_MS -> NNI_Substep_1] - Distance: 119.0000
(((22,21),(((25,(15,12)),(9,13)),(29,5))),(26,24),((((20,16),(1,(3,2))),((7,11),(14,19))),((((4,30),(17,18)),(8,6)),((23,27),(28,10)))));

STEP 17 [2sECR_IncrementalHeuristic_MS -> NNI_Substep_2] - Distance: 114.0000
((((25,(15,12)),(9,13)),(29,5)),((26,24),(22,21)),((((20,16),(1,(3,2))),((7,11),(14,19))),((((4,30),(17,18)),(8,6)),((23,27),(28,10)))));

STEP 18 [2sECR_IncrementalHeuristic_MS -> NNI_Substep_3] - Distance: 113.0000
(((((4,30),(17,18)),(8,6)),((23,27),(28,10))),((26,24),(22,21)),((((25,(15,12)),(9,13)),(29,5)),(((20,16),(1,(3,2))),((7,11),(14,19)))));

STEP 19 [2sECR_IncrementalHeuristic_MS -> NNI_Substep_4] - Distance: 107.0000
(((((4,30),(17,18)),(8,6)),((23,27),(28,10))),((26,24),(22,21)),(((20,16),(1,(3,2))),((((25,(15,12)),(9,13)),(29,5)),((7,11),(14,19)))));

STEP 20 [2sECR_IncrementalHeuristic_MS -> NNI_Substep_5] - Distance: 107.0000
((((4,30),(17,18)),(((23,27),(28,10)),(8,6))),((26,24),(22,21)),(((20,16),(1,(3,2))),((((25,(15,12)),(9,13)),(29,5)),((7,11),(14,19)))));

STEP 21 [2sECR_IncrementalHeuristic_MS -> NNI_Substep_6] - Distance: 105.0000
((((23,27),(28,10)),(8,6)),(((26,24),(22,21)),((4,30),(17,18))),(((20,16),(1,(3,2))),((((25,(15,12)),(9,13)),(29,5)),((7,11),(14,19)))));

STEP 22 [2sECR_IncrementalHeuristic_MS -> NNI_Substep_7] - Distance: 103.0000
((((23,27),(28,10)),(((26,24),(22,21)),((4,30),(17,18)))),(8,6),(((20,16),(1,(3,2))),((((25,(15,12)),(9,13)),(29,5)),((7,11),(14,19)))));

STEP 23 [2sECR_IncrementalHeuristic_MS -> NNI_Substep_8] - Distance: 101.0000
((((23,27),(28,10)),((((26,24),(22,21)),(17,18)),(4,30))),(8,6),(((20,16),(1,(3,2))),((((25,(15,12)),(9,13)),(29,5)),((7,11),(14,19)))));

STEP 24 [2sECR_IncrementalHeuristic_MS -> NNI_Substep_9] - Distance: 102.0000
((((23,27),(28,10)),(((24,((22,21),26)),(17,18)),(4,30))),(8,6),(((20,16),(1,(3,2))),((((25,(15,12)),(9,13)),(29,5)),((7,11),(14,19)))));

STEP 25 [2sECR_IncrementalHeuristic_MS -> NNI_Substep_10] - Distance: 99.0000
((((23,27),(28,10)),((((17,18),((22,21),26)),24),(4,30))),(8,6),(((20,16),(1,(3,2))),((((25,(15,12)),(9,13)),(29,5)),((7,11),(14,19)))));

STEP 26 [2sECR_IncrementalHeuristic_MS -> NNI_Substep_11] - Distance: 99.0000
((((23,27),(28,10)),(((18,(17,((22,21),26))),24),(4,30))),(8,6),(((20,16),(1,(3,2))),((((25,(15,12)),(9,13)),(29,5)),((7,11),(14,19)))));

STEP 27 [2sECR_IncrementalHeuristic_MS -> NNI_Substep_12] - Distance: 96.0000
((((23,27),(28,10)),(((18,((22,21),(17,26))),24),(4,30))),(8,6),(((20,16),(1,(3,2))),((((25,(15,12)),(9,13)),(29,5)),((7,11),(14,19)))));

STEP 28 [2sECR_IncrementalHeuristic_MS -> NNI_Substep_13] - Distance: 99.0000
((((23,27),(28,10)),((18,((22,21),(17,26))),(24,(4,30)))),(8,6),(((20,16),(1,(3,2))),((((25,(15,12)),(9,13)),(29,5)),((7,11),(14,19)))));

STEP 29 [2sECR_IncrementalHeuristic_MS -> NNI_Substep_14] - Distance: 97.0000
((((23,27),(28,10)),((18,((22,21),(17,26))),(30,(24,4)))),(8,6),(((20,16),(1,(3,2))),((((25,(15,12)),(9,13)),(29,5)),((7,11),(14,19)))));

STEP 30 [2sECR_IncrementalHeuristic_MS -> NNI_Substep_15] - Distance: 94.0000
((((23,27),(28,10)),(((18,((22,21),(17,26))),30),(24,4))),(8,6),(((20,16),(1,(3,2))),((((25,(15,12)),(9,13)),(29,5)),((7,11),(14,19)))));

STEP 31 [2sECR_IncrementalHeuristic_MS -> NNI_Substep_16] - Distance: 98.0000
((((18,((22,21),(17,26))),30),(((23,27),(28,10)),(24,4))),(8,6),(((20,16),(1,(3,2))),((((25,(15,12)),(9,13)),(29,5)),((7,11),(14,19)))));

STEP 32 [2sECR_IncrementalHeuristic_MS -> NNI_Substep_17] - Distance: 98.0000
((((23,27),(28,10)),(24,4)),((8,6),((18,((22,21),(17,26))),30)),(((20,16),(1,(3,2))),((((25,(15,12)),(9,13)),(29,5)),((7,11),(14,19)))));

STEP 33 [2sECR_IncrementalHeuristic_MS -> NNI_Substep_18] - Distance: 92.0000
((((23,27),(28,10)),((8,6),((18,((22,21),(17,26))),30))),(24,4),(((20,16),(1,(3,2))),((((25,(15,12)),(9,13)),(29,5)),((7,11),(14,19)))));

STEP 34 [2sECR_IncrementalHeuristic_MS -> NNI_Substep_19] - Distance: 91.0000
((((23,27),(28,10)),((8,6),((18,((22,21),(17,26))),30))),(24,4),(((20,16),(1,(3,2))),((((29,5),(9,13)),(25,(15,12))),((7,11),(14,19)))));

STEP 35 [2sECR_IncrementalHeuristic_MS -> NNI_Substep_20] - Distance: 90.0000
((((23,27),(28,10)),((8,6),((18,((22,21),(17,26))),30))),(24,4),(((20,16),(1,(3,2))),(((9,((29,5),13)),(25,(15,12))),((7,11),(14,19)))));

STEP 36 [2sECR_IncrementalHeuristic_MS -> NNI_Substep_21] - Distance: 90.0000
((((23,27),(28,10)),((8,6),((18,((22,21),(17,26))),30))),(24,4),(((20,16),(1,(3,2))),(((9,(29,(13,5))),(25,(15,12))),((7,11),(14,19)))));

STEP 37 [2sECR_IncrementalHeuristic_MS -> NNI_Substep_22] - Distance: 87.0000
((((23,27),(28,10)),((8,6),((18,((22,21),(17,26))),30))),(24,4),(((20,16),(1,(3,2))),((((9,29),(13,5)),(25,(15,12))),((7,11),(14,19)))));

STEP 38 [2sECR_IncrementalHeuristic_MS -> NNI_Substep_23] - Distance: 86.0000
((((23,27),(28,10)),((8,6),((18,((22,21),(17,26))),30))),(24,4),(((20,16),(1,(3,2))),((25,(15,12)),(((9,29),(13,5)),((7,11),(14,19))))));

STEP 39 [2sECR_IncrementalHeuristic_MS -> NNI_Substep_24] - Distance: 84.0000
((((23,27),(28,10)),((8,6),((18,((22,21),(17,26))),30))),(24,4),(((20,16),(1,(3,2))),((25,(15,12)),((7,11),(((9,29),(13,5)),(14,19))))));

STEP 40 [2sECR_IncrementalHeuristic_MS -> NNI_Substep_25] - Distance: 82.0000
((((23,27),(28,10)),((8,6),((18,((22,21),(17,26))),30))),(24,4),(((20,16),(1,(3,2))),((25,(15,12)),((7,11),(((14,19),(9,29)),(13,5))))));

STEP 41 [2sECR_IncrementalHeuristic_MS -> NNI_Substep_26] - Distance: 87.0000
((((23,27),(28,10)),((8,6),((18,((22,21),(17,26))),30))),(24,4),(((20,16),(1,(3,2))),((25,(15,12)),(7,(11,(((14,19),(9,29)),(13,5)))))));

STEP 42 [2sECR_IncrementalHeuristic_MS -> NNI_Substep_27] - Distance: 86.0000
((((23,27),(28,10)),((8,6),((18,((22,21),(17,26))),30))),(24,4),(((20,16),(1,(3,2))),((25,(15,12)),(7,((13,5),(11,((14,19),(9,29))))))));

STEP 43 [2sECR_IncrementalHeuristic_MS -> NNI_Substep_28] - Distance: 80.0000
((((23,27),(28,10)),((8,6),((18,((22,21),(17,26))),30))),(24,4),(((20,16),(1,(3,2))),((25,(15,12)),((7,(13,5)),(11,((14,19),(9,29)))))));

STEP 44 [2sECR_IncrementalHeuristic_MS -> NNI_Substep_29] - Distance: 78.0000
((((23,27),(28,10)),((8,6),((18,((22,21),(17,26))),30))),(24,4),(((20,16),(1,(3,2))),((25,(15,12)),((13,(7,5)),(11,((14,19),(9,29)))))));

STEP 45 [2sECR_IncrementalHeuristic_MS -> NNI_Substep_30] - Distance: 79.0000
((((23,27),(28,10)),((8,6),((18,(22,((17,26),21))),30))),(24,4),(((20,16),(1,(3,2))),((25,(15,12)),((13,(7,5)),(11,((14,19),(9,29)))))));

STEP 46 [2sECR_IncrementalHeuristic_MS -> NNI_Substep_31] - Distance: 77.0000
((((23,27),(28,10)),((8,6),(((18,22),((17,26),21)),30))),(24,4),(((20,16),(1,(3,2))),((25,(15,12)),((13,(7,5)),(11,((14,19),(9,29)))))));

STEP 47 [2sECR_IncrementalHeuristic_MS -> NNI_Substep_32] - Distance: 79.0000
((((23,27),(28,10)),((8,6),((22,(((17,26),21),18)),30))),(24,4),(((20,16),(1,(3,2))),((25,(15,12)),((13,(7,5)),(11,((14,19),(9,29)))))));

STEP 48 [2sECR_IncrementalHeuristic_MS -> NNI_Substep_33] - Distance: 76.0000
((((23,27),(28,10)),((8,6),((((17,26),21),18),(30,22)))),(24,4),(((20,16),(1,(3,2))),((25,(15,12)),((13,(7,5)),(11,((14,19),(9,29)))))));

STEP 49 [2sECR_IncrementalHeuristic_MS -> NNI_Substep_34] - Distance: 77.0000
((((23,27),(28,10)),((8,6),((((17,26),21),18),(30,22)))),(24,4),(((20,16),(1,(3,2))),((25,(15,12)),((13,(7,5)),(11,(14,((9,29),19)))))));

STEP 50 [2sECR_IncrementalHeuristic_MS -> NNI_Substep_35] - Distance: 75.0000
((((23,27),(28,10)),((8,6),((((17,26),21),18),(30,22)))),(24,4),(((20,16),(1,(3,2))),((25,(15,12)),((13,(7,5)),((11,14),((9,29),19))))));

STEP 51 [2sECR_IncrementalHeuristic_MS -> NNI_Substep_36] - Distance: 76.0000
((((23,27),(28,10)),((8,6),((((17,26),21),18),(30,22)))),(24,4),(((20,16),(1,(3,2))),((25,(15,12)),((11,14),((13,(7,5)),((9,29),19))))));

STEP 52 [2sECR_IncrementalHeuristic_MS -> NNI_Substep_37] - Distance: 75.0000
((((23,27),(28,10)),((8,6),((((17,26),21),18),(30,22)))),(24,4),(((20,16),(1,(3,2))),((11,14),((25,(15,12)),((13,(7,5)),((9,29),19))))));

STEP 53 [2sECR_IncrementalHeuristic_MS -> NNI_Substep_38] - Distance: 73.0000
((((23,27),(28,10)),((8,6),((((17,26),21),18),(30,22)))),(24,4),(((20,16),(1,(3,2))),((11,14),((13,(7,5)),((25,(15,12)),((9,29),19))))));

STEP 54 [3sECR_IncrementalHeuristic_MS -> NNI_Substep_1] - Distance: 75.0000
((((23,27),(28,10)),((8,6),((((17,26),21),18),(30,22)))),(24,4),(((20,16),(1,(3,2))),((11,14),((13,(7,5)),((((9,29),19),(15,12)),25)))));

STEP 55 [3sECR_IncrementalHeuristic_MS -> NNI_Substep_2] - Distance: 77.0000
((((23,27),(28,10)),((8,6),((((17,26),21),18),(30,22)))),(24,4),(((20,16),(1,(3,2))),((11,14),(((13,(7,5)),(((9,29),19),(15,12))),25))));

STEP 56 [3sECR_IncrementalHeuristic_MS -> NNI_Substep_3] - Distance: 71.0000
((((23,27),(28,10)),((8,6),((((17,26),21),18),(30,22)))),(24,4),(((20,16),(1,(3,2))),(((11,14),25),((13,(7,5)),(((9,29),19),(15,12))))));

STEP 57 [3sECR_IncrementalHeuristic_MS -> NNI_Substep_4] - Distance: 73.0000
((((23,27),(28,10)),((8,6),((((17,26),21),18),(30,22)))),(24,4),((((1,(3,2)),20),16),(((11,14),25),((13,(7,5)),(((9,29),19),(15,12))))));

STEP 58 [3sECR_IncrementalHeuristic_MS -> NNI_Substep_5] - Distance: 76.0000
((((23,27),(28,10)),((8,6),((((17,26),21),18),(30,22)))),(24,4),(((1,(3,2)),20),(16,(((11,14),25),((13,(7,5)),(((9,29),19),(15,12)))))));

STEP 59 [3sECR_IncrementalHeuristic_MS -> NNI_Substep_6] - Distance: 71.0000
((((23,27),(28,10)),((8,6),((((17,26),21),18),(30,22)))),(24,4),(((1,(3,2)),20),((16,((11,14),25)),((13,(7,5)),(((9,29),19),(15,12))))));

STEP 60 [3sECR_IncrementalHeuristic_MS -> NNI_Substep_7] - Distance: 69.0000
((((23,27),(28,10)),((8,6),((((17,26),21),18),(30,22)))),(24,4),((((1,(3,2)),20),((13,(7,5)),(((9,29),19),(15,12)))),(16,((11,14),25))));

STEP 61 [3sECR_IncrementalHeuristic_MS -> NNI_Substep_8] - Distance: 69.0000
((((23,27),(28,10)),((8,6),((((17,26),21),18),(30,22)))),(24,4),((((1,(3,2)),20),((13,(7,5)),(((9,29),19),(15,12)))),(16,((25,11),14))));

STEP 62 [3sECR_IncrementalHeuristic_MS -> NNI_Substep_9] - Distance: 66.0000
((((23,27),(28,10)),((8,6),((((17,26),21),18),(30,22)))),(24,4),((((1,(3,2)),20),((13,(7,5)),(((9,29),19),(15,12)))),((16,14),(25,11))));

STEP 63 [3sECR_IncrementalHeuristic_MS -> NNI_Substep_10] - Distance: 69.0000
((((23,27),(28,10)),((8,6),(((((17,26),21),18),30),22))),(24,4),((((1,(3,2)),20),((13,(7,5)),(((9,29),19),(15,12)))),((16,14),(25,11))));

STEP 64 [3sECR_IncrementalHeuristic_MS -> NNI_Substep_11] - Distance: 65.0000
(((((23,27),(28,10)),(8,6)),(((((17,26),21),18),30),22)),(24,4),((((1,(3,2)),20),((13,(7,5)),(((9,29),19),(15,12)))),((16,14),(25,11))));

STEP 65 [3sECR_IncrementalHeuristic_MS -> NNI_Substep_12] - Distance: 69.0000
(((8,6),(((23,27),(28,10)),(((((17,26),21),18),30),22))),(24,4),((((1,(3,2)),20),((13,(7,5)),(((9,29),19),(15,12)))),((16,14),(25,11))));

STEP 66 [3sECR_IncrementalHeuristic_MS -> NNI_Substep_13] - Distance: 68.0000
(((8,6),((((23,27),(28,10)),22),((((17,26),21),18),30))),(24,4),((((1,(3,2)),20),((13,(7,5)),(((9,29),19),(15,12)))),((16,14),(25,11))));

STEP 67 [3sECR_IncrementalHeuristic_MS -> NNI_Substep_14] - Distance: 65.0000
(((8,6),(((23,27),((28,10),22)),((((17,26),21),18),30))),(24,4),((((1,(3,2)),20),((13,(7,5)),(((9,29),19),(15,12)))),((16,14),(25,11))));

STEP 68 [3sECR_IncrementalHeuristic_MS -> NNI_Substep_15] - Distance: 62.0000
((((8,6),((((17,26),21),18),30)),((23,27),((28,10),22))),(24,4),((((1,(3,2)),20),((13,(7,5)),(((9,29),19),(15,12)))),((16,14),(25,11))));

STEP 69 [3sECR_IncrementalHeuristic_MS -> NNI_Substep_16] - Distance: 62.0000
((((8,6),((((17,26),21),18),30)),(23,(27,(22,(28,10))))),(24,4),((((1,(3,2)),20),((13,(7,5)),(((9,29),19),(15,12)))),((16,14),(25,11))));

STEP 70 [3sECR_IncrementalHeuristic_MS -> NNI_Substep_17] - Distance: 60.0000
((((8,6),((((17,26),21),18),30)),(23,(27,((22,10),28)))),(24,4),((((1,(3,2)),20),((13,(7,5)),(((9,29),19),(15,12)))),((16,14),(25,11))));

STEP 71 [3sECR_IncrementalHeuristic_MS -> NNI_Substep_18] - Distance: 63.0000
(((8,6),(((((17,26),21),18),30),(23,(27,((22,10),28))))),(24,4),((((1,(3,2)),20),((13,(7,5)),(((9,29),19),(15,12)))),((16,14),(25,11))));

STEP 72 [3sECR_IncrementalHeuristic_MS -> NNI_Substep_19] - Distance: 64.0000
(((8,6),((((((17,26),21),18),30),23),(27,((22,10),28)))),(24,4),((((1,(3,2)),20),((13,(7,5)),(((9,29),19),(15,12)))),((16,14),(25,11))));

STEP 73 [3sECR_IncrementalHeuristic_MS -> NNI_Substep_20] - Distance: 58.0000
((((8,6),(27,((22,10),28))),(((((17,26),21),18),30),23)),(24,4),((((1,(3,2)),20),((13,(7,5)),(((9,29),19),(15,12)))),((16,14),(25,11))));

STEP 74 [3sECR_IncrementalHeuristic_MS -> NNI_Substep_21] - Distance: 57.0000
((((8,6),(27,((22,10),28))),(((((17,26),21),18),30),23)),(24,4),((((20,1),(3,2)),((13,(7,5)),(((9,29),19),(15,12)))),((16,14),(25,11))));

STEP 75 [Heur. uSPR MS -> NNI_Substep_1] - Distance: 63.0000
((((8,6),(27,((22,10),28))),(((((17,26),21),18),30),23)),(24,4),((((20,1),((13,(7,5)),(((9,29),19),(15,12)))),(3,2)),((16,14),(25,11))));

STEP 76 [Heur. uSPR MS -> NNI_Substep_2] - Distance: 65.0000
((((8,6),(27,((22,10),28))),(((((17,26),21),18),30),23)),(24,4),((((20,1),((13,(7,5)),(((9,29),19),(15,12)))),((16,14),(25,11))),(3,2)));

STEP 77 [Heur. uSPR MS -> NNI_Substep_3] - Distance: 61.0000
(((((8,6),(27,((22,10),28))),(((((17,26),21),18),30),23)),(3,2)),(24,4),(((20,1),((13,(7,5)),(((9,29),19),(15,12)))),((16,14),(25,11))));

STEP 78 [Heur. uSPR MS -> NNI_Substep_4] - Distance: 53.0000
(((((8,6),(27,((22,10),28))),(3,2)),(((((17,26),21),18),30),23)),(24,4),(((20,1),((13,(7,5)),(((9,29),19),(15,12)))),((16,14),(25,11))));

STEP 79 [Heur. uSPR MS -> NNI_Substep_5] - Distance: 49.0000
((((8,6),((27,((22,10),28)),(3,2))),(((((17,26),21),18),30),23)),(24,4),(((20,1),((13,(7,5)),(((9,29),19),(15,12)))),((16,14),(25,11))));

STEP 80 [Heur. uSPR MS -> NNI_Substep_6] - Distance: 46.0000
((((8,6),(27,(((22,10),28),(3,2)))),(((((17,26),21),18),30),23)),(24,4),(((20,1),((13,(7,5)),(((9,29),19),(15,12)))),((16,14),(25,11))));

STEP 81 [Heur. uSPR MS -> NNI_Substep_7] - Distance: 42.0000
((((8,6),(27,((22,10),(28,(3,2))))),(((((17,26),21),18),30),23)),(24,4),(((20,1),((13,(7,5)),(((9,29),19),(15,12)))),((16,14),(25,11))));

STEP 82 [Heur. uSPR MS -> NNI_Substep_8] - Distance: 44.0000
((((8,6),(27,((22,10),(28,(3,2))))),(((((17,26),21),18),30),23)),(24,4),(((20,1),((13,(7,5)),((((9,29),19),12),15))),((16,14),(25,11))));

STEP 83 [Heur. uSPR MS -> NNI_Substep_9] - Distance: 46.0000
((((8,6),(27,((22,10),(28,(3,2))))),(((((17,26),21),18),30),23)),(24,4),(((20,1),(((13,(7,5)),(((9,29),19),12)),15)),((16,14),(25,11))));

STEP 84 [Heur. uSPR MS -> NNI_Substep_10] - Distance: 47.0000
((((8,6),(27,((22,10),(28,(3,2))))),(((((17,26),21),18),30),23)),(24,4),((((20,1),((13,(7,5)),(((9,29),19),12))),15),((16,14),(25,11))));

STEP 85 [Heur. uSPR MS -> NNI_Substep_11] - Distance: 50.0000
((((8,6),(27,((22,10),(28,(3,2))))),(((((17,26),21),18),30),23)),(24,4),((((20,1),((13,(7,5)),(((9,29),19),12))),((16,14),(25,11))),15));

STEP 86 [Heur. uSPR MS -> NNI_Substep_12] - Distance: 49.0000
(((((8,6),(27,((22,10),(28,(3,2))))),(((((17,26),21),18),30),23)),15),(24,4),(((20,1),((13,(7,5)),(((9,29),19),12))),((16,14),(25,11))));

STEP 87 [Heur. uSPR MS -> NNI_Substep_13] - Distance: 42.0000
(((((8,6),(27,((22,10),(28,(3,2))))),15),(((((17,26),21),18),30),23)),(24,4),(((20,1),((13,(7,5)),(((9,29),19),12))),((16,14),(25,11))));

STEP 88 [Heur. uSPR MS -> NNI_Substep_14] - Distance: 39.0000
((((8,6),((27,((22,10),(28,(3,2)))),15)),(((((17,26),21),18),30),23)),(24,4),(((20,1),((13,(7,5)),(((9,29),19),12))),((16,14),(25,11))));

STEP 89 [Heur. uSPR MS -> NNI_Substep_15] - Distance: 37.0000
((((8,6),(27,(((22,10),(28,(3,2))),15))),(((((17,26),21),18),30),23)),(24,4),(((20,1),((13,(7,5)),(((9,29),19),12))),((16,14),(25,11))));

STEP 90 [Heur. uSPR MS -> NNI_Substep_16] - Distance: 33.0000
((((8,6),(27,(((22,10),15),(28,(3,2))))),(((((17,26),21),18),30),23)),(24,4),(((20,1),((13,(7,5)),(((9,29),19),12))),((16,14),(25,11))));

STEP 91 [Heur. uSPR MS -> NNI_Substep_17] - Distance: 31.0000
((((8,6),(27,(((22,15),10),(28,(3,2))))),(((((17,26),21),18),30),23)),(24,4),(((20,1),((13,(7,5)),(((9,29),19),12))),((16,14),(25,11))));

STEP 92 [Heur. uSPR MS -> NNI_Substep_18] - Distance: 37.0000
((((8,(27,(((22,15),10),(28,(3,2))))),6),(((((17,26),21),18),30),23)),(24,4),(((20,1),((13,(7,5)),(((9,29),19),12))),((16,14),(25,11))));

STEP 93 [Heur. uSPR MS -> NNI_Substep_19] - Distance: 42.0000
((((8,(27,(((22,15),10),(28,(3,2))))),(((((17,26),21),18),30),23)),6),(24,4),(((20,1),((13,(7,5)),(((9,29),19),12))),((16,14),(25,11))));

STEP 94 [Heur. uSPR MS -> NNI_Substep_20] - Distance: 39.0000
(((8,(27,(((22,15),10),(28,(3,2))))),(((((17,26),21),18),30),23)),(24,4),((((20,1),((13,(7,5)),(((9,29),19),12))),((16,14),(25,11))),6));

STEP 95 [Heur. uSPR MS -> NNI_Substep_21] - Distance: 34.0000
(((8,(27,(((22,15),10),(28,(3,2))))),(((((17,26),21),18),30),23)),(24,4),((((20,1),((13,(7,5)),(((9,29),19),12))),6),((16,14),(25,11))));

STEP 96 [Heur. uSPR MS -> NNI_Substep_22] - Distance: 31.0000
(((8,(27,(((22,15),10),(28,(3,2))))),(((((17,26),21),18),30),23)),(24,4),(((20,1),(((13,(7,5)),(((9,29),19),12)),6)),((16,14),(25,11))));

STEP 97 [Heur. uSPR MS -> NNI_Substep_23] - Distance: 26.0000
(((8,(27,(((22,15),10),(28,(3,2))))),(((((17,26),21),18),30),23)),(24,4),(((20,1),(((13,(7,5)),6),(((9,29),19),12))),((16,14),(25,11))));

STEP 98 [Heur. uSPR MS -> NNI_Substep_24] - Distance: 24.0000
(((8,(27,(((22,15),10),(28,(3,2))))),(((((17,26),21),18),30),23)),(24,4),(((20,1),((13,((7,5),6)),(((9,29),19),12))),((16,14),(25,11))));

STEP 99 [Heur. uSPR MS -> NNI_Substep_25] - Distance: 22.0000
(((8,(27,(((22,15),10),(28,(3,2))))),(((((17,26),21),18),30),23)),(24,4),(((20,1),((13,(7,(5,6))),(((9,29),19),12))),((16,14),(25,11))));

STEP 100 [Heur. uSPR MS -> NNI_Substep_26] - Distance: 29.0000
(((8,(27,(((22,15),10),(28,(3,2))))),(((((17,26),21),18),30),23)),(24,4),(((1,((13,(7,(5,6))),(((9,29),19),12))),20),((16,14),(25,11))));

STEP 101 [Heur. uSPR MS -> NNI_Substep_27] - Distance: 32.0000
(((8,(27,(((22,15),10),(28,(3,2))))),(((((17,26),21),18),30),23)),(24,4),(((1,((13,(7,(5,6))),(((9,29),19),12))),((16,14),(25,11))),20));

STEP 102 [Heur. uSPR MS -> NNI_Substep_28] - Distance: 31.0000
((((8,(27,(((22,15),10),(28,(3,2))))),(((((17,26),21),18),30),23)),20),(24,4),((1,((13,(7,(5,6))),(((9,29),19),12))),((16,14),(25,11))));

STEP 103 [Heur. uSPR MS -> NNI_Substep_29] - Distance: 24.0000
((((8,(27,(((22,15),10),(28,(3,2))))),20),(((((17,26),21),18),30),23)),(24,4),((1,((13,(7,(5,6))),(((9,29),19),12))),((16,14),(25,11))));

STEP 104 [Heur. uSPR MS -> NNI_Substep_30] - Distance: 22.0000
(((8,((27,(((22,15),10),(28,(3,2)))),20)),(((((17,26),21),18),30),23)),(24,4),((1,((13,(7,(5,6))),(((9,29),19),12))),((16,14),(25,11))));

STEP 105 [Heur. uSPR MS -> NNI_Substep_31] - Distance: 15.0000
(((8,((27,20),(((22,15),10),(28,(3,2))))),(((((17,26),21),18),30),23)),(24,4),((1,((13,(7,(5,6))),(((9,29),19),12))),((16,14),(25,11))));

STEP 106 [Heur. uSPR MS -> NNI_Substep_32] - Distance: 16.0000
(((8,((27,20),(((22,15),10),(28,(3,2))))),(((((17,26),21),18),30),23)),(24,4),((1,((13,(7,(5,6))),(((9,29),19),12))),(((16,14),11),25)));

STEP 107 [Heur. uSPR MS -> NNI_Substep_33] - Distance: 24.0000
(((8,((27,20),(((22,15),10),(28,(3,2))))),(((((17,26),21),18),30),23)),(24,4),(((1,((13,(7,(5,6))),(((9,29),19),12))),((16,14),11)),25));

STEP 108 [Heur. uSPR MS -> NNI_Substep_34] - Distance: 12.0000
(((8,((27,20),(((22,15),10),(28,(3,2))))),(((((17,26),21),18),30),23)),((24,4),25),((1,((13,(7,(5,6))),(((9,29),19),12))),((16,14),11)));

STEP 109 [Heur. uSPR MS -> NNI_Substep_35] - Distance: 10.0000
(((8,((27,20),(((22,15),10),(28,(3,2))))),(((((17,26),21),18),30),23)),((24,25),4),((1,((13,(7,(5,6))),(((9,29),19),12))),((16,14),11)));

STEP 110 [Heur. uSPR MS -> NNI_Substep_36] - Distance: 18.0000
(((8,((27,20),(((22,15),10),(28,(3,2))))),(((((17,26),21),18),30),23)),((24,25),4),(((1,((13,(7,(5,6))),(((9,29),19),12))),(16,14)),11));

STEP 111 [Heur. uSPR MS -> NNI_Substep_37] - Distance: 20.0000
((((8,((27,20),(((22,15),10),(28,(3,2))))),(((((17,26),21),18),30),23)),11),((24,25),4),((1,((13,(7,(5,6))),(((9,29),19),12))),(16,14)));

STEP 112 [Heur. uSPR MS -> NNI_Substep_38] - Distance: 12.0000
(((8,((27,20),(((22,15),10),(28,(3,2))))),((((((17,26),21),18),30),23),11)),((24,25),4),((1,((13,(7,(5,6))),(((9,29),19),12))),(16,14)));

STEP 113 [Heur. uSPR MS -> NNI_Substep_39] - Distance: 8.0000
(((8,((27,20),(((22,15),10),(28,(3,2))))),(((((17,26),21),18),30),(23,11))),((24,25),4),((1,((13,(7,(5,6))),(((9,29),19),12))),(16,14)));

STEP 114 [Heur. uSPR MS -> NNI_Substep_40] - Distance: 12.0000
(((8,((27,20),(((22,15),10),(28,(3,2))))),((((((17,26),21),18),30),11),23)),((24,25),4),((1,((13,(7,(5,6))),(((9,29),19),12))),(16,14)));

STEP 115 [Heur. uSPR MS -> NNI_Substep_41] - Distance: 16.0000
((((8,((27,20),(((22,15),10),(28,(3,2))))),(((((17,26),21),18),30),11)),23),((24,25),4),((1,((13,(7,(5,6))),(((9,29),19),12))),(16,14)));

STEP 116 [Heur. uSPR MS -> NNI_Substep_42] - Distance: 12.0000
(((8,((27,20),(((22,15),10),(28,(3,2))))),(((((17,26),21),18),30),11)),((24,25),4),(((1,((13,(7,(5,6))),(((9,29),19),12))),(16,14)),23));

STEP 117 [Heur. uSPR MS -> NNI_Substep_43] - Distance: 2.0000
(((8,((27,20),(((22,15),10),(28,(3,2))))),(((((17,26),21),18),30),11)),((24,25),4),((1,((13,(7,(5,6))),(((9,29),19),12))),((16,14),23)));

STEP 118 [Heur. uSPR MS -> NNI_Substep_44] - Distance: 0.0000
(((8,((27,20),(((22,15),10),(28,(3,2))))),(((((17,26),21),18),11),30)),((24,25),4),((1,((13,(7,(5,6))),(((9,29),19),12))),((16,14),23)));

========================================================
[FINAL] Total Steps: 118 | Final Distance: 0.0000
========================================================
