========================================================
HEURISTIC TRAJECTORY: VND Classic (MS_RF)
========================================================
STEP 0 [START] - Distance: 124.0000
(14,11,(25,(((10,((30,(15,1)),((5,(18,(6,12))),(23,17)))),(((4,13),(26,(29,(19,8)))),(3,(9,21)))),(((20,(28,22)),(2,24)),(27,(7,16))))));

STEP 1 [NNI_ClassicHeuristic_MS_RF -> NNI_Substep_1] - Distance: 121.0000
(14,11,(25,(((10,((30,(15,1)),(((6,12),(18,5)),(23,17)))),(((4,13),(26,(29,(19,8)))),(3,(9,21)))),(((20,(28,22)),(2,24)),(27,(7,16))))));

STEP 2 [NNI_ClassicHeuristic_MS_RF -> NNI_Substep_2] - Distance: 118.0000
(14,11,(25,((((((6,12),(18,5)),(23,17)),((30,(15,1)),10)),(((4,13),(26,(29,(19,8)))),(3,(9,21)))),(((20,(28,22)),(2,24)),(27,(7,16))))));

STEP 3 [NNI_ClassicHeuristic_MS_RF -> NNI_Substep_3] - Distance: 116.0000
(14,11,(25,((27,(7,16)),(((20,(28,22)),(2,24)),(((((6,12),(18,5)),(23,17)),((30,(15,1)),10)),(((4,13),(26,(29,(19,8)))),(3,(9,21))))))));

STEP 4 [NNI_ClassicHeuristic_MS_RF -> NNI_Substep_4] - Distance: 115.0000
(14,11,(25,((27,(7,16)),(((20,(28,22)),(2,24)),(((((6,12),(18,5)),(23,17)),((30,10),(15,1))),(((4,13),(26,(29,(19,8)))),(3,(9,21))))))));

STEP 5 [NNI_ClassicHeuristic_MS_RF -> NNI_Substep_5] - Distance: 114.0000
(14,11,(25,((27,(7,16)),(((20,(28,22)),(2,24)),(((((6,12),(18,5)),(23,17)),(15,((30,10),1))),(((4,13),(26,(29,(19,8)))),(3,(9,21))))))));

STEP 6 [NNI_ClassicHeuristic_MS_RF -> NNI_Substep_6] - Distance: 113.0000
(14,11,(25,((27,(7,16)),(((20,(28,22)),(2,24)),(((((6,12),(18,5)),(23,17)),(15,((30,10),1))),(((4,13),((19,8),(29,26))),(3,(9,21))))))));

STEP 7 [NNI_ClassicHeuristic_MS_RF -> NNI_Substep_7] - Distance: 112.0000
(14,11,(25,((27,(7,16)),(((20,(28,22)),(2,24)),(((((6,12),(18,5)),(23,17)),(15,((30,10),1))),(((4,13),(3,(9,21))),((19,8),(29,26))))))));

STEP 8 [uTBR_ClassicHeuristic_MS_RF -> NNI_Substep_1] - Distance: 114.0000
(14,11,(25,((27,(7,16)),(((20,(28,22)),(2,24)),(((((6,12),(18,5)),(23,17)),(15,((30,1),10))),(((4,13),(3,(9,21))),((19,8),(29,26))))))));

STEP 9 [uTBR_ClassicHeuristic_MS_RF -> NNI_Substep_2] - Distance: 114.0000
(14,11,(25,((27,(7,16)),(((20,(28,22)),(2,24)),(((((6,12),(18,5)),(23,17)),((15,(30,1)),10)),(((4,13),(3,(9,21))),((19,8),(29,26))))))));

STEP 10 [uTBR_ClassicHeuristic_MS_RF -> NNI_Substep_3] - Distance: 117.0000
(14,11,(25,((27,(7,16)),(((20,(28,22)),(2,24)),((((((6,12),(18,5)),(23,17)),(15,(30,1))),10),(((4,13),(3,(9,21))),((19,8),(29,26))))))));

STEP 11 [uTBR_ClassicHeuristic_MS_RF -> NNI_Substep_4] - Distance: 115.0000
(14,11,(25,((27,(7,16)),(((20,(28,22)),(2,24)),((((((6,12),(18,5)),(23,17)),10),(15,(30,1))),(((4,13),(3,(9,21))),((19,8),(29,26))))))));

STEP 12 [uTBR_ClassicHeuristic_MS_RF -> NNI_Substep_5] - Distance: 112.0000
(14,11,(25,((27,(7,16)),(((20,(28,22)),(2,24)),((((((6,12),(18,5)),10),(23,17)),(15,(30,1))),(((4,13),(3,(9,21))),((19,8),(29,26))))))));

STEP 13 [uTBR_ClassicHeuristic_MS_RF -> NNI_Substep_6] - Distance: 109.0000
(14,11,(25,((27,(7,16)),(((20,(28,22)),(2,24)),(((((6,12),((18,5),10)),(23,17)),(15,(30,1))),(((4,13),(3,(9,21))),((19,8),(29,26))))))));

STEP 14 [uTBR_ClassicHeuristic_MS_RF -> NNI_Substep_7] - Distance: 107.0000
(14,11,(25,((27,(7,16)),(((20,(28,22)),(2,24)),(((((6,12),(18,(5,10))),(23,17)),(15,(30,1))),(((4,13),(3,(9,21))),((19,8),(29,26))))))));

STEP 15 [uTBR_ClassicHeuristic_MS_RF -> NNI_Substep_8] - Distance: 107.0000
(14,11,(25,((27,(7,16)),(((20,(28,22)),(2,24)),(((((6,12),(18,(5,10))),(23,17)),((15,30),1)),(((4,13),(3,(9,21))),((19,8),(29,26))))))));

STEP 16 [uTBR_ClassicHeuristic_MS_RF -> NNI_Substep_9] - Distance: 111.0000
(14,11,(25,((27,(7,16)),(((20,(28,22)),(2,24)),((((((6,12),(18,(5,10))),(23,17)),(15,30)),1),(((4,13),(3,(9,21))),((19,8),(29,26))))))));

STEP 17 [uTBR_ClassicHeuristic_MS_RF -> NNI_Substep_10] - Distance: 108.0000
(14,11,(25,((27,(7,16)),(((20,(28,22)),(2,24)),((((((6,12),(18,(5,10))),(23,17)),1),(15,30)),(((4,13),(3,(9,21))),((19,8),(29,26))))))));

STEP 18 [uTBR_ClassicHeuristic_MS_RF -> NNI_Substep_11] - Distance: 105.0000
(14,11,(25,((27,(7,16)),(((20,(28,22)),(2,24)),((((((6,12),(18,(5,10))),1),(23,17)),(15,30)),(((4,13),(3,(9,21))),((19,8),(29,26))))))));

STEP 19 [uTBR_ClassicHeuristic_MS_RF -> NNI_Substep_12] - Distance: 102.0000
(14,11,(25,((27,(7,16)),(((20,(28,22)),(2,24)),(((((6,12),((18,(5,10)),1)),(23,17)),(15,30)),(((4,13),(3,(9,21))),((19,8),(29,26))))))));

STEP 20 [uTBR_ClassicHeuristic_MS_RF -> NNI_Substep_13] - Distance: 100.0000
(14,11,(25,((27,(7,16)),(((20,(28,22)),(2,24)),(((((6,12),(18,((5,10),1))),(23,17)),(15,30)),(((4,13),(3,(9,21))),((19,8),(29,26))))))));

STEP 21 [uTBR_ClassicHeuristic_MS_RF -> NNI_Substep_14] - Distance: 103.0000
(14,11,(25,((27,(7,16)),(((20,(28,22)),(2,24)),(((((6,(18,((5,10),1))),12),(23,17)),(15,30)),(((4,13),(3,(9,21))),((19,8),(29,26))))))));

STEP 22 [uTBR_ClassicHeuristic_MS_RF -> NNI_Substep_15] - Distance: 104.0000
(14,11,(25,((27,(7,16)),(((20,(28,22)),(2,24)),(((((6,(18,((5,10),1))),(23,17)),12),(15,30)),(((4,13),(3,(9,21))),((19,8),(29,26))))))));

STEP 23 [uTBR_ClassicHeuristic_MS_RF -> NNI_Substep_16] - Distance: 105.0000
(14,11,(25,((27,(7,16)),(((20,(28,22)),(2,24)),(((((6,(18,((5,10),1))),(23,17)),(15,30)),12),(((4,13),(3,(9,21))),((19,8),(29,26))))))));

STEP 24 [uTBR_ClassicHeuristic_MS_RF -> NNI_Substep_17] - Distance: 103.0000
(14,11,(25,((27,(7,16)),(((20,(28,22)),(2,24)),(((((6,(18,((5,10),1))),(23,17)),(15,30)),(((4,13),(3,(9,21))),((19,8),(29,26)))),12)))));

STEP 25 [uTBR_ClassicHeuristic_MS_RF -> NNI_Substep_18] - Distance: 99.0000
(14,11,(25,((27,(7,16)),((((20,(28,22)),(2,24)),((((6,(18,((5,10),1))),(23,17)),(15,30)),(((4,13),(3,(9,21))),((19,8),(29,26))))),12))));

STEP 26 [uTBR_ClassicHeuristic_MS_RF -> NNI_Substep_19] - Distance: 97.0000
(14,11,(25,(((27,(7,16)),(((20,(28,22)),(2,24)),((((6,(18,((5,10),1))),(23,17)),(15,30)),(((4,13),(3,(9,21))),((19,8),(29,26)))))),12)));

STEP 27 [uTBR_ClassicHeuristic_MS_RF -> NNI_Substep_20] - Distance: 95.0000
(14,11,(25,(((27,(7,16)),12),(((20,(28,22)),(2,24)),((((6,(18,((5,10),1))),(23,17)),(15,30)),(((4,13),(3,(9,21))),((19,8),(29,26))))))));

STEP 28 [uTBR_ClassicHeuristic_MS_RF -> NNI_Substep_21] - Distance: 95.0000
(14,11,(25,((27,((7,16),12)),(((20,(28,22)),(2,24)),((((6,(18,((5,10),1))),(23,17)),(15,30)),(((4,13),(3,(9,21))),((19,8),(29,26))))))));

STEP 29 [uTBR_ClassicHeuristic_MS_RF -> NNI_Substep_22] - Distance: 95.0000
(14,11,(25,((27,(7,(16,12))),(((20,(28,22)),(2,24)),((((6,(18,((5,10),1))),(23,17)),(15,30)),(((4,13),(3,(9,21))),((19,8),(29,26))))))));

STEP 30 [uTBR_ClassicHeuristic_MS_RF -> NNI_Substep_23] - Distance: 95.0000
(14,11,(25,((27,(7,(16,12))),(((20,(28,22)),(2,24)),((((6,(18,((5,10),1))),(23,17)),(15,30)),(((4,13),((3,21),9)),((19,8),(29,26))))))));

STEP 31 [uTBR_ClassicHeuristic_MS_RF -> NNI_Substep_24] - Distance: 96.0000
(14,11,(25,((27,(7,(16,12))),(((20,(28,22)),(2,24)),((((6,(18,((5,10),1))),(23,17)),(15,30)),((((4,13),(3,21)),9),((19,8),(29,26))))))));

STEP 32 [uTBR_ClassicHeuristic_MS_RF -> NNI_Substep_25] - Distance: 99.0000
(14,11,(25,((27,(7,(16,12))),(((20,(28,22)),(2,24)),((((6,(18,((5,10),1))),(23,17)),(15,30)),((((4,13),(3,21)),((19,8),(29,26))),9))))));

STEP 33 [uTBR_ClassicHeuristic_MS_RF -> NNI_Substep_26] - Distance: 99.0000
(14,11,(25,((27,(7,(16,12))),(((20,(28,22)),(2,24)),(((((6,(18,((5,10),1))),(23,17)),(15,30)),(((4,13),(3,21)),((19,8),(29,26)))),9)))));

STEP 34 [uTBR_ClassicHeuristic_MS_RF -> NNI_Substep_27] - Distance: 95.0000
(14,11,(25,((27,(7,(16,12))),((((20,(28,22)),(2,24)),((((6,(18,((5,10),1))),(23,17)),(15,30)),(((4,13),(3,21)),((19,8),(29,26))))),9))));

STEP 35 [uTBR_ClassicHeuristic_MS_RF -> NNI_Substep_28] - Distance: 94.0000
(14,11,(25,(((27,(7,(16,12))),(((20,(28,22)),(2,24)),((((6,(18,((5,10),1))),(23,17)),(15,30)),(((4,13),(3,21)),((19,8),(29,26)))))),9)));

STEP 36 [uTBR_ClassicHeuristic_MS_RF -> NNI_Substep_29] - Distance: 93.0000
(14,11,(25,(((27,(7,(16,12))),9),(((20,(28,22)),(2,24)),((((6,(18,((5,10),1))),(23,17)),(15,30)),(((4,13),(3,21)),((19,8),(29,26))))))));

STEP 37 [uTBR_ClassicHeuristic_MS_RF -> NNI_Substep_30] - Distance: 91.0000
(14,11,(25,((27,((7,(16,12)),9)),(((20,(28,22)),(2,24)),((((6,(18,((5,10),1))),(23,17)),(15,30)),(((4,13),(3,21)),((19,8),(29,26))))))));

STEP 38 [uTBR_ClassicHeuristic_MS_RF -> NNI_Substep_31] - Distance: 90.0000
(14,11,(25,((27,((7,9),(16,12))),(((20,(28,22)),(2,24)),((((6,(18,((5,10),1))),(23,17)),(15,30)),(((4,13),(3,21)),((19,8),(29,26))))))));

STEP 39 [uTBR_ClassicHeuristic_MS_RF -> NNI_Substep_32] - Distance: 87.0000
(14,11,(25,(((27,(7,9)),(16,12)),(((20,(28,22)),(2,24)),((((6,(18,((5,10),1))),(23,17)),(15,30)),(((4,13),(3,21)),((19,8),(29,26))))))));

STEP 40 [uTBR_ClassicHeuristic_MS_RF -> NNI_Substep_33] - Distance: 87.0000
(14,11,(25,(((27,(7,9)),(((20,(28,22)),(2,24)),((((6,(18,((5,10),1))),(23,17)),(15,30)),(((4,13),(3,21)),((19,8),(29,26)))))),(16,12))));

STEP 41 [uTBR_ClassicHeuristic_MS_RF -> NNI_Substep_34] - Distance: 88.0000
(14,11,(25,((27,(7,9)),((((20,(28,22)),(2,24)),((((6,(18,((5,10),1))),(23,17)),(15,30)),(((4,13),(3,21)),((19,8),(29,26))))),(16,12)))));

STEP 42 [uTBR_ClassicHeuristic_MS_RF -> NNI_Substep_35] - Distance: 87.0000
(14,11,(25,((27,(7,9)),((((20,(28,22)),(2,24)),(16,12)),((((6,(18,((5,10),1))),(23,17)),(15,30)),(((4,13),(3,21)),((19,8),(29,26))))))));

STEP 43 [uTBR_ClassicHeuristic_MS_RF -> NNI_Substep_36] - Distance: 86.0000
(14,11,(25,((27,(7,9)),(((20,(28,22)),((2,24),(16,12))),((((6,(18,((5,10),1))),(23,17)),(15,30)),(((4,13),(3,21)),((19,8),(29,26))))))));

STEP 44 [uTBR_ClassicHeuristic_MS_RF -> NNI_Substep_37] - Distance: 88.0000
(14,11,(25,((27,(7,9)),((((20,28),22),((2,24),(16,12))),((((6,(18,((5,10),1))),(23,17)),(15,30)),(((4,13),(3,21)),((19,8),(29,26))))))));

STEP 45 [uTBR_ClassicHeuristic_MS_RF -> NNI_Substep_38] - Distance: 91.0000
(14,11,(25,((27,(7,9)),((((20,28),((2,24),(16,12))),22),((((6,(18,((5,10),1))),(23,17)),(15,30)),(((4,13),(3,21)),((19,8),(29,26))))))));

STEP 46 [uTBR_ClassicHeuristic_MS_RF -> NNI_Substep_39] - Distance: 93.0000
(14,11,(25,((27,(7,9)),((((20,28),((2,24),(16,12))),((((6,(18,((5,10),1))),(23,17)),(15,30)),(((4,13),(3,21)),((19,8),(29,26))))),22))));

STEP 47 [uTBR_ClassicHeuristic_MS_RF -> NNI_Substep_40] - Distance: 96.0000
(14,11,(25,((27,(7,9)),(((20,28),((2,24),(16,12))),(((((6,(18,((5,10),1))),(23,17)),(15,30)),(((4,13),(3,21)),((19,8),(29,26)))),22)))));

STEP 48 [uTBR_ClassicHeuristic_MS_RF -> NNI_Substep_41] - Distance: 90.0000
(14,11,(25,((27,(7,9)),(((20,28),((2,24),(16,12))),((((6,(18,((5,10),1))),(23,17)),(15,30)),((((4,13),(3,21)),((19,8),(29,26))),22))))));

STEP 49 [uTBR_ClassicHeuristic_MS_RF -> NNI_Substep_42] - Distance: 87.0000
(14,11,(25,((27,(7,9)),(((20,28),((2,24),(16,12))),((((6,(18,((5,10),1))),(23,17)),(15,30)),(((4,13),(3,21)),(((19,8),(29,26)),22)))))));

STEP 50 [uTBR_ClassicHeuristic_MS_RF -> NNI_Substep_43] - Distance: 84.0000
(14,11,(25,((27,(7,9)),(((20,28),((2,24),(16,12))),((((6,(18,((5,10),1))),(23,17)),(15,30)),(((4,13),(3,21)),((19,8),((29,26),22))))))));

STEP 51 [uTBR_ClassicHeuristic_MS_RF -> NNI_Substep_44] - Distance: 82.0000
(14,11,(25,((27,(7,9)),(((20,28),((2,24),(16,12))),((((6,(18,((5,10),1))),(23,17)),(15,30)),(((4,13),(3,21)),((19,8),(29,(26,22)))))))));

STEP 52 [uTBR_ClassicHeuristic_MS_RF -> NNI_Substep_45] - Distance: 86.0000
(14,11,(25,((27,(7,9)),(((20,28),((2,24),(16,12))),(((((6,(18,((5,10),1))),23),17),(15,30)),(((4,13),(3,21)),((19,8),(29,(26,22)))))))));

STEP 53 [uTBR_ClassicHeuristic_MS_RF -> NNI_Substep_46] - Distance: 87.0000
(14,11,(25,((27,(7,9)),(((20,28),((2,24),(16,12))),(((((6,(18,((5,10),1))),23),(15,30)),17),(((4,13),(3,21)),((19,8),(29,(26,22)))))))));

STEP 54 [uTBR_ClassicHeuristic_MS_RF -> NNI_Substep_47] - Distance: 89.0000
(14,11,(25,((27,(7,9)),(((20,28),((2,24),(16,12))),(((((6,(18,((5,10),1))),23),(15,30)),(((4,13),(3,21)),((19,8),(29,(26,22))))),17)))));

STEP 55 [uTBR_ClassicHeuristic_MS_RF -> NNI_Substep_48] - Distance: 82.0000
(14,11,(25,((27,(7,9)),(((20,28),((2,24),(16,12))),((((6,(18,((5,10),1))),23),(15,30)),((((4,13),(3,21)),((19,8),(29,(26,22)))),17))))));

STEP 56 [uTBR_ClassicHeuristic_MS_RF -> NNI_Substep_49] - Distance: 79.0000
(14,11,(25,((27,(7,9)),(((20,28),((2,24),(16,12))),((((6,(18,((5,10),1))),23),(15,30)),(((4,13),(3,21)),(((19,8),(29,(26,22))),17)))))));

STEP 57 [uTBR_ClassicHeuristic_MS_RF -> NNI_Substep_50] - Distance: 76.0000
(14,11,(25,((27,(7,9)),(((20,28),((2,24),(16,12))),((((6,(18,((5,10),1))),23),(15,30)),(((4,13),(3,21)),((19,8),((29,(26,22)),17))))))));

STEP 58 [uTBR_ClassicHeuristic_MS_RF -> NNI_Substep_51] - Distance: 74.0000
(14,11,(25,((27,(7,9)),(((20,28),((2,24),(16,12))),((((6,(18,((5,10),1))),23),(15,30)),(((4,13),(3,21)),((19,8),(29,((26,22),17)))))))));

STEP 59 [uTBR_ClassicHeuristic_MS_RF -> NNI_Substep_52] - Distance: 75.0000
(14,11,(25,((27,(7,9)),(((20,((2,24),(16,12))),28),((((6,(18,((5,10),1))),23),(15,30)),(((4,13),(3,21)),((19,8),(29,((26,22),17)))))))));

STEP 60 [uTBR_ClassicHeuristic_MS_RF -> NNI_Substep_53] - Distance: 78.0000
(14,11,(25,((27,(7,9)),(((20,((2,24),(16,12))),((((6,(18,((5,10),1))),23),(15,30)),(((4,13),(3,21)),((19,8),(29,((26,22),17)))))),28))));

STEP 61 [uTBR_ClassicHeuristic_MS_RF -> NNI_Substep_54] - Distance: 80.0000
(14,11,(25,((27,(7,9)),((20,((2,24),(16,12))),(((((6,(18,((5,10),1))),23),(15,30)),(((4,13),(3,21)),((19,8),(29,((26,22),17))))),28)))));

STEP 62 [uTBR_ClassicHeuristic_MS_RF -> NNI_Substep_55] - Distance: 73.0000
(14,11,(25,((27,(7,9)),((20,((2,24),(16,12))),((((6,(18,((5,10),1))),23),(15,30)),((((4,13),(3,21)),((19,8),(29,((26,22),17)))),28))))));

STEP 63 [uTBR_ClassicHeuristic_MS_RF -> NNI_Substep_56] - Distance: 70.0000
(14,11,(25,((27,(7,9)),((20,((2,24),(16,12))),((((6,(18,((5,10),1))),23),(15,30)),(((4,13),(3,21)),(((19,8),(29,((26,22),17))),28)))))));

STEP 64 [uTBR_ClassicHeuristic_MS_RF -> NNI_Substep_57] - Distance: 67.0000
(14,11,(25,((27,(7,9)),((20,((2,24),(16,12))),((((6,(18,((5,10),1))),23),(15,30)),(((4,13),(3,21)),((19,8),((29,((26,22),17)),28))))))));

STEP 65 [uTBR_ClassicHeuristic_MS_RF -> NNI_Substep_58] - Distance: 65.0000
(14,11,(25,((27,(7,9)),((20,((2,24),(16,12))),((((6,(18,((5,10),1))),23),(15,30)),(((4,13),(3,21)),((19,8),(29,(((26,22),17),28)))))))));

STEP 66 [uTBR_ClassicHeuristic_MS_RF -> NNI_Substep_59] - Distance: 68.0000
(14,11,(25,((27,(7,9)),((20,((2,24),(16,12))),((((6,(18,((5,10),1))),23),(15,30)),((((4,13),21),3),((19,8),(29,(((26,22),17),28)))))))));

STEP 67 [uTBR_ClassicHeuristic_MS_RF -> NNI_Substep_60] - Distance: 74.0000
(14,11,(25,((27,(7,9)),((20,((2,24),(16,12))),((((6,(18,((5,10),1))),23),(15,30)),((((4,13),21),((19,8),(29,(((26,22),17),28)))),3))))));

STEP 68 [uTBR_ClassicHeuristic_MS_RF -> NNI_Substep_61] - Distance: 75.0000
(14,11,(25,((27,(7,9)),((20,((2,24),(16,12))),(((((6,(18,((5,10),1))),23),(15,30)),(((4,13),21),((19,8),(29,(((26,22),17),28))))),3)))));

STEP 69 [uTBR_ClassicHeuristic_MS_RF -> NNI_Substep_62] - Distance: 70.0000
(14,11,(25,((27,(7,9)),((20,((2,24),(16,12))),(((((6,(18,((5,10),1))),23),(15,30)),3),(((4,13),21),((19,8),(29,(((26,22),17),28)))))))));

STEP 70 [uTBR_ClassicHeuristic_MS_RF -> NNI_Substep_63] - Distance: 67.0000
(14,11,(25,((27,(7,9)),((20,((2,24),(16,12))),(((((6,(18,((5,10),1))),23),3),(15,30)),(((4,13),21),((19,8),(29,(((26,22),17),28)))))))));

STEP 71 [uTBR_ClassicHeuristic_MS_RF -> NNI_Substep_64] - Distance: 61.0000
(14,11,(25,((27,(7,9)),((20,((2,24),(16,12))),((((6,(18,((5,10),1))),(23,3)),(15,30)),(((4,13),21),((19,8),(29,(((26,22),17),28)))))))));

STEP 72 [uTBR_ClassicHeuristic_MS_RF -> NNI_Substep_65] - Distance: 65.0000
(14,11,(25,((27,(7,9)),((20,((2,24),(16,12))),((((6,(18,((5,10),1))),(23,3)),(15,30)),(((4,13),21),((8,(29,(((26,22),17),28))),19)))))));

STEP 73 [uTBR_ClassicHeuristic_MS_RF -> NNI_Substep_66] - Distance: 65.0000
(14,11,(25,((27,(7,9)),((20,((2,24),(16,12))),((((6,(18,((5,10),1))),(23,3)),(15,30)),((((4,13),21),(8,(29,(((26,22),17),28)))),19))))));

STEP 74 [uTBR_ClassicHeuristic_MS_RF -> NNI_Substep_67] - Distance: 65.0000
(14,11,(25,((27,(7,9)),((20,((2,24),(16,12))),(((((6,(18,((5,10),1))),(23,3)),(15,30)),(((4,13),21),(8,(29,(((26,22),17),28))))),19)))));

STEP 75 [uTBR_ClassicHeuristic_MS_RF -> NNI_Substep_68] - Distance: 63.0000
(14,11,(25,((27,(7,9)),(((20,((2,24),(16,12))),((((6,(18,((5,10),1))),(23,3)),(15,30)),(((4,13),21),(8,(29,(((26,22),17),28)))))),19))));

STEP 76 [uTBR_ClassicHeuristic_MS_RF -> NNI_Substep_69] - Distance: 60.0000
(14,11,(25,((27,(7,9)),(((20,((2,24),(16,12))),19),((((6,(18,((5,10),1))),(23,3)),(15,30)),(((4,13),21),(8,(29,(((26,22),17),28)))))))));

STEP 77 [uTBR_ClassicHeuristic_MS_RF -> NNI_Substep_70] - Distance: 60.0000
(14,11,(25,((27,(7,9)),((20,(((2,24),(16,12)),19)),((((6,(18,((5,10),1))),(23,3)),(15,30)),(((4,13),21),(8,(29,(((26,22),17),28)))))))));

STEP 78 [uTBR_ClassicHeuristic_MS_RF -> NNI_Substep_71] - Distance: 57.0000
(14,11,(25,((27,(7,9)),((20,(((2,24),19),(16,12))),((((6,(18,((5,10),1))),(23,3)),(15,30)),(((4,13),21),(8,(29,(((26,22),17),28)))))))));

STEP 79 [uTBR_ClassicHeuristic_MS_RF -> NNI_Substep_72] - Distance: 57.0000
(14,11,(25,((27,(7,9)),((20,((2,(24,19)),(16,12))),((((6,(18,((5,10),1))),(23,3)),(15,30)),(((4,13),21),(8,(29,(((26,22),17),28)))))))));

STEP 80 [uTBR_ClassicHeuristic_MS_RF -> NNI_Substep_73] - Distance: 56.0000
(14,11,(25,((27,(7,9)),((((2,(24,19)),20),(16,12)),((((6,(18,((5,10),1))),(23,3)),(15,30)),(((4,13),21),(8,(29,(((26,22),17),28)))))))));

STEP 81 [uTBR_ClassicHeuristic_MS_RF -> NNI_Substep_74] - Distance: 53.0000
(14,11,(25,((27,(7,9)),((((2,20),(24,19)),(16,12)),((((6,(18,((5,10),1))),(23,3)),(15,30)),(((4,13),21),(8,(29,(((26,22),17),28)))))))));

STEP 82 [uTBR_ClassicHeuristic_MS_RF -> NNI_Substep_75] - Distance: 53.0000
(25,(((27,(7,9)),((((2,20),(24,19)),(16,12)),((((6,(18,((5,10),1))),(23,3)),(15,30)),(((4,13),21),(8,(29,(((26,22),17),28))))))),14),11);

STEP 83 [uTBR_ClassicHeuristic_MS_RF -> NNI_Substep_76] - Distance: 55.0000
(25,((27,(7,9)),(((((2,20),(24,19)),(16,12)),((((6,(18,((5,10),1))),(23,3)),(15,30)),(((4,13),21),(8,(29,(((26,22),17),28)))))),14)),11);

STEP 84 [uTBR_ClassicHeuristic_MS_RF -> NNI_Substep_77] - Distance: 52.0000
(25,((27,(7,9)),(((((2,20),(24,19)),(16,12)),14),((((6,(18,((5,10),1))),(23,3)),(15,30)),(((4,13),21),(8,(29,(((26,22),17),28))))))),11);

STEP 85 [uTBR_ClassicHeuristic_MS_RF -> NNI_Substep_78] - Distance: 49.0000
(25,((27,(7,9)),(((((2,20),(24,19)),14),(16,12)),((((6,(18,((5,10),1))),(23,3)),(15,30)),(((4,13),21),(8,(29,(((26,22),17),28))))))),11);

STEP 86 [uTBR_ClassicHeuristic_MS_RF -> NNI_Substep_79] - Distance: 48.0000
(25,((27,(7,9)),((((2,20),((24,19),14)),(16,12)),((((6,(18,((5,10),1))),(23,3)),(15,30)),(((4,13),21),(8,(29,(((26,22),17),28))))))),11);

STEP 87 [uTBR_ClassicHeuristic_MS_RF -> NNI_Substep_80] - Distance: 48.0000
(25,((27,(7,9)),(((((24,19),14),(16,12)),(2,20)),((((6,(18,((5,10),1))),(23,3)),(15,30)),(((4,13),21),(8,(29,(((26,22),17),28))))))),11);

STEP 88 [uTBR_ClassicHeuristic_MS_RF -> NNI_Substep_81] - Distance: 48.0000
(25,((27,(7,9)),(((((24,19),14),(16,12)),((((6,(18,((5,10),1))),(23,3)),(15,30)),(((4,13),21),(8,(29,(((26,22),17),28)))))),(2,20))),11);

STEP 89 [uTBR_ClassicHeuristic_MS_RF -> NNI_Substep_82] - Distance: 51.0000
(25,((27,(7,9)),((((24,19),14),(16,12)),(((((6,(18,((5,10),1))),(23,3)),(15,30)),(((4,13),21),(8,(29,(((26,22),17),28))))),(2,20)))),11);

STEP 90 [uTBR_ClassicHeuristic_MS_RF -> NNI_Substep_83] - Distance: 48.0000
(25,((27,(7,9)),((((24,19),14),(16,12)),((((6,(18,((5,10),1))),(23,3)),(15,30)),((((4,13),21),(8,(29,(((26,22),17),28)))),(2,20))))),11);

STEP 91 [uTBR_ClassicHeuristic_MS_RF -> NNI_Substep_84] - Distance: 47.0000
(25,((27,(7,9)),((((24,19),14),(16,12)),((((6,(18,((5,10),1))),(23,3)),(15,30)),(((4,13),21),((8,(29,(((26,22),17),28))),(2,20)))))),11);

STEP 92 [uTBR_ClassicHeuristic_MS_RF -> NNI_Substep_85] - Distance: 48.0000
(25,((27,(7,9)),((((24,19),14),(16,12)),((((6,(18,((5,10),1))),(23,3)),(15,30)),(((4,13),21),(8,((29,(((26,22),17),28)),(2,20))))))),11);

STEP 93 [uTBR_ClassicHeuristic_MS_RF -> NNI_Substep_86] - Distance: 46.0000
(25,((27,(7,9)),((((24,19),14),(16,12)),((((6,(18,((5,10),1))),(23,3)),(15,30)),(((4,13),21),(8,((29,(2,20)),(((26,22),17),28))))))),11);

STEP 94 [uTBR_ClassicHeuristic_MS_RF -> NNI_Substep_87] - Distance: 44.0000
(25,((27,(7,9)),((((24,19),14),(16,12)),((((6,(18,((5,10),1))),(23,3)),(15,30)),(((4,13),21),((8,(((26,22),17),28)),(29,(2,20))))))),11);

STEP 95 [uTBR_ClassicHeuristic_MS_RF -> NNI_Substep_88] - Distance: 42.0000
(25,((27,(7,9)),((((24,19),14),(16,12)),((((6,(18,((5,10),1))),(23,3)),(15,30)),((((4,13),21),(8,(((26,22),17),28))),(29,(2,20)))))),11);

STEP 96 [uTBR_ClassicHeuristic_MS_RF -> NNI_Substep_89] - Distance: 46.0000
(25,((27,(7,9)),((((24,19),14),(16,12)),(((((6,(18,((5,10),1))),(23,3)),(15,30)),(((4,13),21),(8,(((26,22),17),28)))),(29,(2,20))))),11);

STEP 97 [uTBR_ClassicHeuristic_MS_RF -> NNI_Substep_90] - Distance: 43.0000
(25,((27,(7,9)),((((24,19),14),(16,12)),(((((6,(18,((5,10),1))),(23,3)),(15,30)),(29,(2,20))),(((4,13),21),(8,(((26,22),17),28)))))),11);

STEP 98 [uTBR_ClassicHeuristic_MS_RF -> NNI_Substep_91] - Distance: 38.0000
(25,((27,(7,9)),((((24,19),14),(16,12)),(((((6,(18,((5,10),1))),(23,3)),(29,(2,20))),(15,30)),(((4,13),21),(8,(((26,22),17),28)))))),11);

STEP 99 [uTBR_ClassicHeuristic_MS_RF -> NNI_Substep_92] - Distance: 35.0000
(25,((27,(7,9)),((((24,19),14),(16,12)),(((((6,(18,((5,10),1))),(29,(2,20))),(23,3)),(15,30)),(((4,13),21),(8,(((26,22),17),28)))))),11);

STEP 100 [uTBR_ClassicHeuristic_MS_RF -> NNI_Substep_93] - Distance: 37.0000
(25,((27,(7,9)),((((24,19),14),(16,12)),((((6,((18,((5,10),1)),(29,(2,20)))),(23,3)),(15,30)),(((4,13),21),(8,(((26,22),17),28)))))),11);

STEP 101 [uTBR_ClassicHeuristic_MS_RF -> NNI_Substep_94] - Distance: 37.0000
(25,((27,(7,9)),((((24,19),14),(16,12)),((((6,((18,((5,10),1)),(29,(2,20)))),(23,3)),(15,30)),(((13,21),4),(8,(((26,22),17),28)))))),11);

STEP 102 [uTBR_ClassicHeuristic_MS_RF -> NNI_Substep_95] - Distance: 35.0000
(25,((27,(7,9)),((((24,19),14),(16,12)),((((6,((18,((5,10),1)),(29,(2,20)))),(23,3)),(15,30)),(((13,21),(8,(((26,22),17),28))),4)))),11);

STEP 103 [uTBR_ClassicHeuristic_MS_RF -> NNI_Substep_96] - Distance: 32.0000
(25,((27,(7,9)),((((24,19),14),(16,12)),((((6,((18,((5,10),1)),(29,(2,20)))),(23,3)),(15,30)),((13,21),((8,(((26,22),17),28)),4))))),11);

STEP 104 [uTBR_ClassicHeuristic_MS_RF -> NNI_Substep_97] - Distance: 30.0000
(25,((27,(7,9)),((((24,19),14),(16,12)),((((6,((18,((5,10),1)),(29,(2,20)))),(23,3)),(15,30)),((13,21),(8,((((26,22),17),28),4)))))),11);

STEP 105 [uTBR_ClassicHeuristic_MS_RF -> NNI_Substep_98] - Distance: 29.0000
(25,((27,(7,9)),((((24,19),14),(16,12)),((((((18,((5,10),1)),(29,(2,20))),(23,3)),6),(15,30)),((13,21),(8,((((26,22),17),28),4)))))),11);

STEP 106 [uTBR_ClassicHeuristic_MS_RF -> NNI_Substep_99] - Distance: 30.0000
(25,((27,(7,9)),((((24,19),14),(16,12)),((((((18,((5,10),1)),(29,(2,20))),(23,3)),(15,30)),6),((13,21),(8,((((26,22),17),28),4)))))),11);

STEP 107 [uTBR_ClassicHeuristic_MS_RF -> NNI_Substep_100] - Distance: 29.0000
(25,((27,(7,9)),((((24,19),14),(16,12)),((((((18,((5,10),1)),(29,(2,20))),(23,3)),(15,30)),((13,21),(8,((((26,22),17),28),4)))),6))),11);

STEP 108 [uTBR_ClassicHeuristic_MS_RF -> NNI_Substep_101] - Distance: 25.0000
(25,((27,(7,9)),(((((24,19),14),(16,12)),(((((18,((5,10),1)),(29,(2,20))),(23,3)),(15,30)),((13,21),(8,((((26,22),17),28),4))))),6)),11);

STEP 109 [uTBR_ClassicHeuristic_MS_RF -> NNI_Substep_102] - Distance: 23.0000
(25,(((27,(7,9)),((((24,19),14),(16,12)),(((((18,((5,10),1)),(29,(2,20))),(23,3)),(15,30)),((13,21),(8,((((26,22),17),28),4)))))),6),11);

STEP 110 [uTBR_ClassicHeuristic_MS_RF -> NNI_Substep_103] - Distance: 23.0000
(25,((27,(7,9)),((((24,19),14),(16,12)),(((((18,((5,10),1)),(29,(2,20))),(23,3)),(15,30)),((13,21),(8,((((26,22),17),28),4)))))),(11,6));

STEP 111 [uTBR_ClassicHeuristic_MS_RF -> NNI_Substep_104] - Distance: 25.0000
((27,(7,9)),(((((24,19),14),(16,12)),(((((18,((5,10),1)),(29,(2,20))),(23,3)),(15,30)),((13,21),(8,((((26,22),17),28),4))))),25),(11,6));

STEP 112 [uTBR_ClassicHeuristic_MS_RF -> NNI_Substep_105] - Distance: 29.0000
((27,(7,9)),((((24,19),14),(16,12)),((((((18,((5,10),1)),(29,(2,20))),(23,3)),(15,30)),((13,21),(8,((((26,22),17),28),4)))),25)),(11,6));

STEP 113 [uTBR_ClassicHeuristic_MS_RF -> NNI_Substep_106] - Distance: 25.0000
((27,(7,9)),((((24,19),14),(16,12)),(((((18,((5,10),1)),(29,(2,20))),(23,3)),(15,30)),(((13,21),(8,((((26,22),17),28),4))),25))),(11,6));

STEP 114 [uTBR_ClassicHeuristic_MS_RF -> NNI_Substep_107] - Distance: 20.0000
((27,(7,9)),((((24,19),14),(16,12)),(((((18,((5,10),1)),(29,(2,20))),(23,3)),(15,30)),(((13,21),25),(8,((((26,22),17),28),4))))),(11,6));

STEP 115 [uTBR_ClassicHeuristic_MS_RF -> NNI_Substep_108] - Distance: 18.0000
((27,(7,9)),((((24,19),14),(16,12)),(((((18,((5,10),1)),(29,(2,20))),(23,3)),(15,30)),(((13,25),21),(8,((((26,22),17),28),4))))),(11,6));

STEP 116 [uTBR_ClassicHeuristic_MS_RF -> NNI_Substep_109] - Distance: 22.0000
((27,(7,9)),((((24,19),14),(16,12)),(((((18,((5,10),1)),(29,(2,20))),(23,3)),(15,30)),((21,(8,((((26,22),17),28),4))),(13,25)))),(11,6));

STEP 117 [uTBR_ClassicHeuristic_MS_RF -> NNI_Substep_110] - Distance: 25.0000
((27,(7,9)),((((24,19),14),(16,12)),((((((18,((5,10),1)),(29,(2,20))),(23,3)),(15,30)),(21,(8,((((26,22),17),28),4)))),(13,25))),(11,6));

STEP 118 [uTBR_ClassicHeuristic_MS_RF -> NNI_Substep_111] - Distance: 22.0000
((27,(7,9)),((((24,19),14),(16,12)),((((((18,((5,10),1)),(29,(2,20))),(23,3)),(15,30)),(13,25)),(21,(8,((((26,22),17),28),4))))),(11,6));

STEP 119 [uTBR_ClassicHeuristic_MS_RF -> NNI_Substep_112] - Distance: 18.0000
((27,(7,9)),((((24,19),14),(16,12)),((((((18,((5,10),1)),(29,(2,20))),(23,3)),(13,25)),(15,30)),(21,(8,((((26,22),17),28),4))))),(11,6));

STEP 120 [uTBR_ClassicHeuristic_MS_RF -> NNI_Substep_113] - Distance: 9.0000
((27,(7,9)),((((24,19),14),(16,12)),(((((18,((5,10),1)),(29,(2,20))),((23,3),(13,25))),(15,30)),(21,(8,((((26,22),17),28),4))))),(11,6));

STEP 121 [uTBR_ClassicHeuristic_MS_RF -> NNI_Substep_114] - Distance: 17.0000
((((24,19),14),(16,12)),((((((18,((5,10),1)),(29,(2,20))),((23,3),(13,25))),(15,30)),(21,(8,((((26,22),17),28),4)))),(27,(7,9))),(11,6));

STEP 122 [uTBR_ClassicHeuristic_MS_RF -> NNI_Substep_115] - Distance: 15.0000
((((24,19),14),(16,12)),(((((18,((5,10),1)),(29,(2,20))),((23,3),(13,25))),(15,30)),((21,(8,((((26,22),17),28),4))),(27,(7,9)))),(11,6));

STEP 123 [uTBR_ClassicHeuristic_MS_RF -> NNI_Substep_116] - Distance: 12.0000
((((24,19),14),(16,12)),(((((18,((5,10),1)),(29,(2,20))),((23,3),(13,25))),(15,30)),((21,(27,(7,9))),(8,((((26,22),17),28),4)))),(11,6));

STEP 124 [uTBR_ClassicHeuristic_MS_RF -> NNI_Substep_117] - Distance: 12.0000
(((((18,((5,10),1)),(29,(2,20))),((23,3),(13,25))),(15,30)),(((21,(27,(7,9))),(8,((((26,22),17),28),4))),(((24,19),14),(16,12))),(11,6));

STEP 125 [uTBR_ClassicHeuristic_MS_RF -> NNI_Substep_118] - Distance: 11.0000
(((((18,((5,10),1)),(29,(2,20))),((23,3),(13,25))),(15,30)),(((21,(27,(7,9))),(((24,19),14),(16,12))),(8,((((26,22),17),28),4))),(11,6));

STEP 126 [uTBR_ClassicHeuristic_MS_RF -> NNI_Substep_119] - Distance: 0.0000
((((21,(27,(7,9))),(((24,19),14),(16,12))),((((18,((5,10),1)),(29,(2,20))),((23,3),(13,25))),(15,30))),(8,((((26,22),17),28),4)),(11,6));

========================================================
[FINAL] Total Steps: 126 | Final Distance: 0.0000
========================================================
