========================================================
HEURISTIC TRAJECTORY: VND Incremental (MC)
========================================================
STEP 0 [START] - Distance: 158.0000
(((((6,((5,9),(20,7))),(3,(30,1))),(27,(19,28))),(4,((23,(21,(((11,10),(18,(16,(22,8)))),(17,15)))),((24,(14,25)),(13,2))))),(29,(12,26)));

STEP 1 [NNI_IncrementalHeuristic_MC -> NNI_Substep_1] - Distance: 153.0000
(((((6,((5,9),(20,7))),(3,(30,1))),(27,(19,28))),((23,(21,(((11,10),(18,(16,(22,8)))),(17,15)))),(4,((24,(14,25)),(13,2))))),(29,(12,26)));

STEP 2 [NNI_IncrementalHeuristic_MC -> NNI_Substep_2] - Distance: 148.0000
(((((6,((5,9),(20,7))),(3,(30,1))),(27,(19,28))),(((((11,10),(18,(16,(22,8)))),(17,15)),(21,23)),(4,((24,(14,25)),(13,2))))),(29,(12,26)));

STEP 3 [NNI_IncrementalHeuristic_MC -> NNI_Substep_3] - Distance: 144.0000
(((((27,(19,28)),(3,(30,1))),(6,((5,9),(20,7)))),(((((11,10),(18,(16,(22,8)))),(17,15)),(21,23)),(4,((24,(14,25)),(13,2))))),(29,(12,26)));

STEP 4 [NNI_IncrementalHeuristic_MC -> NNI_Substep_4] - Distance: 142.0000
(((((27,(19,28)),(3,(30,1))),(6,((5,9),(20,7)))),(((4,((24,(14,25)),(13,2))),(21,23)),(((11,10),(18,(16,(22,8)))),(17,15)))),(29,(12,26)));

STEP 5 [NNI_IncrementalHeuristic_MC -> NNI_Substep_5] - Distance: 140.0000
(((((27,(19,28)),(3,(30,1))),(6,((5,9),(20,7)))),(((4,((24,(14,25)),(13,2))),(21,23)),(((11,10),(17,15)),(18,(16,(22,8)))))),(29,(12,26)));

STEP 6 [NNI_IncrementalHeuristic_MC -> NNI_Substep_6] - Distance: 139.0000
(((((27,(3,(30,1))),(19,28)),(6,((5,9),(20,7)))),(((4,((24,(14,25)),(13,2))),(21,23)),(((11,10),(17,15)),(18,(16,(22,8)))))),(29,(12,26)));

STEP 7 [NNI_IncrementalHeuristic_MC -> NNI_Substep_7] - Distance: 137.0000
(((((3,(27,(30,1))),(19,28)),(6,((5,9),(20,7)))),(((4,((24,(14,25)),(13,2))),(21,23)),(((11,10),(17,15)),(18,(16,(22,8)))))),(29,(12,26)));

STEP 8 [NNI_IncrementalHeuristic_MC -> NNI_Substep_8] - Distance: 135.0000
(((((3,(30,(27,1))),(19,28)),(6,((5,9),(20,7)))),(((4,((24,(14,25)),(13,2))),(21,23)),(((11,10),(17,15)),(18,(16,(22,8)))))),(29,(12,26)));

STEP 9 [NNI_IncrementalHeuristic_MC -> NNI_Substep_9] - Distance: 134.0000
(((((3,(30,(27,1))),(19,28)),((5,9),(6,(20,7)))),(((4,((24,(14,25)),(13,2))),(21,23)),(((11,10),(17,15)),(18,(16,(22,8)))))),(29,(12,26)));

STEP 10 [NNI_IncrementalHeuristic_MC -> NNI_Substep_10] - Distance: 133.0000
(((((3,(30,(27,1))),(19,28)),((5,9),(6,(20,7)))),(((4,(21,23)),((24,(14,25)),(13,2))),(((11,10),(17,15)),(18,(16,(22,8)))))),(29,(12,26)));

STEP 11 [NNI_IncrementalHeuristic_MC -> NNI_Substep_11] - Distance: 132.0000
(((((3,(30,(27,1))),(19,28)),((5,9),(6,(20,7)))),(((4,(21,23)),((24,(14,25)),(13,2))),(((11,10),(17,15)),((22,8),(16,18))))),(29,(12,26)));

STEP 12 [Heur. rSPR MC -> NNI_Substep_1] - Distance: 133.0000
(((((3,(30,(27,1))),(19,28)),((5,9),(6,(20,7)))),((((4,(21,23)),(24,(14,25))),(13,2)),(((11,10),(17,15)),((22,8),(16,18))))),(29,(12,26)));

STEP 13 [Heur. rSPR MC -> NNI_Substep_2] - Distance: 133.0000
(((((3,(30,(27,1))),(19,28)),((5,9),(6,(20,7)))),((((4,(21,23)),(24,(14,25))),(((11,10),(17,15)),((22,8),(16,18)))),(13,2))),(29,(12,26)));

STEP 14 [Heur. rSPR MC -> NNI_Substep_3] - Distance: 134.0000
((((((3,(30,(27,1))),(19,28)),((5,9),(6,(20,7)))),(((4,(21,23)),(24,(14,25))),(((11,10),(17,15)),((22,8),(16,18))))),(13,2)),(29,(12,26)));

STEP 15 [Heur. rSPR MC -> NNI_Substep_4] - Distance: 130.0000
((((((3,(30,(27,1))),(19,28)),((5,9),(6,(20,7)))),(13,2)),(((4,(21,23)),(24,(14,25))),(((11,10),(17,15)),((22,8),(16,18))))),(29,(12,26)));

STEP 16 [Heur. rSPR MC -> NNI_Substep_5] - Distance: 125.0000
((((((3,(30,(27,1))),(19,28)),(13,2)),((5,9),(6,(20,7)))),(((4,(21,23)),(24,(14,25))),(((11,10),(17,15)),((22,8),(16,18))))),(29,(12,26)));

STEP 17 [Heur. rSPR MC -> NNI_Substep_6] - Distance: 123.0000
((((((3,(30,(27,1))),(13,2)),(19,28)),((5,9),(6,(20,7)))),(((4,(21,23)),(24,(14,25))),(((11,10),(17,15)),((22,8),(16,18))))),(29,(12,26)));

STEP 18 [Heur. rSPR MC -> NNI_Substep_7] - Distance: 127.0000
(((((((3,(30,(27,1))),(13,2)),(19,28)),(6,(20,7))),(5,9)),(((4,(21,23)),(24,(14,25))),(((11,10),(17,15)),((22,8),(16,18))))),(29,(12,26)));

STEP 19 [Heur. rSPR MC -> NNI_Substep_8] - Distance: 129.0000
(((((((3,(30,(27,1))),(13,2)),(19,28)),(6,(20,7))),(((4,(21,23)),(24,(14,25))),(((11,10),(17,15)),((22,8),(16,18))))),(5,9)),(29,(12,26)));

STEP 20 [Heur. rSPR MC -> NNI_Substep_9] - Distance: 120.0000
((((((3,(30,(27,1))),(13,2)),(19,28)),(6,(20,7))),((((4,(21,23)),(24,(14,25))),(((11,10),(17,15)),((22,8),(16,18)))),(5,9))),(29,(12,26)));

STEP 21 [Heur. rSPR MC -> NNI_Substep_10] - Distance: 118.0000
((((((3,(30,(27,1))),(13,2)),(19,28)),(6,(20,7))),((((4,(21,23)),(24,(14,25))),(5,9)),(((11,10),(17,15)),((22,8),(16,18))))),(29,(12,26)));

STEP 22 [Heur. rSPR MC -> NNI_Substep_11] - Distance: 117.0000
((((((3,(30,(27,1))),(13,2)),(19,28)),(6,(20,7))),(((4,(21,23)),((24,(14,25)),(5,9))),(((11,10),(17,15)),((22,8),(16,18))))),(29,(12,26)));

STEP 23 [Heur. rSPR MC -> NNI_Substep_12] - Distance: 115.0000
((((((3,(30,(27,1))),(13,2)),(19,28)),(6,(20,7))),(((4,(21,23)),((24,(5,9)),(14,25))),(((11,10),(17,15)),((22,8),(16,18))))),(29,(12,26)));

STEP 24 [Heur. rSPR MC -> NNI_Substep_13] - Distance: 117.0000
((((((3,(30,(27,1))),(13,2)),(19,28)),(6,(20,7))),(((4,(21,23)),(((24,(5,9)),25),14)),(((11,10),(17,15)),((22,8),(16,18))))),(29,(12,26)));

STEP 25 [Heur. rSPR MC -> NNI_Substep_14] - Distance: 117.0000
((((((3,(30,(27,1))),(13,2)),(19,28)),(6,(20,7))),((((4,(21,23)),((24,(5,9)),25)),14),(((11,10),(17,15)),((22,8),(16,18))))),(29,(12,26)));

STEP 26 [Heur. rSPR MC -> NNI_Substep_15] - Distance: 118.0000
((((((3,(30,(27,1))),(13,2)),(19,28)),(6,(20,7))),((((4,(21,23)),((24,(5,9)),25)),(((11,10),(17,15)),((22,8),(16,18)))),14)),(29,(12,26)));

STEP 27 [Heur. rSPR MC -> NNI_Substep_16] - Distance: 124.0000
(((((((3,(30,(27,1))),(13,2)),(19,28)),(6,(20,7))),(((4,(21,23)),((24,(5,9)),25)),(((11,10),(17,15)),((22,8),(16,18))))),14),(29,(12,26)));

STEP 28 [Heur. rSPR MC -> NNI_Substep_17] - Distance: 118.0000
(((((((3,(30,(27,1))),(13,2)),(19,28)),(6,(20,7))),14),(((4,(21,23)),((24,(5,9)),25)),(((11,10),(17,15)),((22,8),(16,18))))),(29,(12,26)));

STEP 29 [Heur. rSPR MC -> NNI_Substep_18] - Distance: 114.0000
(((((((3,(30,(27,1))),(13,2)),(19,28)),14),(6,(20,7))),(((4,(21,23)),((24,(5,9)),25)),(((11,10),(17,15)),((22,8),(16,18))))),(29,(12,26)));

STEP 30 [Heur. rSPR MC -> NNI_Substep_19] - Distance: 111.0000
(((((((3,(30,(27,1))),(13,2)),14),(19,28)),(6,(20,7))),(((4,(21,23)),((24,(5,9)),25)),(((11,10),(17,15)),((22,8),(16,18))))),(29,(12,26)));

STEP 31 [Heur. rSPR MC -> NNI_Substep_20] - Distance: 110.0000
(((((((3,(30,(27,1))),14),(13,2)),(19,28)),(6,(20,7))),(((4,(21,23)),((24,(5,9)),25)),(((11,10),(17,15)),((22,8),(16,18))))),(29,(12,26)));

STEP 32 [Heur. rSPR MC -> NNI_Substep_21] - Distance: 108.0000
((((((3,((30,(27,1)),14)),(13,2)),(19,28)),(6,(20,7))),(((4,(21,23)),((24,(5,9)),25)),(((11,10),(17,15)),((22,8),(16,18))))),(29,(12,26)));

STEP 33 [Heur. rSPR MC -> NNI_Substep_22] - Distance: 107.0000
((((((3,((30,14),(27,1))),(13,2)),(19,28)),(6,(20,7))),(((4,(21,23)),((24,(5,9)),25)),(((11,10),(17,15)),((22,8),(16,18))))),(29,(12,26)));

STEP 34 [Heur. rSPR MC -> NNI_Substep_23] - Distance: 108.0000
((((((3,((14,(27,1)),30)),(13,2)),(19,28)),(6,(20,7))),(((4,(21,23)),((24,(5,9)),25)),(((11,10),(17,15)),((22,8),(16,18))))),(29,(12,26)));

STEP 35 [Heur. rSPR MC -> NNI_Substep_24] - Distance: 108.0000
(((((((3,(14,(27,1))),30),(13,2)),(19,28)),(6,(20,7))),(((4,(21,23)),((24,(5,9)),25)),(((11,10),(17,15)),((22,8),(16,18))))),(29,(12,26)));

STEP 36 [Heur. rSPR MC -> NNI_Substep_25] - Distance: 107.0000
(((((((3,(14,(27,1))),(13,2)),30),(19,28)),(6,(20,7))),(((4,(21,23)),((24,(5,9)),25)),(((11,10),(17,15)),((22,8),(16,18))))),(29,(12,26)));

STEP 37 [Heur. rSPR MC -> NNI_Substep_26] - Distance: 108.0000
(((((((3,(14,(27,1))),(13,2)),(19,28)),30),(6,(20,7))),(((4,(21,23)),((24,(5,9)),25)),(((11,10),(17,15)),((22,8),(16,18))))),(29,(12,26)));

STEP 38 [Heur. rSPR MC -> NNI_Substep_27] - Distance: 110.0000
(((((((3,(14,(27,1))),(13,2)),(19,28)),(6,(20,7))),30),(((4,(21,23)),((24,(5,9)),25)),(((11,10),(17,15)),((22,8),(16,18))))),(29,(12,26)));

STEP 39 [Heur. rSPR MC -> NNI_Substep_28] - Distance: 116.0000
(((((((3,(14,(27,1))),(13,2)),(19,28)),(6,(20,7))),(((4,(21,23)),((24,(5,9)),25)),(((11,10),(17,15)),((22,8),(16,18))))),30),(29,(12,26)));

STEP 40 [Heur. rSPR MC -> NNI_Substep_29] - Distance: 106.0000
((((((3,(14,(27,1))),(13,2)),(19,28)),(6,(20,7))),((((4,(21,23)),((24,(5,9)),25)),(((11,10),(17,15)),((22,8),(16,18)))),30)),(29,(12,26)));

STEP 41 [Heur. rSPR MC -> NNI_Substep_30] - Distance: 106.0000
((((((3,(14,(27,1))),(13,2)),(19,28)),(6,(20,7))),(((4,(21,23)),((24,(5,9)),25)),((((11,10),(17,15)),((22,8),(16,18))),30))),(29,(12,26)));

STEP 42 [Heur. rSPR MC -> NNI_Substep_31] - Distance: 101.0000
((((((3,(14,(27,1))),(13,2)),(19,28)),(6,(20,7))),(((4,(21,23)),((24,(5,9)),25)),(((11,10),(17,15)),(((22,8),(16,18)),30)))),(29,(12,26)));

STEP 43 [Heur. rSPR MC -> NNI_Substep_32] - Distance: 98.0000
((((((3,(14,(27,1))),(13,2)),(19,28)),(6,(20,7))),(((4,(21,23)),((24,(5,9)),25)),(((11,10),(17,15)),((22,8),((16,18),30))))),(29,(12,26)));

STEP 44 [Heur. rSPR MC -> NNI_Substep_33] - Distance: 99.0000
((((((3,(14,(27,1))),(13,2)),(19,28)),(6,(20,7))),(((4,(21,23)),((24,(5,9)),25)),((((11,10),17),15),((22,8),((16,18),30))))),(29,(12,26)));

STEP 45 [Heur. rSPR MC -> NNI_Substep_34] - Distance: 103.0000
((((((3,(14,(27,1))),(13,2)),(19,28)),(6,(20,7))),(((4,(21,23)),((24,(5,9)),25)),((((11,10),17),((22,8),((16,18),30))),15))),(29,(12,26)));

STEP 46 [Heur. rSPR MC -> NNI_Substep_35] - Distance: 101.0000
((((((3,(14,(27,1))),(13,2)),(19,28)),(6,(20,7))),((((4,(21,23)),((24,(5,9)),25)),(((11,10),17),((22,8),((16,18),30)))),15)),(29,(12,26)));

STEP 47 [Heur. rSPR MC -> NNI_Substep_36] - Distance: 109.0000
(((((((3,(14,(27,1))),(13,2)),(19,28)),(6,(20,7))),(((4,(21,23)),((24,(5,9)),25)),(((11,10),17),((22,8),((16,18),30))))),15),(29,(12,26)));

STEP 48 [Heur. rSPR MC -> NNI_Substep_37] - Distance: 101.0000
(((((((3,(14,(27,1))),(13,2)),(19,28)),(6,(20,7))),15),(((4,(21,23)),((24,(5,9)),25)),(((11,10),17),((22,8),((16,18),30))))),(29,(12,26)));

STEP 49 [Heur. rSPR MC -> NNI_Substep_38] - Distance: 97.0000
(((((((3,(14,(27,1))),(13,2)),(19,28)),15),(6,(20,7))),(((4,(21,23)),((24,(5,9)),25)),(((11,10),17),((22,8),((16,18),30))))),(29,(12,26)));

STEP 50 [Heur. rSPR MC -> NNI_Substep_39] - Distance: 94.0000
(((((((3,(14,(27,1))),(13,2)),15),(19,28)),(6,(20,7))),(((4,(21,23)),((24,(5,9)),25)),(((11,10),17),((22,8),((16,18),30))))),(29,(12,26)));

STEP 51 [Heur. rSPR MC -> NNI_Substep_40] - Distance: 93.0000
(((((((3,(14,(27,1))),15),(13,2)),(19,28)),(6,(20,7))),(((4,(21,23)),((24,(5,9)),25)),(((11,10),17),((22,8),((16,18),30))))),(29,(12,26)));

STEP 52 [Heur. rSPR MC -> NNI_Substep_41] - Distance: 91.0000
((((((3,((14,(27,1)),15)),(13,2)),(19,28)),(6,(20,7))),(((4,(21,23)),((24,(5,9)),25)),(((11,10),17),((22,8),((16,18),30))))),(29,(12,26)));

STEP 53 [Heur. rSPR MC -> NNI_Substep_42] - Distance: 88.0000
((((((3,((14,15),(27,1))),(13,2)),(19,28)),(6,(20,7))),(((4,(21,23)),((24,(5,9)),25)),(((11,10),17),((22,8),((16,18),30))))),(29,(12,26)));

STEP 54 [Heur. rSPR MC -> NNI_Substep_43] - Distance: 88.0000
((((((3,((14,15),(27,1))),(13,2)),(19,28)),((6,7),20)),(((4,(21,23)),((24,(5,9)),25)),(((11,10),17),((22,8),((16,18),30))))),(29,(12,26)));

STEP 55 [Heur. rSPR MC -> NNI_Substep_44] - Distance: 96.0000
(((((((3,((14,15),(27,1))),(13,2)),(19,28)),(6,7)),20),(((4,(21,23)),((24,(5,9)),25)),(((11,10),17),((22,8),((16,18),30))))),(29,(12,26)));

STEP 56 [Heur. rSPR MC -> NNI_Substep_45] - Distance: 102.0000
(((((((3,((14,15),(27,1))),(13,2)),(19,28)),(6,7)),(((4,(21,23)),((24,(5,9)),25)),(((11,10),17),((22,8),((16,18),30))))),20),(29,(12,26)));

STEP 57 [Heur. rSPR MC -> NNI_Substep_46] - Distance: 90.0000
((((((3,((14,15),(27,1))),(13,2)),(19,28)),(6,7)),((((4,(21,23)),((24,(5,9)),25)),(((11,10),17),((22,8),((16,18),30)))),20)),(29,(12,26)));

STEP 58 [Heur. rSPR MC -> NNI_Substep_47] - Distance: 90.0000
((((((3,((14,15),(27,1))),(13,2)),(19,28)),(6,7)),(((4,(21,23)),((24,(5,9)),25)),((((11,10),17),((22,8),((16,18),30))),20))),(29,(12,26)));

STEP 59 [Heur. rSPR MC -> NNI_Substep_48] - Distance: 86.0000
((((((3,((14,15),(27,1))),(13,2)),(19,28)),(6,7)),(((4,(21,23)),((24,(5,9)),25)),(((11,10),17),(((22,8),((16,18),30)),20)))),(29,(12,26)));

STEP 60 [Heur. rSPR MC -> NNI_Substep_49] - Distance: 83.0000
((((((3,((14,15),(27,1))),(13,2)),(19,28)),(6,7)),(((4,(21,23)),((24,(5,9)),25)),(((11,10),17),((22,8),(((16,18),30),20))))),(29,(12,26)));

STEP 61 [Heur. rSPR MC -> NNI_Substep_50] - Distance: 80.0000
((((((3,((14,15),(27,1))),(13,2)),(19,28)),(6,7)),(((4,(21,23)),((24,(5,9)),25)),(((11,10),17),((22,8),((16,18),(30,20)))))),(29,(12,26)));

STEP 62 [Heur. rSPR MC -> NNI_Substep_51] - Distance: 80.0000
((((((3,((14,15),(27,1))),(13,2)),(19,28)),(6,7)),((((4,21),23),((24,(5,9)),25)),(((11,10),17),((22,8),((16,18),(30,20)))))),(29,(12,26)));

STEP 63 [Heur. rSPR MC -> NNI_Substep_52] - Distance: 81.0000
((((((3,((14,15),(27,1))),(13,2)),(19,28)),(6,7)),((((4,21),((24,(5,9)),25)),23),(((11,10),17),((22,8),((16,18),(30,20)))))),(29,(12,26)));

STEP 64 [Heur. rSPR MC -> NNI_Substep_53] - Distance: 79.0000
((((((3,((14,15),(27,1))),(13,2)),(19,28)),(6,7)),((((4,21),((24,(5,9)),25)),(((11,10),17),((22,8),((16,18),(30,20))))),23)),(29,(12,26)));

STEP 65 [Heur. rSPR MC -> NNI_Substep_54] - Distance: 89.0000
(((((((3,((14,15),(27,1))),(13,2)),(19,28)),(6,7)),(((4,21),((24,(5,9)),25)),(((11,10),17),((22,8),((16,18),(30,20)))))),23),(29,(12,26)));

STEP 66 [Heur. rSPR MC -> NNI_Substep_55] - Distance: 83.0000
(((((((3,((14,15),(27,1))),(13,2)),(19,28)),(6,7)),23),(((4,21),((24,(5,9)),25)),(((11,10),17),((22,8),((16,18),(30,20)))))),(29,(12,26)));

STEP 67 [Heur. rSPR MC -> NNI_Substep_56] - Distance: 80.0000
(((((((3,((14,15),(27,1))),(13,2)),(19,28)),23),(6,7)),(((4,21),((24,(5,9)),25)),(((11,10),17),((22,8),((16,18),(30,20)))))),(29,(12,26)));

STEP 68 [Heur. rSPR MC -> NNI_Substep_57] - Distance: 74.0000
((((((3,((14,15),(27,1))),(13,2)),((19,28),23)),(6,7)),(((4,21),((24,(5,9)),25)),(((11,10),17),((22,8),((16,18),(30,20)))))),(29,(12,26)));

STEP 69 [Heur. rSPR MC -> NNI_Substep_58] - Distance: 72.0000
((((((3,((14,15),(27,1))),(13,2)),((19,28),23)),(6,7)),((((4,21),((24,(5,9)),25)),(((11,10),17),((22,8),((16,18),(30,20))))),29)),(12,26));

STEP 70 [Heur. rSPR MC -> NNI_Substep_59] - Distance: 75.0000
((((((3,((14,15),(27,1))),(13,2)),((19,28),23)),(6,7)),(((4,21),((24,(5,9)),25)),((((11,10),17),((22,8),((16,18),(30,20)))),29))),(12,26));

STEP 71 [Heur. rSPR MC -> NNI_Substep_60] - Distance: 73.0000
((((((3,((14,15),(27,1))),(13,2)),((19,28),23)),(6,7)),(((4,21),((24,(5,9)),25)),(((11,10),17),(((22,8),((16,18),(30,20))),29)))),(12,26));

STEP 72 [Heur. rSPR MC -> NNI_Substep_61] - Distance: 70.0000
((((((3,((14,15),(27,1))),(13,2)),((19,28),23)),(6,7)),(((4,21),((24,(5,9)),25)),(((11,10),17),(((22,8),29),((16,18),(30,20)))))),(12,26));

STEP 73 [Heur. rSPR MC -> NNI_Substep_62] - Distance: 68.0000
((((((3,((14,15),(27,1))),(13,2)),((19,28),23)),(6,7)),(((4,21),((24,(5,9)),25)),(((11,10),17),(((22,29),8),((16,18),(30,20)))))),(12,26));

STEP 74 [Heur. rSPR MC -> NNI_Substep_63] - Distance: 69.0000
((((((3,((14,15),(27,1))),(13,2)),((19,28),23)),(6,7)),(((4,21),((24,(5,9)),25)),(((11,10),17),(((22,29),8),((18,(30,20)),16))))),(12,26));

STEP 75 [Heur. rSPR MC -> NNI_Substep_64] - Distance: 71.0000
((((((3,((14,15),(27,1))),(13,2)),((19,28),23)),(6,7)),(((4,21),((24,(5,9)),25)),(((11,10),17),((((22,29),8),(18,(30,20))),16)))),(12,26));

STEP 76 [Heur. rSPR MC -> NNI_Substep_65] - Distance: 71.0000
((((((3,((14,15),(27,1))),(13,2)),((19,28),23)),(6,7)),(((4,21),((24,(5,9)),25)),((((11,10),17),(((22,29),8),(18,(30,20)))),16))),(12,26));

STEP 77 [Heur. rSPR MC -> NNI_Substep_66] - Distance: 66.0000
((((((3,((14,15),(27,1))),(13,2)),((19,28),23)),(6,7)),((((4,21),((24,(5,9)),25)),(((11,10),17),(((22,29),8),(18,(30,20))))),16)),(12,26));

STEP 78 [Heur. rSPR MC -> NNI_Substep_67] - Distance: 77.0000
(((((((3,((14,15),(27,1))),(13,2)),((19,28),23)),(6,7)),(((4,21),((24,(5,9)),25)),(((11,10),17),(((22,29),8),(18,(30,20)))))),16),(12,26));

STEP 79 [Heur. rSPR MC -> NNI_Substep_68] - Distance: 62.0000
((((((3,((14,15),(27,1))),(13,2)),((19,23),28)),(6,7)),(((4,21),((24,(5,9)),25)),(((11,10),17),(((22,29),8),(18,(30,20)))))),((12,26),16));

STEP 80 [Heur. rSPR MC -> NNI_Substep_69] - Distance: 66.0000
(((((((3,((14,15),(27,1))),(13,2)),(19,23)),28),(6,7)),(((4,21),((24,(5,9)),25)),(((11,10),17),(((22,29),8),(18,(30,20)))))),((12,26),16));

STEP 81 [Heur. rSPR MC -> NNI_Substep_70] - Distance: 67.0000
(((((((3,((14,15),(27,1))),(13,2)),(19,23)),(6,7)),28),(((4,21),((24,(5,9)),25)),(((11,10),17),(((22,29),8),(18,(30,20)))))),((12,26),16));

STEP 82 [Heur. rSPR MC -> NNI_Substep_71] - Distance: 71.0000
(((((((3,((14,15),(27,1))),(13,2)),(19,23)),(6,7)),(((4,21),((24,(5,9)),25)),(((11,10),17),(((22,29),8),(18,(30,20)))))),28),((12,26),16));

STEP 83 [Heur. rSPR MC -> NNI_Substep_72] - Distance: 56.0000
((((((3,((14,15),(27,1))),(13,2)),(19,23)),(6,7)),(((4,21),((24,(5,9)),25)),(((11,10),17),(((22,29),8),(18,(30,20)))))),(((12,16),26),28));

STEP 84 [Heur. rSPR MC -> NNI_Substep_73] - Distance: 56.0000
((((((3,((14,15),(27,1))),(13,2)),(19,23)),(6,7)),(((4,21),((24,(5,9)),25)),(((11,10),17),(((22,29),8),(18,(30,20)))))),(((12,16),28),26));

STEP 85 [Heur. rSPR MC -> NNI_Substep_74] - Distance: 53.0000
((((((3,((14,15),(27,1))),(13,2)),(19,23)),(6,7)),((((4,21),((24,(5,9)),25)),(((11,10),17),(((22,29),8),(18,(30,20))))),26)),((12,16),28));

STEP 86 [Heur. rSPR MC -> NNI_Substep_75] - Distance: 55.0000
((((((3,((14,15),(27,1))),(13,2)),(19,23)),(6,7)),((((4,21),((24,(5,9)),25)),26),(((11,10),17),(((22,29),8),(18,(30,20)))))),((12,16),28));

STEP 87 [Heur. rSPR MC -> NNI_Substep_76] - Distance: 54.0000
((((((3,((14,15),(27,1))),(13,2)),(19,23)),(6,7)),(((4,21),(((24,(5,9)),25),26)),(((11,10),17),(((22,29),8),(18,(30,20)))))),((12,16),28));

STEP 88 [Heur. rSPR MC -> NNI_Substep_77] - Distance: 52.0000
((((((3,((14,15),(27,1))),(13,2)),(19,23)),(6,7)),(((4,21),(((24,(5,9)),26),25)),(((11,10),17),(((22,29),8),(18,(30,20)))))),((12,16),28));

STEP 89 [Heur. rSPR MC -> NNI_Substep_78] - Distance: 50.0000
((((((3,((14,15),(27,1))),(13,2)),(19,23)),(6,7)),(((4,21),((24,((5,9),26)),25)),(((11,10),17),(((22,29),8),(18,(30,20)))))),((12,16),28));

STEP 90 [Heur. rSPR MC -> NNI_Substep_79] - Distance: 56.0000
(((((((3,((14,15),(27,1))),(13,2)),(19,23)),7),6),(((4,21),((24,((5,9),26)),25)),(((11,10),17),(((22,29),8),(18,(30,20)))))),((12,16),28));

STEP 91 [Heur. rSPR MC -> NNI_Substep_80] - Distance: 61.0000
(((((((3,((14,15),(27,1))),(13,2)),(19,23)),7),(((4,21),((24,((5,9),26)),25)),(((11,10),17),(((22,29),8),(18,(30,20)))))),6),((12,16),28));

STEP 92 [Heur. rSPR MC -> NNI_Substep_81] - Distance: 46.0000
((((((3,((14,15),(27,1))),(13,2)),(19,23)),7),(((4,21),((24,((5,9),26)),25)),(((11,10),17),(((22,29),8),(18,(30,20)))))),(((12,16),6),28));

STEP 93 [Heur. rSPR MC -> NNI_Substep_82] - Distance: 44.0000
((((((3,((14,15),(27,1))),(13,2)),(19,23)),7),(((4,21),((24,((5,9),26)),25)),(((11,10),17),(((22,29),8),(18,(30,20)))))),(((12,6),16),28));

STEP 94 [Heur. rSPR MC -> NNI_Substep_83] - Distance: 46.0000
((((((3,((14,15),(27,1))),(13,2)),(19,23)),7),(((4,21),((24,((5,9),26)),25)),(((11,10),17),(((22,29),(18,(30,20))),8)))),(((12,6),16),28));

STEP 95 [Heur. rSPR MC -> NNI_Substep_84] - Distance: 46.0000
((((((3,((14,15),(27,1))),(13,2)),(19,23)),7),(((4,21),((24,((5,9),26)),25)),((((11,10),17),((22,29),(18,(30,20)))),8))),(((12,6),16),28));

STEP 96 [Heur. rSPR MC -> NNI_Substep_85] - Distance: 40.0000
((((((3,((14,15),(27,1))),(13,2)),(19,23)),7),((((4,21),((24,((5,9),26)),25)),(((11,10),17),((22,29),(18,(30,20))))),8)),(((12,6),16),28));

STEP 97 [Heur. rSPR MC -> NNI_Substep_86] - Distance: 49.0000
(((((((3,((14,15),(27,1))),(13,2)),(19,23)),7),(((4,21),((24,((5,9),26)),25)),(((11,10),17),((22,29),(18,(30,20)))))),8),(((12,6),16),28));

STEP 98 [Heur. rSPR MC -> NNI_Substep_87] - Distance: 45.0000
(((((((3,((14,15),(27,1))),(13,2)),(19,23)),7),8),(((4,21),((24,((5,9),26)),25)),(((11,10),17),((22,29),(18,(30,20)))))),(((12,6),16),28));

STEP 99 [Heur. rSPR MC -> NNI_Substep_88] - Distance: 43.0000
(((((((3,((14,15),(27,1))),(13,2)),(19,23)),8),7),(((4,21),((24,((5,9),26)),25)),(((11,10),17),((22,29),(18,(30,20)))))),(((12,6),16),28));

STEP 100 [Heur. rSPR MC -> NNI_Substep_89] - Distance: 40.0000
(((((((3,((14,15),(27,1))),(13,2)),8),(19,23)),7),(((4,21),((24,((5,9),26)),25)),(((11,10),17),((22,29),(18,(30,20)))))),(((12,6),16),28));

STEP 101 [Heur. rSPR MC -> NNI_Substep_90] - Distance: 38.0000
((((((3,((14,15),(27,1))),((13,2),8)),(19,23)),7),(((4,21),((24,((5,9),26)),25)),(((11,10),17),((22,29),(18,(30,20)))))),(((12,6),16),28));

STEP 102 [Heur. rSPR MC -> NNI_Substep_91] - Distance: 38.0000
((((((3,((14,15),(27,1))),((13,2),8)),(19,23)),7),(((4,21),((24,((9,26),5)),25)),(((11,10),17),((22,29),(18,(30,20)))))),(((12,6),16),28));

STEP 103 [Heur. rSPR MC -> NNI_Substep_92] - Distance: 36.0000
((((((3,((14,15),(27,1))),((13,2),8)),(19,23)),7),(((4,21),(((24,(9,26)),5),25)),(((11,10),17),((22,29),(18,(30,20)))))),(((12,6),16),28));

STEP 104 [Heur. rSPR MC -> NNI_Substep_93] - Distance: 36.0000
((((((3,((14,15),(27,1))),((13,2),8)),(19,23)),7),(((4,21),(((24,(9,26)),25),5)),(((11,10),17),((22,29),(18,(30,20)))))),(((12,6),16),28));

STEP 105 [Heur. rSPR MC -> NNI_Substep_94] - Distance: 35.0000
((((((3,((14,15),(27,1))),((13,2),8)),(19,23)),7),((((4,21),((24,(9,26)),25)),5),(((11,10),17),((22,29),(18,(30,20)))))),(((12,6),16),28));

STEP 106 [Heur. rSPR MC -> NNI_Substep_95] - Distance: 30.0000
((((((3,((14,15),(27,1))),((13,2),8)),(19,23)),7),((((4,21),((24,(9,26)),25)),(((11,10),17),((22,29),(18,(30,20))))),5)),(((12,6),16),28));

STEP 107 [Heur. rSPR MC -> NNI_Substep_96] - Distance: 31.0000
((((((3,((14,15),(27,1))),((13,2),8)),(19,23)),7),(((((4,21),(24,(9,26))),25),(((11,10),17),((22,29),(18,(30,20))))),5)),(((12,6),16),28));

STEP 108 [Heur. rSPR MC -> NNI_Substep_97] - Distance: 36.0000
((((((3,((14,15),(27,1))),((13,2),8)),(19,23)),7),(((((4,21),(24,(9,26))),(((11,10),17),((22,29),(18,(30,20))))),25),5)),(((12,6),16),28));

STEP 109 [Heur. rSPR MC -> NNI_Substep_98] - Distance: 32.0000
((((((3,((14,15),(27,1))),((13,2),8)),(19,23)),7),((((4,21),(24,(9,26))),((((11,10),17),((22,29),(18,(30,20)))),25)),5)),(((12,6),16),28));

STEP 110 [Heur. rSPR MC -> NNI_Substep_99] - Distance: 28.0000
((((((3,((14,15),(27,1))),((13,2),8)),(19,23)),7),((((4,21),(24,(9,26))),(((11,10),17),(((22,29),(18,(30,20))),25))),5)),(((12,6),16),28));

STEP 111 [Heur. rSPR MC -> NNI_Substep_100] - Distance: 24.0000
((((((3,((14,15),(27,1))),((13,2),8)),(19,23)),7),((((4,21),(24,(9,26))),(((11,10),17),(((22,29),25),(18,(30,20))))),5)),(((12,6),16),28));

STEP 112 [Heur. rSPR MC -> NNI_Substep_101] - Distance: 22.0000
((((((3,((14,15),(27,1))),((13,2),8)),(19,23)),7),((((4,21),(24,(9,26))),(((11,10),17),((22,(29,25)),(18,(30,20))))),5)),(((12,6),16),28));

STEP 113 [Heur. rSPR MC -> NNI_Substep_102] - Distance: 24.0000
((((((3,((14,15),(27,1))),((13,2),8)),(19,23)),7),((((4,(24,(9,26))),21),(((11,10),17),((22,(29,25)),(18,(30,20))))),5)),(((12,6),16),28));

STEP 114 [Heur. rSPR MC -> NNI_Substep_103] - Distance: 32.0000
((((((3,((14,15),(27,1))),((13,2),8)),(19,23)),7),((((4,(24,(9,26))),(((11,10),17),((22,(29,25)),(18,(30,20))))),21),5)),(((12,6),16),28));

STEP 115 [Heur. rSPR MC -> NNI_Substep_104] - Distance: 27.0000
((((((3,((14,15),(27,1))),((13,2),8)),(19,23)),7),(((4,(24,(9,26))),((((11,10),17),((22,(29,25)),(18,(30,20)))),21)),5)),(((12,6),16),28));

STEP 116 [Heur. rSPR MC -> NNI_Substep_105] - Distance: 23.0000
((((((3,((14,15),(27,1))),((13,2),8)),(19,23)),7),(((4,(24,(9,26))),(((11,10),17),(((22,(29,25)),(18,(30,20))),21))),5)),(((12,6),16),28));

STEP 117 [Heur. rSPR MC -> NNI_Substep_106] - Distance: 19.0000
((((((3,((14,15),(27,1))),((13,2),8)),(19,23)),7),(((4,(24,(9,26))),(((11,10),17),(((22,(29,25)),21),(18,(30,20))))),5)),(((12,6),16),28));

STEP 118 [Heur. rSPR MC -> NNI_Substep_107] - Distance: 16.0000
((((((3,((14,15),(27,1))),((13,2),8)),(19,23)),7),(((4,(24,(9,26))),(((11,10),17),(((22,21),(29,25)),(18,(30,20))))),5)),(((12,6),16),28));

STEP 119 [Heur. rSPR MC -> NNI_Substep_108] - Distance: 16.0000
((((((3,((14,15),(27,1))),((13,8),2)),(19,23)),7),(((4,(24,(9,26))),(((11,10),17),(((22,21),(29,25)),(18,(30,20))))),5)),(((12,6),16),28));

STEP 120 [Heur. rSPR MC -> NNI_Substep_109] - Distance: 20.0000
(((((((3,((14,15),(27,1))),(13,8)),2),(19,23)),7),(((4,(24,(9,26))),(((11,10),17),(((22,21),(29,25)),(18,(30,20))))),5)),(((12,6),16),28));

STEP 121 [Heur. rSPR MC -> NNI_Substep_110] - Distance: 21.0000
(((((((3,((14,15),(27,1))),(13,8)),(19,23)),2),7),(((4,(24,(9,26))),(((11,10),17),(((22,21),(29,25)),(18,(30,20))))),5)),(((12,6),16),28));

STEP 122 [Heur. rSPR MC -> NNI_Substep_111] - Distance: 21.0000
(((((((3,((14,15),(27,1))),(13,8)),(19,23)),7),2),(((4,(24,(9,26))),(((11,10),17),(((22,21),(29,25)),(18,(30,20))))),5)),(((12,6),16),28));

STEP 123 [Heur. rSPR MC -> NNI_Substep_112] - Distance: 11.0000
((((((3,((14,15),(27,1))),(13,8)),(19,23)),(7,2)),(((4,(24,(9,26))),(((11,10),17),(((22,21),(29,25)),(18,(30,20))))),5)),(((12,6),16),28));

STEP 124 [Heur. rSPR MC -> NNI_Substep_113] - Distance: 15.0000
(((((((3,((14,15),(27,1))),8),13),(19,23)),(7,2)),(((4,(24,(9,26))),(((11,10),17),(((22,21),(29,25)),(18,(30,20))))),5)),(((12,6),16),28));

STEP 125 [Heur. rSPR MC -> NNI_Substep_114] - Distance: 13.0000
(((((((3,((14,15),(27,1))),13),8),(19,23)),(7,2)),(((4,(24,(9,26))),(((11,10),17),(((22,21),(29,25)),(18,(30,20))))),5)),(((12,6),16),28));

STEP 126 [Heur. rSPR MC -> NNI_Substep_115] - Distance: 8.0000
(((((((3,13),((14,15),(27,1))),8),(19,23)),(7,2)),(((4,(24,(9,26))),(((11,10),17),(((22,21),(29,25)),(18,(30,20))))),5)),(((12,6),16),28));

STEP 127 [Heur. rSPR MC -> NNI_Substep_116] - Distance: 14.0000
(((((((3,13),((14,15),(27,1))),8),(19,23)),(7,2)),(((4,(24,(9,26))),(((11,10),(((22,21),(29,25)),(18,(30,20)))),17)),5)),(((12,6),16),28));

STEP 128 [Heur. rSPR MC -> NNI_Substep_117] - Distance: 17.0000
(((((((3,13),((14,15),(27,1))),8),(19,23)),(7,2)),((((4,(24,(9,26))),((11,10),(((22,21),(29,25)),(18,(30,20))))),17),5)),(((12,6),16),28));

STEP 129 [Heur. rSPR MC -> NNI_Substep_118] - Distance: 17.0000
(((((((3,13),((14,15),(27,1))),8),(19,23)),(7,2)),((((4,(24,(9,26))),((11,10),(((22,21),(29,25)),(18,(30,20))))),5),17)),(((12,6),16),28));

STEP 130 [Heur. rSPR MC -> NNI_Substep_119] - Distance: 5.0000
(((((((3,13),((14,15),(27,1))),8),(19,23)),(7,2)),(((4,(24,(9,26))),((11,10),(((22,21),(29,25)),(18,(30,20))))),(5,17))),(((12,6),16),28));

STEP 131 [Heur. rSPR MC -> NNI_Substep_120] - Distance: 11.0000
(((((((3,13),((14,15),(27,1))),8),(19,23)),(7,2)),(((4,(24,(9,26))),((11,(((22,21),(29,25)),(18,(30,20)))),10)),(5,17))),(((12,6),16),28));

STEP 132 [Heur. rSPR MC -> NNI_Substep_121] - Distance: 14.0000
(((((((3,13),((14,15),(27,1))),8),(19,23)),(7,2)),((((4,(24,(9,26))),(11,(((22,21),(29,25)),(18,(30,20))))),10),(5,17))),(((12,6),16),28));

STEP 133 [Heur. rSPR MC -> NNI_Substep_122] - Distance: 15.0000
(((((((3,13),((14,15),(27,1))),8),(19,23)),(7,2)),((((4,(24,(9,26))),(11,(((22,21),(29,25)),(18,(30,20))))),(5,17)),10)),(((12,6),16),28));

STEP 134 [Heur. rSPR MC -> NNI_Substep_123] - Distance: 2.0000
(((((((3,13),((14,15),(27,1))),8),(19,23)),(7,2)),(((4,(24,(9,26))),(11,(((22,21),(29,25)),(18,(30,20))))),((5,17),10))),(((12,6),16),28));

STEP 135 [Heur. rSPR MC -> NNI_Substep_124] - Distance: 0.0000
(((((((3,13),((14,15),(27,1))),8),(19,23)),(7,2)),(((4,(24,(9,26))),(11,(((22,21),(29,25)),(18,(30,20))))),((5,10),17))),(((12,6),16),28));

========================================================
[FINAL] Total Steps: 135 | Final Distance: 0.0000
========================================================
