========================================================
HEURISTIC TRAJECTORY: VND Classic (MS)
========================================================
STEP 0 [START] - Distance: 127.0000
(8,(3,(18,1)),(22,(25,(((((4,(24,(21,15))),(14,7)),(12,(13,5))),((30,20),(19,17))),((((27,(11,28)),(23,2)),(10,(26,(16,29)))),(6,9))))));

STEP 1 [NNI_ClassicHeuristic_MS -> NNI_Substep_1] - Distance: 123.0000
(8,(3,(18,1)),(22,(25,(((((4,(24,(21,15))),(14,7)),(12,(13,5))),((30,20),(19,17))),((((27,(11,28)),(23,2)),(6,9)),(10,(26,(16,29))))))));

STEP 2 [NNI_ClassicHeuristic_MS -> NNI_Substep_2] - Distance: 120.0000
(8,(3,(18,1)),(22,(25,(((((12,(13,5)),(14,7)),(4,(24,(21,15)))),((30,20),(19,17))),((((27,(11,28)),(23,2)),(6,9)),(10,(26,(16,29))))))));

STEP 3 [NNI_ClassicHeuristic_MS -> NNI_Substep_3] - Distance: 118.0000
(8,(3,(18,1)),(22,(25,(((((5,(13,12)),(14,7)),(4,(24,(21,15)))),((30,20),(19,17))),((((27,(11,28)),(23,2)),(6,9)),(10,(26,(16,29))))))));

STEP 4 [NNI_ClassicHeuristic_MS -> NNI_Substep_4] - Distance: 116.0000
(8,(3,(18,1)),(22,(25,(((((5,(13,12)),(14,7)),(4,(24,(21,15)))),((30,20),(19,17))),((((27,(11,28)),(6,9)),(23,2)),(10,(26,(16,29))))))));

STEP 5 [NNI_ClassicHeuristic_MS -> NNI_Substep_5] - Distance: 114.0000
((25,(((((5,(13,12)),(14,7)),(4,(24,(21,15)))),((30,20),(19,17))),((((27,(11,28)),(6,9)),(23,2)),(10,(26,(16,29)))))),(3,(18,1)),(22,8));

STEP 6 [NNI_ClassicHeuristic_MS -> NNI_Substep_6] - Distance: 113.0000
((25,(((((5,(13,12)),(14,7)),(4,(24,(21,15)))),((30,20),(19,17))),(((((6,9),(11,28)),27),(23,2)),(10,(26,(16,29)))))),(3,(18,1)),(22,8));

STEP 7 [NNI_ClassicHeuristic_MS -> NNI_Substep_7] - Distance: 112.0000
((25,(((((5,(13,12)),(14,7)),(4,(24,(21,15)))),((30,20),(19,17))),((((((11,28),9),6),27),(23,2)),(10,(26,(16,29)))))),(3,(18,1)),(22,8));

STEP 8 [NNI_ClassicHeuristic_MS -> NNI_Substep_8] - Distance: 111.0000
((25,(((((5,(13,12)),(14,7)),(4,(24,(21,15)))),((30,20),(19,17))),((((((11,28),9),6),27),(23,2)),((16,29),(26,10))))),(3,(18,1)),(22,8));

STEP 9 [2sECR_ClassicHeuristic_MS -> NNI_Substep_1] - Distance: 111.0000
((25,(((4,(24,(21,15))),(((30,20),(19,17)),((5,(13,12)),(14,7)))),((((((11,28),9),6),27),(23,2)),((16,29),(26,10))))),(3,(18,1)),(22,8));

STEP 10 [2sECR_ClassicHeuristic_MS -> NNI_Substep_2] - Distance: 109.0000
((25,((((30,20),(19,17)),((5,(13,12)),(14,7))),(((((((11,28),9),6),27),(23,2)),((16,29),(26,10))),(4,(24,(21,15)))))),(3,(18,1)),(22,8));

STEP 11 [2sECR_ClassicHeuristic_MS -> NNI_Substep_3] - Distance: 108.0000
((25,((((30,20),(19,17)),((5,(13,12)),(14,7))),((((((11,28),9),6),27),(23,2)),(((16,29),(26,10)),(4,(24,(21,15))))))),(3,(18,1)),(22,8));

STEP 12 [2sECR_ClassicHeuristic_MS -> NNI_Substep_4] - Distance: 109.0000
((25,((((30,20),(19,17)),((5,(13,12)),(14,7))),((((((11,28),9),6),27),(23,2)),(4,(((16,29),(26,10)),(24,(21,15))))))),(3,(18,1)),(22,8));

STEP 13 [2sECR_ClassicHeuristic_MS -> NNI_Substep_5] - Distance: 105.0000
((25,((((30,20),(19,17)),((5,(13,12)),(14,7))),(((((((11,28),9),6),27),(23,2)),4),(((16,29),(26,10)),(24,(21,15)))))),(3,(18,1)),(22,8));

STEP 14 [2sECR_ClassicHeuristic_MS -> NNI_Substep_6] - Distance: 103.0000
((25,((((30,20),(19,17)),((5,(13,12)),(14,7))),((((((11,28),9),6),27),(4,(23,2))),(((16,29),(26,10)),(24,(21,15)))))),(3,(18,1)),(22,8));

STEP 15 [2sECR_ClassicHeuristic_MS -> NNI_Substep_7] - Distance: 101.0000
((25,((((30,20),(19,17)),((5,(13,12)),(14,7))),((((((11,28),9),6),(4,(23,2))),27),(((16,29),(26,10)),(24,(21,15)))))),(3,(18,1)),(22,8));

STEP 16 [2sECR_ClassicHeuristic_MS -> NNI_Substep_8] - Distance: 99.0000
((25,((((30,20),(19,17)),((5,(13,12)),(14,7))),(((((28,(9,11)),6),(4,(23,2))),27),(((16,29),(26,10)),(24,(21,15)))))),(3,(18,1)),(22,8));

STEP 17 [2sECR_ClassicHeuristic_MS -> NNI_Substep_9] - Distance: 99.0000
((25,((((30,20),(19,17)),((13,12),(5,(14,7)))),(((((28,(9,11)),6),(4,(23,2))),27),(((16,29),(26,10)),(24,(21,15)))))),(3,(18,1)),(22,8));

STEP 18 [2sECR_ClassicHeuristic_MS -> NNI_Substep_10] - Distance: 97.0000
((25,((((30,20),(19,17)),((13,12),(7,(5,14)))),(((((28,(9,11)),6),(4,(23,2))),27),(((16,29),(26,10)),(24,(21,15)))))),(3,(18,1)),(22,8));

STEP 19 [2sECR_ClassicHeuristic_MS -> NNI_Substep_11] - Distance: 97.0000
((25,(((13,12),(7,(5,14))),((((((28,(9,11)),6),(4,(23,2))),27),(((16,29),(26,10)),(24,(21,15)))),((30,20),(19,17))))),(3,(18,1)),(22,8));

STEP 20 [2sECR_ClassicHeuristic_MS -> NNI_Substep_12] - Distance: 95.0000
(((25,((13,12),(7,(5,14)))),((((((28,(9,11)),6),(4,(23,2))),27),(((16,29),(26,10)),(24,(21,15)))),((30,20),(19,17)))),(3,(18,1)),(22,8));

STEP 21 [2sECR_ClassicHeuristic_MS -> NNI_Substep_13] - Distance: 93.0000
((((7,(5,14)),(25,(13,12))),((((((28,(9,11)),6),(4,(23,2))),27),(((16,29),(26,10)),(24,(21,15)))),((30,20),(19,17)))),(3,(18,1)),(22,8));

STEP 22 [2sECR_ClassicHeuristic_MS -> NNI_Substep_14] - Distance: 97.0000
(((25,(13,12)),((7,(5,14)),((((((28,(9,11)),6),(4,(23,2))),27),(((16,29),(26,10)),(24,(21,15)))),((30,20),(19,17))))),(3,(18,1)),(22,8));

STEP 23 [2sECR_ClassicHeuristic_MS -> NNI_Substep_15] - Distance: 91.0000
(((25,(13,12)),((((((28,(9,11)),6),(4,(23,2))),27),(((16,29),(26,10)),(24,(21,15)))),((7,(5,14)),((30,20),(19,17))))),(3,(18,1)),(22,8));

STEP 24 [2sECR_ClassicHeuristic_MS -> NNI_Substep_16] - Distance: 92.0000
(((25,(13,12)),((((((28,(9,11)),6),(4,(23,2))),27),(((16,29),(26,10)),(24,(21,15)))),(7,((5,14),((30,20),(19,17)))))),(3,(18,1)),(22,8));

STEP 25 [2sECR_ClassicHeuristic_MS -> NNI_Substep_17] - Distance: 90.0000
(((25,(13,12)),((((((28,(9,11)),6),(4,(23,2))),27),(((16,29),(26,10)),(24,(21,15)))),(7,((30,20),((5,14),(19,17)))))),(3,(18,1)),(22,8));

STEP 26 [2sECR_ClassicHeuristic_MS -> NNI_Substep_18] - Distance: 87.0000
(((25,(13,12)),((((((28,(9,11)),6),(4,(23,2))),27),(((16,29),(26,10)),(24,(21,15)))),((7,(30,20)),((5,14),(19,17))))),(3,(18,1)),(22,8));

STEP 27 [2sECR_ClassicHeuristic_MS -> NNI_Substep_19] - Distance: 88.0000
(((25,(13,12)),((((((28,(9,11)),6),(4,(23,2))),27),((16,((26,10),29)),(24,(21,15)))),((7,(30,20)),((5,14),(19,17))))),(3,(18,1)),(22,8));

STEP 28 [2sECR_ClassicHeuristic_MS -> NNI_Substep_20] - Distance: 86.0000
(((25,(13,12)),((((((28,(9,11)),6),(4,(23,2))),27),(((24,(21,15)),((26,10),29)),16)),((7,(30,20)),((5,14),(19,17))))),(3,(18,1)),(22,8));

STEP 29 [2sECR_ClassicHeuristic_MS -> NNI_Substep_21] - Distance: 85.0000
(((25,(13,12)),((((((28,(9,11)),6),(4,(23,2))),27),(((26,10),((24,(21,15)),29)),16)),((7,(30,20)),((5,14),(19,17))))),(3,(18,1)),(22,8));

STEP 30 [2sECR_ClassicHeuristic_MS -> NNI_Substep_22] - Distance: 82.0000
(((25,(13,12)),((((((28,(9,11)),6),(4,(23,2))),27),(((26,10),((21,15),(29,24))),16)),((7,(30,20)),((5,14),(19,17))))),(3,(18,1)),(22,8));

STEP 31 [2sECR_ClassicHeuristic_MS -> NNI_Substep_23] - Distance: 85.0000
(((25,(13,12)),((((((28,(9,11)),6),(4,(23,2))),27),((26,(((21,15),(29,24)),10)),16)),((7,(30,20)),((5,14),(19,17))))),(3,(18,1)),(22,8));

STEP 32 [2sECR_ClassicHeuristic_MS -> NNI_Substep_24] - Distance: 81.0000
(((25,(13,12)),((((((28,(9,11)),6),(4,(23,2))),27),((((21,15),(29,24)),10),(16,26))),((7,(30,20)),((5,14),(19,17))))),(3,(18,1)),(22,8));

STEP 33 [3sECR_ClassicHeuristic_MS -> NNI_Substep_1] - Distance: 87.0000
(((25,(13,12)),(((((21,15),(29,24)),10),(16,26)),(((((28,(9,11)),6),(4,(23,2))),27),((7,(30,20)),((5,14),(19,17)))))),(3,(18,1)),(22,8));

STEP 34 [3sECR_ClassicHeuristic_MS -> NNI_Substep_2] - Distance: 85.0000
(((25,(13,12)),(((((21,15),(29,24)),10),(16,26)),((((28,(9,11)),6),(4,(23,2))),(27,((7,(30,20)),((5,14),(19,17))))))),(3,(18,1)),(22,8));

STEP 35 [3sECR_ClassicHeuristic_MS -> NNI_Substep_3] - Distance: 81.0000
(((25,(13,12)),(((((21,15),(29,24)),10),(16,26)),((((28,(9,11)),6),(4,(23,2))),((27,((5,14),(19,17))),(7,(30,20)))))),(3,(18,1)),(22,8));

STEP 36 [3sECR_ClassicHeuristic_MS -> NNI_Substep_4] - Distance: 83.0000
(((25,(13,12)),(((((21,15),(29,24)),10),(16,26)),(((((28,(9,11)),6),(4,(23,2))),(7,(30,20))),(27,((5,14),(19,17)))))),(3,(18,1)),(22,8));

STEP 37 [3sECR_ClassicHeuristic_MS -> NNI_Substep_5] - Distance: 77.0000
(((25,(13,12)),((((((21,15),(29,24)),10),(16,26)),((((28,(9,11)),6),(4,(23,2))),(7,(30,20)))),(27,((5,14),(19,17))))),(3,(18,1)),(22,8));

STEP 38 [3sECR_ClassicHeuristic_MS -> NNI_Substep_6] - Distance: 80.0000
(((25,(13,12)),((((((21,15),(29,24)),10),(16,26)),((((28,(9,11)),6),(4,(23,2))),(7,(30,20)))),(27,(((5,14),19),17)))),(3,(18,1)),(22,8));

STEP 39 [3sECR_ClassicHeuristic_MS -> NNI_Substep_7] - Distance: 76.0000
(((25,(13,12)),((((((21,15),(29,24)),10),(16,26)),((((28,(9,11)),6),(4,(23,2))),(7,(30,20)))),((27,17),((5,14),19)))),(3,(18,1)),(22,8));

STEP 40 [3sECR_ClassicHeuristic_MS -> NNI_Substep_8] - Distance: 73.0000
(((25,(13,12)),((((((21,15),(29,24)),10),(16,26)),((((28,(9,11)),6),(4,(23,2))),(7,(30,20)))),(((27,17),(5,14)),19))),(3,(18,1)),(22,8));

STEP 41 [3sECR_ClassicHeuristic_MS -> NNI_Substep_9] - Distance: 77.0000
(((25,(13,12)),(((((((21,15),(29,24)),10),16),26),((((28,(9,11)),6),(4,(23,2))),(7,(30,20)))),(((27,17),(5,14)),19))),(3,(18,1)),(22,8));

STEP 42 [3sECR_ClassicHeuristic_MS -> NNI_Substep_10] - Distance: 77.0000
(((25,(13,12)),((((((21,15),(29,24)),10),16),(26,((((28,(9,11)),6),(4,(23,2))),(7,(30,20))))),(((27,17),(5,14)),19))),(3,(18,1)),(22,8));

STEP 43 [3sECR_ClassicHeuristic_MS -> NNI_Substep_11] - Distance: 71.0000
(((25,(13,12)),((((((21,15),(29,24)),10),16),((26,(7,(30,20))),(((28,(9,11)),6),(4,(23,2))))),(((27,17),(5,14)),19))),(3,(18,1)),(22,8));

STEP 44 [3sECR_ClassicHeuristic_MS -> NNI_Substep_12] - Distance: 71.0000
(((25,(13,12)),((((((21,15),(29,24)),10),16),((((28,(9,11)),6),(4,(23,2))),(26,((7,30),20)))),(((27,17),(5,14)),19))),(3,(18,1)),(22,8));

STEP 45 [3sECR_ClassicHeuristic_MS -> NNI_Substep_13] - Distance: 70.0000
(((25,(13,12)),((((((21,15),(29,24)),10),16),((((28,(9,11)),6),(4,(23,2))),((26,20),(7,30)))),(((27,17),(5,14)),19))),(3,(18,1)),(22,8));

STEP 46 [3sECR_ClassicHeuristic_MS -> NNI_Substep_14] - Distance: 73.0000
(((25,(13,12)),((((27,17),(5,14)),19),(((((21,15),(29,24)),10),16),(((((28,(9,11)),6),(4,(23,2))),(26,20)),(7,30))))),(3,(18,1)),(22,8));

STEP 47 [3sECR_ClassicHeuristic_MS -> NNI_Substep_15] - Distance: 75.0000
(((25,(13,12)),((((27,17),(5,14)),19),((((((21,15),(29,24)),10),16),((((28,(9,11)),6),(4,(23,2))),(26,20))),(7,30)))),(3,(18,1)),(22,8));

STEP 48 [3sECR_ClassicHeuristic_MS -> NNI_Substep_16] - Distance: 68.0000
(((25,(13,12)),(((((27,17),(5,14)),19),(((((21,15),(29,24)),10),16),((((28,(9,11)),6),(4,(23,2))),(26,20)))),(7,30))),(3,(18,1)),(22,8));

STEP 49 [3sECR_ClassicHeuristic_MS -> NNI_Substep_17] - Distance: 65.0000
((((25,(13,12)),((((27,17),(5,14)),19),(((((21,15),(29,24)),10),16),((((28,(9,11)),6),(4,(23,2))),(26,20))))),(7,30)),(3,(18,1)),(22,8));

STEP 50 [3sECR_ClassicHeuristic_MS -> NNI_Substep_18] - Distance: 63.0000
((((25,(13,12)),((((27,17),(5,14)),19),(((((21,15),(29,24)),10),16),((((28,(9,11)),6),((4,23),2)),(26,20))))),(7,30)),(3,(18,1)),(22,8));

STEP 51 [NNI_ClassicHeuristic_MS -> NNI_Substep_1] - Distance: 60.0000
((((25,(13,12)),((((27,17),(5,14)),19),(((((21,15),(29,24)),10),16),((((28,(9,11)),6),((4,23),2)),(26,20))))),(3,(18,1))),(7,30),(22,8));

STEP 52 [NNI_ClassicHeuristic_MS -> NNI_Substep_2] - Distance: 58.0000
((3,(((25,(13,12)),((((27,17),(5,14)),19),(((((21,15),(29,24)),10),16),((((28,(9,11)),6),((4,23),2)),(26,20))))),(18,1))),(7,30),(22,8));

STEP 53 [2sECR_ClassicHeuristic_MS -> NNI_Substep_1] - Distance: 65.0000
((3,((25,(((((27,17),(5,14)),19),(((((21,15),(29,24)),10),16),((((28,(9,11)),6),((4,23),2)),(26,20)))),(13,12))),(18,1))),(7,30),(22,8));

STEP 54 [2sECR_ClassicHeuristic_MS -> NNI_Substep_2] - Distance: 64.0000
((3,(((18,1),(((((27,17),(5,14)),19),(((((21,15),(29,24)),10),16),((((28,(9,11)),6),((4,23),2)),(26,20)))),(13,12))),25)),(7,30),(22,8));

STEP 55 [2sECR_ClassicHeuristic_MS -> NNI_Substep_3] - Distance: 56.0000
((3,((((((27,17),(5,14)),19),(((((21,15),(29,24)),10),16),((((28,(9,11)),6),((4,23),2)),(26,20)))),((18,1),(13,12))),25)),(7,30),(22,8));

STEP 56 [2sECR_ClassicHeuristic_MS -> NNI_Substep_4] - Distance: 57.0000
(7,(30,(3,((((((27,17),(5,14)),19),(((((21,15),(29,24)),10),16),((((28,(9,11)),6),((4,23),2)),(26,20)))),((18,1),(13,12))),25))),(22,8));

STEP 57 [2sECR_ClassicHeuristic_MS -> NNI_Substep_5] - Distance: 55.0000
(7,(((((((27,17),(5,14)),19),(((((21,15),(29,24)),10),16),((((28,(9,11)),6),((4,23),2)),(26,20)))),((18,1),(13,12))),25),(3,30)),(22,8));

STEP 58 [uSPR_ClassicHeuristic_MS -> NNI_Substep_1] - Distance: 55.0000
(7,((((((((27,17),(5,14)),19),(((((21,15),(29,24)),10),16),((((28,(9,11)),6),((4,23),2)),(26,20)))),((18,1),(13,12))),25),(3,30)),8),22);

STEP 59 [uSPR_ClassicHeuristic_MS -> NNI_Substep_2] - Distance: 56.0000
(7,((((((((27,17),(5,14)),19),(((((21,15),(29,24)),10),16),((((28,(9,11)),6),((4,23),2)),(26,20)))),((18,1),(13,12))),25),8),(3,30)),22);

STEP 60 [uSPR_ClassicHeuristic_MS -> NNI_Substep_3] - Distance: 56.0000
(7,((((((((27,17),(5,14)),19),(((((21,15),(29,24)),10),16),((((28,(9,11)),6),((4,23),2)),(26,20)))),((18,1),(13,12))),8),25),(3,30)),22);

STEP 61 [uSPR_ClassicHeuristic_MS -> NNI_Substep_4] - Distance: 59.0000
(7,((((((((27,17),(5,14)),19),(((((21,15),(29,24)),10),16),((((28,(9,11)),6),((4,23),2)),(26,20)))),8),((18,1),(13,12))),25),(3,30)),22);

STEP 62 [uSPR_ClassicHeuristic_MS -> NNI_Substep_5] - Distance: 61.0000
(7,(((((((27,17),(5,14)),19),((((((21,15),(29,24)),10),16),((((28,(9,11)),6),((4,23),2)),(26,20))),8)),((18,1),(13,12))),25),(3,30)),22);

STEP 63 [uSPR_ClassicHeuristic_MS -> NNI_Substep_6] - Distance: 53.0000
(7,(((((((27,17),(5,14)),19),((((((21,15),(29,24)),10),16),8),((((28,(9,11)),6),((4,23),2)),(26,20)))),((18,1),(13,12))),25),(3,30)),22);

STEP 64 [uSPR_ClassicHeuristic_MS -> NNI_Substep_7] - Distance: 51.0000
(7,(((((((27,17),(5,14)),19),((((((21,15),(29,24)),10),8),16),((((28,(9,11)),6),((4,23),2)),(26,20)))),((18,1),(13,12))),25),(3,30)),22);

STEP 65 [uSPR_ClassicHeuristic_MS -> NNI_Substep_8] - Distance: 49.0000
(7,(((((((27,17),(5,14)),19),((((((21,15),(29,24)),8),10),16),((((28,(9,11)),6),((4,23),2)),(26,20)))),((18,1),(13,12))),25),(3,30)),22);

STEP 66 [uSPR_ClassicHeuristic_MS -> NNI_Substep_9] - Distance: 46.0000
(7,(((((((27,17),(5,14)),19),((((((21,15),8),(29,24)),10),16),((((28,(9,11)),6),((4,23),2)),(26,20)))),((18,1),(13,12))),25),(3,30)),22);

STEP 67 [uSPR_ClassicHeuristic_MS -> NNI_Substep_10] - Distance: 44.0000
(7,(((((((27,17),(5,14)),19),((((((21,8),15),(29,24)),10),16),((((28,(9,11)),6),((4,23),2)),(26,20)))),((18,1),(13,12))),25),(3,30)),22);

STEP 68 [uSPR_ClassicHeuristic_MS -> NNI_Substep_11] - Distance: 45.0000
(7,(((((((27,17),(5,14)),19),((((((21,8),15),(29,24)),10),16),((((28,(9,11)),6),((4,23),2)),(26,20)))),((18,(13,12)),1)),25),(3,30)),22);

STEP 69 [uSPR_ClassicHeuristic_MS -> NNI_Substep_12] - Distance: 47.0000
(7,((((((((27,17),(5,14)),19),((((((21,8),15),(29,24)),10),16),((((28,(9,11)),6),((4,23),2)),(26,20)))),(18,(13,12))),1),25),(3,30)),22);

STEP 70 [uSPR_ClassicHeuristic_MS -> NNI_Substep_13] - Distance: 49.0000
(7,((((((((27,17),(5,14)),19),((((((21,8),15),(29,24)),10),16),((((28,(9,11)),6),((4,23),2)),(26,20)))),1),(18,(13,12))),25),(3,30)),22);

STEP 71 [uSPR_ClassicHeuristic_MS -> NNI_Substep_14] - Distance: 51.0000
(7,(((((((27,17),(5,14)),19),(((((((21,8),15),(29,24)),10),16),((((28,(9,11)),6),((4,23),2)),(26,20))),1)),(18,(13,12))),25),(3,30)),22);

STEP 72 [uSPR_ClassicHeuristic_MS -> NNI_Substep_15] - Distance: 49.0000
(7,(((((((27,17),(5,14)),19),((((((21,8),15),(29,24)),10),16),(((((28,(9,11)),6),((4,23),2)),(26,20)),1))),(18,(13,12))),25),(3,30)),22);

STEP 73 [uSPR_ClassicHeuristic_MS -> NNI_Substep_16] - Distance: 46.0000
(7,(((((((27,17),(5,14)),19),((((((21,8),15),(29,24)),10),16),(((((28,(9,11)),6),((4,23),2)),1),(26,20)))),(18,(13,12))),25),(3,30)),22);

STEP 74 [uSPR_ClassicHeuristic_MS -> NNI_Substep_17] - Distance: 41.0000
(7,(((((((27,17),(5,14)),19),((((((21,8),15),(29,24)),10),16),((((28,(9,11)),6),(((4,23),2),1)),(26,20)))),(18,(13,12))),25),(3,30)),22);

STEP 75 [uSPR_ClassicHeuristic_MS -> NNI_Substep_18] - Distance: 38.0000
(7,(((((((27,17),(5,14)),19),((((((21,8),15),(29,24)),10),16),((((28,(9,11)),6),((4,23),(2,1))),(26,20)))),(18,(13,12))),25),(3,30)),22);

STEP 76 [uSPR_ClassicHeuristic_MS -> NNI_Substep_19] - Distance: 38.0000
(7,(((((((27,17),(5,14)),19),((((((21,8),15),(29,24)),10),16),(((((9,11),6),28),((4,23),(2,1))),(26,20)))),(18,(13,12))),25),(3,30)),22);

STEP 77 [uSPR_ClassicHeuristic_MS -> NNI_Substep_20] - Distance: 41.0000
(7,(((((((27,17),(5,14)),19),((((((21,8),15),(29,24)),10),16),(((((9,11),6),((4,23),(2,1))),28),(26,20)))),(18,(13,12))),25),(3,30)),22);

STEP 78 [uSPR_ClassicHeuristic_MS -> NNI_Substep_21] - Distance: 42.0000
(7,(((((((27,17),(5,14)),19),((((((21,8),15),(29,24)),10),16),(((((9,11),6),((4,23),(2,1))),(26,20)),28))),(18,(13,12))),25),(3,30)),22);

STEP 79 [uSPR_ClassicHeuristic_MS -> NNI_Substep_22] - Distance: 46.0000
(7,(((((((27,17),(5,14)),19),(((((((21,8),15),(29,24)),10),16),((((9,11),6),((4,23),(2,1))),(26,20))),28)),(18,(13,12))),25),(3,30)),22);

STEP 80 [uSPR_ClassicHeuristic_MS -> NNI_Substep_23] - Distance: 40.0000
(7,((((((((27,17),(5,14)),19),((((((21,8),15),(29,24)),10),16),((((9,11),6),((4,23),(2,1))),(26,20)))),28),(18,(13,12))),25),(3,30)),22);

STEP 81 [uSPR_ClassicHeuristic_MS -> NNI_Substep_24] - Distance: 36.0000
(7,((((((((27,17),(5,14)),19),((((((21,8),15),(29,24)),10),16),((((9,11),6),((4,23),(2,1))),(26,20)))),(18,(13,12))),28),25),(3,30)),22);

STEP 82 [uSPR_ClassicHeuristic_MS -> NNI_Substep_25] - Distance: 36.0000
(7,((((((((27,17),(5,14)),19),((((((21,8),15),(29,24)),10),16),((((9,11),6),((4,23),(2,1))),(26,20)))),(18,(13,12))),25),28),(3,30)),22);

STEP 83 [uSPR_ClassicHeuristic_MS -> NNI_Substep_26] - Distance: 33.0000
(7,(((((((27,17),(5,14)),19),((((((21,8),15),(29,24)),10),16),((((9,11),6),((4,23),(2,1))),(26,20)))),(18,(13,12))),(25,28)),(3,30)),22);

STEP 84 [uSPR_ClassicHeuristic_MS -> NNI_Substep_27] - Distance: 36.0000
(7,((((((((27,17),(5,14)),19),((((((21,8),15),(29,24)),10),16),((((9,11),6),((4,23),(2,1))),(26,20)))),(18,(13,12))),28),25),(3,30)),22);

STEP 85 [uSPR_ClassicHeuristic_MS -> NNI_Substep_28] - Distance: 36.0000
(7,((((((((27,17),(5,14)),19),((((((21,8),15),(29,24)),10),16),((((9,11),6),((4,23),(2,1))),(26,20)))),(18,(13,12))),25),28),(3,30)),22);

STEP 86 [uSPR_ClassicHeuristic_MS -> NNI_Substep_29] - Distance: 38.0000
(7,((((((((27,17),(5,14)),19),((((((21,8),15),(29,24)),10),16),((((9,11),6),((4,23),(2,1))),(26,20)))),25),(18,(13,12))),28),(3,30)),22);

STEP 87 [uSPR_ClassicHeuristic_MS -> NNI_Substep_30] - Distance: 42.0000
(7,(((((((27,17),(5,14)),19),(((((((21,8),15),(29,24)),10),16),((((9,11),6),((4,23),(2,1))),(26,20))),25)),(18,(13,12))),28),(3,30)),22);

STEP 88 [uSPR_ClassicHeuristic_MS -> NNI_Substep_31] - Distance: 34.0000
(7,(((((((27,17),(5,14)),19),((((((21,8),15),(29,24)),10),16),(((((9,11),6),((4,23),(2,1))),(26,20)),25))),(18,(13,12))),28),(3,30)),22);

STEP 89 [uSPR_ClassicHeuristic_MS -> NNI_Substep_32] - Distance: 31.0000
(7,(((((((27,17),(5,14)),19),((((((21,8),15),(29,24)),10),16),(((((9,11),6),((4,23),(2,1))),25),(26,20)))),(18,(13,12))),28),(3,30)),22);

STEP 90 [uSPR_ClassicHeuristic_MS -> NNI_Substep_33] - Distance: 26.0000
(7,(((((((27,17),(5,14)),19),((((((21,8),15),(29,24)),10),16),(((((9,11),6),25),((4,23),(2,1))),(26,20)))),(18,(13,12))),28),(3,30)),22);

STEP 91 [uSPR_ClassicHeuristic_MS -> NNI_Substep_34] - Distance: 24.0000
(7,(((((((27,17),(5,14)),19),((((((21,8),15),(29,24)),10),16),(((((9,11),25),6),((4,23),(2,1))),(26,20)))),(18,(13,12))),28),(3,30)),22);

STEP 92 [uSPR_ClassicHeuristic_MS -> NNI_Substep_35] - Distance: 25.0000
(7,(((((((27,17),(5,14)),19),((((((21,8),15),(29,24)),10),16),(((((9,11),25),6),(((4,23),1),2)),(26,20)))),(18,(13,12))),28),(3,30)),22);

STEP 93 [uSPR_ClassicHeuristic_MS -> NNI_Substep_36] - Distance: 28.0000
(7,(((((((27,17),(5,14)),19),((((((21,8),15),(29,24)),10),16),((((((9,11),25),6),((4,23),1)),2),(26,20)))),(18,(13,12))),28),(3,30)),22);

STEP 94 [uSPR_ClassicHeuristic_MS -> NNI_Substep_37] - Distance: 29.0000
(7,(((((((27,17),(5,14)),19),((((((21,8),15),(29,24)),10),16),((((((9,11),25),6),((4,23),1)),(26,20)),2))),(18,(13,12))),28),(3,30)),22);

STEP 95 [uSPR_ClassicHeuristic_MS -> NNI_Substep_38] - Distance: 33.0000
(7,(((((((27,17),(5,14)),19),(((((((21,8),15),(29,24)),10),16),(((((9,11),25),6),((4,23),1)),(26,20))),2)),(18,(13,12))),28),(3,30)),22);

STEP 96 [uSPR_ClassicHeuristic_MS -> NNI_Substep_39] - Distance: 27.0000
(7,(((((((27,17),(5,14)),19),(((((((21,8),15),(29,24)),10),16),2),(((((9,11),25),6),((4,23),1)),(26,20)))),(18,(13,12))),28),(3,30)),22);

STEP 97 [uSPR_ClassicHeuristic_MS -> NNI_Substep_40] - Distance: 25.0000
(7,(((((((27,17),(5,14)),19),(((((((21,8),15),(29,24)),10),2),16),(((((9,11),25),6),((4,23),1)),(26,20)))),(18,(13,12))),28),(3,30)),22);

STEP 98 [uSPR_ClassicHeuristic_MS -> NNI_Substep_41] - Distance: 23.0000
(7,(((((((27,17),(5,14)),19),(((((((21,8),15),(29,24)),2),10),16),(((((9,11),25),6),((4,23),1)),(26,20)))),(18,(13,12))),28),(3,30)),22);

STEP 99 [uSPR_ClassicHeuristic_MS -> NNI_Substep_42] - Distance: 20.0000
(7,(((((((27,17),(5,14)),19),(((((((21,8),15),2),(29,24)),10),16),(((((9,11),25),6),((4,23),1)),(26,20)))),(18,(13,12))),28),(3,30)),22);

STEP 100 [uSPR_ClassicHeuristic_MS -> NNI_Substep_43] - Distance: 19.0000
(7,(((((((27,17),(5,14)),19),((((((21,8),(15,2)),(29,24)),10),16),(((((9,11),25),6),((4,23),1)),(26,20)))),(18,(13,12))),28),(3,30)),22);

STEP 101 [uSPR_ClassicHeuristic_MS -> NNI_Substep_44] - Distance: 20.0000
(7,(((((((27,17),(5,14)),19),(((((((21,8),2),15),(29,24)),10),16),(((((9,11),25),6),((4,23),1)),(26,20)))),(18,(13,12))),28),(3,30)),22);

STEP 102 [uSPR_ClassicHeuristic_MS -> NNI_Substep_45] - Distance: 21.0000
(7,(((((((27,17),(5,14)),19),(((((((21,8),2),(29,24)),15),10),16),(((((9,11),25),6),((4,23),1)),(26,20)))),(18,(13,12))),28),(3,30)),22);

STEP 103 [uSPR_ClassicHeuristic_MS -> NNI_Substep_46] - Distance: 21.0000
(7,(((((((27,17),(5,14)),19),(((((((21,8),2),(29,24)),10),15),16),(((((9,11),25),6),((4,23),1)),(26,20)))),(18,(13,12))),28),(3,30)),22);

STEP 104 [uSPR_ClassicHeuristic_MS -> NNI_Substep_47] - Distance: 21.0000
(7,(((((((27,17),(5,14)),19),(((((((21,8),2),(29,24)),10),16),15),(((((9,11),25),6),((4,23),1)),(26,20)))),(18,(13,12))),28),(3,30)),22);

STEP 105 [uSPR_ClassicHeuristic_MS -> NNI_Substep_48] - Distance: 23.0000
(7,(((((((27,17),(5,14)),19),(((((((21,8),2),(29,24)),10),16),(((((9,11),25),6),((4,23),1)),(26,20))),15)),(18,(13,12))),28),(3,30)),22);

STEP 106 [uSPR_ClassicHeuristic_MS -> NNI_Substep_49] - Distance: 19.0000
(7,((((((((27,17),(5,14)),19),((((((21,8),2),(29,24)),10),16),(((((9,11),25),6),((4,23),1)),(26,20)))),15),(18,(13,12))),28),(3,30)),22);

STEP 107 [uSPR_ClassicHeuristic_MS -> NNI_Substep_50] - Distance: 14.0000
(7,((((((((27,17),(5,14)),19),15),((((((21,8),2),(29,24)),10),16),(((((9,11),25),6),((4,23),1)),(26,20)))),(18,(13,12))),28),(3,30)),22);

STEP 108 [uSPR_ClassicHeuristic_MS -> NNI_Substep_51] - Distance: 11.0000
(7,(((((((27,17),(5,14)),(19,15)),((((((21,8),2),(29,24)),10),16),(((((9,11),25),6),((4,23),1)),(26,20)))),(18,(13,12))),28),(3,30)),22);

STEP 109 [uSPR_ClassicHeuristic_MS -> NNI_Substep_52] - Distance: 14.0000
(7,((((((((27,17),(5,14)),15),19),((((((21,8),2),(29,24)),10),16),(((((9,11),25),6),((4,23),1)),(26,20)))),(18,(13,12))),28),(3,30)),22);

STEP 110 [uSPR_ClassicHeuristic_MS -> NNI_Substep_53] - Distance: 17.0000
(7,((((((((27,17),(5,14)),15),((((((21,8),2),(29,24)),10),16),(((((9,11),25),6),((4,23),1)),(26,20)))),19),(18,(13,12))),28),(3,30)),22);

STEP 111 [uSPR_ClassicHeuristic_MS -> NNI_Substep_54] - Distance: 21.0000
(7,(((((((27,17),(5,14)),15),(((((((21,8),2),(29,24)),10),16),(((((9,11),25),6),((4,23),1)),(26,20))),19)),(18,(13,12))),28),(3,30)),22);

STEP 112 [uSPR_ClassicHeuristic_MS -> NNI_Substep_55] - Distance: 15.0000
(7,(((((((27,17),(5,14)),15),((((((21,8),2),(29,24)),10),16),((((((9,11),25),6),((4,23),1)),(26,20)),19))),(18,(13,12))),28),(3,30)),22);

STEP 113 [uSPR_ClassicHeuristic_MS -> NNI_Substep_56] - Distance: 12.0000
(7,(((((((27,17),(5,14)),15),((((((21,8),2),(29,24)),10),16),((((((9,11),25),6),((4,23),1)),19),(26,20)))),(18,(13,12))),28),(3,30)),22);

STEP 114 [uSPR_ClassicHeuristic_MS -> NNI_Substep_57] - Distance: 7.0000
(7,(((((((27,17),(5,14)),15),((((((21,8),2),(29,24)),10),16),(((((9,11),25),6),(((4,23),1),19)),(26,20)))),(18,(13,12))),28),(3,30)),22);

STEP 115 [uSPR_ClassicHeuristic_MS -> NNI_Substep_58] - Distance: 4.0000
(7,(((((((27,17),(5,14)),15),((((((21,8),2),(29,24)),10),16),(((((9,11),25),6),((4,23),(1,19))),(26,20)))),(18,(13,12))),28),(3,30)),22);

STEP 116 [uSPR_ClassicHeuristic_MS -> NNI_Substep_59] - Distance: 3.0000
(7,(((((((27,17),(5,14)),15),((((((21,8),2),(29,24)),10),16),(((((9,11),25),6),((4,23),(1,19))),(26,20)))),(18,(13,12))),(3,30)),28),22);

STEP 117 [uSPR_ClassicHeuristic_MS -> NNI_Substep_60] - Distance: 3.0000
(7,((((((((27,17),(5,14)),15),((((((21,8),2),(29,24)),10),16),(((((9,11),25),6),((4,23),(1,19))),(26,20)))),(18,(13,12))),3),30),28),22);

STEP 118 [uSPR_ClassicHeuristic_MS -> NNI_Substep_61] - Distance: 3.0000
(7,((((((((27,17),(5,14)),15),((((((21,8),2),(29,24)),10),16),(((((9,11),25),6),((4,23),(1,19))),(26,20)))),(18,(13,12))),3),28),30),22);

STEP 119 [uSPR_ClassicHeuristic_MS -> NNI_Substep_62] - Distance: 0.0000
(7,(((((((27,17),(5,14)),15),((((((21,8),2),(29,24)),10),16),(((((9,11),25),6),((4,23),(1,19))),(26,20)))),(18,(13,12))),3),(28,30)),22);

========================================================
[FINAL] Total Steps: 119 | Final Distance: 0.0000
========================================================
