========================================================
HEURISTIC TRAJECTORY: VND Incremental (MC_RF)
========================================================
STEP 0 [START] - Distance: 158.0000
(((((23,(17,28)),(5,(21,10))),(14,1)),((6,8),(((19,(20,11)),(3,(27,(22,24)))),(25,(9,16))))),(18,((7,(4,13)),((2,(26,15)),(12,(30,29))))));

STEP 1 [NNI_IncrementalHeuristic_MC_RF -> NNI_Substep_1] - Distance: 146.0000
(18,(((((23,(17,28)),(14,1)),(5,(21,10))),((6,8),(((19,(20,11)),(3,(27,(22,24)))),(25,(9,16))))),((7,(4,13)),((2,(26,15)),(12,(30,29))))));

STEP 2 [NNI_IncrementalHeuristic_MC_RF -> NNI_Substep_2] - Distance: 143.0000
(18,(((((23,(17,28)),(14,1)),(5,(21,10))),((6,8),(((19,(20,11)),((22,24),(27,3))),(25,(9,16))))),((7,(4,13)),((2,(26,15)),(12,(30,29))))));

STEP 3 [NNI_IncrementalHeuristic_MC_RF -> NNI_Substep_3] - Distance: 142.0000
(18,(((((23,(17,28)),(14,1)),((6,8),(((19,(20,11)),((22,24),(27,3))),(25,(9,16))))),(5,(21,10))),((7,(4,13)),((2,(26,15)),(12,(30,29))))));

STEP 4 [NNI_IncrementalHeuristic_MC_RF -> NNI_Substep_4] - Distance: 141.0000
(18,((((((19,(20,11)),((22,24),(27,3))),(25,(9,16))),((6,8),((23,(17,28)),(14,1)))),(5,(21,10))),((7,(4,13)),((2,(26,15)),(12,(30,29))))));

STEP 5 [NNI_IncrementalHeuristic_MC_RF -> NNI_Substep_5] - Distance: 139.0000
(18,((((7,(4,13)),((2,(26,15)),(12,(30,29)))),(5,(21,10))),((((19,(20,11)),((22,24),(27,3))),(25,(9,16))),((6,8),((23,(17,28)),(14,1))))));

STEP 6 [NNI_IncrementalHeuristic_MC_RF -> NNI_Substep_6] - Distance: 137.0000
(18,((((7,(4,13)),((2,(26,15)),(12,(30,29)))),(5,(21,10))),((((19,(20,11)),((22,24),(27,3))),((6,8),((23,(17,28)),(14,1)))),(25,(9,16)))));

STEP 7 [NNI_IncrementalHeuristic_MC_RF -> NNI_Substep_7] - Distance: 136.0000
(18,((((7,(4,13)),(5,(21,10))),((2,(26,15)),(12,(30,29)))),((((19,(20,11)),((22,24),(27,3))),((6,8),((23,(17,28)),(14,1)))),(25,(9,16)))));

STEP 8 [NNI_IncrementalHeuristic_MC_RF -> NNI_Substep_8] - Distance: 135.0000
(18,((((21,10),(5,(7,(4,13)))),((2,(26,15)),(12,(30,29)))),((((19,(20,11)),((22,24),(27,3))),((6,8),((23,(17,28)),(14,1)))),(25,(9,16)))));

STEP 9 [NNI_IncrementalHeuristic_MC_RF -> NNI_Substep_9] - Distance: 133.0000
(18,((((21,10),(7,(5,(4,13)))),((2,(26,15)),(12,(30,29)))),((((19,(20,11)),((22,24),(27,3))),((6,8),((23,(17,28)),(14,1)))),(25,(9,16)))));

STEP 10 [NNI_IncrementalHeuristic_MC_RF -> NNI_Substep_10] - Distance: 132.0000
(18,((((21,10),(7,(5,(4,13)))),((2,(26,15)),(12,(30,29)))),((((19,(20,11)),((6,8),((23,(17,28)),(14,1)))),((22,24),(27,3))),(25,(9,16)))));

STEP 11 [NNI_IncrementalHeuristic_MC_RF -> NNI_Substep_11] - Distance: 131.0000
(18,((((21,10),(7,(5,(4,13)))),((2,(26,15)),(12,(30,29)))),(((25,(9,16)),((22,24),(27,3))),((19,(20,11)),((6,8),((23,(17,28)),(14,1)))))));

STEP 12 [NNI_IncrementalHeuristic_MC_RF -> NNI_Substep_12] - Distance: 128.0000
(18,((((21,10),(7,(5,(4,13)))),((2,(26,15)),(12,(30,29)))),(((25,(9,16)),((22,24),(27,3))),((6,8),((19,(20,11)),((23,(17,28)),(14,1)))))));

STEP 13 [TBR_IncrementalHeuristic_MC_RF -> NNI_Substep_1] - Distance: 131.0000
(18,((((21,10),(7,(5,(4,13)))),((2,(26,15)),(12,(30,29)))),((((9,16),((22,24),(27,3))),25),((6,8),((19,(20,11)),((23,(17,28)),(14,1)))))));

STEP 14 [TBR_IncrementalHeuristic_MC_RF -> NNI_Substep_2] - Distance: 136.0000
(18,((((21,10),(7,(5,(4,13)))),((2,(26,15)),(12,(30,29)))),((((9,16),((22,24),(27,3))),((6,8),((19,(20,11)),((23,(17,28)),(14,1))))),25)));

STEP 15 [TBR_IncrementalHeuristic_MC_RF -> NNI_Substep_3] - Distance: 137.0000
(18,(((((21,10),(7,(5,(4,13)))),((2,(26,15)),(12,(30,29)))),(((9,16),((22,24),(27,3))),((6,8),((19,(20,11)),((23,(17,28)),(14,1)))))),25));

STEP 16 [TBR_IncrementalHeuristic_MC_RF -> NNI_Substep_4] - Distance: 130.0000
(18,(((((21,10),(7,(5,(4,13)))),((2,(26,15)),(12,(30,29)))),25),(((9,16),((22,24),(27,3))),((6,8),((19,(20,11)),((23,(17,28)),(14,1)))))));

STEP 17 [TBR_IncrementalHeuristic_MC_RF -> NNI_Substep_5] - Distance: 127.0000
(18,(((((21,10),(7,(5,(4,13)))),25),((2,(26,15)),(12,(30,29)))),(((9,16),((22,24),(27,3))),((6,8),((19,(20,11)),((23,(17,28)),(14,1)))))));

STEP 18 [TBR_IncrementalHeuristic_MC_RF -> NNI_Substep_6] - Distance: 124.0000
(18,((((21,10),((7,(5,(4,13))),25)),((2,(26,15)),(12,(30,29)))),(((9,16),((22,24),(27,3))),((6,8),((19,(20,11)),((23,(17,28)),(14,1)))))));

STEP 19 [TBR_IncrementalHeuristic_MC_RF -> NNI_Substep_7] - Distance: 120.0000
(18,((((21,10),((7,25),(5,(4,13)))),((2,(26,15)),(12,(30,29)))),(((9,16),((22,24),(27,3))),((6,8),((19,(20,11)),((23,(17,28)),(14,1)))))));

STEP 20 [TBR_IncrementalHeuristic_MC_RF -> NNI_Substep_8] - Distance: 122.0000
(18,((((21,10),((7,25),(5,(4,13)))),(((26,15),(12,(30,29))),2)),(((9,16),((22,24),(27,3))),((6,8),((19,(20,11)),((23,(17,28)),(14,1)))))));

STEP 21 [TBR_IncrementalHeuristic_MC_RF -> NNI_Substep_9] - Distance: 124.0000
(18,(((((21,10),((7,25),(5,(4,13)))),((26,15),(12,(30,29)))),2),(((9,16),((22,24),(27,3))),((6,8),((19,(20,11)),((23,(17,28)),(14,1)))))));

STEP 22 [TBR_IncrementalHeuristic_MC_RF -> NNI_Substep_10] - Distance: 129.0000
(18,(((((21,10),((7,25),(5,(4,13)))),((26,15),(12,(30,29)))),(((9,16),((22,24),(27,3))),((6,8),((19,(20,11)),((23,(17,28)),(14,1)))))),2));

STEP 23 [TBR_IncrementalHeuristic_MC_RF -> NNI_Substep_11] - Distance: 124.0000
(18,((((21,10),((7,25),(5,(4,13)))),((26,15),(12,(30,29)))),((((9,16),((22,24),(27,3))),((6,8),((19,(20,11)),((23,(17,28)),(14,1))))),2)));

STEP 24 [TBR_IncrementalHeuristic_MC_RF -> NNI_Substep_12] - Distance: 121.0000
(18,((((21,10),((7,25),(5,(4,13)))),((26,15),(12,(30,29)))),(((9,16),((22,24),(27,3))),(((6,8),((19,(20,11)),((23,(17,28)),(14,1)))),2))));

STEP 25 [TBR_IncrementalHeuristic_MC_RF -> NNI_Substep_13] - Distance: 118.0000
(18,((((21,10),((7,25),(5,(4,13)))),((26,15),(12,(30,29)))),(((9,16),((22,24),(27,3))),((6,8),(((19,(20,11)),((23,(17,28)),(14,1))),2)))));

STEP 26 [TBR_IncrementalHeuristic_MC_RF -> NNI_Substep_14] - Distance: 114.0000
(18,((((21,10),((7,25),(5,(4,13)))),((26,15),(12,(30,29)))),(((9,16),((22,24),(27,3))),((6,8),(((19,(20,11)),2),((23,(17,28)),(14,1)))))));

STEP 27 [TBR_IncrementalHeuristic_MC_RF -> NNI_Substep_15] - Distance: 112.0000
(18,((((21,10),((7,25),(5,(4,13)))),((26,15),(12,(30,29)))),(((9,16),((22,24),(27,3))),((6,8),((19,((20,11),2)),((23,(17,28)),(14,1)))))));

STEP 28 [TBR_IncrementalHeuristic_MC_RF -> NNI_Substep_16] - Distance: 112.0000
(18,((((21,10),((7,25),(5,(4,13)))),((26,15),(12,(30,29)))),(((9,16),((22,24),(27,3))),((6,8),((19,((20,2),11)),((23,(17,28)),(14,1)))))));

STEP 29 [TBR_IncrementalHeuristic_MC_RF -> NNI_Substep_17] - Distance: 112.0000
(18,((((21,10),((7,25),(5,(4,13)))),((26,15),(12,(30,29)))),(((9,16),((22,24),(27,3))),((6,8),(((19,(20,2)),11),((23,(17,28)),(14,1)))))));

STEP 30 [TBR_IncrementalHeuristic_MC_RF -> NNI_Substep_18] - Distance: 114.0000
(18,((((21,10),((7,25),(5,(4,13)))),((26,15),(12,(30,29)))),(((9,16),((22,24),(27,3))),((6,8),(((19,(20,2)),((23,(17,28)),(14,1))),11)))));

STEP 31 [TBR_IncrementalHeuristic_MC_RF -> NNI_Substep_19] - Distance: 117.0000
(18,((((21,10),((7,25),(5,(4,13)))),((26,15),(12,(30,29)))),(((9,16),((22,24),(27,3))),(((6,8),((19,(20,2)),((23,(17,28)),(14,1)))),11))));

STEP 32 [TBR_IncrementalHeuristic_MC_RF -> NNI_Substep_20] - Distance: 120.0000
(18,((((21,10),((7,25),(5,(4,13)))),((26,15),(12,(30,29)))),((((9,16),((22,24),(27,3))),((6,8),((19,(20,2)),((23,(17,28)),(14,1))))),11)));

STEP 33 [TBR_IncrementalHeuristic_MC_RF -> NNI_Substep_21] - Distance: 113.0000
(18,((((21,10),((7,25),(5,(4,13)))),((26,15),(12,(30,29)))),((((9,16),((22,24),(27,3))),11),((6,8),((19,(20,2)),((23,(17,28)),(14,1)))))));

STEP 34 [TBR_IncrementalHeuristic_MC_RF -> NNI_Substep_22] - Distance: 108.0000
(18,((((21,10),((7,25),(5,(4,13)))),((26,15),(12,(30,29)))),((((9,16),11),((22,24),(27,3))),((6,8),((19,(20,2)),((23,(17,28)),(14,1)))))));

STEP 35 [TBR_IncrementalHeuristic_MC_RF -> NNI_Substep_23] - Distance: 108.0000
(18,((((21,10),((7,25),(5,(4,13)))),((26,15),(12,(30,29)))),((((9,11),16),((22,24),(27,3))),((6,8),((19,(20,2)),((23,(17,28)),(14,1)))))));

STEP 36 [TBR_IncrementalHeuristic_MC_RF -> NNI_Substep_24] - Distance: 115.0000
(18,((((21,10),((7,25),(5,(4,13)))),((26,15),(12,(30,29)))),((((9,11),16),((22,24),(27,3))),((8,((19,(20,2)),((23,(17,28)),(14,1)))),6))));

STEP 37 [TBR_IncrementalHeuristic_MC_RF -> NNI_Substep_25] - Distance: 115.0000
(18,((((21,10),((7,25),(5,(4,13)))),((26,15),(12,(30,29)))),(((((9,11),16),((22,24),(27,3))),(8,((19,(20,2)),((23,(17,28)),(14,1))))),6)));

STEP 38 [TBR_IncrementalHeuristic_MC_RF -> NNI_Substep_26] - Distance: 118.0000
(18,(((((21,10),((7,25),(5,(4,13)))),((26,15),(12,(30,29)))),((((9,11),16),((22,24),(27,3))),(8,((19,(20,2)),((23,(17,28)),(14,1)))))),6));

STEP 39 [TBR_IncrementalHeuristic_MC_RF -> NNI_Substep_27] - Distance: 111.0000
(18,(((((21,10),((7,25),(5,(4,13)))),((26,15),(12,(30,29)))),6),((((9,11),16),((22,24),(27,3))),(8,((19,(20,2)),((23,(17,28)),(14,1)))))));

STEP 40 [TBR_IncrementalHeuristic_MC_RF -> NNI_Substep_28] - Distance: 109.0000
(18,(((((21,10),((7,25),(5,(4,13)))),6),((26,15),(12,(30,29)))),((((9,11),16),((22,24),(27,3))),(8,((19,(20,2)),((23,(17,28)),(14,1)))))));

STEP 41 [TBR_IncrementalHeuristic_MC_RF -> NNI_Substep_29] - Distance: 106.0000
(18,((((21,10),(((7,25),(5,(4,13))),6)),((26,15),(12,(30,29)))),((((9,11),16),((22,24),(27,3))),(8,((19,(20,2)),((23,(17,28)),(14,1)))))));

STEP 42 [TBR_IncrementalHeuristic_MC_RF -> NNI_Substep_30] - Distance: 103.0000
(18,((((21,10),((7,25),((5,(4,13)),6))),((26,15),(12,(30,29)))),((((9,11),16),((22,24),(27,3))),(8,((19,(20,2)),((23,(17,28)),(14,1)))))));

STEP 43 [TBR_IncrementalHeuristic_MC_RF -> NNI_Substep_31] - Distance: 103.0000
(18,((((21,10),((7,25),(5,((4,13),6)))),((26,15),(12,(30,29)))),((((9,11),16),((22,24),(27,3))),(8,((19,(20,2)),((23,(17,28)),(14,1)))))));

STEP 44 [TBR_IncrementalHeuristic_MC_RF -> NNI_Substep_32] - Distance: 101.0000
(18,((((21,10),((7,25),(5,(4,(13,6))))),((26,15),(12,(30,29)))),((((9,11),16),((22,24),(27,3))),(8,((19,(20,2)),((23,(17,28)),(14,1)))))));

STEP 45 [TBR_IncrementalHeuristic_MC_RF -> NNI_Substep_33] - Distance: 101.0000
(18,((((21,10),((7,25),(5,(4,(13,6))))),((26,15),((12,29),30))),((((9,11),16),((22,24),(27,3))),(8,((19,(20,2)),((23,(17,28)),(14,1)))))));

STEP 46 [TBR_IncrementalHeuristic_MC_RF -> NNI_Substep_34] - Distance: 100.0000
(18,((((21,10),((7,25),(5,(4,(13,6))))),(((26,15),(12,29)),30)),((((9,11),16),((22,24),(27,3))),(8,((19,(20,2)),((23,(17,28)),(14,1)))))));

STEP 47 [TBR_IncrementalHeuristic_MC_RF -> NNI_Substep_35] - Distance: 103.0000
(18,(((((21,10),((7,25),(5,(4,(13,6))))),((26,15),(12,29))),30),((((9,11),16),((22,24),(27,3))),(8,((19,(20,2)),((23,(17,28)),(14,1)))))));

STEP 48 [TBR_IncrementalHeuristic_MC_RF -> NNI_Substep_36] - Distance: 100.0000
(18,(((((21,10),((7,25),(5,(4,(13,6))))),30),((26,15),(12,29))),((((9,11),16),((22,24),(27,3))),(8,((19,(20,2)),((23,(17,28)),(14,1)))))));

STEP 49 [TBR_IncrementalHeuristic_MC_RF -> NNI_Substep_37] - Distance: 97.0000
(18,((((21,10),(((7,25),(5,(4,(13,6)))),30)),((26,15),(12,29))),((((9,11),16),((22,24),(27,3))),(8,((19,(20,2)),((23,(17,28)),(14,1)))))));

STEP 50 [TBR_IncrementalHeuristic_MC_RF -> NNI_Substep_38] - Distance: 94.0000
(18,((((21,10),((7,25),((5,(4,(13,6))),30))),((26,15),(12,29))),((((9,11),16),((22,24),(27,3))),(8,((19,(20,2)),((23,(17,28)),(14,1)))))));

STEP 51 [TBR_IncrementalHeuristic_MC_RF -> NNI_Substep_39] - Distance: 94.0000
(18,((((21,10),((7,25),(5,((4,(13,6)),30)))),((26,15),(12,29))),((((9,11),16),((22,24),(27,3))),(8,((19,(20,2)),((23,(17,28)),(14,1)))))));

STEP 52 [TBR_IncrementalHeuristic_MC_RF -> NNI_Substep_40] - Distance: 92.0000
(18,((((21,10),((7,25),(5,(4,((13,6),30))))),((26,15),(12,29))),((((9,11),16),((22,24),(27,3))),(8,((19,(20,2)),((23,(17,28)),(14,1)))))));

STEP 53 [TBR_IncrementalHeuristic_MC_RF -> NNI_Substep_41] - Distance: 93.0000
(18,((((21,10),((7,25),(5,(4,((13,6),30))))),((26,15),(12,29))),((((9,11),16),((22,24),(27,3))),(8,((19,(20,2)),(((17,28),(14,1)),23))))));

STEP 54 [TBR_IncrementalHeuristic_MC_RF -> NNI_Substep_42] - Distance: 95.0000
(18,((((21,10),((7,25),(5,(4,((13,6),30))))),((26,15),(12,29))),((((9,11),16),((22,24),(27,3))),(8,(((19,(20,2)),((17,28),(14,1))),23)))));

STEP 55 [TBR_IncrementalHeuristic_MC_RF -> NNI_Substep_43] - Distance: 95.0000
(18,((((21,10),((7,25),(5,(4,((13,6),30))))),((26,15),(12,29))),((((9,11),16),((22,24),(27,3))),((8,((19,(20,2)),((17,28),(14,1)))),23))));

STEP 56 [TBR_IncrementalHeuristic_MC_RF -> NNI_Substep_44] - Distance: 97.0000
(18,((((21,10),((7,25),(5,(4,((13,6),30))))),((26,15),(12,29))),(((((9,11),16),((22,24),(27,3))),(8,((19,(20,2)),((17,28),(14,1))))),23)));

STEP 57 [TBR_IncrementalHeuristic_MC_RF -> NNI_Substep_45] - Distance: 92.0000
(18,((((21,10),((7,25),(5,(4,((13,6),30))))),((26,15),(12,29))),(((((9,11),16),((22,24),(27,3))),23),(8,((19,(20,2)),((17,28),(14,1)))))));

STEP 58 [TBR_IncrementalHeuristic_MC_RF -> NNI_Substep_46] - Distance: 89.0000
(18,((((21,10),((7,25),(5,(4,((13,6),30))))),((26,15),(12,29))),(((((9,11),16),23),((22,24),(27,3))),(8,((19,(20,2)),((17,28),(14,1)))))));

STEP 59 [TBR_IncrementalHeuristic_MC_RF -> NNI_Substep_47] - Distance: 86.0000
(18,((((21,10),((7,25),(5,(4,((13,6),30))))),((26,15),(12,29))),((((9,11),(16,23)),((22,24),(27,3))),(8,((19,(20,2)),((17,28),(14,1)))))));

STEP 60 [TBR_IncrementalHeuristic_MC_RF -> NNI_Substep_48] - Distance: 84.0000
(18,((((21,10),((7,25),((5,((13,6),30)),4))),((26,15),(12,29))),((((9,11),(16,23)),((22,24),(27,3))),(8,((19,(20,2)),((17,28),(14,1)))))));

STEP 61 [TBR_IncrementalHeuristic_MC_RF -> NNI_Substep_49] - Distance: 85.0000
(18,((((21,10),(((7,25),(5,((13,6),30))),4)),((26,15),(12,29))),((((9,11),(16,23)),((22,24),(27,3))),(8,((19,(20,2)),((17,28),(14,1)))))));

STEP 62 [TBR_IncrementalHeuristic_MC_RF -> NNI_Substep_50] - Distance: 86.0000
(18,(((((21,10),((7,25),(5,((13,6),30)))),4),((26,15),(12,29))),((((9,11),(16,23)),((22,24),(27,3))),(8,((19,(20,2)),((17,28),(14,1)))))));

STEP 63 [TBR_IncrementalHeuristic_MC_RF -> NNI_Substep_51] - Distance: 87.0000
(18,(((((21,10),((7,25),(5,((13,6),30)))),((26,15),(12,29))),4),((((9,11),(16,23)),((22,24),(27,3))),(8,((19,(20,2)),((17,28),(14,1)))))));

STEP 64 [TBR_IncrementalHeuristic_MC_RF -> NNI_Substep_52] - Distance: 96.0000
(18,(((((21,10),((7,25),(5,((13,6),30)))),((26,15),(12,29))),((((9,11),(16,23)),((22,24),(27,3))),(8,((19,(20,2)),((17,28),(14,1)))))),4));

STEP 65 [TBR_IncrementalHeuristic_MC_RF -> NNI_Substep_53] - Distance: 93.0000
(18,((((21,10),((7,25),(5,((13,6),30)))),((26,15),(12,29))),(((((9,11),(16,23)),((22,24),(27,3))),(8,((19,(20,2)),((17,28),(14,1))))),4)));

STEP 66 [TBR_IncrementalHeuristic_MC_RF -> NNI_Substep_54] - Distance: 90.0000
(18,((((21,10),((7,25),(5,((13,6),30)))),((26,15),(12,29))),(((((9,11),(16,23)),((22,24),(27,3))),4),(8,((19,(20,2)),((17,28),(14,1)))))));

STEP 67 [TBR_IncrementalHeuristic_MC_RF -> NNI_Substep_55] - Distance: 87.0000
(18,((((21,10),((7,25),(5,((13,6),30)))),((26,15),(12,29))),(((((9,11),(16,23)),4),((22,24),(27,3))),(8,((19,(20,2)),((17,28),(14,1)))))));

STEP 68 [TBR_IncrementalHeuristic_MC_RF -> NNI_Substep_56] - Distance: 86.0000
(18,((((21,10),((7,25),(5,((13,6),30)))),((26,15),(12,29))),((((9,11),((16,23),4)),((22,24),(27,3))),(8,((19,(20,2)),((17,28),(14,1)))))));

STEP 69 [TBR_IncrementalHeuristic_MC_RF -> NNI_Substep_57] - Distance: 89.0000
(18,((((21,10),((7,25),(5,((13,6),30)))),((26,15),(12,29))),(((((9,11),((16,23),4)),(22,24)),(27,3)),(8,((19,(20,2)),((17,28),(14,1)))))));

STEP 70 [TBR_IncrementalHeuristic_MC_RF -> NNI_Substep_58] - Distance: 91.0000
(18,((((21,10),((7,25),(5,((13,6),30)))),((26,15),(12,29))),(((((9,11),((16,23),4)),(22,24)),(8,((19,(20,2)),((17,28),(14,1))))),(27,3))));

STEP 71 [TBR_IncrementalHeuristic_MC_RF -> NNI_Substep_59] - Distance: 93.0000
(18,(((((21,10),((7,25),(5,((13,6),30)))),((26,15),(12,29))),((((9,11),((16,23),4)),(22,24)),(8,((19,(20,2)),((17,28),(14,1)))))),(27,3)));

STEP 72 [TBR_IncrementalHeuristic_MC_RF -> NNI_Substep_60] - Distance: 84.0000
(18,(((((21,10),((7,25),(5,((13,6),30)))),((26,15),(12,29))),(27,3)),((((9,11),((16,23),4)),(22,24)),(8,((19,(20,2)),((17,28),(14,1)))))));

STEP 73 [TBR_IncrementalHeuristic_MC_RF -> NNI_Substep_61] - Distance: 80.0000
(18,(((((21,10),((7,25),(5,((13,6),30)))),(27,3)),((26,15),(12,29))),((((9,11),((16,23),4)),(22,24)),(8,((19,(20,2)),((17,28),(14,1)))))));

STEP 74 [TBR_IncrementalHeuristic_MC_RF -> NNI_Substep_62] - Distance: 76.0000
(18,((((21,10),(((7,25),(5,((13,6),30))),(27,3))),((26,15),(12,29))),((((9,11),((16,23),4)),(22,24)),(8,((19,(20,2)),((17,28),(14,1)))))));

STEP 75 [TBR_IncrementalHeuristic_MC_RF -> NNI_Substep_63] - Distance: 72.0000
(18,((((21,10),((7,25),((5,((13,6),30)),(27,3)))),((26,15),(12,29))),((((9,11),((16,23),4)),(22,24)),(8,((19,(20,2)),((17,28),(14,1)))))));

STEP 76 [TBR_IncrementalHeuristic_MC_RF -> NNI_Substep_64] - Distance: 79.0000
(18,((((10,((7,25),((5,((13,6),30)),(27,3)))),21),((26,15),(12,29))),((((9,11),((16,23),4)),(22,24)),(8,((19,(20,2)),((17,28),(14,1)))))));

STEP 77 [TBR_IncrementalHeuristic_MC_RF -> NNI_Substep_65] - Distance: 82.0000
(18,((((10,((7,25),((5,((13,6),30)),(27,3)))),((26,15),(12,29))),21),((((9,11),((16,23),4)),(22,24)),(8,((19,(20,2)),((17,28),(14,1)))))));

STEP 78 [TBR_IncrementalHeuristic_MC_RF -> NNI_Substep_66] - Distance: 84.0000
(18,((((10,((7,25),((5,((13,6),30)),(27,3)))),((26,15),(12,29))),((((9,11),((16,23),4)),(22,24)),(8,((19,(20,2)),((17,28),(14,1)))))),21));

STEP 79 [TBR_IncrementalHeuristic_MC_RF -> NNI_Substep_67] - Distance: 76.0000
(18,(((10,((7,25),((5,((13,6),30)),(27,3)))),((26,15),(12,29))),(((((9,11),((16,23),4)),(22,24)),(8,((19,(20,2)),((17,28),(14,1))))),21)));

STEP 80 [TBR_IncrementalHeuristic_MC_RF -> NNI_Substep_68] - Distance: 73.0000
(18,(((10,((7,25),((5,((13,6),30)),(27,3)))),((26,15),(12,29))),(((((9,11),((16,23),4)),(22,24)),21),(8,((19,(20,2)),((17,28),(14,1)))))));

STEP 81 [TBR_IncrementalHeuristic_MC_RF -> NNI_Substep_69] - Distance: 67.0000
(18,(((10,((7,25),((5,((13,6),30)),(27,3)))),((26,15),(12,29))),((((9,11),((16,23),4)),((22,24),21)),(8,((19,(20,2)),((17,28),(14,1)))))));

STEP 82 [TBR_IncrementalHeuristic_MC_RF -> NNI_Substep_70] - Distance: 67.0000
(18,(((10,((7,25),((5,((13,6),30)),(27,3)))),((26,15),(12,29))),((((9,11),((16,23),4)),((22,21),24)),(8,((19,(20,2)),((17,28),(14,1)))))));

STEP 83 [TBR_IncrementalHeuristic_MC_RF -> NNI_Substep_71] - Distance: 66.0000
(18,(((10,((7,25),((5,((13,6),30)),(27,3)))),(((26,15),29),12)),((((9,11),((16,23),4)),((22,21),24)),(8,((19,(20,2)),((17,28),(14,1)))))));

STEP 84 [TBR_IncrementalHeuristic_MC_RF -> NNI_Substep_72] - Distance: 74.0000
(18,((((10,((7,25),((5,((13,6),30)),(27,3)))),((26,15),29)),12),((((9,11),((16,23),4)),((22,21),24)),(8,((19,(20,2)),((17,28),(14,1)))))));

STEP 85 [TBR_IncrementalHeuristic_MC_RF -> NNI_Substep_73] - Distance: 79.0000
(18,((((10,((7,25),((5,((13,6),30)),(27,3)))),((26,15),29)),((((9,11),((16,23),4)),((22,21),24)),(8,((19,(20,2)),((17,28),(14,1)))))),12));

STEP 86 [TBR_IncrementalHeuristic_MC_RF -> NNI_Substep_74] - Distance: 70.0000
(18,(((10,((7,25),((5,((13,6),30)),(27,3)))),((26,15),29)),(((((9,11),((16,23),4)),((22,21),24)),(8,((19,(20,2)),((17,28),(14,1))))),12)));

STEP 87 [TBR_IncrementalHeuristic_MC_RF -> NNI_Substep_75] - Distance: 67.0000
(18,(((10,((7,25),((5,((13,6),30)),(27,3)))),((26,15),29)),((((9,11),((16,23),4)),((22,21),24)),((8,((19,(20,2)),((17,28),(14,1)))),12))));

STEP 88 [TBR_IncrementalHeuristic_MC_RF -> NNI_Substep_76] - Distance: 65.0000
(18,(((10,((7,25),((5,((13,6),30)),(27,3)))),((26,15),29)),((((9,11),((16,23),4)),((22,21),24)),(8,(((19,(20,2)),((17,28),(14,1))),12)))));

STEP 89 [TBR_IncrementalHeuristic_MC_RF -> NNI_Substep_77] - Distance: 63.0000
(18,(((10,((7,25),((5,((13,6),30)),(27,3)))),((26,15),29)),((((9,11),((16,23),4)),((22,21),24)),(8,((19,(20,2)),(((17,28),(14,1)),12))))));

STEP 90 [TBR_IncrementalHeuristic_MC_RF -> NNI_Substep_78] - Distance: 62.0000
(18,(((10,((7,25),((5,((13,6),30)),(27,3)))),((26,15),29)),((((9,11),((16,23),4)),((22,21),24)),(8,((19,(20,2)),((17,28),((14,1),12)))))));

STEP 91 [TBR_IncrementalHeuristic_MC_RF -> NNI_Substep_79] - Distance: 62.0000
(18,(((10,((7,25),((5,((13,6),30)),(27,3)))),((26,15),29)),((((9,11),((16,23),4)),((22,21),24)),(8,((19,(20,2)),((17,28),((14,12),1)))))));

STEP 92 [TBR_IncrementalHeuristic_MC_RF -> NNI_Substep_80] - Distance: 64.0000
(18,(((10,((7,25),((5,((13,6),30)),(27,3)))),((15,29),26)),((((9,11),((16,23),4)),((22,21),24)),(8,((19,(20,2)),((17,28),((14,12),1)))))));

STEP 93 [TBR_IncrementalHeuristic_MC_RF -> NNI_Substep_81] - Distance: 72.0000
(18,((((10,((7,25),((5,((13,6),30)),(27,3)))),(15,29)),26),((((9,11),((16,23),4)),((22,21),24)),(8,((19,(20,2)),((17,28),((14,12),1)))))));

STEP 94 [TBR_IncrementalHeuristic_MC_RF -> NNI_Substep_82] - Distance: 80.0000
(18,((((10,((7,25),((5,((13,6),30)),(27,3)))),(15,29)),((((9,11),((16,23),4)),((22,21),24)),(8,((19,(20,2)),((17,28),((14,12),1)))))),26));

STEP 95 [TBR_IncrementalHeuristic_MC_RF -> NNI_Substep_83] - Distance: 70.0000
(18,(((10,((7,25),((5,((13,6),30)),(27,3)))),(15,29)),(((((9,11),((16,23),4)),((22,21),24)),(8,((19,(20,2)),((17,28),((14,12),1))))),26)));

STEP 96 [TBR_IncrementalHeuristic_MC_RF -> NNI_Substep_84] - Distance: 66.0000
(18,(((10,((7,25),((5,((13,6),30)),(27,3)))),(15,29)),(((((9,11),((16,23),4)),((22,21),24)),26),(8,((19,(20,2)),((17,28),((14,12),1)))))));

STEP 97 [TBR_IncrementalHeuristic_MC_RF -> NNI_Substep_85] - Distance: 60.0000
(18,(((10,((7,25),((5,((13,6),30)),(27,3)))),(15,29)),((((9,11),((16,23),4)),(((22,21),24),26)),(8,((19,(20,2)),((17,28),((14,12),1)))))));

STEP 98 [TBR_IncrementalHeuristic_MC_RF -> NNI_Substep_86] - Distance: 59.0000
(18,(((10,((7,25),((5,((13,6),30)),(27,3)))),(15,29)),((((9,11),((16,23),4)),((22,21),(24,26))),(8,((19,(20,2)),((17,28),((14,12),1)))))));

STEP 99 [TBR_IncrementalHeuristic_MC_RF -> NNI_Substep_87] - Distance: 62.0000
(18,(((10,((7,25),((5,((13,6),30)),(27,3)))),(15,29)),(((((9,11),((16,23),4)),(24,26)),(22,21)),(8,((19,(20,2)),((17,28),((14,12),1)))))));

STEP 100 [TBR_IncrementalHeuristic_MC_RF -> NNI_Substep_88] - Distance: 63.0000
(18,(((10,((7,25),((5,((13,6),30)),(27,3)))),(15,29)),(((((9,11),((16,23),4)),(24,26)),(8,((19,(20,2)),((17,28),((14,12),1))))),(22,21))));

STEP 101 [TBR_IncrementalHeuristic_MC_RF -> NNI_Substep_89] - Distance: 62.0000
(18,(((10,((7,25),((5,((13,6),30)),(27,3)))),(15,29)),((((9,11),((16,23),4)),(24,26)),((8,((19,(20,2)),((17,28),((14,12),1)))),(22,21)))));

STEP 102 [TBR_IncrementalHeuristic_MC_RF -> NNI_Substep_90] - Distance: 56.0000
(18,(((10,((7,25),((5,((13,6),30)),(27,3)))),(15,29)),((((9,11),((16,23),4)),(24,26)),((8,(22,21)),((19,(20,2)),((17,28),((14,12),1)))))));

STEP 103 [TBR_IncrementalHeuristic_MC_RF -> NNI_Substep_91] - Distance: 64.0000
(18,((((10,((7,25),((5,((13,6),30)),(27,3)))),15),29),((((9,11),((16,23),4)),(24,26)),((8,(22,21)),((19,(20,2)),((17,28),((14,12),1)))))));

STEP 104 [TBR_IncrementalHeuristic_MC_RF -> NNI_Substep_92] - Distance: 69.0000
(18,((((10,((7,25),((5,((13,6),30)),(27,3)))),15),((((9,11),((16,23),4)),(24,26)),((8,(22,21)),((19,(20,2)),((17,28),((14,12),1)))))),29));

STEP 105 [TBR_IncrementalHeuristic_MC_RF -> NNI_Substep_93] - Distance: 58.0000
(18,(((10,((7,25),((5,((13,6),30)),(27,3)))),15),(((((9,11),((16,23),4)),(24,26)),((8,(22,21)),((19,(20,2)),((17,28),((14,12),1))))),29)));

STEP 106 [TBR_IncrementalHeuristic_MC_RF -> NNI_Substep_94] - Distance: 58.0000
(18,(((10,((7,25),((5,((13,6),30)),(27,3)))),15),((((9,11),((16,23),4)),(24,26)),(((8,(22,21)),((19,(20,2)),((17,28),((14,12),1)))),29))));

STEP 107 [TBR_IncrementalHeuristic_MC_RF -> NNI_Substep_95] - Distance: 51.0000
(18,(((10,((7,25),((5,((13,6),30)),(27,3)))),15),((((9,11),((16,23),4)),(24,26)),(((8,(22,21)),29),((19,(20,2)),((17,28),((14,12),1)))))));

STEP 108 [TBR_IncrementalHeuristic_MC_RF -> NNI_Substep_96] - Distance: 49.0000
(18,(((((7,25),((5,((13,6),30)),(27,3))),15),10),((((9,11),((16,23),4)),(24,26)),(((8,(22,21)),29),((19,(20,2)),((17,28),((14,12),1)))))));

STEP 109 [TBR_IncrementalHeuristic_MC_RF -> NNI_Substep_97] - Distance: 61.0000
(18,(((((7,25),((5,((13,6),30)),(27,3))),15),((((9,11),((16,23),4)),(24,26)),(((8,(22,21)),29),((19,(20,2)),((17,28),((14,12),1)))))),10));

STEP 110 [TBR_IncrementalHeuristic_MC_RF -> NNI_Substep_98] - Distance: 57.0000
(((((7,25),((5,((13,6),30)),(27,3))),15),(((((9,11),((16,23),4)),(24,26)),(((8,(22,21)),29),((19,(20,2)),((17,28),((14,12),1))))),18)),10);

STEP 111 [TBR_IncrementalHeuristic_MC_RF -> NNI_Substep_99] - Distance: 50.0000
(((((7,25),((5,((13,6),30)),(27,3))),15),(((((9,11),((16,23),4)),(24,26)),18),(((8,(22,21)),29),((19,(20,2)),((17,28),((14,12),1)))))),10);

STEP 112 [TBR_IncrementalHeuristic_MC_RF -> NNI_Substep_100] - Distance: 44.0000
(((((7,25),((5,((13,6),30)),(27,3))),15),((((9,11),((16,23),4)),((24,26),18)),(((8,(22,21)),29),((19,(20,2)),((17,28),((14,12),1)))))),10);

STEP 113 [TBR_IncrementalHeuristic_MC_RF -> NNI_Substep_101] - Distance: 44.0000
(((((7,25),((5,((13,6),30)),(27,3))),15),((((9,11),((24,26),18)),((16,23),4)),(((8,(22,21)),29),((19,(20,2)),((17,28),((14,12),1)))))),10);

STEP 114 [TBR_IncrementalHeuristic_MC_RF -> NNI_Substep_102] - Distance: 47.0000
(((((7,25),((5,((13,6),30)),(27,3))),15),((((9,11),((24,26),18)),(((8,(22,21)),29),((19,(20,2)),((17,28),((14,12),1))))),((16,23),4))),10);

STEP 115 [TBR_IncrementalHeuristic_MC_RF -> NNI_Substep_103] - Distance: 47.0000
((((((7,25),((5,((13,6),30)),(27,3))),15),(((9,11),((24,26),18)),(((8,(22,21)),29),((19,(20,2)),((17,28),((14,12),1)))))),((16,23),4)),10);

STEP 116 [TBR_IncrementalHeuristic_MC_RF -> NNI_Substep_104] - Distance: 27.0000
((((((7,25),((5,((13,6),30)),(27,3))),15),((16,23),4)),(((9,11),((24,26),18)),(((8,(22,21)),29),((19,(20,2)),((17,28),((14,12),1)))))),10);

STEP 117 [TBR_IncrementalHeuristic_MC_RF -> NNI_Substep_105] - Distance: 18.0000
((((((7,25),((5,((13,6),30)),(27,3))),15),((16,23),4)),(((8,(22,21)),29),(((19,(20,2)),((17,28),((14,12),1))),((9,11),((24,26),18))))),10);

STEP 118 [TBR_IncrementalHeuristic_MC_RF -> NNI_Substep_106] - Distance: 18.0000
((((((7,25),((5,((13,6),30)),(27,3))),15),((16,23),4)),(((8,(22,21)),29),((19,(20,2)),(((17,28),((14,12),1)),((9,11),((24,26),18)))))),10);

STEP 119 [TBR_IncrementalHeuristic_MC_RF -> NNI_Substep_107] - Distance: 17.0000
((((((7,25),((5,((13,6),30)),(27,3))),15),((16,23),4)),(((8,(22,21)),29),((19,(20,2)),((17,28),(((14,12),1),((9,11),((24,26),18))))))),10);

STEP 120 [TBR_IncrementalHeuristic_MC_RF -> NNI_Substep_108] - Distance: 21.0000
((((((7,25),((5,((13,6),30)),(27,3))),15),((16,23),4)),(((8,(22,21)),29),((19,(20,2)),((17,28),(((14,12),((9,11),((24,26),18))),1))))),10);

STEP 121 [TBR_IncrementalHeuristic_MC_RF -> NNI_Substep_109] - Distance: 20.0000
((((((7,25),((5,((13,6),30)),(27,3))),15),((16,23),4)),(((8,(22,21)),29),((19,(20,2)),(((17,28),((14,12),((9,11),((24,26),18)))),1)))),10);

STEP 122 [TBR_IncrementalHeuristic_MC_RF -> NNI_Substep_110] - Distance: 14.0000
((((((7,25),((5,((13,6),30)),(27,3))),15),((16,23),4)),(((8,(22,21)),29),((19,(20,2)),(((17,28),1),((14,12),((9,11),((24,26),18))))))),10);

STEP 123 [TBR_IncrementalHeuristic_MC_RF -> NNI_Substep_111] - Distance: 12.0000
((((((7,25),((5,((13,6),30)),(27,3))),15),((16,23),4)),(((8,(22,21)),29),((19,(20,2)),((17,(28,1)),((14,12),((9,11),((24,26),18))))))),10);

STEP 124 [TBR_IncrementalHeuristic_MC_RF -> NNI_Substep_112] - Distance: 17.0000
((((((7,25),((5,((13,6),30)),(27,3))),15),((16,23),4)),(((8,(22,21)),29),((19,(20,2)),((17,((14,12),((9,11),((24,26),18)))),(28,1))))),10);

STEP 125 [TBR_IncrementalHeuristic_MC_RF -> NNI_Substep_113] - Distance: 16.0000
((((((7,25),((5,((13,6),30)),(27,3))),15),((16,23),4)),(((8,(22,21)),29),(((19,(20,2)),(17,((14,12),((9,11),((24,26),18))))),(28,1)))),10);

STEP 126 [TBR_IncrementalHeuristic_MC_RF -> NNI_Substep_114] - Distance: 6.0000
((((((7,25),((5,((13,6),30)),(27,3))),15),((16,23),4)),(((8,(22,21)),29),(((19,(20,2)),(28,1)),(17,((14,12),((9,11),((24,26),18))))))),10);

STEP 127 [TBR_IncrementalHeuristic_MC_RF -> NNI_Substep_115] - Distance: 6.0000
((((((7,25),((5,((13,6),30)),(27,3))),15),((16,23),4)),(((8,(22,21)),29),(((19,(20,2)),(28,1)),(17,(((14,12),((24,26),18)),(9,11)))))),10);

STEP 128 [TBR_IncrementalHeuristic_MC_RF -> NNI_Substep_116] - Distance: 3.0000
((((((7,25),((5,((13,6),30)),(27,3))),15),((16,23),4)),(((8,(22,21)),29),(((19,(20,2)),(28,1)),((17,((14,12),((24,26),18))),(9,11))))),10);

STEP 129 [TBR_IncrementalHeuristic_MC_RF -> NNI_Substep_117] - Distance: 0.0000
((((((7,25),((5,((13,6),30)),(27,3))),15),((16,23),4)),(((8,(22,21)),29),(((19,(20,2)),(28,1)),(((17,((24,26),18)),(14,12)),(9,11))))),10);

========================================================
[FINAL] Total Steps: 129 | Final Distance: 0.0000
========================================================
