========================================================
HEURISTIC TRAJECTORY: VND Classic (MP_RF)
========================================================
STEP 0 [START] - Distance: 333.0000
((((14,((8,(29,2)),(3,(18,(15,22))))),(((9,(21,(11,(12,17)))),(23,(10,25))),(28,27))),(((16,5),(19,26)),((4,13),(7,6)))),(20,(30,(24,1))));

STEP 1 [NNI_ClassicHeuristic_MP_RF -> NNI_Substep_1] - Distance: 325.0000
(((20,(30,(24,1))),(((16,5),(19,26)),((4,13),(7,6)))),((14,((8,(29,2)),(3,(18,(15,22))))),((((11,(12,17)),(21,9)),(23,(10,25))),(28,27))));

STEP 2 [NNI_ClassicHeuristic_MP_RF -> NNI_Substep_2] - Distance: 323.0000
(((20,(30,(24,1))),(((16,5),(19,26)),((4,13),(7,6)))),((14,((8,(29,2)),(3,(18,(15,22))))),(((10,25),(23,((11,(12,17)),(21,9)))),(28,27))));

STEP 3 [NNI_ClassicHeuristic_MP_RF -> NNI_Substep_3] - Distance: 321.0000
(((20,(30,(24,1))),(((16,5),(19,26)),((4,13),(7,6)))),((14,((8,(29,2)),(3,(18,(15,22))))),(((28,27),(23,((11,(12,17)),(21,9)))),(10,25))));

STEP 4 [NNI_ClassicHeuristic_MP_RF -> NNI_Substep_4] - Distance: 314.0000
(((20,(30,(24,1))),(((16,5),(19,26)),((4,13),(7,6)))),((10,25),(((28,27),(23,((11,(12,17)),(21,9)))),(14,((8,(29,2)),(3,(18,(15,22))))))));

STEP 5 [NNI_ClassicHeuristic_MP_RF -> NNI_Substep_5] - Distance: 311.0000
(((20,(30,(24,1))),(((16,5),(19,26)),((4,13),(7,6)))),((10,(((28,27),(23,((11,(12,17)),(21,9)))),(14,((8,(29,2)),(3,(18,(15,22))))))),25));

STEP 6 [NNI_ClassicHeuristic_MP_RF -> NNI_Substep_6] - Distance: 295.0000
(25,((10,((20,(30,(24,1))),(((16,5),(19,26)),((4,13),(7,6))))),(((28,27),(23,((11,(12,17)),(21,9)))),(14,((8,(29,2)),(3,(18,(15,22))))))));

STEP 7 [NNI_ClassicHeuristic_MP_RF -> NNI_Substep_7] - Distance: 292.0000
(25,(((28,27),(23,((11,(12,17)),(21,9)))),((10,((20,(30,(24,1))),(((16,5),(19,26)),((4,13),(7,6))))),(14,((8,(29,2)),(3,(18,(15,22))))))));

STEP 8 [NNI_ClassicHeuristic_MP_RF -> NNI_Substep_8] - Distance: 288.0000
(25,(((28,27),(23,((11,(12,17)),(21,9)))),((10,(14,((8,(29,2)),(3,(18,(15,22)))))),((20,(30,(24,1))),(((16,5),(19,26)),((4,13),(7,6)))))));

STEP 9 [NNI_ClassicHeuristic_MP_RF -> NNI_Substep_9] - Distance: 285.0000
(25,((10,(14,((8,(29,2)),(3,(18,(15,22)))))),(((28,27),(23,((11,(12,17)),(21,9)))),((20,(30,(24,1))),(((16,5),(19,26)),((4,13),(7,6)))))));

STEP 10 [NNI_ClassicHeuristic_MP_RF -> NNI_Substep_10] - Distance: 283.0000
(25,((10,(14,((8,(29,2)),(3,(18,(15,22)))))),((((23,((11,(12,17)),(21,9))),27),28),((20,(30,(24,1))),(((16,5),(19,26)),((4,13),(7,6)))))));

STEP 11 [NNI_ClassicHeuristic_MP_RF -> NNI_Substep_11] - Distance: 282.0000
(25,((10,((3,(18,(15,22))),((8,(29,2)),14))),((((23,((11,(12,17)),(21,9))),27),28),((20,(30,(24,1))),(((16,5),(19,26)),((4,13),(7,6)))))));

STEP 12 [NNI_ClassicHeuristic_MP_RF -> NNI_Substep_12] - Distance: 281.0000
(25,(((3,(18,(15,22))),(10,((8,(29,2)),14))),((((23,((11,(12,17)),(21,9))),27),28),((20,(30,(24,1))),(((16,5),(19,26)),((4,13),(7,6)))))));

STEP 13 [NNI_ClassicHeuristic_MP_RF -> NNI_Substep_13] - Distance: 266.0000
(25,(((3,(18,(15,22))),((((23,((11,(12,17)),(21,9))),27),28),((20,(30,(24,1))),(((16,5),(19,26)),((4,13),(7,6)))))),(10,((8,(29,2)),14))));

STEP 14 [NNI_ClassicHeuristic_MP_RF -> NNI_Substep_14] - Distance: 261.0000
(25,(((((23,((11,(12,17)),(21,9))),27),28),((3,(18,(15,22))),((20,(30,(24,1))),(((16,5),(19,26)),((4,13),(7,6)))))),(10,((8,(29,2)),14))));

STEP 15 [NNI_ClassicHeuristic_MP_RF -> NNI_Substep_15] - Distance: 260.0000
(25,(((((23,((11,(12,17)),(21,9))),27),28),((3,(18,(15,22))),((20,(30,(24,1))),((4,13),(((16,5),(19,26)),(7,6)))))),(10,((8,(29,2)),14))));

STEP 16 [NNI_ClassicHeuristic_MP_RF -> NNI_Substep_16] - Distance: 259.0000
(25,(((((23,((11,(12,17)),(21,9))),27),28),((3,(18,(15,22))),((20,(30,(24,1))),(((((16,5),(19,26)),(7,6)),13),4)))),(10,((8,(29,2)),14))));

STEP 17 [NNI_ClassicHeuristic_MP_RF -> NNI_Substep_17] - Distance: 258.0000
(25,(((((23,((11,(12,17)),(21,9))),27),28),((3,(18,(15,22))),(((((16,5),(19,26)),(7,6)),13),((20,(30,(24,1))),4)))),(10,((8,(29,2)),14))));

STEP 18 [NNI_ClassicHeuristic_MP_RF -> NNI_Substep_18] - Distance: 257.0000
(25,(((((23,((11,(12,17)),(21,9))),27),28),((3,(((((16,5),(19,26)),(7,6)),13),((20,(30,(24,1))),4))),(18,(15,22)))),(10,((8,(29,2)),14))));

STEP 19 [NNI_ClassicHeuristic_MP_RF -> NNI_Substep_19] - Distance: 254.0000
(25,(((((23,((11,(12,17)),(21,9))),27),28),((15,22),(18,(3,(((((16,5),(19,26)),(7,6)),13),((20,(30,(24,1))),4)))))),(10,((8,(29,2)),14))));

STEP 20 [NNI_ClassicHeuristic_MP_RF -> NNI_Substep_20] - Distance: 251.0000
(25,(((15,22),((((23,((11,(12,17)),(21,9))),27),28),(18,(3,(((((16,5),(19,26)),(7,6)),13),((20,(30,(24,1))),4)))))),(10,((8,(29,2)),14))));

STEP 21 [NNI_ClassicHeuristic_MP_RF -> NNI_Substep_21] - Distance: 248.0000
(25,(((15,((((23,((11,(12,17)),(21,9))),27),28),(18,(3,(((((16,5),(19,26)),(7,6)),13),((20,(30,(24,1))),4)))))),22),(10,((8,(29,2)),14))));

STEP 22 [NNI_ClassicHeuristic_MP_RF -> NNI_Substep_22] - Distance: 243.0000
(25,((((18,(3,(((((16,5),(19,26)),(7,6)),13),((20,(30,(24,1))),4)))),((((23,((11,(12,17)),(21,9))),27),28),15)),22),(10,((8,(29,2)),14))));

STEP 23 [NNI_ClassicHeuristic_MP_RF -> NNI_Substep_23] - Distance: 238.0000
(25,((((18,(3,(((((16,5),(19,26)),(7,6)),13),((20,(30,(24,1))),4)))),((((23,((11,(12,17)),(21,9))),27),28),15)),(10,((8,(29,2)),14))),22));

STEP 24 [NNI_ClassicHeuristic_MP_RF -> NNI_Substep_24] - Distance: 236.0000
(25,((((18,(((((16,5),(19,26)),(7,6)),13),(3,((20,(30,(24,1))),4)))),((((23,((11,(12,17)),(21,9))),27),28),15)),(10,((8,(29,2)),14))),22));

STEP 25 [NNI_ClassicHeuristic_MP_RF -> NNI_Substep_25] - Distance: 235.0000
(25,((((18,(((((16,5),(19,26)),(7,6)),13),(4,((20,(30,(24,1))),3)))),((((23,((11,(12,17)),(21,9))),27),28),15)),(10,((8,(29,2)),14))),22));

STEP 26 [NNI_ClassicHeuristic_MP_RF -> NNI_Substep_26] - Distance: 233.0000
(25,((((18,(((((16,5),(19,26)),(7,6)),13),(4,((20,(30,(24,1))),3)))),((((23,((11,(12,17)),(21,9))),27),15),28)),(10,((8,(29,2)),14))),22));

STEP 27 [2sECR_ClassicHeuristic_MP_RF -> NNI_Substep_1] - Distance: 236.0000
(22,(((18,((((((16,5),(19,26)),(7,6)),13),(4,((20,(30,(24,1))),3))),((((23,((11,(12,17)),(21,9))),27),15),28))),(10,((8,(29,2)),14))),25));

STEP 28 [2sECR_ClassicHeuristic_MP_RF -> NNI_Substep_2] - Distance: 236.0000
(22,(((18,((((23,((11,(12,17)),(21,9))),27),15),((((((16,5),(19,26)),(7,6)),13),(4,((20,(30,(24,1))),3))),28))),(10,((8,(29,2)),14))),25));

STEP 29 [2sECR_ClassicHeuristic_MP_RF -> NNI_Substep_3] - Distance: 232.0000
(22,((((18,(((23,((11,(12,17)),(21,9))),27),15)),((((((16,5),(19,26)),(7,6)),13),(4,((20,(30,(24,1))),3))),28)),(10,((8,(29,2)),14))),25));

STEP 30 [2sECR_ClassicHeuristic_MP_RF -> NNI_Substep_4] - Distance: 232.0000
(22,((((15,(18,((23,((11,(12,17)),(21,9))),27))),((((((16,5),(19,26)),(7,6)),13),(4,((20,(30,(24,1))),3))),28)),(10,((8,(29,2)),14))),25));

STEP 31 [2sECR_ClassicHeuristic_MP_RF -> NNI_Substep_5] - Distance: 228.0000
(22,((((15,((23,((11,(12,17)),(21,9))),(18,27))),((((((16,5),(19,26)),(7,6)),13),(4,((20,(30,(24,1))),3))),28)),(10,((8,(29,2)),14))),25));

STEP 32 [2sECR_ClassicHeuristic_MP_RF -> NNI_Substep_6] - Distance: 226.0000
(22,((((15,((23,((11,(12,17)),(21,9))),(18,27))),(((((16,5),(19,26)),(7,6)),13),(28,(4,((20,(30,(24,1))),3))))),(10,((8,(29,2)),14))),25));

STEP 33 [2sECR_ClassicHeuristic_MP_RF -> NNI_Substep_7] - Distance: 226.0000
(22,((((15,((23,((11,(12,17)),(21,9))),(18,27))),(13,((28,(4,((20,(30,(24,1))),3))),(((16,5),(19,26)),(7,6))))),(10,((8,(29,2)),14))),25));

STEP 34 [2sECR_ClassicHeuristic_MP_RF -> NNI_Substep_8] - Distance: 222.0000
(22,(((((15,((23,((11,(12,17)),(21,9))),(18,27))),13),((28,(4,((20,(30,(24,1))),3))),(((16,5),(19,26)),(7,6)))),(10,((8,(29,2)),14))),25));

STEP 35 [2sECR_ClassicHeuristic_MP_RF -> NNI_Substep_9] - Distance: 222.0000
(22,((((15,(13,((23,((11,(12,17)),(21,9))),(18,27)))),((28,(4,((20,(30,(24,1))),3))),(((16,5),(19,26)),(7,6)))),(10,((8,(29,2)),14))),25));

STEP 36 [2sECR_ClassicHeuristic_MP_RF -> NNI_Substep_10] - Distance: 219.0000
(22,((((13,((23,((11,(12,17)),(21,9))),(18,27))),(((28,(4,((20,(30,(24,1))),3))),(((16,5),(19,26)),(7,6))),15)),(10,((8,(29,2)),14))),25));

STEP 37 [2sECR_ClassicHeuristic_MP_RF -> NNI_Substep_11] - Distance: 217.0000
(22,((((13,((23,((11,(12,17)),(21,9))),(18,27))),((15,(28,(4,((20,(30,(24,1))),3)))),(((16,5),(19,26)),(7,6)))),(10,((8,(29,2)),14))),25));

STEP 38 [2sECR_ClassicHeuristic_MP_RF -> NNI_Substep_12] - Distance: 216.0000
(22,((((13,((23,((11,(12,17)),(21,9))),(18,27))),((28,(15,(4,((20,(30,(24,1))),3)))),(((16,5),(19,26)),(7,6)))),(10,((8,(29,2)),14))),25));

STEP 39 [2sECR_ClassicHeuristic_MP_RF -> NNI_Substep_13] - Distance: 214.0000
(22,(((((18,27),(13,(23,((11,(12,17)),(21,9))))),((28,(15,(4,((20,(30,(24,1))),3)))),(((16,5),(19,26)),(7,6)))),(10,((8,(29,2)),14))),25));

STEP 40 [2sECR_ClassicHeuristic_MP_RF -> NNI_Substep_14] - Distance: 214.0000
(22,(((((18,27),(23,(13,((11,(12,17)),(21,9))))),((28,(15,(4,((20,(30,(24,1))),3)))),(((16,5),(19,26)),(7,6)))),(10,((8,(29,2)),14))),25));

STEP 41 [2sECR_ClassicHeuristic_MP_RF -> NNI_Substep_15] - Distance: 212.0000
(22,(((((18,27),(23,((21,9),(13,(11,(12,17)))))),((28,(15,(4,((20,(30,(24,1))),3)))),(((16,5),(19,26)),(7,6)))),(10,((8,(29,2)),14))),25));

STEP 42 [2sECR_ClassicHeuristic_MP_RF -> NNI_Substep_16] - Distance: 212.0000
(22,((((23,((18,27),((21,9),(13,(11,(12,17)))))),((28,(15,(4,((20,(30,(24,1))),3)))),(((16,5),(19,26)),(7,6)))),(10,((8,(29,2)),14))),25));

STEP 43 [2sECR_ClassicHeuristic_MP_RF -> NNI_Substep_17] - Distance: 208.0000
(22,(((((18,27),((21,9),(13,(11,(12,17))))),(((28,(15,(4,((20,(30,(24,1))),3)))),(((16,5),(19,26)),(7,6))),23)),(10,((8,(29,2)),14))),25));

STEP 44 [2sECR_ClassicHeuristic_MP_RF -> NNI_Substep_18] - Distance: 206.0000
(22,(((((18,27),((21,9),(13,(11,(12,17))))),((23,(28,(15,(4,((20,(30,(24,1))),3))))),(((16,5),(19,26)),(7,6)))),(10,((8,(29,2)),14))),25));

STEP 45 [2sECR_ClassicHeuristic_MP_RF -> NNI_Substep_19] - Distance: 205.0000
(22,(((((18,27),((21,9),(13,(11,(12,17))))),((28,(23,(15,(4,((20,(30,(24,1))),3))))),(((16,5),(19,26)),(7,6)))),(10,((8,(29,2)),14))),25));

STEP 46 [2sECR_ClassicHeuristic_MP_RF -> NNI_Substep_20] - Distance: 211.0000
(22,(((((18,27),((21,9),(13,(11,(12,17))))),(((16,5),(19,26)),((28,(23,(15,(4,((20,(30,(24,1))),3))))),(7,6)))),(10,((8,(29,2)),14))),25));

STEP 47 [2sECR_ClassicHeuristic_MP_RF -> NNI_Substep_21] - Distance: 202.0000
(22,((((((18,27),((21,9),(13,(11,(12,17))))),((16,5),(19,26))),((28,(23,(15,(4,((20,(30,(24,1))),3))))),(7,6))),(10,((8,(29,2)),14))),25));

STEP 48 [2sECR_ClassicHeuristic_MP_RF -> NNI_Substep_22] - Distance: 200.0000
(22,(((((18,27),(((21,9),(13,(11,(12,17)))),((16,5),(19,26)))),((28,(23,(15,(4,((20,(30,(24,1))),3))))),(7,6))),(10,((8,(29,2)),14))),25));

STEP 49 [2sECR_ClassicHeuristic_MP_RF -> NNI_Substep_23] - Distance: 200.0000
(22,(((((18,27),((19,26),(((21,9),(13,(11,(12,17)))),(16,5)))),((28,(23,(15,(4,((20,(30,(24,1))),3))))),(7,6))),(10,((8,(29,2)),14))),25));

STEP 50 [2sECR_ClassicHeuristic_MP_RF -> NNI_Substep_24] - Distance: 193.0000
(22,((((((18,27),(19,26)),(((21,9),(13,(11,(12,17)))),(16,5))),((28,(23,(15,(4,((20,(30,(24,1))),3))))),(7,6))),(10,((8,(29,2)),14))),25));

STEP 51 [2sECR_ClassicHeuristic_MP_RF -> NNI_Substep_25] - Distance: 192.0000
(22,((((((18,27),(19,26)),(((21,9),(13,(11,(12,17)))),(16,5))),((28,(23,(4,(15,((20,(30,(24,1))),3))))),(7,6))),(10,((8,(29,2)),14))),25));

STEP 52 [2sECR_ClassicHeuristic_MP_RF -> NNI_Substep_26] - Distance: 191.0000
(22,((((((18,27),(19,26)),(((21,9),(13,(11,(12,17)))),(16,5))),((28,(4,(23,(15,((20,(30,(24,1))),3))))),(7,6))),(10,((8,(29,2)),14))),25));

STEP 53 [2sECR_ClassicHeuristic_MP_RF -> NNI_Substep_27] - Distance: 190.0000
(22,((((((18,27),(19,26)),(((21,9),(13,(11,(12,17)))),(16,5))),((28,(4,(15,(23,((20,(30,(24,1))),3))))),(7,6))),(10,((8,(29,2)),14))),25));

STEP 54 [2sECR_ClassicHeuristic_MP_RF -> NNI_Substep_28] - Distance: 188.0000
(22,((((((18,27),(19,26)),((21,9),((16,5),(13,(11,(12,17)))))),((28,(4,(15,(23,((20,(30,(24,1))),3))))),(7,6))),(10,((8,(29,2)),14))),25));

STEP 55 [2sECR_ClassicHeuristic_MP_RF -> NNI_Substep_29] - Distance: 187.0000
(22,((((((18,27),(19,26)),((21,9),((16,5),(13,(11,(12,17)))))),((28,(4,(15,((20,(30,(24,1))),(23,3))))),(7,6))),(10,((8,(29,2)),14))),25));

STEP 56 [2sECR_ClassicHeuristic_MP_RF -> NNI_Substep_30] - Distance: 186.0000
(22,((((((18,27),(19,26)),((21,9),((16,5),(13,(11,(12,17)))))),((28,(4,((20,(30,(24,1))),(15,(23,3))))),(7,6))),(10,((8,(29,2)),14))),25));

STEP 57 [2sECR_ClassicHeuristic_MP_RF -> NNI_Substep_31] - Distance: 194.0000
(22,((((7,6),((((18,27),(19,26)),((21,9),((16,5),(13,(11,(12,17)))))),(28,(4,((20,(30,(24,1))),(15,(23,3))))))),(10,((8,(29,2)),14))),25));

STEP 58 [2sECR_ClassicHeuristic_MP_RF -> NNI_Substep_32] - Distance: 184.0000
(22,((((((18,27),(19,26)),((21,9),((16,5),(13,(11,(12,17)))))),(28,(4,((20,(30,(24,1))),(15,(23,3)))))),((10,((8,(29,2)),14)),(7,6))),25));

STEP 59 [2sECR_ClassicHeuristic_MP_RF -> NNI_Substep_33] - Distance: 183.0000
(22,((((((18,27),(19,26)),((21,9),((16,5),(13,(11,(12,17)))))),(28,(4,((20,(30,(24,1))),(15,(23,3)))))),(6,((10,((8,(29,2)),14)),7))),25));

STEP 60 [2sECR_ClassicHeuristic_MP_RF -> NNI_Substep_34] - Distance: 175.0000
(22,(((((((18,27),(19,26)),((21,9),((16,5),(13,(11,(12,17)))))),(28,(4,((20,(30,(24,1))),(15,(23,3)))))),6),((10,((8,(29,2)),14)),7)),25));

STEP 61 [2sECR_ClassicHeuristic_MP_RF -> NNI_Substep_35] - Distance: 167.0000
(22,((((((18,27),(19,26)),((21,9),((16,5),(13,(11,(12,17)))))),(6,(28,(4,((20,(30,(24,1))),(15,(23,3))))))),((10,((8,(29,2)),14)),7)),25));

STEP 62 [2sECR_ClassicHeuristic_MP_RF -> NNI_Substep_36] - Distance: 165.0000
(22,((((((18,27),(19,26)),((21,9),((16,5),(13,(11,(12,17)))))),(6,(28,(4,((20,(30,(24,1))),(15,(23,3))))))),(((8,(29,2)),14),(7,10))),25));

STEP 63 [2sECR_ClassicHeuristic_MP_RF -> NNI_Substep_37] - Distance: 164.0000
(22,(((((27,((19,26),18)),((21,9),((16,5),(13,(11,(12,17)))))),(6,(28,(4,((20,(30,(24,1))),(15,(23,3))))))),(((8,(29,2)),14),(7,10))),25));

STEP 64 [3sECR_ClassicHeuristic_MP_RF -> NNI_Substep_1] - Distance: 164.0000
(22,(((((27,((19,26),18)),((21,9),((16,5),(13,(11,(12,17)))))),(6,(28,(4,((20,(30,(24,1))),(15,(23,3))))))),((7,10),((14,(29,2)),8))),25));

STEP 65 [3sECR_ClassicHeuristic_MP_RF -> NNI_Substep_2] - Distance: 164.0000
(22,(((((27,((19,26),18)),((21,9),((16,5),(13,(11,(12,17)))))),(6,(28,(4,((20,(30,(24,1))),(15,(23,3))))))),(((7,10),(14,(29,2))),8)),25));

STEP 66 [3sECR_ClassicHeuristic_MP_RF -> NNI_Substep_3] - Distance: 159.0000
(22,((((((27,((19,26),18)),((21,9),((16,5),(13,(11,(12,17)))))),(6,(28,(4,((20,(30,(24,1))),(15,(23,3))))))),8),((7,10),(14,(29,2)))),25));

STEP 67 [3sECR_ClassicHeuristic_MP_RF -> NNI_Substep_4] - Distance: 152.0000
(22,((((8,((27,((19,26),18)),((21,9),((16,5),(13,(11,(12,17))))))),(6,(28,(4,((20,(30,(24,1))),(15,(23,3))))))),((7,10),(14,(29,2)))),25));

STEP 68 [3sECR_ClassicHeuristic_MP_RF -> NNI_Substep_5] - Distance: 149.0000
(22,(((((8,((21,9),((16,5),(13,(11,(12,17)))))),(27,((19,26),18))),(6,(28,(4,((20,(30,(24,1))),(15,(23,3))))))),((7,10),(14,(29,2)))),25));

STEP 69 [3sECR_ClassicHeuristic_MP_RF -> NNI_Substep_6] - Distance: 147.0000
(22,((((((8,((16,5),(13,(11,(12,17))))),(21,9)),(27,((19,26),18))),(6,(28,(4,((20,(30,(24,1))),(15,(23,3))))))),((7,10),(14,(29,2)))),25));

STEP 70 [3sECR_ClassicHeuristic_MP_RF -> NNI_Substep_7] - Distance: 147.0000
(22,((((((8,((16,5),(13,(11,(12,17))))),(21,9)),(27,((19,26),18))),(6,(28,(4,((20,(30,(24,1))),(15,(23,3))))))),((7,10),((14,2),29))),25));

STEP 71 [3sECR_ClassicHeuristic_MP_RF -> NNI_Substep_8] - Distance: 147.0000
(22,((((((8,((16,5),(13,(11,(12,17))))),(21,9)),(27,((19,26),18))),(6,(28,(4,((20,(30,(24,1))),(15,(23,3))))))),(((7,10),(14,2)),29)),25));

STEP 72 [3sECR_ClassicHeuristic_MP_RF -> NNI_Substep_9] - Distance: 144.0000
(22,(((((((8,((16,5),(13,(11,(12,17))))),(21,9)),(27,((19,26),18))),(6,(28,(4,((20,(30,(24,1))),(15,(23,3))))))),29),((7,10),(14,2))),25));

STEP 73 [3sECR_ClassicHeuristic_MP_RF -> NNI_Substep_10] - Distance: 134.0000
(22,((((29,(6,(28,(4,((20,(30,(24,1))),(15,(23,3))))))),(((8,((16,5),(13,(11,(12,17))))),(21,9)),(27,((19,26),18)))),((7,10),(14,2))),25));

STEP 74 [3sECR_ClassicHeuristic_MP_RF -> NNI_Substep_11] - Distance: 133.0000
(22,(((((29,(28,(4,((20,(30,(24,1))),(15,(23,3)))))),6),(((8,((16,5),(13,(11,(12,17))))),(21,9)),(27,((19,26),18)))),((7,10),(14,2))),25));

STEP 75 [3sECR_ClassicHeuristic_MP_RF -> NNI_Substep_12] - Distance: 132.0000
(22,((((((29,(4,((20,(30,(24,1))),(15,(23,3))))),28),6),(((8,((16,5),(13,(11,(12,17))))),(21,9)),(27,((19,26),18)))),((7,10),(14,2))),25));

STEP 76 [3sECR_ClassicHeuristic_MP_RF -> NNI_Substep_13] - Distance: 128.0000
(22,(((((((29,4),((20,(30,(24,1))),(15,(23,3)))),28),6),(((8,((16,5),(13,(11,(12,17))))),(21,9)),(27,((19,26),18)))),((7,10),(14,2))),25));

STEP 77 [3sECR_ClassicHeuristic_MP_RF -> NNI_Substep_14] - Distance: 127.0000
(22,(((((((29,4),((20,(30,(24,1))),(15,(23,3)))),28),6),((((8,(13,(11,(12,17)))),(16,5)),(21,9)),(27,((19,26),18)))),((7,10),(14,2))),25));

STEP 78 [SPR_ClassicHeuristic_MP_RF -> NNI_Substep_1] - Distance: 127.0000
(22,(((((((29,4),((20,(30,(24,1))),(15,(23,3)))),28),6),((((8,(13,((11,17),12))),(16,5)),(21,9)),(27,((19,26),18)))),((7,10),(14,2))),25));

STEP 79 [SPR_ClassicHeuristic_MP_RF -> NNI_Substep_2] - Distance: 127.0000
(22,(((((((29,4),((20,(30,(24,1))),(15,(23,3)))),28),6),((((8,((13,(11,17)),12)),(16,5)),(21,9)),(27,((19,26),18)))),((7,10),(14,2))),25));

STEP 80 [SPR_ClassicHeuristic_MP_RF -> NNI_Substep_3] - Distance: 127.0000
(22,(((((((29,4),((20,(30,(24,1))),(15,(23,3)))),28),6),(((((8,(13,(11,17))),12),(16,5)),(21,9)),(27,((19,26),18)))),((7,10),(14,2))),25));

STEP 81 [SPR_ClassicHeuristic_MP_RF -> NNI_Substep_4] - Distance: 127.0000
(22,(((((((29,4),((20,(30,(24,1))),(15,(23,3)))),28),6),(((((8,(13,(11,17))),(16,5)),12),(21,9)),(27,((19,26),18)))),((7,10),(14,2))),25));

STEP 82 [SPR_ClassicHeuristic_MP_RF -> NNI_Substep_5] - Distance: 127.0000
(22,(((((((29,4),((20,(30,(24,1))),(15,(23,3)))),28),6),(((((8,(13,(11,17))),(16,5)),(21,9)),12),(27,((19,26),18)))),((7,10),(14,2))),25));

STEP 83 [SPR_ClassicHeuristic_MP_RF -> NNI_Substep_6] - Distance: 127.0000
(22,(((((((29,4),((20,(30,(24,1))),(15,(23,3)))),28),6),(((((8,(13,(11,17))),(16,5)),(21,9)),(27,((19,26),18))),12)),((7,10),(14,2))),25));

STEP 84 [SPR_ClassicHeuristic_MP_RF -> NNI_Substep_7] - Distance: 127.0000
(22,((((((((29,4),((20,(30,(24,1))),(15,(23,3)))),28),6),((((8,(13,(11,17))),(16,5)),(21,9)),(27,((19,26),18)))),12),((7,10),(14,2))),25));

STEP 85 [SPR_ClassicHeuristic_MP_RF -> NNI_Substep_8] - Distance: 117.0000
(22,((((((((29,4),((20,(30,(24,1))),(15,(23,3)))),28),6),12),((((8,(13,(11,17))),(16,5)),(21,9)),(27,((19,26),18)))),((7,10),(14,2))),25));

STEP 86 [SPR_ClassicHeuristic_MP_RF -> NNI_Substep_9] - Distance: 116.0000
(22,((((((((29,4),((20,(30,(24,1))),(15,(23,3)))),28),12),6),((((8,(13,(11,17))),(16,5)),(21,9)),(27,((19,26),18)))),((7,10),(14,2))),25));

STEP 87 [SPR_ClassicHeuristic_MP_RF -> NNI_Substep_10] - Distance: 115.0000
(22,((((((((29,4),((20,(30,(24,1))),(15,(23,3)))),12),28),6),((((8,(13,(11,17))),(16,5)),(21,9)),(27,((19,26),18)))),((7,10),(14,2))),25));

STEP 88 [SPR_ClassicHeuristic_MP_RF -> NNI_Substep_11] - Distance: 111.0000
(22,((((((((29,4),12),((20,(30,(24,1))),(15,(23,3)))),28),6),((((8,(13,(11,17))),(16,5)),(21,9)),(27,((19,26),18)))),((7,10),(14,2))),25));

STEP 89 [SPR_ClassicHeuristic_MP_RF -> NNI_Substep_12] - Distance: 111.0000
(22,((((((((29,4),12),(((20,(24,1)),30),(15,(23,3)))),28),6),((((8,(13,(11,17))),(16,5)),(21,9)),(27,((19,26),18)))),((7,10),(14,2))),25));

STEP 90 [SPR_ClassicHeuristic_MP_RF -> NNI_Substep_13] - Distance: 111.0000
(22,((((((((29,4),12),(((20,(24,1)),(15,(23,3))),30)),28),6),((((8,(13,(11,17))),(16,5)),(21,9)),(27,((19,26),18)))),((7,10),(14,2))),25));

STEP 91 [SPR_ClassicHeuristic_MP_RF -> NNI_Substep_14] - Distance: 111.0000
(22,(((((((((29,4),12),((20,(24,1)),(15,(23,3)))),30),28),6),((((8,(13,(11,17))),(16,5)),(21,9)),(27,((19,26),18)))),((7,10),(14,2))),25));

STEP 92 [SPR_ClassicHeuristic_MP_RF -> NNI_Substep_15] - Distance: 111.0000
(22,(((((((((29,4),12),((20,(24,1)),(15,(23,3)))),28),30),6),((((8,(13,(11,17))),(16,5)),(21,9)),(27,((19,26),18)))),((7,10),(14,2))),25));

STEP 93 [SPR_ClassicHeuristic_MP_RF -> NNI_Substep_16] - Distance: 111.0000
(22,(((((((((29,4),12),((20,(24,1)),(15,(23,3)))),28),6),30),((((8,(13,(11,17))),(16,5)),(21,9)),(27,((19,26),18)))),((7,10),(14,2))),25));

STEP 94 [SPR_ClassicHeuristic_MP_RF -> NNI_Substep_17] - Distance: 111.0000
(22,(((((((((29,4),12),((20,(24,1)),(15,(23,3)))),28),6),((((8,(13,(11,17))),(16,5)),(21,9)),(27,((19,26),18)))),30),((7,10),(14,2))),25));

STEP 95 [SPR_ClassicHeuristic_MP_RF -> NNI_Substep_18] - Distance: 102.0000
(22,((((((((29,4),12),((20,(24,1)),(15,(23,3)))),28),6),(((((8,(13,(11,17))),(16,5)),(21,9)),(27,((19,26),18))),30)),((7,10),(14,2))),25));

STEP 96 [SPR_ClassicHeuristic_MP_RF -> NNI_Substep_19] - Distance: 99.0000
(22,((((((((29,4),12),((20,(24,1)),(15,(23,3)))),28),6),(((((8,(13,(11,17))),(16,5)),(21,9)),30),(27,((19,26),18)))),((7,10),(14,2))),25));

STEP 97 [SPR_ClassicHeuristic_MP_RF -> NNI_Substep_20] - Distance: 94.0000
(22,((((((((29,4),12),((20,(24,1)),(15,(23,3)))),28),6),((((8,(13,(11,17))),(16,5)),((21,9),30)),(27,((19,26),18)))),((7,10),(14,2))),25));

STEP 98 [SPR_ClassicHeuristic_MP_RF -> NNI_Substep_21] - Distance: 93.0000
(22,((((((((29,4),12),((20,(24,1)),(15,(23,3)))),28),6),((((8,(13,(11,17))),(16,5)),((21,30),9)),(27,((19,26),18)))),((7,10),(14,2))),25));

STEP 99 [SPR_ClassicHeuristic_MP_RF -> NNI_Substep_22] - Distance: 93.0000
(22,((((((((29,4),12),((20,(24,1)),(15,(23,3)))),28),6),(((((8,(13,(11,17))),5),16),((21,30),9)),(27,((19,26),18)))),((7,10),(14,2))),25));

STEP 100 [SPR_ClassicHeuristic_MP_RF -> NNI_Substep_23] - Distance: 93.0000
(22,((((((((29,4),12),((20,(24,1)),(15,(23,3)))),28),6),(((((8,(13,(11,17))),5),((21,30),9)),16),(27,((19,26),18)))),((7,10),(14,2))),25));

STEP 101 [SPR_ClassicHeuristic_MP_RF -> NNI_Substep_24] - Distance: 93.0000
(22,((((((((29,4),12),((20,(24,1)),(15,(23,3)))),28),6),(((((8,(13,(11,17))),5),((21,30),9)),(27,((19,26),18))),16)),((7,10),(14,2))),25));

STEP 102 [SPR_ClassicHeuristic_MP_RF -> NNI_Substep_25] - Distance: 93.0000
(22,(((((((((29,4),12),((20,(24,1)),(15,(23,3)))),28),6),((((8,(13,(11,17))),5),((21,30),9)),(27,((19,26),18)))),16),((7,10),(14,2))),25));

STEP 103 [SPR_ClassicHeuristic_MP_RF -> NNI_Substep_26] - Distance: 82.0000
(22,(((((((((29,4),12),((20,(24,1)),(15,(23,3)))),28),6),16),((((8,(13,(11,17))),5),((21,30),9)),(27,((19,26),18)))),((7,10),(14,2))),25));

STEP 104 [SPR_ClassicHeuristic_MP_RF -> NNI_Substep_27] - Distance: 74.0000
(22,((((((((29,4),12),((20,(24,1)),(15,(23,3)))),28),(6,16)),((((8,(13,(11,17))),5),((21,30),9)),(27,((19,26),18)))),((7,10),(14,2))),25));

STEP 105 [SPR_ClassicHeuristic_MP_RF -> NNI_Substep_28] - Distance: 74.0000
(22,((((((((29,4),12),((20,(24,1)),(15,(23,3)))),28),(6,16)),((((8,(13,(11,17))),5),((21,30),9)),(27,((26,18),19)))),((7,10),(14,2))),25));

STEP 106 [SPR_ClassicHeuristic_MP_RF -> NNI_Substep_29] - Distance: 74.0000
(22,((((((((29,4),12),((20,(24,1)),(15,(23,3)))),28),(6,16)),((((8,(13,(11,17))),5),((21,30),9)),((27,(26,18)),19))),((7,10),(14,2))),25));

STEP 107 [SPR_ClassicHeuristic_MP_RF -> NNI_Substep_30] - Distance: 74.0000
(22,((((((((29,4),12),((20,(24,1)),(15,(23,3)))),28),(6,16)),(((((8,(13,(11,17))),5),((21,30),9)),(27,(26,18))),19)),((7,10),(14,2))),25));

STEP 108 [SPR_ClassicHeuristic_MP_RF -> NNI_Substep_31] - Distance: 74.0000
(22,(((((((((29,4),12),((20,(24,1)),(15,(23,3)))),28),(6,16)),((((8,(13,(11,17))),5),((21,30),9)),(27,(26,18)))),19),((7,10),(14,2))),25));

STEP 109 [SPR_ClassicHeuristic_MP_RF -> NNI_Substep_32] - Distance: 73.0000
(22,(((((((((29,4),12),((20,(24,1)),(15,(23,3)))),28),(6,16)),((((8,(13,(11,17))),5),((21,30),9)),(27,(26,18)))),((7,10),(14,2))),19),25));

STEP 110 [SPR_ClassicHeuristic_MP_RF -> NNI_Substep_33] - Distance: 51.0000
(22,((((((((29,4),12),((20,(24,1)),(15,(23,3)))),28),(6,16)),((((8,(13,(11,17))),5),((21,30),9)),(27,(26,18)))),(((7,10),(14,2)),19)),25));

STEP 111 [SPR_ClassicHeuristic_MP_RF -> NNI_Substep_34] - Distance: 49.0000
(22,((((((((29,4),12),((20,(24,1)),(15,(23,3)))),28),(6,16)),((((8,(13,(11,17))),5),((21,30),9)),(27,(26,18)))),((7,10),((14,2),19))),25));

STEP 112 [SPR_ClassicHeuristic_MP_RF -> NNI_Substep_35] - Distance: 48.0000
(22,((((((((29,4),12),((20,(24,1)),(15,(23,3)))),28),(6,16)),((((8,(13,(11,17))),5),((21,30),9)),(27,(26,18)))),((7,10),(14,(2,19)))),25));

STEP 113 [SPR_ClassicHeuristic_MP_RF -> NNI_Substep_36] - Distance: 48.0000
(22,((((((((29,4),12),(((24,1),(15,(23,3))),20)),28),(6,16)),((((8,(13,(11,17))),5),((21,30),9)),(27,(26,18)))),((7,10),(14,(2,19)))),25));

STEP 114 [SPR_ClassicHeuristic_MP_RF -> NNI_Substep_37] - Distance: 48.0000
(22,(((((((((29,4),12),((24,1),(15,(23,3)))),20),28),(6,16)),((((8,(13,(11,17))),5),((21,30),9)),(27,(26,18)))),((7,10),(14,(2,19)))),25));

STEP 115 [SPR_ClassicHeuristic_MP_RF -> NNI_Substep_38] - Distance: 48.0000
(22,(((((((((29,4),12),((24,1),(15,(23,3)))),28),20),(6,16)),((((8,(13,(11,17))),5),((21,30),9)),(27,(26,18)))),((7,10),(14,(2,19)))),25));

STEP 116 [SPR_ClassicHeuristic_MP_RF -> NNI_Substep_39] - Distance: 48.0000
(22,(((((((((29,4),12),((24,1),(15,(23,3)))),28),(6,16)),20),((((8,(13,(11,17))),5),((21,30),9)),(27,(26,18)))),((7,10),(14,(2,19)))),25));

STEP 117 [SPR_ClassicHeuristic_MP_RF -> NNI_Substep_40] - Distance: 48.0000
(22,(((((((((29,4),12),((24,1),(15,(23,3)))),28),(6,16)),((((8,(13,(11,17))),5),((21,30),9)),(27,(26,18)))),20),((7,10),(14,(2,19)))),25));

STEP 118 [SPR_ClassicHeuristic_MP_RF -> NNI_Substep_41] - Distance: 47.0000
(22,(((((((((29,4),12),((24,1),(15,(23,3)))),28),(6,16)),((((8,(13,(11,17))),5),((21,30),9)),(27,(26,18)))),((7,10),(14,(2,19)))),20),25));

STEP 119 [SPR_ClassicHeuristic_MP_RF -> NNI_Substep_42] - Distance: 25.0000
(22,((((((((29,4),12),((24,1),(15,(23,3)))),28),(6,16)),((((8,(13,(11,17))),5),((21,30),9)),(27,(26,18)))),(((7,10),(14,(2,19))),20)),25));

STEP 120 [SPR_ClassicHeuristic_MP_RF -> NNI_Substep_43] - Distance: 23.0000
(22,((((((((29,4),12),((24,1),(15,(23,3)))),28),(6,16)),((((8,(13,(11,17))),5),((21,30),9)),(27,(26,18)))),((7,10),((14,(2,19)),20))),25));

STEP 121 [SPR_ClassicHeuristic_MP_RF -> NNI_Substep_44] - Distance: 21.0000
(22,((((((((29,4),12),((24,1),(15,(23,3)))),28),(6,16)),((((8,(13,(11,17))),5),((21,30),9)),(27,(26,18)))),((7,10),((14,20),(2,19)))),25));

STEP 122 [SPR_ClassicHeuristic_MP_RF -> NNI_Substep_45] - Distance: 21.0000
(22,((((((((29,4),12),((24,(15,(23,3))),1)),28),(6,16)),((((8,(13,(11,17))),5),((21,30),9)),(27,(26,18)))),((7,10),((14,20),(2,19)))),25));

STEP 123 [SPR_ClassicHeuristic_MP_RF -> NNI_Substep_46] - Distance: 21.0000
(22,(((((((((29,4),12),(24,(15,(23,3)))),1),28),(6,16)),((((8,(13,(11,17))),5),((21,30),9)),(27,(26,18)))),((7,10),((14,20),(2,19)))),25));

STEP 124 [SPR_ClassicHeuristic_MP_RF -> NNI_Substep_47] - Distance: 21.0000
(22,(((((((((29,4),12),(24,(15,(23,3)))),28),1),(6,16)),((((8,(13,(11,17))),5),((21,30),9)),(27,(26,18)))),((7,10),((14,20),(2,19)))),25));

STEP 125 [SPR_ClassicHeuristic_MP_RF -> NNI_Substep_48] - Distance: 21.0000
(22,(((((((((29,4),12),(24,(15,(23,3)))),28),(6,16)),1),((((8,(13,(11,17))),5),((21,30),9)),(27,(26,18)))),((7,10),((14,20),(2,19)))),25));

STEP 126 [SPR_ClassicHeuristic_MP_RF -> NNI_Substep_49] - Distance: 20.0000
(22,(((((((((29,4),12),(24,(15,(23,3)))),28),(6,16)),((((8,(13,(11,17))),5),((21,30),9)),(27,(26,18)))),1),((7,10),((14,20),(2,19)))),25));

STEP 127 [SPR_ClassicHeuristic_MP_RF -> NNI_Substep_50] - Distance: 10.0000
(22,((((((((29,4),12),(24,(15,(23,3)))),28),(6,16)),(((((8,(13,(11,17))),5),((21,30),9)),(27,(26,18))),1)),((7,10),((14,20),(2,19)))),25));

STEP 128 [SPR_ClassicHeuristic_MP_RF -> NNI_Substep_51] - Distance: 2.0000
(22,((((((((29,4),12),(24,(15,(23,3)))),28),(6,16)),((((8,(13,(11,17))),5),((21,30),9)),((27,(26,18)),1))),((7,10),((14,20),(2,19)))),25));

STEP 129 [SPR_ClassicHeuristic_MP_RF -> NNI_Substep_52] - Distance: 1.0000
(22,((((((((29,4),12),(24,(15,(23,3)))),28),(6,16)),((((8,(13,(11,17))),5),((21,30),9)),(27,((26,18),1)))),((7,10),((14,20),(2,19)))),25));

STEP 130 [SPR_ClassicHeuristic_MP_RF -> NNI_Substep_53] - Distance: 0.0000
(22,((((((((29,4),12),(24,(15,(23,3)))),28),(6,16)),((((8,(13,(11,17))),5),((21,30),9)),(27,((26,1),18)))),((7,10),((14,20),(2,19)))),25));

========================================================
[FINAL] Total Steps: 130 | Final Distance: 0.0000
========================================================
