========================================================
HEURISTIC TRAJECTORY: VND Classic (MS_RF)
========================================================
STEP 0 [START] - Distance: 146.0000
(((27,(9,(2,(3,((21,(20,23)),(24,19)))))),((((15,30),(6,12)),(10,(8,11))),(14,25))),(29,((28,(17,1)),(16,13))),((18,4),(5,(22,(26,7)))));

STEP 1 [NNI_ClassicHeuristic_MS_RF -> NNI_Substep_1] - Distance: 141.0000
(((27,((3,((21,(20,23)),(24,19))),(2,9))),((((15,30),(6,12)),(10,(8,11))),(14,25))),(29,((28,(17,1)),(16,13))),((18,4),(5,(22,(26,7)))));

STEP 2 [NNI_ClassicHeuristic_MS_RF -> NNI_Substep_2] - Distance: 138.0000
((((3,((21,(20,23)),(24,19))),(27,(2,9))),((((15,30),(6,12)),(10,(8,11))),(14,25))),(29,((28,(17,1)),(16,13))),((18,4),(5,(22,(26,7)))));

STEP 3 [NNI_ClassicHeuristic_MS_RF -> NNI_Substep_3] - Distance: 135.0000
((((3,((21,(20,23)),(24,19))),(27,(2,9))),((((15,30),(6,12)),(14,25)),(10,(8,11)))),(29,((28,(17,1)),(16,13))),((18,4),(5,(22,(26,7)))));

STEP 4 [NNI_ClassicHeuristic_MS_RF -> NNI_Substep_4] - Distance: 133.0000
(((10,(8,11)),((((15,30),(6,12)),(14,25)),((3,((21,(20,23)),(24,19))),(27,(2,9))))),(29,((28,(17,1)),(16,13))),((18,4),(5,(22,(26,7)))));

STEP 5 [NNI_ClassicHeuristic_MS_RF -> NNI_Substep_5] - Distance: 129.0000
(((10,(8,11)),((3,((21,(20,23)),(24,19))),((((15,30),(6,12)),(14,25)),(27,(2,9))))),(29,((28,(17,1)),(16,13))),((18,4),(5,(22,(26,7)))));

STEP 6 [NNI_ClassicHeuristic_MS_RF -> NNI_Substep_6] - Distance: 126.0000
(((29,((28,(17,1)),(16,13))),((3,((21,(20,23)),(24,19))),((((15,30),(6,12)),(14,25)),(27,(2,9))))),(10,(8,11)),((18,4),(5,(22,(26,7)))));

STEP 7 [NNI_ClassicHeuristic_MS_RF -> NNI_Substep_7] - Distance: 125.0000
(((29,((28,(17,1)),(16,13))),((3,((21,(20,23)),(24,19))),(27,((((15,30),(6,12)),(14,25)),(2,9))))),(10,(8,11)),((18,4),(5,(22,(26,7)))));

STEP 8 [NNI_ClassicHeuristic_MS_RF -> NNI_Substep_8] - Distance: 124.0000
(((29,((28,(17,1)),(16,13))),((3,((21,(20,23)),(24,19))),(27,((((15,30),(6,12)),(14,25)),(2,9))))),(10,(8,11)),((18,4),((26,7),(22,5))));

STEP 9 [NNI_ClassicHeuristic_MS_RF -> NNI_Substep_9] - Distance: 122.0000
(((29,((28,(17,1)),(16,13))),((3,((21,(20,23)),(24,19))),(27,((((15,30),(6,12)),(14,25)),(2,9))))),(10,(8,11)),((26,7),((18,4),(22,5))));

STEP 10 [NNI_ClassicHeuristic_MS_RF -> NNI_Substep_10] - Distance: 121.0000
(((29,((28,(17,1)),(16,13))),((3,((21,(20,23)),(24,19))),(27,((((15,30),(6,12)),(14,25)),(2,9))))),(10,(8,11)),((26,7),(5,(22,(18,4)))));

STEP 11 [NNI_ClassicHeuristic_MS_RF -> NNI_Substep_11] - Distance: 120.0000
((5,(22,(18,4))),(10,(8,11)),((26,7),((29,((28,(17,1)),(16,13))),((3,((21,(20,23)),(24,19))),(27,((((15,30),(6,12)),(14,25)),(2,9)))))));

STEP 12 [uSPR_ClassicHeuristic_null_MS_RF -> NNI_Substep_1] - Distance: 121.0000
((5,(22,(18,4))),(10,(8,11)),((26,7),((29,((28,(17,1)),(16,13))),((3,((21,(20,23)),(24,19))),(27,(((((15,30),(6,12)),14),25),(2,9)))))));

STEP 13 [uSPR_ClassicHeuristic_null_MS_RF -> NNI_Substep_2] - Distance: 118.0000
((5,(22,(18,4))),(10,(8,11)),((26,7),((29,((28,(17,1)),(16,13))),((3,((21,(20,23)),(24,19))),(27,(((((15,30),(6,12)),14),(2,9)),25))))));

STEP 14 [uSPR_ClassicHeuristic_null_MS_RF -> NNI_Substep_3] - Distance: 118.0000
((5,(22,(18,4))),(10,(8,11)),((26,7),((29,((28,(17,1)),(16,13))),((3,((21,(20,23)),(24,19))),((27,((((15,30),(6,12)),14),(2,9))),25)))));

STEP 15 [uSPR_ClassicHeuristic_null_MS_RF -> NNI_Substep_4] - Distance: 121.0000
((5,(22,(18,4))),(10,(8,11)),((26,7),((29,((28,(17,1)),(16,13))),(((3,((21,(20,23)),(24,19))),(27,((((15,30),(6,12)),14),(2,9)))),25))));

STEP 16 [uSPR_ClassicHeuristic_null_MS_RF -> NNI_Substep_5] - Distance: 120.0000
((5,(22,(18,4))),(10,(8,11)),((26,7),(((29,((28,(17,1)),(16,13))),((3,((21,(20,23)),(24,19))),(27,((((15,30),(6,12)),14),(2,9))))),25)));

STEP 17 [uSPR_ClassicHeuristic_null_MS_RF -> NNI_Substep_6] - Distance: 119.0000
((5,(22,(18,4))),(10,(8,11)),(((26,7),((29,((28,(17,1)),(16,13))),((3,((21,(20,23)),(24,19))),(27,((((15,30),(6,12)),14),(2,9)))))),25));

STEP 18 [uSPR_ClassicHeuristic_null_MS_RF -> NNI_Substep_7] - Distance: 117.0000
(((5,(22,(18,4))),25),(10,(8,11)),((26,7),((29,((28,(17,1)),(16,13))),((3,((21,(20,23)),(24,19))),(27,((((15,30),(6,12)),14),(2,9)))))));

STEP 19 [uSPR_ClassicHeuristic_null_MS_RF -> NNI_Substep_8] - Distance: 115.0000
((5,((22,(18,4)),25)),(10,(8,11)),((26,7),((29,((28,(17,1)),(16,13))),((3,((21,(20,23)),(24,19))),(27,((((15,30),(6,12)),14),(2,9)))))));

STEP 20 [uSPR_ClassicHeuristic_null_MS_RF -> NNI_Substep_9] - Distance: 113.0000
((5,(22,((18,4),25))),(10,(8,11)),((26,7),((29,((28,(17,1)),(16,13))),((3,((21,(20,23)),(24,19))),(27,((((15,30),(6,12)),14),(2,9)))))));

STEP 21 [uSPR_ClassicHeuristic_null_MS_RF -> NNI_Substep_10] - Distance: 111.0000
((5,(22,(18,(4,25)))),(10,(8,11)),((26,7),((29,((28,(17,1)),(16,13))),((3,((21,(20,23)),(24,19))),(27,((((15,30),(6,12)),14),(2,9)))))));

STEP 22 [uSPR_ClassicHeuristic_null_MS_RF -> NNI_Substep_11] - Distance: 113.0000
((5,(22,(18,(4,25)))),(10,(8,11)),((26,7),((29,((28,(17,1)),(16,13))),((3,(((21,(20,23)),19),24)),(27,((((15,30),(6,12)),14),(2,9)))))));

STEP 23 [uSPR_ClassicHeuristic_null_MS_RF -> NNI_Substep_12] - Distance: 111.0000
((5,(22,(18,(4,25)))),(10,(8,11)),((26,7),((29,((28,(17,1)),(16,13))),(((3,((21,(20,23)),19)),24),(27,((((15,30),(6,12)),14),(2,9)))))));

STEP 24 [uSPR_ClassicHeuristic_null_MS_RF -> NNI_Substep_13] - Distance: 112.0000
((5,(22,(18,(4,25)))),(10,(8,11)),((26,7),((29,((28,(17,1)),(16,13))),(((3,((21,(20,23)),19)),(27,((((15,30),(6,12)),14),(2,9)))),24))));

STEP 25 [uSPR_ClassicHeuristic_null_MS_RF -> NNI_Substep_14] - Distance: 111.0000
((5,(22,(18,(4,25)))),(10,(8,11)),((26,7),(((29,((28,(17,1)),(16,13))),((3,((21,(20,23)),19)),(27,((((15,30),(6,12)),14),(2,9))))),24)));

STEP 26 [uSPR_ClassicHeuristic_null_MS_RF -> NNI_Substep_15] - Distance: 108.0000
((5,(22,(18,(4,25)))),(10,(8,11)),(((26,7),((29,((28,(17,1)),(16,13))),((3,((21,(20,23)),19)),(27,((((15,30),(6,12)),14),(2,9)))))),24));

STEP 27 [uSPR_ClassicHeuristic_null_MS_RF -> NNI_Substep_16] - Distance: 106.0000
(((5,(22,(18,(4,25)))),24),(10,(8,11)),((26,7),((29,((28,(17,1)),(16,13))),((3,((21,(20,23)),19)),(27,((((15,30),(6,12)),14),(2,9)))))));

STEP 28 [uSPR_ClassicHeuristic_null_MS_RF -> NNI_Substep_17] - Distance: 104.0000
((5,((22,(18,(4,25))),24)),(10,(8,11)),((26,7),((29,((28,(17,1)),(16,13))),((3,((21,(20,23)),19)),(27,((((15,30),(6,12)),14),(2,9)))))));

STEP 29 [uSPR_ClassicHeuristic_null_MS_RF -> NNI_Substep_18] - Distance: 104.0000
((5,(22,((18,(4,25)),24))),(10,(8,11)),((26,7),((29,((28,(17,1)),(16,13))),((3,((21,(20,23)),19)),(27,((((15,30),(6,12)),14),(2,9)))))));

STEP 30 [uSPR_ClassicHeuristic_null_MS_RF -> NNI_Substep_19] - Distance: 102.0000
((5,(22,(18,((4,25),24)))),(10,(8,11)),((26,7),((29,((28,(17,1)),(16,13))),((3,((21,(20,23)),19)),(27,((((15,30),(6,12)),14),(2,9)))))));

STEP 31 [uSPR_ClassicHeuristic_null_MS_RF -> NNI_Substep_20] - Distance: 102.0000
((5,(22,(18,((4,25),24)))),(10,(8,11)),((26,7),((29,((28,(17,1)),(16,13))),((3,(((21,20),23),19)),(27,((((15,30),(6,12)),14),(2,9)))))));

STEP 32 [uSPR_ClassicHeuristic_null_MS_RF -> NNI_Substep_21] - Distance: 102.0000
((5,(22,(18,((4,25),24)))),(10,(8,11)),((26,7),((29,((28,(17,1)),(16,13))),((3,(((21,20),19),23)),(27,((((15,30),(6,12)),14),(2,9)))))));

STEP 33 [uSPR_ClassicHeuristic_null_MS_RF -> NNI_Substep_22] - Distance: 102.0000
((5,(22,(18,((4,25),24)))),(10,(8,11)),((26,7),((29,((28,(17,1)),(16,13))),(((3,((21,20),19)),23),(27,((((15,30),(6,12)),14),(2,9)))))));

STEP 34 [uSPR_ClassicHeuristic_null_MS_RF -> NNI_Substep_23] - Distance: 103.0000
((5,(22,(18,((4,25),24)))),(10,(8,11)),((26,7),((29,((28,(17,1)),(16,13))),(((3,((21,20),19)),(27,((((15,30),(6,12)),14),(2,9)))),23))));

STEP 35 [uSPR_ClassicHeuristic_null_MS_RF -> NNI_Substep_24] - Distance: 104.0000
((5,(22,(18,((4,25),24)))),(10,(8,11)),((26,7),(((29,((28,(17,1)),(16,13))),((3,((21,20),19)),(27,((((15,30),(6,12)),14),(2,9))))),23)));

STEP 36 [uSPR_ClassicHeuristic_null_MS_RF -> NNI_Substep_25] - Distance: 103.0000
((5,(22,(18,((4,25),24)))),(10,(8,11)),((26,7),(((29,((28,(17,1)),(16,13))),23),((3,((21,20),19)),(27,((((15,30),(6,12)),14),(2,9)))))));

STEP 37 [uSPR_ClassicHeuristic_null_MS_RF -> NNI_Substep_26] - Distance: 101.0000
((5,(22,(18,((4,25),24)))),(10,(8,11)),((26,7),((29,(((28,(17,1)),(16,13)),23)),((3,((21,20),19)),(27,((((15,30),(6,12)),14),(2,9)))))));

STEP 38 [uSPR_ClassicHeuristic_null_MS_RF -> NNI_Substep_27] - Distance: 100.0000
((5,(22,(18,((4,25),24)))),(10,(8,11)),((26,7),((29,(((28,(17,1)),23),(16,13))),((3,((21,20),19)),(27,((((15,30),(6,12)),14),(2,9)))))));

STEP 39 [uSPR_ClassicHeuristic_null_MS_RF -> NNI_Substep_28] - Distance: 98.0000
((5,(22,(18,((4,25),24)))),(10,(8,11)),((26,7),((29,((28,((17,1),23)),(16,13))),((3,((21,20),19)),(27,((((15,30),(6,12)),14),(2,9)))))));

STEP 40 [uSPR_ClassicHeuristic_null_MS_RF -> NNI_Substep_29] - Distance: 96.0000
((5,(22,(18,((4,25),24)))),(10,(8,11)),((26,7),((29,((28,(17,(1,23))),(16,13))),((3,((21,20),19)),(27,((((15,30),(6,12)),14),(2,9)))))));

STEP 41 [uSPR_ClassicHeuristic_null_MS_RF -> NNI_Substep_30] - Distance: 93.0000
((5,(22,(18,((4,25),24)))),(10,(8,11)),((26,7),((29,((28,(17,(1,23))),(16,13))),((3,((21,20),19)),(27,((((15,30),14),(6,12)),(2,9)))))));

STEP 42 [uSPR_ClassicHeuristic_null_MS_RF -> NNI_Substep_31] - Distance: 91.0000
((5,(22,(18,((4,25),24)))),(10,(8,11)),((26,7),((29,((28,(17,(1,23))),(16,13))),((3,((21,20),19)),(27,((((15,14),30),(6,12)),(2,9)))))));

STEP 43 [uSPR_ClassicHeuristic_null_MS_RF -> NNI_Substep_32] - Distance: 91.0000
(((5,(22,(18,((4,25),24)))),10),(8,11),((26,7),((29,((28,(17,(1,23))),(16,13))),((3,((21,20),19)),(27,((((15,14),30),(6,12)),(2,9)))))));

STEP 44 [uSPR_ClassicHeuristic_null_MS_RF -> NNI_Substep_33] - Distance: 89.0000
((5,((22,(18,((4,25),24))),10)),(8,11),((26,7),((29,((28,(17,(1,23))),(16,13))),((3,((21,20),19)),(27,((((15,14),30),(6,12)),(2,9)))))));

STEP 45 [uSPR_ClassicHeuristic_null_MS_RF -> NNI_Substep_34] - Distance: 86.0000
((5,((22,10),(18,((4,25),24)))),(8,11),((26,7),((29,((28,(17,(1,23))),(16,13))),((3,((21,20),19)),(27,((((15,14),30),(6,12)),(2,9)))))));

STEP 46 [uSPR_ClassicHeuristic_null_MS_RF -> NNI_Substep_35] - Distance: 83.0000
((5,(((22,10),((4,25),24)),18)),(8,11),((26,7),((29,((28,(17,(1,23))),(16,13))),((3,((21,20),19)),(27,((((15,14),30),(6,12)),(2,9)))))));

STEP 47 [uSPR_ClassicHeuristic_null_MS_RF -> NNI_Substep_36] - Distance: 83.0000
(((5,((22,10),((4,25),24))),18),(8,11),((26,7),((29,((28,(17,(1,23))),(16,13))),((3,((21,20),19)),(27,((((15,14),30),(6,12)),(2,9)))))));

STEP 48 [uSPR_ClassicHeuristic_null_MS_RF -> NNI_Substep_37] - Distance: 84.0000
((5,((22,10),((4,25),24))),(8,11),(((26,7),((29,((28,(17,(1,23))),(16,13))),((3,((21,20),19)),(27,((((15,14),30),(6,12)),(2,9)))))),18));

STEP 49 [uSPR_ClassicHeuristic_null_MS_RF -> NNI_Substep_38] - Distance: 85.0000
((5,((22,10),((4,25),24))),(8,11),((26,7),(((29,((28,(17,(1,23))),(16,13))),((3,((21,20),19)),(27,((((15,14),30),(6,12)),(2,9))))),18)));

STEP 50 [uSPR_ClassicHeuristic_null_MS_RF -> NNI_Substep_39] - Distance: 85.0000
((5,((22,10),((4,25),24))),(8,11),((26,7),((29,((28,(17,(1,23))),(16,13))),(((3,((21,20),19)),(27,((((15,14),30),(6,12)),(2,9)))),18))));

STEP 51 [uSPR_ClassicHeuristic_null_MS_RF -> NNI_Substep_40] - Distance: 84.0000
((5,((22,10),((4,25),24))),(8,11),((26,7),((29,((28,(17,(1,23))),(16,13))),(((3,((21,20),19)),18),(27,((((15,14),30),(6,12)),(2,9)))))));

STEP 52 [uSPR_ClassicHeuristic_null_MS_RF -> NNI_Substep_41] - Distance: 84.0000
((5,((22,10),((4,25),24))),(8,11),((26,7),((29,((28,(17,(1,23))),(16,13))),((3,(((21,20),19),18)),(27,((((15,14),30),(6,12)),(2,9)))))));

STEP 53 [uSPR_ClassicHeuristic_null_MS_RF -> NNI_Substep_42] - Distance: 84.0000
((5,((22,10),((4,25),24))),(8,11),((26,7),((29,((28,(17,(1,23))),(16,13))),((3,(((21,20),18),19)),(27,((((15,14),30),(6,12)),(2,9)))))));

STEP 54 [uSPR_ClassicHeuristic_null_MS_RF -> NNI_Substep_43] - Distance: 84.0000
((5,((22,10),((4,25),24))),(8,11),((26,7),((29,((28,(17,(1,23))),(16,13))),((3,((21,(20,18)),19)),(27,((((15,14),30),(6,12)),(2,9)))))));

STEP 55 [uSPR_ClassicHeuristic_null_MS_RF -> NNI_Substep_44] - Distance: 83.0000
((5,((22,10),((4,25),24))),(8,11),((26,7),((29,((28,(17,(1,23))),(16,13))),((3,((21,19),(20,18))),(27,((((15,14),30),(6,12)),(2,9)))))));

STEP 56 [uSPR_ClassicHeuristic_null_MS_RF -> NNI_Substep_45] - Distance: 80.0000
((5,((22,10),((4,25),24))),(8,11),((26,7),((29,((28,(17,(1,23))),(16,13))),(((3,(21,19)),(20,18)),(27,((((15,14),30),(6,12)),(2,9)))))));

STEP 57 [uSPR_ClassicHeuristic_null_MS_RF -> NNI_Substep_46] - Distance: 82.0000
((5,((22,10),((4,25),24))),(8,11),((26,7),((29,((28,(17,(1,23))),(16,13))),(((3,(21,19)),(27,((((15,14),30),(6,12)),(2,9)))),(20,18)))));

STEP 58 [uSPR_ClassicHeuristic_null_MS_RF -> NNI_Substep_47] - Distance: 77.0000
((5,((22,10),((4,25),24))),(8,11),((26,7),((29,((28,(17,(1,23))),(16,13))),((3,(21,19)),((27,((((15,14),30),(6,12)),(2,9))),(20,18))))));

STEP 59 [uSPR_ClassicHeuristic_null_MS_RF -> NNI_Substep_48] - Distance: 74.0000
((5,((22,10),((4,25),24))),(8,11),((26,7),((29,((28,(17,(1,23))),(16,13))),((3,(21,19)),(27,(((((15,14),30),(6,12)),(2,9)),(20,18)))))));

STEP 60 [uSPR_ClassicHeuristic_null_MS_RF -> NNI_Substep_49] - Distance: 74.0000
((5,((22,10),((4,25),24))),(8,11),((26,7),((29,((28,(17,(1,23))),(16,13))),((3,(21,19)),(27,((((30,(6,12)),(15,14)),(2,9)),(20,18)))))));

STEP 61 [uSPR_ClassicHeuristic_null_MS_RF -> NNI_Substep_50] - Distance: 76.0000
((5,((22,10),((4,25),24))),(8,11),((26,7),((29,((28,(17,(1,23))),(16,13))),((3,(21,19)),(27,((((30,(6,12)),(2,9)),(15,14)),(20,18)))))));

STEP 62 [uSPR_ClassicHeuristic_null_MS_RF -> NNI_Substep_51] - Distance: 73.0000
((5,((22,10),((4,25),24))),(8,11),((26,7),((29,((28,(17,(1,23))),(16,13))),((3,(21,19)),(27,(((30,(6,12)),((2,9),(15,14))),(20,18)))))));

STEP 63 [uSPR_ClassicHeuristic_null_MS_RF -> NNI_Substep_52] - Distance: 70.0000
((5,((22,10),((4,25),24))),(8,11),((26,7),((29,((28,(17,(1,23))),(16,13))),((3,(21,19)),(27,(((30,(6,12)),((2,(15,14)),9)),(20,18)))))));

STEP 64 [uSPR_ClassicHeuristic_null_MS_RF -> NNI_Substep_53] - Distance: 70.0000
((5,((22,10),((4,25),24))),(8,11),((26,7),((29,((28,(17,(1,23))),(16,13))),((3,(21,19)),(27,((((30,6),12),((2,(15,14)),9)),(20,18)))))));

STEP 65 [uSPR_ClassicHeuristic_null_MS_RF -> NNI_Substep_54] - Distance: 73.0000
((5,((22,10),((4,25),24))),(8,11),((26,7),((29,((28,(17,(1,23))),(16,13))),((3,(21,19)),(27,((((30,6),((2,(15,14)),9)),12),(20,18)))))));

STEP 66 [uSPR_ClassicHeuristic_null_MS_RF -> NNI_Substep_55] - Distance: 70.0000
((5,((22,10),((4,25),24))),(8,11),((26,7),((29,((28,(17,(1,23))),(16,13))),((3,(21,19)),(27,(((30,6),(((2,(15,14)),9),12)),(20,18)))))));

STEP 67 [uSPR_ClassicHeuristic_null_MS_RF -> NNI_Substep_56] - Distance: 68.0000
((5,((22,10),((4,25),24))),(8,11),((26,7),((29,((28,(17,(1,23))),(16,13))),((3,(21,19)),(27,(((30,6),(((2,(15,14)),12),9)),(20,18)))))));

STEP 68 [uSPR_ClassicHeuristic_null_MS_RF -> NNI_Substep_57] - Distance: 64.0000
((5,((22,10),((4,25),24))),(8,11),((26,7),((29,((28,(17,(1,23))),(16,13))),((3,(21,19)),(27,(((((2,(15,14)),12),9),(20,18)),(30,6)))))));

STEP 69 [uSPR_ClassicHeuristic_null_MS_RF -> NNI_Substep_58] - Distance: 64.0000
((5,((22,10),((4,25),24))),(8,11),((26,7),((29,((28,(17,(1,23))),(16,13))),(((3,(21,19)),(((((2,(15,14)),12),9),(20,18)),(30,6))),27))));

STEP 70 [uSPR_ClassicHeuristic_null_MS_RF -> NNI_Substep_59] - Distance: 60.0000
((5,((22,10),((4,25),24))),(8,11),((26,7),((29,((28,(17,(1,23))),(16,13))),(((3,(21,19)),27),(((((2,(15,14)),12),9),(20,18)),(30,6))))));

STEP 71 [uSPR_ClassicHeuristic_null_MS_RF -> NNI_Substep_60] - Distance: 60.0000
((5,((22,10),((4,25),24))),(8,11),((26,7),((29,((28,(17,(1,23))),(16,13))),((((21,19),27),3),(((((2,(15,14)),12),9),(20,18)),(30,6))))));

STEP 72 [uSPR_ClassicHeuristic_null_MS_RF -> NNI_Substep_61] - Distance: 60.0000
((5,((22,10),((4,25),24))),(8,11),((26,7),((29,((28,(17,(1,23))),(16,13))),((3,((21,27),19)),(((((2,(15,14)),12),9),(20,18)),(30,6))))));

STEP 73 [uSPR_ClassicHeuristic_null_MS_RF -> NNI_Substep_62] - Distance: 57.0000
((5,((22,10),((4,25),24))),(8,11),((26,7),((29,((28,(17,(1,23))),(16,13))),(((3,19),(21,27)),(((((2,(15,14)),12),9),(20,18)),(30,6))))));

STEP 74 [uSPR_ClassicHeuristic_null_MS_RF -> NNI_Substep_63] - Distance: 60.0000
((5,((22,10),((4,25),24))),(8,11),((26,7),((29,((28,(17,(1,23))),(16,13))),(((3,19),(((((2,(15,14)),12),9),(20,18)),(30,6))),(21,27)))));

STEP 75 [uSPR_ClassicHeuristic_null_MS_RF -> NNI_Substep_64] - Distance: 55.0000
((5,((22,10),((4,25),24))),(8,11),((26,7),(((29,((28,(17,(1,23))),(16,13))),((3,19),(((((2,(15,14)),12),9),(20,18)),(30,6)))),(21,27))));

STEP 76 [uSPR_ClassicHeuristic_null_MS_RF -> NNI_Substep_65] - Distance: 51.0000
((5,((22,10),((4,25),24))),(8,11),(((26,7),((29,((28,(17,(1,23))),(16,13))),((3,19),(((((2,(15,14)),12),9),(20,18)),(30,6))))),(21,27)));

STEP 77 [uSPR_ClassicHeuristic_null_MS_RF -> NNI_Substep_66] - Distance: 47.0000
(((5,((22,10),((4,25),24))),(21,27)),(8,11),((26,7),((29,((28,(17,(1,23))),(16,13))),((3,19),(((((2,(15,14)),12),9),(20,18)),(30,6))))));

STEP 78 [uSPR_ClassicHeuristic_null_MS_RF -> NNI_Substep_67] - Distance: 44.0000
((5,(((22,10),((4,25),24)),(21,27))),(8,11),((26,7),((29,((28,(17,(1,23))),(16,13))),((3,19),(((((2,(15,14)),12),9),(20,18)),(30,6))))));

STEP 79 [uSPR_ClassicHeuristic_null_MS_RF -> NNI_Substep_68] - Distance: 47.0000
((5,(((22,10),((4,25),24)),(21,27))),(8,11),((26,7),((29,(((28,(17,(1,23))),16),13)),((3,19),(((((2,(15,14)),12),9),(20,18)),(30,6))))));

STEP 80 [uSPR_ClassicHeuristic_null_MS_RF -> NNI_Substep_69] - Distance: 45.0000
((5,(((22,10),((4,25),24)),(21,27))),(8,11),((26,7),((29,(((28,(17,(1,23))),13),16)),((3,19),(((((2,(15,14)),12),9),(20,18)),(30,6))))));

STEP 81 [uSPR_ClassicHeuristic_null_MS_RF -> NNI_Substep_70] - Distance: 41.0000
((5,(((22,10),((4,25),24)),(21,27))),(8,11),((26,7),((29,(((28,13),(17,(1,23))),16)),((3,19),(((((2,(15,14)),12),9),(20,18)),(30,6))))));

STEP 82 [uSPR_ClassicHeuristic_null_MS_RF -> NNI_Substep_71] - Distance: 49.0000
((5,(((22,10),((4,25),24)),(21,27))),(8,11),((26,7),((29,(((28,13),(17,(1,23))),16)),((19,(((((2,(15,14)),12),9),(20,18)),(30,6))),3))));

STEP 83 [uSPR_ClassicHeuristic_null_MS_RF -> NNI_Substep_72] - Distance: 49.0000
((5,(((22,10),((4,25),24)),(21,27))),(8,11),((26,7),(((29,(((28,13),(17,(1,23))),16)),(19,(((((2,(15,14)),12),9),(20,18)),(30,6)))),3)));

STEP 84 [uSPR_ClassicHeuristic_null_MS_RF -> NNI_Substep_73] - Distance: 44.0000
((5,(((22,10),((4,25),24)),(21,27))),(8,11),((26,7),(((29,(((28,13),(17,(1,23))),16)),3),(19,(((((2,(15,14)),12),9),(20,18)),(30,6))))));

STEP 85 [uSPR_ClassicHeuristic_null_MS_RF -> NNI_Substep_74] - Distance: 39.0000
((5,(((22,10),((4,25),24)),(21,27))),(8,11),((26,7),(((29,3),(((28,13),(17,(1,23))),16)),(19,(((((2,(15,14)),12),9),(20,18)),(30,6))))));

STEP 86 [uSPR_ClassicHeuristic_null_MS_RF -> NNI_Substep_75] - Distance: 46.0000
((5,(((22,10),((4,25),24)),(21,27))),11,(((26,7),(((29,3),(((28,13),(17,(1,23))),16)),(19,(((((2,(15,14)),12),9),(20,18)),(30,6))))),8));

STEP 87 [uSPR_ClassicHeuristic_null_MS_RF -> NNI_Substep_76] - Distance: 47.0000
((5,(((22,10),((4,25),24)),(21,27))),11,((26,7),((((29,3),(((28,13),(17,(1,23))),16)),(19,(((((2,(15,14)),12),9),(20,18)),(30,6)))),8)));

STEP 88 [uSPR_ClassicHeuristic_null_MS_RF -> NNI_Substep_77] - Distance: 42.0000
((5,(((22,10),((4,25),24)),(21,27))),11,((26,7),((((29,3),(((28,13),(17,(1,23))),16)),8),(19,(((((2,(15,14)),12),9),(20,18)),(30,6))))));

STEP 89 [uSPR_ClassicHeuristic_null_MS_RF -> NNI_Substep_78] - Distance: 41.0000
((5,(((22,10),((4,25),24)),(21,27))),11,((26,7),(((29,3),((((28,13),(17,(1,23))),16),8)),(19,(((((2,(15,14)),12),9),(20,18)),(30,6))))));

STEP 90 [uSPR_ClassicHeuristic_null_MS_RF -> NNI_Substep_79] - Distance: 37.0000
((5,(((22,10),((4,25),24)),(21,27))),11,((26,7),(((29,3),(((28,13),(17,(1,23))),(16,8))),(19,(((((2,(15,14)),12),9),(20,18)),(30,6))))));

STEP 91 [uSPR_ClassicHeuristic_null_MS_RF -> NNI_Substep_80] - Distance: 43.0000
((5,(((22,10),((4,25),24)),(21,27))),11,((26,(((29,3),(((28,13),(17,(1,23))),(16,8))),(19,(((((2,(15,14)),12),9),(20,18)),(30,6))))),7));

STEP 92 [uSPR_ClassicHeuristic_null_MS_RF -> NNI_Substep_81] - Distance: 36.0000
((5,(((22,10),((4,25),24)),(21,27))),(11,7),(26,(((29,3),(((28,13),(17,(1,23))),(16,8))),(19,(((((2,(15,14)),12),9),(20,18)),(30,6))))));

STEP 93 [uSPR_ClassicHeuristic_null_MS_RF -> NNI_Substep_82] - Distance: 37.0000
((5,(((22,10),((4,25),24)),(21,27))),(11,7),(26,(((29,3),((((28,13),(1,23)),17),(16,8))),(19,(((((2,(15,14)),12),9),(20,18)),(30,6))))));

STEP 94 [uSPR_ClassicHeuristic_null_MS_RF -> NNI_Substep_83] - Distance: 38.0000
((5,(((22,10),((4,25),24)),(21,27))),(11,7),(26,(((29,3),((((28,13),(1,23)),(16,8)),17)),(19,(((((2,(15,14)),12),9),(20,18)),(30,6))))));

STEP 95 [uSPR_ClassicHeuristic_null_MS_RF -> NNI_Substep_84] - Distance: 39.0000
((5,(((22,10),((4,25),24)),(21,27))),(11,7),(26,((((29,3),(((28,13),(1,23)),(16,8))),17),(19,(((((2,(15,14)),12),9),(20,18)),(30,6))))));

STEP 96 [uSPR_ClassicHeuristic_null_MS_RF -> NNI_Substep_85] - Distance: 42.0000
((5,(((22,10),((4,25),24)),(21,27))),(11,7),(26,((((29,3),(((28,13),(1,23)),(16,8))),(19,(((((2,(15,14)),12),9),(20,18)),(30,6)))),17)));

STEP 97 [uSPR_ClassicHeuristic_null_MS_RF -> NNI_Substep_86] - Distance: 40.0000
((5,(((22,10),((4,25),24)),(21,27))),(11,7),((26,(((29,3),(((28,13),(1,23)),(16,8))),(19,(((((2,(15,14)),12),9),(20,18)),(30,6))))),17));

STEP 98 [uSPR_ClassicHeuristic_null_MS_RF -> NNI_Substep_87] - Distance: 37.0000
(((5,(((22,10),((4,25),24)),(21,27))),17),(11,7),(26,(((29,3),(((28,13),(1,23)),(16,8))),(19,(((((2,(15,14)),12),9),(20,18)),(30,6))))));

STEP 99 [uSPR_ClassicHeuristic_null_MS_RF -> NNI_Substep_88] - Distance: 35.0000
((5,((((22,10),((4,25),24)),(21,27)),17)),(11,7),(26,(((29,3),(((28,13),(1,23)),(16,8))),(19,(((((2,(15,14)),12),9),(20,18)),(30,6))))));

STEP 100 [uSPR_ClassicHeuristic_null_MS_RF -> NNI_Substep_89] - Distance: 38.0000
((5,((((22,10),((4,25),24)),(21,27)),17)),(11,7),(26,((((29,3),(((28,13),(1,23)),(16,8))),(((((2,(15,14)),12),9),(20,18)),(30,6))),19)));

STEP 101 [uSPR_ClassicHeuristic_null_MS_RF -> NNI_Substep_90] - Distance: 30.0000
((5,((((22,10),((4,25),24)),(21,27)),17)),(11,7),(26,((((29,3),(((28,13),(1,23)),(16,8))),19),(((((2,(15,14)),12),9),(20,18)),(30,6)))));

STEP 102 [uSPR_ClassicHeuristic_null_MS_RF -> NNI_Substep_91] - Distance: 27.0000
((5,((((22,10),((4,25),24)),(21,27)),17)),(11,7),(26,((((((28,13),(1,23)),(16,8)),19),(29,3)),(((((2,(15,14)),12),9),(20,18)),(30,6)))));

STEP 103 [uSPR_ClassicHeuristic_null_MS_RF -> NNI_Substep_92] - Distance: 24.0000
((5,((((22,10),((4,25),24)),(21,27)),17)),(11,7),(26,(((29,3),((((28,13),(1,23)),19),(16,8))),(((((2,(15,14)),12),9),(20,18)),(30,6)))));

STEP 104 [uSPR_ClassicHeuristic_null_MS_RF -> NNI_Substep_93] - Distance: 21.0000
((5,((((22,10),((4,25),24)),(21,27)),17)),(11,7),(26,(((29,3),(((28,13),((1,23),19)),(16,8))),(((((2,(15,14)),12),9),(20,18)),(30,6)))));

STEP 105 [uSPR_ClassicHeuristic_null_MS_RF -> NNI_Substep_94] - Distance: 28.0000
((5,((((22,10),((4,25),24)),(21,27)),17)),(11,7),(26,(((((28,13),((1,23),19)),(16,8)),(((((2,(15,14)),12),9),(20,18)),(30,6))),(29,3))));

STEP 106 [uSPR_ClassicHeuristic_null_MS_RF -> NNI_Substep_95] - Distance: 25.0000
((5,((((22,10),((4,25),24)),(21,27)),17)),(11,7),((26,((((28,13),((1,23),19)),(16,8)),(((((2,(15,14)),12),9),(20,18)),(30,6)))),(29,3)));

STEP 107 [uSPR_ClassicHeuristic_null_MS_RF -> NNI_Substep_96] - Distance: 23.0000
(((5,((((22,10),((4,25),24)),(21,27)),17)),(29,3)),(11,7),(26,((((28,13),((1,23),19)),(16,8)),(((((2,(15,14)),12),9),(20,18)),(30,6)))));

STEP 108 [uSPR_ClassicHeuristic_null_MS_RF -> NNI_Substep_97] - Distance: 22.0000
((5,(((((22,10),((4,25),24)),(21,27)),17),(29,3))),(11,7),(26,((((28,13),((1,23),19)),(16,8)),(((((2,(15,14)),12),9),(20,18)),(30,6)))));

STEP 109 [uSPR_ClassicHeuristic_null_MS_RF -> NNI_Substep_98] - Distance: 19.0000
((((((22,10),((4,25),24)),(21,27)),17),(29,3)),(11,7),((26,((((28,13),((1,23),19)),(16,8)),(((((2,(15,14)),12),9),(20,18)),(30,6)))),5));

STEP 110 [uSPR_ClassicHeuristic_null_MS_RF -> NNI_Substep_99] - Distance: 19.0000
((((((22,10),((4,25),24)),(21,27)),17),(29,3)),(11,7),(26,(((((28,13),((1,23),19)),(16,8)),(((((2,(15,14)),12),9),(20,18)),(30,6))),5)));

STEP 111 [uSPR_ClassicHeuristic_null_MS_RF -> NNI_Substep_100] - Distance: 9.0000
((((((22,10),((4,25),24)),(21,27)),17),(29,3)),(11,7),(26,(((((28,13),((1,23),19)),(16,8)),5),(((((2,(15,14)),12),9),(20,18)),(30,6)))));

STEP 112 [uSPR_ClassicHeuristic_null_MS_RF -> NNI_Substep_101] - Distance: 8.0000
((((((22,10),((4,25),24)),(21,27)),17),(29,3)),(11,7),(26,(((((28,13),((1,23),19)),5),(16,8)),(((((2,(15,14)),12),9),(20,18)),(30,6)))));

STEP 113 [uSPR_ClassicHeuristic_null_MS_RF -> NNI_Substep_102] - Distance: 16.0000
((((((22,10),((4,25),24)),(21,27)),17),(29,3)),(11,7),((((((28,13),((1,23),19)),5),(16,8)),26),(((((2,(15,14)),12),9),(20,18)),(30,6))));

STEP 114 [uSPR_ClassicHeuristic_null_MS_RF -> NNI_Substep_103] - Distance: 13.0000
((((((22,10),((4,25),24)),(21,27)),17),(29,3)),(11,7),((((((28,13),((1,23),19)),5),26),(16,8)),(((((2,(15,14)),12),9),(20,18)),(30,6))));

STEP 115 [uSPR_ClassicHeuristic_null_MS_RF -> NNI_Substep_104] - Distance: 11.0000
((((((22,10),((4,25),24)),(21,27)),17),(29,3)),(11,7),((((((28,13),((1,23),19)),26),5),(16,8)),(((((2,(15,14)),12),9),(20,18)),(30,6))));

STEP 116 [uSPR_ClassicHeuristic_null_MS_RF -> NNI_Substep_105] - Distance: 0.0000
((((((22,10),((4,25),24)),(21,27)),17),(29,3)),(11,7),((((((28,13),((1,23),19)),26),5),(((((2,(15,14)),12),9),(20,18)),(30,6))),(16,8)));

========================================================
[FINAL] Total Steps: 116 | Final Distance: 0.0000
========================================================
