========================================================
HEURISTIC TRAJECTORY: VND Classic (MP)
========================================================
STEP 0 [START] - Distance: 299.0000
(((8,(10,((21,22),(25,(24,1))))),(((3,9),((13,(30,(7,18))),(12,17))),((23,(16,28)),(26,(5,19))))),(11,(27,(4,(29,(15,(20,(14,(2,6)))))))));

STEP 1 [NNI_ClassicHeuristic_MP -> NNI_Substep_1] - Distance: 298.0000
(((8,((21,22),(10,(25,(24,1))))),(((3,9),((13,(30,(7,18))),(12,17))),((23,(16,28)),(26,(5,19))))),(11,(27,(4,(29,(15,(20,(14,(2,6)))))))));

STEP 2 [NNI_ClassicHeuristic_MP -> NNI_Substep_2] - Distance: 297.0000
(((8,((21,22),(10,(25,(24,1))))),(((((13,(30,(7,18))),(12,17)),9),3),((23,(16,28)),(26,(5,19))))),(11,(27,(4,(29,(15,(20,(14,(2,6)))))))));

STEP 3 [NNI_ClassicHeuristic_MP -> NNI_Substep_3] - Distance: 296.0000
(((8,((21,22),(10,(25,(24,1))))),((23,(16,28)),(((((13,(30,(7,18))),(12,17)),9),3),(26,(5,19))))),(11,(27,(4,(29,(15,(20,(14,(2,6)))))))));

STEP 4 [NNI_ClassicHeuristic_MP -> NNI_Substep_4] - Distance: 293.0000
(((23,(16,28)),((8,((21,22),(10,(25,(24,1))))),(((((13,(30,(7,18))),(12,17)),9),3),(26,(5,19))))),(11,(27,(4,(29,(15,(20,(14,(2,6)))))))));

STEP 5 [NNI_ClassicHeuristic_MP -> NNI_Substep_5] - Distance: 292.0000
(((23,(16,28)),((8,((21,22),(10,(25,(24,1))))),(26,(((((13,(30,(7,18))),(12,17)),9),3),(5,19))))),(11,(27,(4,(29,(15,(20,(14,(2,6)))))))));

STEP 6 [NNI_ClassicHeuristic_MP -> NNI_Substep_6] - Distance: 291.0000
(((((8,((21,22),(10,(25,(24,1))))),(26,(((((13,(30,(7,18))),(12,17)),9),3),(5,19)))),(16,28)),23),(11,(27,(4,(29,(15,(20,(14,(2,6)))))))));

STEP 7 [NNI_ClassicHeuristic_MP -> NNI_Substep_7] - Distance: 277.0000
(((11,(27,(4,(29,(15,(20,(14,(2,6)))))))),23),(16,(((8,((21,22),(10,(25,(24,1))))),(26,(((((13,(30,(7,18))),(12,17)),9),3),(5,19)))),28)));

STEP 8 [NNI_ClassicHeuristic_MP -> NNI_Substep_8] - Distance: 275.0000
(((11,(27,(4,(29,(15,(20,(14,(2,6)))))))),23),(16,((28,(26,(((((13,(30,(7,18))),(12,17)),9),3),(5,19)))),(8,((21,22),(10,(25,(24,1))))))));

STEP 9 [SPR_ClassicHeuristic_MP -> NNI_Substep_1] - Distance: 275.0000
(((11,(27,(4,(29,(15,(20,(14,(2,6)))))))),23),(16,((28,(26,((((((13,(30,(7,18))),12),17),9),3),(5,19)))),(8,((21,22),(10,(25,(24,1))))))));

STEP 10 [SPR_ClassicHeuristic_MP -> NNI_Substep_2] - Distance: 275.0000
(((11,(27,(4,(29,(15,(20,(14,(2,6)))))))),23),(16,((28,(26,((((((13,(30,(7,18))),12),9),17),3),(5,19)))),(8,((21,22),(10,(25,(24,1))))))));

STEP 11 [SPR_ClassicHeuristic_MP -> NNI_Substep_3] - Distance: 275.0000
(((11,(27,(4,(29,(15,(20,(14,(2,6)))))))),23),(16,((28,(26,((((((13,(30,(7,18))),12),9),3),17),(5,19)))),(8,((21,22),(10,(25,(24,1))))))));

STEP 12 [SPR_ClassicHeuristic_MP -> NNI_Substep_4] - Distance: 275.0000
(((11,(27,(4,(29,(15,(20,(14,(2,6)))))))),23),(16,((28,(26,((((((13,(30,(7,18))),12),9),3),(5,19)),17))),(8,((21,22),(10,(25,(24,1))))))));

STEP 13 [SPR_ClassicHeuristic_MP -> NNI_Substep_5] - Distance: 275.0000
(((11,(27,(4,(29,(15,(20,(14,(2,6)))))))),23),(16,((28,((26,(((((13,(30,(7,18))),12),9),3),(5,19))),17)),(8,((21,22),(10,(25,(24,1))))))));

STEP 14 [SPR_ClassicHeuristic_MP -> NNI_Substep_6] - Distance: 275.0000
(((11,(27,(4,(29,(15,(20,(14,(2,6)))))))),23),(16,(((28,(26,(((((13,(30,(7,18))),12),9),3),(5,19)))),17),(8,((21,22),(10,(25,(24,1))))))));

STEP 15 [SPR_ClassicHeuristic_MP -> NNI_Substep_7] - Distance: 274.0000
(((11,(27,(4,(29,(15,(20,(14,(2,6)))))))),23),(16,(((28,(26,(((((13,(30,(7,18))),12),9),3),(5,19)))),(8,((21,22),(10,(25,(24,1)))))),17)));

STEP 16 [SPR_ClassicHeuristic_MP -> NNI_Substep_8] - Distance: 274.0000
(((11,(27,(4,(29,(15,(20,(14,(2,6)))))))),23),((16,((28,(26,(((((13,(30,(7,18))),12),9),3),(5,19)))),(8,((21,22),(10,(25,(24,1))))))),17));

STEP 17 [SPR_ClassicHeuristic_MP -> NNI_Substep_9] - Distance: 260.0000
(((11,(27,(4,(29,(15,(20,(14,(2,6)))))))),23),((16,17),((28,(26,(((((13,(30,(7,18))),12),9),3),(5,19)))),(8,((21,22),(10,(25,(24,1))))))));

STEP 18 [SPR_ClassicHeuristic_MP -> NNI_Substep_10] - Distance: 260.0000
(((11,(27,(4,(29,(15,(20,(14,(2,6)))))))),23),((16,17),((28,(26,(((((13,(30,(7,18))),12),9),3),(5,19)))),(8,((21,(10,(25,(24,1)))),22)))));

STEP 19 [SPR_ClassicHeuristic_MP -> NNI_Substep_11] - Distance: 260.0000
(((11,(27,(4,(29,(15,(20,(14,(2,6)))))))),23),((16,17),((28,(26,(((((13,(30,(7,18))),12),9),3),(5,19)))),((8,(21,(10,(25,(24,1))))),22))));

STEP 20 [SPR_ClassicHeuristic_MP -> NNI_Substep_12] - Distance: 260.0000
(((11,(27,(4,(29,(15,(20,(14,(2,6)))))))),23),((16,17),(((28,(26,(((((13,(30,(7,18))),12),9),3),(5,19)))),(8,(21,(10,(25,(24,1)))))),22)));

STEP 21 [SPR_ClassicHeuristic_MP -> NNI_Substep_13] - Distance: 260.0000
(((11,(27,(4,(29,(15,(20,(14,(2,6)))))))),23),(((16,17),((28,(26,(((((13,(30,(7,18))),12),9),3),(5,19)))),(8,(21,(10,(25,(24,1))))))),22));

STEP 22 [SPR_ClassicHeuristic_MP -> NNI_Substep_14] - Distance: 248.0000
((((11,(27,(4,(29,(15,(20,(14,(2,6)))))))),22),23),((16,17),((28,(26,(((((13,(30,(7,18))),12),9),3),(5,19)))),(8,(21,(10,(25,(24,1))))))));

STEP 23 [SPR_ClassicHeuristic_MP -> NNI_Substep_15] - Distance: 248.0000
(((11,((27,(4,(29,(15,(20,(14,(2,6))))))),22)),23),((16,17),((28,(26,(((((13,(30,(7,18))),12),9),3),(5,19)))),(8,(21,(10,(25,(24,1))))))));

STEP 24 [SPR_ClassicHeuristic_MP -> NNI_Substep_16] - Distance: 248.0000
(((11,(27,((4,(29,(15,(20,(14,(2,6)))))),22))),23),((16,17),((28,(26,(((((13,(30,(7,18))),12),9),3),(5,19)))),(8,(21,(10,(25,(24,1))))))));

STEP 25 [SPR_ClassicHeuristic_MP -> NNI_Substep_17] - Distance: 247.0000
(((11,(27,(4,((29,(15,(20,(14,(2,6))))),22)))),23),((16,17),((28,(26,(((((13,(30,(7,18))),12),9),3),(5,19)))),(8,(21,(10,(25,(24,1))))))));

STEP 26 [SPR_ClassicHeuristic_MP -> NNI_Substep_18] - Distance: 247.0000
(((11,(27,(4,(29,((15,(20,(14,(2,6)))),22))))),23),((16,17),((28,(26,(((((13,(30,(7,18))),12),9),3),(5,19)))),(8,(21,(10,(25,(24,1))))))));

STEP 27 [SPR_ClassicHeuristic_MP -> NNI_Substep_19] - Distance: 246.0000
(((11,(27,(4,(29,((15,22),(20,(14,(2,6)))))))),23),((16,17),((28,(26,(((((13,(30,(7,18))),12),9),3),(5,19)))),(8,(21,(10,(25,(24,1))))))));

STEP 28 [SPR_ClassicHeuristic_MP -> NNI_Substep_20] - Distance: 246.0000
(((11,(27,(4,(29,((15,22),(20,(14,(2,6)))))))),23),((16,17),(((28,(((((13,(30,(7,18))),12),9),3),(5,19))),26),(8,(21,(10,(25,(24,1))))))));

STEP 29 [SPR_ClassicHeuristic_MP -> NNI_Substep_21] - Distance: 246.0000
(((11,(27,(4,(29,((15,22),(20,(14,(2,6)))))))),23),((16,17),(((28,(((((13,(30,(7,18))),12),9),3),(5,19))),(8,(21,(10,(25,(24,1)))))),26)));

STEP 30 [SPR_ClassicHeuristic_MP -> NNI_Substep_22] - Distance: 246.0000
(((11,(27,(4,(29,((15,22),(20,(14,(2,6)))))))),23),(((16,17),((28,(((((13,(30,(7,18))),12),9),3),(5,19))),(8,(21,(10,(25,(24,1))))))),26));

STEP 31 [SPR_ClassicHeuristic_MP -> NNI_Substep_23] - Distance: 236.0000
((((11,(27,(4,(29,((15,22),(20,(14,(2,6)))))))),26),23),((16,17),((28,(((((13,(30,(7,18))),12),9),3),(5,19))),(8,(21,(10,(25,(24,1))))))));

STEP 32 [SPR_ClassicHeuristic_MP -> NNI_Substep_24] - Distance: 236.0000
(((11,((27,(4,(29,((15,22),(20,(14,(2,6))))))),26)),23),((16,17),((28,(((((13,(30,(7,18))),12),9),3),(5,19))),(8,(21,(10,(25,(24,1))))))));

STEP 33 [SPR_ClassicHeuristic_MP -> NNI_Substep_25] - Distance: 236.0000
(((11,(27,((4,(29,((15,22),(20,(14,(2,6)))))),26))),23),((16,17),((28,(((((13,(30,(7,18))),12),9),3),(5,19))),(8,(21,(10,(25,(24,1))))))));

STEP 34 [SPR_ClassicHeuristic_MP -> NNI_Substep_26] - Distance: 235.0000
(((11,(27,(4,((29,((15,22),(20,(14,(2,6))))),26)))),23),((16,17),((28,(((((13,(30,(7,18))),12),9),3),(5,19))),(8,(21,(10,(25,(24,1))))))));

STEP 35 [SPR_ClassicHeuristic_MP -> NNI_Substep_27] - Distance: 235.0000
(((11,(27,(4,(29,(((15,22),(20,(14,(2,6)))),26))))),23),((16,17),((28,(((((13,(30,(7,18))),12),9),3),(5,19))),(8,(21,(10,(25,(24,1))))))));

STEP 36 [SPR_ClassicHeuristic_MP -> NNI_Substep_28] - Distance: 234.0000
(((11,(27,(4,(29,(((15,22),26),(20,(14,(2,6)))))))),23),((16,17),((28,(((((13,(30,(7,18))),12),9),3),(5,19))),(8,(21,(10,(25,(24,1))))))));

STEP 37 [SPR_ClassicHeuristic_MP -> NNI_Substep_29] - Distance: 233.0000
(((11,(27,(4,(29,(((15,26),22),(20,(14,(2,6)))))))),23),((16,17),((28,(((((13,(30,(7,18))),12),9),3),(5,19))),(8,(21,(10,(25,(24,1))))))));

STEP 38 [SPR_ClassicHeuristic_MP -> NNI_Substep_30] - Distance: 233.0000
(((11,(27,(4,(29,(((15,26),22),(20,(14,(2,6)))))))),23),((16,17),((28,(((((13,(30,(7,18))),12),3),9),(5,19))),(8,(21,(10,(25,(24,1))))))));

STEP 39 [SPR_ClassicHeuristic_MP -> NNI_Substep_31] - Distance: 233.0000
(((11,(27,(4,(29,(((15,26),22),(20,(14,(2,6)))))))),23),((16,17),((28,(((((13,(30,(7,18))),12),3),(5,19)),9)),(8,(21,(10,(25,(24,1))))))));

STEP 40 [SPR_ClassicHeuristic_MP -> NNI_Substep_32] - Distance: 233.0000
(((11,(27,(4,(29,(((15,26),22),(20,(14,(2,6)))))))),23),((16,17),(((28,((((13,(30,(7,18))),12),3),(5,19))),9),(8,(21,(10,(25,(24,1))))))));

STEP 41 [SPR_ClassicHeuristic_MP -> NNI_Substep_33] - Distance: 233.0000
(((11,(27,(4,(29,(((15,26),22),(20,(14,(2,6)))))))),23),((16,17),(((28,((((13,(30,(7,18))),12),3),(5,19))),(8,(21,(10,(25,(24,1)))))),9)));

STEP 42 [SPR_ClassicHeuristic_MP -> NNI_Substep_34] - Distance: 233.0000
(((11,(27,(4,(29,(((15,26),22),(20,(14,(2,6)))))))),23),(((16,17),((28,((((13,(30,(7,18))),12),3),(5,19))),(8,(21,(10,(25,(24,1))))))),9));

STEP 43 [SPR_ClassicHeuristic_MP -> NNI_Substep_35] - Distance: 220.0000
((((11,(27,(4,(29,(((15,26),22),(20,(14,(2,6)))))))),9),23),((16,17),((28,((((13,(30,(7,18))),12),3),(5,19))),(8,(21,(10,(25,(24,1))))))));

STEP 44 [SPR_ClassicHeuristic_MP -> NNI_Substep_36] - Distance: 220.0000
(((11,((27,(4,(29,(((15,26),22),(20,(14,(2,6))))))),9)),23),((16,17),((28,((((13,(30,(7,18))),12),3),(5,19))),(8,(21,(10,(25,(24,1))))))));

STEP 45 [SPR_ClassicHeuristic_MP -> NNI_Substep_37] - Distance: 220.0000
(((11,(27,((4,(29,(((15,26),22),(20,(14,(2,6)))))),9))),23),((16,17),((28,((((13,(30,(7,18))),12),3),(5,19))),(8,(21,(10,(25,(24,1))))))));

STEP 46 [SPR_ClassicHeuristic_MP -> NNI_Substep_38] - Distance: 219.0000
(((11,(27,(4,((29,(((15,26),22),(20,(14,(2,6))))),9)))),23),((16,17),((28,((((13,(30,(7,18))),12),3),(5,19))),(8,(21,(10,(25,(24,1))))))));

STEP 47 [SPR_ClassicHeuristic_MP -> NNI_Substep_39] - Distance: 219.0000
(((11,(27,(4,(29,((((15,26),22),(20,(14,(2,6)))),9))))),23),((16,17),((28,((((13,(30,(7,18))),12),3),(5,19))),(8,(21,(10,(25,(24,1))))))));

STEP 48 [SPR_ClassicHeuristic_MP -> NNI_Substep_40] - Distance: 218.0000
(((11,(27,(4,(29,((((15,26),22),9),(20,(14,(2,6)))))))),23),((16,17),((28,((((13,(30,(7,18))),12),3),(5,19))),(8,(21,(10,(25,(24,1))))))));

STEP 49 [SPR_ClassicHeuristic_MP -> NNI_Substep_41] - Distance: 219.0000
(((11,(27,(4,((29,(((15,26),22),9)),(20,(14,(2,6))))))),23),((16,17),((28,((((13,(30,(7,18))),12),3),(5,19))),(8,(21,(10,(25,(24,1))))))));

STEP 50 [SPR_ClassicHeuristic_MP -> NNI_Substep_42] - Distance: 220.0000
(((11,(27,((4,(29,(((15,26),22),9))),(20,(14,(2,6)))))),23),((16,17),((28,((((13,(30,(7,18))),12),3),(5,19))),(8,(21,(10,(25,(24,1))))))));

STEP 51 [SPR_ClassicHeuristic_MP -> NNI_Substep_43] - Distance: 221.0000
(((11,((27,(4,(29,(((15,26),22),9)))),(20,(14,(2,6))))),23),((16,17),((28,((((13,(30,(7,18))),12),3),(5,19))),(8,(21,(10,(25,(24,1))))))));

STEP 52 [SPR_ClassicHeuristic_MP -> NNI_Substep_44] - Distance: 221.0000
((((11,(27,(4,(29,(((15,26),22),9))))),(20,(14,(2,6)))),23),((16,17),((28,((((13,(30,(7,18))),12),3),(5,19))),(8,(21,(10,(25,(24,1))))))));

STEP 53 [SPR_ClassicHeuristic_MP -> NNI_Substep_45] - Distance: 220.0000
((((11,(27,(4,(29,(((15,26),22),9))))),23),(20,(14,(2,6)))),((16,17),((28,((((13,(30,(7,18))),12),3),(5,19))),(8,(21,(10,(25,(24,1))))))));

STEP 54 [SPR_ClassicHeuristic_MP -> NNI_Substep_46] - Distance: 211.0000
(((11,(27,(4,(29,(((15,26),22),9))))),23),((16,17),(((28,((((13,(30,(7,18))),12),3),(5,19))),(8,(21,(10,(25,(24,1)))))),(20,(14,(2,6))))));

STEP 55 [SPR_ClassicHeuristic_MP -> NNI_Substep_47] - Distance: 202.0000
(((11,(27,(4,(29,(((15,26),22),9))))),23),((16,17),((28,((((13,(30,(7,18))),12),3),(5,19))),((8,(21,(10,(25,(24,1))))),(20,(14,(2,6)))))));

STEP 56 [SPR_ClassicHeuristic_MP -> NNI_Substep_48] - Distance: 202.0000
(((11,(27,(4,(29,(((15,26),22),9))))),23),((16,17),((28,((((13,(30,(7,18))),12),3),(5,19))),(8,((21,(10,(25,(24,1)))),(20,(14,(2,6))))))));

STEP 57 [SPR_ClassicHeuristic_MP -> NNI_Substep_49] - Distance: 200.0000
(((11,(27,(4,(29,(((15,26),22),9))))),23),((16,17),((28,((((13,(30,(7,18))),12),3),(5,19))),(8,(21,((10,(25,(24,1))),(20,(14,(2,6)))))))));

STEP 58 [SPR_ClassicHeuristic_MP -> NNI_Substep_50] - Distance: 199.0000
(((11,(27,(4,(29,(((15,26),22),9))))),23),((16,17),((28,((((13,(30,(7,18))),12),3),(5,19))),(8,(21,(10,((25,(24,1)),(20,(14,(2,6))))))))));

STEP 59 [SPR_ClassicHeuristic_MP -> NNI_Substep_51] - Distance: 198.0000
(((11,(27,(4,(29,(((15,26),22),9))))),23),((16,17),((28,((((13,(30,(7,18))),12),3),(5,19))),(8,(21,(10,(25,((24,1),(20,(14,(2,6)))))))))));

STEP 60 [SPR_ClassicHeuristic_MP -> NNI_Substep_52] - Distance: 198.0000
(((11,(27,(4,(29,(((15,26),22),9))))),23),((16,17),((28,((((13,(30,(7,18))),12),3),(5,19))),(8,(21,(10,(25,((24,1),(20,((14,6),2))))))))));

STEP 61 [SPR_ClassicHeuristic_MP -> NNI_Substep_53] - Distance: 198.0000
(((11,(27,(4,(29,(((15,26),22),9))))),23),((16,17),((28,((((13,(30,(7,18))),12),3),(5,19))),(8,(21,(10,(25,((24,1),((20,(14,6)),2)))))))));

STEP 62 [SPR_ClassicHeuristic_MP -> NNI_Substep_54] - Distance: 198.0000
(((11,(27,(4,(29,(((15,26),22),9))))),23),((16,17),((28,((((13,(30,(7,18))),12),3),(5,19))),(8,(21,(10,(25,(((24,1),(20,(14,6))),2))))))));

STEP 63 [SPR_ClassicHeuristic_MP -> NNI_Substep_55] - Distance: 198.0000
(((11,(27,(4,(29,(((15,26),22),9))))),23),((16,17),((28,((((13,(30,(7,18))),12),3),(5,19))),(8,(21,(10,((25,((24,1),(20,(14,6)))),2)))))));

STEP 64 [SPR_ClassicHeuristic_MP -> NNI_Substep_56] - Distance: 198.0000
(((11,(27,(4,(29,(((15,26),22),9))))),23),((16,17),((28,((((13,(30,(7,18))),12),3),(5,19))),(8,(21,((10,(25,((24,1),(20,(14,6))))),2))))));

STEP 65 [SPR_ClassicHeuristic_MP -> NNI_Substep_57] - Distance: 198.0000
(((11,(27,(4,(29,(((15,26),22),9))))),23),((16,17),((28,((((13,(30,(7,18))),12),3),(5,19))),(8,((21,(10,(25,((24,1),(20,(14,6)))))),2)))));

STEP 66 [SPR_ClassicHeuristic_MP -> NNI_Substep_58] - Distance: 198.0000
(((11,(27,(4,(29,(((15,26),22),9))))),23),((16,17),((28,((((13,(30,(7,18))),12),3),(5,19))),((8,(21,(10,(25,((24,1),(20,(14,6))))))),2))));

STEP 67 [SPR_ClassicHeuristic_MP -> NNI_Substep_59] - Distance: 197.0000
(((11,(27,(4,(29,(((15,26),22),9))))),23),((16,17),(((28,((((13,(30,(7,18))),12),3),(5,19))),(8,(21,(10,(25,((24,1),(20,(14,6)))))))),2)));

STEP 68 [SPR_ClassicHeuristic_MP -> NNI_Substep_60] - Distance: 197.0000
(((11,(27,(4,(29,(((15,26),22),9))))),23),(((16,17),((28,((((13,(30,(7,18))),12),3),(5,19))),(8,(21,(10,(25,((24,1),(20,(14,6))))))))),2));

STEP 69 [SPR_ClassicHeuristic_MP -> NNI_Substep_61] - Distance: 176.0000
((((11,(27,(4,(29,(((15,26),22),9))))),23),2),((16,17),((28,(((((13,(7,18)),30),12),3),(5,19))),(8,(21,(10,(25,((24,1),(20,(14,6))))))))));

STEP 70 [SPR_ClassicHeuristic_MP -> NNI_Substep_62] - Distance: 176.0000
((((11,(27,(4,(29,(((15,26),22),9))))),23),2),((16,17),((28,(((((13,(7,18)),12),30),3),(5,19))),(8,(21,(10,(25,((24,1),(20,(14,6))))))))));

STEP 71 [SPR_ClassicHeuristic_MP -> NNI_Substep_63] - Distance: 176.0000
((((11,(27,(4,(29,(((15,26),22),9))))),23),2),((16,17),((28,(((((13,(7,18)),12),3),30),(5,19))),(8,(21,(10,(25,((24,1),(20,(14,6))))))))));

STEP 72 [SPR_ClassicHeuristic_MP -> NNI_Substep_64] - Distance: 176.0000
((((11,(27,(4,(29,(((15,26),22),9))))),23),2),((16,17),((28,(((((13,(7,18)),12),3),(5,19)),30)),(8,(21,(10,(25,((24,1),(20,(14,6))))))))));

STEP 73 [SPR_ClassicHeuristic_MP -> NNI_Substep_65] - Distance: 176.0000
((((11,(27,(4,(29,(((15,26),22),9))))),23),2),((16,17),(((28,((((13,(7,18)),12),3),(5,19))),30),(8,(21,(10,(25,((24,1),(20,(14,6))))))))));

STEP 74 [SPR_ClassicHeuristic_MP -> NNI_Substep_66] - Distance: 176.0000
((((11,(27,(4,(29,(((15,26),22),9))))),23),2),((16,17),(((28,((((13,(7,18)),12),3),(5,19))),(8,(21,(10,(25,((24,1),(20,(14,6)))))))),30)));

STEP 75 [SPR_ClassicHeuristic_MP -> NNI_Substep_67] - Distance: 176.0000
((((11,(27,(4,(29,(((15,26),22),9))))),23),2),(((16,17),((28,((((13,(7,18)),12),3),(5,19))),(8,(21,(10,(25,((24,1),(20,(14,6))))))))),30));

STEP 76 [SPR_ClassicHeuristic_MP -> NNI_Substep_68] - Distance: 157.0000
(((((11,(27,(4,(29,(((15,26),22),9))))),23),30),2),((16,17),((28,((((13,(7,18)),12),3),(5,19))),(8,(21,(10,(25,((24,1),(20,(14,6))))))))));

STEP 77 [SPR_ClassicHeuristic_MP -> NNI_Substep_69] - Distance: 157.0000
(((((11,(27,(4,(29,(((15,26),22),9))))),30),23),2),((16,17),((28,((((13,(7,18)),12),3),(5,19))),(8,(21,(10,(25,((24,1),(20,(14,6))))))))));

STEP 78 [SPR_ClassicHeuristic_MP -> NNI_Substep_70] - Distance: 157.0000
((((11,((27,(4,(29,(((15,26),22),9)))),30)),23),2),((16,17),((28,((((13,(7,18)),12),3),(5,19))),(8,(21,(10,(25,((24,1),(20,(14,6))))))))));

STEP 79 [SPR_ClassicHeuristic_MP -> NNI_Substep_71] - Distance: 157.0000
((((11,(27,((4,(29,(((15,26),22),9))),30))),23),2),((16,17),((28,((((13,(7,18)),12),3),(5,19))),(8,(21,(10,(25,((24,1),(20,(14,6))))))))));

STEP 80 [SPR_ClassicHeuristic_MP -> NNI_Substep_72] - Distance: 156.0000
((((11,(27,(4,((29,(((15,26),22),9)),30)))),23),2),((16,17),((28,((((13,(7,18)),12),3),(5,19))),(8,(21,(10,(25,((24,1),(20,(14,6))))))))));

STEP 81 [SPR_ClassicHeuristic_MP -> NNI_Substep_73] - Distance: 156.0000
((((11,(27,(4,(29,((((15,26),22),9),30))))),23),2),((16,17),((28,((((13,(7,18)),12),3),(5,19))),(8,(21,(10,(25,((24,1),(20,(14,6))))))))));

STEP 82 [SPR_ClassicHeuristic_MP -> NNI_Substep_74] - Distance: 153.0000
((((11,(27,(4,(29,(((15,26),22),(9,30)))))),23),2),((16,17),((28,((((13,(7,18)),12),3),(5,19))),(8,(21,(10,(25,((24,1),(20,(14,6))))))))));

STEP 83 [SPR_ClassicHeuristic_MP -> NNI_Substep_75] - Distance: 153.0000
(((((11,(4,(29,(((15,26),22),(9,30))))),27),23),2),((16,17),((28,((((13,(7,18)),12),3),(5,19))),(8,(21,(10,(25,((24,1),(20,(14,6))))))))));

STEP 84 [SPR_ClassicHeuristic_MP -> NNI_Substep_76] - Distance: 153.0000
(((((11,(4,(29,(((15,26),22),(9,30))))),23),27),2),((16,17),((28,((((13,(7,18)),12),3),(5,19))),(8,(21,(10,(25,((24,1),(20,(14,6))))))))));

STEP 85 [SPR_ClassicHeuristic_MP -> NNI_Substep_77] - Distance: 153.0000
(((((11,(4,(29,(((15,26),22),(9,30))))),23),2),27),((16,17),((28,((((13,(7,18)),12),3),(5,19))),(8,(21,(10,(25,((24,1),(20,(14,6))))))))));

STEP 86 [SPR_ClassicHeuristic_MP -> NNI_Substep_78] - Distance: 141.0000
((((11,(4,(29,(((15,26),22),(9,30))))),23),2),((16,17),(((28,((((13,(7,18)),12),3),(5,19))),(8,(21,(10,(25,((24,1),(20,(14,6)))))))),27)));

STEP 87 [SPR_ClassicHeuristic_MP -> NNI_Substep_79] - Distance: 136.0000
((((11,(4,(29,(((15,26),22),(9,30))))),23),2),((16,17),(((28,((((13,(7,18)),12),3),(5,19))),27),(8,(21,(10,(25,((24,1),(20,(14,6))))))))));

STEP 88 [SPR_ClassicHeuristic_MP -> NNI_Substep_80] - Distance: 135.0000
((((11,(4,(29,(((15,26),22),(9,30))))),23),2),((16,17),((28,(((((13,(7,18)),12),3),(5,19)),27)),(8,(21,(10,(25,((24,1),(20,(14,6))))))))));

STEP 89 [SPR_ClassicHeuristic_MP -> NNI_Substep_81] - Distance: 135.0000
((((11,(4,(29,(((15,26),22),(9,30))))),23),2),((16,17),((28,(((((13,(7,18)),12),3),27),(5,19))),(8,(21,(10,(25,((24,1),(20,(14,6))))))))));

STEP 90 [SPR_ClassicHeuristic_MP -> NNI_Substep_82] - Distance: 134.0000
((((11,(4,(29,(((15,26),22),(9,30))))),23),2),((16,17),((28,(((((13,(7,18)),12),27),3),(5,19))),(8,(21,(10,(25,((24,1),(20,(14,6))))))))));

STEP 91 [SPR_ClassicHeuristic_MP -> NNI_Substep_83] - Distance: 134.0000
((((11,(4,(29,(((15,26),22),(9,30))))),23),2),((16,17),((28,(((((13,(7,18)),27),12),3),(5,19))),(8,(21,(10,(25,((24,1),(20,(14,6))))))))));

STEP 92 [SPR_ClassicHeuristic_MP -> NNI_Substep_84] - Distance: 134.0000
((((11,(4,(29,(((15,26),22),(9,30))))),23),2),((16,17),((28,((((13,((7,18),27)),12),3),(5,19))),(8,(21,(10,(25,((24,1),(20,(14,6))))))))));

STEP 93 [SPR_ClassicHeuristic_MP -> NNI_Substep_85] - Distance: 133.0000
((((11,(4,(29,(((15,26),22),(9,30))))),23),2),((16,17),((28,((((13,(7,(18,27))),12),3),(5,19))),(8,(21,(10,(25,((24,1),(20,(14,6))))))))));

STEP 94 [SPR_ClassicHeuristic_MP -> NNI_Substep_86] - Distance: 133.0000
((((11,((4,(((15,26),22),(9,30))),29)),23),2),((16,17),((28,((((13,(7,(18,27))),12),3),(5,19))),(8,(21,(10,(25,((24,1),(20,(14,6))))))))));

STEP 95 [SPR_ClassicHeuristic_MP -> NNI_Substep_87] - Distance: 133.0000
(((((11,(4,(((15,26),22),(9,30)))),29),23),2),((16,17),((28,((((13,(7,(18,27))),12),3),(5,19))),(8,(21,(10,(25,((24,1),(20,(14,6))))))))));

STEP 96 [SPR_ClassicHeuristic_MP -> NNI_Substep_88] - Distance: 133.0000
(((((11,(4,(((15,26),22),(9,30)))),23),29),2),((16,17),((28,((((13,(7,(18,27))),12),3),(5,19))),(8,(21,(10,(25,((24,1),(20,(14,6))))))))));

STEP 97 [SPR_ClassicHeuristic_MP -> NNI_Substep_89] - Distance: 133.0000
(((((11,(4,(((15,26),22),(9,30)))),23),2),29),((16,17),((28,((((13,(7,(18,27))),12),3),(5,19))),(8,(21,(10,(25,((24,1),(20,(14,6))))))))));

STEP 98 [SPR_ClassicHeuristic_MP -> NNI_Substep_90] - Distance: 121.0000
((((11,(4,(((15,26),22),(9,30)))),23),2),((16,17),(((28,((((13,(7,(18,27))),12),3),(5,19))),(8,(21,(10,(25,((24,1),(20,(14,6)))))))),29)));

STEP 99 [SPR_ClassicHeuristic_MP -> NNI_Substep_91] - Distance: 116.0000
((((11,(4,(((15,26),22),(9,30)))),23),2),((16,17),((28,((((13,(7,(18,27))),12),3),(5,19))),((8,(21,(10,(25,((24,1),(20,(14,6))))))),29))));

STEP 100 [SPR_ClassicHeuristic_MP -> NNI_Substep_92] - Distance: 116.0000
((((11,(4,(((15,26),22),(9,30)))),23),2),((16,17),((28,((((13,(7,(18,27))),12),3),(5,19))),(8,((21,(10,(25,((24,1),(20,(14,6)))))),29)))));

STEP 101 [SPR_ClassicHeuristic_MP -> NNI_Substep_93] - Distance: 115.0000
((((11,(4,(((15,26),22),(9,30)))),23),2),((16,17),((28,((((13,(7,(18,27))),12),3),(5,19))),(8,(21,((10,(25,((24,1),(20,(14,6))))),29))))));

STEP 102 [SPR_ClassicHeuristic_MP -> NNI_Substep_94] - Distance: 113.0000
((((11,(4,(((15,26),22),(9,30)))),23),2),((16,17),((28,((((13,(7,(18,27))),12),3),(5,19))),(8,(21,((10,29),(25,((24,1),(20,(14,6))))))))));

STEP 103 [SPR_ClassicHeuristic_MP -> NNI_Substep_95] - Distance: 108.0000
(((((11,4),(((15,26),22),(9,30))),23),2),((16,17),((28,((((13,(7,(18,27))),12),3),(5,19))),(8,(21,((10,29),(25,((24,1),(20,(14,6))))))))));

STEP 104 [SPR_ClassicHeuristic_MP -> NNI_Substep_96] - Distance: 109.0000
(((((11,4),23),(((15,26),22),(9,30))),2),((16,17),((28,((((13,(7,(18,27))),12),3),(5,19))),(8,(21,((10,29),(25,((24,1),(20,(14,6))))))))));

STEP 105 [SPR_ClassicHeuristic_MP -> NNI_Substep_97] - Distance: 106.0000
((((11,4),(23,(((15,26),22),(9,30)))),2),((16,17),((28,((((13,(7,(18,27))),12),3),(5,19))),(8,(21,((10,29),(25,((24,1),(20,(14,6))))))))));

STEP 106 [SPR_ClassicHeuristic_MP -> NNI_Substep_98] - Distance: 106.0000
((((11,4),(23,(((15,26),22),(9,30)))),2),((16,17),(((28,(((13,(7,(18,27))),12),3)),(5,19)),(8,(21,((10,29),(25,((24,1),(20,(14,6))))))))));

STEP 107 [SPR_ClassicHeuristic_MP -> NNI_Substep_99] - Distance: 112.0000
((((11,4),(23,(((15,26),22),(9,30)))),2),((16,17),(((28,(((13,(7,(18,27))),12),3)),(8,(21,((10,29),(25,((24,1),(20,(14,6)))))))),(5,19))));

STEP 108 [SPR_ClassicHeuristic_MP -> NNI_Substep_100] - Distance: 102.0000
((((11,4),(23,(((15,26),22),(9,30)))),2),((16,17),((28,(((13,(7,(18,27))),12),3)),((8,(21,((10,29),(25,((24,1),(20,(14,6))))))),(5,19)))));

STEP 109 [SPR_ClassicHeuristic_MP -> NNI_Substep_101] - Distance: 102.0000
((((11,4),(23,(((15,26),22),(9,30)))),2),((16,17),((28,(((13,(7,(18,27))),12),3)),(8,((21,((10,29),(25,((24,1),(20,(14,6)))))),(5,19))))));

STEP 110 [SPR_ClassicHeuristic_MP -> NNI_Substep_102] - Distance: 99.0000
((((11,4),(23,(((15,26),22),(9,30)))),2),((16,17),((28,(((13,(7,(18,27))),12),3)),(8,((21,(5,19)),((10,29),(25,((24,1),(20,(14,6))))))))));

STEP 111 [SPR_ClassicHeuristic_MP -> NNI_Substep_103] - Distance: 100.0000
((((11,4),(23,(((15,26),22),(9,30)))),2),((16,17),(((28,(((13,(7,(18,27))),12),3)),((21,(5,19)),((10,29),(25,((24,1),(20,(14,6))))))),8)));

STEP 112 [SPR_ClassicHeuristic_MP -> NNI_Substep_104] - Distance: 92.0000
((((11,4),(23,(((15,26),22),(9,30)))),2),((16,17),(((28,(((13,(7,(18,27))),12),3)),8),((21,(5,19)),((10,29),(25,((24,1),(20,(14,6)))))))));

STEP 113 [SPR_ClassicHeuristic_MP -> NNI_Substep_105] - Distance: 91.0000
((((11,4),(23,(((15,26),22),(9,30)))),2),((16,17),((28,((((13,(7,(18,27))),12),3),8)),((21,(5,19)),((10,29),(25,((24,1),(20,(14,6)))))))));

STEP 114 [SPR_ClassicHeuristic_MP -> NNI_Substep_106] - Distance: 90.0000
((((11,4),(23,(((15,26),22),(9,30)))),2),((16,17),((28,((((13,(7,(18,27))),12),8),3)),((21,(5,19)),((10,29),(25,((24,1),(20,(14,6)))))))));

STEP 115 [SPR_ClassicHeuristic_MP -> NNI_Substep_107] - Distance: 90.0000
((((11,4),(23,(((15,26),22),(9,30)))),2),((16,17),((28,((((13,(7,(18,27))),8),12),3)),((21,(5,19)),((10,29),(25,((24,1),(20,(14,6)))))))));

STEP 116 [SPR_ClassicHeuristic_MP -> NNI_Substep_108] - Distance: 90.0000
((((11,4),(23,(((15,26),22),(9,30)))),2),((16,17),((28,(((13,((7,(18,27)),8)),12),3)),((21,(5,19)),((10,29),(25,((24,1),(20,(14,6)))))))));

STEP 117 [SPR_ClassicHeuristic_MP -> NNI_Substep_109] - Distance: 88.0000
((((11,4),(23,(((15,26),22),(9,30)))),2),((16,17),((28,(((13,((7,8),(18,27))),12),3)),((21,(5,19)),((10,29),(25,((24,1),(20,(14,6)))))))));

STEP 118 [SPR_ClassicHeuristic_MP -> NNI_Substep_110] - Distance: 88.0000
((((11,4),(23,(((15,26),22),(9,30)))),2),((16,17),((28,(((13,((7,8),(18,27))),12),3)),((21,(5,19)),((10,29),(25,((24,(20,(14,6))),1)))))));

STEP 119 [SPR_ClassicHeuristic_MP -> NNI_Substep_111] - Distance: 89.0000
((((11,4),(23,(((15,26),22),(9,30)))),2),((16,17),((28,(((13,((7,8),(18,27))),12),3)),((21,(5,19)),((10,29),((25,(24,(20,(14,6)))),1))))));

STEP 120 [SPR_ClassicHeuristic_MP -> NNI_Substep_112] - Distance: 89.0000
((((11,4),(23,(((15,26),22),(9,30)))),2),((16,17),((28,(((13,((7,8),(18,27))),12),3)),((21,(5,19)),(((10,29),(25,(24,(20,(14,6))))),1)))));

STEP 121 [SPR_ClassicHeuristic_MP -> NNI_Substep_113] - Distance: 89.0000
((((11,4),(23,(((15,26),22),(9,30)))),2),((16,17),((28,(((13,((7,8),(18,27))),12),3)),(((21,(5,19)),((10,29),(25,(24,(20,(14,6)))))),1))));

STEP 122 [SPR_ClassicHeuristic_MP -> NNI_Substep_114] - Distance: 90.0000
((((11,4),(23,(((15,26),22),(9,30)))),2),((16,17),(((28,(((13,((7,8),(18,27))),12),3)),((21,(5,19)),((10,29),(25,(24,(20,(14,6))))))),1)));

STEP 123 [SPR_ClassicHeuristic_MP -> NNI_Substep_115] - Distance: 82.0000
((((11,4),(23,(((15,26),22),(9,30)))),2),((16,17),(((28,(((13,((7,8),(18,27))),12),3)),1),((21,(5,19)),((10,29),(25,(24,(20,(14,6)))))))));

STEP 124 [SPR_ClassicHeuristic_MP -> NNI_Substep_116] - Distance: 77.0000
((((11,4),(23,(((15,26),22),(9,30)))),2),((16,17),(((28,1),(((13,((7,8),(18,27))),12),3)),((21,(5,19)),((10,29),(25,(24,(20,(14,6)))))))));

STEP 125 [SPR_ClassicHeuristic_MP -> NNI_Substep_117] - Distance: 77.0000
((((11,4),(23,(((15,26),22),(9,30)))),2),((16,17),(((28,1),(((13,((7,8),(18,27))),12),3)),((21,(5,19)),(((10,29),(24,(20,(14,6)))),25)))));

STEP 126 [SPR_ClassicHeuristic_MP -> NNI_Substep_118] - Distance: 77.0000
((((11,4),(23,(((15,26),22),(9,30)))),2),((16,17),(((28,1),(((13,((7,8),(18,27))),12),3)),(((21,(5,19)),((10,29),(24,(20,(14,6))))),25))));

STEP 127 [SPR_ClassicHeuristic_MP -> NNI_Substep_119] - Distance: 72.0000
((((11,4),(23,(((15,26),22),(9,30)))),2),((16,17),((((28,1),(((13,((7,8),(18,27))),12),3)),((21,(5,19)),((10,29),(24,(20,(14,6)))))),25)));

STEP 128 [SPR_ClassicHeuristic_MP -> NNI_Substep_120] - Distance: 65.0000
((((11,4),(23,(((15,26),22),(9,30)))),2),((16,17),((((28,1),(((13,((7,8),(18,27))),12),3)),25),((21,(5,19)),((10,29),(24,(20,(14,6))))))));

STEP 129 [SPR_ClassicHeuristic_MP -> NNI_Substep_121] - Distance: 65.0000
((((11,4),(23,(((15,26),22),(9,30)))),2),((16,17),((((28,1),(((((7,8),(18,27)),12),13),3)),25),((21,(5,19)),((10,29),(24,(20,(14,6))))))));

STEP 130 [SPR_ClassicHeuristic_MP -> NNI_Substep_122] - Distance: 65.0000
((((11,4),(23,(((15,26),22),(9,30)))),2),((16,17),((((28,1),(((((7,8),(18,27)),12),3),13)),25),((21,(5,19)),((10,29),(24,(20,(14,6))))))));

STEP 131 [SPR_ClassicHeuristic_MP -> NNI_Substep_123] - Distance: 65.0000
((((11,4),(23,(((15,26),22),(9,30)))),2),((16,17),(((((28,1),((((7,8),(18,27)),12),3)),13),25),((21,(5,19)),((10,29),(24,(20,(14,6))))))));

STEP 132 [SPR_ClassicHeuristic_MP -> NNI_Substep_124] - Distance: 65.0000
((((11,4),(23,(((15,26),22),(9,30)))),2),((16,17),(((((28,1),((((7,8),(18,27)),12),3)),25),13),((21,(5,19)),((10,29),(24,(20,(14,6))))))));

STEP 133 [SPR_ClassicHeuristic_MP -> NNI_Substep_125] - Distance: 58.0000
((((11,4),(23,(((15,26),22),(9,30)))),2),((16,17),(((((28,1),((((7,8),(18,27)),12),3)),25),((21,(5,19)),((10,29),(24,(20,(14,6)))))),13)));

STEP 134 [SPR_ClassicHeuristic_MP -> NNI_Substep_126] - Distance: 51.0000
((((11,4),(23,(((15,26),22),(9,30)))),2),((16,17),((((28,1),((((7,8),(18,27)),12),3)),25),(((21,(5,19)),((10,29),(24,(20,(14,6))))),13))));

STEP 135 [SPR_ClassicHeuristic_MP -> NNI_Substep_127] - Distance: 51.0000
((((11,4),(23,(((15,26),22),(9,30)))),2),((16,17),((((28,1),((((7,8),(18,27)),12),3)),25),(((21,(5,19)),((10,29),(24,((20,6),14)))),13))));

STEP 136 [SPR_ClassicHeuristic_MP -> NNI_Substep_128] - Distance: 51.0000
((((11,4),(23,(((15,26),22),(9,30)))),2),((16,17),((((28,1),((((7,8),(18,27)),12),3)),25),(((21,(5,19)),((10,29),((24,(20,6)),14))),13))));

STEP 137 [SPR_ClassicHeuristic_MP -> NNI_Substep_129] - Distance: 51.0000
((((11,4),(23,(((15,26),22),(9,30)))),2),((16,17),((((28,1),((((7,8),(18,27)),12),3)),25),(((21,(5,19)),(((10,29),(24,(20,6))),14)),13))));

STEP 138 [SPR_ClassicHeuristic_MP -> NNI_Substep_130] - Distance: 51.0000
((((11,4),(23,(((15,26),22),(9,30)))),2),((16,17),((((28,1),((((7,8),(18,27)),12),3)),25),((((21,(5,19)),((10,29),(24,(20,6)))),14),13))));

STEP 139 [SPR_ClassicHeuristic_MP -> NNI_Substep_131] - Distance: 51.0000
((((11,4),(23,(((15,26),22),(9,30)))),2),((16,17),((((28,1),((((7,8),(18,27)),12),3)),25),((((21,(5,19)),((10,29),(24,(20,6)))),13),14))));

STEP 140 [SPR_ClassicHeuristic_MP -> NNI_Substep_132] - Distance: 50.0000
((((11,4),(23,(((15,26),22),(9,30)))),2),((16,17),(((((28,1),((((7,8),(18,27)),12),3)),25),(((21,(5,19)),((10,29),(24,(20,6)))),13)),14)));

STEP 141 [SPR_ClassicHeuristic_MP -> NNI_Substep_133] - Distance: 41.0000
((((11,4),(23,(((15,26),22),(9,30)))),2),((16,17),(((((28,1),((((7,8),(18,27)),12),3)),25),14),(((21,(5,19)),((10,29),(24,(20,6)))),13))));

STEP 142 [SPR_ClassicHeuristic_MP -> NNI_Substep_134] - Distance: 40.0000
((((11,4),(23,(((15,26),22),(9,30)))),2),((16,17),(((((28,1),((((7,8),(18,27)),12),3)),14),25),(((21,(5,19)),((10,29),(24,(20,6)))),13))));

STEP 143 [SPR_ClassicHeuristic_MP -> NNI_Substep_135] - Distance: 38.0000
((((11,4),(23,(((15,26),22),(9,30)))),2),((16,17),((((28,1),(((((7,8),(18,27)),12),3),14)),25),(((21,(5,19)),((10,29),(24,(20,6)))),13))));

STEP 144 [SPR_ClassicHeuristic_MP -> NNI_Substep_136] - Distance: 37.0000
((((11,4),(23,(((15,26),22),(9,30)))),2),((16,17),((((28,1),(((((7,8),(18,27)),12),14),3)),25),(((21,(5,19)),((10,29),(24,(20,6)))),13))));

STEP 145 [SPR_ClassicHeuristic_MP -> NNI_Substep_137] - Distance: 37.0000
((((11,4),(23,(((15,26),22),(9,30)))),2),((16,17),((((28,1),(((((7,8),(18,27)),14),12),3)),25),(((21,(5,19)),((10,29),(24,(20,6)))),13))));

STEP 146 [SPR_ClassicHeuristic_MP -> NNI_Substep_138] - Distance: 35.0000
((((11,4),(23,(((15,26),22),(9,30)))),2),((16,17),((((28,1),((((7,8),((18,27),14)),12),3)),25),(((21,(5,19)),((10,29),(24,(20,6)))),13))));

STEP 147 [SPR_ClassicHeuristic_MP -> NNI_Substep_139] - Distance: 35.0000
((((11,4),(23,(((15,26),22),(9,30)))),2),((16,17),((((28,1),((((7,8),((18,27),14)),3),12)),25),(((21,(5,19)),((10,29),(24,(20,6)))),13))));

STEP 148 [SPR_ClassicHeuristic_MP -> NNI_Substep_140] - Distance: 35.0000
((((11,4),(23,(((15,26),22),(9,30)))),2),((16,17),(((((28,1),(((7,8),((18,27),14)),3)),12),25),(((21,(5,19)),((10,29),(24,(20,6)))),13))));

STEP 149 [SPR_ClassicHeuristic_MP -> NNI_Substep_141] - Distance: 35.0000
((((11,4),(23,(((15,26),22),(9,30)))),2),((16,17),(((((28,1),(((7,8),((18,27),14)),3)),25),12),(((21,(5,19)),((10,29),(24,(20,6)))),13))));

STEP 150 [SPR_ClassicHeuristic_MP -> NNI_Substep_142] - Distance: 33.0000
((((11,4),(23,(((15,26),22),(9,30)))),2),((16,17),(((((28,1),(((7,8),((18,27),14)),3)),25),(((21,(5,19)),((10,29),(24,(20,6)))),13)),12)));

STEP 151 [SPR_ClassicHeuristic_MP -> NNI_Substep_143] - Distance: 24.0000
((((11,4),(23,(((15,26),22),(9,30)))),2),((16,17),((((28,1),(((7,8),((18,27),14)),3)),25),((((21,(5,19)),((10,29),(24,(20,6)))),13),12))));

STEP 152 [SPR_ClassicHeuristic_MP -> NNI_Substep_144] - Distance: 23.0000
((((11,4),(23,(((15,26),22),(9,30)))),2),((16,17),((((28,1),(((7,8),((18,27),14)),3)),25),((((21,(5,19)),((10,29),(24,(20,6)))),12),13))));

STEP 153 [SPR_ClassicHeuristic_MP -> NNI_Substep_145] - Distance: 18.0000
((((11,4),(23,(((15,26),22),(9,30)))),2),((16,17),((((28,1),(((7,8),((18,27),14)),3)),25),((((21,(5,19)),12),((10,29),(24,(20,6)))),13))));

STEP 154 [SPR_ClassicHeuristic_MP -> NNI_Substep_146] - Distance: 18.0000
((((11,4),(23,(((15,26),22),(9,30)))),2),((16,17),((((28,1),(((7,8),((18,27),14)),3)),25),(((((21,19),5),12),((10,29),(24,(20,6)))),13))));

STEP 155 [SPR_ClassicHeuristic_MP -> NNI_Substep_147] - Distance: 18.0000
((((11,4),(23,(((15,26),22),(9,30)))),2),((16,17),((((28,1),(((7,8),((18,27),14)),3)),25),(((((21,19),12),5),((10,29),(24,(20,6)))),13))));

STEP 156 [SPR_ClassicHeuristic_MP -> NNI_Substep_148] - Distance: 15.0000
((((11,4),(23,(((15,26),22),(9,30)))),2),((16,17),((((28,1),(((7,8),((18,27),14)),3)),25),(((((21,19),12),((10,29),(24,(20,6)))),5),13))));

STEP 157 [SPR_ClassicHeuristic_MP -> NNI_Substep_149] - Distance: 12.0000
((((11,4),(23,(((15,26),22),(9,30)))),2),((16,17),((((28,1),(((7,8),((18,27),14)),3)),25),((((21,19),12),(((10,29),(24,(20,6))),5)),13))));

STEP 158 [SPR_ClassicHeuristic_MP -> NNI_Substep_150] - Distance: 11.0000
((((11,4),(23,(((15,26),22),(9,30)))),2),((16,17),((((28,1),(((7,8),((18,27),14)),3)),25),((((21,19),12),(((10,29),5),(24,(20,6)))),13))));

STEP 159 [SPR_ClassicHeuristic_MP -> NNI_Substep_151] - Distance: 11.0000
((((11,4),(23,(((15,26),22),(9,30)))),2),((16,17),((((28,1),(((7,8),((18,27),14)),3)),25),((((21,19),12),(((10,29),5),((24,6),20))),13))));

STEP 160 [SPR_ClassicHeuristic_MP -> NNI_Substep_152] - Distance: 10.0000
((((11,4),(23,(((15,26),22),(9,30)))),2),((16,17),((((28,1),(((7,8),((18,27),14)),3)),25),((((21,19),12),((((10,29),5),(24,6)),20)),13))));

STEP 161 [SPR_ClassicHeuristic_MP -> NNI_Substep_153] - Distance: 8.0000
((((11,4),(23,(((15,26),22),(9,30)))),2),((16,17),((((28,1),(((7,8),((18,27),14)),3)),25),((((21,19),12),((((10,29),5),20),(24,6))),13))));

STEP 162 [SPR_ClassicHeuristic_MP -> NNI_Substep_154] - Distance: 7.0000
((((11,4),(23,(((15,26),22),(9,30)))),2),((16,17),((((28,1),(((7,8),((18,27),14)),3)),25),((((21,19),12),((((10,29),20),5),(24,6))),13))));

STEP 163 [SPR_ClassicHeuristic_MP -> NNI_Substep_155] - Distance: 6.0000
((((11,4),(23,(((15,26),22),(9,30)))),2),((16,17),((((28,1),(((7,8),((18,27),14)),3)),25),((((21,19),12),(((10,(29,20)),5),(24,6))),13))));

STEP 164 [SPR_ClassicHeuristic_MP -> NNI_Substep_156] - Distance: 4.0000
((((11,4),((((15,26),22),23),(9,30))),2),((16,17),((((28,1),(((7,8),((18,27),14)),3)),25),((((21,19),12),(((10,(29,20)),5),(24,6))),13))));

STEP 165 [SPR_ClassicHeuristic_MP -> NNI_Substep_157] - Distance: 2.0000
((((11,4),(((15,26),(22,23)),(9,30))),2),((16,17),((((28,1),(((7,8),((18,27),14)),3)),25),((((21,19),12),(((10,(29,20)),5),(24,6))),13))));

STEP 166 [SPR_ClassicHeuristic_MP -> NNI_Substep_158] - Distance: 8.0000
((((11,4),2),(((15,26),(22,23)),(9,30))),((16,17),((((28,1),(((7,8),((18,27),14)),3)),25),((((21,19),12),(((10,(29,20)),5),(24,6))),13))));

STEP 167 [SPR_ClassicHeuristic_MP -> NNI_Substep_159] - Distance: 0.0000
(((11,4),(2,(((15,26),(22,23)),(9,30)))),((16,17),((((28,1),(((7,8),((18,27),14)),3)),25),((((21,19),12),(((10,(29,20)),5),(24,6))),13))));

========================================================
[FINAL] Total Steps: 167 | Final Distance: 0.0000
========================================================
