========================================================
HEURISTIC TRAJECTORY: VND Incremental (MP)
========================================================
STEP 0 [START] - Distance: 322.0000
((((((1,(27,25)),(6,10)),(30,(19,13))),(11,(21,(26,16)))),(9,15)),(((4,(24,3)),((14,8),(29,18))),(17,(((23,(5,(22,20))),(12,28)),(7,2)))));

STEP 1 [NNI_IncrementalHeuristic_MP -> NNI_Substep_1] - Distance: 290.0000
(((4,(24,3)),((14,8),(29,18))),((((9,15),(11,(21,(26,16)))),(((1,(27,25)),(6,10)),(30,(19,13)))),(17,(((23,(5,(22,20))),(12,28)),(7,2)))));

STEP 2 [NNI_IncrementalHeuristic_MP -> NNI_Substep_2] - Distance: 285.0000
(((4,(24,3)),((14,8),(29,18))),((((1,(27,25)),(6,10)),(((9,15),(11,(21,(26,16)))),(30,(19,13)))),(17,(((23,(5,(22,20))),(12,28)),(7,2)))));

STEP 3 [NNI_IncrementalHeuristic_MP -> NNI_Substep_3] - Distance: 282.0000
(((4,(24,3)),((14,8),(29,18))),(((17,(((23,(5,(22,20))),(12,28)),(7,2))),(((9,15),(11,(21,(26,16)))),(30,(19,13)))),((1,(27,25)),(6,10))));

STEP 4 [NNI_IncrementalHeuristic_MP -> NNI_Substep_4] - Distance: 278.0000
(((4,(24,3)),((14,8),(29,18))),(((30,(19,13)),(((9,15),(11,(21,(26,16)))),(17,(((23,(5,(22,20))),(12,28)),(7,2))))),((1,(27,25)),(6,10))));

STEP 5 [NNI_IncrementalHeuristic_MP -> NNI_Substep_5] - Distance: 276.0000
(((((14,8),(29,18)),(24,3)),4),(((30,(19,13)),(((9,15),(11,(21,(26,16)))),(17,(((23,(5,(22,20))),(12,28)),(7,2))))),((1,(27,25)),(6,10))));

STEP 6 [NNI_IncrementalHeuristic_MP -> NNI_Substep_6] - Distance: 273.0000
(((1,(27,25)),(6,10)),(((30,(19,13)),(((17,(((23,(5,(22,20))),(12,28)),(7,2))),(11,(21,(26,16)))),(9,15))),((((14,8),(29,18)),(24,3)),4)));

STEP 7 [NNI_IncrementalHeuristic_MP -> NNI_Substep_7] - Distance: 272.0000
(((1,(27,25)),(6,10)),(((30,(19,13)),(((21,(26,16)),(11,(17,(((23,(5,(22,20))),(12,28)),(7,2))))),(9,15))),((((14,8),(29,18)),(24,3)),4)));

STEP 8 [NNI_IncrementalHeuristic_MP -> NNI_Substep_8] - Distance: 271.0000
(((1,(27,25)),(6,10)),(((30,(19,13)),(((9,15),(11,(17,(((23,(5,(22,20))),(12,28)),(7,2))))),(21,(26,16)))),((((14,8),(29,18)),(24,3)),4)));

STEP 9 [NNI_IncrementalHeuristic_MP -> NNI_Substep_9] - Distance: 270.0000
(((1,(27,25)),(6,10)),(((30,(19,13)),(((9,(11,(17,(((23,(5,(22,20))),(12,28)),(7,2))))),15),(21,(26,16)))),((((14,8),(29,18)),(24,3)),4)));

STEP 10 [NNI_IncrementalHeuristic_MP -> NNI_Substep_10] - Distance: 269.0000
(((1,(27,25)),(6,10)),(((30,(19,13)),(21,(((9,(11,(17,(((23,(5,(22,20))),(12,28)),(7,2))))),15),(26,16)))),((((14,8),(29,18)),(24,3)),4)));

STEP 11 [NNI_IncrementalHeuristic_MP -> NNI_Substep_11] - Distance: 268.0000
(((1,(27,25)),(6,10)),(((30,(19,13)),(21,(16,(26,((9,(11,(17,(((23,(5,(22,20))),(12,28)),(7,2))))),15))))),((((14,8),(29,18)),(24,3)),4)));

STEP 12 [NNI_IncrementalHeuristic_MP -> NNI_Substep_12] - Distance: 264.0000
(((1,(27,25)),(6,10)),(((30,(19,13)),(21,(16,((9,(11,(17,(((23,(5,(22,20))),(12,28)),(7,2))))),(26,15))))),((((14,8),(29,18)),(24,3)),4)));

STEP 13 [Heur. rSPR MP -> NNI_Substep_1] - Distance: 264.0000
(((1,(6,10)),(27,25)),(((30,(19,13)),(21,(16,((9,(11,(17,(((23,(5,(22,20))),(12,28)),(7,2))))),(26,15))))),((((14,8),(29,18)),(24,3)),4)));

STEP 14 [Heur. rSPR MP -> NNI_Substep_2] - Distance: 242.0000
((1,(6,10)),((((30,(19,13)),(21,(16,((9,(11,(17,(((23,(5,(22,20))),(12,28)),(7,2))))),(26,15))))),(27,25)),((((14,8),(29,18)),(24,3)),4)));

STEP 15 [Heur. rSPR MP -> NNI_Substep_3] - Distance: 242.0000
((1,(6,10)),((((30,(19,13)),(21,(16,((9,((11,(((23,(5,(22,20))),(12,28)),(7,2))),17)),(26,15))))),(27,25)),((((14,8),(29,18)),(24,3)),4)));

STEP 16 [Heur. rSPR MP -> NNI_Substep_4] - Distance: 242.0000
((1,(6,10)),((((30,(19,13)),(21,(16,(((9,(11,(((23,(5,(22,20))),(12,28)),(7,2)))),17),(26,15))))),(27,25)),((((14,8),(29,18)),(24,3)),4)));

STEP 17 [Heur. rSPR MP -> NNI_Substep_5] - Distance: 242.0000
((1,(6,10)),((((30,(19,13)),(21,(16,(((9,(11,(((23,(5,(22,20))),(12,28)),(7,2)))),(26,15)),17)))),(27,25)),((((14,8),(29,18)),(24,3)),4)));

STEP 18 [Heur. rSPR MP -> NNI_Substep_6] - Distance: 242.0000
((1,(6,10)),((((30,(19,13)),(21,((16,((9,(11,(((23,(5,(22,20))),(12,28)),(7,2)))),(26,15))),17))),(27,25)),((((14,8),(29,18)),(24,3)),4)));

STEP 19 [Heur. rSPR MP -> NNI_Substep_7] - Distance: 242.0000
((1,(6,10)),((((30,(19,13)),((21,(16,((9,(11,(((23,(5,(22,20))),(12,28)),(7,2)))),(26,15)))),17)),(27,25)),((((14,8),(29,18)),(24,3)),4)));

STEP 20 [Heur. rSPR MP -> NNI_Substep_8] - Distance: 242.0000
((1,(6,10)),(((((30,(19,13)),(21,(16,((9,(11,(((23,(5,(22,20))),(12,28)),(7,2)))),(26,15))))),17),(27,25)),((((14,8),(29,18)),(24,3)),4)));

STEP 21 [Heur. rSPR MP -> NNI_Substep_9] - Distance: 242.0000
((1,(6,10)),(((((30,(19,13)),(21,(16,((9,(11,(((23,(5,(22,20))),(12,28)),(7,2)))),(26,15))))),(27,25)),17),((((14,8),(29,18)),(24,3)),4)));

STEP 22 [Heur. rSPR MP -> NNI_Substep_10] - Distance: 242.0000
((1,(6,10)),(((((30,(19,13)),(21,(16,((9,(11,(((23,(5,(22,20))),(12,28)),(7,2)))),(26,15))))),(27,25)),((((14,8),(29,18)),(24,3)),4)),17));

STEP 23 [Heur. rSPR MP -> NNI_Substep_11] - Distance: 217.0000
((1,((6,10),17)),((((30,(19,13)),(21,(16,((9,(11,(((23,(5,(22,20))),(12,28)),(7,2)))),(26,15))))),(27,25)),((((14,8),(29,18)),(24,3)),4)));

STEP 24 [Heur. rSPR MP -> NNI_Substep_12] - Distance: 217.0000
((1,((6,10),17)),((((30,(19,13)),(21,(16,((9,(11,((((5,(22,20)),(12,28)),23),(7,2)))),(26,15))))),(27,25)),((((14,8),(29,18)),(24,3)),4)));

STEP 25 [Heur. rSPR MP -> NNI_Substep_13] - Distance: 217.0000
((1,((6,10),17)),((((30,(19,13)),(21,(16,((9,(11,((((5,(22,20)),(12,28)),(7,2)),23))),(26,15))))),(27,25)),((((14,8),(29,18)),(24,3)),4)));

STEP 26 [Heur. rSPR MP -> NNI_Substep_14] - Distance: 217.0000
((1,((6,10),17)),((((30,(19,13)),(21,(16,((9,((11,(((5,(22,20)),(12,28)),(7,2))),23)),(26,15))))),(27,25)),((((14,8),(29,18)),(24,3)),4)));

STEP 27 [Heur. rSPR MP -> NNI_Substep_15] - Distance: 217.0000
((1,((6,10),17)),((((30,(19,13)),(21,(16,(((9,(11,(((5,(22,20)),(12,28)),(7,2)))),23),(26,15))))),(27,25)),((((14,8),(29,18)),(24,3)),4)));

STEP 28 [Heur. rSPR MP -> NNI_Substep_16] - Distance: 217.0000
((1,((6,10),17)),((((30,(19,13)),(21,(16,(((9,(11,(((5,(22,20)),(12,28)),(7,2)))),(26,15)),23)))),(27,25)),((((14,8),(29,18)),(24,3)),4)));

STEP 29 [Heur. rSPR MP -> NNI_Substep_17] - Distance: 217.0000
((1,((6,10),17)),((((30,(19,13)),(21,((16,((9,(11,(((5,(22,20)),(12,28)),(7,2)))),(26,15))),23))),(27,25)),((((14,8),(29,18)),(24,3)),4)));

STEP 30 [Heur. rSPR MP -> NNI_Substep_18] - Distance: 217.0000
((1,((6,10),17)),((((30,(19,13)),((21,(16,((9,(11,(((5,(22,20)),(12,28)),(7,2)))),(26,15)))),23)),(27,25)),((((14,8),(29,18)),(24,3)),4)));

STEP 31 [Heur. rSPR MP -> NNI_Substep_19] - Distance: 217.0000
((1,((6,10),17)),(((((30,(19,13)),(21,(16,((9,(11,(((5,(22,20)),(12,28)),(7,2)))),(26,15))))),23),(27,25)),((((14,8),(29,18)),(24,3)),4)));

STEP 32 [Heur. rSPR MP -> NNI_Substep_20] - Distance: 217.0000
((1,((6,10),17)),(((((30,(19,13)),(21,(16,((9,(11,(((5,(22,20)),(12,28)),(7,2)))),(26,15))))),(27,25)),23),((((14,8),(29,18)),(24,3)),4)));

STEP 33 [Heur. rSPR MP -> NNI_Substep_21] - Distance: 217.0000
((1,((6,10),17)),(((((30,(19,13)),(21,(16,((9,(11,(((5,(22,20)),(12,28)),(7,2)))),(26,15))))),(27,25)),((((14,8),(29,18)),(24,3)),4)),23));

STEP 34 [Heur. rSPR MP -> NNI_Substep_22] - Distance: 191.0000
((1,(((6,10),17),23)),((((30,(19,13)),(21,(16,((9,(11,(((5,(22,20)),(12,28)),(7,2)))),(26,15))))),(27,25)),((((14,8),(29,18)),(24,3)),4)));

STEP 35 [Heur. rSPR MP -> NNI_Substep_23] - Distance: 190.0000
((1,(((6,10),23),17)),((((30,(19,13)),(21,(16,((9,(11,(((5,(22,20)),(12,28)),(7,2)))),(26,15))))),(27,25)),((((14,8),(29,18)),(24,3)),4)));

STEP 36 [Heur. rSPR MP -> NNI_Substep_24] - Distance: 190.0000
((1,(((6,23),10),17)),((((30,(19,13)),(21,(16,((9,(11,(((5,(22,20)),(12,28)),(7,2)))),(26,15))))),(27,25)),((((14,8),(29,18)),(24,3)),4)));

STEP 37 [Heur. rSPR MP -> NNI_Substep_25] - Distance: 190.0000
((1,(((6,23),17),10)),((((30,(19,13)),(21,(16,((9,(11,(((5,(22,20)),(12,28)),(7,2)))),(26,15))))),(27,25)),((((14,8),(29,18)),(24,3)),4)));

STEP 38 [Heur. rSPR MP -> NNI_Substep_26] - Distance: 190.0000
(((1,((6,23),17)),10),((((30,(19,13)),(21,(16,((9,(11,(((5,(22,20)),(12,28)),(7,2)))),(26,15))))),(27,25)),((((14,8),(29,18)),(24,3)),4)));

STEP 39 [Heur. rSPR MP -> NNI_Substep_27] - Distance: 170.0000
((1,((6,23),17)),((((30,(19,13)),(21,(16,((9,(11,(((5,(22,20)),(12,28)),(7,2)))),(26,15))))),(27,25)),(((((14,8),(29,18)),(24,3)),4),10)));

STEP 40 [Heur. rSPR MP -> NNI_Substep_28] - Distance: 169.0000
((1,((6,23),17)),((((30,(19,13)),(21,(16,((9,(11,(((5,(22,20)),(12,28)),(7,2)))),(26,15))))),(27,25)),(((((14,8),(29,18)),(24,3)),10),4)));

STEP 41 [Heur. rSPR MP -> NNI_Substep_29] - Distance: 168.0000
((1,((6,23),17)),((((30,(19,13)),(21,(16,((9,(11,(((5,(22,20)),(12,28)),(7,2)))),(26,15))))),(27,25)),((((14,8),(29,18)),((24,3),10)),4)));

STEP 42 [Heur. rSPR MP -> NNI_Substep_30] - Distance: 167.0000
((1,((6,23),17)),((((30,(19,13)),(21,(16,((9,(11,(((5,(22,20)),(12,28)),(7,2)))),(26,15))))),(27,25)),((((14,8),(29,18)),(24,(3,10))),4)));

STEP 43 [Heur. rSPR MP -> NNI_Substep_31] - Distance: 167.0000
((1,((6,23),17)),((((30,(19,13)),(21,(16,((9,(11,(((5,(22,20)),(12,28)),(7,2)))),(26,15))))),(27,25)),((((29,18),(24,(3,10))),(14,8)),4)));

STEP 44 [Heur. rSPR MP -> NNI_Substep_32] - Distance: 167.0000
((1,((6,23),17)),((((30,(19,13)),(21,(16,((9,(11,(((5,(22,20)),(12,28)),(7,2)))),(26,15))))),(27,25)),((((29,18),(24,(3,10))),4),(14,8))));

STEP 45 [Heur. rSPR MP -> NNI_Substep_33] - Distance: 169.0000
((1,((6,23),17)),(((((30,(19,13)),(21,(16,((9,(11,(((5,(22,20)),(12,28)),(7,2)))),(26,15))))),(27,25)),(((29,18),(24,(3,10))),4)),(14,8)));

STEP 46 [Heur. rSPR MP -> NNI_Substep_34] - Distance: 157.0000
((1,((6,23),17)),(((((30,(19,13)),(21,(16,((9,(11,(((5,(22,20)),(12,28)),(7,2)))),(26,15))))),(27,25)),(14,8)),(((29,18),(24,(3,10))),4)));

STEP 47 [Heur. rSPR MP -> NNI_Substep_35] - Distance: 147.0000
((1,((6,23),17)),((((30,(19,13)),(21,(16,((9,(11,(((5,(22,20)),(12,28)),(7,2)))),(26,15))))),((27,25),(14,8))),(((29,18),(24,(3,10))),4)));

STEP 48 [Heur. rSPR MP -> NNI_Substep_36] - Distance: 147.0000
((1,((6,23),17)),(((((30,19),13),(21,(16,((9,(11,(((5,(22,20)),(12,28)),(7,2)))),(26,15))))),((27,25),(14,8))),(((29,18),(24,(3,10))),4)));

STEP 49 [Heur. rSPR MP -> NNI_Substep_37] - Distance: 146.0000
((1,((6,23),17)),(((((30,19),(21,(16,((9,(11,(((5,(22,20)),(12,28)),(7,2)))),(26,15))))),13),((27,25),(14,8))),(((29,18),(24,(3,10))),4)));

STEP 50 [Heur. rSPR MP -> NNI_Substep_38] - Distance: 146.0000
((1,((6,23),17)),(((((30,19),(21,(16,((9,(11,(((5,(22,20)),(12,28)),(7,2)))),(26,15))))),((27,25),(14,8))),13),(((29,18),(24,(3,10))),4)));

STEP 51 [Heur. rSPR MP -> NNI_Substep_39] - Distance: 145.0000
((1,((6,23),17)),(((((30,19),(21,(16,((9,(11,(((5,(22,20)),(12,28)),(7,2)))),(26,15))))),((27,25),(14,8))),(((29,18),(24,(3,10))),4)),13));

STEP 52 [Heur. rSPR MP -> NNI_Substep_40] - Distance: 129.0000
((1,((6,23),17)),((((30,19),(21,(16,((9,(11,(((5,(22,20)),(12,28)),(7,2)))),(26,15))))),((27,25),(14,8))),((((29,18),(24,(3,10))),4),13)));

STEP 53 [Heur. rSPR MP -> NNI_Substep_41] - Distance: 128.0000
((1,((6,23),17)),((((30,19),(21,(16,((9,(11,(((5,(22,20)),(12,28)),(7,2)))),(26,15))))),((27,25),(14,8))),((((29,18),(24,(3,10))),13),4)));

STEP 54 [Heur. rSPR MP -> NNI_Substep_42] - Distance: 127.0000
((1,((6,23),17)),((((30,19),(21,(16,((9,(11,(((5,(22,20)),(12,28)),(7,2)))),(26,15))))),((27,25),(14,8))),(((29,18),((24,(3,10)),13)),4)));

STEP 55 [Heur. rSPR MP -> NNI_Substep_43] - Distance: 126.0000
((1,((6,23),17)),((((30,19),(21,(16,((9,(11,(((5,(22,20)),(12,28)),(7,2)))),(26,15))))),((27,25),(14,8))),(((29,18),(24,((3,10),13))),4)));

STEP 56 [Heur. rSPR MP -> NNI_Substep_44] - Distance: 125.0000
((1,((6,23),17)),((((30,19),(21,(16,((9,(11,(((5,(22,20)),(12,28)),(7,2)))),(26,15))))),((27,25),(14,8))),(((29,18),(24,(3,(10,13)))),4)));

STEP 57 [Heur. rSPR MP -> NNI_Substep_45] - Distance: 125.0000
((1,((6,23),17)),(((((30,19),(16,((9,(11,(((5,(22,20)),(12,28)),(7,2)))),(26,15)))),21),((27,25),(14,8))),(((29,18),(24,(3,(10,13)))),4)));

STEP 58 [Heur. rSPR MP -> NNI_Substep_46] - Distance: 125.0000
((1,((6,23),17)),(((((30,19),(16,((9,(11,(((5,(22,20)),(12,28)),(7,2)))),(26,15)))),((27,25),(14,8))),21),(((29,18),(24,(3,(10,13)))),4)));

STEP 59 [Heur. rSPR MP -> NNI_Substep_47] - Distance: 122.0000
((1,((6,23),17)),(((((30,19),(16,((9,(11,(((5,(22,20)),(12,28)),(7,2)))),(26,15)))),((27,25),(14,8))),(((29,18),(24,(3,(10,13)))),4)),21));

STEP 60 [Heur. rSPR MP -> NNI_Substep_48] - Distance: 105.0000
((1,((6,23),17)),((((30,19),(16,((9,(11,(((5,(22,20)),(12,28)),(7,2)))),(26,15)))),((27,25),(14,8))),((((29,18),(24,(3,(10,13)))),4),21)));

STEP 61 [Heur. rSPR MP -> NNI_Substep_49] - Distance: 104.0000
((1,((6,23),17)),((((30,19),(16,((9,(11,(((5,(22,20)),(12,28)),(7,2)))),(26,15)))),((27,25),(14,8))),((((29,18),(24,(3,(10,13)))),21),4)));

STEP 62 [Heur. rSPR MP -> NNI_Substep_50] - Distance: 104.0000
((1,((6,23),17)),((((30,19),(16,((9,(11,((((5,(22,20)),(12,28)),2),7))),(26,15)))),((27,25),(14,8))),((((29,18),(24,(3,(10,13)))),21),4)));

STEP 63 [Heur. rSPR MP -> NNI_Substep_51] - Distance: 104.0000
((1,((6,23),17)),((((30,19),(16,((9,((11,(((5,(22,20)),(12,28)),2)),7)),(26,15)))),((27,25),(14,8))),((((29,18),(24,(3,(10,13)))),21),4)));

STEP 64 [Heur. rSPR MP -> NNI_Substep_52] - Distance: 104.0000
((1,((6,23),17)),((((30,19),(16,(((9,(11,(((5,(22,20)),(12,28)),2))),7),(26,15)))),((27,25),(14,8))),((((29,18),(24,(3,(10,13)))),21),4)));

STEP 65 [Heur. rSPR MP -> NNI_Substep_53] - Distance: 104.0000
((1,((6,23),17)),((((30,19),(16,(((9,(11,(((5,(22,20)),(12,28)),2))),(26,15)),7))),((27,25),(14,8))),((((29,18),(24,(3,(10,13)))),21),4)));

STEP 66 [Heur. rSPR MP -> NNI_Substep_54] - Distance: 104.0000
((1,((6,23),17)),((((30,19),((16,((9,(11,(((5,(22,20)),(12,28)),2))),(26,15))),7)),((27,25),(14,8))),((((29,18),(24,(3,(10,13)))),21),4)));

STEP 67 [Heur. rSPR MP -> NNI_Substep_55] - Distance: 104.0000
((1,((6,23),17)),(((((30,19),(16,((9,(11,(((5,(22,20)),(12,28)),2))),(26,15)))),7),((27,25),(14,8))),((((29,18),(24,(3,(10,13)))),21),4)));

STEP 68 [Heur. rSPR MP -> NNI_Substep_56] - Distance: 104.0000
((1,((6,23),17)),(((((30,19),(16,((9,(11,(((5,(22,20)),(12,28)),2))),(26,15)))),((27,25),(14,8))),7),((((29,18),(24,(3,(10,13)))),21),4)));

STEP 69 [Heur. rSPR MP -> NNI_Substep_57] - Distance: 103.0000
((1,((6,23),17)),(((((30,19),(16,((9,(11,(((5,(22,20)),(12,28)),2))),(26,15)))),((27,25),(14,8))),((((29,18),(24,(3,(10,13)))),21),4)),7));

STEP 70 [Heur. rSPR MP -> NNI_Substep_58] - Distance: 86.0000
((1,((6,23),17)),((((30,19),(16,((9,(11,(((5,(22,20)),(12,28)),2))),(26,15)))),((27,25),(14,8))),(((((29,18),(24,(3,(10,13)))),21),4),7)));

STEP 71 [Heur. rSPR MP -> NNI_Substep_59] - Distance: 85.0000
((1,((6,23),17)),((((30,19),(16,((9,(11,(((5,(22,20)),(12,28)),2))),(26,15)))),((27,25),(14,8))),(((((29,18),(24,(3,(10,13)))),21),7),4)));

STEP 72 [Heur. rSPR MP -> NNI_Substep_60] - Distance: 80.0000
((1,((6,23),17)),((((30,19),(16,((9,(11,(((5,(22,20)),(12,28)),2))),(26,15)))),((27,25),(14,8))),((((29,18),(24,(3,(10,13)))),(21,7)),4)));

STEP 73 [Heur. rSPR MP -> NNI_Substep_61] - Distance: 80.0000
((1,((6,23),17)),((((30,19),(16,((9,(11,(((5,(22,20)),(12,28)),2))),(26,15)))),(((27,25),14),8)),((((29,18),(24,(3,(10,13)))),(21,7)),4)));

STEP 74 [Heur. rSPR MP -> NNI_Substep_62] - Distance: 76.0000
((1,((6,23),17)),(((((30,19),(16,((9,(11,(((5,(22,20)),(12,28)),2))),(26,15)))),((27,25),14)),8),((((29,18),(24,(3,(10,13)))),(21,7)),4)));

STEP 75 [Heur. rSPR MP -> NNI_Substep_63] - Distance: 75.0000
((1,((6,23),17)),(((((30,19),(16,((9,(11,(((5,(22,20)),(12,28)),2))),(26,15)))),8),((27,25),14)),((((29,18),(24,(3,(10,13)))),(21,7)),4)));

STEP 76 [Heur. rSPR MP -> NNI_Substep_64] - Distance: 77.0000
((1,((6,23),17)),((((30,19),((16,((9,(11,(((5,(22,20)),(12,28)),2))),(26,15))),8)),((27,25),14)),((((29,18),(24,(3,(10,13)))),(21,7)),4)));

STEP 77 [Heur. rSPR MP -> NNI_Substep_65] - Distance: 68.0000
((1,((6,23),17)),((((30,19),((16,8),((9,(11,(((5,(22,20)),(12,28)),2))),(26,15)))),((27,25),14)),((((29,18),(24,(3,(10,13)))),(21,7)),4)));

STEP 78 [Heur. rSPR MP -> NNI_Substep_66] - Distance: 68.0000
((1,((6,23),17)),((((30,19),((16,8),((9,(11,((((5,22),20),(12,28)),2))),(26,15)))),((27,25),14)),((((29,18),(24,(3,(10,13)))),(21,7)),4)));

STEP 79 [Heur. rSPR MP -> NNI_Substep_67] - Distance: 68.0000
((1,((6,23),17)),((((30,19),((16,8),((9,(11,((((5,22),(12,28)),20),2))),(26,15)))),((27,25),14)),((((29,18),(24,(3,(10,13)))),(21,7)),4)));

STEP 80 [Heur. rSPR MP -> NNI_Substep_68] - Distance: 68.0000
((1,((6,23),17)),((((30,19),((16,8),((9,(11,((((5,22),(12,28)),2),20))),(26,15)))),((27,25),14)),((((29,18),(24,(3,(10,13)))),(21,7)),4)));

STEP 81 [Heur. rSPR MP -> NNI_Substep_69] - Distance: 68.0000
((1,((6,23),17)),((((30,19),((16,8),((9,((11,(((5,22),(12,28)),2)),20)),(26,15)))),((27,25),14)),((((29,18),(24,(3,(10,13)))),(21,7)),4)));

STEP 82 [Heur. rSPR MP -> NNI_Substep_70] - Distance: 68.0000
((1,((6,23),17)),((((30,19),((16,8),(((9,(11,(((5,22),(12,28)),2))),20),(26,15)))),((27,25),14)),((((29,18),(24,(3,(10,13)))),(21,7)),4)));

STEP 83 [Heur. rSPR MP -> NNI_Substep_71] - Distance: 68.0000
((1,((6,23),17)),((((30,19),((16,8),(((9,(11,(((5,22),(12,28)),2))),(26,15)),20))),((27,25),14)),((((29,18),(24,(3,(10,13)))),(21,7)),4)));

STEP 84 [Heur. rSPR MP -> NNI_Substep_72] - Distance: 66.0000
((1,((6,23),17)),((((30,19),(((16,8),((9,(11,(((5,22),(12,28)),2))),(26,15))),20)),((27,25),14)),((((29,18),(24,(3,(10,13)))),(21,7)),4)));

STEP 85 [Heur. rSPR MP -> NNI_Substep_73] - Distance: 57.0000
((1,((6,23),17)),((((30,19),(((16,8),20),((9,(11,(((5,22),(12,28)),2))),(26,15)))),((27,25),14)),((((29,18),(24,(3,(10,13)))),(21,7)),4)));

STEP 86 [Heur. rSPR MP -> NNI_Substep_74] - Distance: 57.0000
((1,((6,23),17)),((((30,19),(((16,8),20),((9,(11,(((5,22),(12,28)),2))),(26,15)))),((25,14),27)),((((29,18),(24,(3,(10,13)))),(21,7)),4)));

STEP 87 [Heur. rSPR MP -> NNI_Substep_75] - Distance: 56.0000
((1,((6,23),17)),(((((30,19),(((16,8),20),((9,(11,(((5,22),(12,28)),2))),(26,15)))),(25,14)),27),((((29,18),(24,(3,(10,13)))),(21,7)),4)));

STEP 88 [Heur. rSPR MP -> NNI_Substep_76] - Distance: 54.0000
((1,((6,23),17)),(((((30,19),(((16,8),20),((9,(11,(((5,22),(12,28)),2))),(26,15)))),27),(25,14)),((((29,18),(24,(3,(10,13)))),(21,7)),4)));

STEP 89 [Heur. rSPR MP -> NNI_Substep_77] - Distance: 52.0000
((1,((6,23),17)),((((30,19),((((16,8),20),((9,(11,(((5,22),(12,28)),2))),(26,15))),27)),(25,14)),((((29,18),(24,(3,(10,13)))),(21,7)),4)));

STEP 90 [Heur. rSPR MP -> NNI_Substep_78] - Distance: 49.0000
((1,((6,23),17)),((((30,19),(((16,8),20),(((9,(11,(((5,22),(12,28)),2))),(26,15)),27))),(25,14)),((((29,18),(24,(3,(10,13)))),(21,7)),4)));

STEP 91 [Heur. rSPR MP -> NNI_Substep_79] - Distance: 47.0000
((1,((6,23),17)),((((30,19),(((16,8),20),(((9,(11,(((5,22),(12,28)),2))),27),(26,15)))),(25,14)),((((29,18),(24,(3,(10,13)))),(21,7)),4)));

STEP 92 [Heur. rSPR MP -> NNI_Substep_80] - Distance: 46.0000
((1,((6,23),17)),((((30,19),(((16,8),20),((9,((11,(((5,22),(12,28)),2)),27)),(26,15)))),(25,14)),((((29,18),(24,(3,(10,13)))),(21,7)),4)));

STEP 93 [Heur. rSPR MP -> NNI_Substep_81] - Distance: 45.0000
((1,((6,23),17)),((((30,19),(((16,8),20),((9,((11,27),(((5,22),(12,28)),2))),(26,15)))),(25,14)),((((29,18),(24,(3,(10,13)))),(21,7)),4)));

STEP 94 [Heur. rSPR MP -> NNI_Substep_82] - Distance: 45.0000
((1,((6,23),17)),((((30,19),(((16,8),20),((9,((11,27),(((5,22),(12,28)),2))),(26,15)))),(25,14)),((((18,(24,(3,(10,13)))),29),(21,7)),4)));

STEP 95 [Heur. rSPR MP -> NNI_Substep_83] - Distance: 43.0000
((1,((6,23),17)),((((30,19),(((16,8),20),((9,((11,27),(((5,22),(12,28)),2))),(26,15)))),(25,14)),((((18,(24,(3,(10,13)))),(21,7)),29),4)));

STEP 96 [Heur. rSPR MP -> NNI_Substep_84] - Distance: 38.0000
((1,((6,23),17)),((((30,19),(((16,8),20),((9,((11,27),(((5,22),(12,28)),2))),(26,15)))),(25,14)),(((18,(24,(3,(10,13)))),((21,7),29)),4)));

STEP 97 [Heur. rSPR MP -> NNI_Substep_85] - Distance: 38.0000
((1,((6,23),17)),((((30,19),(((16,8),20),((9,((11,27),(((12,28),2),(5,22)))),(26,15)))),(25,14)),(((18,(24,(3,(10,13)))),((21,7),29)),4)));

STEP 98 [Heur. rSPR MP -> NNI_Substep_86] - Distance: 38.0000
((1,((6,23),17)),((((30,19),(((16,8),20),((9,(((11,27),((12,28),2)),(5,22))),(26,15)))),(25,14)),(((18,(24,(3,(10,13)))),((21,7),29)),4)));

STEP 99 [Heur. rSPR MP -> NNI_Substep_87] - Distance: 38.0000
((1,((6,23),17)),((((30,19),(((16,8),20),(((9,((11,27),((12,28),2))),(5,22)),(26,15)))),(25,14)),(((18,(24,(3,(10,13)))),((21,7),29)),4)));

STEP 100 [Heur. rSPR MP -> NNI_Substep_88] - Distance: 36.0000
((1,((6,23),17)),((((30,19),(((16,8),20),(((9,((11,27),((12,28),2))),(26,15)),(5,22)))),(25,14)),(((18,(24,(3,(10,13)))),((21,7),29)),4)));

STEP 101 [Heur. rSPR MP -> NNI_Substep_89] - Distance: 31.0000
((1,((6,23),17)),((((30,19),(((16,8),20),((9,((11,27),((12,28),2))),((26,15),(5,22))))),(25,14)),(((18,(24,(3,(10,13)))),((21,7),29)),4)));

STEP 102 [Heur. rSPR MP -> NNI_Substep_90] - Distance: 31.0000
((1,((6,23),17)),((((30,19),(((16,8),20),((9,((11,27),((12,28),2))),(((26,15),22),5)))),(25,14)),(((18,(24,(3,(10,13)))),((21,7),29)),4)));

STEP 103 [Heur. rSPR MP -> NNI_Substep_91] - Distance: 31.0000
((1,((6,23),17)),((((30,19),(((16,8),20),(((9,((11,27),((12,28),2))),((26,15),22)),5))),(25,14)),(((18,(24,(3,(10,13)))),((21,7),29)),4)));

STEP 104 [Heur. rSPR MP -> NNI_Substep_92] - Distance: 34.0000
((1,((6,23),17)),((((30,19),((((16,8),20),((9,((11,27),((12,28),2))),((26,15),22))),5)),(25,14)),(((18,(24,(3,(10,13)))),((21,7),29)),4)));

STEP 105 [Heur. rSPR MP -> NNI_Substep_93] - Distance: 33.0000
((1,((6,23),17)),(((((30,19),(((16,8),20),((9,((11,27),((12,28),2))),((26,15),22)))),5),(25,14)),(((18,(24,(3,(10,13)))),((21,7),29)),4)));

STEP 106 [Heur. rSPR MP -> NNI_Substep_94] - Distance: 25.0000
((1,((6,23),17)),(((((30,19),5),(((16,8),20),((9,((11,27),((12,28),2))),((26,15),22)))),(25,14)),(((18,(24,(3,(10,13)))),((21,7),29)),4)));

STEP 107 [Heur. rSPR MP -> NNI_Substep_95] - Distance: 24.0000
((1,((6,23),17)),((((30,(19,5)),(((16,8),20),((9,((11,27),((12,28),2))),((26,15),22)))),(25,14)),(((18,(24,(3,(10,13)))),((21,7),29)),4)));

STEP 108 [Heur. rSPR MP -> NNI_Substep_96] - Distance: 15.0000
((1,((6,23),17)),(((((30,(19,5)),((9,((11,27),((12,28),2))),((26,15),22))),((16,8),20)),(25,14)),(((18,(24,(3,(10,13)))),((21,7),29)),4)));

STEP 109 [Heur. rSPR MP -> NNI_Substep_97] - Distance: 15.0000
((1,((6,23),17)),(((((30,(19,5)),((9,((11,27),((28,2),12))),((26,15),22))),((16,8),20)),(25,14)),(((18,(24,(3,(10,13)))),((21,7),29)),4)));

STEP 110 [Heur. rSPR MP -> NNI_Substep_98] - Distance: 15.0000
((1,((6,23),17)),(((((30,(19,5)),((9,(((11,27),(28,2)),12)),((26,15),22))),((16,8),20)),(25,14)),(((18,(24,(3,(10,13)))),((21,7),29)),4)));

STEP 111 [Heur. rSPR MP -> NNI_Substep_99] - Distance: 15.0000
((1,((6,23),17)),(((((30,(19,5)),(((9,((11,27),(28,2))),12),((26,15),22))),((16,8),20)),(25,14)),(((18,(24,(3,(10,13)))),((21,7),29)),4)));

STEP 112 [Heur. rSPR MP -> NNI_Substep_100] - Distance: 15.0000
((1,((6,23),17)),(((((30,(19,5)),(((9,((11,27),(28,2))),((26,15),22)),12)),((16,8),20)),(25,14)),(((18,(24,(3,(10,13)))),((21,7),29)),4)));

STEP 113 [Heur. rSPR MP -> NNI_Substep_101] - Distance: 14.0000
((1,((6,23),17)),((((((30,(19,5)),((9,((11,27),(28,2))),((26,15),22))),12),((16,8),20)),(25,14)),(((18,(24,(3,(10,13)))),((21,7),29)),4)));

STEP 114 [Heur. rSPR MP -> NNI_Substep_102] - Distance: 6.0000
((1,((6,23),17)),((((((30,(19,5)),12),((9,((11,27),(28,2))),((26,15),22))),((16,8),20)),(25,14)),(((18,(24,(3,(10,13)))),((21,7),29)),4)));

STEP 115 [Heur. rSPR MP -> NNI_Substep_103] - Distance: 4.0000
((1,((6,23),17)),((((((30,12),(19,5)),((9,((11,27),(28,2))),((26,15),22))),((16,8),20)),(25,14)),(((18,(24,(3,(10,13)))),((21,7),29)),4)));

STEP 116 [Heur. rSPR MP -> NNI_Substep_104] - Distance: 3.0000
((1,((6,23),17)),((((((30,12),(19,5)),((9,(((11,27),2),28)),((26,15),22))),((16,8),20)),(25,14)),(((18,(24,(3,(10,13)))),((21,7),29)),4)));

STEP 117 [Heur. rSPR MP -> NNI_Substep_105] - Distance: 3.0000
((1,((6,23),17)),((((((30,12),(19,5)),(((9,((11,27),2)),28),((26,15),22))),((16,8),20)),(25,14)),(((18,(24,(3,(10,13)))),((21,7),29)),4)));

STEP 118 [Heur. rSPR MP -> NNI_Substep_106] - Distance: 0.0000
((1,((6,23),17)),((((((30,12),(19,5)),(((9,28),((11,27),2)),((26,15),22))),((16,8),20)),(25,14)),(((18,(24,(3,(10,13)))),((21,7),29)),4)));

========================================================
[FINAL] Total Steps: 118 | Final Distance: 0.0000
========================================================
