========================================================
HEURISTIC TRAJECTORY: VND Classic (RF)
========================================================
STEP 0 [START] - Distance: 27.0000
((7,(14,(((20,22),(19,(8,28))),(17,4)))),(6,9),(((((26,(12,27)),((13,(10,23)),(15,1))),(16,(21,11))),(30,(5,3))),(29,(2,(18,(24,25))))));

STEP 1 [NNI_ClassicHeuristic_RF] - Distance: 26.0000
((7,(14,(((20,22),(19,(8,28))),(17,4)))),(6,9),(((((26,(12,27)),((23,(10,13)),(15,1))),(16,(21,11))),(30,(5,3))),(29,(2,(18,(24,25))))));

STEP 2 [uTBR_ClassicHeuristic_RF -> NNI_Substep_1] - Distance: 26.0000
((7,(14,(((20,22),(19,(8,28))),(17,4)))),(6,9),(((((26,(12,27)),((23,(10,13)),(15,1))),(16,(21,11))),(30,(5,3))),(((18,(24,25)),29),2)));

STEP 3 [uTBR_ClassicHeuristic_RF -> NNI_Substep_2] - Distance: 26.0000
((7,(14,(((20,22),(19,(8,28))),(17,4)))),(6,9),(((((26,(12,27)),((23,(10,13)),(15,1))),(16,(21,11))),(30,(5,3))),((((24,25),29),18),2)));

STEP 4 [uTBR_ClassicHeuristic_RF -> NNI_Substep_3] - Distance: 25.0000
((7,(14,(((20,22),(19,(8,28))),(17,4)))),(6,9),(((((26,(12,27)),((23,(10,13)),(15,1))),(16,(21,11))),(30,(5,3))),(2,(18,((24,29),25)))));

STEP 5 [uTBR_ClassicHeuristic_RF -> NNI_Substep_4] - Distance: 25.0000
((((((20,22),(19,(8,28))),(17,4)),7),14),(6,9),(((((26,(12,27)),((23,(10,13)),(15,1))),(16,(21,11))),(30,(5,3))),(2,(18,((24,29),25)))));

STEP 6 [uTBR_ClassicHeuristic_RF -> NNI_Substep_5] - Distance: 25.0000
((((((20,22),(19,(8,28))),7),(17,4)),14),(6,9),(((((26,(12,27)),((23,(10,13)),(15,1))),(16,(21,11))),(30,(5,3))),(2,(18,((24,29),25)))));

STEP 7 [uTBR_ClassicHeuristic_RF -> NNI_Substep_6] - Distance: 25.0000
((14,(((20,22),((19,(8,28)),7)),(17,4))),(6,9),(((((26,(12,27)),((23,(10,13)),(15,1))),(16,(21,11))),(30,(5,3))),(2,(18,((24,29),25)))));

STEP 8 [uTBR_ClassicHeuristic_RF -> NNI_Substep_7] - Distance: 24.0000
((14,(((20,22),((19,7),(8,28))),(17,4))),(6,9),(((((26,(12,27)),((23,(10,13)),(15,1))),(16,(21,11))),(30,(5,3))),(2,(18,((24,29),25)))));

STEP 9 [uTBR_ClassicHeuristic_RF -> NNI_Substep_8] - Distance: 24.0000
((14,(((20,22),((19,7),(8,28))),(17,4))),(6,9),((((((26,12),27),((23,(10,13)),(15,1))),(16,(21,11))),(30,(5,3))),(2,(18,((24,29),25)))));

STEP 10 [uTBR_ClassicHeuristic_RF -> NNI_Substep_9] - Distance: 24.0000
((14,(((20,22),((19,7),(8,28))),(17,4))),(6,9),((((((26,12),((23,(10,13)),(15,1))),27),(16,(21,11))),(30,(5,3))),(2,(18,((24,29),25)))));

STEP 11 [uTBR_ClassicHeuristic_RF -> NNI_Substep_10] - Distance: 24.0000
((14,(((20,22),((19,7),(8,28))),(17,4))),(6,9),((((((26,12),((23,(10,13)),(15,1))),(16,(21,11))),27),(30,(5,3))),(2,(18,((24,29),25)))));

STEP 12 [uTBR_ClassicHeuristic_RF -> NNI_Substep_11] - Distance: 24.0000
((14,(((20,22),((19,7),(8,28))),(17,4))),(6,9),(((((26,12),((23,(10,13)),(15,1))),((16,(21,11)),27)),(30,(5,3))),(2,(18,((24,29),25)))));

STEP 13 [uTBR_ClassicHeuristic_RF -> NNI_Substep_12] - Distance: 23.0000
((14,(((20,22),((19,7),(8,28))),(17,4))),(6,9),(((((26,12),((23,(10,13)),(15,1))),((16,27),(21,11))),(30,(5,3))),(2,(18,((24,29),25)))));

STEP 14 [uTBR_ClassicHeuristic_RF -> NNI_Substep_13] - Distance: 23.0000
((14,(((20,22),(((19,7),28),8)),(17,4))),(6,9),(((((26,12),((23,(10,13)),(15,1))),((16,27),(21,11))),(30,(5,3))),(2,(18,((24,29),25)))));

STEP 15 [uTBR_ClassicHeuristic_RF -> NNI_Substep_14] - Distance: 23.0000
((14,((((20,22),((19,7),28)),8),(17,4))),(6,9),(((((26,12),((23,(10,13)),(15,1))),((16,27),(21,11))),(30,(5,3))),(2,(18,((24,29),25)))));

STEP 16 [uTBR_ClassicHeuristic_RF -> NNI_Substep_15] - Distance: 23.0000
((14,((((20,22),((19,7),28)),(17,4)),8)),(6,9),(((((26,12),((23,(10,13)),(15,1))),((16,27),(21,11))),(30,(5,3))),(2,(18,((24,29),25)))));

STEP 17 [uTBR_ClassicHeuristic_RF -> NNI_Substep_16] - Distance: 23.0000
(((14,(((20,22),((19,7),28)),(17,4))),8),(6,9),(((((26,12),((23,(10,13)),(15,1))),((16,27),(21,11))),(30,(5,3))),(2,(18,((24,29),25)))));

STEP 18 [uTBR_ClassicHeuristic_RF -> NNI_Substep_17] - Distance: 23.0000
((14,(((20,22),((19,7),28)),(17,4))),(6,9),((((((26,12),((23,(10,13)),(15,1))),((16,27),(21,11))),(30,(5,3))),(2,(18,((24,29),25)))),8));

STEP 19 [uTBR_ClassicHeuristic_RF -> NNI_Substep_18] - Distance: 23.0000
((14,(((20,22),((19,7),28)),(17,4))),(6,9),((((((26,12),((23,(10,13)),(15,1))),((16,27),(21,11))),(30,(5,3))),8),(2,(18,((24,29),25)))));

STEP 20 [uTBR_ClassicHeuristic_RF -> NNI_Substep_19] - Distance: 23.0000
((14,(((20,22),((19,7),28)),(17,4))),(6,9),((((((26,12),((23,(10,13)),(15,1))),((16,27),(21,11))),8),(30,(5,3))),(2,(18,((24,29),25)))));

STEP 21 [uTBR_ClassicHeuristic_RF -> NNI_Substep_20] - Distance: 23.0000
((14,(((20,22),((19,7),28)),(17,4))),(6,9),((((((26,12),((23,(10,13)),(15,1))),8),((16,27),(21,11))),(30,(5,3))),(2,(18,((24,29),25)))));

STEP 22 [uTBR_ClassicHeuristic_RF -> NNI_Substep_21] - Distance: 22.0000
((14,(((20,22),((19,7),28)),(17,4))),(6,9),((((((26,12),8),((23,(10,13)),(15,1))),((16,27),(21,11))),(30,(5,3))),(2,(18,((24,29),25)))));

STEP 23 [uTBR_ClassicHeuristic_RF -> NNI_Substep_22] - Distance: 21.0000
((14,(((20,22),((19,7),28)),(17,4))),(6,9),(((((26,(12,8)),((23,(10,13)),(15,1))),((16,27),(21,11))),(30,(5,3))),(2,(18,((24,29),25)))));

STEP 24 [uTBR_ClassicHeuristic_RF -> NNI_Substep_23] - Distance: 21.0000
((14,(((20,22),((19,7),28)),(17,4))),(6,9),((((((23,(10,13)),(15,1)),((16,27),(21,11))),(26,(12,8))),(30,(5,3))),(2,(18,((24,29),25)))));

STEP 25 [uTBR_ClassicHeuristic_RF -> NNI_Substep_24] - Distance: 21.0000
((14,(((20,22),((19,7),28)),(17,4))),(6,9),((((((23,(10,13)),(15,1)),((16,27),(21,11))),(30,(5,3))),(26,(12,8))),(2,(18,((24,29),25)))));

STEP 26 [uTBR_ClassicHeuristic_RF -> NNI_Substep_25] - Distance: 21.0000
((14,(((20,22),((19,7),28)),(17,4))),(6,9),(((((23,(10,13)),(15,1)),((16,27),(21,11))),((30,(5,3)),(26,(12,8)))),(2,(18,((24,29),25)))));

STEP 27 [uTBR_ClassicHeuristic_RF -> NNI_Substep_26] - Distance: 20.0000
((14,(((20,22),((19,7),28)),(17,4))),(6,9),(((((23,(10,13)),(15,1)),((16,27),(21,11))),((30,(26,(12,8))),(5,3))),(2,(18,((24,29),25)))));

STEP 28 [uTBR_ClassicHeuristic_RF -> NNI_Substep_27] - Distance: 20.0000
((14,(((20,22),((19,7),28)),(17,4))),(6,9),((((((23,(10,13)),(15,1)),((16,27),(21,11))),(5,3)),(30,(26,(12,8)))),(2,(18,((24,29),25)))));

STEP 29 [uTBR_ClassicHeuristic_RF -> NNI_Substep_28] - Distance: 20.0000
((14,(((20,22),((19,7),28)),(17,4))),(6,9),((((((23,(10,13)),(15,1)),((16,27),(21,11))),(30,(26,(12,8)))),(5,3)),(2,(18,((24,29),25)))));

STEP 30 [uTBR_ClassicHeuristic_RF -> NNI_Substep_29] - Distance: 20.0000
((14,(((20,22),((19,7),28)),(17,4))),(6,9),((((((16,27),(21,11)),(30,(26,(12,8)))),((23,(10,13)),(15,1))),(5,3)),(2,(18,((24,29),25)))));

STEP 31 [uTBR_ClassicHeuristic_RF -> NNI_Substep_30] - Distance: 19.0000
((14,(((20,22),((19,7),28)),(17,4))),(6,9),(((((23,(10,13)),(15,1)),((16,27),((21,11),(30,(26,(12,8)))))),(5,3)),(2,(18,((24,29),25)))));

STEP 32 [uTBR_ClassicHeuristic_RF -> NNI_Substep_31] - Distance: 18.0000
((14,(((20,22),((19,7),28)),(17,4))),(6,9),(((((23,(10,13)),(15,1)),((16,27),(21,(11,(30,(26,(12,8))))))),(5,3)),(2,(18,((24,29),25)))));

STEP 33 [uTBR_ClassicHeuristic_RF -> NNI_Substep_32] - Distance: 18.0000
((14,((((20,22),(19,7)),28),(17,4))),(6,9),(((((23,(10,13)),(15,1)),((16,27),(21,(11,(30,(26,(12,8))))))),(5,3)),(2,(18,((24,29),25)))));

STEP 34 [uTBR_ClassicHeuristic_RF -> NNI_Substep_33] - Distance: 18.0000
((14,((((20,22),(19,7)),(17,4)),28)),(6,9),(((((23,(10,13)),(15,1)),((16,27),(21,(11,(30,(26,(12,8))))))),(5,3)),(2,(18,((24,29),25)))));

STEP 35 [uTBR_ClassicHeuristic_RF -> NNI_Substep_34] - Distance: 18.0000
(((14,(((20,22),(19,7)),(17,4))),28),(6,9),(((((23,(10,13)),(15,1)),((16,27),(21,(11,(30,(26,(12,8))))))),(5,3)),(2,(18,((24,29),25)))));

STEP 36 [uTBR_ClassicHeuristic_RF -> NNI_Substep_35] - Distance: 18.0000
((14,(((20,22),(19,7)),(17,4))),((6,9),28),(((((23,(10,13)),(15,1)),((16,27),(21,(11,(30,(26,(12,8))))))),(5,3)),(2,(18,((24,29),25)))));

STEP 37 [uTBR_ClassicHeuristic_RF -> NNI_Substep_36] - Distance: 17.0000
((14,(((20,22),(19,7)),(17,4))),((6,28),9),(((((23,(10,13)),(15,1)),((16,27),(21,(11,(30,(26,(12,8))))))),(5,3)),(2,(18,((24,29),25)))));

STEP 38 [uTBR_ClassicHeuristic_RF -> NNI_Substep_37] - Distance: 17.0000
((14,(((22,(19,7)),20),(17,4))),((6,28),9),(((((23,(10,13)),(15,1)),((16,27),(21,(11,(30,(26,(12,8))))))),(5,3)),(2,(18,((24,29),25)))));

STEP 39 [uTBR_ClassicHeuristic_RF -> NNI_Substep_38] - Distance: 17.0000
((14,(((22,(19,7)),(17,4)),20)),((6,28),9),(((((23,(10,13)),(15,1)),((16,27),(21,(11,(30,(26,(12,8))))))),(5,3)),(2,(18,((24,29),25)))));

STEP 40 [uTBR_ClassicHeuristic_RF -> NNI_Substep_39] - Distance: 17.0000
(((14,((22,(19,7)),(17,4))),20),((6,28),9),(((((23,(10,13)),(15,1)),((16,27),(21,(11,(30,(26,(12,8))))))),(5,3)),(2,(18,((24,29),25)))));

STEP 41 [uTBR_ClassicHeuristic_RF -> NNI_Substep_40] - Distance: 17.0000
((14,((22,(19,7)),(17,4))),(((6,28),9),20),(((((23,(10,13)),(15,1)),((16,27),(21,(11,(30,(26,(12,8))))))),(5,3)),(2,(18,((24,29),25)))));

STEP 42 [uTBR_ClassicHeuristic_RF -> NNI_Substep_41] - Distance: 16.0000
((14,((22,(19,7)),(17,4))),(((6,28),20),9),(((((23,(10,13)),(15,1)),((16,27),(21,(11,(30,(26,(12,8))))))),(5,3)),(2,(18,((24,29),25)))));

STEP 43 [uTBR_ClassicHeuristic_RF -> NNI_Substep_42] - Distance: 16.0000
((14,(((22,(19,7)),17),4)),(((6,28),20),9),(((((23,(10,13)),(15,1)),((16,27),(21,(11,(30,(26,(12,8))))))),(5,3)),(2,(18,((24,29),25)))));

STEP 44 [uTBR_ClassicHeuristic_RF -> NNI_Substep_43] - Distance: 16.0000
(((14,((22,(19,7)),17)),4),(((6,28),20),9),(((((23,(10,13)),(15,1)),((16,27),(21,(11,(30,(26,(12,8))))))),(5,3)),(2,(18,((24,29),25)))));

STEP 45 [uTBR_ClassicHeuristic_RF -> NNI_Substep_44] - Distance: 16.0000
((14,((22,(19,7)),17)),(((6,28),20),9),((((((23,(10,13)),(15,1)),((16,27),(21,(11,(30,(26,(12,8))))))),(5,3)),(2,(18,((24,29),25)))),4));

STEP 46 [uTBR_ClassicHeuristic_RF -> NNI_Substep_45] - Distance: 16.0000
((14,((22,(19,7)),17)),(((6,28),20),9),(((((23,(10,13)),(15,1)),((16,27),(21,(11,(30,(26,(12,8))))))),(5,3)),((2,(18,((24,29),25))),4)));

STEP 47 [uTBR_ClassicHeuristic_RF -> NNI_Substep_46] - Distance: 15.0000
((14,((22,(19,7)),17)),(((6,28),20),9),(((((23,(10,13)),(15,1)),((16,27),(21,(11,(30,(26,(12,8))))))),(5,3)),((2,4),(18,((24,29),25)))));

STEP 48 [uTBR_ClassicHeuristic_RF -> NNI_Substep_47] - Distance: 15.0000
((14,((22,(19,7)),17)),(((6,28),20),9),((((((23,(10,13)),(15,1)),((16,27),(21,(11,(30,(26,(12,8))))))),3),5),((2,4),(18,((24,29),25)))));

STEP 49 [uTBR_ClassicHeuristic_RF -> NNI_Substep_48] - Distance: 15.0000
((14,((22,(19,7)),17)),(((6,28),20),9),((((((23,(10,13)),(15,1)),((16,27),(21,(11,(30,(26,(12,8))))))),3),((2,4),(18,((24,29),25)))),5));

STEP 50 [uTBR_ClassicHeuristic_RF -> NNI_Substep_49] - Distance: 15.0000
((14,((22,(19,7)),17)),(((6,28),20),9),(((((23,(10,13)),(15,1)),((16,27),(21,(11,(30,(26,(12,8))))))),3),(((2,4),(18,((24,29),25))),5)));

STEP 51 [uTBR_ClassicHeuristic_RF -> NNI_Substep_50] - Distance: 14.0000
((14,((22,(19,7)),17)),(((6,28),20),9),(((((23,(10,13)),(15,1)),((16,27),(21,(11,(30,(26,(12,8))))))),3),(((2,4),5),(18,((24,29),25)))));

STEP 52 [uTBR_ClassicHeuristic_RF -> NNI_Substep_51] - Distance: 14.0000
((14,((22,(19,7)),17)),((6,28),20),((((((23,(10,13)),(15,1)),((16,27),(21,(11,(30,(26,(12,8))))))),3),(((2,4),5),(18,((24,29),25)))),9));

STEP 53 [uTBR_ClassicHeuristic_RF -> NNI_Substep_52] - Distance: 14.0000
((14,((22,(19,7)),17)),((6,28),20),(((((23,(10,13)),(15,1)),((16,27),(21,(11,(30,(26,(12,8))))))),3),((((2,4),5),(18,((24,29),25))),9)));

STEP 54 [uTBR_ClassicHeuristic_RF -> NNI_Substep_53] - Distance: 13.0000
((14,((22,(19,7)),17)),((6,28),20),(((((23,(10,13)),(15,1)),((16,27),(21,(11,(30,(26,(12,8))))))),3),((((2,4),5),9),(18,((24,29),25)))));

STEP 55 [uTBR_ClassicHeuristic_RF -> NNI_Substep_54] - Distance: 13.0000
(((14,(22,(19,7))),17),((6,28),20),(((((23,(10,13)),(15,1)),((16,27),(21,(11,(30,(26,(12,8))))))),3),((((2,4),5),9),(18,((24,29),25)))));

STEP 56 [uTBR_ClassicHeuristic_RF -> NNI_Substep_55] - Distance: 13.0000
((14,(22,(19,7))),((6,28),20),((((((23,(10,13)),(15,1)),((16,27),(21,(11,(30,(26,(12,8))))))),3),((((2,4),5),9),(18,((24,29),25)))),17));

STEP 57 [uTBR_ClassicHeuristic_RF -> NNI_Substep_56] - Distance: 13.0000
((14,(22,(19,7))),((6,28),20),((((((23,(10,13)),(15,1)),((16,27),(21,(11,(30,(26,(12,8))))))),3),17),((((2,4),5),9),(18,((24,29),25)))));

STEP 58 [uTBR_ClassicHeuristic_RF -> NNI_Substep_57] - Distance: 12.0000
((14,(22,(19,7))),((6,28),20),(((((23,(10,13)),(15,1)),((16,27),(21,(11,(30,(26,(12,8))))))),(3,17)),((((2,4),5),9),(18,((24,29),25)))));

STEP 59 [uTBR_ClassicHeuristic_RF -> NNI_Substep_58] - Distance: 12.0000
((22,(19,7)),((6,28),20),((((((23,(10,13)),(15,1)),((16,27),(21,(11,(30,(26,(12,8))))))),(3,17)),((((2,4),5),9),(18,((24,29),25)))),14));

STEP 60 [uTBR_ClassicHeuristic_RF -> NNI_Substep_59] - Distance: 12.0000
((22,(19,7)),((6,28),20),((((((23,(10,13)),(15,1)),((16,27),(21,(11,(30,(26,(12,8))))))),(3,17)),14),((((2,4),5),9),(18,((24,29),25)))));

STEP 61 [uTBR_ClassicHeuristic_RF -> NNI_Substep_60] - Distance: 12.0000
((22,(19,7)),((6,28),20),((((((23,(10,13)),(15,1)),((16,27),(21,(11,(30,(26,(12,8))))))),14),(3,17)),((((2,4),5),9),(18,((24,29),25)))));

STEP 62 [uTBR_ClassicHeuristic_RF -> NNI_Substep_61] - Distance: 12.0000
((22,(19,7)),((6,28),20),((((((23,(10,13)),(15,1)),14),((16,27),(21,(11,(30,(26,(12,8))))))),(3,17)),((((2,4),5),9),(18,((24,29),25)))));

STEP 63 [uTBR_ClassicHeuristic_RF -> NNI_Substep_62] - Distance: 12.0000
((22,(19,7)),((6,28),20),(((((23,(10,13)),((15,1),14)),((16,27),(21,(11,(30,(26,(12,8))))))),(3,17)),((((2,4),5),9),(18,((24,29),25)))));

STEP 64 [uTBR_ClassicHeuristic_RF -> NNI_Substep_63] - Distance: 11.0000
((22,(19,7)),((6,28),20),(((((23,(10,13)),((15,14),1)),((16,27),(21,(11,(30,(26,(12,8))))))),(3,17)),((((2,4),5),9),(18,((24,29),25)))));

STEP 65 [uTBR_ClassicHeuristic_RF -> NNI_Substep_64] - Distance: 11.0000
(22,((6,28),20),((((((23,(10,13)),((15,14),1)),((16,27),(21,(11,(30,(26,(12,8))))))),(3,17)),((((2,4),5),9),(18,((24,29),25)))),(19,7)));

STEP 66 [uTBR_ClassicHeuristic_RF -> NNI_Substep_65] - Distance: 11.0000
(22,((6,28),20),((((((23,(10,13)),((15,14),1)),((16,27),(21,(11,(30,(26,(12,8))))))),(3,17)),(19,7)),((((2,4),5),9),(18,((24,29),25)))));

STEP 67 [uTBR_ClassicHeuristic_RF -> NNI_Substep_66] - Distance: 11.0000
(22,((6,28),20),((((((23,(10,13)),((15,14),1)),((16,27),(21,(11,(30,(26,(12,8))))))),(19,7)),(3,17)),((((2,4),5),9),(18,((24,29),25)))));

STEP 68 [uTBR_ClassicHeuristic_RF -> NNI_Substep_67] - Distance: 11.0000
(22,((6,28),20),(((((23,(10,13)),((15,14),1)),(((16,27),(21,(11,(30,(26,(12,8)))))),(19,7))),(3,17)),((((2,4),5),9),(18,((24,29),25)))));

STEP 69 [uTBR_ClassicHeuristic_RF -> NNI_Substep_68] - Distance: 10.0000
(22,((6,28),20),(((((23,(10,13)),((15,14),1)),(((16,27),(19,7)),(21,(11,(30,(26,(12,8))))))),(3,17)),((((2,4),5),9),(18,((24,29),25)))));

STEP 70 [uTBR_ClassicHeuristic_RF -> NNI_Substep_69] - Distance: 10.0000
(22,((6,28),20),(((((23,((15,14),1)),(10,13)),(((16,27),(19,7)),(21,(11,(30,(26,(12,8))))))),(3,17)),((((2,4),5),9),(18,((24,29),25)))));

STEP 71 [uTBR_ClassicHeuristic_RF -> NNI_Substep_70] - Distance: 10.0000
(22,((6,28),20),(((((23,((15,14),1)),(((16,27),(19,7)),(21,(11,(30,(26,(12,8))))))),(10,13)),(3,17)),((((2,4),5),9),(18,((24,29),25)))));

STEP 72 [uTBR_ClassicHeuristic_RF -> NNI_Substep_71] - Distance: 10.0000
(22,((6,28),20),(((((23,((15,14),1)),(((16,27),(19,7)),(21,(11,(30,(26,(12,8))))))),(3,17)),(10,13)),((((2,4),5),9),(18,((24,29),25)))));

STEP 73 [uTBR_ClassicHeuristic_RF -> NNI_Substep_72] - Distance: 10.0000
(22,((6,28),20),(((((23,((15,14),1)),(((16,27),(19,7)),(21,(11,(30,(26,(12,8))))))),(3,17)),((((2,4),5),9),(18,((24,29),25)))),(10,13)));

STEP 74 [uTBR_ClassicHeuristic_RF -> NNI_Substep_73] - Distance: 10.0000
(22,((6,28),20),((((23,((15,14),1)),(((16,27),(19,7)),(21,(11,(30,(26,(12,8))))))),(3,17)),(((((2,4),5),9),(18,((24,29),25))),(10,13))));

STEP 75 [uTBR_ClassicHeuristic_RF -> NNI_Substep_74] - Distance: 10.0000
(22,((6,28),20),((((23,((15,14),1)),(((16,27),(19,7)),(21,(11,(30,(26,(12,8))))))),(3,17)),((((2,4),5),9),((18,((24,29),25)),(10,13)))));

STEP 76 [uTBR_ClassicHeuristic_RF -> NNI_Substep_75] - Distance: 9.0000
(22,((6,28),20),((((23,((15,14),1)),(((16,27),(19,7)),(21,(11,(30,(26,(12,8))))))),(3,17)),((((2,4),5),9),((18,(10,13)),((24,29),25)))));

STEP 77 [uTBR_ClassicHeuristic_RF -> NNI_Substep_76] - Distance: 9.0000
(22,((6,28),20),((((((15,14),1),(((16,27),(19,7)),(21,(11,(30,(26,(12,8))))))),23),(3,17)),((((2,4),5),9),((18,(10,13)),((24,29),25)))));

STEP 78 [uTBR_ClassicHeuristic_RF -> NNI_Substep_77] - Distance: 9.0000
(22,((6,28),20),((((((15,14),1),(((16,27),(19,7)),(21,(11,(30,(26,(12,8))))))),(3,17)),23),((((2,4),5),9),((18,(10,13)),((24,29),25)))));

STEP 79 [uTBR_ClassicHeuristic_RF -> NNI_Substep_78] - Distance: 9.0000
(22,((6,28),20),((((((15,14),1),(((16,27),(19,7)),(21,(11,(30,(26,(12,8))))))),(3,17)),((((2,4),5),9),((18,(10,13)),((24,29),25)))),23));

STEP 80 [uTBR_ClassicHeuristic_RF -> NNI_Substep_79] - Distance: 9.0000
(22,((6,28),20),(((((15,14),1),(((16,27),(19,7)),(21,(11,(30,(26,(12,8))))))),(3,17)),(((((2,4),5),9),((18,(10,13)),((24,29),25))),23)));

STEP 81 [uTBR_ClassicHeuristic_RF -> NNI_Substep_80] - Distance: 9.0000
(22,((6,28),20),(((((15,14),1),(((16,27),(19,7)),(21,(11,(30,(26,(12,8))))))),(3,17)),((((2,4),5),9),(((18,(10,13)),((24,29),25)),23))));

STEP 82 [uTBR_ClassicHeuristic_RF -> NNI_Substep_81] - Distance: 9.0000
(22,((6,28),20),(((((15,14),1),(((16,27),(19,7)),(21,(11,(30,(26,(12,8))))))),(3,17)),((((2,4),5),9),((18,(10,13)),(((24,29),25),23)))));

STEP 83 [uTBR_ClassicHeuristic_RF -> NNI_Substep_82] - Distance: 8.0000
(22,((6,28),20),(((((15,14),1),(((16,27),(19,7)),(21,(11,(30,(26,(12,8))))))),(3,17)),((((2,4),5),9),((18,(10,13)),((24,29),(25,23))))));

STEP 84 [uTBR_ClassicHeuristic_RF -> NNI_Substep_83] - Distance: 8.0000
(22,((6,28),20),(((((15,14),(((16,27),(19,7)),(21,(11,(30,(26,(12,8))))))),1),(3,17)),((((2,4),5),9),((18,(10,13)),((24,29),(25,23))))));

STEP 85 [uTBR_ClassicHeuristic_RF -> NNI_Substep_84] - Distance: 8.0000
(22,((6,28),20),(((((15,14),(((16,27),(19,7)),(21,(11,(30,(26,(12,8))))))),(3,17)),1),((((2,4),5),9),((18,(10,13)),((24,29),(25,23))))));

STEP 86 [uTBR_ClassicHeuristic_RF -> NNI_Substep_85] - Distance: 8.0000
(22,((6,28),20),(((((15,14),(((16,27),(19,7)),(21,(11,(30,(26,(12,8))))))),(3,17)),((((2,4),5),9),((18,(10,13)),((24,29),(25,23))))),1));

STEP 87 [uTBR_ClassicHeuristic_RF -> NNI_Substep_86] - Distance: 8.0000
(22,((6,28),20),((((15,14),(((16,27),(19,7)),(21,(11,(30,(26,(12,8))))))),(3,17)),(((((2,4),5),9),((18,(10,13)),((24,29),(25,23)))),1)));

STEP 88 [uTBR_ClassicHeuristic_RF -> NNI_Substep_87] - Distance: 8.0000
(22,((6,28),20),((((15,14),(((16,27),(19,7)),(21,(11,(30,(26,(12,8))))))),(3,17)),((((2,4),5),9),(((18,(10,13)),((24,29),(25,23))),1))));

STEP 89 [uTBR_ClassicHeuristic_RF -> NNI_Substep_88] - Distance: 7.0000
(22,((6,28),20),((((15,14),(((16,27),(19,7)),(21,(11,(30,(26,(12,8))))))),(3,17)),((((2,4),5),9),(((18,(10,13)),1),((24,29),(25,23))))));

STEP 90 [uTBR_ClassicHeuristic_RF -> NNI_Substep_89] - Distance: 6.0000
(22,((6,28),20),((((15,14),(((16,27),(19,7)),(21,(11,(30,(26,(12,8))))))),(3,17)),((((2,4),5),9),((((18,(10,13)),1),(25,23)),(24,29)))));

STEP 91 [uTBR_ClassicHeuristic_RF -> NNI_Substep_90] - Distance: 6.0000
(22,((6,28),20),((((15,14),(((16,27),(19,7)),(21,(11,(30,(26,(12,8))))))),(3,17)),(((((2,4),5),9),(((18,(10,13)),1),(25,23))),(24,29))));

STEP 92 [uTBR_ClassicHeuristic_RF -> NNI_Substep_91] - Distance: 6.0000
(22,((6,28),20),(((((15,14),(((16,27),(19,7)),(21,(11,(30,(26,(12,8))))))),(3,17)),((((2,4),5),9),(((18,(10,13)),1),(25,23)))),(24,29)));

STEP 93 [uTBR_ClassicHeuristic_RF -> NNI_Substep_92] - Distance: 6.0000
(22,((6,28),20),(((((15,14),(((16,27),(19,7)),(21,(11,(30,(26,(12,8))))))),(3,17)),(24,29)),((((2,4),5),9),(((18,(10,13)),1),(25,23)))));

STEP 94 [uTBR_ClassicHeuristic_RF -> NNI_Substep_93] - Distance: 6.0000
(22,((6,28),20),(((((15,14),(((16,27),(19,7)),(21,(11,(30,(26,(12,8))))))),(24,29)),(3,17)),((((2,4),5),9),(((18,(10,13)),1),(25,23)))));

STEP 95 [uTBR_ClassicHeuristic_RF -> NNI_Substep_94] - Distance: 6.0000
(22,((6,28),20),((((15,14),((((16,27),(19,7)),(21,(11,(30,(26,(12,8)))))),(24,29))),(3,17)),((((2,4),5),9),(((18,(10,13)),1),(25,23)))));

STEP 96 [uTBR_ClassicHeuristic_RF -> NNI_Substep_95] - Distance: 5.0000
(22,((6,28),20),((((15,14),((((16,27),(19,7)),(24,29)),(21,(11,(30,(26,(12,8))))))),(3,17)),((((2,4),5),9),(((18,(10,13)),1),(25,23)))));

STEP 97 [uTBR_ClassicHeuristic_RF -> NNI_Substep_96] - Distance: 4.0000
(22,((6,28),20),(((((15,14),(((16,27),(19,7)),(24,29))),(21,(11,(30,(26,(12,8)))))),(3,17)),((((2,4),5),9),(((18,(10,13)),1),(25,23)))));

STEP 98 [uTBR_ClassicHeuristic_RF -> NNI_Substep_97] - Distance: 3.0000
(22,((6,28),20),(((((15,14),(((16,27),(19,7)),(24,29))),(3,17)),(21,(11,(30,(26,(12,8)))))),((((2,4),5),9),(((18,(10,13)),1),(25,23)))));

STEP 99 [uTBR_ClassicHeuristic_RF -> NNI_Substep_98] - Distance: 3.0000
(22,((6,28),20),(((((15,14),(((16,27),(19,7)),(24,29))),(3,17)),((((2,4),5),9),(((18,(10,13)),1),(25,23)))),(21,(11,(30,(26,(12,8)))))));

STEP 100 [uTBR_ClassicHeuristic_RF -> NNI_Substep_99] - Distance: 2.0000
(22,((6,28),20),((((15,14),(((16,27),(19,7)),(24,29))),(3,17)),(((((2,4),5),9),(((18,(10,13)),1),(25,23))),(21,(11,(30,(26,(12,8))))))));

STEP 101 [uTBR_ClassicHeuristic_RF -> NNI_Substep_100] - Distance: 1.0000
(22,((6,28),20),((((15,14),(((16,27),(19,7)),(24,29))),(3,17)),((((2,4),5),9),((((18,(10,13)),1),(25,23)),(21,(11,(30,(26,(12,8)))))))));

STEP 102 [uTBR_ClassicHeuristic_RF -> NNI_Substep_101] - Distance: 0.0000
((6,28),20,(((((15,14),(((16,27),(19,7)),(24,29))),(3,17)),22),((((2,4),5),9),((((18,(10,13)),1),(25,23)),(21,(11,(30,(26,(12,8)))))))));

========================================================
[FINAL] Total Steps: 102 | Final Distance: 0.0000
========================================================
