========================================================
HEURISTIC TRAJECTORY: VND Incremental (MP_RF)
========================================================
STEP 0 [START] - Distance: 307.0000
((23,((1,(6,(20,(13,2)))),(22,10))),(((9,(((19,((15,(8,(24,28))),(14,5))),(12,25)),(7,((21,(4,18)),(16,3))))),(27,(29,30))),(26,(17,11))));

STEP 1 [NNI_IncrementalHeuristic_MP_RF -> NNI_Substep_1] - Distance: 293.0000
((((17,11),(26,(23,((1,(6,(20,(13,2)))),(22,10))))),(27,(29,30))),(9,(((19,((15,(8,(24,28))),(14,5))),(12,25)),(7,((21,(4,18)),(16,3))))));

STEP 2 [NNI_IncrementalHeuristic_MP_RF -> NNI_Substep_2] - Distance: 291.0000
((((17,(26,(23,((1,(6,(20,(13,2)))),(22,10))))),11),(27,(29,30))),(9,(((19,((15,(8,(24,28))),(14,5))),(12,25)),(7,((21,(4,18)),(16,3))))));

STEP 3 [NNI_IncrementalHeuristic_MP_RF -> NNI_Substep_3] - Distance: 289.0000
((((17,(26,(23,((1,(6,(20,(13,2)))),(22,10))))),(27,(29,30))),11),(9,(((19,((15,(8,(24,28))),(14,5))),(12,25)),(7,((21,(4,18)),(16,3))))));

STEP 4 [NNI_IncrementalHeuristic_MP_RF -> NNI_Substep_4] - Distance: 285.0000
((((17,(26,(23,((1,(6,(20,(13,2)))),(22,10))))),(27,(29,30))),(9,(7,(((19,((15,(8,(24,28))),(14,5))),(12,25)),((21,(4,18)),(16,3)))))),11);

STEP 5 [Heur. rSPR MP_RF -> NNI_Substep_1] - Distance: 285.0000
((((17,(26,(23,(((1,(20,(13,2))),6),(22,10))))),(27,(29,30))),(9,(7,(((19,((15,(8,(24,28))),(14,5))),(12,25)),((21,(4,18)),(16,3)))))),11);

STEP 6 [Heur. rSPR MP_RF -> NNI_Substep_2] - Distance: 285.0000
((((17,(26,(23,(((1,(20,(13,2))),(22,10)),6)))),(27,(29,30))),(9,(7,(((19,((15,(8,(24,28))),(14,5))),(12,25)),((21,(4,18)),(16,3)))))),11);

STEP 7 [Heur. rSPR MP_RF -> NNI_Substep_3] - Distance: 285.0000
((((17,(26,((23,((1,(20,(13,2))),(22,10))),6))),(27,(29,30))),(9,(7,(((19,((15,(8,(24,28))),(14,5))),(12,25)),((21,(4,18)),(16,3)))))),11);

STEP 8 [Heur. rSPR MP_RF -> NNI_Substep_4] - Distance: 285.0000
((((17,((26,(23,((1,(20,(13,2))),(22,10)))),6)),(27,(29,30))),(9,(7,(((19,((15,(8,(24,28))),(14,5))),(12,25)),((21,(4,18)),(16,3)))))),11);

STEP 9 [Heur. rSPR MP_RF -> NNI_Substep_5] - Distance: 285.0000
(((((17,(26,(23,((1,(20,(13,2))),(22,10))))),6),(27,(29,30))),(9,(7,(((19,((15,(8,(24,28))),(14,5))),(12,25)),((21,(4,18)),(16,3)))))),11);

STEP 10 [Heur. rSPR MP_RF -> NNI_Substep_6] - Distance: 285.0000
(((((17,(26,(23,((1,(20,(13,2))),(22,10))))),(27,(29,30))),6),(9,(7,(((19,((15,(8,(24,28))),(14,5))),(12,25)),((21,(4,18)),(16,3)))))),11);

STEP 11 [Heur. rSPR MP_RF -> NNI_Substep_7] - Distance: 291.0000
(((((17,(26,(23,((1,(20,(13,2))),(22,10))))),(27,(29,30))),(9,(7,(((19,((15,(8,(24,28))),(14,5))),(12,25)),((21,(4,18)),(16,3)))))),6),11);

STEP 12 [Heur. rSPR MP_RF -> NNI_Substep_8] - Distance: 286.0000
((((17,(26,(23,((1,(20,(13,2))),(22,10))))),(27,(29,30))),((9,(7,(((19,((15,(8,(24,28))),(14,5))),(12,25)),((21,(4,18)),(16,3))))),6)),11);

STEP 13 [Heur. rSPR MP_RF -> NNI_Substep_9] - Distance: 281.0000
((((17,(26,(23,((1,(20,(13,2))),(22,10))))),(27,(29,30))),((9,6),(7,(((19,((15,(8,(24,28))),(14,5))),(12,25)),((21,(4,18)),(16,3)))))),11);

STEP 14 [Heur. rSPR MP_RF -> NNI_Substep_10] - Distance: 281.0000
((((17,(26,(23,((1,((20,2),13)),(22,10))))),(27,(29,30))),((9,6),(7,(((19,((15,(8,(24,28))),(14,5))),(12,25)),((21,(4,18)),(16,3)))))),11);

STEP 15 [Heur. rSPR MP_RF -> NNI_Substep_11] - Distance: 281.0000
((((17,(26,(23,(((1,(20,2)),13),(22,10))))),(27,(29,30))),((9,6),(7,(((19,((15,(8,(24,28))),(14,5))),(12,25)),((21,(4,18)),(16,3)))))),11);

STEP 16 [Heur. rSPR MP_RF -> NNI_Substep_12] - Distance: 281.0000
((((17,(26,(23,(((1,(20,2)),(22,10)),13)))),(27,(29,30))),((9,6),(7,(((19,((15,(8,(24,28))),(14,5))),(12,25)),((21,(4,18)),(16,3)))))),11);

STEP 17 [Heur. rSPR MP_RF -> NNI_Substep_13] - Distance: 281.0000
((((17,(26,((23,((1,(20,2)),(22,10))),13))),(27,(29,30))),((9,6),(7,(((19,((15,(8,(24,28))),(14,5))),(12,25)),((21,(4,18)),(16,3)))))),11);

STEP 18 [Heur. rSPR MP_RF -> NNI_Substep_14] - Distance: 281.0000
((((17,((26,(23,((1,(20,2)),(22,10)))),13)),(27,(29,30))),((9,6),(7,(((19,((15,(8,(24,28))),(14,5))),(12,25)),((21,(4,18)),(16,3)))))),11);

STEP 19 [Heur. rSPR MP_RF -> NNI_Substep_15] - Distance: 281.0000
(((((17,(26,(23,((1,(20,2)),(22,10))))),13),(27,(29,30))),((9,6),(7,(((19,((15,(8,(24,28))),(14,5))),(12,25)),((21,(4,18)),(16,3)))))),11);

STEP 20 [Heur. rSPR MP_RF -> NNI_Substep_16] - Distance: 281.0000
(((((17,(26,(23,((1,(20,2)),(22,10))))),(27,(29,30))),13),((9,6),(7,(((19,((15,(8,(24,28))),(14,5))),(12,25)),((21,(4,18)),(16,3)))))),11);

STEP 21 [Heur. rSPR MP_RF -> NNI_Substep_17] - Distance: 288.0000
(((((17,(26,(23,((1,(20,2)),(22,10))))),(27,(29,30))),((9,6),(7,(((19,((15,(8,(24,28))),(14,5))),(12,25)),((21,(4,18)),(16,3)))))),13),11);

STEP 22 [Heur. rSPR MP_RF -> NNI_Substep_18] - Distance: 280.0000
((((17,(26,(23,((1,(20,2)),(22,10))))),(27,(29,30))),(((9,6),(7,(((19,((15,(8,(24,28))),(14,5))),(12,25)),((21,(4,18)),(16,3))))),13)),11);

STEP 23 [Heur. rSPR MP_RF -> NNI_Substep_19] - Distance: 275.0000
((((17,(26,(23,((1,(20,2)),(22,10))))),(27,(29,30))),(((9,6),13),(7,(((19,((15,(8,(24,28))),(14,5))),(12,25)),((21,(4,18)),(16,3)))))),11);

STEP 24 [Heur. rSPR MP_RF -> NNI_Substep_20] - Distance: 275.0000
((((17,(26,(23,((1,(20,2)),(22,10))))),(27,(29,30))),(((9,6),13),(7,(((19,((15,((8,24),28)),(14,5))),(12,25)),((21,(4,18)),(16,3)))))),11);

STEP 25 [Heur. rSPR MP_RF -> NNI_Substep_21] - Distance: 275.0000
((((17,(26,(23,((1,(20,2)),(22,10))))),(27,(29,30))),(((9,6),13),(7,(((19,(((15,(8,24)),28),(14,5))),(12,25)),((21,(4,18)),(16,3)))))),11);

STEP 26 [Heur. rSPR MP_RF -> NNI_Substep_22] - Distance: 275.0000
((((17,(26,(23,((1,(20,2)),(22,10))))),(27,(29,30))),(((9,6),13),(7,(((19,(((15,(8,24)),(14,5)),28)),(12,25)),((21,(4,18)),(16,3)))))),11);

STEP 27 [Heur. rSPR MP_RF -> NNI_Substep_23] - Distance: 275.0000
((((17,(26,(23,((1,(20,2)),(22,10))))),(27,(29,30))),(((9,6),13),(7,((((19,((15,(8,24)),(14,5))),28),(12,25)),((21,(4,18)),(16,3)))))),11);

STEP 28 [Heur. rSPR MP_RF -> NNI_Substep_24] - Distance: 275.0000
((((17,(26,(23,((1,(20,2)),(22,10))))),(27,(29,30))),(((9,6),13),(7,((((19,((15,(8,24)),(14,5))),(12,25)),28),((21,(4,18)),(16,3)))))),11);

STEP 29 [Heur. rSPR MP_RF -> NNI_Substep_25] - Distance: 275.0000
((((17,(26,(23,((1,(20,2)),(22,10))))),(27,(29,30))),(((9,6),13),(7,((((19,((15,(8,24)),(14,5))),(12,25)),((21,(4,18)),(16,3))),28)))),11);

STEP 30 [Heur. rSPR MP_RF -> NNI_Substep_26] - Distance: 275.0000
((((17,(26,(23,((1,(20,2)),(22,10))))),(27,(29,30))),(((9,6),13),((7,(((19,((15,(8,24)),(14,5))),(12,25)),((21,(4,18)),(16,3)))),28))),11);

STEP 31 [Heur. rSPR MP_RF -> NNI_Substep_27] - Distance: 272.0000
((((17,(26,(23,((1,(20,2)),(22,10))))),(27,(29,30))),((((9,6),13),(7,(((19,((15,(8,24)),(14,5))),(12,25)),((21,(4,18)),(16,3))))),28)),11);

STEP 32 [Heur. rSPR MP_RF -> NNI_Substep_28] - Distance: 267.0000
((((17,(26,(23,((1,(20,2)),(22,10))))),(27,(29,30))),((((9,6),13),28),(7,(((19,((15,(8,24)),(14,5))),(12,25)),((21,(4,18)),(16,3)))))),11);

STEP 33 [Heur. rSPR MP_RF -> NNI_Substep_29] - Distance: 267.0000
((((17,(26,(23,((1,(20,2)),(22,10))))),(27,(29,30))),((((9,6),13),28),(7,(((19,(((15,24),8),(14,5))),(12,25)),((21,(4,18)),(16,3)))))),11);

STEP 34 [Heur. rSPR MP_RF -> NNI_Substep_30] - Distance: 267.0000
((((17,(26,(23,((1,(20,2)),(22,10))))),(27,(29,30))),((((9,6),13),28),(7,(((19,(((15,24),(14,5)),8)),(12,25)),((21,(4,18)),(16,3)))))),11);

STEP 35 [Heur. rSPR MP_RF -> NNI_Substep_31] - Distance: 267.0000
((((17,(26,(23,((1,(20,2)),(22,10))))),(27,(29,30))),((((9,6),13),28),(7,((((19,((15,24),(14,5))),8),(12,25)),((21,(4,18)),(16,3)))))),11);

STEP 36 [Heur. rSPR MP_RF -> NNI_Substep_32] - Distance: 267.0000
((((17,(26,(23,((1,(20,2)),(22,10))))),(27,(29,30))),((((9,6),13),28),(7,((((19,((15,24),(14,5))),(12,25)),8),((21,(4,18)),(16,3)))))),11);

STEP 37 [Heur. rSPR MP_RF -> NNI_Substep_33] - Distance: 267.0000
((((17,(26,(23,((1,(20,2)),(22,10))))),(27,(29,30))),((((9,6),13),28),(7,((((19,((15,24),(14,5))),(12,25)),((21,(4,18)),(16,3))),8)))),11);

STEP 38 [Heur. rSPR MP_RF -> NNI_Substep_34] - Distance: 267.0000
((((17,(26,(23,((1,(20,2)),(22,10))))),(27,(29,30))),((((9,6),13),28),((7,(((19,((15,24),(14,5))),(12,25)),((21,(4,18)),(16,3)))),8))),11);

STEP 39 [Heur. rSPR MP_RF -> NNI_Substep_35] - Distance: 267.0000
((((17,(26,(23,((1,(20,2)),(22,10))))),(27,(29,30))),(((((9,6),13),28),(7,(((19,((15,24),(14,5))),(12,25)),((21,(4,18)),(16,3))))),8)),11);

STEP 40 [Heur. rSPR MP_RF -> NNI_Substep_36] - Distance: 268.0000
(((((17,(26,(23,((1,(20,2)),(22,10))))),(27,(29,30))),((((9,6),13),28),(7,(((19,((15,24),(14,5))),(12,25)),((21,(4,18)),(16,3)))))),8),11);

STEP 41 [Heur. rSPR MP_RF -> NNI_Substep_37] - Distance: 262.0000
(((((17,(26,(23,((1,(20,2)),(22,10))))),(27,(29,30))),8),((((9,6),13),28),(7,(((19,((15,24),(14,5))),(12,25)),((21,(4,18)),(16,3)))))),11);

STEP 42 [Heur. rSPR MP_RF -> NNI_Substep_38] - Distance: 260.0000
((((17,(26,(23,((1,(20,2)),(22,10))))),((27,(29,30)),8)),((((9,6),13),28),(7,(((19,((15,24),(14,5))),(12,25)),((21,(4,18)),(16,3)))))),11);

STEP 43 [Heur. rSPR MP_RF -> NNI_Substep_39] - Distance: 260.0000
((((17,(26,(23,((1,(20,2)),(22,10))))),(27,((29,30),8))),((((9,6),13),28),(7,(((19,((15,24),(14,5))),(12,25)),((21,(4,18)),(16,3)))))),11);

STEP 44 [Heur. rSPR MP_RF -> NNI_Substep_40] - Distance: 260.0000
((((17,(26,(23,((1,(20,2)),(22,10))))),(27,(29,(30,8)))),((((9,6),13),28),(7,(((19,((15,24),(14,5))),(12,25)),((21,(4,18)),(16,3)))))),11);

STEP 45 [Heur. rSPR MP_RF -> NNI_Substep_41] - Distance: 260.0000
((((17,(26,(23,((1,(20,2)),(22,10))))),(27,(29,(30,8)))),((((9,6),13),28),(7,(((19,((15,24),(14,5))),(12,25)),(((21,4),18),(16,3)))))),11);

STEP 46 [Heur. rSPR MP_RF -> NNI_Substep_42] - Distance: 260.0000
((((17,(26,(23,((1,(20,2)),(22,10))))),(27,(29,(30,8)))),((((9,6),13),28),(7,(((19,((15,24),(14,5))),(12,25)),(((21,4),(16,3)),18))))),11);

STEP 47 [Heur. rSPR MP_RF -> NNI_Substep_43] - Distance: 260.0000
((((17,(26,(23,((1,(20,2)),(22,10))))),(27,(29,(30,8)))),((((9,6),13),28),(7,((((19,((15,24),(14,5))),(12,25)),((21,4),(16,3))),18)))),11);

STEP 48 [Heur. rSPR MP_RF -> NNI_Substep_44] - Distance: 260.0000
((((17,(26,(23,((1,(20,2)),(22,10))))),(27,(29,(30,8)))),((((9,6),13),28),((7,(((19,((15,24),(14,5))),(12,25)),((21,4),(16,3)))),18))),11);

STEP 49 [Heur. rSPR MP_RF -> NNI_Substep_45] - Distance: 260.0000
((((17,(26,(23,((1,(20,2)),(22,10))))),(27,(29,(30,8)))),(((((9,6),13),28),(7,(((19,((15,24),(14,5))),(12,25)),((21,4),(16,3))))),18)),11);

STEP 50 [Heur. rSPR MP_RF -> NNI_Substep_46] - Distance: 262.0000
(((((17,(26,(23,((1,(20,2)),(22,10))))),(27,(29,(30,8)))),((((9,6),13),28),(7,(((19,((15,24),(14,5))),(12,25)),((21,4),(16,3)))))),18),11);

STEP 51 [Heur. rSPR MP_RF -> NNI_Substep_47] - Distance: 254.0000
(((((17,(26,(23,((1,(20,2)),(22,10))))),(27,(29,(30,8)))),18),((((9,6),13),28),(7,(((19,((15,24),(14,5))),(12,25)),((21,4),(16,3)))))),11);

STEP 52 [Heur. rSPR MP_RF -> NNI_Substep_48] - Distance: 253.0000
(((((17,(26,(23,((1,(20,2)),(22,10))))),18),(27,(29,(30,8)))),((((9,6),13),28),(7,(((19,((15,24),(14,5))),(12,25)),((21,4),(16,3)))))),11);

STEP 53 [Heur. rSPR MP_RF -> NNI_Substep_49] - Distance: 253.0000
((((17,((26,(23,((1,(20,2)),(22,10)))),18)),(27,(29,(30,8)))),((((9,6),13),28),(7,(((19,((15,24),(14,5))),(12,25)),((21,4),(16,3)))))),11);

STEP 54 [Heur. rSPR MP_RF -> NNI_Substep_50] - Distance: 251.0000
((((17,((26,18),(23,((1,(20,2)),(22,10))))),(27,(29,(30,8)))),((((9,6),13),28),(7,(((19,((15,24),(14,5))),(12,25)),((21,4),(16,3)))))),11);

STEP 55 [Heur. rSPR MP_RF -> NNI_Substep_51] - Distance: 251.0000
((((17,((26,18),(23,(((1,20),2),(22,10))))),(27,(29,(30,8)))),((((9,6),13),28),(7,(((19,((15,24),(14,5))),(12,25)),((21,4),(16,3)))))),11);

STEP 56 [Heur. rSPR MP_RF -> NNI_Substep_52] - Distance: 251.0000
((((17,((26,18),(23,(((1,20),(22,10)),2)))),(27,(29,(30,8)))),((((9,6),13),28),(7,(((19,((15,24),(14,5))),(12,25)),((21,4),(16,3)))))),11);

STEP 57 [Heur. rSPR MP_RF -> NNI_Substep_53] - Distance: 251.0000
((((17,((26,18),((23,((1,20),(22,10))),2))),(27,(29,(30,8)))),((((9,6),13),28),(7,(((19,((15,24),(14,5))),(12,25)),((21,4),(16,3)))))),11);

STEP 58 [Heur. rSPR MP_RF -> NNI_Substep_54] - Distance: 251.0000
((((17,(((26,18),(23,((1,20),(22,10)))),2)),(27,(29,(30,8)))),((((9,6),13),28),(7,(((19,((15,24),(14,5))),(12,25)),((21,4),(16,3)))))),11);

STEP 59 [Heur. rSPR MP_RF -> NNI_Substep_55] - Distance: 251.0000
(((((17,((26,18),(23,((1,20),(22,10))))),2),(27,(29,(30,8)))),((((9,6),13),28),(7,(((19,((15,24),(14,5))),(12,25)),((21,4),(16,3)))))),11);

STEP 60 [Heur. rSPR MP_RF -> NNI_Substep_56] - Distance: 251.0000
(((((17,((26,18),(23,((1,20),(22,10))))),(27,(29,(30,8)))),2),((((9,6),13),28),(7,(((19,((15,24),(14,5))),(12,25)),((21,4),(16,3)))))),11);

STEP 61 [Heur. rSPR MP_RF -> NNI_Substep_57] - Distance: 256.0000
(((((17,((26,18),(23,((1,20),(22,10))))),(27,(29,(30,8)))),((((9,6),13),28),(7,(((19,((15,24),(14,5))),(12,25)),((21,4),(16,3)))))),2),11);

STEP 62 [Heur. rSPR MP_RF -> NNI_Substep_58] - Distance: 247.0000
((((17,((26,18),(23,((1,20),(22,10))))),(27,(29,(30,8)))),(((((9,6),13),28),(7,(((19,((15,24),(14,5))),(12,25)),((21,4),(16,3))))),2)),11);

STEP 63 [Heur. rSPR MP_RF -> NNI_Substep_59] - Distance: 243.0000
((((17,((26,18),(23,((1,20),(22,10))))),(27,(29,(30,8)))),((((9,6),13),28),((7,(((19,((15,24),(14,5))),(12,25)),((21,4),(16,3)))),2))),11);

STEP 64 [Heur. rSPR MP_RF -> NNI_Substep_60] - Distance: 242.0000
((((17,((26,18),(23,((1,20),(22,10))))),(27,(29,(30,8)))),((((9,6),13),28),(7,((((19,((15,24),(14,5))),(12,25)),((21,4),(16,3))),2)))),11);

STEP 65 [Heur. rSPR MP_RF -> NNI_Substep_61] - Distance: 242.0000
((((17,((26,18),(23,((1,20),(22,10))))),(27,(29,(30,8)))),((((9,6),13),28),(7,((((19,((15,24),(14,5))),(12,25)),2),((21,4),(16,3)))))),11);

STEP 66 [Heur. rSPR MP_RF -> NNI_Substep_62] - Distance: 240.0000
((((17,((26,18),(23,((1,20),(22,10))))),(27,(29,(30,8)))),((((9,6),13),28),(7,(((19,((15,24),(14,5))),((12,25),2)),((21,4),(16,3)))))),11);

STEP 67 [Heur. rSPR MP_RF -> NNI_Substep_63] - Distance: 240.0000
((((17,((26,18),(23,((1,20),(22,10))))),(27,(29,(30,8)))),((((9,6),13),28),(7,(((19,((15,24),(14,5))),(12,(25,2))),((21,4),(16,3)))))),11);

STEP 68 [Heur. rSPR MP_RF -> NNI_Substep_64] - Distance: 240.0000
(((((17,((26,18),(23,((1,20),(22,10))))),(29,(30,8))),27),((((9,6),13),28),(7,(((19,((15,24),(14,5))),(12,(25,2))),((21,4),(16,3)))))),11);

STEP 69 [Heur. rSPR MP_RF -> NNI_Substep_65] - Distance: 246.0000
(((((17,((26,18),(23,((1,20),(22,10))))),(29,(30,8))),((((9,6),13),28),(7,(((19,((15,24),(14,5))),(12,(25,2))),((21,4),(16,3)))))),27),11);

STEP 70 [Heur. rSPR MP_RF -> NNI_Substep_66] - Distance: 236.0000
((((17,((26,18),(23,((1,20),(22,10))))),(29,(30,8))),(((((9,6),13),28),(7,(((19,((15,24),(14,5))),(12,(25,2))),((21,4),(16,3))))),27)),11);

STEP 71 [Heur. rSPR MP_RF -> NNI_Substep_67] - Distance: 232.0000
((((17,((26,18),(23,((1,20),(22,10))))),(29,(30,8))),((((9,6),13),28),((7,(((19,((15,24),(14,5))),(12,(25,2))),((21,4),(16,3)))),27))),11);

STEP 72 [Heur. rSPR MP_RF -> NNI_Substep_68] - Distance: 229.0000
((((17,((26,18),(23,((1,20),(22,10))))),(29,(30,8))),((((9,6),13),28),((7,27),(((19,((15,24),(14,5))),(12,(25,2))),((21,4),(16,3)))))),11);

STEP 73 [Heur. rSPR MP_RF -> NNI_Substep_69] - Distance: 229.0000
((((17,((26,18),(23,((1,20),(22,10))))),(29,(30,8))),((((9,6),13),28),((7,27),(((19,((15,(14,5)),24)),(12,(25,2))),((21,4),(16,3)))))),11);

STEP 74 [Heur. rSPR MP_RF -> NNI_Substep_70] - Distance: 229.0000
((((17,((26,18),(23,((1,20),(22,10))))),(29,(30,8))),((((9,6),13),28),((7,27),((((19,(15,(14,5))),24),(12,(25,2))),((21,4),(16,3)))))),11);

STEP 75 [Heur. rSPR MP_RF -> NNI_Substep_71] - Distance: 227.0000
((((17,((26,18),(23,((1,20),(22,10))))),(29,(30,8))),((((9,6),13),28),((7,27),((((19,(15,(14,5))),(12,(25,2))),24),((21,4),(16,3)))))),11);

STEP 76 [Heur. rSPR MP_RF -> NNI_Substep_72] - Distance: 225.0000
((((17,((26,18),(23,((1,20),(22,10))))),(29,(30,8))),((((9,6),13),28),((7,27),(((19,(15,(14,5))),((12,(25,2)),24)),((21,4),(16,3)))))),11);

STEP 77 [Heur. rSPR MP_RF -> NNI_Substep_73] - Distance: 225.0000
((((17,((26,18),(23,((1,20),(22,10))))),(29,(30,8))),((((9,6),13),28),((7,27),(((19,(15,(14,5))),(12,((25,2),24))),((21,4),(16,3)))))),11);

STEP 78 [Heur. rSPR MP_RF -> NNI_Substep_74] - Distance: 225.0000
((((17,((26,18),(23,((1,20),(22,10))))),(29,(30,8))),((((9,6),13),28),((((19,(15,(14,5))),(12,((25,2),24))),(7,27)),((21,4),(16,3))))),11);

STEP 79 [Heur. rSPR MP_RF -> NNI_Substep_75] - Distance: 221.0000
((((17,((26,18),(23,((1,20),(22,10))))),(29,(30,8))),((((9,6),13),28),(((19,(15,(14,5))),((12,((25,2),24)),(7,27))),((21,4),(16,3))))),11);

STEP 80 [Heur. rSPR MP_RF -> NNI_Substep_76] - Distance: 221.0000
((((17,((26,18),(23,((1,20),(22,10))))),(29,(30,8))),((((9,6),13),28),(((19,(15,(14,5))),(12,(((25,2),24),(7,27)))),((21,4),(16,3))))),11);

STEP 81 [Heur. rSPR MP_RF -> NNI_Substep_77] - Distance: 222.0000
(((((17,((26,18),(23,((1,20),(22,10))))),(30,8)),29),((((9,6),13),28),(((19,(15,(14,5))),(12,(((25,2),24),(7,27)))),((21,4),(16,3))))),11);

STEP 82 [Heur. rSPR MP_RF -> NNI_Substep_78] - Distance: 220.0000
(((((17,((26,18),(23,((1,20),(22,10))))),29),(30,8)),((((9,6),13),28),(((19,(15,(14,5))),(12,(((25,2),24),(7,27)))),((21,4),(16,3))))),11);

STEP 83 [Heur. rSPR MP_RF -> NNI_Substep_79] - Distance: 220.0000
((((17,(((26,18),(23,((1,20),(22,10)))),29)),(30,8)),((((9,6),13),28),(((19,(15,(14,5))),(12,(((25,2),24),(7,27)))),((21,4),(16,3))))),11);

STEP 84 [Heur. rSPR MP_RF -> NNI_Substep_80] - Distance: 218.0000
((((17,((26,18),((23,((1,20),(22,10))),29))),(30,8)),((((9,6),13),28),(((19,(15,(14,5))),(12,(((25,2),24),(7,27)))),((21,4),(16,3))))),11);

STEP 85 [Heur. rSPR MP_RF -> NNI_Substep_81] - Distance: 217.0000
((((17,((26,18),(23,(((1,20),(22,10)),29)))),(30,8)),((((9,6),13),28),(((19,(15,(14,5))),(12,(((25,2),24),(7,27)))),((21,4),(16,3))))),11);

STEP 86 [Heur. rSPR MP_RF -> NNI_Substep_82] - Distance: 217.0000
((((17,((26,18),(23,(((1,20),29),(22,10))))),(30,8)),((((9,6),13),28),(((19,(15,(14,5))),(12,(((25,2),24),(7,27)))),((21,4),(16,3))))),11);

STEP 87 [Heur. rSPR MP_RF -> NNI_Substep_83] - Distance: 217.0000
((((17,((26,18),(23,((1,(20,29)),(22,10))))),(30,8)),((((9,6),13),28),(((19,(15,(14,5))),(12,(((25,2),24),(7,27)))),((21,4),(16,3))))),11);

STEP 88 [Heur. rSPR MP_RF -> NNI_Substep_84] - Distance: 217.0000
((((17,((26,18),(23,((1,(20,29)),(22,10))))),(30,8)),((((9,6),13),28),((((19,(15,(14,5))),(((25,2),24),(7,27))),12),((21,4),(16,3))))),11);

STEP 89 [Heur. rSPR MP_RF -> NNI_Substep_85] - Distance: 216.0000
((((17,((26,18),(23,((1,(20,29)),(22,10))))),(30,8)),((((9,6),13),28),((((19,(15,(14,5))),(((25,2),24),(7,27))),((21,4),(16,3))),12))),11);

STEP 90 [Heur. rSPR MP_RF -> NNI_Substep_86] - Distance: 216.0000
((((17,((26,18),(23,((1,(20,29)),(22,10))))),(30,8)),((((9,6),13),28),(((19,(15,(14,5))),(((25,2),24),(7,27))),(((21,4),(16,3)),12)))),11);

STEP 91 [Heur. rSPR MP_RF -> NNI_Substep_87] - Distance: 215.0000
((((17,((26,18),(23,((1,(20,29)),(22,10))))),(30,8)),((((9,6),13),28),(((19,(15,(14,5))),(((25,2),24),(7,27))),((21,4),((16,3),12))))),11);

STEP 92 [Heur. rSPR MP_RF -> NNI_Substep_88] - Distance: 214.0000
((((17,((26,18),(23,((1,(20,29)),(22,10))))),(30,8)),((((9,6),13),28),(((19,(15,(14,5))),(((25,2),24),(7,27))),((21,4),((16,12),3))))),11);

STEP 93 [Heur. rSPR MP_RF -> NNI_Substep_89] - Distance: 214.0000
((((17,((26,18),(23,(((20,29),(22,10)),1)))),(30,8)),((((9,6),13),28),(((19,(15,(14,5))),(((25,2),24),(7,27))),((21,4),((16,12),3))))),11);

STEP 94 [Heur. rSPR MP_RF -> NNI_Substep_90] - Distance: 214.0000
((((17,((26,18),((23,((20,29),(22,10))),1))),(30,8)),((((9,6),13),28),(((19,(15,(14,5))),(((25,2),24),(7,27))),((21,4),((16,12),3))))),11);

STEP 95 [Heur. rSPR MP_RF -> NNI_Substep_91] - Distance: 214.0000
((((17,(((26,18),(23,((20,29),(22,10)))),1)),(30,8)),((((9,6),13),28),(((19,(15,(14,5))),(((25,2),24),(7,27))),((21,4),((16,12),3))))),11);

STEP 96 [Heur. rSPR MP_RF -> NNI_Substep_92] - Distance: 214.0000
(((((17,((26,18),(23,((20,29),(22,10))))),1),(30,8)),((((9,6),13),28),(((19,(15,(14,5))),(((25,2),24),(7,27))),((21,4),((16,12),3))))),11);

STEP 97 [Heur. rSPR MP_RF -> NNI_Substep_93] - Distance: 213.0000
(((((17,((26,18),(23,((20,29),(22,10))))),(30,8)),1),((((9,6),13),28),(((19,(15,(14,5))),(((25,2),24),(7,27))),((21,4),((16,12),3))))),11);

STEP 98 [Heur. rSPR MP_RF -> NNI_Substep_94] - Distance: 224.0000
(((((17,((26,18),(23,((20,29),(22,10))))),(30,8)),((((9,6),13),28),(((19,(15,(14,5))),(((25,2),24),(7,27))),((21,4),((16,12),3))))),1),11);

STEP 99 [Heur. rSPR MP_RF -> NNI_Substep_95] - Distance: 223.0000
((((17,((26,18),(23,((20,29),(22,10))))),(30,8)),(((((9,6),13),28),(((19,(15,(14,5))),(((25,2),24),(7,27))),((21,4),((16,12),3)))),1)),11);

STEP 100 [Heur. rSPR MP_RF -> NNI_Substep_96] - Distance: 223.0000
((((17,((26,18),(23,((20,29),(22,10))))),(30,8)),((((9,6),13),28),((((19,(15,(14,5))),(((25,2),24),(7,27))),((21,4),((16,12),3))),1))),11);

STEP 101 [Heur. rSPR MP_RF -> NNI_Substep_97] - Distance: 223.0000
((((17,((26,18),(23,((20,29),(22,10))))),(30,8)),((((9,6),13),28),(((19,(15,(14,5))),(((25,2),24),(7,27))),(((21,4),((16,12),3)),1)))),11);

STEP 102 [Heur. rSPR MP_RF -> NNI_Substep_98] - Distance: 222.0000
((((17,((26,18),(23,((20,29),(22,10))))),(30,8)),((((9,6),13),28),(((19,(15,(14,5))),(((25,2),24),(7,27))),((21,4),(((16,12),3),1))))),11);

STEP 103 [Heur. rSPR MP_RF -> NNI_Substep_99] - Distance: 221.0000
((((17,((26,18),(23,((20,29),(22,10))))),(30,8)),((((9,6),13),28),(((19,(15,(14,5))),(((25,2),24),(7,27))),((21,4),(((16,12),1),3))))),11);

STEP 104 [Heur. rSPR MP_RF -> NNI_Substep_100] - Distance: 221.0000
((((17,((26,18),(23,((20,29),(22,10))))),(30,8)),((((9,6),13),28),((((19,(15,(14,5))),(((25,2),24),(7,27))),(21,4)),(((16,12),1),3)))),11);

STEP 105 [Heur. rSPR MP_RF -> NNI_Substep_101] - Distance: 221.0000
((((17,((26,18),(23,((20,29),(22,10))))),(30,8)),(((((9,6),13),28),(((19,(15,(14,5))),(((25,2),24),(7,27))),(21,4))),(((16,12),1),3))),11);

STEP 106 [Heur. rSPR MP_RF -> NNI_Substep_102] - Distance: 203.0000
(((((17,((26,18),(23,((20,29),(22,10))))),(30,8)),((((9,6),13),28),(((19,(15,(14,5))),(((25,2),24),(7,27))),(21,4)))),(((16,12),1),3)),11);

STEP 107 [Heur. rSPR MP_RF -> NNI_Substep_103] - Distance: 171.0000
(((((17,((26,18),(23,((20,29),(22,10))))),(30,8)),(((16,12),1),3)),((((9,6),13),28),(((19,(15,(14,5))),(((25,2),24),(7,27))),(21,4)))),11);

STEP 108 [Heur. rSPR MP_RF -> NNI_Substep_104] - Distance: 163.0000
(((((17,((26,18),(23,((20,29),(22,10))))),(((16,12),1),3)),(30,8)),((((9,6),13),28),(((19,(15,(14,5))),(((25,2),24),(7,27))),(21,4)))),11);

STEP 109 [Heur. rSPR MP_RF -> NNI_Substep_105] - Distance: 153.0000
(((((17,(((16,12),1),3)),((26,18),(23,((20,29),(22,10))))),(30,8)),((((9,6),13),28),(((19,(15,(14,5))),(((25,2),24),(7,27))),(21,4)))),11);

STEP 110 [Heur. rSPR MP_RF -> NNI_Substep_106] - Distance: 141.0000
(((((17,(((16,12),1),3)),(30,8)),((26,18),(23,((20,29),(22,10))))),((((9,6),13),28),(((19,(15,(14,5))),(((25,2),24),(7,27))),(21,4)))),11);

STEP 111 [Heur. rSPR MP_RF -> NNI_Substep_107] - Distance: 141.0000
(((((17,(((16,12),1),3)),(30,8)),((26,18),(23,((20,29),(22,10))))),((((9,6),13),28),((((19,(15,(14,5))),(((25,2),24),(7,27))),21),4))),11);

STEP 112 [Heur. rSPR MP_RF -> NNI_Substep_108] - Distance: 141.0000
(((((17,(((16,12),1),3)),(30,8)),((26,18),(23,((20,29),(22,10))))),(((((9,6),13),28),(((19,(15,(14,5))),(((25,2),24),(7,27))),21)),4)),11);

STEP 113 [Heur. rSPR MP_RF -> NNI_Substep_109] - Distance: 135.0000
((((((17,(((16,12),1),3)),(30,8)),((26,18),(23,((20,29),(22,10))))),((((9,6),13),28),(((19,(15,(14,5))),(((25,2),24),(7,27))),21))),4),11);

STEP 114 [Heur. rSPR MP_RF -> NNI_Substep_110] - Distance: 124.0000
((((((17,(((16,12),1),3)),(30,8)),((26,18),(23,((20,29),(22,10))))),4),((((9,6),13),28),(((19,(15,(14,5))),(((25,2),24),(7,27))),21))),11);

STEP 115 [Heur. rSPR MP_RF -> NNI_Substep_111] - Distance: 118.0000
((((((17,(((16,12),1),3)),(30,8)),4),((26,18),(23,((20,29),(22,10))))),((((9,6),13),28),(((19,(15,(14,5))),(((25,2),24),(7,27))),21))),11);

STEP 116 [Heur. rSPR MP_RF -> NNI_Substep_112] - Distance: 118.0000
((((((17,(((16,12),1),3)),(30,8)),4),((26,18),((23,(20,29)),(22,10)))),((((9,6),13),28),(((19,(15,(14,5))),(((25,2),24),(7,27))),21))),11);

STEP 117 [Heur. rSPR MP_RF -> NNI_Substep_113] - Distance: 116.0000
((((((17,(((16,12),1),3)),(30,8)),4),(((26,18),(23,(20,29))),(22,10))),((((9,6),13),28),(((19,(15,(14,5))),(((25,2),24),(7,27))),21))),11);

STEP 118 [Heur. rSPR MP_RF -> NNI_Substep_114] - Distance: 113.0000
((((((17,(((16,12),1),3)),(30,8)),4),(((26,18),(22,10)),(23,(20,29)))),((((9,6),13),28),(((19,(15,(14,5))),(((25,2),24),(7,27))),21))),11);

STEP 119 [Heur. rSPR MP_RF -> NNI_Substep_115] - Distance: 113.0000
((((((17,(((16,12),1),3)),(30,8)),4),(((26,18),(22,10)),(23,(20,29)))),((((9,6),13),28),(((19,((15,5),14)),(((25,2),24),(7,27))),21))),11);

STEP 120 [Heur. rSPR MP_RF -> NNI_Substep_116] - Distance: 113.0000
((((((17,(((16,12),1),3)),(30,8)),4),(((26,18),(22,10)),(23,(20,29)))),((((9,6),13),28),((((19,(15,5)),14),(((25,2),24),(7,27))),21))),11);

STEP 121 [Heur. rSPR MP_RF -> NNI_Substep_117] - Distance: 113.0000
((((((17,(((16,12),1),3)),(30,8)),4),(((26,18),(22,10)),(23,(20,29)))),((((9,6),13),28),((((19,(15,5)),(((25,2),24),(7,27))),14),21))),11);

STEP 122 [Heur. rSPR MP_RF -> NNI_Substep_118] - Distance: 113.0000
((((((17,(((16,12),1),3)),(30,8)),4),(((26,18),(22,10)),(23,(20,29)))),((((9,6),13),28),((((19,(15,5)),(((25,2),24),(7,27))),21),14))),11);

STEP 123 [Heur. rSPR MP_RF -> NNI_Substep_119] - Distance: 112.0000
((((((17,(((16,12),1),3)),(30,8)),4),(((26,18),(22,10)),(23,(20,29)))),((((9,6),13),28),(((19,(15,5)),(((25,2),24),(7,27))),(21,14)))),11);

STEP 124 [Heur. rSPR MP_RF -> NNI_Substep_120] - Distance: 112.0000
((((((17,(((16,12),1),3)),(30,8)),4),(((26,18),(22,10)),(23,(20,29)))),(((((9,6),13),28),((19,(15,5)),(((25,2),24),(7,27)))),(21,14))),11);

STEP 125 [Heur. rSPR MP_RF -> NNI_Substep_121] - Distance: 114.0000
(((((((17,(((16,12),1),3)),(30,8)),4),(((26,18),(22,10)),(23,(20,29)))),((((9,6),13),28),((19,(15,5)),(((25,2),24),(7,27))))),(21,14)),11);

STEP 126 [Heur. rSPR MP_RF -> NNI_Substep_122] - Distance: 92.0000
(((((((17,(((16,12),1),3)),(30,8)),4),(((26,18),(22,10)),(23,(20,29)))),(21,14)),((((9,6),13),28),((19,(15,5)),(((25,2),24),(7,27))))),11);

STEP 127 [Heur. rSPR MP_RF -> NNI_Substep_123] - Distance: 76.0000
((((((17,(((16,12),1),3)),(30,8)),4),((((26,18),(22,10)),(23,(20,29))),(21,14))),((((9,6),13),28),((19,(15,5)),(((25,2),24),(7,27))))),11);

STEP 128 [Heur. rSPR MP_RF -> NNI_Substep_124] - Distance: 70.0000
((((((17,(((16,12),1),3)),(30,8)),4),((((26,18),(22,10)),(21,14)),(23,(20,29)))),((((9,6),13),28),((19,(15,5)),(((25,2),24),(7,27))))),11);

STEP 129 [Heur. rSPR MP_RF -> NNI_Substep_125] - Distance: 66.0000
((((((17,(((16,12),1),3)),(30,8)),4),(((26,18),((22,10),(21,14))),(23,(20,29)))),((((9,6),13),28),((19,(15,5)),(((25,2),24),(7,27))))),11);

STEP 130 [Heur. rSPR MP_RF -> NNI_Substep_126] - Distance: 66.0000
((((((17,(((16,12),1),3)),(30,8)),4),(((26,18),((22,(21,14)),10)),(23,(20,29)))),((((9,6),13),28),((19,(15,5)),(((25,2),24),(7,27))))),11);

STEP 131 [Heur. rSPR MP_RF -> NNI_Substep_127] - Distance: 66.0000
((((((17,(((16,12),1),3)),(30,8)),4),((((26,18),(22,(21,14))),10),(23,(20,29)))),((((9,6),13),28),((19,(15,5)),(((25,2),24),(7,27))))),11);

STEP 132 [Heur. rSPR MP_RF -> NNI_Substep_128] - Distance: 66.0000
((((((17,(((16,12),1),3)),(30,8)),4),((((26,18),(22,(21,14))),(23,(20,29))),10)),((((9,6),13),28),((19,(15,5)),(((25,2),24),(7,27))))),11);

STEP 133 [Heur. rSPR MP_RF -> NNI_Substep_129] - Distance: 66.0000
(((((((17,(((16,12),1),3)),(30,8)),4),(((26,18),(22,(21,14))),(23,(20,29)))),10),((((9,6),13),28),((19,(15,5)),(((25,2),24),(7,27))))),11);

STEP 134 [Heur. rSPR MP_RF -> NNI_Substep_130] - Distance: 65.0000
(((((((17,(((16,12),1),3)),(30,8)),4),(((26,18),(22,(21,14))),(23,(20,29)))),((((9,6),13),28),((19,(15,5)),(((25,2),24),(7,27))))),10),11);

STEP 135 [Heur. rSPR MP_RF -> NNI_Substep_131] - Distance: 49.0000
((((((17,(((16,12),1),3)),(30,8)),4),(((26,18),(22,(21,14))),(23,(20,29)))),(((((9,6),13),28),((19,(15,5)),(((25,2),24),(7,27)))),10)),11);

STEP 136 [Heur. rSPR MP_RF -> NNI_Substep_132] - Distance: 45.0000
((((((17,(((16,12),1),3)),(30,8)),4),(((26,18),(22,(21,14))),(23,(20,29)))),((((9,6),13),28),(((19,(15,5)),(((25,2),24),(7,27))),10))),11);

STEP 137 [Heur. rSPR MP_RF -> NNI_Substep_133] - Distance: 40.0000
((((((17,(((16,12),1),3)),(30,8)),4),(((26,18),(22,(21,14))),(23,(20,29)))),((((9,6),13),28),(((19,(15,5)),10),(((25,2),24),(7,27))))),11);

STEP 138 [Heur. rSPR MP_RF -> NNI_Substep_134] - Distance: 40.0000
((((((17,(((16,12),1),3)),(30,8)),4),(((26,18),(22,(21,14))),(23,(20,29)))),((((9,6),13),28),((((19,5),15),10),(((25,2),24),(7,27))))),11);

STEP 139 [Heur. rSPR MP_RF -> NNI_Substep_135] - Distance: 40.0000
((((((17,(((16,12),1),3)),(30,8)),4),(((26,18),(22,(21,14))),(23,(20,29)))),((((9,6),13),28),((((19,5),10),15),(((25,2),24),(7,27))))),11);

STEP 140 [Heur. rSPR MP_RF -> NNI_Substep_136] - Distance: 40.0000
((((((17,(((16,12),1),3)),(30,8)),4),(((26,18),(22,(21,14))),(23,(20,29)))),((((9,6),13),28),((((19,5),10),(((25,2),24),(7,27))),15))),11);

STEP 141 [Heur. rSPR MP_RF -> NNI_Substep_137] - Distance: 40.0000
((((((17,(((16,12),1),3)),(30,8)),4),(((26,18),(22,(21,14))),(23,(20,29)))),(((((9,6),13),28),(((19,5),10),(((25,2),24),(7,27)))),15)),11);

STEP 142 [Heur. rSPR MP_RF -> NNI_Substep_138] - Distance: 32.0000
(((((((17,(((16,12),1),3)),(30,8)),4),(((26,18),(22,(21,14))),(23,(20,29)))),((((9,6),13),28),(((19,5),10),(((25,2),24),(7,27))))),15),11);

STEP 143 [Heur. rSPR MP_RF -> NNI_Substep_139] - Distance: 20.0000
(((((((17,(((16,12),1),3)),(30,8)),4),(((26,18),(22,(21,14))),(23,(20,29)))),15),((((9,6),13),28),(((19,5),10),(((25,2),24),(7,27))))),11);

STEP 144 [Heur. rSPR MP_RF -> NNI_Substep_140] - Distance: 0.0000
((((((17,(((16,12),1),3)),(30,8)),4),((((26,18),(22,(21,14))),(23,(20,29))),15)),((((9,6),13),28),(((19,5),10),(((25,2),24),(7,27))))),11);

========================================================
[FINAL] Total Steps: 144 | Final Distance: 0.0000
========================================================
