========================================================
HEURISTIC TRAJECTORY: VND Incremental (MP)
========================================================
STEP 0 [START] - Distance: 337.0000
((29,(14,(17,(11,22)))),((4,(((((28,(12,15)),(3,20)),(25,9)),((24,23),(19,26))),(18,(2,((13,21),(6,(8,30))))))),((1,5),(27,(16,(10,7))))));

STEP 1 [NNI_IncrementalHeuristic_MP -> NNI_Substep_1] - Distance: 325.0000
((4,(18,(((((28,(12,15)),(3,20)),(25,9)),((24,23),(19,26))),(2,((13,21),(6,(8,30))))))),((29,(14,(17,(11,22)))),((1,5),(27,(16,(10,7))))));

STEP 2 [NNI_IncrementalHeuristic_MP -> NNI_Substep_2] - Distance: 321.0000
((4,((((1,5),(27,(16,(10,7)))),(14,(17,(11,22)))),29)),(18,(((((28,(12,15)),(3,20)),(25,9)),((24,23),(19,26))),(2,((13,21),(6,(8,30)))))));

STEP 3 [NNI_IncrementalHeuristic_MP -> NNI_Substep_3] - Distance: 319.0000
((4,((((1,5),(14,(17,(11,22)))),(27,(16,(10,7)))),29)),(18,(((((28,(12,15)),(3,20)),(25,9)),((24,23),(19,26))),(2,((13,21),(6,(8,30)))))));

STEP 4 [NNI_IncrementalHeuristic_MP -> NNI_Substep_4] - Distance: 317.0000
((4,((((1,5),(14,(17,(11,22)))),(27,(16,(10,7)))),29)),(18,(((2,((13,21),(6,(8,30)))),((24,23),(19,26))),(((28,(12,15)),(3,20)),(25,9)))));

STEP 5 [NNI_IncrementalHeuristic_MP -> NNI_Substep_5] - Distance: 308.0000
((((((28,(12,15)),(3,20)),(25,9)),(4,((((1,5),(14,(17,(11,22)))),(27,(16,(10,7)))),29))),18),((2,((13,21),(6,(8,30)))),((24,23),(19,26))));

STEP 6 [NNI_IncrementalHeuristic_MP -> NNI_Substep_6] - Distance: 298.0000
((((24,23),((2,((13,21),(6,(8,30)))),(19,26))),18),((((28,(12,15)),(3,20)),(25,9)),(4,((((1,5),(14,(17,(11,22)))),(27,(16,(10,7)))),29))));

STEP 7 [NNI_IncrementalHeuristic_MP -> NNI_Substep_7] - Distance: 297.0000
((((((2,((13,21),(6,(8,30)))),(19,26)),23),24),18),((((28,(12,15)),(3,20)),(25,9)),(4,((((1,5),(14,(17,(11,22)))),(27,(16,(10,7)))),29))));

STEP 8 [NNI_IncrementalHeuristic_MP -> NNI_Substep_8] - Distance: 296.0000
((((((2,((13,21),(6,(8,30)))),(19,26)),23),24),18),((((25,9),(3,20)),(28,(12,15))),(4,((((1,5),(14,(17,(11,22)))),(27,(16,(10,7)))),29))));

STEP 9 [NNI_IncrementalHeuristic_MP -> NNI_Substep_9] - Distance: 294.0000
((((((2,((13,21),(6,(8,30)))),(19,26)),23),24),18),(((12,15),(28,((25,9),(3,20)))),(4,((((1,5),(14,(17,(11,22)))),(27,(16,(10,7)))),29))));

STEP 10 [NNI_IncrementalHeuristic_MP -> NNI_Substep_10] - Distance: 293.0000
((((((2,((13,21),(6,(8,30)))),(19,26)),23),24),18),(((((1,5),(14,(17,(11,22)))),(27,(16,(10,7)))),29),(4,((12,15),(28,((25,9),(3,20)))))));

STEP 11 [NNI_IncrementalHeuristic_MP -> NNI_Substep_11] - Distance: 292.0000
((((((2,((13,21),(6,(8,30)))),(19,26)),23),24),18),(((((1,5),(14,(17,(11,22)))),(27,(16,(10,7)))),29),((12,15),(4,(28,((25,9),(3,20)))))));

STEP 12 [NNI_IncrementalHeuristic_MP -> NNI_Substep_12] - Distance: 291.0000
((((((2,((13,21),(6,(8,30)))),(19,26)),23),24),18),(((((1,5),(14,(17,(11,22)))),(27,(16,(10,7)))),29),((12,15),(28,(4,((25,9),(3,20)))))));

STEP 13 [2sECR_IncrementalHeuristic_MP -> NNI_Substep_1] - Distance: 292.0000
((((((2,((13,21),(6,(8,30)))),(19,26)),23),24),18),((12,15),(((((1,5),(14,(17,(11,22)))),(27,(16,(10,7)))),29),(28,(4,((25,9),(3,20)))))));

STEP 14 [2sECR_IncrementalHeuristic_MP -> NNI_Substep_2] - Distance: 287.0000
((12,((((((2,((13,21),(6,(8,30)))),(19,26)),23),24),18),15)),(((((1,5),(14,(17,(11,22)))),(27,(16,(10,7)))),29),(28,(4,((25,9),(3,20))))));

STEP 15 [2sECR_IncrementalHeuristic_MP -> NNI_Substep_3] - Distance: 281.0000
(((((((1,5),(14,(17,(11,22)))),(27,(16,(10,7)))),29),(28,(4,((25,9),(3,20))))),((15,((((2,((13,21),(6,(8,30)))),(19,26)),23),24)),18)),12);

STEP 16 [2sECR_IncrementalHeuristic_MP -> NNI_Substep_4] - Distance: 280.0000
(((((((1,5),(14,(17,(11,22)))),(27,(16,(10,7)))),29),(28,(4,((25,9),(3,20))))),((24,(15,(((2,((13,21),(6,(8,30)))),(19,26)),23))),18)),12);

STEP 17 [2sECR_IncrementalHeuristic_MP -> NNI_Substep_5] - Distance: 280.0000
(((((((1,5),(14,(17,(11,22)))),(16,(27,(10,7)))),29),(28,(4,((25,9),(3,20))))),((24,(15,(((2,((13,21),(6,(8,30)))),(19,26)),23))),18)),12);

STEP 18 [2sECR_IncrementalHeuristic_MP -> NNI_Substep_6] - Distance: 279.0000
(((((16,(((1,5),(14,(17,(11,22)))),(27,(10,7)))),29),(28,(4,((25,9),(3,20))))),((24,(15,(((2,((13,21),(6,(8,30)))),(19,26)),23))),18)),12);

STEP 19 [2sECR_IncrementalHeuristic_MP -> NNI_Substep_7] - Distance: 280.0000
((((16,(29,(((1,5),(14,(17,(11,22)))),(27,(10,7))))),(28,(4,((25,9),(3,20))))),((24,(15,(((2,((13,21),(6,(8,30)))),(19,26)),23))),18)),12);

STEP 20 [2sECR_IncrementalHeuristic_MP -> NNI_Substep_8] - Distance: 279.0000
((((29,(((1,5),(14,(17,(11,22)))),(27,(10,7)))),((28,(4,((25,9),(3,20)))),16)),((24,(15,(((2,((13,21),(6,(8,30)))),(19,26)),23))),18)),12);

STEP 21 [2sECR_IncrementalHeuristic_MP -> NNI_Substep_9] - Distance: 277.0000
((((29,((28,(4,((25,9),(3,20)))),16)),(((1,5),(14,(17,(11,22)))),(27,(10,7)))),((24,(15,(((2,((13,21),(6,(8,30)))),(19,26)),23))),18)),12);

STEP 22 [2sECR_IncrementalHeuristic_MP -> NNI_Substep_10] - Distance: 276.0000
((((29,((28,(4,((25,9),(3,20)))),16)),(((1,5),(14,(17,(11,22)))),(27,(10,7)))),((24,((15,23),((2,((13,21),(6,(8,30)))),(19,26)))),18)),12);

STEP 23 [2sECR_IncrementalHeuristic_MP -> NNI_Substep_11] - Distance: 276.0000
((((29,((28,(4,((25,9),(3,20)))),16)),(((1,5),(14,(17,(11,22)))),(27,(10,7)))),((24,((19,26),((2,((13,21),(6,(8,30)))),(15,23)))),18)),12);

STEP 24 [3sECR_IncrementalHeuristic_MP -> NNI_Substep_1] - Distance: 276.0000
((((29,((28,(4,((25,9),(3,20)))),16)),(((1,5),(14,(17,(11,22)))),(27,(10,7)))),(18,((24,((2,((13,21),(6,(8,30)))),(15,23))),(19,26)))),12);

STEP 25 [3sECR_IncrementalHeuristic_MP -> NNI_Substep_2] - Distance: 276.0000
((((29,((28,(4,((25,9),(3,20)))),16)),(((1,5),(14,(17,(11,22)))),(27,(10,7)))),((18,(24,((2,((13,21),(6,(8,30)))),(15,23)))),(19,26))),12);

STEP 26 [3sECR_IncrementalHeuristic_MP -> NNI_Substep_3] - Distance: 269.0000
(((((29,((28,(4,((25,9),(3,20)))),16)),(((1,5),(14,(17,(11,22)))),(27,(10,7)))),(19,26)),(18,(24,((2,((13,21),(6,(8,30)))),(15,23))))),12);

STEP 27 [3sECR_IncrementalHeuristic_MP -> NNI_Substep_4] - Distance: 263.0000
((((29,((28,(4,((25,9),(3,20)))),16)),((((1,5),(14,(17,(11,22)))),(27,(10,7))),(19,26))),(18,(24,((2,((13,21),(6,(8,30)))),(15,23))))),12);

STEP 28 [3sECR_IncrementalHeuristic_MP -> NNI_Substep_5] - Distance: 260.0000
((((29,((28,(4,((25,9),(3,20)))),16)),(((1,5),(14,(17,(11,22)))),((27,(10,7)),(19,26)))),(18,(24,((2,((13,21),(6,(8,30)))),(15,23))))),12);

STEP 29 [3sECR_IncrementalHeuristic_MP -> NNI_Substep_6] - Distance: 259.0000
((((29,((28,(4,((25,9),(3,20)))),16)),(((1,5),(14,(17,(11,22)))),(((27,(10,7)),19),26))),(18,(24,((2,((13,21),(6,(8,30)))),(15,23))))),12);

STEP 30 [3sECR_IncrementalHeuristic_MP -> NNI_Substep_7] - Distance: 259.0000
((((29,((28,(4,((25,9),(3,20)))),16)),((((27,(10,7)),19),26),(((14,(17,(11,22))),1),5))),(18,(24,((2,((13,21),(6,(8,30)))),(15,23))))),12);

STEP 31 [3sECR_IncrementalHeuristic_MP -> NNI_Substep_8] - Distance: 259.0000
((((29,((28,(4,((25,9),(3,20)))),16)),(((((27,(10,7)),19),26),((14,(17,(11,22))),1)),5)),(18,(24,((2,((13,21),(6,(8,30)))),(15,23))))),12);

STEP 32 [3sECR_IncrementalHeuristic_MP -> NNI_Substep_9] - Distance: 255.0000
(((((29,((28,(4,((25,9),(3,20)))),16)),5),((((27,(10,7)),19),26),((14,(17,(11,22))),1))),(18,(24,((2,((13,21),(6,(8,30)))),(15,23))))),12);

STEP 33 [3sECR_IncrementalHeuristic_MP -> NNI_Substep_10] - Distance: 252.0000
(((12,((((27,(10,7)),19),26),((14,(17,(11,22))),1))),((29,((28,(4,((25,9),(3,20)))),16)),5)),(18,(24,((2,((13,21),(6,(8,30)))),(15,23)))));

STEP 34 [3sECR_IncrementalHeuristic_MP -> NNI_Substep_11] - Distance: 251.0000
((((12,(((27,(10,7)),19),26)),((14,(17,(11,22))),1)),((29,((28,(4,((25,9),(3,20)))),16)),5)),(18,(24,((2,((13,21),(6,(8,30)))),(15,23)))));

STEP 35 [3sECR_IncrementalHeuristic_MP -> NNI_Substep_12] - Distance: 250.0000
((((12,(26,((19,(10,7)),27))),((14,(17,(11,22))),1)),((29,((28,(4,((25,9),(3,20)))),16)),5)),(18,(24,((2,((13,21),(6,(8,30)))),(15,23)))));

STEP 36 [3sECR_IncrementalHeuristic_MP -> NNI_Substep_13] - Distance: 248.0000
((((12,((26,27),(19,(10,7)))),((14,(17,(11,22))),1)),((29,((28,(4,((25,9),(3,20)))),16)),5)),(18,(24,((2,((13,21),(6,(8,30)))),(15,23)))));

STEP 37 [3sECR_IncrementalHeuristic_MP -> NNI_Substep_14] - Distance: 248.0000
((((12,((26,27),(19,(10,7)))),(1,((14,17),(11,22)))),((29,((28,(4,((25,9),(3,20)))),16)),5)),(18,(24,((2,((13,21),(6,(8,30)))),(15,23)))));

STEP 38 [3sECR_IncrementalHeuristic_MP -> NNI_Substep_15] - Distance: 248.0000
((((12,((26,27),(19,(10,7)))),((1,(14,17)),(11,22))),((29,((28,(4,((25,9),(3,20)))),16)),5)),(18,(24,((2,((13,21),(6,(8,30)))),(15,23)))));

STEP 39 [3sECR_IncrementalHeuristic_MP -> NNI_Substep_16] - Distance: 245.0000
(((((12,((26,27),(19,(10,7)))),(11,22)),(1,(14,17))),((29,((28,(4,((25,9),(3,20)))),16)),5)),(18,(24,((2,((13,21),(6,(8,30)))),(15,23)))));

STEP 40 [3sECR_IncrementalHeuristic_MP -> NNI_Substep_17] - Distance: 245.0000
((((29,((28,(4,((25,9),(3,20)))),16)),5),((1,(14,17)),(((12,((26,27),(19,(10,7)))),11),22))),(18,(24,((2,((13,21),(6,(8,30)))),(15,23)))));

STEP 41 [3sECR_IncrementalHeuristic_MP -> NNI_Substep_18] - Distance: 245.0000
((((29,((28,(4,((25,9),(3,20)))),16)),5),(((1,(14,17)),((12,((26,27),(19,(10,7)))),11)),22)),(18,(24,((2,((13,21),(6,(8,30)))),(15,23)))));

STEP 42 [3sECR_IncrementalHeuristic_MP -> NNI_Substep_19] - Distance: 240.0000
(((((29,((28,(4,((25,9),(3,20)))),16)),5),22),((1,(14,17)),((12,((26,27),(19,(10,7)))),11))),(18,(24,((2,((13,21),(6,(8,30)))),(15,23)))));

STEP 43 [3sECR_IncrementalHeuristic_MP -> NNI_Substep_20] - Distance: 239.0000
(((((29,((28,(4,((25,9),(3,20)))),16)),5),22),((1,(14,17)),((11,((19,(10,7)),(26,27))),12))),(18,(24,((2,((13,21),(6,(8,30)))),(15,23)))));

STEP 44 [3sECR_IncrementalHeuristic_MP -> NNI_Substep_21] - Distance: 237.0000
(((((29,((28,(4,((25,9),(3,20)))),16)),5),22),((1,(14,17)),(((11,(26,27)),(19,(10,7))),12))),(18,(24,((2,((13,21),(6,(8,30)))),(15,23)))));

STEP 45 [3sECR_IncrementalHeuristic_MP -> NNI_Substep_22] - Distance: 236.0000
(((((29,((28,(4,((25,9),(3,20)))),16)),5),22),((1,(14,17)),((((11,27),26),(19,(10,7))),12))),(18,(24,((2,((13,21),(6,(8,30)))),(15,23)))));

STEP 46 [3sECR_IncrementalHeuristic_MP -> NNI_Substep_23] - Distance: 235.0000
((((22,5),(29,((28,(4,((25,9),(3,20)))),16))),((1,(14,17)),((((11,27),26),(19,(10,7))),12))),(18,(24,((2,((13,21),(6,(8,30)))),(15,23)))));

STEP 47 [3sECR_IncrementalHeuristic_MP -> NNI_Substep_24] - Distance: 233.0000
(((((22,5),((28,(4,((25,9),(3,20)))),16)),29),((1,(14,17)),((((11,27),26),(19,(10,7))),12))),(18,(24,((2,((13,21),(6,(8,30)))),(15,23)))));

STEP 48 [3sECR_IncrementalHeuristic_MP -> NNI_Substep_25] - Distance: 234.0000
(((((22,5),((28,(4,((25,9),(3,20)))),16)),29),((1,(14,17)),((((11,27),26),(19,(10,7))),12))),(18,((24,(15,23)),(2,((13,21),(6,(8,30)))))));

STEP 49 [3sECR_IncrementalHeuristic_MP -> NNI_Substep_26] - Distance: 235.0000
(((((22,5),((28,(4,((25,9),(3,20)))),16)),29),((1,(14,17)),((((11,27),26),(19,(10,7))),12))),((18,(24,(15,23))),(2,((13,21),(6,(8,30))))));

STEP 50 [3sECR_IncrementalHeuristic_MP -> NNI_Substep_27] - Distance: 210.0000
(((((22,5),((28,(4,((25,9),(3,20)))),16)),29),(((1,(14,17)),((((11,27),26),(19,(10,7))),12)),(2,((13,21),(6,(8,30)))))),(18,(24,(15,23))));

STEP 51 [3sECR_IncrementalHeuristic_MP -> NNI_Substep_28] - Distance: 210.0000
(((((22,5),((28,(4,((25,9),(3,20)))),16)),29),((((1,(14,17)),((((11,27),26),(19,(10,7))),12)),((13,21),(6,(8,30)))),2)),(18,(24,(15,23))));

STEP 52 [3sECR_IncrementalHeuristic_MP -> NNI_Substep_29] - Distance: 204.0000
(((((22,5),((28,(4,((25,9),(3,20)))),16)),29),(((1,(14,17)),(((((11,27),26),(19,(10,7))),12),((13,21),(6,(8,30))))),2)),(18,(24,(15,23))));

STEP 53 [3sECR_IncrementalHeuristic_MP -> NNI_Substep_30] - Distance: 196.0000
((((((22,5),((28,(4,((25,9),(3,20)))),16)),29),2),((1,(14,17)),(((((11,27),26),(19,(10,7))),12),((13,21),(6,(8,30)))))),(18,(24,(15,23))));

STEP 54 [3sECR_IncrementalHeuristic_MP -> NNI_Substep_31] - Distance: 196.0000
((((((22,5),((28,(4,((25,9),(3,20)))),16)),29),2),((1,(14,17)),(((((11,27),26),(19,(10,7))),12),(((6,(8,30)),21),13)))),(18,(24,(15,23))));

STEP 55 [3sECR_IncrementalHeuristic_MP -> NNI_Substep_32] - Distance: 193.0000
((((((22,5),((28,(4,((25,9),(3,20)))),16)),29),2),((1,(14,17)),(((((11,27),26),(19,(10,7))),(((6,(8,30)),21),13)),12))),(18,(24,(15,23))));

STEP 56 [3sECR_IncrementalHeuristic_MP -> NNI_Substep_33] - Distance: 189.0000
((((((22,5),((28,(4,((25,9),(3,20)))),16)),29),2),((1,(14,17)),((((((11,27),26),(19,(10,7))),13),((6,(8,30)),21)),12))),(18,(24,(15,23))));

STEP 57 [3sECR_IncrementalHeuristic_MP -> NNI_Substep_34] - Distance: 188.0000
((((2,(((28,(4,((25,9),(3,20)))),16),(22,5))),29),((1,(14,17)),((((((11,27),26),(19,(10,7))),13),((6,(8,30)),21)),12))),(18,(24,(15,23))));

STEP 58 [3sECR_IncrementalHeuristic_MP -> NNI_Substep_35] - Distance: 186.0000
(((((2,(22,5)),((28,(4,((25,9),(3,20)))),16)),29),((1,(14,17)),((((((11,27),26),(19,(10,7))),13),((6,(8,30)),21)),12))),(18,(24,(15,23))));

STEP 59 [3sECR_IncrementalHeuristic_MP -> NNI_Substep_36] - Distance: 185.0000
((((((2,5),22),((28,(4,((25,9),(3,20)))),16)),29),((1,(14,17)),((((((11,27),26),(19,(10,7))),13),((6,(8,30)),21)),12))),(18,(24,(15,23))));

STEP 60 [3sECR_IncrementalHeuristic_MP -> NNI_Substep_37] - Distance: 194.0000
((18,(24,(15,23))),(((((2,5),22),((28,(4,((25,9),(3,20)))),16)),29),((((((((11,27),26),(19,(10,7))),13),((6,(8,30)),21)),12),1),(14,17))));

STEP 61 [3sECR_IncrementalHeuristic_MP -> NNI_Substep_38] - Distance: 198.0000
((18,(24,(15,23))),((((((2,5),22),((28,(4,((25,9),(3,20)))),16)),29),(((((((11,27),26),(19,(10,7))),13),((6,(8,30)),21)),12),1)),(14,17)));

STEP 62 [3sECR_IncrementalHeuristic_MP -> NNI_Substep_39] - Distance: 181.0000
((((18,(24,(15,23))),14),17),(((((2,5),22),((28,(4,((25,9),(3,20)))),16)),29),(((((((11,27),26),(19,(10,7))),13),((6,(8,30)),21)),12),1)));

STEP 63 [3sECR_IncrementalHeuristic_MP -> NNI_Substep_40] - Distance: 170.0000
(((18,(24,(15,23))),14),((17,(((((((11,27),26),(19,(10,7))),13),((6,(8,30)),21)),12),1)),((((2,5),22),((28,(4,((25,9),(3,20)))),16)),29)));

STEP 64 [3sECR_IncrementalHeuristic_MP -> NNI_Substep_41] - Distance: 161.0000
(((18,(24,(15,23))),14),(((17,1),(12,(((((11,27),26),(19,(10,7))),13),((6,(8,30)),21)))),((((2,5),22),((28,(4,((25,9),(3,20)))),16)),29)));

STEP 65 [3sECR_IncrementalHeuristic_MP -> NNI_Substep_42] - Distance: 160.0000
(((14,(24,(15,23))),18),(((17,1),(12,(((((11,27),26),(19,(10,7))),13),((6,(8,30)),21)))),((((2,5),22),((28,(4,((25,9),(3,20)))),16)),29)));

STEP 66 [3sECR_IncrementalHeuristic_MP -> NNI_Substep_43] - Distance: 158.0000
((((14,24),(15,23)),18),(((17,1),(12,(((((11,27),26),(19,(10,7))),13),((6,(8,30)),21)))),((((2,5),22),((28,(4,((25,9),(3,20)))),16)),29)));

STEP 67 [3sECR_IncrementalHeuristic_MP -> NNI_Substep_44] - Distance: 158.0000
((((14,24),(15,23)),18),(((17,1),(12,((13,(((11,27),26),((19,7),10))),((6,(8,30)),21)))),((((2,5),22),((28,(4,((25,9),(3,20)))),16)),29)));

STEP 68 [3sECR_IncrementalHeuristic_MP -> NNI_Substep_45] - Distance: 158.0000
((((14,24),(15,23)),18),(((17,1),(12,((13,((((11,27),26),10),(19,7))),((6,(8,30)),21)))),((((2,5),22),((28,(4,((25,9),(3,20)))),16)),29)));

STEP 69 [3sECR_IncrementalHeuristic_MP -> NNI_Substep_46] - Distance: 155.0000
((((14,24),(15,23)),18),(((17,1),(12,(((13,(19,7)),(((11,27),26),10)),((6,(8,30)),21)))),((((2,5),22),((28,(4,((25,9),(3,20)))),16)),29)));

STEP 70 [3sECR_IncrementalHeuristic_MP -> NNI_Substep_47] - Distance: 155.0000
((((14,24),(15,23)),18),(((17,1),(12,(((13,(19,7)),(((11,27),26),10)),(21,((6,30),8))))),((((2,5),22),((28,(4,((25,9),(3,20)))),16)),29)));

STEP 71 [3sECR_IncrementalHeuristic_MP -> NNI_Substep_48] - Distance: 155.0000
((((14,24),(15,23)),18),(((17,1),(12,(((13,(19,7)),(((11,27),26),10)),((21,8),(6,30))))),((((2,5),22),((28,(4,((25,9),(3,20)))),16)),29)));

STEP 72 [3sECR_IncrementalHeuristic_MP -> NNI_Substep_49] - Distance: 154.0000
((((14,24),(15,23)),18),(((17,1),(12,((((13,(19,7)),(((11,27),26),10)),(21,8)),(6,30)))),((((2,5),22),((28,(4,((25,9),(3,20)))),16)),29)));

STEP 73 [3sECR_IncrementalHeuristic_MP -> NNI_Substep_50] - Distance: 154.0000
((((14,24),(15,23)),18),(((((2,5),22),((28,(4,((25,9),(3,20)))),16)),29),((17,1),((12,(((13,(19,7)),(((11,27),26),10)),(21,8))),(6,30)))));

STEP 74 [3sECR_IncrementalHeuristic_MP -> NNI_Substep_51] - Distance: 154.0000
((((14,24),(15,23)),18),(((((2,5),22),((28,(4,((25,9),(3,20)))),16)),29),(((17,1),(12,(((13,(19,7)),(((11,27),26),10)),(21,8)))),(6,30))));

STEP 75 [3sECR_IncrementalHeuristic_MP -> NNI_Substep_52] - Distance: 147.0000
((((14,24),(15,23)),18),((((((2,5),22),((28,(4,((25,9),(3,20)))),16)),29),(6,30)),((17,1),(12,(((13,(19,7)),(((11,27),26),10)),(21,8))))));

STEP 76 [3sECR_IncrementalHeuristic_MP -> NNI_Substep_53] - Distance: 147.0000
((((14,24),(15,23)),18),(((17,1),(12,(((13,(19,7)),(((11,27),26),10)),(21,8)))),((((((2,5),22),((28,(4,((25,9),(3,20)))),16)),29),6),30)));

STEP 77 [3sECR_IncrementalHeuristic_MP -> NNI_Substep_54] - Distance: 146.0000
((((14,24),(15,23)),18),((((17,1),(12,(((13,(19,7)),(((11,27),26),10)),(21,8)))),(((((2,5),22),((28,(4,((25,9),(3,20)))),16)),29),6)),30));

STEP 78 [3sECR_IncrementalHeuristic_MP -> NNI_Substep_55] - Distance: 121.0000
(((((14,24),(15,23)),18),30),(((17,1),(12,(((13,(19,7)),(((11,27),26),10)),(21,8)))),((6,(((28,(4,((25,9),(3,20)))),16),((2,5),22))),29)));

STEP 79 [3sECR_IncrementalHeuristic_MP -> NNI_Substep_56] - Distance: 119.0000
(((((14,24),(15,23)),18),30),(((17,1),(12,(((13,(19,7)),(((11,27),26),10)),(21,8)))),(((6,((2,5),22)),((28,(4,((25,9),(3,20)))),16)),29)));

STEP 80 [3sECR_IncrementalHeuristic_MP -> NNI_Substep_57] - Distance: 117.0000
(((((14,24),(15,23)),18),30),(((17,1),(12,(((13,(19,7)),(((11,27),26),10)),(21,8)))),((((6,22),(2,5)),((28,(4,((25,9),(3,20)))),16)),29)));

STEP 81 [3sECR_IncrementalHeuristic_MP -> NNI_Substep_58] - Distance: 116.0000
(((30,((14,24),(15,23))),18),(((17,1),(12,(((13,(19,7)),(((11,27),26),10)),(21,8)))),((((6,22),(2,5)),((28,(4,((25,9),(3,20)))),16)),29)));

STEP 82 [3sECR_IncrementalHeuristic_MP -> NNI_Substep_59] - Distance: 114.0000
((((30,(15,23)),(14,24)),18),(((17,1),(12,(((13,(19,7)),(((11,27),26),10)),(21,8)))),((((6,22),(2,5)),((28,(4,((25,9),(3,20)))),16)),29)));

STEP 83 [Heur. rSPR MP -> NNI_Substep_1] - Distance: 114.0000
((((30,(15,23)),(14,24)),18),(((17,1),(12,((((13,(19,7)),((11,27),26)),10),(21,8)))),((((6,22),(2,5)),((28,(4,((25,9),(3,20)))),16)),29)));

STEP 84 [Heur. rSPR MP -> NNI_Substep_2] - Distance: 114.0000
((((30,(15,23)),(14,24)),18),(((17,1),(12,((((13,(19,7)),((11,27),26)),(21,8)),10))),((((6,22),(2,5)),((28,(4,((25,9),(3,20)))),16)),29)));

STEP 85 [Heur. rSPR MP -> NNI_Substep_3] - Distance: 114.0000
((((30,(15,23)),(14,24)),18),(((17,1),((12,(((13,(19,7)),((11,27),26)),(21,8))),10)),((((6,22),(2,5)),((28,(4,((25,9),(3,20)))),16)),29)));

STEP 86 [Heur. rSPR MP -> NNI_Substep_4] - Distance: 114.0000
((((30,(15,23)),(14,24)),18),((((17,1),(12,(((13,(19,7)),((11,27),26)),(21,8)))),10),((((6,22),(2,5)),((28,(4,((25,9),(3,20)))),16)),29)));

STEP 87 [Heur. rSPR MP -> NNI_Substep_5] - Distance: 114.0000
((((30,(15,23)),(14,24)),18),((((17,1),(12,(((13,(19,7)),((11,27),26)),(21,8)))),((((6,22),(2,5)),((28,(4,((25,9),(3,20)))),16)),29)),10));

STEP 88 [Heur. rSPR MP -> NNI_Substep_6] - Distance: 88.0000
(((((30,(15,23)),(14,24)),10),18),(((17,1),(12,(((13,(19,7)),((11,27),26)),(21,8)))),((((6,22),(2,5)),((28,(4,((25,9),(3,20)))),16)),29)));

STEP 89 [Heur. rSPR MP -> NNI_Substep_7] - Distance: 86.0000
(((((30,(15,23)),10),(14,24)),18),(((17,1),(12,(((13,(19,7)),((11,27),26)),(21,8)))),((((6,22),(2,5)),((28,(4,((25,9),(3,20)))),16)),29)));

STEP 90 [Heur. rSPR MP -> NNI_Substep_8] - Distance: 85.0000
((((30,((15,23),10)),(14,24)),18),(((17,1),(12,(((13,(19,7)),((11,27),26)),(21,8)))),((((6,22),(2,5)),((28,(4,((25,9),(3,20)))),16)),29)));

STEP 91 [Heur. rSPR MP -> NNI_Substep_9] - Distance: 86.0000
((((30,((15,23),10)),(14,24)),18),(((17,1),(12,(((13,(19,7)),((11,27),26)),(21,8)))),((((6,22),(2,5)),(((28,((25,9),(3,20))),4),16)),29)));

STEP 92 [Heur. rSPR MP -> NNI_Substep_10] - Distance: 86.0000
((((30,((15,23),10)),(14,24)),18),(((17,1),(12,(((13,(19,7)),((11,27),26)),(21,8)))),((((6,22),(2,5)),(((28,((25,9),(3,20))),16),4)),29)));

STEP 93 [Heur. rSPR MP -> NNI_Substep_11] - Distance: 86.0000
((((30,((15,23),10)),(14,24)),18),(((17,1),(12,(((13,(19,7)),((11,27),26)),(21,8)))),(((((6,22),(2,5)),((28,((25,9),(3,20))),16)),4),29)));

STEP 94 [Heur. rSPR MP -> NNI_Substep_12] - Distance: 86.0000
((((30,((15,23),10)),(14,24)),18),(((17,1),(12,(((13,(19,7)),((11,27),26)),(21,8)))),(((((6,22),(2,5)),((28,((25,9),(3,20))),16)),29),4)));

STEP 95 [Heur. rSPR MP -> NNI_Substep_13] - Distance: 83.0000
((((30,((15,23),10)),(14,24)),18),((((17,1),(12,(((13,(19,7)),((11,27),26)),(21,8)))),((((6,22),(2,5)),((28,((25,9),(3,20))),16)),29)),4));

STEP 96 [Heur. rSPR MP -> NNI_Substep_14] - Distance: 75.0000
((((30,((15,23),10)),(14,24)),18),((((17,1),(12,(((13,(19,7)),((11,27),26)),(21,8)))),4),((((6,22),(2,5)),((28,((25,9),(3,20))),16)),29)));

STEP 97 [Heur. rSPR MP -> NNI_Substep_15] - Distance: 73.0000
((((30,((15,23),10)),(14,24)),18),(((17,1),((12,(((13,(19,7)),((11,27),26)),(21,8))),4)),((((6,22),(2,5)),((28,((25,9),(3,20))),16)),29)));

STEP 98 [Heur. rSPR MP -> NNI_Substep_16] - Distance: 72.0000
((((30,((15,23),10)),(14,24)),18),(((17,1),(12,((((13,(19,7)),((11,27),26)),(21,8)),4))),((((6,22),(2,5)),((28,((25,9),(3,20))),16)),29)));

STEP 99 [Heur. rSPR MP -> NNI_Substep_17] - Distance: 70.0000
((((30,((15,23),10)),(14,24)),18),(((17,1),(12,((((13,(19,7)),((11,27),26)),4),(21,8)))),((((6,22),(2,5)),((28,((25,9),(3,20))),16)),29)));

STEP 100 [Heur. rSPR MP -> NNI_Substep_18] - Distance: 67.0000
((((30,((15,23),10)),(14,24)),18),(((17,1),(12,((((13,(19,7)),4),((11,27),26)),(21,8)))),((((6,22),(2,5)),((28,((25,9),(3,20))),16)),29)));

STEP 101 [Heur. rSPR MP -> NNI_Substep_19] - Distance: 67.0000
((((30,((15,23),10)),(14,24)),18),(((17,1),(12,((((13,(19,7)),4),((11,27),26)),(21,8)))),((((6,22),(2,5)),((28,((25,(3,20)),9)),16)),29)));

STEP 102 [Heur. rSPR MP -> NNI_Substep_20] - Distance: 68.0000
((((30,((15,23),10)),(14,24)),18),(((17,1),(12,((((13,(19,7)),4),((11,27),26)),(21,8)))),((((6,22),(2,5)),(((28,(25,(3,20))),9),16)),29)));

STEP 103 [Heur. rSPR MP -> NNI_Substep_21] - Distance: 68.0000
((((30,((15,23),10)),(14,24)),18),(((17,1),(12,((((13,(19,7)),4),((11,27),26)),(21,8)))),((((6,22),(2,5)),(((28,(25,(3,20))),16),9)),29)));

STEP 104 [Heur. rSPR MP -> NNI_Substep_22] - Distance: 68.0000
((((30,((15,23),10)),(14,24)),18),(((17,1),(12,((((13,(19,7)),4),((11,27),26)),(21,8)))),(((((6,22),(2,5)),((28,(25,(3,20))),16)),9),29)));

STEP 105 [Heur. rSPR MP -> NNI_Substep_23] - Distance: 68.0000
((((30,((15,23),10)),(14,24)),18),(((17,1),(12,((((13,(19,7)),4),((11,27),26)),(21,8)))),(((((6,22),(2,5)),((28,(25,(3,20))),16)),29),9)));

STEP 106 [Heur. rSPR MP -> NNI_Substep_24] - Distance: 67.0000
((((30,((15,23),10)),(14,24)),18),((((17,1),(12,((((13,(19,7)),4),((11,27),26)),(21,8)))),((((6,22),(2,5)),((28,(25,(3,20))),16)),29)),9));

STEP 107 [Heur. rSPR MP -> NNI_Substep_25] - Distance: 59.0000
((((30,((15,23),10)),(14,24)),18),((((17,1),(12,((((13,(19,7)),4),((11,27),26)),(21,8)))),9),((((6,22),(2,5)),((28,(25,(3,20))),16)),29)));

STEP 108 [Heur. rSPR MP -> NNI_Substep_26] - Distance: 57.0000
((((30,((15,23),10)),(14,24)),18),(((17,1),((12,((((13,(19,7)),4),((11,27),26)),(21,8))),9)),((((6,22),(2,5)),((28,(25,(3,20))),16)),29)));

STEP 109 [Heur. rSPR MP -> NNI_Substep_27] - Distance: 56.0000
((((30,((15,23),10)),(14,24)),18),(((17,1),(12,(((((13,(19,7)),4),((11,27),26)),(21,8)),9))),((((6,22),(2,5)),((28,(25,(3,20))),16)),29)));

STEP 110 [Heur. rSPR MP -> NNI_Substep_28] - Distance: 49.0000
((((30,((15,23),10)),(14,24)),18),(((17,1),(12,((((13,(19,7)),4),((11,27),26)),((21,8),9)))),((((6,22),(2,5)),((28,(25,(3,20))),16)),29)));

STEP 111 [Heur. rSPR MP -> NNI_Substep_29] - Distance: 48.0000
((((30,((15,23),10)),(14,24)),18),(((17,1),(12,((((13,(19,7)),4),((11,27),26)),((21,9),8)))),((((6,22),(2,5)),((28,(25,(3,20))),16)),29)));

STEP 112 [Heur. rSPR MP -> NNI_Substep_30] - Distance: 48.0000
((((30,((15,23),10)),(14,24)),18),(((17,1),(12,((((13,(19,7)),4),((11,27),26)),((21,9),8)))),((((6,22),(2,5)),(((25,(3,20)),16),28)),29)));

STEP 113 [Heur. rSPR MP -> NNI_Substep_31] - Distance: 48.0000
((((30,((15,23),10)),(14,24)),18),(((17,1),(12,((((13,(19,7)),4),((11,27),26)),((21,9),8)))),(((((6,22),(2,5)),((25,(3,20)),16)),28),29)));

STEP 114 [Heur. rSPR MP -> NNI_Substep_32] - Distance: 48.0000
((((30,((15,23),10)),(14,24)),18),(((17,1),(12,((((13,(19,7)),4),((11,27),26)),((21,9),8)))),(((((6,22),(2,5)),((25,(3,20)),16)),29),28)));

STEP 115 [Heur. rSPR MP -> NNI_Substep_33] - Distance: 38.0000
((((30,((15,23),10)),(14,24)),18),((((17,1),(12,((((13,(19,7)),4),((11,27),26)),((21,9),8)))),((((6,22),(2,5)),((25,(3,20)),16)),29)),28));

STEP 116 [Heur. rSPR MP -> NNI_Substep_34] - Distance: 31.0000
((((30,((15,23),10)),(14,24)),18),((((17,1),(12,((((13,(19,7)),4),((11,27),26)),((21,9),8)))),28),((((6,22),(2,5)),((25,(3,20)),16)),29)));

STEP 117 [Heur. rSPR MP -> NNI_Substep_35] - Distance: 29.0000
((((30,((15,23),10)),(14,24)),18),(((17,1),((12,((((13,(19,7)),4),((11,27),26)),((21,9),8))),28)),((((6,22),(2,5)),((25,(3,20)),16)),29)));

STEP 118 [Heur. rSPR MP -> NNI_Substep_36] - Distance: 28.0000
((((30,((15,23),10)),(14,24)),18),(((17,1),(12,(((((13,(19,7)),4),((11,27),26)),((21,9),8)),28))),((((6,22),(2,5)),((25,(3,20)),16)),29)));

STEP 119 [Heur. rSPR MP -> NNI_Substep_37] - Distance: 28.0000
((((30,((15,23),10)),(14,24)),18),(((17,1),(12,(((((13,(19,7)),4),((11,27),26)),((21,9),8)),28))),((((6,22),(2,5)),(((25,3),20),16)),29)));

STEP 120 [Heur. rSPR MP -> NNI_Substep_38] - Distance: 28.0000
((((30,((15,23),10)),(14,24)),18),(((17,1),(12,(((((13,(19,7)),4),((11,27),26)),((21,9),8)),28))),((((6,22),(2,5)),(((25,3),16),20)),29)));

STEP 121 [Heur. rSPR MP -> NNI_Substep_39] - Distance: 28.0000
((((30,((15,23),10)),(14,24)),18),(((17,1),(12,(((((13,(19,7)),4),((11,27),26)),((21,9),8)),28))),(((((6,22),(2,5)),((25,3),16)),20),29)));

STEP 122 [Heur. rSPR MP -> NNI_Substep_40] - Distance: 28.0000
((((30,((15,23),10)),(14,24)),18),(((17,1),(12,(((((13,(19,7)),4),((11,27),26)),((21,9),8)),28))),(((((6,22),(2,5)),((25,3),16)),29),20)));

STEP 123 [Heur. rSPR MP -> NNI_Substep_41] - Distance: 27.0000
((((30,((15,23),10)),(14,24)),18),((((17,1),(12,(((((13,(19,7)),4),((11,27),26)),((21,9),8)),28))),((((6,22),(2,5)),((25,3),16)),29)),20));

STEP 124 [Heur. rSPR MP -> NNI_Substep_42] - Distance: 19.0000
((((30,((15,23),10)),(14,24)),18),((((17,1),(12,(((((13,(19,7)),4),((11,27),26)),((21,9),8)),28))),20),((((6,22),(2,5)),((25,3),16)),29)));

STEP 125 [Heur. rSPR MP -> NNI_Substep_43] - Distance: 17.0000
((((30,((15,23),10)),(14,24)),18),(((17,1),((12,(((((13,(19,7)),4),((11,27),26)),((21,9),8)),28)),20)),((((6,22),(2,5)),((25,3),16)),29)));

STEP 126 [Heur. rSPR MP -> NNI_Substep_44] - Distance: 16.0000
((((30,((15,23),10)),(14,24)),18),(((17,1),(12,((((((13,(19,7)),4),((11,27),26)),((21,9),8)),28),20))),((((6,22),(2,5)),((25,3),16)),29)));

STEP 127 [Heur. rSPR MP -> NNI_Substep_45] - Distance: 15.0000
((((30,((15,23),10)),(14,24)),18),(((17,1),(12,((((((13,(19,7)),4),((11,27),26)),((21,9),8)),20),28))),((((6,22),(2,5)),((25,3),16)),29)));

STEP 128 [Heur. rSPR MP -> NNI_Substep_46] - Distance: 12.0000
((((30,((15,23),10)),(14,24)),18),(((17,1),(12,((((((13,(19,7)),4),((11,27),26)),20),((21,9),8)),28))),((((6,22),(2,5)),((25,3),16)),29)));

STEP 129 [Heur. rSPR MP -> NNI_Substep_47] - Distance: 8.0000
((((30,((15,23),10)),(14,24)),18),(((17,1),(12,(((((13,(19,7)),4),(((11,27),26),20)),((21,9),8)),28))),((((6,22),(2,5)),((25,3),16)),29)));

STEP 130 [Heur. rSPR MP -> NNI_Substep_48] - Distance: 7.0000
((((30,((15,23),10)),(14,24)),18),(((17,1),(12,(((((13,(19,7)),4),(((11,27),20),26)),((21,9),8)),28))),((((6,22),(2,5)),((25,3),16)),29)));

STEP 131 [Heur. rSPR MP -> NNI_Substep_49] - Distance: 6.0000
((((30,((15,23),10)),(14,24)),18),(((17,1),(12,(((((13,(19,7)),4),((11,(27,20)),26)),((21,9),8)),28))),((((6,22),(2,5)),((25,3),16)),29)));

STEP 132 [Heur. rSPR MP -> NNI_Substep_50] - Distance: 6.0000
((((30,((15,23),10)),(14,24)),18),(((17,1),(12,(((((13,(19,7)),4),((11,(27,20)),26)),((21,9),8)),28))),((((6,22),(2,5)),((25,16),3)),29)));

STEP 133 [Heur. rSPR MP -> NNI_Substep_51] - Distance: 4.0000
((((30,((15,23),10)),(14,24)),18),(((17,1),(12,(((((13,(19,7)),4),((11,(27,20)),26)),((21,9),8)),28))),(((((6,22),(2,5)),(25,16)),3),29)));

STEP 134 [Heur. rSPR MP -> NNI_Substep_52] - Distance: 2.0000
((((30,((15,23),10)),(14,24)),18),(((17,1),(12,(((((13,(19,7)),4),((11,(27,20)),26)),((21,9),8)),28))),(((((6,22),(2,5)),3),(25,16)),29)));

STEP 135 [Heur. rSPR MP -> NNI_Substep_53] - Distance: 0.0000
((((30,((15,23),10)),(14,24)),18),(((17,1),(12,(((((13,(19,7)),4),((11,(27,20)),26)),((21,9),8)),28))),((((6,22),((2,5),3)),(25,16)),29)));

========================================================
[FINAL] Total Steps: 135 | Final Distance: 0.0000
========================================================
