========================================================
HEURISTIC TRAJECTORY: VND Incremental (MC)
========================================================
STEP 0 [START] - Distance: 143.0000
((((17,20),(1,15)),((29,(5,6)),(7,(27,13)))),((((10,((25,(28,2)),(16,21))),(23,(8,(18,(12,(22,4)))))),(30,24)),((3,(11,14)),(26,(9,19)))));

STEP 1 [NNI_IncrementalHeuristic_MC -> NNI_Substep_1] - Distance: 139.0000
((((17,20),(1,15)),((29,(5,6)),(7,(27,13)))),((((30,24),(23,(8,(18,(12,(22,4)))))),(10,((25,(28,2)),(16,21)))),((3,(11,14)),(26,(9,19)))));

STEP 2 [NNI_IncrementalHeuristic_MC -> NNI_Substep_2] - Distance: 136.0000
((((17,20),(1,15)),((29,(5,6)),(7,(27,13)))),(((23,((30,24),(8,(18,(12,(22,4)))))),(10,((25,(28,2)),(16,21)))),((3,(11,14)),(26,(9,19)))));

STEP 3 [NNI_IncrementalHeuristic_MC -> NNI_Substep_3] - Distance: 131.0000
(((23,(8,((30,24),(18,(12,(22,4)))))),(10,((25,(28,2)),(16,21)))),((((17,20),(1,15)),((29,(5,6)),(7,(27,13)))),((3,(11,14)),(26,(9,19)))));

STEP 4 [NNI_IncrementalHeuristic_MC -> NNI_Substep_4] - Distance: 129.0000
(((23,(8,((30,24),(18,(12,(22,4)))))),(10,((28,(25,2)),(16,21)))),((((17,20),(1,15)),((29,(5,6)),(7,(27,13)))),((3,(11,14)),(26,(9,19)))));

STEP 5 [NNI_IncrementalHeuristic_MC -> NNI_Substep_5] - Distance: 128.0000
(((23,(10,((28,(25,2)),(16,21)))),(8,((30,24),(18,(12,(22,4)))))),((((17,20),(1,15)),((29,(5,6)),(7,(27,13)))),((3,(11,14)),(26,(9,19)))));

STEP 6 [NNI_IncrementalHeuristic_MC -> NNI_Substep_6] - Distance: 125.0000
(((23,(10,((28,(25,2)),(16,21)))),(8,(18,((30,24),(12,(22,4)))))),((((17,20),(1,15)),((29,(5,6)),(7,(27,13)))),((3,(11,14)),(26,(9,19)))));

STEP 7 [NNI_IncrementalHeuristic_MC -> NNI_Substep_7] - Distance: 123.0000
(((10,(23,((28,(25,2)),(16,21)))),(8,(18,((30,24),(12,(22,4)))))),((((17,20),(1,15)),((29,(5,6)),(7,(27,13)))),((3,(11,14)),(26,(9,19)))));

STEP 8 [NNI_IncrementalHeuristic_MC -> NNI_Substep_8] - Distance: 122.0000
(((10,((16,21),((28,(25,2)),23))),(8,(18,((30,24),(12,(22,4)))))),((((17,20),(1,15)),((29,(5,6)),(7,(27,13)))),((3,(11,14)),(26,(9,19)))));

STEP 9 [NNI_IncrementalHeuristic_MC -> NNI_Substep_9] - Distance: 121.0000
((((16,21),(10,((28,(25,2)),23))),(8,(18,((30,24),(12,(22,4)))))),((((17,20),(1,15)),((29,(5,6)),(7,(27,13)))),((3,(11,14)),(26,(9,19)))));

STEP 10 [NNI_IncrementalHeuristic_MC -> NNI_Substep_10] - Distance: 120.0000
((((16,21),(10,((28,(25,2)),23))),(8,(18,(12,((30,24),(22,4)))))),((((17,20),(1,15)),((29,(5,6)),(7,(27,13)))),((3,(11,14)),(26,(9,19)))));

STEP 11 [NNI_IncrementalHeuristic_MC -> NNI_Substep_11] - Distance: 119.0000
((((16,21),(10,((28,(25,2)),23))),(8,(18,(12,(((22,4),24),30))))),((((17,20),(1,15)),((29,(5,6)),(7,(27,13)))),((3,(11,14)),(26,(9,19)))));

STEP 12 [NNI_IncrementalHeuristic_MC -> NNI_Substep_12] - Distance: 117.0000
((((16,21),(10,((28,(25,2)),23))),(8,(18,(12,(((22,24),4),30))))),((((17,20),(1,15)),((29,(5,6)),(7,(27,13)))),((3,(11,14)),(26,(9,19)))));

STEP 13 [TBR_IncrementalHeuristic_MC -> NNI_Substep_1] - Distance: 119.0000
((((16,21),(10,((28,(25,2)),23))),(8,(18,(12,(((22,24),4),30))))),((((17,20),(1,15)),(((29,(5,6)),(27,13)),7)),((3,(11,14)),(26,(9,19)))));

STEP 14 [TBR_IncrementalHeuristic_MC -> NNI_Substep_2] - Distance: 122.0000
((((16,21),(10,((28,(25,2)),23))),(8,(18,(12,(((22,24),4),30))))),(((((17,20),(1,15)),((29,(5,6)),(27,13))),7),((3,(11,14)),(26,(9,19)))));

STEP 15 [TBR_IncrementalHeuristic_MC -> NNI_Substep_3] - Distance: 121.0000
((((16,21),(10,((28,(25,2)),23))),(8,(18,(12,(((22,24),4),30))))),(((((17,20),(1,15)),((29,(5,6)),(27,13))),((3,(11,14)),(26,(9,19)))),7));

STEP 16 [TBR_IncrementalHeuristic_MC -> NNI_Substep_4] - Distance: 116.0000
((((16,21),(10,((28,(25,2)),23))),((8,(18,(12,(((22,24),4),30)))),7)),((((17,20),(1,15)),((29,(5,6)),(27,13))),((3,(11,14)),(26,(9,19)))));

STEP 17 [TBR_IncrementalHeuristic_MC -> NNI_Substep_5] - Distance: 114.0000
((((16,21),(10,((28,(25,2)),23))),(8,((18,(12,(((22,24),4),30))),7))),((((17,20),(1,15)),((29,(5,6)),(27,13))),((3,(11,14)),(26,(9,19)))));

STEP 18 [TBR_IncrementalHeuristic_MC -> NNI_Substep_6] - Distance: 112.0000
((((16,21),(10,((28,(25,2)),23))),(8,(18,((12,(((22,24),4),30)),7)))),((((17,20),(1,15)),((29,(5,6)),(27,13))),((3,(11,14)),(26,(9,19)))));

STEP 19 [TBR_IncrementalHeuristic_MC -> NNI_Substep_7] - Distance: 107.0000
((((16,21),(10,((28,(25,2)),23))),(8,(18,((12,7),(((22,24),4),30))))),((((17,20),(1,15)),((29,(5,6)),(27,13))),((3,(11,14)),(26,(9,19)))));

STEP 20 [TBR_IncrementalHeuristic_MC -> NNI_Substep_8] - Distance: 108.0000
((((16,21),(10,((28,(25,2)),23))),(8,(18,((12,7),(((22,24),4),30))))),((((17,(1,15)),20),((29,(5,6)),(27,13))),((3,(11,14)),(26,(9,19)))));

STEP 21 [TBR_IncrementalHeuristic_MC -> NNI_Substep_9] - Distance: 112.0000
((((16,21),(10,((28,(25,2)),23))),(8,(18,((12,7),(((22,24),4),30))))),((((17,(1,15)),((29,(5,6)),(27,13))),20),((3,(11,14)),(26,(9,19)))));

STEP 22 [TBR_IncrementalHeuristic_MC -> NNI_Substep_10] - Distance: 111.0000
((((16,21),(10,((28,(25,2)),23))),(8,(18,((12,7),(((22,24),4),30))))),((((17,(1,15)),((29,(5,6)),(27,13))),((3,(11,14)),(26,(9,19)))),20));

STEP 23 [TBR_IncrementalHeuristic_MC -> NNI_Substep_11] - Distance: 106.0000
((((16,21),(10,((28,(25,2)),23))),((8,(18,((12,7),(((22,24),4),30)))),20)),(((17,(1,15)),((29,(5,6)),(27,13))),((3,(11,14)),(26,(9,19)))));

STEP 24 [TBR_IncrementalHeuristic_MC -> NNI_Substep_12] - Distance: 104.0000
((((16,21),(10,((28,(25,2)),23))),(8,((18,((12,7),(((22,24),4),30))),20))),(((17,(1,15)),((29,(5,6)),(27,13))),((3,(11,14)),(26,(9,19)))));

STEP 25 [TBR_IncrementalHeuristic_MC -> NNI_Substep_13] - Distance: 102.0000
((((16,21),(10,((28,(25,2)),23))),(8,(18,(((12,7),(((22,24),4),30)),20)))),(((17,(1,15)),((29,(5,6)),(27,13))),((3,(11,14)),(26,(9,19)))));

STEP 26 [TBR_IncrementalHeuristic_MC -> NNI_Substep_14] - Distance: 97.0000
((((16,21),(10,((28,(25,2)),23))),(8,(18,(((12,7),20),(((22,24),4),30))))),(((17,(1,15)),((29,(5,6)),(27,13))),((3,(11,14)),(26,(9,19)))));

STEP 27 [TBR_IncrementalHeuristic_MC -> NNI_Substep_15] - Distance: 97.0000
((((16,21),(10,((28,(25,2)),23))),(8,(18,(((12,7),20),(((22,24),4),30))))),(((17,(1,15)),((29,(5,6)),(27,13))),((3,(11,14)),((26,9),19))));

STEP 28 [TBR_IncrementalHeuristic_MC -> NNI_Substep_16] - Distance: 99.0000
((((16,21),(10,((28,(25,2)),23))),(8,(18,(((12,7),20),(((22,24),4),30))))),(((17,(1,15)),((29,(5,6)),(27,13))),(((3,(11,14)),(26,9)),19)));

STEP 29 [TBR_IncrementalHeuristic_MC -> NNI_Substep_17] - Distance: 102.0000
((((16,21),(10,((28,(25,2)),23))),(8,(18,(((12,7),20),(((22,24),4),30))))),((((17,(1,15)),((29,(5,6)),(27,13))),((3,(11,14)),(26,9))),19));

STEP 30 [TBR_IncrementalHeuristic_MC -> NNI_Substep_18] - Distance: 99.0000
((((16,21),(10,((28,(25,2)),23))),((8,(18,(((12,7),20),(((22,24),4),30)))),19)),(((17,(1,15)),((29,(5,6)),(27,13))),((3,(11,14)),(26,9))));

STEP 31 [TBR_IncrementalHeuristic_MC -> NNI_Substep_19] - Distance: 97.0000
((((16,21),(10,((28,(25,2)),23))),(8,((18,(((12,7),20),(((22,24),4),30))),19))),(((17,(1,15)),((29,(5,6)),(27,13))),((3,(11,14)),(26,9))));

STEP 32 [TBR_IncrementalHeuristic_MC -> NNI_Substep_20] - Distance: 95.0000
((((16,21),(10,((28,(25,2)),23))),(8,(18,((((12,7),20),(((22,24),4),30)),19)))),(((17,(1,15)),((29,(5,6)),(27,13))),((3,(11,14)),(26,9))));

STEP 33 [TBR_IncrementalHeuristic_MC -> NNI_Substep_21] - Distance: 90.0000
((((16,21),(10,((28,(25,2)),23))),(8,(18,((((12,7),20),19),(((22,24),4),30))))),(((17,(1,15)),((29,(5,6)),(27,13))),((3,(11,14)),(26,9))));

STEP 34 [TBR_IncrementalHeuristic_MC -> NNI_Substep_22] - Distance: 88.0000
((((16,21),(10,((28,(25,2)),23))),(8,(18,((((12,7),19),20),(((22,24),4),30))))),(((17,(1,15)),((29,(5,6)),(27,13))),((3,(11,14)),(26,9))));

STEP 35 [TBR_IncrementalHeuristic_MC -> NNI_Substep_23] - Distance: 86.0000
((((16,21),(10,((28,(25,2)),23))),(8,(18,((((12,19),7),20),(((22,24),4),30))))),(((17,(1,15)),((29,(5,6)),(27,13))),((3,(11,14)),(26,9))));

STEP 36 [TBR_IncrementalHeuristic_MC -> NNI_Substep_24] - Distance: 87.0000
((((16,21),(10,((28,(25,2)),23))),(8,(18,((((12,19),7),20),(((22,24),4),30))))),(((17,(1,15)),(((5,6),(27,13)),29)),((3,(11,14)),(26,9))));

STEP 37 [TBR_IncrementalHeuristic_MC -> NNI_Substep_25] - Distance: 89.0000
((((16,21),(10,((28,(25,2)),23))),(8,(18,((((12,19),7),20),(((22,24),4),30))))),((((17,(1,15)),((5,6),(27,13))),29),((3,(11,14)),(26,9))));

STEP 38 [TBR_IncrementalHeuristic_MC -> NNI_Substep_26] - Distance: 87.0000
((((16,21),(10,((28,(25,2)),23))),(8,(18,((((12,19),7),20),(((22,24),4),30))))),((((17,(1,15)),((5,6),(27,13))),((3,(11,14)),(26,9))),29));

STEP 39 [TBR_IncrementalHeuristic_MC -> NNI_Substep_27] - Distance: 85.0000
(((((16,21),(10,((28,(25,2)),23))),29),(8,(18,((((12,19),7),20),(((22,24),4),30))))),(((17,(1,15)),((5,6),(27,13))),((3,(11,14)),(26,9))));

STEP 40 [TBR_IncrementalHeuristic_MC -> NNI_Substep_28] - Distance: 82.0000
((((16,21),((10,((28,(25,2)),23)),29)),(8,(18,((((12,19),7),20),(((22,24),4),30))))),(((17,(1,15)),((5,6),(27,13))),((3,(11,14)),(26,9))));

STEP 41 [TBR_IncrementalHeuristic_MC -> NNI_Substep_29] - Distance: 82.0000
((((16,21),(10,(((28,(25,2)),23),29))),(8,(18,((((12,19),7),20),(((22,24),4),30))))),(((17,(1,15)),((5,6),(27,13))),((3,(11,14)),(26,9))));

STEP 42 [TBR_IncrementalHeuristic_MC -> NNI_Substep_30] - Distance: 80.0000
((((16,21),(10,(((28,(25,2)),29),23))),(8,(18,((((12,19),7),20),(((22,24),4),30))))),(((17,(1,15)),((5,6),(27,13))),((3,(11,14)),(26,9))));

STEP 43 [TBR_IncrementalHeuristic_MC -> NNI_Substep_31] - Distance: 78.0000
((((16,21),(10,((28,((25,2),29)),23))),(8,(18,((((12,19),7),20),(((22,24),4),30))))),(((17,(1,15)),((5,6),(27,13))),((3,(11,14)),(26,9))));

STEP 44 [TBR_IncrementalHeuristic_MC -> NNI_Substep_32] - Distance: 79.0000
(((((16,21),((28,((25,2),29)),23)),10),(8,(18,((((12,19),7),20),(((22,24),4),30))))),(((17,(1,15)),((5,6),(27,13))),((3,(11,14)),(26,9))));

STEP 45 [TBR_IncrementalHeuristic_MC -> NNI_Substep_33] - Distance: 84.0000
(((((16,21),((28,((25,2),29)),23)),(8,(18,((((12,19),7),20),(((22,24),4),30))))),10),(((17,(1,15)),((5,6),(27,13))),((3,(11,14)),(26,9))));

STEP 46 [TBR_IncrementalHeuristic_MC -> NNI_Substep_34] - Distance: 73.0000
((((16,21),((28,((25,2),29)),23)),(8,(18,((((12,19),7),20),(((22,24),4),30))))),(((17,(1,15)),((5,6),(27,13))),(((3,(11,14)),(26,9)),10)));

STEP 47 [TBR_IncrementalHeuristic_MC -> NNI_Substep_35] - Distance: 72.0000
((((16,21),((28,((25,2),29)),23)),(8,(18,((((12,19),7),20),(((22,24),4),30))))),(((17,(1,15)),((5,6),(27,13))),(((3,(11,14)),10),(26,9))));

STEP 48 [TBR_IncrementalHeuristic_MC -> NNI_Substep_36] - Distance: 69.0000
((((16,21),((28,((25,2),29)),23)),(8,(18,((((12,19),7),20),(((22,24),4),30))))),(((17,(1,15)),((5,6),(27,13))),(((3,10),(11,14)),(26,9))));

STEP 49 [TBR_IncrementalHeuristic_MC -> NNI_Substep_37] - Distance: 69.0000
((((16,21),((28,((25,2),29)),23)),(8,(18,((((12,19),7),20),(((22,24),4),30))))),((((17,15),1),((5,6),(27,13))),(((3,10),(11,14)),(26,9))));

STEP 50 [TBR_IncrementalHeuristic_MC -> NNI_Substep_38] - Distance: 72.0000
((((16,21),((28,((25,2),29)),23)),(8,(18,((((12,19),7),20),(((22,24),4),30))))),((((17,15),((5,6),(27,13))),1),(((3,10),(11,14)),(26,9))));

STEP 51 [TBR_IncrementalHeuristic_MC -> NNI_Substep_39] - Distance: 71.0000
((((16,21),((28,((25,2),29)),23)),(8,(18,((((12,19),7),20),(((22,24),4),30))))),((((17,15),((5,6),(27,13))),(((3,10),(11,14)),(26,9))),1));

STEP 52 [TBR_IncrementalHeuristic_MC -> NNI_Substep_40] - Distance: 69.0000
(((((16,21),((28,((25,2),29)),23)),1),(8,(18,((((12,19),7),20),(((22,24),4),30))))),(((17,15),((5,6),(27,13))),(((3,10),(11,14)),(26,9))));

STEP 53 [TBR_IncrementalHeuristic_MC -> NNI_Substep_41] - Distance: 66.0000
((((16,21),(((28,((25,2),29)),23),1)),(8,(18,((((12,19),7),20),(((22,24),4),30))))),(((17,15),((5,6),(27,13))),(((3,10),(11,14)),(26,9))));

STEP 54 [TBR_IncrementalHeuristic_MC -> NNI_Substep_42] - Distance: 64.0000
((((16,21),(((28,((25,2),29)),1),23)),(8,(18,((((12,19),7),20),(((22,24),4),30))))),(((17,15),((5,6),(27,13))),(((3,10),(11,14)),(26,9))));

STEP 55 [TBR_IncrementalHeuristic_MC -> NNI_Substep_43] - Distance: 62.0000
((((16,21),(((28,1),((25,2),29)),23)),(8,(18,((((12,19),7),20),(((22,24),4),30))))),(((17,15),((5,6),(27,13))),(((3,10),(11,14)),(26,9))));

STEP 56 [TBR_IncrementalHeuristic_MC -> NNI_Substep_44] - Distance: 63.0000
((((16,21),(((28,1),((25,2),29)),23)),(8,(18,((((12,19),7),20),(((22,24),4),30))))),(((17,15),((6,(27,13)),5)),(((3,10),(11,14)),(26,9))));

STEP 57 [TBR_IncrementalHeuristic_MC -> NNI_Substep_45] - Distance: 64.0000
((((16,21),(((28,1),((25,2),29)),23)),(8,(18,((((12,19),7),20),(((22,24),4),30))))),((((17,15),(6,(27,13))),5),(((3,10),(11,14)),(26,9))));

STEP 58 [TBR_IncrementalHeuristic_MC -> NNI_Substep_46] - Distance: 65.0000
((((16,21),(((28,1),((25,2),29)),23)),(8,(18,((((12,19),7),20),(((22,24),4),30))))),((((17,15),(6,(27,13))),(((3,10),(11,14)),(26,9))),5));

STEP 59 [TBR_IncrementalHeuristic_MC -> NNI_Substep_47] - Distance: 63.0000
((((16,21),(((28,1),((25,2),29)),23)),(8,(18,((((12,19),7),20),(((22,24),4),30))))),(((17,15),(6,(27,13))),((((3,10),(11,14)),(26,9)),5)));

STEP 60 [TBR_IncrementalHeuristic_MC -> NNI_Substep_48] - Distance: 58.0000
((((16,21),(((28,1),((25,2),29)),23)),(8,(18,((((12,19),7),20),(((22,24),4),30))))),(((17,15),(6,(27,13))),(((3,10),(11,14)),((26,9),5))));

STEP 61 [TBR_IncrementalHeuristic_MC -> NNI_Substep_49] - Distance: 56.0000
((((16,21),(((28,1),((25,2),29)),23)),(8,(18,((((12,19),7),20),(((22,24),4),30))))),(((17,15),(6,(27,13))),(((3,10),(11,14)),(26,(9,5)))));

STEP 62 [TBR_IncrementalHeuristic_MC -> NNI_Substep_50] - Distance: 61.0000
((((16,(((28,1),((25,2),29)),23)),21),(8,(18,((((12,19),7),20),(((22,24),4),30))))),(((17,15),(6,(27,13))),(((3,10),(11,14)),(26,(9,5)))));

STEP 63 [TBR_IncrementalHeuristic_MC -> NNI_Substep_51] - Distance: 68.0000
((((16,(((28,1),((25,2),29)),23)),(8,(18,((((12,19),7),20),(((22,24),4),30))))),21),(((17,15),(6,(27,13))),(((3,10),(11,14)),(26,(9,5)))));

STEP 64 [TBR_IncrementalHeuristic_MC -> NNI_Substep_52] - Distance: 62.0000
(((16,(((28,1),((25,2),29)),23)),((8,(18,((((12,19),7),20),(((22,24),4),30)))),21)),(((17,15),(6,(27,13))),(((3,10),(11,14)),(26,(9,5)))));

STEP 65 [TBR_IncrementalHeuristic_MC -> NNI_Substep_53] - Distance: 60.0000
(((16,(((28,1),((25,2),29)),23)),(8,((18,((((12,19),7),20),(((22,24),4),30))),21))),(((17,15),(6,(27,13))),(((3,10),(11,14)),(26,(9,5)))));

STEP 66 [TBR_IncrementalHeuristic_MC -> NNI_Substep_54] - Distance: 58.0000
(((16,(((28,1),((25,2),29)),23)),(8,(18,(((((12,19),7),20),(((22,24),4),30)),21)))),(((17,15),(6,(27,13))),(((3,10),(11,14)),(26,(9,5)))));

STEP 67 [TBR_IncrementalHeuristic_MC -> NNI_Substep_55] - Distance: 53.0000
(((16,(((28,1),((25,2),29)),23)),(8,(18,((((12,19),7),20),((((22,24),4),30),21))))),(((17,15),(6,(27,13))),(((3,10),(11,14)),(26,(9,5)))));

STEP 68 [TBR_IncrementalHeuristic_MC -> NNI_Substep_56] - Distance: 51.0000
(((16,(((28,1),((25,2),29)),23)),(8,(18,((((12,19),7),20),((((22,24),4),21),30))))),(((17,15),(6,(27,13))),(((3,10),(11,14)),(26,(9,5)))));

STEP 69 [TBR_IncrementalHeuristic_MC -> NNI_Substep_57] - Distance: 50.0000
(((16,(((28,1),((25,2),29)),23)),(8,(18,((((12,19),7),20),(((22,24),(4,21)),30))))),(((17,15),(6,(27,13))),(((3,10),(11,14)),(26,(9,5)))));

STEP 70 [TBR_IncrementalHeuristic_MC -> NNI_Substep_58] - Distance: 51.0000
(((16,(((28,1),((25,2),29)),23)),(8,(18,((((12,19),7),20),((((22,24),21),4),30))))),(((17,15),(6,(27,13))),(((3,10),(11,14)),(26,(9,5)))));

STEP 71 [TBR_IncrementalHeuristic_MC -> NNI_Substep_59] - Distance: 51.0000
(((16,(((28,1),((25,2),29)),23)),(8,(18,((((12,19),7),20),((((22,24),21),30),4))))),(((17,15),(6,(27,13))),(((3,10),(11,14)),(26,(9,5)))));

STEP 72 [TBR_IncrementalHeuristic_MC -> NNI_Substep_60] - Distance: 54.0000
(((16,(((28,1),((25,2),29)),23)),(8,(18,(((((12,19),7),20),(((22,24),21),30)),4)))),(((17,15),(6,(27,13))),(((3,10),(11,14)),(26,(9,5)))));

STEP 73 [TBR_IncrementalHeuristic_MC -> NNI_Substep_61] - Distance: 54.0000
(((16,(((28,1),((25,2),29)),23)),(8,((18,((((12,19),7),20),(((22,24),21),30))),4))),(((17,15),(6,(27,13))),(((3,10),(11,14)),(26,(9,5)))));

STEP 74 [TBR_IncrementalHeuristic_MC -> NNI_Substep_62] - Distance: 54.0000
(((16,(((28,1),((25,2),29)),23)),((8,(18,((((12,19),7),20),(((22,24),21),30)))),4)),(((17,15),(6,(27,13))),(((3,10),(11,14)),(26,(9,5)))));

STEP 75 [TBR_IncrementalHeuristic_MC -> NNI_Substep_63] - Distance: 60.0000
((((16,(((28,1),((25,2),29)),23)),(8,(18,((((12,19),7),20),(((22,24),21),30))))),4),(((17,15),(6,(27,13))),(((3,10),(11,14)),(26,(9,5)))));

STEP 76 [TBR_IncrementalHeuristic_MC -> NNI_Substep_64] - Distance: 45.0000
(((16,(((28,1),((25,2),29)),23)),(8,(18,((((12,19),7),20),(((22,24),21),30))))),((((17,15),(6,(27,13))),4),(((3,10),(11,14)),(26,(9,5)))));

STEP 77 [TBR_IncrementalHeuristic_MC -> NNI_Substep_65] - Distance: 44.0000
(((16,(((28,1),((25,2),29)),23)),(8,(18,((((12,19),7),20),(((22,24),21),30))))),(((17,15),((6,(27,13)),4)),(((3,10),(11,14)),(26,(9,5)))));

STEP 78 [TBR_IncrementalHeuristic_MC -> NNI_Substep_66] - Distance: 44.0000
(((16,(((28,1),((25,2),29)),23)),(8,(18,((((12,19),7),20),(((22,24),21),30))))),(((17,15),(6,((27,13),4))),(((3,10),(11,14)),(26,(9,5)))));

STEP 79 [TBR_IncrementalHeuristic_MC -> NNI_Substep_67] - Distance: 42.0000
(((16,(((28,1),((25,2),29)),23)),(8,(18,((((12,19),7),20),(((22,24),21),30))))),(((17,15),(6,(27,(13,4)))),(((3,10),(11,14)),(26,(9,5)))));

STEP 80 [TBR_IncrementalHeuristic_MC -> NNI_Substep_68] - Distance: 43.0000
(((16,(((28,1),((25,2),29)),23)),(8,(18,((((12,19),7),20),(((22,24),21),30))))),(((17,15),(6,(27,(13,4)))),(((10,(11,14)),3),(26,(9,5)))));

STEP 81 [TBR_IncrementalHeuristic_MC -> NNI_Substep_69] - Distance: 45.0000
(((16,(((28,1),((25,2),29)),23)),(8,(18,((((12,19),7),20),(((22,24),21),30))))),(((17,15),(6,(27,(13,4)))),(((10,(11,14)),(26,(9,5))),3)));

STEP 82 [TBR_IncrementalHeuristic_MC -> NNI_Substep_70] - Distance: 48.0000
(((16,(((28,1),((25,2),29)),23)),(8,(18,((((12,19),7),20),(((22,24),21),30))))),((((17,15),(6,(27,(13,4)))),((10,(11,14)),(26,(9,5)))),3));

STEP 83 [TBR_IncrementalHeuristic_MC -> NNI_Substep_71] - Distance: 42.0000
((((16,(((28,1),((25,2),29)),23)),3),(8,(18,((((12,19),7),20),(((22,24),21),30))))),(((17,15),(6,(27,(13,4)))),((10,(11,14)),(26,(9,5)))));

STEP 84 [TBR_IncrementalHeuristic_MC -> NNI_Substep_72] - Distance: 35.0000
((((16,3),(((28,1),((25,2),29)),23)),(8,(18,((((12,19),7),20),(((22,24),21),30))))),(((17,15),(6,(27,(13,4)))),((10,(11,14)),(26,(9,5)))));

STEP 85 [TBR_IncrementalHeuristic_MC -> NNI_Substep_73] - Distance: 38.0000
((((16,3),(((28,1),((25,2),29)),23)),(8,(18,((((12,19),7),20),(((22,24),21),30))))),((((17,15),(27,(13,4))),6),((10,(11,14)),(26,(9,5)))));

STEP 86 [TBR_IncrementalHeuristic_MC -> NNI_Substep_74] - Distance: 41.0000
((((16,3),(((28,1),((25,2),29)),23)),(8,(18,((((12,19),7),20),(((22,24),21),30))))),((((17,15),(27,(13,4))),((10,(11,14)),(26,(9,5)))),6));

STEP 87 [TBR_IncrementalHeuristic_MC -> NNI_Substep_75] - Distance: 37.0000
((((16,3),(((28,1),((25,2),29)),23)),(8,(18,((((12,19),7),20),(((22,24),21),30))))),(((17,15),(27,(13,4))),(((10,(11,14)),(26,(9,5))),6)));

STEP 88 [TBR_IncrementalHeuristic_MC -> NNI_Substep_76] - Distance: 33.0000
((((16,3),(((28,1),((25,2),29)),23)),(8,(18,((((12,19),7),20),(((22,24),21),30))))),(((17,15),(27,(13,4))),(((10,(11,14)),6),(26,(9,5)))));

STEP 89 [TBR_IncrementalHeuristic_MC -> NNI_Substep_77] - Distance: 30.0000
((((16,3),(((28,1),((25,2),29)),23)),(8,(18,((((12,19),7),20),(((22,24),21),30))))),(((17,15),(27,(13,4))),(((10,6),(11,14)),(26,(9,5)))));

STEP 90 [TBR_IncrementalHeuristic_MC -> NNI_Substep_78] - Distance: 31.0000
((((16,3),(((28,1),((25,2),29)),23)),(8,(18,((((12,19),7),20),(((22,24),21),30))))),(((27,(13,4)),(((10,6),(11,14)),(26,(9,5)))),(17,15)));

STEP 91 [TBR_IncrementalHeuristic_MC -> NNI_Substep_79] - Distance: 28.0000
((((16,3),(((28,1),((25,2),29)),23)),(8,(18,((((12,19),7),20),(((22,24),21),30))))),((27,(13,4)),((((10,6),(11,14)),(26,(9,5))),(17,15))));

STEP 92 [TBR_IncrementalHeuristic_MC -> NNI_Substep_80] - Distance: 25.0000
((((16,3),(((28,1),((25,2),29)),23)),(8,(18,((((12,19),7),20),(((22,24),21),30))))),((27,(13,4)),((((10,6),(11,14)),(17,15)),(26,(9,5)))));

STEP 93 [TBR_IncrementalHeuristic_MC -> NNI_Substep_81] - Distance: 26.0000
((((16,3),(((28,1),((25,2),29)),23)),(8,(18,((((12,19),7),20),(((22,24),21),30))))),((27,(13,4)),(((((10,6),(11,14)),17),15),(26,(9,5)))));

STEP 94 [TBR_IncrementalHeuristic_MC -> NNI_Substep_82] - Distance: 28.0000
((((16,3),(((28,1),((25,2),29)),23)),(8,(18,((((12,19),7),20),(((22,24),21),30))))),((27,(13,4)),(((((10,6),(11,14)),17),(26,(9,5))),15)));

STEP 95 [TBR_IncrementalHeuristic_MC -> NNI_Substep_83] - Distance: 30.0000
((((16,3),(((28,1),((25,2),29)),23)),(8,(18,((((12,19),7),20),(((22,24),21),30))))),(((27,(13,4)),((((10,6),(11,14)),17),(26,(9,5)))),15));

STEP 96 [TBR_IncrementalHeuristic_MC -> NNI_Substep_84] - Distance: 28.0000
((((16,3),(((28,1),((25,2),29)),23)),((8,(18,((((12,19),7),20),(((22,24),21),30)))),15)),((27,(13,4)),((((10,6),(11,14)),17),(26,(9,5)))));

STEP 97 [TBR_IncrementalHeuristic_MC -> NNI_Substep_85] - Distance: 26.0000
((((16,3),(((28,1),((25,2),29)),23)),(8,((18,((((12,19),7),20),(((22,24),21),30))),15))),((27,(13,4)),((((10,6),(11,14)),17),(26,(9,5)))));

STEP 98 [TBR_IncrementalHeuristic_MC -> NNI_Substep_86] - Distance: 19.0000
((((16,3),(((28,1),((25,2),29)),23)),(8,((18,15),((((12,19),7),20),(((22,24),21),30))))),((27,(13,4)),((((10,6),(11,14)),17),(26,(9,5)))));

STEP 99 [TBR_IncrementalHeuristic_MC -> NNI_Substep_87] - Distance: 21.0000
((((16,3),(((1,((25,2),29)),28),23)),(8,((18,15),((((12,19),7),20),(((22,24),21),30))))),((27,(13,4)),((((10,6),(11,14)),17),(26,(9,5)))));

STEP 100 [TBR_IncrementalHeuristic_MC -> NNI_Substep_88] - Distance: 21.0000
((((16,3),(((1,((25,2),29)),23),28)),(8,((18,15),((((12,19),7),20),(((22,24),21),30))))),((27,(13,4)),((((10,6),(11,14)),17),(26,(9,5)))));

STEP 101 [TBR_IncrementalHeuristic_MC -> NNI_Substep_89] - Distance: 22.0000
(((((16,3),((1,((25,2),29)),23)),28),(8,((18,15),((((12,19),7),20),(((22,24),21),30))))),((27,(13,4)),((((10,6),(11,14)),17),(26,(9,5)))));

STEP 102 [TBR_IncrementalHeuristic_MC -> NNI_Substep_90] - Distance: 32.0000
(((((16,3),((1,((25,2),29)),23)),(8,((18,15),((((12,19),7),20),(((22,24),21),30))))),28),((27,(13,4)),((((10,6),(11,14)),17),(26,(9,5)))));

STEP 103 [TBR_IncrementalHeuristic_MC -> NNI_Substep_91] - Distance: 24.0000
((((16,3),((1,((25,2),29)),23)),((8,((18,15),((((12,19),7),20),(((22,24),21),30)))),28)),((27,(13,4)),((((10,6),(11,14)),17),(26,(9,5)))));

STEP 104 [TBR_IncrementalHeuristic_MC -> NNI_Substep_92] - Distance: 22.0000
((((16,3),((1,((25,2),29)),23)),(8,(((18,15),((((12,19),7),20),(((22,24),21),30))),28))),((27,(13,4)),((((10,6),(11,14)),17),(26,(9,5)))));

STEP 105 [TBR_IncrementalHeuristic_MC -> NNI_Substep_93] - Distance: 13.0000
((((16,3),((1,((25,2),29)),23)),(8,(((18,15),28),((((12,19),7),20),(((22,24),21),30))))),((27,(13,4)),((((10,6),(11,14)),17),(26,(9,5)))));

STEP 106 [TBR_IncrementalHeuristic_MC -> NNI_Substep_94] - Distance: 13.0000
((((16,3),((1,((25,2),29)),23)),(8,(((15,28),18),((((12,19),7),20),(((22,24),21),30))))),((27,(13,4)),((((10,6),(11,14)),17),(26,(9,5)))));

STEP 107 [TBR_IncrementalHeuristic_MC -> NNI_Substep_95] - Distance: 20.0000
((((16,3),((1,((25,2),29)),23)),(8,(((15,28),((((12,19),7),20),(((22,24),21),30))),18))),((27,(13,4)),((((10,6),(11,14)),17),(26,(9,5)))));

STEP 108 [TBR_IncrementalHeuristic_MC -> NNI_Substep_96] - Distance: 20.0000
((((16,3),((1,((25,2),29)),23)),((8,((15,28),((((12,19),7),20),(((22,24),21),30)))),18)),((27,(13,4)),((((10,6),(11,14)),17),(26,(9,5)))));

STEP 109 [TBR_IncrementalHeuristic_MC -> NNI_Substep_97] - Distance: 26.0000
(((((16,3),((1,((25,2),29)),23)),(8,((15,28),((((12,19),7),20),(((22,24),21),30))))),18),((27,(13,4)),((((10,6),(11,14)),17),(26,(9,5)))));

STEP 110 [TBR_IncrementalHeuristic_MC -> NNI_Substep_98] - Distance: 11.0000
((((16,3),((1,((25,2),29)),23)),(8,((15,28),((((12,19),7),20),(((22,24),21),30))))),((27,(13,4)),(((((10,6),(11,14)),17),(26,(9,5))),18)));

STEP 111 [TBR_IncrementalHeuristic_MC -> NNI_Substep_99] - Distance: 7.0000
((((16,3),((1,((25,2),29)),23)),(8,((15,28),((((12,19),7),20),(((22,24),21),30))))),((27,(13,4)),(((((10,6),(11,14)),17),18),(26,(9,5)))));

STEP 112 [TBR_IncrementalHeuristic_MC -> NNI_Substep_100] - Distance: 6.0000
((((16,3),((1,((25,2),29)),23)),(8,((15,28),((((12,19),7),20),(((22,24),21),30))))),((27,(13,4)),((((10,6),(11,14)),(17,18)),(26,(9,5)))));

STEP 113 [TBR_IncrementalHeuristic_MC -> NNI_Substep_101] - Distance: 7.0000
((((16,3),((1,((25,2),29)),23)),(8,((15,28),((((12,19),7),20),(((22,24),21),30))))),((27,(13,4)),(((((10,6),14),11),(17,18)),(26,(9,5)))));

STEP 114 [TBR_IncrementalHeuristic_MC -> NNI_Substep_102] - Distance: 6.0000
((((16,3),((1,((25,2),29)),23)),(8,((15,28),((((12,19),7),20),(((22,24),21),30))))),((27,(13,4)),(((((10,6),14),(17,18)),11),(26,(9,5)))));

STEP 115 [TBR_IncrementalHeuristic_MC -> NNI_Substep_103] - Distance: 4.0000
((((16,3),((1,((25,2),29)),23)),(8,((15,28),((((12,19),7),20),(((22,24),21),30))))),((27,(13,4)),((((10,6),14),((17,18),11)),(26,(9,5)))));

STEP 116 [TBR_IncrementalHeuristic_MC -> NNI_Substep_104] - Distance: 4.0000
((((16,3),((1,((25,2),29)),23)),(8,((15,28),((((12,19),7),20),(((22,24),21),30))))),((27,(13,4)),((((10,6),14),((18,11),17)),(26,(9,5)))));

STEP 117 [TBR_IncrementalHeuristic_MC -> NNI_Substep_105] - Distance: 6.0000
((((16,3),((1,((25,2),29)),23)),(8,((15,28),((((12,19),7),20),(((22,24),21),30))))),((27,(13,4)),(((((10,6),14),(18,11)),17),(26,(9,5)))));

STEP 118 [TBR_IncrementalHeuristic_MC -> NNI_Substep_106] - Distance: 3.0000
((((16,3),((1,((25,2),29)),23)),(8,((15,28),((((12,19),7),20),(((22,24),21),30))))),((27,(13,4)),(((((10,6),14),17),(18,11)),(26,(9,5)))));

STEP 119 [TBR_IncrementalHeuristic_MC -> NNI_Substep_107] - Distance: 0.0000
((((16,3),((1,((25,2),29)),23)),(8,((15,28),((((12,19),7),20),(((22,24),21),30))))),((27,(13,4)),((((10,6),(14,17)),(18,11)),(26,(9,5)))));

========================================================
[FINAL] Total Steps: 119 | Final Distance: 0.0000
========================================================
