========================================================
HEURISTIC TRAJECTORY: VND Classic (MC)
========================================================
STEP 0 [START] - Distance: 147.0000
(((18,(1,(12,14))),(27,(25,(29,((9,(13,8)),(3,23)))))),((10,(4,(((17,(2,(5,11))),(21,(16,15))),(7,20)))),(26,((19,(22,(6,30))),(24,28)))));

STEP 1 [NNI_ClassicHeuristic_MC -> NNI_Substep_1] - Distance: 141.0000
(((18,(1,(12,14))),(27,(25,(29,((9,(13,8)),(3,23)))))),((10,(((17,(2,(5,11))),(21,(16,15))),(4,(7,20)))),(26,((19,(22,(6,30))),(24,28)))));

STEP 2 [NNI_ClassicHeuristic_MC -> NNI_Substep_2] - Distance: 137.0000
(((18,(1,(12,14))),(27,(25,(29,((9,(13,8)),(3,23)))))),((((17,(2,(5,11))),(21,(16,15))),(10,(4,(7,20)))),(26,((19,(22,(6,30))),(24,28)))));

STEP 3 [NNI_ClassicHeuristic_MC -> NNI_Substep_3] - Distance: 132.0000
(((18,(1,(12,14))),(27,(25,(29,((9,(13,8)),(3,23)))))),((((17,(2,(5,11))),(21,(16,15))),(26,((19,(22,(6,30))),(24,28)))),(10,(4,(7,20)))));

STEP 4 [NNI_ClassicHeuristic_MC -> NNI_Substep_4] - Distance: 129.0000
(((18,(1,(12,14))),((29,((9,(13,8)),(3,23))),(25,27))),((((17,(2,(5,11))),(21,(16,15))),(26,((19,(22,(6,30))),(24,28)))),(10,(4,(7,20)))));

STEP 5 [NNI_ClassicHeuristic_MC -> NNI_Substep_5] - Distance: 126.0000
(((18,(1,(12,14))),((29,((9,(13,8)),(3,23))),(25,27))),((((17,(2,(5,11))),(21,(16,15))),(26,((19,(24,28)),(22,(6,30))))),(10,(4,(7,20)))));

STEP 6 [NNI_ClassicHeuristic_MC -> NNI_Substep_6] - Distance: 122.0000
(((29,((9,(13,8)),(3,23))),((18,(1,(12,14))),(25,27))),((((17,(2,(5,11))),(21,(16,15))),(26,((19,(24,28)),(22,(6,30))))),(10,(4,(7,20)))));

STEP 7 [NNI_ClassicHeuristic_MC -> NNI_Substep_7] - Distance: 120.0000
((((9,(13,8)),(29,(3,23))),((18,(1,(12,14))),(25,27))),((((17,(2,(5,11))),(21,(16,15))),(26,((19,(24,28)),(22,(6,30))))),(10,(4,(7,20)))));

STEP 8 [NNI_ClassicHeuristic_MC -> NNI_Substep_8] - Distance: 118.0000
((((8,(13,9)),(29,(3,23))),((18,(1,(12,14))),(25,27))),((((17,(2,(5,11))),(21,(16,15))),(26,((19,(24,28)),(22,(6,30))))),(10,(4,(7,20)))));

STEP 9 [NNI_ClassicHeuristic_MC -> NNI_Substep_9] - Distance: 116.0000
((((8,(13,9)),(29,(3,23))),((18,(12,(1,14))),(25,27))),((((17,(2,(5,11))),(21,(16,15))),(26,((19,(24,28)),(22,(6,30))))),(10,(4,(7,20)))));

STEP 10 [NNI_ClassicHeuristic_MC -> NNI_Substep_10] - Distance: 115.0000
((((8,(13,9)),(29,(3,23))),(((1,14),(12,18)),(25,27))),((((17,(2,(5,11))),(21,(16,15))),(26,((19,(24,28)),(22,(6,30))))),(10,(4,(7,20)))));

STEP 11 [NNI_ClassicHeuristic_MC -> NNI_Substep_11] - Distance: 114.0000
((((8,(13,9)),(29,(3,23))),(((1,14),(12,18)),(25,27))),(((((5,11),(2,17)),(21,(16,15))),(26,((19,(24,28)),(22,(6,30))))),(10,(4,(7,20)))));

STEP 12 [NNI_ClassicHeuristic_MC -> NNI_Substep_12] - Distance: 113.0000
((((8,(13,9)),(29,(3,23))),(((1,14),(12,18)),(25,27))),(((((21,(16,15)),(2,17)),(5,11)),(26,((19,(24,28)),(22,(6,30))))),(10,(4,(7,20)))));

STEP 13 [NNI_ClassicHeuristic_MC -> NNI_Substep_13] - Distance: 112.0000
((((8,(13,9)),(29,(3,23))),(((1,14),(12,18)),(25,27))),(((((21,(16,15)),(2,17)),(5,11)),(26,((19,(24,28)),(22,(6,30))))),((7,20),(4,10))));

STEP 14 [NNI_ClassicHeuristic_MC -> NNI_Substep_14] - Distance: 111.0000
((((8,(13,9)),(29,(3,23))),(((1,14),(12,18)),(25,27))),(((((21,(16,15)),(2,17)),(5,11)),(26,((6,30),(22,(19,(24,28)))))),((7,20),(4,10))));

STEP 15 [NNI_ClassicHeuristic_MC -> NNI_Substep_15] - Distance: 110.0000
((((8,(13,9)),(29,(3,23))),(((1,14),(12,18)),(25,27))),(((((21,(16,15)),(2,17)),(5,11)),((6,30),(26,(22,(19,(24,28)))))),((7,20),(4,10))));

STEP 16 [TBR_ClassicHeuristic_MC -> NNI_Substep_1] - Distance: 111.0000
((((8,(29,(3,23))),(13,9)),(((1,14),(12,18)),(25,27))),(((((21,(16,15)),(2,17)),(5,11)),((6,30),(26,(22,(19,(24,28)))))),((7,20),(4,10))));

STEP 17 [TBR_ClassicHeuristic_MC -> NNI_Substep_2] - Distance: 115.0000
((((8,(29,(3,23))),(((1,14),(12,18)),(25,27))),(13,9)),(((((21,(16,15)),(2,17)),(5,11)),((6,30),(26,(22,(19,(24,28)))))),((7,20),(4,10))));

STEP 18 [TBR_ClassicHeuristic_MC -> NNI_Substep_3] - Distance: 111.0000
(((8,(29,(3,23))),(((1,14),(12,18)),(25,27))),((((((21,(16,15)),(2,17)),(5,11)),((6,30),(26,(22,(19,(24,28)))))),(13,9)),((7,20),(4,10))));

STEP 19 [TBR_ClassicHeuristic_MC -> NNI_Substep_4] - Distance: 106.0000
(((8,(29,(3,23))),(((1,14),(12,18)),(25,27))),(((((21,(16,15)),(2,17)),(5,11)),(((6,30),(26,(22,(19,(24,28))))),(13,9))),((7,20),(4,10))));

STEP 20 [TBR_ClassicHeuristic_MC -> NNI_Substep_5] - Distance: 102.0000
(((8,(29,(3,23))),(((1,14),(12,18)),(25,27))),(((((21,(16,15)),(2,17)),(5,11)),((6,30),((26,(22,(19,(24,28)))),(13,9)))),((7,20),(4,10))));

STEP 21 [TBR_ClassicHeuristic_MC -> NNI_Substep_6] - Distance: 98.0000
(((8,(29,(3,23))),(((1,14),(12,18)),(25,27))),(((((21,(16,15)),(2,17)),(5,11)),((6,30),((26,(13,9)),(22,(19,(24,28)))))),((7,20),(4,10))));

STEP 22 [TBR_ClassicHeuristic_MC -> NNI_Substep_7] - Distance: 99.0000
(((8,(29,(3,23))),((((1,14),12),18),(25,27))),(((((21,(16,15)),(2,17)),(5,11)),((6,30),((26,(13,9)),(22,(19,(24,28)))))),((7,20),(4,10))));

STEP 23 [TBR_ClassicHeuristic_MC -> NNI_Substep_8] - Distance: 100.0000
(((8,(29,(3,23))),((((1,14),12),(25,27)),18)),(((((21,(16,15)),(2,17)),(5,11)),((6,30),((26,(13,9)),(22,(19,(24,28)))))),((7,20),(4,10))));

STEP 24 [TBR_ClassicHeuristic_MC -> NNI_Substep_9] - Distance: 103.0000
((((8,(29,(3,23))),(((1,14),12),(25,27))),18),(((((21,(16,15)),(2,17)),(5,11)),((6,30),((26,(13,9)),(22,(19,(24,28)))))),((7,20),(4,10))));

STEP 25 [TBR_ClassicHeuristic_MC -> NNI_Substep_10] - Distance: 103.0000
(((8,(29,(3,23))),(((1,14),12),(25,27))),((((((21,(16,15)),(2,17)),(5,11)),((6,30),((26,(13,9)),(22,(19,(24,28)))))),18),((7,20),(4,10))));

STEP 26 [TBR_ClassicHeuristic_MC -> NNI_Substep_11] - Distance: 99.0000
(((8,(29,(3,23))),(((1,14),12),(25,27))),(((((21,(16,15)),(2,17)),(5,11)),(((6,30),((26,(13,9)),(22,(19,(24,28))))),18)),((7,20),(4,10))));

STEP 27 [TBR_ClassicHeuristic_MC -> NNI_Substep_12] - Distance: 96.0000
(((8,(29,(3,23))),(((1,14),12),(25,27))),(((((21,(16,15)),(2,17)),(5,11)),((6,30),(((26,(13,9)),(22,(19,(24,28)))),18))),((7,20),(4,10))));

STEP 28 [TBR_ClassicHeuristic_MC -> NNI_Substep_13] - Distance: 92.0000
(((8,(29,(3,23))),(((1,14),12),(25,27))),(((((21,(16,15)),(2,17)),(5,11)),((6,30),((26,(13,9)),((22,(19,(24,28))),18)))),((7,20),(4,10))));

STEP 29 [TBR_ClassicHeuristic_MC -> NNI_Substep_14] - Distance: 90.0000
(((8,(29,(3,23))),(((1,14),12),(25,27))),(((((21,(16,15)),(2,17)),(5,11)),((6,30),((26,(13,9)),(22,((19,(24,28)),18))))),((7,20),(4,10))));

STEP 30 [TBR_ClassicHeuristic_MC -> NNI_Substep_15] - Distance: 88.0000
(((8,(29,(3,23))),(((1,14),12),(25,27))),(((((21,(16,15)),(2,17)),(5,11)),((6,30),((26,(13,9)),(22,(19,((24,28),18)))))),((7,20),(4,10))));

STEP 31 [TBR_ClassicHeuristic_MC -> NNI_Substep_16] - Distance: 86.0000
(((8,(29,(3,23))),(((1,14),12),(25,27))),(((((21,(16,15)),(2,17)),(5,11)),((6,30),((26,(13,9)),(22,(19,(24,(28,18))))))),((7,20),(4,10))));

STEP 32 [TBR_ClassicHeuristic_MC -> NNI_Substep_17] - Distance: 87.0000
(((8,(29,(3,23))),(((1,14),12),(25,27))),((((((16,15),(2,17)),21),(5,11)),((6,30),((26,(13,9)),(22,(19,(24,(28,18))))))),((7,20),(4,10))));

STEP 33 [TBR_ClassicHeuristic_MC -> NNI_Substep_18] - Distance: 88.0000
(((8,(29,(3,23))),(((1,14),12),(25,27))),((((((16,15),(2,17)),(5,11)),21),((6,30),((26,(13,9)),(22,(19,(24,(28,18))))))),((7,20),(4,10))));

STEP 34 [TBR_ClassicHeuristic_MC -> NNI_Substep_19] - Distance: 93.0000
(((8,(29,(3,23))),(((1,14),12),(25,27))),((((((16,15),(2,17)),(5,11)),((6,30),((26,(13,9)),(22,(19,(24,(28,18))))))),21),((7,20),(4,10))));

STEP 35 [TBR_ClassicHeuristic_MC -> NNI_Substep_20] - Distance: 94.0000
(((8,(29,(3,23))),(((1,14),12),(25,27))),((((((16,15),(2,17)),(5,11)),((6,30),((26,(13,9)),(22,(19,(24,(28,18))))))),((7,20),(4,10))),21));

STEP 36 [TBR_ClassicHeuristic_MC -> NNI_Substep_21] - Distance: 82.0000
(((8,(29,(3,23))),((((1,14),12),(25,27)),21)),(((((16,15),(2,17)),(5,11)),((6,30),((26,(13,9)),(22,(19,(24,(28,18))))))),((7,20),(4,10))));

STEP 37 [TBR_ClassicHeuristic_MC -> NNI_Substep_22] - Distance: 78.0000
(((8,(29,(3,23))),(((1,14),12),((25,27),21))),(((((16,15),(2,17)),(5,11)),((6,30),((26,(13,9)),(22,(19,(24,(28,18))))))),((7,20),(4,10))));

STEP 38 [TBR_ClassicHeuristic_MC -> NNI_Substep_23] - Distance: 76.0000
(((8,(29,(3,23))),(((1,14),12),((25,21),27))),(((((16,15),(2,17)),(5,11)),((6,30),((26,(13,9)),(22,(19,(24,(28,18))))))),((7,20),(4,10))));

STEP 39 [TBR_ClassicHeuristic_MC -> NNI_Substep_24] - Distance: 76.0000
(((8,((29,23),3)),(((1,14),12),((25,21),27))),(((((16,15),(2,17)),(5,11)),((6,30),((26,(13,9)),(22,(19,(24,(28,18))))))),((7,20),(4,10))));

STEP 40 [TBR_ClassicHeuristic_MC -> NNI_Substep_25] - Distance: 76.0000
((((8,(29,23)),3),(((1,14),12),((25,21),27))),(((((16,15),(2,17)),(5,11)),((6,30),((26,(13,9)),(22,(19,(24,(28,18))))))),((7,20),(4,10))));

STEP 41 [TBR_ClassicHeuristic_MC -> NNI_Substep_26] - Distance: 81.0000
((((8,(29,23)),(((1,14),12),((25,21),27))),3),(((((16,15),(2,17)),(5,11)),((6,30),((26,(13,9)),(22,(19,(24,(28,18))))))),((7,20),(4,10))));

STEP 42 [TBR_ClassicHeuristic_MC -> NNI_Substep_27] - Distance: 77.0000
(((8,(29,23)),((((1,14),12),((25,21),27)),3)),(((((16,15),(2,17)),(5,11)),((6,30),((26,(13,9)),(22,(19,(24,(28,18))))))),((7,20),(4,10))));

STEP 43 [TBR_ClassicHeuristic_MC -> NNI_Substep_28] - Distance: 73.0000
(((8,(29,23)),((((1,14),12),3),((25,21),27))),(((((16,15),(2,17)),(5,11)),((6,30),((26,(13,9)),(22,(19,(24,(28,18))))))),((7,20),(4,10))));

STEP 44 [TBR_ClassicHeuristic_MC -> NNI_Substep_29] - Distance: 71.0000
(((8,(29,23)),((((1,14),3),12),((25,21),27))),(((((16,15),(2,17)),(5,11)),((6,30),((26,(13,9)),(22,(19,(24,(28,18))))))),((7,20),(4,10))));

STEP 45 [TBR_ClassicHeuristic_MC -> NNI_Substep_30] - Distance: 69.0000
(((8,(29,23)),((((1,3),14),12),((25,21),27))),(((((16,15),(2,17)),(5,11)),((6,30),((26,(13,9)),(22,(19,(24,(28,18))))))),((7,20),(4,10))));

STEP 46 [TBR_ClassicHeuristic_MC -> NNI_Substep_31] - Distance: 72.0000
(((8,(29,23)),(((((1,3),14),12),(25,21)),27)),(((((16,15),(2,17)),(5,11)),((6,30),((26,(13,9)),(22,(19,(24,(28,18))))))),((7,20),(4,10))));

STEP 47 [TBR_ClassicHeuristic_MC -> NNI_Substep_32] - Distance: 74.0000
((((8,(29,23)),((((1,3),14),12),(25,21))),27),(((((16,15),(2,17)),(5,11)),((6,30),((26,(13,9)),(22,(19,(24,(28,18))))))),((7,20),(4,10))));

STEP 48 [TBR_ClassicHeuristic_MC -> NNI_Substep_33] - Distance: 76.0000
(((8,(29,23)),((((1,3),14),12),(25,21))),((((((16,15),(2,17)),(5,11)),((6,30),((26,(13,9)),(22,(19,(24,(28,18))))))),27),((7,20),(4,10))));

STEP 49 [TBR_ClassicHeuristic_MC -> NNI_Substep_34] - Distance: 73.0000
(((8,(29,23)),((((1,3),14),12),(25,21))),(((((16,15),(2,17)),(5,11)),(((6,30),((26,(13,9)),(22,(19,(24,(28,18)))))),27)),((7,20),(4,10))));

STEP 50 [TBR_ClassicHeuristic_MC -> NNI_Substep_35] - Distance: 70.0000
(((8,(29,23)),((((1,3),14),12),(25,21))),(((((16,15),(2,17)),(5,11)),((6,30),(((26,(13,9)),(22,(19,(24,(28,18))))),27))),((7,20),(4,10))));

STEP 51 [TBR_ClassicHeuristic_MC -> NNI_Substep_36] - Distance: 66.0000
(((8,(29,23)),((((1,3),14),12),(25,21))),(((((16,15),(2,17)),(5,11)),((6,30),((26,(13,9)),((22,(19,(24,(28,18)))),27)))),((7,20),(4,10))));

STEP 52 [TBR_ClassicHeuristic_MC -> NNI_Substep_37] - Distance: 63.0000
(((8,(29,23)),((((1,3),14),12),(25,21))),(((((16,15),(2,17)),(5,11)),((6,30),((26,(13,9)),((22,27),(19,(24,(28,18))))))),((7,20),(4,10))));

STEP 53 [TBR_ClassicHeuristic_MC -> NNI_Substep_38] - Distance: 64.0000
(((8,(29,23)),((((1,3),14),12),(25,21))),(((((16,15),(2,17)),(5,11)),((6,30),((26,(13,9)),((22,27),(19,(24,(28,18))))))),(((7,20),10),4)));

STEP 54 [TBR_ClassicHeuristic_MC -> NNI_Substep_39] - Distance: 74.0000
(((8,(29,23)),((((1,3),14),12),(25,21))),((((((16,15),(2,17)),(5,11)),((6,30),((26,(13,9)),((22,27),(19,(24,(28,18))))))),((7,20),10)),4));

STEP 55 [TBR_ClassicHeuristic_MC -> NNI_Substep_40] - Distance: 61.0000
(((8,(29,23)),(((((1,3),14),12),(25,21)),4)),(((((16,15),(2,17)),(5,11)),((6,30),((26,(13,9)),((22,27),(19,(24,(28,18))))))),((7,20),10)));

STEP 56 [TBR_ClassicHeuristic_MC -> NNI_Substep_41] - Distance: 56.0000
(((8,(29,23)),((((1,3),14),12),((25,21),4))),(((((16,15),(2,17)),(5,11)),((6,30),((26,(13,9)),((22,27),(19,(24,(28,18))))))),((7,20),10)));

STEP 57 [TBR_ClassicHeuristic_MC -> NNI_Substep_42] - Distance: 59.0000
(((8,(29,23)),((((1,3),14),12),((25,21),4))),(((((16,15),(2,17)),(5,11)),((6,30),(((13,9),((22,27),(19,(24,(28,18))))),26))),((7,20),10)));

STEP 58 [TBR_ClassicHeuristic_MC -> NNI_Substep_43] - Distance: 60.0000
(((8,(29,23)),((((1,3),14),12),((25,21),4))),(((((16,15),(2,17)),(5,11)),(((6,30),((13,9),((22,27),(19,(24,(28,18)))))),26)),((7,20),10)));

STEP 59 [TBR_ClassicHeuristic_MC -> NNI_Substep_44] - Distance: 61.0000
(((8,(29,23)),((((1,3),14),12),((25,21),4))),((((((16,15),(2,17)),(5,11)),((6,30),((13,9),((22,27),(19,(24,(28,18))))))),26),((7,20),10)));

STEP 60 [TBR_ClassicHeuristic_MC -> NNI_Substep_45] - Distance: 61.0000
(((8,(29,23)),((((1,3),14),12),((25,21),4))),((((((16,15),(2,17)),(5,11)),((6,30),((13,9),((22,27),(19,(24,(28,18))))))),((7,20),10)),26));

STEP 61 [TBR_ClassicHeuristic_MC -> NNI_Substep_46] - Distance: 52.0000
((((8,(29,23)),26),((((1,3),14),12),((25,21),4))),(((((16,15),(2,17)),(5,11)),((6,30),((13,9),((22,27),(19,(24,(28,18))))))),((7,20),10)));

STEP 62 [TBR_ClassicHeuristic_MC -> NNI_Substep_47] - Distance: 51.0000
((((8,26),(29,23)),((((1,3),14),12),((25,21),4))),(((((16,15),(2,17)),(5,11)),((6,30),((13,9),((22,27),(19,(24,(28,18))))))),((7,20),10)));

STEP 63 [TBR_ClassicHeuristic_MC -> NNI_Substep_48] - Distance: 54.0000
((((8,26),(29,23)),((((1,3),14),12),((25,21),4))),((((((16,15),(2,17)),11),5),((6,30),((13,9),((22,27),(19,(24,(28,18))))))),((7,20),10)));

STEP 64 [TBR_ClassicHeuristic_MC -> NNI_Substep_49] - Distance: 57.0000
((((8,26),(29,23)),((((1,3),14),12),((25,21),4))),((((((16,15),(2,17)),11),((6,30),((13,9),((22,27),(19,(24,(28,18))))))),5),((7,20),10)));

STEP 65 [TBR_ClassicHeuristic_MC -> NNI_Substep_50] - Distance: 53.0000
((((8,26),(29,23)),((((1,3),14),12),((25,21),4))),(((((16,15),(2,17)),11),(((6,30),((13,9),((22,27),(19,(24,(28,18)))))),5)),((7,20),10)));

STEP 66 [TBR_ClassicHeuristic_MC -> NNI_Substep_51] - Distance: 50.0000
((((8,26),(29,23)),((((1,3),14),12),((25,21),4))),(((((16,15),(2,17)),11),((6,30),(((13,9),((22,27),(19,(24,(28,18))))),5))),((7,20),10)));

STEP 67 [TBR_ClassicHeuristic_MC -> NNI_Substep_52] - Distance: 45.0000
((((8,26),(29,23)),((((1,3),14),12),((25,21),4))),(((((16,15),(2,17)),11),((6,30),(((13,9),5),((22,27),(19,(24,(28,18))))))),((7,20),10)));

STEP 68 [TBR_ClassicHeuristic_MC -> NNI_Substep_53] - Distance: 46.0000
((((26,(29,23)),8),((((1,3),14),12),((25,21),4))),(((((16,15),(2,17)),11),((6,30),(((13,9),5),((22,27),(19,(24,(28,18))))))),((7,20),10)));

STEP 69 [TBR_ClassicHeuristic_MC -> NNI_Substep_54] - Distance: 52.0000
((((26,(29,23)),((((1,3),14),12),((25,21),4))),8),(((((16,15),(2,17)),11),((6,30),(((13,9),5),((22,27),(19,(24,(28,18))))))),((7,20),10)));

STEP 70 [TBR_ClassicHeuristic_MC -> NNI_Substep_55] - Distance: 42.0000
(((26,(29,23)),((((1,3),14),12),((25,21),4))),(((((16,15),(2,17)),11),((6,30),(((13,9),5),((22,27),(19,(24,(28,18))))))),(((7,20),10),8)));

STEP 71 [TBR_ClassicHeuristic_MC -> NNI_Substep_56] - Distance: 39.0000
(((26,(29,23)),((((1,3),14),12),((25,21),4))),(((((16,15),(2,17)),11),((6,30),(((13,9),5),((22,27),(19,(24,(28,18))))))),((7,20),(10,8))));

STEP 72 [TBR_ClassicHeuristic_MC -> NNI_Substep_57] - Distance: 47.0000
(((26,(29,23)),((((1,3),14),12),((25,21),4))),(((((16,15),(2,17)),11),((30,(((13,9),5),((22,27),(19,(24,(28,18)))))),6)),((7,20),(10,8))));

STEP 73 [TBR_ClassicHeuristic_MC -> NNI_Substep_58] - Distance: 49.0000
(((26,(29,23)),((((1,3),14),12),((25,21),4))),((((((16,15),(2,17)),11),(30,(((13,9),5),((22,27),(19,(24,(28,18))))))),6),((7,20),(10,8))));

STEP 74 [TBR_ClassicHeuristic_MC -> NNI_Substep_59] - Distance: 50.0000
(((26,(29,23)),((((1,3),14),12),((25,21),4))),((((((16,15),(2,17)),11),(30,(((13,9),5),((22,27),(19,(24,(28,18))))))),((7,20),(10,8))),6));

STEP 75 [TBR_ClassicHeuristic_MC -> NNI_Substep_60] - Distance: 38.0000
(((26,(29,23)),((((1,3),14),12),((25,21),4))),(((((16,15),(2,17)),11),(30,(((13,9),5),((22,27),(19,(24,(28,18))))))),(((7,20),(10,8)),6)));

STEP 76 [TBR_ClassicHeuristic_MC -> NNI_Substep_61] - Distance: 35.0000
(((26,(29,23)),((((1,3),14),12),((25,21),4))),(((((16,15),(2,17)),11),(30,(((13,9),5),((22,27),(19,(24,(28,18))))))),((7,20),((10,8),6))));

STEP 77 [TBR_ClassicHeuristic_MC -> NNI_Substep_62] - Distance: 33.0000
(((26,(29,23)),((((1,3),14),12),((25,21),4))),(((((16,15),(2,17)),11),(30,(((13,9),5),((22,27),(19,(24,(28,18))))))),((7,20),(10,(8,6)))));

STEP 78 [TBR_ClassicHeuristic_MC -> NNI_Substep_63] - Distance: 35.0000
(((26,(29,23)),((((1,3),14),12),((25,21),4))),(((((16,15),(2,17)),11),(30,(((13,9),5),((22,27),(19,(24,(28,18))))))),((7,(10,(8,6))),20)));

STEP 79 [TBR_ClassicHeuristic_MC -> NNI_Substep_64] - Distance: 45.0000
(((26,(29,23)),((((1,3),14),12),((25,21),4))),((((((16,15),(2,17)),11),(30,(((13,9),5),((22,27),(19,(24,(28,18))))))),(7,(10,(8,6)))),20));

STEP 80 [TBR_ClassicHeuristic_MC -> NNI_Substep_65] - Distance: 30.0000
((((26,(29,23)),20),((((1,3),14),12),((25,21),4))),(((((16,15),(2,17)),11),(30,(((13,9),5),((22,27),(19,(24,(28,18))))))),(7,(10,(8,6)))));

STEP 81 [TBR_ClassicHeuristic_MC -> NNI_Substep_66] - Distance: 27.0000
((((26,20),(29,23)),((((1,3),14),12),((25,21),4))),(((((16,15),(2,17)),11),(30,(((13,9),5),((22,27),(19,(24,(28,18))))))),(7,(10,(8,6)))));

STEP 82 [TBR_ClassicHeuristic_MC -> NNI_Substep_67] - Distance: 28.0000
((((26,20),(29,23)),((((1,3),14),12),((25,21),4))),((((((16,15),2),17),11),(30,(((13,9),5),((22,27),(19,(24,(28,18))))))),(7,(10,(8,6)))));

STEP 83 [TBR_ClassicHeuristic_MC -> NNI_Substep_68] - Distance: 28.0000
((((26,20),(29,23)),((((1,3),14),12),((25,21),4))),((((((16,15),2),11),17),(30,(((13,9),5),((22,27),(19,(24,(28,18))))))),(7,(10,(8,6)))));

STEP 84 [TBR_ClassicHeuristic_MC -> NNI_Substep_69] - Distance: 37.0000
((((26,20),(29,23)),((((1,3),14),12),((25,21),4))),((((((16,15),2),11),(30,(((13,9),5),((22,27),(19,(24,(28,18))))))),17),(7,(10,(8,6)))));

STEP 85 [TBR_ClassicHeuristic_MC -> NNI_Substep_70] - Distance: 32.0000
((((26,20),(29,23)),((((1,3),14),12),((25,21),4))),(((((16,15),2),11),((30,(((13,9),5),((22,27),(19,(24,(28,18)))))),17)),(7,(10,(8,6)))));

STEP 86 [TBR_ClassicHeuristic_MC -> NNI_Substep_71] - Distance: 22.0000
((((26,20),(29,23)),((((1,3),14),12),((25,21),4))),(((((16,15),2),11),((30,17),(((13,9),5),((22,27),(19,(24,(28,18))))))),(7,(10,(8,6)))));

STEP 87 [TBR_ClassicHeuristic_MC -> NNI_Substep_72] - Distance: 25.0000
((((26,20),(29,23)),((((1,3),14),12),((25,21),4))),(((((16,15),2),11),((30,17),(((13,9),5),((27,(19,(24,(28,18)))),22)))),(7,(10,(8,6)))));

STEP 88 [TBR_ClassicHeuristic_MC -> NNI_Substep_73] - Distance: 27.0000
((((26,20),(29,23)),((((1,3),14),12),((25,21),4))),(((((16,15),2),11),((30,17),((((13,9),5),(27,(19,(24,(28,18))))),22))),(7,(10,(8,6)))));

STEP 89 [TBR_ClassicHeuristic_MC -> NNI_Substep_74] - Distance: 21.0000
((((26,20),(29,23)),((((1,3),14),12),((25,21),4))),(((((16,15),2),11),((30,17),((((13,9),5),22),(27,(19,(24,(28,18))))))),(7,(10,(8,6)))));

STEP 90 [TBR_ClassicHeuristic_MC -> NNI_Substep_75] - Distance: 18.0000
((((26,20),(29,23)),((((1,3),14),12),((25,21),4))),(((((16,15),2),11),((30,17),(((13,9),(5,22)),(27,(19,(24,(28,18))))))),(7,(10,(8,6)))));

STEP 91 [TBR_ClassicHeuristic_MC -> NNI_Substep_76] - Distance: 18.0000
((((26,20),(29,23)),((((1,3),14),12),((25,21),4))),(((((16,15),2),11),((30,17),(((13,9),(5,22)),((27,(24,(28,18))),19)))),(7,(10,(8,6)))));

STEP 92 [TBR_ClassicHeuristic_MC -> NNI_Substep_77] - Distance: 21.0000
((((26,20),(29,23)),((((1,3),14),12),((25,21),4))),(((((16,15),2),11),((30,17),((((13,9),(5,22)),(27,(24,(28,18)))),19))),(7,(10,(8,6)))));

STEP 93 [TBR_ClassicHeuristic_MC -> NNI_Substep_78] - Distance: 22.0000
((((26,20),(29,23)),((((1,3),14),12),((25,21),4))),(((((16,15),2),11),(((30,17),(((13,9),(5,22)),(27,(24,(28,18))))),19)),(7,(10,(8,6)))));

STEP 94 [TBR_ClassicHeuristic_MC -> NNI_Substep_79] - Distance: 25.0000
((((26,20),(29,23)),((((1,3),14),12),((25,21),4))),((((((16,15),2),11),((30,17),(((13,9),(5,22)),(27,(24,(28,18)))))),19),(7,(10,(8,6)))));

STEP 95 [TBR_ClassicHeuristic_MC -> NNI_Substep_80] - Distance: 20.0000
((((26,20),(29,23)),((((1,3),14),12),((25,21),4))),((((((16,15),2),11),19),((30,17),(((13,9),(5,22)),(27,(24,(28,18)))))),(7,(10,(8,6)))));

STEP 96 [TBR_ClassicHeuristic_MC -> NNI_Substep_81] - Distance: 18.0000
((((26,20),(29,23)),((((1,3),14),12),((25,21),4))),((((((16,15),2),19),11),((30,17),(((13,9),(5,22)),(27,(24,(28,18)))))),(7,(10,(8,6)))));

STEP 97 [TBR_ClassicHeuristic_MC -> NNI_Substep_82] - Distance: 16.0000
((((26,20),(29,23)),((((1,3),14),12),((25,21),4))),((((((16,15),19),2),11),((30,17),(((13,9),(5,22)),(27,(24,(28,18)))))),(7,(10,(8,6)))));

STEP 98 [TBR_ClassicHeuristic_MC -> NNI_Substep_83] - Distance: 28.0000
((((26,20),(29,23)),((((1,3),14),12),((25,21),4))),(((((((16,15),19),2),11),((30,17),(((13,9),(5,22)),(27,(24,(28,18)))))),(10,(8,6))),7));

STEP 99 [TBR_ClassicHeuristic_MC -> NNI_Substep_84] - Distance: 26.0000
((((26,20),(29,23)),((((1,3),14),12),((25,21),4))),(((((((16,15),19),2),11),((30,17),(((13,9),(5,22)),(27,(24,(28,18)))))),7),(10,(8,6))));

STEP 100 [TBR_ClassicHeuristic_MC -> NNI_Substep_85] - Distance: 20.0000
((((26,20),(29,23)),((((1,3),14),12),((25,21),4))),((((((16,15),19),2),11),(((30,17),(((13,9),(5,22)),(27,(24,(28,18))))),7)),(10,(8,6))));

STEP 101 [TBR_ClassicHeuristic_MC -> NNI_Substep_86] - Distance: 17.0000
((((26,20),(29,23)),((((1,3),14),12),((25,21),4))),((((((16,15),19),2),11),((30,17),((((13,9),(5,22)),(27,(24,(28,18)))),7))),(10,(8,6))));

STEP 102 [TBR_ClassicHeuristic_MC -> NNI_Substep_87] - Distance: 12.0000
((((26,20),(29,23)),((((1,3),14),12),((25,21),4))),((((((16,15),19),2),11),((30,17),(((13,9),(5,22)),((27,(24,(28,18))),7)))),(10,(8,6))));

STEP 103 [TBR_ClassicHeuristic_MC -> NNI_Substep_88] - Distance: 10.0000
((((26,20),(29,23)),((((1,3),14),12),((25,21),4))),((((((16,15),19),2),11),((30,17),(((13,9),(5,22)),(27,((24,(28,18)),7))))),(10,(8,6))));

STEP 104 [TBR_ClassicHeuristic_MC -> NNI_Substep_89] - Distance: 20.0000
((((26,20),(29,23)),((((1,3),14),12),((25,21),4))),((((((16,15),19),2),((30,17),(((13,9),(5,22)),(27,((24,(28,18)),7))))),11),(10,(8,6))));

STEP 105 [TBR_ClassicHeuristic_MC -> NNI_Substep_90] - Distance: 20.0000
((((26,20),(29,23)),((((1,3),14),12),((25,21),4))),((((((16,15),19),2),((30,17),(((13,9),(5,22)),(27,((24,(28,18)),7))))),(10,(8,6))),11));

STEP 106 [TBR_ClassicHeuristic_MC -> NNI_Substep_91] - Distance: 4.0000
((((26,20),(29,23)),((((1,3),14),12),((25,21),4))),(((((16,15),19),2),((30,17),(((13,9),(5,22)),(27,((24,(28,18)),7))))),((10,(8,6)),11)));

STEP 107 [TBR_ClassicHeuristic_MC -> NNI_Substep_92] - Distance: 2.0000
((((26,20),(29,23)),((((1,3),14),12),((25,21),4))),(((((16,19),15),2),((30,17),(((13,9),(5,22)),(27,((24,(28,18)),7))))),((10,(8,6)),11)));

STEP 108 [TBR_ClassicHeuristic_MC -> NNI_Substep_93] - Distance: 0.0000
((((26,20),(29,23)),((((1,3),14),12),((25,21),4))),(((((16,19),2),15),((30,17),(((13,9),(5,22)),(27,((24,(28,18)),7))))),((10,(8,6)),11)));

========================================================
[FINAL] Total Steps: 108 | Final Distance: 0.0000
========================================================
