========================================================
HEURISTIC TRAJECTORY: VND Incremental (MP)
========================================================
STEP 0 [START] - Distance: 327.0000
((((1,((((27,(15,28)),(16,(18,29))),(19,5)),(17,(2,8)))),(24,(14,23))),((4,(20,(6,25))),(12,30))),(((22,(26,(9,7))),(3,(11,10))),(21,13)));

STEP 1 [NNI_IncrementalHeuristic_MP -> NNI_Substep_1] - Distance: 301.0000
((((14,23),(24,((((22,(26,(9,7))),(3,(11,10))),(21,13)),((4,(20,(6,25))),(12,30))))),((((27,(15,28)),(16,(18,29))),(19,5)),(17,(2,8)))),1);

STEP 2 [NNI_IncrementalHeuristic_MP -> NNI_Substep_2] - Distance: 299.0000
((((14,(24,((((22,(26,(9,7))),(3,(11,10))),(21,13)),((4,(20,(6,25))),(12,30))))),23),((((27,(15,28)),(16,(18,29))),(19,5)),(17,(2,8)))),1);

STEP 3 [NNI_IncrementalHeuristic_MP -> NNI_Substep_3] - Distance: 296.0000
((((14,(24,((((22,(26,(9,7))),(3,(11,10))),(21,13)),((4,(20,(6,25))),(12,30))))),((((27,(15,28)),(16,(18,29))),(19,5)),(17,(2,8)))),23),1);

STEP 4 [NNI_IncrementalHeuristic_MP -> NNI_Substep_4] - Distance: 294.0000
((((14,(24,((((22,(26,(9,7))),(3,(11,10))),(21,13)),((4,(20,(6,25))),(12,30))))),(17,((((27,(15,28)),(16,(18,29))),(19,5)),(2,8)))),23),1);

STEP 5 [NNI_IncrementalHeuristic_MP -> NNI_Substep_5] - Distance: 292.0000
((((14,((((22,(26,(9,7))),(3,(11,10))),(21,13)),(24,((4,(20,(6,25))),(12,30))))),(17,((((27,(15,28)),(16,(18,29))),(19,5)),(2,8)))),1),23);

STEP 6 [NNI_IncrementalHeuristic_MP -> NNI_Substep_6] - Distance: 290.0000
(((((24,((4,(20,(6,25))),(12,30))),((((22,(26,(9,7))),(3,(11,10))),(21,13)),14)),(17,((((27,(15,28)),(16,(18,29))),(19,5)),(2,8)))),1),23);

STEP 7 [NNI_IncrementalHeuristic_MP -> NNI_Substep_7] - Distance: 288.0000
(((((24,((4,(20,(6,25))),(12,30))),((((22,(26,(9,7))),(3,(11,10))),(21,13)),14)),(17,((5,(19,((27,(15,28)),(16,(18,29))))),(2,8)))),1),23);

STEP 8 [NNI_IncrementalHeuristic_MP -> NNI_Substep_8] - Distance: 287.0000
(((((24,((4,(20,(6,25))),(12,30))),((((21,13),(3,(11,10))),(22,(26,(9,7)))),14)),(17,((5,(19,((27,(15,28)),(16,(18,29))))),(2,8)))),1),23);

STEP 9 [NNI_IncrementalHeuristic_MP -> NNI_Substep_9] - Distance: 286.0000
(((((24,((4,(20,(6,25))),(12,30))),((((21,13),(3,(11,10))),14),(22,(26,(9,7))))),(17,((5,(19,((27,(15,28)),(16,(18,29))))),(2,8)))),1),23);

STEP 10 [NNI_IncrementalHeuristic_MP -> NNI_Substep_10] - Distance: 285.0000
(((((24,((4,(20,(6,25))),(12,30))),((((21,13),(3,(11,10))),14),(22,(26,(9,7))))),(17,((5,((16,(18,29)),((27,(15,28)),19))),(2,8)))),1),23);

STEP 11 [NNI_IncrementalHeuristic_MP -> NNI_Substep_11] - Distance: 284.0000
(((((24,((4,(20,(6,25))),(12,30))),((((21,13),(3,(11,10))),14),(22,(26,(9,7))))),(17,((5,((((27,(15,28)),19),(18,29)),16)),(2,8)))),1),23);

STEP 12 [NNI_IncrementalHeuristic_MP -> NNI_Substep_12] - Distance: 282.0000
(((((24,((4,(20,(6,25))),(12,30))),((((21,13),(3,(11,10))),14),(22,(26,(9,7))))),(17,((5,((18,(((27,(15,28)),19),29)),16)),(2,8)))),1),23);

STEP 13 [TBR_IncrementalHeuristic_MP -> NNI_Substep_1] - Distance: 282.0000
(((((24,((4,(20,(6,25))),(12,30))),((((21,13),(3,(11,10))),14),(22,((26,9),7)))),(17,((5,((18,(((27,(15,28)),19),29)),16)),(2,8)))),1),23);

STEP 14 [TBR_IncrementalHeuristic_MP -> NNI_Substep_2] - Distance: 282.0000
(((((24,((4,(20,(6,25))),(12,30))),((((21,13),(3,(11,10))),14),((22,(26,9)),7))),(17,((5,((18,(((27,(15,28)),19),29)),16)),(2,8)))),1),23);

STEP 15 [TBR_IncrementalHeuristic_MP -> NNI_Substep_3] - Distance: 282.0000
(((((24,((4,(20,(6,25))),(12,30))),(((((21,13),(3,(11,10))),14),(22,(26,9))),7)),(17,((5,((18,(((27,(15,28)),19),29)),16)),(2,8)))),1),23);

STEP 16 [TBR_IncrementalHeuristic_MP -> NNI_Substep_4] - Distance: 282.0000
((((((24,((4,(20,(6,25))),(12,30))),((((21,13),(3,(11,10))),14),(22,(26,9)))),7),(17,((5,((18,(((27,(15,28)),19),29)),16)),(2,8)))),1),23);

STEP 17 [TBR_IncrementalHeuristic_MP -> NNI_Substep_5] - Distance: 286.0000
((((((24,((4,(20,(6,25))),(12,30))),((((21,13),(3,(11,10))),14),(22,(26,9)))),(17,((5,((18,(((27,(15,28)),19),29)),16)),(2,8)))),7),1),23);

STEP 18 [TBR_IncrementalHeuristic_MP -> NNI_Substep_6] - Distance: 285.0000
((((((24,((4,(20,(6,25))),(12,30))),((((21,13),(3,(11,10))),14),(22,(26,9)))),(17,((5,((18,(((27,(15,28)),19),29)),16)),(2,8)))),1),7),23);

STEP 19 [TBR_IncrementalHeuristic_MP -> NNI_Substep_7] - Distance: 264.0000
(((((24,((4,(20,(6,25))),(12,30))),((((21,13),(3,(11,10))),14),(22,(26,9)))),(17,((5,((18,((((27,15),28),19),29)),16)),(2,8)))),1),(23,7));

STEP 20 [TBR_IncrementalHeuristic_MP -> NNI_Substep_8] - Distance: 264.0000
(((((24,((4,(20,(6,25))),(12,30))),((((21,13),(3,(11,10))),14),(22,(26,9)))),(17,((5,((18,((((27,15),19),28),29)),16)),(2,8)))),1),(23,7));

STEP 21 [TBR_IncrementalHeuristic_MP -> NNI_Substep_9] - Distance: 264.0000
(((((24,((4,(20,(6,25))),(12,30))),((((21,13),(3,(11,10))),14),(22,(26,9)))),(17,((5,((18,((((27,15),19),29),28)),16)),(2,8)))),1),(23,7));

STEP 22 [TBR_IncrementalHeuristic_MP -> NNI_Substep_10] - Distance: 264.0000
(((((24,((4,(20,(6,25))),(12,30))),((((21,13),(3,(11,10))),14),(22,(26,9)))),(17,((5,(((18,(((27,15),19),29)),28),16)),(2,8)))),1),(23,7));

STEP 23 [TBR_IncrementalHeuristic_MP -> NNI_Substep_11] - Distance: 264.0000
(((((24,((4,(20,(6,25))),(12,30))),((((21,13),(3,(11,10))),14),(22,(26,9)))),(17,((5,(((18,(((27,15),19),29)),16),28)),(2,8)))),1),(23,7));

STEP 24 [TBR_IncrementalHeuristic_MP -> NNI_Substep_12] - Distance: 264.0000
(((((24,((4,(20,(6,25))),(12,30))),((((21,13),(3,(11,10))),14),(22,(26,9)))),(17,(((5,((18,(((27,15),19),29)),16)),28),(2,8)))),1),(23,7));

STEP 25 [TBR_IncrementalHeuristic_MP -> NNI_Substep_13] - Distance: 264.0000
(((((24,((4,(20,(6,25))),(12,30))),((((21,13),(3,(11,10))),14),(22,(26,9)))),(17,(((5,((18,(((27,15),19),29)),16)),(2,8)),28))),1),(23,7));

STEP 26 [TBR_IncrementalHeuristic_MP -> NNI_Substep_14] - Distance: 264.0000
(((((24,((4,(20,(6,25))),(12,30))),((((21,13),(3,(11,10))),14),(22,(26,9)))),((17,((5,((18,(((27,15),19),29)),16)),(2,8))),28)),1),(23,7));

STEP 27 [TBR_IncrementalHeuristic_MP -> NNI_Substep_15] - Distance: 266.0000
((((((24,((4,(20,(6,25))),(12,30))),((((21,13),(3,(11,10))),14),(22,(26,9)))),(17,((5,((18,(((27,15),19),29)),16)),(2,8)))),28),1),(23,7));

STEP 28 [TBR_IncrementalHeuristic_MP -> NNI_Substep_16] - Distance: 265.0000
((((((24,((4,(20,(6,25))),(12,30))),((((21,13),(3,(11,10))),14),(22,(26,9)))),(17,((5,((18,(((27,15),19),29)),16)),(2,8)))),1),28),(23,7));

STEP 29 [TBR_IncrementalHeuristic_MP -> NNI_Substep_17] - Distance: 249.0000
(((((24,((4,(20,(6,25))),(12,30))),((((21,13),(3,(11,10))),14),(22,(26,9)))),(17,((5,((18,(((27,15),19),29)),16)),(2,8)))),(1,28)),(23,7));

STEP 30 [TBR_IncrementalHeuristic_MP -> NNI_Substep_18] - Distance: 249.0000
(((((24,(((4,(20,(6,25))),30),12)),((((21,13),(3,(11,10))),14),(22,(26,9)))),(17,((5,((18,(((27,15),19),29)),16)),(2,8)))),(1,28)),(23,7));

STEP 31 [TBR_IncrementalHeuristic_MP -> NNI_Substep_19] - Distance: 249.0000
((((((24,((4,(20,(6,25))),30)),12),((((21,13),(3,(11,10))),14),(22,(26,9)))),(17,((5,((18,(((27,15),19),29)),16)),(2,8)))),(1,28)),(23,7));

STEP 32 [TBR_IncrementalHeuristic_MP -> NNI_Substep_20] - Distance: 248.0000
((((((24,((4,(20,(6,25))),30)),((((21,13),(3,(11,10))),14),(22,(26,9)))),12),(17,((5,((18,(((27,15),19),29)),16)),(2,8)))),(1,28)),(23,7));

STEP 33 [TBR_IncrementalHeuristic_MP -> NNI_Substep_21] - Distance: 252.0000
((((((24,((4,(20,(6,25))),30)),((((21,13),(3,(11,10))),14),(22,(26,9)))),(17,((5,((18,(((27,15),19),29)),16)),(2,8)))),12),(1,28)),(23,7));

STEP 34 [TBR_IncrementalHeuristic_MP -> NNI_Substep_22] - Distance: 252.0000
((((((24,((4,(20,(6,25))),30)),((((21,13),(3,(11,10))),14),(22,(26,9)))),(17,((5,((18,(((27,15),19),29)),16)),(2,8)))),(1,28)),12),(23,7));

STEP 35 [TBR_IncrementalHeuristic_MP -> NNI_Substep_23] - Distance: 235.0000
(((((24,((4,(20,(6,25))),30)),((((21,13),(3,(11,10))),14),(22,(26,9)))),(17,((5,((18,(((27,15),19),29)),16)),(2,8)))),((1,28),12)),(23,7));

STEP 36 [TBR_IncrementalHeuristic_MP -> NNI_Substep_24] - Distance: 234.0000
(((((24,((4,(20,(6,25))),30)),((((21,13),(3,(11,10))),14),(22,(26,9)))),(17,((5,((18,(((27,15),19),29)),16)),(2,8)))),((1,12),28)),(23,7));

STEP 37 [TBR_IncrementalHeuristic_MP -> NNI_Substep_25] - Distance: 234.0000
(((((24,((4,(20,(6,25))),30)),((((21,(3,(11,10))),13),14),(22,(26,9)))),(17,((5,((18,(((27,15),19),29)),16)),(2,8)))),((1,12),28)),(23,7));

STEP 38 [TBR_IncrementalHeuristic_MP -> NNI_Substep_26] - Distance: 234.0000
(((((24,((4,(20,(6,25))),30)),((((21,(3,(11,10))),14),13),(22,(26,9)))),(17,((5,((18,(((27,15),19),29)),16)),(2,8)))),((1,12),28)),(23,7));

STEP 39 [TBR_IncrementalHeuristic_MP -> NNI_Substep_27] - Distance: 234.0000
(((((24,((4,(20,(6,25))),30)),((((21,(3,(11,10))),14),(22,(26,9))),13)),(17,((5,((18,(((27,15),19),29)),16)),(2,8)))),((1,12),28)),(23,7));

STEP 40 [TBR_IncrementalHeuristic_MP -> NNI_Substep_28] - Distance: 234.0000
((((((24,((4,(20,(6,25))),30)),(((21,(3,(11,10))),14),(22,(26,9)))),13),(17,((5,((18,(((27,15),19),29)),16)),(2,8)))),((1,12),28)),(23,7));

STEP 41 [TBR_IncrementalHeuristic_MP -> NNI_Substep_29] - Distance: 238.0000
((((((24,((4,(20,(6,25))),30)),(((21,(3,(11,10))),14),(22,(26,9)))),(17,((5,((18,(((27,15),19),29)),16)),(2,8)))),13),((1,12),28)),(23,7));

STEP 42 [TBR_IncrementalHeuristic_MP -> NNI_Substep_30] - Distance: 235.0000
((((((24,((4,(20,(6,25))),30)),(((21,(3,(11,10))),14),(22,(26,9)))),(17,((5,((18,(((27,15),19),29)),16)),(2,8)))),((1,12),28)),13),(23,7));

STEP 43 [TBR_IncrementalHeuristic_MP -> NNI_Substep_31] - Distance: 218.0000
(((((24,((4,(20,(6,25))),30)),(((21,(3,(11,10))),14),(22,(26,9)))),(17,((5,((18,(((27,15),19),29)),16)),(2,8)))),(((1,12),28),13)),(23,7));

STEP 44 [TBR_IncrementalHeuristic_MP -> NNI_Substep_32] - Distance: 219.0000
(((((24,((4,(20,(6,25))),30)),(((21,(3,(11,10))),14),(22,(26,9)))),(17,(((5,16),(18,(((27,15),19),29))),(2,8)))),(((1,12),28),13)),(23,7));

STEP 45 [TBR_IncrementalHeuristic_MP -> NNI_Substep_33] - Distance: 219.0000
(((((24,((4,(20,(6,25))),30)),(((21,(3,(11,10))),14),(22,(26,9)))),(17,(((5,16),(2,8)),(18,(((27,15),19),29))))),(((1,12),28),13)),(23,7));

STEP 46 [TBR_IncrementalHeuristic_MP -> NNI_Substep_34] - Distance: 220.0000
(((((24,((4,(20,(6,25))),30)),(((21,(3,(11,10))),14),(22,(26,9)))),((17,((5,16),(2,8))),(18,(((27,15),19),29)))),(((1,12),28),13)),(23,7));

STEP 47 [TBR_IncrementalHeuristic_MP -> NNI_Substep_35] - Distance: 232.0000
((((((24,((4,(20,(6,25))),30)),(((21,(3,(11,10))),14),(22,(26,9)))),(17,((5,16),(2,8)))),(18,(((27,15),19),29))),(((1,12),28),13)),(23,7));

STEP 48 [TBR_IncrementalHeuristic_MP -> NNI_Substep_36] - Distance: 222.0000
((((((24,((4,(20,(6,25))),30)),(((21,(3,(11,10))),14),(22,(26,9)))),(18,(((27,15),19),29))),(17,((5,16),(2,8)))),(((1,12),28),13)),(23,7));

STEP 49 [TBR_IncrementalHeuristic_MP -> NNI_Substep_37] - Distance: 212.0000
((((((24,((4,(20,(6,25))),30)),(18,(((27,15),19),29))),(((21,(3,(11,10))),14),(22,(26,9)))),(17,((5,16),(2,8)))),(((1,12),28),13)),(23,7));

STEP 50 [TBR_IncrementalHeuristic_MP -> NNI_Substep_38] - Distance: 208.0000
(((((24,(((4,(20,(6,25))),30),(18,(((27,15),19),29)))),(((21,(3,(11,10))),14),(22,(26,9)))),(17,((5,16),(2,8)))),(((1,12),28),13)),(23,7));

STEP 51 [TBR_IncrementalHeuristic_MP -> NNI_Substep_39] - Distance: 205.0000
(((((24,((4,(20,(6,25))),(30,(18,(((27,15),19),29))))),(((21,(3,(11,10))),14),(22,(26,9)))),(17,((5,16),(2,8)))),(((1,12),28),13)),(23,7));

STEP 52 [TBR_IncrementalHeuristic_MP -> NNI_Substep_40] - Distance: 205.0000
(((((24,((4,(20,(6,25))),(30,(18,(((27,15),19),29))))),((((21,(3,(11,10))),14),(26,9)),22)),(17,((5,16),(2,8)))),(((1,12),28),13)),(23,7));

STEP 53 [TBR_IncrementalHeuristic_MP -> NNI_Substep_41] - Distance: 204.0000
((((((24,((4,(20,(6,25))),(30,(18,(((27,15),19),29))))),(((21,(3,(11,10))),14),(26,9))),22),(17,((5,16),(2,8)))),(((1,12),28),13)),(23,7));

STEP 54 [TBR_IncrementalHeuristic_MP -> NNI_Substep_42] - Distance: 205.0000
((((((24,((4,(20,(6,25))),(30,(18,(((27,15),19),29))))),(((21,(3,(11,10))),14),(26,9))),(17,((5,16),(2,8)))),22),(((1,12),28),13)),(23,7));

STEP 55 [TBR_IncrementalHeuristic_MP -> NNI_Substep_43] - Distance: 190.0000
(((((24,((4,(20,(6,25))),(30,(18,(((27,15),19),29))))),(((21,(3,(11,10))),14),(26,9))),((17,((5,16),(2,8))),22)),(((1,12),28),13)),(23,7));

STEP 56 [TBR_IncrementalHeuristic_MP -> NNI_Substep_44] - Distance: 189.0000
(((((24,((4,(20,(6,25))),(30,(18,(((27,15),19),29))))),(((21,(3,(11,10))),14),(26,9))),(17,(((5,16),(2,8)),22))),(((1,12),28),13)),(23,7));

STEP 57 [TBR_IncrementalHeuristic_MP -> NNI_Substep_45] - Distance: 189.0000
(((((24,((4,(20,(6,25))),(30,(18,(((27,15),19),29))))),((((21,(11,10)),3),14),(26,9))),(17,(((5,16),(2,8)),22))),(((1,12),28),13)),(23,7));

STEP 58 [TBR_IncrementalHeuristic_MP -> NNI_Substep_46] - Distance: 189.0000
(((((24,((4,(20,(6,25))),(30,(18,(((27,15),19),29))))),((((21,(11,10)),14),3),(26,9))),(17,(((5,16),(2,8)),22))),(((1,12),28),13)),(23,7));

STEP 59 [TBR_IncrementalHeuristic_MP -> NNI_Substep_47] - Distance: 189.0000
(((((24,((4,(20,(6,25))),(30,(18,(((27,15),19),29))))),((((21,(11,10)),14),(26,9)),3)),(17,(((5,16),(2,8)),22))),(((1,12),28),13)),(23,7));

STEP 60 [TBR_IncrementalHeuristic_MP -> NNI_Substep_48] - Distance: 188.0000
((((((24,((4,(20,(6,25))),(30,(18,(((27,15),19),29))))),(((21,(11,10)),14),(26,9))),3),(17,(((5,16),(2,8)),22))),(((1,12),28),13)),(23,7));

STEP 61 [TBR_IncrementalHeuristic_MP -> NNI_Substep_49] - Distance: 190.0000
((((((24,((4,(20,(6,25))),(30,(18,(((27,15),19),29))))),(((21,(11,10)),14),(26,9))),(17,(((5,16),(2,8)),22))),3),(((1,12),28),13)),(23,7));

STEP 62 [TBR_IncrementalHeuristic_MP -> NNI_Substep_50] - Distance: 175.0000
(((((24,((4,(20,(6,25))),(30,(18,(((27,15),19),29))))),(((21,(11,10)),14),(26,9))),((17,(((5,16),(2,8)),22)),3)),(((1,12),28),13)),(23,7));

STEP 63 [TBR_IncrementalHeuristic_MP -> NNI_Substep_51] - Distance: 172.0000
(((((24,((4,(20,(6,25))),(30,(18,(((27,15),19),29))))),(((21,(11,10)),14),(26,9))),((17,3),(((5,16),(2,8)),22))),(((1,12),28),13)),(23,7));

STEP 64 [TBR_IncrementalHeuristic_MP -> NNI_Substep_52] - Distance: 160.0000
(((((24,((4,(20,(6,25))),(30,(18,(((27,15),19),29))))),(((21,(11,10)),14),(26,9))),(((1,12),28),13)),((17,3),(((5,16),(2,8)),22))),(23,7));

STEP 65 [TBR_IncrementalHeuristic_MP -> NNI_Substep_53] - Distance: 154.0000
(((((24,((4,((20,6),25)),(30,(18,(((27,15),19),29))))),(((21,(11,10)),14),(26,9))),(((1,12),28),13)),(23,7)),((17,3),(((5,16),(2,8)),22)));

STEP 66 [TBR_IncrementalHeuristic_MP -> NNI_Substep_54] - Distance: 154.0000
(((((24,(((4,(20,6)),25),(30,(18,(((27,15),19),29))))),(((21,(11,10)),14),(26,9))),(((1,12),28),13)),(23,7)),((17,3),(((5,16),(2,8)),22)));

STEP 67 [TBR_IncrementalHeuristic_MP -> NNI_Substep_55] - Distance: 154.0000
(((((24,(((4,(20,6)),(30,(18,(((27,15),19),29)))),25)),(((21,(11,10)),14),(26,9))),(((1,12),28),13)),(23,7)),((17,3),(((5,16),(2,8)),22)));

STEP 68 [TBR_IncrementalHeuristic_MP -> NNI_Substep_56] - Distance: 154.0000
((((((24,((4,(20,6)),(30,(18,(((27,15),19),29))))),25),(((21,(11,10)),14),(26,9))),(((1,12),28),13)),(23,7)),((17,3),(((5,16),(2,8)),22)));

STEP 69 [TBR_IncrementalHeuristic_MP -> NNI_Substep_57] - Distance: 154.0000
((((((24,((4,(20,6)),(30,(18,(((27,15),19),29))))),(((21,(11,10)),14),(26,9))),25),(((1,12),28),13)),(23,7)),((17,3),(((5,16),(2,8)),22)));

STEP 70 [TBR_IncrementalHeuristic_MP -> NNI_Substep_58] - Distance: 154.0000
((((((24,((4,(20,6)),(30,(18,(((27,15),19),29))))),(((21,(11,10)),14),(26,9))),(((1,12),28),13)),25),(23,7)),((17,3),(((5,16),(2,8)),22)));

STEP 71 [TBR_IncrementalHeuristic_MP -> NNI_Substep_59] - Distance: 154.0000
((((((24,((4,(20,6)),(30,(18,(((27,15),19),29))))),(((21,(11,10)),14),(26,9))),(((1,12),28),13)),(23,7)),25),((17,3),(((5,16),(2,8)),22)));

STEP 72 [TBR_IncrementalHeuristic_MP -> NNI_Substep_60] - Distance: 130.0000
(((((24,((4,(20,6)),(30,(18,(((27,15),19),29))))),(((21,(11,10)),14),(26,9))),(((1,12),28),13)),(23,7)),(((17,3),25),(((5,16),(2,8)),22)));

STEP 73 [TBR_IncrementalHeuristic_MP -> NNI_Substep_61] - Distance: 130.0000
(((((24,((4,(20,6)),(30,(18,(((27,19),15),29))))),(((21,(11,10)),14),(26,9))),(((1,12),28),13)),(23,7)),(((17,3),25),(((5,16),(2,8)),22)));

STEP 74 [TBR_IncrementalHeuristic_MP -> NNI_Substep_62] - Distance: 130.0000
(((((24,((4,(20,6)),(30,(18,(((27,19),29),15))))),(((21,(11,10)),14),(26,9))),(((1,12),28),13)),(23,7)),(((17,3),25),(((5,16),(2,8)),22)));

STEP 75 [TBR_IncrementalHeuristic_MP -> NNI_Substep_63] - Distance: 130.0000
(((((24,((4,(20,6)),(30,((18,((27,19),29)),15)))),(((21,(11,10)),14),(26,9))),(((1,12),28),13)),(23,7)),(((17,3),25),(((5,16),(2,8)),22)));

STEP 76 [TBR_IncrementalHeuristic_MP -> NNI_Substep_64] - Distance: 130.0000
(((((24,((4,(20,6)),((30,(18,((27,19),29))),15))),(((21,(11,10)),14),(26,9))),(((1,12),28),13)),(23,7)),(((17,3),25),(((5,16),(2,8)),22)));

STEP 77 [TBR_IncrementalHeuristic_MP -> NNI_Substep_65] - Distance: 130.0000
(((((24,(((4,(20,6)),(30,(18,((27,19),29)))),15)),(((21,(11,10)),14),(26,9))),(((1,12),28),13)),(23,7)),(((17,3),25),(((5,16),(2,8)),22)));

STEP 78 [TBR_IncrementalHeuristic_MP -> NNI_Substep_66] - Distance: 130.0000
((((((24,((4,(20,6)),(30,(18,((27,19),29))))),15),(((21,(11,10)),14),(26,9))),(((1,12),28),13)),(23,7)),(((17,3),25),(((5,16),(2,8)),22)));

STEP 79 [TBR_IncrementalHeuristic_MP -> NNI_Substep_67] - Distance: 130.0000
((((((24,((4,(20,6)),(30,(18,((27,19),29))))),(((21,(11,10)),14),(26,9))),15),(((1,12),28),13)),(23,7)),(((17,3),25),(((5,16),(2,8)),22)));

STEP 80 [TBR_IncrementalHeuristic_MP -> NNI_Substep_68] - Distance: 130.0000
((((((24,((4,(20,6)),(30,(18,((27,19),29))))),(((21,(11,10)),14),(26,9))),(((1,12),28),13)),15),(23,7)),(((17,3),25),(((5,16),(2,8)),22)));

STEP 81 [TBR_IncrementalHeuristic_MP -> NNI_Substep_69] - Distance: 130.0000
((((((24,((4,(20,6)),(30,(18,((27,19),29))))),(((21,(11,10)),14),(26,9))),(((1,12),28),13)),(23,7)),15),(((17,3),25),(((5,16),(2,8)),22)));

STEP 82 [TBR_IncrementalHeuristic_MP -> NNI_Substep_70] - Distance: 107.0000
(((((24,((4,(20,6)),(30,(18,((27,19),29))))),(((21,(11,10)),14),(26,9))),(((1,12),28),13)),(23,7)),(((17,3),25),((((5,16),(2,8)),22),15)));

STEP 83 [TBR_IncrementalHeuristic_MP -> NNI_Substep_71] - Distance: 105.0000
(((((24,((4,(20,6)),(30,(18,((27,19),29))))),(((21,(11,10)),14),(26,9))),(((1,12),28),13)),(23,7)),(((17,3),25),(((5,16),(2,8)),(22,15))));

STEP 84 [TBR_IncrementalHeuristic_MP -> NNI_Substep_72] - Distance: 105.0000
(((((24,((4,(20,6)),(30,(18,((27,19),29))))),(((21,(11,10)),14),(26,9))),(((1,12),28),13)),(23,7)),(((17,3),25),(((16,(2,8)),5),(22,15))));

STEP 85 [TBR_IncrementalHeuristic_MP -> NNI_Substep_73] - Distance: 105.0000
(((((24,((4,(20,6)),(30,(18,((27,19),29))))),(((21,(11,10)),14),(26,9))),(((1,12),28),13)),(23,7)),(((17,3),25),(((16,(2,8)),(22,15)),5)));

STEP 86 [TBR_IncrementalHeuristic_MP -> NNI_Substep_74] - Distance: 105.0000
(((((24,((4,(20,6)),(30,(18,((27,19),29))))),(((21,(11,10)),14),(26,9))),(((1,12),28),13)),(23,7)),((((17,3),25),((16,(2,8)),(22,15))),5));

STEP 87 [TBR_IncrementalHeuristic_MP -> NNI_Substep_75] - Distance: 94.0000
((((((24,((4,(20,6)),(30,(18,((27,19),29))))),(((21,(11,10)),14),(26,9))),(((1,12),28),13)),5),(23,7)),(((17,3),25),((16,(2,8)),(22,15))));

STEP 88 [TBR_IncrementalHeuristic_MP -> NNI_Substep_76] - Distance: 90.0000
((((((24,((4,(20,6)),(30,(18,((27,19),29))))),(((21,(11,10)),14),(26,9))),5),(((1,12),28),13)),(23,7)),(((17,3),25),((16,(2,8)),(22,15))));

STEP 89 [TBR_IncrementalHeuristic_MP -> NNI_Substep_77] - Distance: 87.0000
((((((24,((4,(20,6)),(30,(18,((27,19),29))))),5),(((21,(11,10)),14),(26,9))),(((1,12),28),13)),(23,7)),(((17,3),25),((16,(2,8)),(22,15))));

STEP 90 [TBR_IncrementalHeuristic_MP -> NNI_Substep_78] - Distance: 81.0000
((((((24,5),((4,(20,6)),(30,(18,((27,19),29))))),(((21,(11,10)),14),(26,9))),(((1,12),28),13)),(23,7)),(((17,3),25),((16,(2,8)),(22,15))));

STEP 91 [TBR_IncrementalHeuristic_MP -> NNI_Substep_79] - Distance: 81.0000
((((((24,5),((4,(20,6)),(30,(18,((27,19),29))))),(((21,(11,10)),14),(26,9))),(((1,12),28),13)),(23,7)),(((17,3),25),(((16,8),2),(22,15))));

STEP 92 [TBR_IncrementalHeuristic_MP -> NNI_Substep_80] - Distance: 81.0000
((((((24,5),((4,(20,6)),(30,(18,((27,19),29))))),(((21,(11,10)),14),(26,9))),(((1,12),28),13)),(23,7)),(((17,3),25),(((16,8),(22,15)),2)));

STEP 93 [TBR_IncrementalHeuristic_MP -> NNI_Substep_81] - Distance: 81.0000
((((((24,5),((4,(20,6)),(30,(18,((27,19),29))))),(((21,(11,10)),14),(26,9))),(((1,12),28),13)),(23,7)),((((17,3),25),((16,8),(22,15))),2));

STEP 94 [TBR_IncrementalHeuristic_MP -> NNI_Substep_82] - Distance: 71.0000
(((((((24,5),((4,(20,6)),(30,(18,((27,19),29))))),(((21,(11,10)),14),(26,9))),(((1,12),28),13)),2),(23,7)),(((17,3),25),((16,8),(22,15))));

STEP 95 [TBR_IncrementalHeuristic_MP -> NNI_Substep_83] - Distance: 67.0000
(((((((24,5),((4,(20,6)),(30,(18,((27,19),29))))),(((21,(11,10)),14),(26,9))),2),(((1,12),28),13)),(23,7)),(((17,3),25),((16,8),(22,15))));

STEP 96 [TBR_IncrementalHeuristic_MP -> NNI_Substep_84] - Distance: 59.0000
((((((24,5),((4,(20,6)),(30,(18,((27,19),29))))),((((21,(11,10)),14),(26,9)),2)),(((1,12),28),13)),(23,7)),(((17,3),25),((16,8),(22,15))));

STEP 97 [TBR_IncrementalHeuristic_MP -> NNI_Substep_85] - Distance: 58.0000
((((((24,5),((4,(20,6)),(30,(18,((27,19),29))))),((((21,(11,10)),14),2),(26,9))),(((1,12),28),13)),(23,7)),(((17,3),25),((16,8),(22,15))));

STEP 98 [TBR_IncrementalHeuristic_MP -> NNI_Substep_86] - Distance: 57.0000
((((((24,5),((4,(20,6)),(30,(18,((27,19),29))))),((((21,(11,10)),2),14),(26,9))),(((1,12),28),13)),(23,7)),(((17,3),25),((16,8),(22,15))));

STEP 99 [TBR_IncrementalHeuristic_MP -> NNI_Substep_87] - Distance: 56.0000
((((((24,5),((4,(20,6)),(30,(18,((27,19),29))))),(((21,((11,10),2)),14),(26,9))),(((1,12),28),13)),(23,7)),(((17,3),25),((16,8),(22,15))));

STEP 100 [TBR_IncrementalHeuristic_MP -> NNI_Substep_88] - Distance: 56.0000
((((((24,5),((4,(20,6)),(30,(18,((27,19),29))))),((((21,((11,10),2)),14),26),9)),(((1,12),28),13)),(23,7)),(((17,3),25),((16,8),(22,15))));

STEP 101 [TBR_IncrementalHeuristic_MP -> NNI_Substep_89] - Distance: 57.0000
(((((((24,5),((4,(20,6)),(30,(18,((27,19),29))))),(((21,((11,10),2)),14),26)),9),(((1,12),28),13)),(23,7)),(((17,3),25),((16,8),(22,15))));

STEP 102 [TBR_IncrementalHeuristic_MP -> NNI_Substep_90] - Distance: 52.0000
(((((((24,5),((4,(20,6)),(30,(18,((27,19),29))))),9),(((21,((11,10),2)),14),26)),(((1,12),28),13)),(23,7)),(((17,3),25),((16,8),(22,15))));

STEP 103 [TBR_IncrementalHeuristic_MP -> NNI_Substep_91] - Distance: 50.0000
((((((24,5),(((4,(20,6)),(30,(18,((27,19),29)))),9)),(((21,((11,10),2)),14),26)),(((1,12),28),13)),(23,7)),(((17,3),25),((16,8),(22,15))));

STEP 104 [TBR_IncrementalHeuristic_MP -> NNI_Substep_92] - Distance: 45.0000
((((((24,5),(((4,(20,6)),9),(30,(18,((27,19),29))))),(((21,((11,10),2)),14),26)),(((1,12),28),13)),(23,7)),(((17,3),25),((16,8),(22,15))));

STEP 105 [TBR_IncrementalHeuristic_MP -> NNI_Substep_93] - Distance: 45.0000
((((((24,5),((((20,6),9),4),(30,(18,((27,19),29))))),(((21,((11,10),2)),14),26)),(((1,12),28),13)),(23,7)),(((17,3),25),((16,8),(22,15))));

STEP 106 [TBR_IncrementalHeuristic_MP -> NNI_Substep_94] - Distance: 45.0000
((((((24,5),((((20,6),9),(30,(18,((27,19),29)))),4)),(((21,((11,10),2)),14),26)),(((1,12),28),13)),(23,7)),(((17,3),25),((16,8),(22,15))));

STEP 107 [TBR_IncrementalHeuristic_MP -> NNI_Substep_95] - Distance: 45.0000
(((((((24,5),(((20,6),9),(30,(18,((27,19),29))))),4),(((21,((11,10),2)),14),26)),(((1,12),28),13)),(23,7)),(((17,3),25),((16,8),(22,15))));

STEP 108 [TBR_IncrementalHeuristic_MP -> NNI_Substep_96] - Distance: 45.0000
(((((((24,5),(((20,6),9),(30,(18,((27,19),29))))),(((21,((11,10),2)),14),26)),4),(((1,12),28),13)),(23,7)),(((17,3),25),((16,8),(22,15))));

STEP 109 [TBR_IncrementalHeuristic_MP -> NNI_Substep_97] - Distance: 36.0000
((((((24,5),(((20,6),9),(30,(18,((27,19),29))))),((((21,((11,10),2)),14),26),4)),(((1,12),28),13)),(23,7)),(((17,3),25),((16,8),(22,15))));

STEP 110 [TBR_IncrementalHeuristic_MP -> NNI_Substep_98] - Distance: 35.0000
((((((24,5),(((20,6),9),(30,(18,((27,19),29))))),((((21,((11,10),2)),14),4),26)),(((1,12),28),13)),(23,7)),(((17,3),25),((16,8),(22,15))));

STEP 111 [TBR_IncrementalHeuristic_MP -> NNI_Substep_99] - Distance: 34.0000
((((((24,5),(((20,6),9),(30,(18,((27,19),29))))),((((21,((11,10),2)),4),14),26)),(((1,12),28),13)),(23,7)),(((17,3),25),((16,8),(22,15))));

STEP 112 [TBR_IncrementalHeuristic_MP -> NNI_Substep_100] - Distance: 32.0000
((((((24,5),(((20,6),9),(30,(18,((27,19),29))))),((((21,4),((11,10),2)),14),26)),(((1,12),28),13)),(23,7)),(((17,3),25),((16,8),(22,15))));

STEP 113 [TBR_IncrementalHeuristic_MP -> NNI_Substep_101] - Distance: 32.0000
((((((24,5),(((20,9),6),(30,(18,((27,19),29))))),((((21,4),((11,10),2)),14),26)),(((1,12),28),13)),(23,7)),(((17,3),25),((16,8),(22,15))));

STEP 114 [TBR_IncrementalHeuristic_MP -> NNI_Substep_102] - Distance: 32.0000
((((((24,5),(((20,9),(30,(18,((27,19),29)))),6)),((((21,4),((11,10),2)),14),26)),(((1,12),28),13)),(23,7)),(((17,3),25),((16,8),(22,15))));

STEP 115 [TBR_IncrementalHeuristic_MP -> NNI_Substep_103] - Distance: 32.0000
(((((((24,5),((20,9),(30,(18,((27,19),29))))),6),((((21,4),((11,10),2)),14),26)),(((1,12),28),13)),(23,7)),(((17,3),25),((16,8),(22,15))));

STEP 116 [TBR_IncrementalHeuristic_MP -> NNI_Substep_104] - Distance: 32.0000
(((((((24,5),((20,9),(30,(18,((27,19),29))))),((((21,4),((11,10),2)),14),26)),6),(((1,12),28),13)),(23,7)),(((17,3),25),((16,8),(22,15))));

STEP 117 [TBR_IncrementalHeuristic_MP -> NNI_Substep_105] - Distance: 23.0000
((((((24,5),((20,9),(30,(18,((27,19),29))))),(((((21,4),((11,10),2)),14),26),6)),(((1,12),28),13)),(23,7)),(((17,3),25),((16,8),(22,15))));

STEP 118 [TBR_IncrementalHeuristic_MP -> NNI_Substep_106] - Distance: 22.0000
((((((24,5),((20,9),(30,(18,((27,19),29))))),(((((21,4),((11,10),2)),14),6),26)),(((1,12),28),13)),(23,7)),(((17,3),25),((16,8),(22,15))));

STEP 119 [TBR_IncrementalHeuristic_MP -> NNI_Substep_107] - Distance: 18.0000
((((((24,5),((20,9),(30,(18,((27,19),29))))),((((21,4),((11,10),2)),(14,6)),26)),(((1,12),28),13)),(23,7)),(((17,3),25),((16,8),(22,15))));

STEP 120 [TBR_IncrementalHeuristic_MP -> NNI_Substep_108] - Distance: 18.0000
((((((24,5),((20,9),(30,(18,((27,19),29))))),((((21,4),((10,2),11)),(14,6)),26)),(((1,12),28),13)),(23,7)),(((17,3),25),((16,8),(22,15))));

STEP 121 [TBR_IncrementalHeuristic_MP -> NNI_Substep_109] - Distance: 18.0000
((((((24,5),((20,9),(30,(18,((27,19),29))))),(((((21,4),(10,2)),11),(14,6)),26)),(((1,12),28),13)),(23,7)),(((17,3),25),((16,8),(22,15))));

STEP 122 [TBR_IncrementalHeuristic_MP -> NNI_Substep_110] - Distance: 18.0000
((((((24,5),((20,9),(30,(18,((27,19),29))))),(((((21,4),(10,2)),(14,6)),11),26)),(((1,12),28),13)),(23,7)),(((17,3),25),((16,8),(22,15))));

STEP 123 [TBR_IncrementalHeuristic_MP -> NNI_Substep_111] - Distance: 18.0000
((((((24,5),((20,9),(30,(18,((27,19),29))))),(((((21,4),(10,2)),(14,6)),26),11)),(((1,12),28),13)),(23,7)),(((17,3),25),((16,8),(22,15))));

STEP 124 [TBR_IncrementalHeuristic_MP -> NNI_Substep_112] - Distance: 16.0000
(((((((24,5),((20,9),(30,(18,((27,19),29))))),((((21,4),(10,2)),(14,6)),26)),11),(((1,12),28),13)),(23,7)),(((17,3),25),((16,8),(22,15))));

STEP 125 [TBR_IncrementalHeuristic_MP -> NNI_Substep_113] - Distance: 9.0000
(((((((24,5),((20,9),(30,(18,((27,19),29))))),11),((((21,4),(10,2)),(14,6)),26)),(((1,12),28),13)),(23,7)),(((17,3),25),((16,8),(22,15))));

STEP 126 [TBR_IncrementalHeuristic_MP -> NNI_Substep_114] - Distance: 7.0000
((((((24,5),(((20,9),(30,(18,((27,19),29)))),11)),((((21,4),(10,2)),(14,6)),26)),(((1,12),28),13)),(23,7)),(((17,3),25),((16,8),(22,15))));

STEP 127 [TBR_IncrementalHeuristic_MP -> NNI_Substep_115] - Distance: 5.0000
((((((24,5),((20,9),((30,(18,((27,19),29))),11))),((((21,4),(10,2)),(14,6)),26)),(((1,12),28),13)),(23,7)),(((17,3),25),((16,8),(22,15))));

STEP 128 [TBR_IncrementalHeuristic_MP -> NNI_Substep_116] - Distance: 4.0000
((((((24,5),((20,9),(30,((18,((27,19),29)),11)))),((((21,4),(10,2)),(14,6)),26)),(((1,12),28),13)),(23,7)),(((17,3),25),((16,8),(22,15))));

STEP 129 [TBR_IncrementalHeuristic_MP -> NNI_Substep_117] - Distance: 3.0000
((((((24,5),((20,9),(30,(18,(((27,19),29),11))))),((((21,4),(10,2)),(14,6)),26)),(((1,12),28),13)),(23,7)),(((17,3),25),((16,8),(22,15))));

STEP 130 [TBR_IncrementalHeuristic_MP -> NNI_Substep_118] - Distance: 2.0000
((((((24,5),((20,9),(30,(18,(((27,19),11),29))))),((((21,4),(10,2)),(14,6)),26)),(((1,12),28),13)),(23,7)),(((17,3),25),((16,8),(22,15))));

STEP 131 [TBR_IncrementalHeuristic_MP -> NNI_Substep_119] - Distance: 1.0000
((((((24,5),((20,9),(18,((((27,19),11),29),30)))),((((21,4),(10,2)),(14,6)),26)),(((1,12),28),13)),(23,7)),(((17,3),25),((16,8),(22,15))));

STEP 132 [TBR_IncrementalHeuristic_MP -> NNI_Substep_120] - Distance: 0.0000
((((((24,5),((20,9),(18,((((27,19),11),30),29)))),((((21,4),(10,2)),(14,6)),26)),(((1,12),28),13)),(23,7)),(((17,3),25),((16,8),(22,15))));

========================================================
[FINAL] Total Steps: 132 | Final Distance: 0.0000
========================================================
