========================================================
HEURISTIC TRAJECTORY: VND Incremental (MS_RF)
========================================================
STEP 0 [START] - Distance: 153.0000
(((14,29),(((23,(11,(8,28))),(1,6)),((22,((9,(27,(25,3))),((18,4),(10,17)))),(13,21)))),(30,(26,16)),(19,(15,(2,(20,(12,(5,(24,7))))))));

STEP 1 [NNI_IncrementalHeuristic_MS_RF -> NNI_Substep_1] - Distance: 148.0000
(((14,29),(((23,(11,(8,28))),(1,6)),((((18,4),(10,17)),((9,(27,(25,3))),22)),(13,21)))),(30,(26,16)),(19,(15,(2,(20,(12,(5,(24,7))))))));

STEP 2 [NNI_IncrementalHeuristic_MS_RF -> NNI_Substep_2] - Distance: 145.0000
(((30,(26,16)),(((23,(11,(8,28))),(1,6)),((((18,4),(10,17)),((9,(27,(25,3))),22)),(13,21)))),(14,29),(19,(15,(2,(20,(12,(5,(24,7))))))));

STEP 3 [NNI_IncrementalHeuristic_MS_RF -> NNI_Substep_3] - Distance: 142.0000
(19,(14,29),(((30,(26,16)),(((23,(11,(8,28))),(1,6)),((((18,4),(10,17)),((9,(27,(25,3))),22)),(13,21)))),(15,(2,(20,(12,(5,(24,7))))))));

STEP 4 [NNI_IncrementalHeuristic_MS_RF -> NNI_Substep_4] - Distance: 140.0000
(19,(14,29),(((30,(26,16)),(((23,(11,(8,28))),(1,6)),(((13,21),((9,(27,(25,3))),22)),((18,4),(10,17))))),(15,(2,(20,(12,(5,(24,7))))))));

STEP 5 [NNI_IncrementalHeuristic_MS_RF -> NNI_Substep_5] - Distance: 138.0000
(19,(14,29),(((30,(26,16)),(((18,4),(10,17)),(((13,21),((9,(27,(25,3))),22)),((23,(11,(8,28))),(1,6))))),(15,(2,(20,(12,(5,(24,7))))))));

STEP 6 [NNI_IncrementalHeuristic_MS_RF -> NNI_Substep_6] - Distance: 135.0000
(19,(14,29),((((18,4),(10,17)),((30,(26,16)),(((13,21),((9,(27,(25,3))),22)),((23,(11,(8,28))),(1,6))))),(15,(2,(20,(12,(5,(24,7))))))));

STEP 7 [NNI_IncrementalHeuristic_MS_RF -> NNI_Substep_7] - Distance: 132.0000
(19,(14,29),(((15,(2,(20,(12,(5,(24,7)))))),((30,(26,16)),(((13,21),((9,(27,(25,3))),22)),((23,(11,(8,28))),(1,6))))),((18,4),(10,17))));

STEP 8 [NNI_IncrementalHeuristic_MS_RF -> NNI_Substep_8] - Distance: 130.0000
(19,(14,29),(((15,((30,(26,16)),(((13,21),((9,(27,(25,3))),22)),((23,(11,(8,28))),(1,6))))),(2,(20,(12,(5,(24,7)))))),((18,4),(10,17))));

STEP 9 [NNI_IncrementalHeuristic_MS_RF -> NNI_Substep_9] - Distance: 128.0000
(19,(14,29),((((30,(26,16)),(15,(((13,21),((9,(27,(25,3))),22)),((23,(11,(8,28))),(1,6))))),(2,(20,(12,(5,(24,7)))))),((18,4),(10,17))));

STEP 10 [NNI_IncrementalHeuristic_MS_RF -> NNI_Substep_10] - Distance: 126.0000
(19,(14,29),(((20,(12,(5,(24,7)))),(2,((30,(26,16)),(15,(((13,21),((9,(27,(25,3))),22)),((23,(11,(8,28))),(1,6))))))),((18,4),(10,17))));

STEP 11 [NNI_IncrementalHeuristic_MS_RF -> NNI_Substep_11] - Distance: 124.0000
(19,(14,29),((((5,(24,7)),(12,20)),(2,((30,(26,16)),(15,(((13,21),((9,(27,(25,3))),22)),((23,(11,(8,28))),(1,6))))))),((18,4),(10,17))));

STEP 12 [NNI_IncrementalHeuristic_MS_RF -> NNI_Substep_12] - Distance: 123.0000
(19,(14,29),((((2,((30,(26,16)),(15,(((13,21),((9,(27,(25,3))),22)),((23,(11,(8,28))),(1,6)))))),(12,20)),(5,(24,7))),((18,4),(10,17))));

STEP 13 [NNI_IncrementalHeuristic_MS_RF -> NNI_Substep_13] - Distance: 120.0000
(19,(14,29),((((2,(12,20)),((30,(26,16)),(15,(((13,21),((9,(27,(25,3))),22)),((23,(11,(8,28))),(1,6)))))),(5,(24,7))),((18,4),(10,17))));

STEP 14 [NNI_IncrementalHeuristic_MS_RF -> NNI_Substep_14] - Distance: 118.0000
(19,(14,29),((((18,4),(10,17)),(5,(24,7))),((2,(12,20)),((30,(26,16)),(15,(((13,21),((9,(27,(25,3))),22)),((23,(11,(8,28))),(1,6))))))));

STEP 15 [NNI_IncrementalHeuristic_MS_RF -> NNI_Substep_15] - Distance: 116.0000
((((18,4),(10,17)),(5,(24,7))),(14,29),(19,((2,(12,20)),((30,(26,16)),(15,(((13,21),((9,(27,(25,3))),22)),((23,(11,(8,28))),(1,6))))))));

STEP 16 [NNI_IncrementalHeuristic_MS_RF -> NNI_Substep_16] - Distance: 115.0000
((5,(((18,4),(10,17)),(24,7))),(14,29),(19,((2,(12,20)),((30,(26,16)),(15,(((13,21),((9,(27,(25,3))),22)),((23,(11,(8,28))),(1,6))))))));

STEP 17 [NNI_IncrementalHeuristic_MS_RF -> NNI_Substep_17] - Distance: 114.0000
((5,(((18,4),(10,17)),(24,7))),(14,29),(19,((2,(12,20)),((30,(26,16)),(((23,(11,(8,28))),(1,6)),(((13,21),((9,(27,(25,3))),22)),15))))));

STEP 18 [NNI_IncrementalHeuristic_MS_RF -> NNI_Substep_18] - Distance: 111.0000
((5,(((18,4),(10,17)),(24,7))),(14,29),(19,((2,(12,20)),((30,(26,16)),(((23,(11,(8,28))),(1,6)),((15,((9,(27,(25,3))),22)),(13,21)))))));

STEP 19 [NNI_IncrementalHeuristic_MS_RF -> NNI_Substep_19] - Distance: 110.0000
((5,(((18,4),(10,17)),(24,7))),(14,29),(19,((2,(12,20)),((30,(26,16)),(((23,(1,6)),(11,(8,28))),((15,((9,(27,(25,3))),22)),(13,21)))))));

STEP 20 [NNI_IncrementalHeuristic_MS_RF -> NNI_Substep_20] - Distance: 109.0000
((5,(((18,4),(10,17)),(24,7))),(14,29),(19,((2,(12,20)),((30,(26,16)),(((23,(1,6)),(11,(8,28))),((15,(((25,3),(27,9)),22)),(13,21)))))));

STEP 21 [uTBR_IncrementalHeuristic_MS_RF -> NNI_Substep_1] - Distance: 111.0000
((5,(((18,4),(10,17)),(24,7))),(14,29),(19,((2,(12,20)),((30,(26,16)),((((23,(1,6)),(8,28)),11),((15,(((25,3),(27,9)),22)),(13,21)))))));

STEP 22 [uTBR_IncrementalHeuristic_MS_RF -> NNI_Substep_2] - Distance: 112.0000
((5,(((18,4),(10,17)),(24,7))),(14,29),(19,((2,(12,20)),((30,(26,16)),((((23,(1,6)),(8,28)),((15,(((25,3),(27,9)),22)),(13,21))),11)))));

STEP 23 [uTBR_IncrementalHeuristic_MS_RF -> NNI_Substep_3] - Distance: 112.0000
((5,(((18,4),(10,17)),(24,7))),(14,29),(19,((2,(12,20)),(((30,(26,16)),(((23,(1,6)),(8,28)),((15,(((25,3),(27,9)),22)),(13,21)))),11))));

STEP 24 [uTBR_IncrementalHeuristic_MS_RF -> NNI_Substep_4] - Distance: 110.0000
((5,(((18,4),(10,17)),(24,7))),(14,29),(19,(((2,(12,20)),((30,(26,16)),(((23,(1,6)),(8,28)),((15,(((25,3),(27,9)),22)),(13,21))))),11)));

STEP 25 [uTBR_IncrementalHeuristic_MS_RF -> NNI_Substep_5] - Distance: 108.0000
((5,(((18,4),(10,17)),(24,7))),(14,29),((19,((2,(12,20)),((30,(26,16)),(((23,(1,6)),(8,28)),((15,(((25,3),(27,9)),22)),(13,21)))))),11));

STEP 26 [uTBR_IncrementalHeuristic_MS_RF -> NNI_Substep_6] - Distance: 107.0000
(((5,(((18,4),(10,17)),(24,7))),11),(14,29),(19,((2,(12,20)),((30,(26,16)),(((23,(1,6)),(8,28)),((15,(((25,3),(27,9)),22)),(13,21)))))));

STEP 27 [uTBR_IncrementalHeuristic_MS_RF -> NNI_Substep_7] - Distance: 107.0000
((5,((((18,4),(10,17)),(24,7)),11)),(14,29),(19,((2,(12,20)),((30,(26,16)),(((23,(1,6)),(8,28)),((15,(((25,3),(27,9)),22)),(13,21)))))));

STEP 28 [uTBR_IncrementalHeuristic_MS_RF -> NNI_Substep_8] - Distance: 104.0000
((5,((((18,4),(10,17)),11),(24,7))),(14,29),(19,((2,(12,20)),((30,(26,16)),(((23,(1,6)),(8,28)),((15,(((25,3),(27,9)),22)),(13,21)))))));

STEP 29 [uTBR_IncrementalHeuristic_MS_RF -> NNI_Substep_9] - Distance: 101.0000
((5,(((18,4),((10,17),11)),(24,7))),(14,29),(19,((2,(12,20)),((30,(26,16)),(((23,(1,6)),(8,28)),((15,(((25,3),(27,9)),22)),(13,21)))))));

STEP 30 [uTBR_IncrementalHeuristic_MS_RF -> NNI_Substep_10] - Distance: 101.0000
((5,(((18,4),(10,(17,11))),(24,7))),(14,29),(19,((2,(12,20)),((30,(26,16)),(((23,(1,6)),(8,28)),((15,(((25,3),(27,9)),22)),(13,21)))))));

STEP 31 [uTBR_IncrementalHeuristic_MS_RF -> NNI_Substep_11] - Distance: 102.0000
((5,(((18,4),(10,(17,11))),(24,7))),(14,29),(19,((2,(12,20)),((30,(26,16)),((((1,6),(8,28)),23),((15,(((25,3),(27,9)),22)),(13,21)))))));

STEP 32 [uTBR_IncrementalHeuristic_MS_RF -> NNI_Substep_12] - Distance: 105.0000
((5,(((18,4),(10,(17,11))),(24,7))),(14,29),(19,((2,(12,20)),((30,(26,16)),((((1,6),(8,28)),((15,(((25,3),(27,9)),22)),(13,21))),23)))));

STEP 33 [uTBR_IncrementalHeuristic_MS_RF -> NNI_Substep_13] - Distance: 104.0000
((5,(((18,4),(10,(17,11))),(24,7))),(14,29),(19,((2,(12,20)),((30,(26,16)),(((1,6),(8,28)),(((15,(((25,3),(27,9)),22)),(13,21)),23))))));

STEP 34 [uTBR_IncrementalHeuristic_MS_RF -> NNI_Substep_14] - Distance: 101.0000
((5,(((18,4),(10,(17,11))),(24,7))),(14,29),(19,((2,(12,20)),((30,(26,16)),(((1,6),(8,28)),(((15,(((25,3),(27,9)),22)),23),(13,21)))))));

STEP 35 [uTBR_IncrementalHeuristic_MS_RF -> NNI_Substep_15] - Distance: 99.0000
((5,(((18,4),(10,(17,11))),(24,7))),(14,29),(19,((2,(12,20)),((30,(26,16)),(((1,6),(8,28)),((15,((((25,3),(27,9)),22),23)),(13,21)))))));

STEP 36 [uTBR_IncrementalHeuristic_MS_RF -> NNI_Substep_16] - Distance: 94.0000
((5,(((18,4),(10,(17,11))),(24,7))),(14,29),(19,((2,(12,20)),((30,(26,16)),(((1,6),(8,28)),((15,(((25,3),(27,9)),(22,23))),(13,21)))))));

STEP 37 [uTBR_IncrementalHeuristic_MS_RF -> NNI_Substep_17] - Distance: 95.0000
((5,((((18,4),(17,11)),10),(24,7))),(14,29),(19,((2,(12,20)),((30,(26,16)),(((1,6),(8,28)),((15,(((25,3),(27,9)),(22,23))),(13,21)))))));

STEP 38 [uTBR_IncrementalHeuristic_MS_RF -> NNI_Substep_18] - Distance: 96.0000
((5,((((18,4),(17,11)),(24,7)),10)),(14,29),(19,((2,(12,20)),((30,(26,16)),(((1,6),(8,28)),((15,(((25,3),(27,9)),(22,23))),(13,21)))))));

STEP 39 [uTBR_IncrementalHeuristic_MS_RF -> NNI_Substep_19] - Distance: 94.0000
(((5,(((18,4),(17,11)),(24,7))),10),(14,29),(19,((2,(12,20)),((30,(26,16)),(((1,6),(8,28)),((15,(((25,3),(27,9)),(22,23))),(13,21)))))));

STEP 40 [uTBR_IncrementalHeuristic_MS_RF -> NNI_Substep_20] - Distance: 89.0000
((5,(((18,4),(17,11)),(24,7))),((14,29),10),(19,((2,(12,20)),((30,(26,16)),(((1,6),(8,28)),((15,(((25,3),(27,9)),(22,23))),(13,21)))))));

STEP 41 [uTBR_IncrementalHeuristic_MS_RF -> NNI_Substep_21] - Distance: 89.0000
((5,(((18,4),(17,11)),(24,7))),((14,10),29),(19,((2,(12,20)),((30,(26,16)),(((1,6),(8,28)),((15,(((25,3),(27,9)),(22,23))),(13,21)))))));

STEP 42 [uTBR_IncrementalHeuristic_MS_RF -> NNI_Substep_22] - Distance: 90.0000
(((5,(((18,4),(17,11)),(24,7))),29),(14,10),(19,((2,(12,20)),((30,(26,16)),(((1,6),(8,28)),((15,(((25,3),(27,9)),(22,23))),(13,21)))))));

STEP 43 [uTBR_IncrementalHeuristic_MS_RF -> NNI_Substep_23] - Distance: 90.0000
((5,((((18,4),(17,11)),(24,7)),29)),(14,10),(19,((2,(12,20)),((30,(26,16)),(((1,6),(8,28)),((15,(((25,3),(27,9)),(22,23))),(13,21)))))));

STEP 44 [uTBR_IncrementalHeuristic_MS_RF -> NNI_Substep_24] - Distance: 87.0000
((5,((((18,4),(17,11)),29),(24,7))),(14,10),(19,((2,(12,20)),((30,(26,16)),(((1,6),(8,28)),((15,(((25,3),(27,9)),(22,23))),(13,21)))))));

STEP 45 [uTBR_IncrementalHeuristic_MS_RF -> NNI_Substep_25] - Distance: 84.0000
((5,((((18,4),29),(17,11)),(24,7))),(14,10),(19,((2,(12,20)),((30,(26,16)),(((1,6),(8,28)),((15,(((25,3),(27,9)),(22,23))),(13,21)))))));

STEP 46 [uTBR_IncrementalHeuristic_MS_RF -> NNI_Substep_26] - Distance: 84.0000
((5,(((18,(4,29)),(17,11)),(24,7))),(14,10),(19,((2,(12,20)),((30,(26,16)),(((1,6),(8,28)),((15,(((25,3),(27,9)),(22,23))),(13,21)))))));

STEP 47 [uTBR_IncrementalHeuristic_MS_RF -> NNI_Substep_27] - Distance: 85.0000
((5,((((4,29),(17,11)),18),(24,7))),(14,10),(19,((2,(12,20)),((30,(26,16)),(((1,6),(8,28)),((15,(((25,3),(27,9)),(22,23))),(13,21)))))));

STEP 48 [uTBR_IncrementalHeuristic_MS_RF -> NNI_Substep_28] - Distance: 84.0000
((5,((((4,29),(17,11)),(24,7)),18)),(14,10),(19,((2,(12,20)),((30,(26,16)),(((1,6),(8,28)),((15,(((25,3),(27,9)),(22,23))),(13,21)))))));

STEP 49 [uTBR_IncrementalHeuristic_MS_RF -> NNI_Substep_29] - Distance: 82.0000
(((5,(((4,29),(17,11)),(24,7))),18),(14,10),(19,((2,(12,20)),((30,(26,16)),(((1,6),(8,28)),((15,(((25,3),(27,9)),(22,23))),(13,21)))))));

STEP 50 [uTBR_IncrementalHeuristic_MS_RF -> NNI_Substep_30] - Distance: 83.0000
((5,(((4,29),(17,11)),(24,7))),(14,10),((19,((2,(12,20)),((30,(26,16)),(((1,6),(8,28)),((15,(((25,3),(27,9)),(22,23))),(13,21)))))),18));

STEP 51 [uTBR_IncrementalHeuristic_MS_RF -> NNI_Substep_31] - Distance: 83.0000
((5,(((4,29),(17,11)),(24,7))),(14,10),(19,(((2,(12,20)),((30,(26,16)),(((1,6),(8,28)),((15,(((25,3),(27,9)),(22,23))),(13,21))))),18)));

STEP 52 [uTBR_IncrementalHeuristic_MS_RF -> NNI_Substep_32] - Distance: 76.0000
((5,(((4,29),(17,11)),(24,7))),(14,10),(19,(((2,(12,20)),18),((30,(26,16)),(((1,6),(8,28)),((15,(((25,3),(27,9)),(22,23))),(13,21)))))));

STEP 53 [uTBR_IncrementalHeuristic_MS_RF -> NNI_Substep_33] - Distance: 74.0000
((5,(((4,29),(17,11)),(24,7))),(14,10),(19,((2,((12,20),18)),((30,(26,16)),(((1,6),(8,28)),((15,(((25,3),(27,9)),(22,23))),(13,21)))))));

STEP 54 [uTBR_IncrementalHeuristic_MS_RF -> NNI_Substep_34] - Distance: 75.0000
((5,(((4,29),(17,11)),(24,7))),(14,10),(19,((2,((12,20),18)),((30,(26,16)),((((1,6),28),8),((15,(((25,3),(27,9)),(22,23))),(13,21)))))));

STEP 55 [uTBR_IncrementalHeuristic_MS_RF -> NNI_Substep_35] - Distance: 79.0000
((5,(((4,29),(17,11)),(24,7))),(14,10),(19,((2,((12,20),18)),((30,(26,16)),((((1,6),28),((15,(((25,3),(27,9)),(22,23))),(13,21))),8)))));

STEP 56 [uTBR_IncrementalHeuristic_MS_RF -> NNI_Substep_36] - Distance: 79.0000
((5,(((4,29),(17,11)),(24,7))),(14,10),(19,((2,((12,20),18)),(((30,(26,16)),(((1,6),28),((15,(((25,3),(27,9)),(22,23))),(13,21)))),8))));

STEP 57 [uTBR_IncrementalHeuristic_MS_RF -> NNI_Substep_37] - Distance: 76.0000
((5,(((4,29),(17,11)),(24,7))),(14,10),(19,(((2,((12,20),18)),((30,(26,16)),(((1,6),28),((15,(((25,3),(27,9)),(22,23))),(13,21))))),8)));

STEP 58 [uTBR_IncrementalHeuristic_MS_RF -> NNI_Substep_38] - Distance: 74.0000
((5,(((4,29),(17,11)),(24,7))),(14,10),((19,((2,((12,20),18)),((30,(26,16)),(((1,6),28),((15,(((25,3),(27,9)),(22,23))),(13,21)))))),8));

STEP 59 [uTBR_IncrementalHeuristic_MS_RF -> NNI_Substep_39] - Distance: 71.0000
(((5,(((4,29),(17,11)),(24,7))),8),(14,10),(19,((2,((12,20),18)),((30,(26,16)),(((1,6),28),((15,(((25,3),(27,9)),(22,23))),(13,21)))))));

STEP 60 [uTBR_IncrementalHeuristic_MS_RF -> NNI_Substep_40] - Distance: 71.0000
(((5,(((4,29),(17,11)),(24,7))),8),(14,10),(19,((2,((12,20),18)),((30,(26,16)),(((6,28),1),((15,(((25,3),(27,9)),(22,23))),(13,21)))))));

STEP 61 [uTBR_IncrementalHeuristic_MS_RF -> NNI_Substep_41] - Distance: 77.0000
(((5,(((4,29),(17,11)),(24,7))),8),(14,10),(19,((2,((12,20),18)),((30,(26,16)),(((6,28),((15,(((25,3),(27,9)),(22,23))),(13,21))),1)))));

STEP 62 [uTBR_IncrementalHeuristic_MS_RF -> NNI_Substep_42] - Distance: 76.0000
(((5,(((4,29),(17,11)),(24,7))),8),(14,10),(19,((2,((12,20),18)),((30,(26,16)),((6,28),(((15,(((25,3),(27,9)),(22,23))),(13,21)),1))))));

STEP 63 [uTBR_IncrementalHeuristic_MS_RF -> NNI_Substep_43] - Distance: 68.0000
(((5,(((4,29),(17,11)),(24,7))),8),(14,10),(19,((2,((12,20),18)),((30,(26,16)),((6,28),((15,(((25,3),(27,9)),(22,23))),((13,21),1)))))));

STEP 64 [uTBR_IncrementalHeuristic_MS_RF -> NNI_Substep_44] - Distance: 66.0000
(((5,(((4,29),(17,11)),(24,7))),8),(14,10),(19,((2,((12,20),18)),((30,(26,16)),((6,28),((15,(((25,3),(27,9)),(22,23))),(13,(21,1))))))));

STEP 65 [uTBR_IncrementalHeuristic_MS_RF -> NNI_Substep_45] - Distance: 73.0000
(((5,(((4,29),(17,11)),(24,7))),8),(14,10),(19,((2,((12,20),18)),((30,(26,16)),((6,28),(((15,(((25,3),(27,9)),(22,23))),13),(21,1)))))));

STEP 66 [uTBR_IncrementalHeuristic_MS_RF -> NNI_Substep_46] - Distance: 73.0000
(((5,(((4,29),(17,11)),(24,7))),8),(14,10),(19,((2,((12,20),18)),((30,(26,16)),(((6,28),((15,(((25,3),(27,9)),(22,23))),13)),(21,1))))));

STEP 67 [uTBR_IncrementalHeuristic_MS_RF -> NNI_Substep_47] - Distance: 72.0000
(((5,(((4,29),(17,11)),(24,7))),8),(14,10),(19,((2,((12,20),18)),(((30,(26,16)),((6,28),((15,(((25,3),(27,9)),(22,23))),13))),(21,1)))));

STEP 68 [uTBR_IncrementalHeuristic_MS_RF -> NNI_Substep_48] - Distance: 70.0000
(((5,(((4,29),(17,11)),(24,7))),8),(14,10),(19,(((2,((12,20),18)),((30,(26,16)),((6,28),((15,(((25,3),(27,9)),(22,23))),13)))),(21,1))));

STEP 69 [uTBR_IncrementalHeuristic_MS_RF -> NNI_Substep_49] - Distance: 69.0000
(((5,(((4,29),(17,11)),(24,7))),8),(14,10),((19,((2,((12,20),18)),((30,(26,16)),((6,28),((15,(((25,3),(27,9)),(22,23))),13))))),(21,1)));

STEP 70 [uTBR_IncrementalHeuristic_MS_RF -> NNI_Substep_50] - Distance: 58.0000
(((5,(((4,29),(17,11)),(24,7))),8),(14,10),((19,(21,1)),((2,((12,20),18)),((30,(26,16)),((6,28),((15,(((25,3),(27,9)),(22,23))),13))))));

STEP 71 [uTBR_IncrementalHeuristic_MS_RF -> NNI_Substep_51] - Distance: 59.0000
(((5,(((4,29),(17,11)),(24,7))),8),(14,10),((19,(21,1)),((2,((12,20),18)),((30,(26,16)),((6,28),((15,(((25,(27,9)),3),(22,23))),13))))));

STEP 72 [uTBR_IncrementalHeuristic_MS_RF -> NNI_Substep_52] - Distance: 60.0000
(((5,(((4,29),(17,11)),(24,7))),8),(14,10),((19,(21,1)),((2,((12,20),18)),((30,(26,16)),((6,28),((15,(((25,(27,9)),(22,23)),3)),13))))));

STEP 73 [uTBR_IncrementalHeuristic_MS_RF -> NNI_Substep_53] - Distance: 60.0000
(((5,(((4,29),(17,11)),(24,7))),8),(14,10),((19,(21,1)),((2,((12,20),18)),((30,(26,16)),((6,28),(((15,((25,(27,9)),(22,23))),3),13))))));

STEP 74 [uTBR_IncrementalHeuristic_MS_RF -> NNI_Substep_54] - Distance: 60.0000
(((5,(((4,29),(17,11)),(24,7))),8),(14,10),((19,(21,1)),((2,((12,20),18)),((30,(26,16)),((6,28),(((15,((25,(27,9)),(22,23))),13),3))))));

STEP 75 [uTBR_IncrementalHeuristic_MS_RF -> NNI_Substep_55] - Distance: 59.0000
(((5,(((4,29),(17,11)),(24,7))),8),(14,10),((19,(21,1)),((2,((12,20),18)),((30,(26,16)),(((6,28),((15,((25,(27,9)),(22,23))),13)),3)))));

STEP 76 [uTBR_IncrementalHeuristic_MS_RF -> NNI_Substep_56] - Distance: 61.0000
(((5,(((4,29),(17,11)),(24,7))),8),(14,10),((19,(21,1)),((2,((12,20),18)),(((30,(26,16)),((6,28),((15,((25,(27,9)),(22,23))),13))),3))));

STEP 77 [uTBR_IncrementalHeuristic_MS_RF -> NNI_Substep_57] - Distance: 58.0000
(((5,(((4,29),(17,11)),(24,7))),8),(14,10),((19,(21,1)),(((2,((12,20),18)),((30,(26,16)),((6,28),((15,((25,(27,9)),(22,23))),13)))),3)));

STEP 78 [uTBR_IncrementalHeuristic_MS_RF -> NNI_Substep_58] - Distance: 60.0000
(((5,(((4,29),(17,11)),(24,7))),8),(14,10),(((19,(21,1)),((2,((12,20),18)),((30,(26,16)),((6,28),((15,((25,(27,9)),(22,23))),13))))),3));

STEP 79 [uTBR_IncrementalHeuristic_MS_RF -> NNI_Substep_59] - Distance: 47.0000
(((5,(((4,29),(17,11)),(24,7))),8),(14,10),(((19,(21,1)),3),((2,((12,20),18)),((30,(26,16)),((6,28),((15,((25,(27,9)),(22,23))),13))))));

STEP 80 [uTBR_IncrementalHeuristic_MS_RF -> NNI_Substep_60] - Distance: 47.0000
(((5,(((4,29),(17,11)),(24,7))),8),(14,10),(((19,(21,1)),3),((2,((12,20),18)),((30,(26,16)),((6,28),((15,(((25,9),27),(22,23))),13))))));

STEP 81 [uTBR_IncrementalHeuristic_MS_RF -> NNI_Substep_61] - Distance: 48.0000
(((5,(((4,29),(17,11)),(24,7))),8),(14,10),(((19,(21,1)),3),((2,((12,20),18)),((30,(26,16)),((6,28),((15,(((25,9),(22,23)),27)),13))))));

STEP 82 [uTBR_IncrementalHeuristic_MS_RF -> NNI_Substep_62] - Distance: 48.0000
(((5,(((4,29),(17,11)),(24,7))),8),(14,10),(((19,(21,1)),3),((2,((12,20),18)),((30,(26,16)),((6,28),(((15,((25,9),(22,23))),27),13))))));

STEP 83 [uTBR_IncrementalHeuristic_MS_RF -> NNI_Substep_63] - Distance: 46.0000
(((5,(((4,29),(17,11)),(24,7))),8),(14,10),(((19,(21,1)),3),((2,((12,20),18)),((30,(26,16)),((6,28),(((15,((25,9),(22,23))),13),27))))));

STEP 84 [uTBR_IncrementalHeuristic_MS_RF -> NNI_Substep_64] - Distance: 42.0000
(((5,(((4,29),(17,11)),(24,7))),8),(14,10),(((19,(21,1)),3),((2,((12,20),18)),((30,(26,16)),((6,28),((15,((25,9),(22,23))),(13,27)))))));

STEP 85 [uTBR_IncrementalHeuristic_MS_RF -> NNI_Substep_65] - Distance: 49.0000
(((5,(((4,29),(17,11)),(24,7))),8),(14,10),(((19,(21,1)),3),((2,((30,(26,16)),((6,28),((15,((25,9),(22,23))),(13,27))))),((12,20),18))));

STEP 86 [uTBR_IncrementalHeuristic_MS_RF -> NNI_Substep_66] - Distance: 45.0000
(((5,(((4,29),(17,11)),(24,7))),8),(14,10),(((19,(21,1)),3),((((30,(26,16)),((6,28),((15,((25,9),(22,23))),(13,27)))),((12,20),18)),2)));

STEP 87 [uTBR_IncrementalHeuristic_MS_RF -> NNI_Substep_67] - Distance: 39.0000
(((5,(((4,29),(17,11)),(24,7))),8),(14,10),(((19,(21,1)),3),(((((6,28),((15,((25,9),(22,23))),(13,27))),((12,20),18)),(30,(26,16))),2)));

STEP 88 [uTBR_IncrementalHeuristic_MS_RF -> NNI_Substep_68] - Distance: 33.0000
(((5,(((4,29),(17,11)),(24,7))),8),(14,10),(((19,(21,1)),3),(2,((30,(26,16)),(((6,28),((12,20),18)),((15,((25,9),(22,23))),(13,27)))))));

STEP 89 [uTBR_IncrementalHeuristic_MS_RF -> NNI_Substep_69] - Distance: 32.0000
(((5,(((4,29),(17,11)),(24,7))),8),(14,10),(((19,(21,1)),3),(2,((30,(26,16)),(((15,((25,9),(22,23))),(13,27)),(18,((12,20),(6,28))))))));

STEP 90 [uTBR_IncrementalHeuristic_MS_RF -> NNI_Substep_70] - Distance: 22.0000
(((5,(((4,29),(17,11)),(24,7))),8),(14,10),(((19,(21,1)),3),(2,((30,(26,16)),((15,((25,9),(22,23))),((13,27),(18,((12,20),(6,28)))))))));

STEP 91 [uTBR_IncrementalHeuristic_MS_RF -> NNI_Substep_71] - Distance: 22.0000
(((5,(((4,29),(17,11)),(24,7))),8),(14,10),(((19,(21,1)),3),(2,((30,(26,16)),((15,((25,9),(22,23))),((13,(18,((12,20),(6,28)))),27))))));

STEP 92 [uTBR_IncrementalHeuristic_MS_RF -> NNI_Substep_72] - Distance: 20.0000
(((5,(((4,29),(17,11)),(24,7))),8),(14,10),(((19,(21,1)),3),(2,((30,(26,16)),((15,((25,9),(22,23))),(((((12,20),(6,28)),13),18),27))))));

STEP 93 [uTBR_IncrementalHeuristic_MS_RF -> NNI_Substep_73] - Distance: 19.0000
(((5,(((4,29),(17,11)),(24,7))),8),(14,10),(((19,(21,1)),3),(2,((30,(26,16)),((15,((25,9),(22,23))),(((((6,28),13),(12,20)),18),27))))));

STEP 94 [uTBR_IncrementalHeuristic_MS_RF -> NNI_Substep_74] - Distance: 17.0000
(((5,(((4,29),(17,11)),(24,7))),8),(14,10),(((19,(21,1)),3),(2,((30,(26,16)),((15,((25,9),(22,23))),((18,((12,20),(6,(28,13)))),27))))));

STEP 95 [uTBR_IncrementalHeuristic_MS_RF -> NNI_Substep_75] - Distance: 17.0000
(((5,(((4,29),(17,11)),(24,7))),8),(14,10),(((19,(21,1)),3),(2,((30,(26,16)),((15,((25,9),(22,23))),((18,((20,(6,(28,13))),12)),27))))));

STEP 96 [uTBR_IncrementalHeuristic_MS_RF -> NNI_Substep_76] - Distance: 15.0000
(((5,(((4,29),(17,11)),(24,7))),8),(14,10),(((19,(21,1)),3),(2,((30,(26,16)),((15,((25,9),(22,23))),((18,(((6,(28,13)),12),20)),27))))));

STEP 97 [uTBR_IncrementalHeuristic_MS_RF -> NNI_Substep_77] - Distance: 13.0000
(((5,(((4,29),(17,11)),(24,7))),8),(14,10),(((19,(21,1)),3),(2,((30,(26,16)),((15,((25,9),(22,23))),((18,((((28,13),12),6),20)),27))))));

STEP 98 [uTBR_IncrementalHeuristic_MS_RF -> NNI_Substep_78] - Distance: 15.0000
(((5,(((4,29),(17,11)),(24,7))),8),(14,10),(((19,(21,1)),3),(2,(((30,26),16),((15,((25,9),(22,23))),((18,(20,(6,((28,13),12)))),27))))));

STEP 99 [uTBR_IncrementalHeuristic_MS_RF -> NNI_Substep_79] - Distance: 18.0000
(((5,(((4,29),(17,11)),(24,7))),8),(14,10),(((19,(21,1)),3),(2,(((30,26),((15,((25,9),(22,23))),((18,(20,(6,((28,13),12)))),27))),16))));

STEP 100 [uTBR_IncrementalHeuristic_MS_RF -> NNI_Substep_80] - Distance: 18.0000
(((5,(((4,29),(17,11)),(24,7))),8),(14,10),(((19,(21,1)),3),((2,((30,26),((15,((25,9),(22,23))),((18,(20,(6,((28,13),12)))),27)))),16)));

STEP 101 [uTBR_IncrementalHeuristic_MS_RF -> NNI_Substep_81] - Distance: 11.0000
(((5,(((4,29),(17,11)),(24,7))),8),(14,10),(((19,(21,1)),3),((2,16),((30,26),((15,((25,9),(22,23))),((18,(20,(6,((28,13),12)))),27))))));

STEP 102 [uTBR_IncrementalHeuristic_MS_RF -> NNI_Substep_82] - Distance: 12.0000
(((5,(((4,29),(17,11)),(24,7))),8),(14,10),(((19,(21,1)),3),((2,16),(26,(30,((15,((25,9),(22,23))),((18,(20,(6,((28,13),12)))),27)))))));

STEP 103 [uTBR_IncrementalHeuristic_MS_RF -> NNI_Substep_83] - Distance: 0.0000
(((5,(((4,29),(17,11)),(24,7))),8),(14,10),((((19,(21,1)),3),(2,16)),(26,(30,((15,((25,9),(22,23))),((18,(20,(6,((28,13),12)))),27))))));

========================================================
[FINAL] Total Steps: 103 | Final Distance: 0.0000
========================================================
