========================================================
HEURISTIC TRAJECTORY: VND Classic (MP_RF)
========================================================
STEP 0 [START] - Distance: 318.0000
((((((16,(3,24)),(19,(1,(29,13)))),((14,(5,11)),(22,(18,26)))),((6,4),(23,(21,30)))),(27,((9,10),(7,(2,(20,15)))))),((17,28),(25,(8,12))));

STEP 1 [NNI_ClassicHeuristic_MP_RF -> NNI_Substep_1] - Distance: 295.0000
((((17,28),(25,(8,12))),(27,((9,10),(7,(2,(20,15)))))),((((16,(3,24)),(19,(1,(29,13)))),((6,4),(23,(21,30)))),((14,(5,11)),(22,(18,26)))));

STEP 2 [NNI_ClassicHeuristic_MP_RF -> NNI_Substep_2] - Distance: 293.0000
((((17,28),(25,(8,12))),(27,((9,10),(7,(2,(20,15)))))),(((6,4),(((16,(3,24)),(19,(1,(29,13)))),(23,(21,30)))),((14,(5,11)),(22,(18,26)))));

STEP 3 [NNI_ClassicHeuristic_MP_RF -> NNI_Substep_3] - Distance: 290.0000
((((17,28),(25,(8,12))),(27,((9,10),(7,(2,(20,15)))))),((((((16,(3,24)),(19,(1,(29,13)))),(23,(21,30))),4),6),((14,(5,11)),(22,(18,26)))));

STEP 4 [NNI_ClassicHeuristic_MP_RF -> NNI_Substep_4] - Distance: 289.0000
((((8,12),(25,(17,28))),(27,((9,10),(7,(2,(20,15)))))),((((((16,(3,24)),(19,(1,(29,13)))),(23,(21,30))),4),6),((14,(5,11)),(22,(18,26)))));

STEP 5 [NNI_ClassicHeuristic_MP_RF -> NNI_Substep_5] - Distance: 288.0000
((((27,((9,10),(7,(2,(20,15))))),(25,(17,28))),(8,12)),((((((16,(3,24)),(19,(1,(29,13)))),(23,(21,30))),4),6),((14,(5,11)),(22,(18,26)))));

STEP 6 [NNI_ClassicHeuristic_MP_RF -> NNI_Substep_6] - Distance: 287.0000
((8,(((27,((9,10),(7,(2,(20,15))))),(25,(17,28))),12)),((((((16,(3,24)),(19,(1,(29,13)))),(23,(21,30))),4),6),((14,(5,11)),(22,(18,26)))));

STEP 7 [NNI_ClassicHeuristic_MP_RF -> NNI_Substep_7] - Distance: 286.0000
((8,(((27,((9,10),(7,(2,(20,15))))),(25,(17,28))),12)),(((((19,((16,(3,24)),(1,(29,13)))),(23,(21,30))),4),6),((14,(5,11)),(22,(18,26)))));

STEP 8 [NNI_ClassicHeuristic_MP_RF -> NNI_Substep_8] - Distance: 283.0000
((8,(((27,((9,10),(7,(2,(20,15))))),(25,(17,28))),12)),(((((19,(23,(21,30))),((16,(3,24)),(1,(29,13)))),4),6),((14,(5,11)),(22,(18,26)))));

STEP 9 [NNI_ClassicHeuristic_MP_RF -> NNI_Substep_9] - Distance: 281.0000
((8,(((27,((9,10),(7,(2,(20,15))))),(25,(17,28))),12)),((((4,((16,(3,24)),(1,(29,13)))),(19,(23,(21,30)))),6),((14,(5,11)),(22,(18,26)))));

STEP 10 [NNI_ClassicHeuristic_MP_RF -> NNI_Substep_10] - Distance: 280.0000
((8,(((27,((9,10),(7,(2,(20,15))))),(25,(17,28))),12)),((((4,(1,((16,(3,24)),(29,13)))),(19,(23,(21,30)))),6),((14,(5,11)),(22,(18,26)))));

STEP 11 [NNI_ClassicHeuristic_MP_RF -> NNI_Substep_11] - Distance: 279.0000
((8,(((27,((9,10),(7,(2,(20,15))))),(25,(17,28))),12)),((((1,(4,((16,(3,24)),(29,13)))),(19,(23,(21,30)))),6),((14,(5,11)),(22,(18,26)))));

STEP 12 [TBR_ClassicHeuristic_MP_RF -> NNI_Substep_1] - Distance: 279.0000
((8,(((27,((9,10),(7,(2,(20,15))))),(25,(17,28))),12)),((((1,(4,((16,(3,24)),(29,13)))),(19,(23,(21,30)))),6),((14,(5,11)),((22,26),18))));

STEP 13 [TBR_ClassicHeuristic_MP_RF -> NNI_Substep_2] - Distance: 279.0000
((8,(((27,((9,10),(7,(2,(20,15))))),(25,(17,28))),12)),((((1,(4,((16,(3,24)),(29,13)))),(19,(23,(21,30)))),6),(((14,(5,11)),(22,26)),18)));

STEP 14 [TBR_ClassicHeuristic_MP_RF -> NNI_Substep_3] - Distance: 279.0000
((8,(((27,((9,10),(7,(2,(20,15))))),(25,(17,28))),12)),(((((1,(4,((16,(3,24)),(29,13)))),(19,(23,(21,30)))),6),((14,(5,11)),(22,26))),18));

STEP 15 [TBR_ClassicHeuristic_MP_RF -> NNI_Substep_4] - Distance: 276.0000
((8,(((27,((9,10),(7,(2,(20,15))))),(25,(17,28))),12)),(((((1,(4,((16,(3,24)),(29,13)))),(19,(23,(21,30)))),6),18),((14,(5,11)),(22,26))));

STEP 16 [TBR_ClassicHeuristic_MP_RF -> NNI_Substep_5] - Distance: 275.0000
((8,(((27,((9,10),(7,(2,(20,15))))),(25,(17,28))),12)),(((((1,(4,((16,(3,24)),(29,13)))),(19,(23,(21,30)))),18),6),((14,(5,11)),(22,26))));

STEP 17 [TBR_ClassicHeuristic_MP_RF -> NNI_Substep_6] - Distance: 273.0000
((8,(((27,((9,10),(7,(2,(20,15))))),(25,(17,28))),12)),(((((1,(4,((16,(3,24)),(29,13)))),18),(19,(23,(21,30)))),6),((14,(5,11)),(22,26))));

STEP 18 [TBR_ClassicHeuristic_MP_RF -> NNI_Substep_7] - Distance: 270.0000
((8,(((27,((9,10),(7,(2,(20,15))))),(25,(17,28))),12)),(((((1,18),(4,((16,(3,24)),(29,13)))),(19,(23,(21,30)))),6),((14,(5,11)),(22,26))));

STEP 19 [TBR_ClassicHeuristic_MP_RF -> NNI_Substep_8] - Distance: 270.0000
((8,(((27,((9,10),(7,(2,(20,15))))),(25,(17,28))),12)),(((((1,18),(4,((16,(3,24)),(29,13)))),((19,23),(21,30))),6),((14,(5,11)),(22,26))));

STEP 20 [TBR_ClassicHeuristic_MP_RF -> NNI_Substep_9] - Distance: 269.0000
((8,(((27,((9,10),(7,(2,(20,15))))),(25,(17,28))),12)),((((((1,18),(4,((16,(3,24)),(29,13)))),(19,23)),(21,30)),6),((14,(5,11)),(22,26))));

STEP 21 [TBR_ClassicHeuristic_MP_RF -> NNI_Substep_10] - Distance: 269.0000
((8,(((27,((9,10),(7,(2,(20,15))))),(25,(17,28))),12)),((((((1,18),(4,((16,(3,24)),(29,13)))),(19,23)),6),(21,30)),((14,(5,11)),(22,26))));

STEP 22 [TBR_ClassicHeuristic_MP_RF -> NNI_Substep_11] - Distance: 269.0000
((8,(((27,((9,10),(7,(2,(20,15))))),(25,(17,28))),12)),((((((1,18),(4,((16,(3,24)),(29,13)))),(19,23)),6),((14,(5,11)),(22,26))),(21,30)));

STEP 23 [TBR_ClassicHeuristic_MP_RF -> NNI_Substep_12] - Distance: 254.0000
(((8,(21,30)),(((27,((9,10),(7,(2,(20,15))))),(25,(17,28))),12)),(((((1,18),(4,((16,(3,24)),(29,13)))),(19,23)),6),((14,(5,11)),(22,26))));

STEP 24 [TBR_ClassicHeuristic_MP_RF -> NNI_Substep_13] - Distance: 254.0000
(((8,(21,30)),(((27,((10,(7,(2,(20,15)))),9)),(25,(17,28))),12)),(((((1,18),(4,((16,(3,24)),(29,13)))),(19,23)),6),((14,(5,11)),(22,26))));

STEP 25 [TBR_ClassicHeuristic_MP_RF -> NNI_Substep_14] - Distance: 254.0000
(((8,(21,30)),((((27,(10,(7,(2,(20,15))))),9),(25,(17,28))),12)),(((((1,18),(4,((16,(3,24)),(29,13)))),(19,23)),6),((14,(5,11)),(22,26))));

STEP 26 [TBR_ClassicHeuristic_MP_RF -> NNI_Substep_15] - Distance: 254.0000
(((8,(21,30)),((((27,(10,(7,(2,(20,15))))),(25,(17,28))),9),12)),(((((1,18),(4,((16,(3,24)),(29,13)))),(19,23)),6),((14,(5,11)),(22,26))));

STEP 27 [TBR_ClassicHeuristic_MP_RF -> NNI_Substep_16] - Distance: 254.0000
(((8,(21,30)),((((27,(10,(7,(2,(20,15))))),(25,(17,28))),12),9)),(((((1,18),(4,((16,(3,24)),(29,13)))),(19,23)),6),((14,(5,11)),(22,26))));

STEP 28 [TBR_ClassicHeuristic_MP_RF -> NNI_Substep_17] - Distance: 254.0000
((((8,(21,30)),(((27,(10,(7,(2,(20,15))))),(25,(17,28))),12)),9),(((((1,18),(4,((16,(3,24)),(29,13)))),(19,23)),6),((14,(5,11)),(22,26))));

STEP 29 [TBR_ClassicHeuristic_MP_RF -> NNI_Substep_18] - Distance: 246.0000
(((8,(21,30)),(((27,(10,(7,(2,(20,15))))),(25,(17,28))),12)),((((((1,18),(4,((16,(3,24)),(29,13)))),(19,23)),6),9),((14,(5,11)),(22,26))));

STEP 30 [TBR_ClassicHeuristic_MP_RF -> NNI_Substep_19] - Distance: 245.0000
(((8,(21,30)),(((27,(10,(7,(2,(20,15))))),(25,(17,28))),12)),((((((1,18),(4,((16,(3,24)),(29,13)))),(19,23)),9),6),((14,(5,11)),(22,26))));

STEP 31 [TBR_ClassicHeuristic_MP_RF -> NNI_Substep_20] - Distance: 243.0000
(((8,(21,30)),(((27,(10,(7,(2,(20,15))))),(25,(17,28))),12)),((((((1,18),(4,((16,(3,24)),(29,13)))),9),(19,23)),6),((14,(5,11)),(22,26))));

STEP 32 [TBR_ClassicHeuristic_MP_RF -> NNI_Substep_21] - Distance: 241.0000
(((8,(21,30)),(((27,(10,(7,(2,(20,15))))),(25,(17,28))),12)),(((((1,18),((4,((16,(3,24)),(29,13))),9)),(19,23)),6),((14,(5,11)),(22,26))));

STEP 33 [TBR_ClassicHeuristic_MP_RF -> NNI_Substep_22] - Distance: 240.0000
(((8,(21,30)),(((27,(10,(7,(2,(20,15))))),(25,(17,28))),12)),(((((1,18),(4,(((16,(3,24)),(29,13)),9))),(19,23)),6),((14,(5,11)),(22,26))));

STEP 34 [TBR_ClassicHeuristic_MP_RF -> NNI_Substep_23] - Distance: 239.0000
(((8,(21,30)),(((27,(10,(7,(2,(20,15))))),(25,(17,28))),12)),(((((1,18),(4,(((16,(3,24)),9),(29,13)))),(19,23)),6),((14,(5,11)),(22,26))));

STEP 35 [TBR_ClassicHeuristic_MP_RF -> NNI_Substep_24] - Distance: 239.0000
(((8,(21,30)),(((27,(10,(7,(2,(20,15))))),(25,(17,28))),12)),(((((1,18),(4,((16,((3,24),9)),(29,13)))),(19,23)),6),((14,(5,11)),(22,26))));

STEP 36 [TBR_ClassicHeuristic_MP_RF -> NNI_Substep_25] - Distance: 239.0000
(((8,(21,30)),(((27,(10,(7,(2,(20,15))))),(25,(17,28))),12)),(((((1,18),(4,((16,(3,(24,9))),(29,13)))),(19,23)),6),((14,(5,11)),(22,26))));

STEP 37 [TBR_ClassicHeuristic_MP_RF -> NNI_Substep_26] - Distance: 239.0000
(((8,(21,30)),((((10,(7,(2,(20,15)))),(25,(17,28))),27),12)),(((((1,18),(4,((16,(3,(24,9))),(29,13)))),(19,23)),6),((14,(5,11)),(22,26))));

STEP 38 [TBR_ClassicHeuristic_MP_RF -> NNI_Substep_27] - Distance: 239.0000
(((8,(21,30)),((((10,(7,(2,(20,15)))),(25,(17,28))),12),27)),(((((1,18),(4,((16,(3,(24,9))),(29,13)))),(19,23)),6),((14,(5,11)),(22,26))));

STEP 39 [TBR_ClassicHeuristic_MP_RF -> NNI_Substep_28] - Distance: 239.0000
((((8,(21,30)),(((10,(7,(2,(20,15)))),(25,(17,28))),12)),27),(((((1,18),(4,((16,(3,(24,9))),(29,13)))),(19,23)),6),((14,(5,11)),(22,26))));

STEP 40 [TBR_ClassicHeuristic_MP_RF -> NNI_Substep_29] - Distance: 232.0000
(((8,(21,30)),(((10,(7,(2,(20,15)))),(25,(17,28))),12)),((((((1,18),(4,((16,(3,(24,9))),(29,13)))),(19,23)),6),27),((14,(5,11)),(22,26))));

STEP 41 [TBR_ClassicHeuristic_MP_RF -> NNI_Substep_30] - Distance: 224.0000
(((8,(21,30)),(((10,(7,(2,(20,15)))),(25,(17,28))),12)),(((((1,18),(4,((16,(3,(24,9))),(29,13)))),(19,23)),(6,27)),((14,(5,11)),(22,26))));

STEP 42 [TBR_ClassicHeuristic_MP_RF -> NNI_Substep_31] - Distance: 224.0000
(((8,(21,30)),(((10,(7,(2,(20,15)))),((25,17),28)),12)),(((((1,18),(4,((16,(3,(24,9))),(29,13)))),(19,23)),(6,27)),((14,(5,11)),(22,26))));

STEP 43 [TBR_ClassicHeuristic_MP_RF -> NNI_Substep_32] - Distance: 223.0000
(((8,(21,30)),((((10,(7,(2,(20,15)))),(25,17)),28),12)),(((((1,18),(4,((16,(3,(24,9))),(29,13)))),(19,23)),(6,27)),((14,(5,11)),(22,26))));

STEP 44 [TBR_ClassicHeuristic_MP_RF -> NNI_Substep_33] - Distance: 223.0000
(((8,(21,30)),((((10,(7,(2,(20,15)))),(25,17)),12),28)),(((((1,18),(4,((16,(3,(24,9))),(29,13)))),(19,23)),(6,27)),((14,(5,11)),(22,26))));

STEP 45 [TBR_ClassicHeuristic_MP_RF -> NNI_Substep_34] - Distance: 223.0000
((((8,(21,30)),(((10,(7,(2,(20,15)))),(25,17)),12)),28),(((((1,18),(4,((16,(3,(24,9))),(29,13)))),(19,23)),(6,27)),((14,(5,11)),(22,26))));

STEP 46 [TBR_ClassicHeuristic_MP_RF -> NNI_Substep_35] - Distance: 215.0000
(((8,(21,30)),(((10,(7,(2,(20,15)))),(25,17)),12)),((((((1,18),(4,((16,(3,(24,9))),(29,13)))),(19,23)),(6,27)),28),((14,(5,11)),(22,26))));

STEP 47 [TBR_ClassicHeuristic_MP_RF -> NNI_Substep_36] - Distance: 207.0000
(((8,(21,30)),(((10,(7,(2,(20,15)))),(25,17)),12)),(((((1,18),(4,((16,(3,(24,9))),(29,13)))),(19,23)),((6,27),28)),((14,(5,11)),(22,26))));

STEP 48 [TBR_ClassicHeuristic_MP_RF -> NNI_Substep_37] - Distance: 207.0000
(((8,(21,30)),((((10,(2,(20,15))),7),(25,17)),12)),(((((1,18),(4,((16,(3,(24,9))),(29,13)))),(19,23)),((6,27),28)),((14,(5,11)),(22,26))));

STEP 49 [TBR_ClassicHeuristic_MP_RF -> NNI_Substep_38] - Distance: 207.0000
(((8,(21,30)),((((10,(2,(20,15))),(25,17)),7),12)),(((((1,18),(4,((16,(3,(24,9))),(29,13)))),(19,23)),((6,27),28)),((14,(5,11)),(22,26))));

STEP 50 [TBR_ClassicHeuristic_MP_RF -> NNI_Substep_39] - Distance: 207.0000
(((8,(21,30)),((((10,(2,(20,15))),(25,17)),12),7)),(((((1,18),(4,((16,(3,(24,9))),(29,13)))),(19,23)),((6,27),28)),((14,(5,11)),(22,26))));

STEP 51 [TBR_ClassicHeuristic_MP_RF -> NNI_Substep_40] - Distance: 207.0000
((((8,(21,30)),(((10,(2,(20,15))),(25,17)),12)),7),(((((1,18),(4,((16,(3,(24,9))),(29,13)))),(19,23)),((6,27),28)),((14,(5,11)),(22,26))));

STEP 52 [TBR_ClassicHeuristic_MP_RF -> NNI_Substep_41] - Distance: 197.0000
(((8,(21,30)),(((10,(2,(20,15))),(25,17)),12)),((((((1,18),(4,((16,(3,(24,9))),(29,13)))),(19,23)),((6,27),28)),7),((14,(5,11)),(22,26))));

STEP 53 [TBR_ClassicHeuristic_MP_RF -> NNI_Substep_42] - Distance: 189.0000
(((8,(21,30)),(((10,(2,(20,15))),(25,17)),12)),(((((1,18),(4,((16,(3,(24,9))),(29,13)))),(19,23)),(((6,27),28),7)),((14,(5,11)),(22,26))));

STEP 54 [TBR_ClassicHeuristic_MP_RF -> NNI_Substep_43] - Distance: 189.0000
(((8,(21,30)),(((10,(2,(20,15))),(25,17)),12)),(((((1,18),(4,((16,(3,(24,9))),(29,13)))),(19,23)),(((6,27),28),7)),(((14,11),5),(22,26))));

STEP 55 [TBR_ClassicHeuristic_MP_RF -> NNI_Substep_44] - Distance: 189.0000
(((8,(21,30)),(((10,(2,(20,15))),(25,17)),12)),(((((1,18),(4,((16,(3,(24,9))),(29,13)))),(19,23)),(((6,27),28),7)),(((14,11),(22,26)),5)));

STEP 56 [TBR_ClassicHeuristic_MP_RF -> NNI_Substep_45] - Distance: 189.0000
(((8,(21,30)),(((10,(2,(20,15))),(25,17)),12)),((((((1,18),(4,((16,(3,(24,9))),(29,13)))),(19,23)),(((6,27),28),7)),((14,11),(22,26))),5));

STEP 57 [TBR_ClassicHeuristic_MP_RF -> NNI_Substep_46] - Distance: 172.0000
(((8,(21,30)),((((10,(2,(20,15))),(25,17)),12),5)),(((((1,18),(4,((16,(3,(24,9))),(29,13)))),(19,23)),(((6,27),28),7)),((14,11),(22,26))));

STEP 58 [TBR_ClassicHeuristic_MP_RF -> NNI_Substep_47] - Distance: 172.0000
(((8,(21,30)),((((10,(2,(20,15))),(25,17)),5),12)),(((((1,18),(4,((16,(3,(24,9))),(29,13)))),(19,23)),(((6,27),28),7)),((14,11),(22,26))));

STEP 59 [TBR_ClassicHeuristic_MP_RF -> NNI_Substep_48] - Distance: 170.0000
(((8,(21,30)),((((10,(2,(20,15))),5),(25,17)),12)),(((((1,18),(4,((16,(3,(24,9))),(29,13)))),(19,23)),(((6,27),28),7)),((14,11),(22,26))));

STEP 60 [TBR_ClassicHeuristic_MP_RF -> NNI_Substep_49] - Distance: 170.0000
(((8,(21,30)),(((10,((2,(20,15)),5)),(25,17)),12)),(((((1,18),(4,((16,(3,(24,9))),(29,13)))),(19,23)),(((6,27),28),7)),((14,11),(22,26))));

STEP 61 [TBR_ClassicHeuristic_MP_RF -> NNI_Substep_50] - Distance: 170.0000
(((8,(21,30)),(((10,(2,((20,15),5))),(25,17)),12)),(((((1,18),(4,((16,(3,(24,9))),(29,13)))),(19,23)),(((6,27),28),7)),((14,11),(22,26))));

STEP 62 [TBR_ClassicHeuristic_MP_RF -> NNI_Substep_51] - Distance: 169.0000
(((8,(21,30)),(((10,(2,(20,(15,5)))),(25,17)),12)),(((((1,18),(4,((16,(3,(24,9))),(29,13)))),(19,23)),(((6,27),28),7)),((14,11),(22,26))));

STEP 63 [TBR_ClassicHeuristic_MP_RF -> NNI_Substep_52] - Distance: 169.0000
((((8,(21,30)),((10,(2,(20,(15,5)))),(25,17))),12),(((((1,18),(4,((16,(3,(24,9))),(29,13)))),(19,23)),(((6,27),28),7)),((14,11),(22,26))));

STEP 64 [TBR_ClassicHeuristic_MP_RF -> NNI_Substep_53] - Distance: 151.0000
(((8,(21,30)),((10,(2,(20,(15,5)))),(25,17))),(((((1,18),(4,((16,(3,(24,9))),(29,13)))),(19,23)),(((6,27),28),7)),(((14,11),(22,26)),12)));

STEP 65 [TBR_ClassicHeuristic_MP_RF -> NNI_Substep_54] - Distance: 149.0000
(((8,(21,30)),((10,(2,(20,(15,5)))),(25,17))),(((((1,18),(4,((16,(3,(24,9))),(29,13)))),(19,23)),(((6,27),28),7)),(((14,11),12),(22,26))));

STEP 66 [TBR_ClassicHeuristic_MP_RF -> NNI_Substep_55] - Distance: 149.0000
(((8,(21,30)),((10,(2,(20,(15,5)))),(25,17))),(((((1,18),(4,((16,(3,(24,9))),(29,13)))),(19,23)),(((6,27),28),7)),((14,(11,12)),(22,26))));

STEP 67 [TBR_ClassicHeuristic_MP_RF -> NNI_Substep_56] - Distance: 149.0000
(((8,(21,30)),(((10,(20,(15,5))),2),(25,17))),(((((1,18),(4,((16,(3,(24,9))),(29,13)))),(19,23)),(((6,27),28),7)),((14,(11,12)),(22,26))));

STEP 68 [TBR_ClassicHeuristic_MP_RF -> NNI_Substep_57] - Distance: 149.0000
(((8,(21,30)),(((10,(20,(15,5))),(25,17)),2)),(((((1,18),(4,((16,(3,(24,9))),(29,13)))),(19,23)),(((6,27),28),7)),((14,(11,12)),(22,26))));

STEP 69 [TBR_ClassicHeuristic_MP_RF -> NNI_Substep_58] - Distance: 149.0000
((((8,(21,30)),((10,(20,(15,5))),(25,17))),2),(((((1,18),(4,((16,(3,(24,9))),(29,13)))),(19,23)),(((6,27),28),7)),((14,(11,12)),(22,26))));

STEP 70 [TBR_ClassicHeuristic_MP_RF -> NNI_Substep_59] - Distance: 129.0000
(((8,(21,30)),((10,(20,(15,5))),(25,17))),(((((1,18),(4,((16,(3,(24,9))),(29,13)))),(19,23)),(((6,27),28),7)),(((14,(11,12)),(22,26)),2)));

STEP 71 [TBR_ClassicHeuristic_MP_RF -> NNI_Substep_60] - Distance: 127.0000
(((8,(21,30)),((10,(20,(15,5))),(25,17))),(((((1,18),(4,((16,(3,(24,9))),(29,13)))),(19,23)),(((6,27),28),7)),(((14,(11,12)),2),(22,26))));

STEP 72 [TBR_ClassicHeuristic_MP_RF -> NNI_Substep_61] - Distance: 127.0000
(((8,(21,30)),((10,(20,(15,5))),(25,17))),(((((1,18),(4,((16,(3,(24,9))),(29,13)))),(19,23)),(((6,27),28),7)),((14,((11,12),2)),(22,26))));

STEP 73 [TBR_ClassicHeuristic_MP_RF -> NNI_Substep_62] - Distance: 127.0000
(((8,(21,30)),((10,(20,(15,5))),(25,17))),(((((1,18),(4,(((3,(24,9)),(29,13)),16))),(19,23)),(((6,27),28),7)),((14,((11,12),2)),(22,26))));

STEP 74 [TBR_ClassicHeuristic_MP_RF -> NNI_Substep_63] - Distance: 127.0000
(((8,(21,30)),((10,(20,(15,5))),(25,17))),(((((1,18),((4,((3,(24,9)),(29,13))),16)),(19,23)),(((6,27),28),7)),((14,((11,12),2)),(22,26))));

STEP 75 [TBR_ClassicHeuristic_MP_RF -> NNI_Substep_64] - Distance: 127.0000
(((8,(21,30)),((10,(20,(15,5))),(25,17))),((((((1,18),(4,((3,(24,9)),(29,13)))),16),(19,23)),(((6,27),28),7)),((14,((11,12),2)),(22,26))));

STEP 76 [TBR_ClassicHeuristic_MP_RF -> NNI_Substep_65] - Distance: 127.0000
(((8,(21,30)),((10,(20,(15,5))),(25,17))),((((((1,18),(4,((3,(24,9)),(29,13)))),(19,23)),16),(((6,27),28),7)),((14,((11,12),2)),(22,26))));

STEP 77 [TBR_ClassicHeuristic_MP_RF -> NNI_Substep_66] - Distance: 127.0000
(((8,(21,30)),((10,(20,(15,5))),(25,17))),((((((1,18),(4,((3,(24,9)),(29,13)))),(19,23)),(((6,27),28),7)),16),((14,((11,12),2)),(22,26))));

STEP 78 [TBR_ClassicHeuristic_MP_RF -> NNI_Substep_67] - Distance: 127.0000
(((8,(21,30)),((10,(20,(15,5))),(25,17))),((((((1,18),(4,((3,(24,9)),(29,13)))),(19,23)),(((6,27),28),7)),((14,((11,12),2)),(22,26))),16));

STEP 79 [TBR_ClassicHeuristic_MP_RF -> NNI_Substep_68] - Distance: 104.0000
((((8,(21,30)),16),((10,(20,(15,5))),(25,17))),(((((1,18),(4,((3,(24,9)),(29,13)))),(19,23)),(((6,27),28),7)),((14,((11,12),2)),(22,26))));

STEP 80 [TBR_ClassicHeuristic_MP_RF -> NNI_Substep_69] - Distance: 103.0000
((((8,16),(21,30)),((10,(20,(15,5))),(25,17))),(((((1,18),(4,((3,(24,9)),(29,13)))),(19,23)),(((6,27),28),7)),((14,((11,12),2)),(22,26))));

STEP 81 [TBR_ClassicHeuristic_MP_RF -> NNI_Substep_70] - Distance: 103.0000
(((((8,16),30),21),((10,(20,(15,5))),(25,17))),(((((1,18),(4,((3,(24,9)),(29,13)))),(19,23)),(((6,27),28),7)),((14,((11,12),2)),(22,26))));

STEP 82 [TBR_ClassicHeuristic_MP_RF -> NNI_Substep_71] - Distance: 102.0000
(((((8,16),30),((10,(20,(15,5))),(25,17))),21),(((((1,18),(4,((3,(24,9)),(29,13)))),(19,23)),(((6,27),28),7)),((14,((11,12),2)),(22,26))));

STEP 83 [TBR_ClassicHeuristic_MP_RF -> NNI_Substep_72] - Distance: 99.0000
((((8,16),30),(((10,(20,(15,5))),(25,17)),21)),(((((1,18),(4,((3,(24,9)),(29,13)))),(19,23)),(((6,27),28),7)),((14,((11,12),2)),(22,26))));

STEP 84 [TBR_ClassicHeuristic_MP_RF -> NNI_Substep_73] - Distance: 97.0000
((((8,16),30),((10,(20,(15,5))),((25,17),21))),(((((1,18),(4,((3,(24,9)),(29,13)))),(19,23)),(((6,27),28),7)),((14,((11,12),2)),(22,26))));

STEP 85 [TBR_ClassicHeuristic_MP_RF -> NNI_Substep_74] - Distance: 96.0000
((((8,16),30),((10,(20,(15,5))),(25,(17,21)))),(((((1,18),(4,((3,(24,9)),(29,13)))),(19,23)),(((6,27),28),7)),((14,((11,12),2)),(22,26))));

STEP 86 [TBR_ClassicHeuristic_MP_RF -> NNI_Substep_75] - Distance: 96.0000
((((8,16),30),((10,(20,(15,5))),(25,(17,21)))),(((((1,18),(4,(((24,9),(29,13)),3))),(19,23)),(((6,27),28),7)),((14,((11,12),2)),(22,26))));

STEP 87 [TBR_ClassicHeuristic_MP_RF -> NNI_Substep_76] - Distance: 96.0000
((((8,16),30),((10,(20,(15,5))),(25,(17,21)))),(((((1,18),((4,((24,9),(29,13))),3)),(19,23)),(((6,27),28),7)),((14,((11,12),2)),(22,26))));

STEP 88 [TBR_ClassicHeuristic_MP_RF -> NNI_Substep_77] - Distance: 96.0000
((((8,16),30),((10,(20,(15,5))),(25,(17,21)))),((((((1,18),(4,((24,9),(29,13)))),3),(19,23)),(((6,27),28),7)),((14,((11,12),2)),(22,26))));

STEP 89 [TBR_ClassicHeuristic_MP_RF -> NNI_Substep_78] - Distance: 96.0000
((((8,16),30),((10,(20,(15,5))),(25,(17,21)))),((((((1,18),(4,((24,9),(29,13)))),(19,23)),3),(((6,27),28),7)),((14,((11,12),2)),(22,26))));

STEP 90 [TBR_ClassicHeuristic_MP_RF -> NNI_Substep_79] - Distance: 96.0000
((((8,16),30),((10,(20,(15,5))),(25,(17,21)))),((((((1,18),(4,((24,9),(29,13)))),(19,23)),(((6,27),28),7)),3),((14,((11,12),2)),(22,26))));

STEP 91 [TBR_ClassicHeuristic_MP_RF -> NNI_Substep_80] - Distance: 96.0000
((((8,16),30),((10,(20,(15,5))),(25,(17,21)))),((((((1,18),(4,((24,9),(29,13)))),(19,23)),(((6,27),28),7)),((14,((11,12),2)),(22,26))),3));

STEP 92 [TBR_ClassicHeuristic_MP_RF -> NNI_Substep_81] - Distance: 74.0000
((((8,16),30),(((10,(20,(15,5))),(25,(17,21))),3)),(((((1,18),(4,((24,9),(29,13)))),(19,23)),(((6,27),28),7)),((14,((11,12),2)),(22,26))));

STEP 93 [TBR_ClassicHeuristic_MP_RF -> NNI_Substep_82] - Distance: 72.0000
((((8,16),30),((10,(20,(15,5))),((25,(17,21)),3))),(((((1,18),(4,((24,9),(29,13)))),(19,23)),(((6,27),28),7)),((14,((11,12),2)),(22,26))));

STEP 94 [TBR_ClassicHeuristic_MP_RF -> NNI_Substep_83] - Distance: 70.0000
((((8,16),30),((10,(20,(15,5))),((25,3),(17,21)))),(((((1,18),(4,((24,9),(29,13)))),(19,23)),(((6,27),28),7)),((14,((11,12),2)),(22,26))));

STEP 95 [TBR_ClassicHeuristic_MP_RF -> NNI_Substep_84] - Distance: 70.0000
((((8,16),30),(((20,(15,5)),((25,3),(17,21))),10)),(((((1,18),(4,((24,9),(29,13)))),(19,23)),(((6,27),28),7)),((14,((11,12),2)),(22,26))));

STEP 96 [TBR_ClassicHeuristic_MP_RF -> NNI_Substep_85] - Distance: 70.0000
(((((8,16),30),((20,(15,5)),((25,3),(17,21)))),10),(((((1,18),(4,((24,9),(29,13)))),(19,23)),(((6,27),28),7)),((14,((11,12),2)),(22,26))));

STEP 97 [TBR_ClassicHeuristic_MP_RF -> NNI_Substep_86] - Distance: 46.0000
((((8,16),30),((20,(15,5)),((25,3),(17,21)))),(((((1,18),(4,((24,9),(29,13)))),(19,23)),(((6,27),28),7)),(((14,((11,12),2)),(22,26)),10)));

STEP 98 [TBR_ClassicHeuristic_MP_RF -> NNI_Substep_87] - Distance: 43.0000
((((8,16),30),((20,(15,5)),((25,3),(17,21)))),(((((1,18),(4,((24,9),(29,13)))),(19,23)),(((6,27),28),7)),((14,((11,12),2)),((22,26),10))));

STEP 99 [TBR_ClassicHeuristic_MP_RF -> NNI_Substep_88] - Distance: 43.0000
((((8,16),30),((20,(15,5)),((25,3),(17,21)))),(((((1,18),(4,(((24,9),29),13))),(19,23)),(((6,27),28),7)),((14,((11,12),2)),((22,26),10))));

STEP 100 [TBR_ClassicHeuristic_MP_RF -> NNI_Substep_89] - Distance: 43.0000
((((8,16),30),((20,(15,5)),((25,3),(17,21)))),(((((1,18),((4,((24,9),29)),13)),(19,23)),(((6,27),28),7)),((14,((11,12),2)),((22,26),10))));

STEP 101 [TBR_ClassicHeuristic_MP_RF -> NNI_Substep_90] - Distance: 43.0000
((((8,16),30),((20,(15,5)),((25,3),(17,21)))),((((((1,18),(4,((24,9),29))),13),(19,23)),(((6,27),28),7)),((14,((11,12),2)),((22,26),10))));

STEP 102 [TBR_ClassicHeuristic_MP_RF -> NNI_Substep_91] - Distance: 43.0000
((((8,16),30),((20,(15,5)),((25,3),(17,21)))),((((((1,18),(4,((24,9),29))),(19,23)),13),(((6,27),28),7)),((14,((11,12),2)),((22,26),10))));

STEP 103 [TBR_ClassicHeuristic_MP_RF -> NNI_Substep_92] - Distance: 43.0000
((((8,16),30),((20,(15,5)),((25,3),(17,21)))),((((((1,18),(4,((24,9),29))),(19,23)),(((6,27),28),7)),13),((14,((11,12),2)),((22,26),10))));

STEP 104 [TBR_ClassicHeuristic_MP_RF -> NNI_Substep_93] - Distance: 42.0000
((((8,16),30),((20,(15,5)),((25,3),(17,21)))),((((((1,18),(4,((24,9),29))),(19,23)),(((6,27),28),7)),((14,((11,12),2)),((22,26),10))),13));

STEP 105 [TBR_ClassicHeuristic_MP_RF -> NNI_Substep_94] - Distance: 30.0000
((((8,16),30),((20,(15,5)),((25,3),(17,21)))),(((((1,18),(4,((24,9),29))),(19,23)),(((6,27),28),7)),(((14,((11,12),2)),((22,26),10)),13)));

STEP 106 [TBR_ClassicHeuristic_MP_RF -> NNI_Substep_95] - Distance: 27.0000
((((8,16),30),((20,(15,5)),((25,3),(17,21)))),(((((1,18),(4,((24,9),29))),(19,23)),(((6,27),28),7)),((14,((11,12),2)),(((22,26),10),13))));

STEP 107 [TBR_ClassicHeuristic_MP_RF -> NNI_Substep_96] - Distance: 26.0000
((((8,16),30),((20,(15,5)),((25,3),(17,21)))),(((((1,18),(4,((24,9),29))),(19,23)),(((6,27),28),7)),((14,((11,12),2)),(((22,26),13),10))));

STEP 108 [TBR_ClassicHeuristic_MP_RF -> NNI_Substep_97] - Distance: 26.0000
((((8,16),30),((20,(15,5)),((25,3),(17,21)))),(((((1,18),(4,((24,9),29))),(19,23)),(((6,27),28),7)),((((11,12),2),(((22,26),13),10)),14)));

STEP 109 [TBR_ClassicHeuristic_MP_RF -> NNI_Substep_98] - Distance: 24.0000
((((8,16),30),((20,(15,5)),((25,3),(17,21)))),((((((1,18),(4,((24,9),29))),(19,23)),(((6,27),28),7)),(((11,12),2),(((22,26),13),10))),14));

STEP 110 [TBR_ClassicHeuristic_MP_RF -> NNI_Substep_99] - Distance: 17.0000
((((8,16),30),((20,(15,5)),((25,3),(17,21)))),((((((1,18),(4,((24,9),29))),(19,23)),(((6,27),28),7)),14),(((11,12),2),(((22,26),13),10))));

STEP 111 [TBR_ClassicHeuristic_MP_RF -> NNI_Substep_100] - Distance: 13.0000
((((8,16),30),((20,(15,5)),((25,3),(17,21)))),((((((1,18),(4,((24,9),29))),(19,23)),14),(((6,27),28),7)),(((11,12),2),(((22,26),13),10))));

STEP 112 [TBR_ClassicHeuristic_MP_RF -> NNI_Substep_101] - Distance: 11.0000
((((8,16),30),((20,(15,5)),((25,3),(17,21)))),((((((1,18),(4,((24,9),29))),14),(19,23)),(((6,27),28),7)),(((11,12),2),(((22,26),13),10))));

STEP 113 [TBR_ClassicHeuristic_MP_RF -> NNI_Substep_102] - Distance: 9.0000
((((8,16),30),((20,(15,5)),((25,3),(17,21)))),(((((1,18),((4,((24,9),29)),14)),(19,23)),(((6,27),28),7)),(((11,12),2),(((22,26),13),10))));

STEP 114 [TBR_ClassicHeuristic_MP_RF -> NNI_Substep_103] - Distance: 8.0000
((((8,16),30),((20,(15,5)),((25,3),(17,21)))),(((((1,18),(4,(((24,9),29),14))),(19,23)),(((6,27),28),7)),(((11,12),2),(((22,26),13),10))));

STEP 115 [TBR_ClassicHeuristic_MP_RF -> NNI_Substep_104] - Distance: 7.0000
((((8,16),30),((20,(15,5)),((25,3),(17,21)))),(((((1,18),(4,(((24,9),14),29))),(19,23)),(((6,27),28),7)),(((11,12),2),(((22,26),13),10))));

STEP 116 [TBR_ClassicHeuristic_MP_RF -> NNI_Substep_105] - Distance: 3.0000
((((8,16),30),(((15,5),((25,3),(17,21))),20)),(((((1,18),(4,(((24,9),14),29))),(19,23)),(((6,27),28),7)),(((11,12),2),(((22,26),13),10))));

STEP 117 [TBR_ClassicHeuristic_MP_RF -> NNI_Substep_106] - Distance: 0.0000
(((((8,16),30),((15,5),((25,3),(17,21)))),20),(((((1,18),(4,(((24,9),14),29))),(19,23)),(((6,27),28),7)),(((11,12),2),(((22,26),13),10))));

========================================================
[FINAL] Total Steps: 117 | Final Distance: 0.0000
========================================================
