========================================================
HEURISTIC TRAJECTORY: VND Classic (MS_RF)
========================================================
STEP 0 [START] - Distance: 129.0000
((((25,(1,14)),(17,(24,28))),((7,29),(11,5))),(26,(30,(6,3))),(((16,((23,20),(8,19))),((12,(13,10)),(15,27))),(((9,2),(4,22)),(18,21))));

STEP 1 [NNI_ClassicHeuristic_MS_RF -> NNI_Substep_1] - Distance: 127.0000
((((25,(1,14)),(17,(24,28))),((7,29),(11,5))),(26,(30,(6,3))),(((16,((23,20),(8,19))),((12,(15,27)),(13,10))),(((9,2),(4,22)),(18,21))));

STEP 2 [NNI_ClassicHeuristic_MS_RF -> NNI_Substep_2] - Distance: 125.0000
((((9,2),(4,22)),(18,21)),(26,(30,(6,3))),(((16,((23,20),(8,19))),((12,(15,27)),(13,10))),(((25,(1,14)),(17,(24,28))),((7,29),(11,5)))));

STEP 3 [NNI_ClassicHeuristic_MS_RF -> NNI_Substep_3] - Distance: 123.0000
(((26,(30,(6,3))),(18,21)),((9,2),(4,22)),(((16,((23,20),(8,19))),((12,(15,27)),(13,10))),(((25,(1,14)),(17,(24,28))),((7,29),(11,5)))));

STEP 4 [NNI_ClassicHeuristic_MS_RF -> NNI_Substep_4] - Distance: 122.0000
(((26,(30,(6,3))),(18,21)),((9,2),(4,22)),((((8,19),((23,20),16)),((12,(15,27)),(13,10))),(((25,(1,14)),(17,(24,28))),((7,29),(11,5)))));

STEP 5 [NNI_ClassicHeuristic_MS_RF -> NNI_Substep_5] - Distance: 121.0000
(((26,(30,(6,3))),(18,21)),((9,2),(4,22)),((((8,19),((23,20),16)),((12,(15,27)),(13,10))),(((25,(1,14)),(17,(24,28))),((7,(11,5)),29))));

STEP 6 [NNI_ClassicHeuristic_MS_RF -> NNI_Substep_6] - Distance: 120.0000
(((26,(30,(6,3))),(18,21)),((9,2),(4,22)),(((((25,(1,14)),(17,(24,28))),((7,(11,5)),29)),((12,(15,27)),(13,10))),((8,19),((23,20),16))));

STEP 7 [NNI_ClassicHeuristic_MS_RF -> NNI_Substep_7] - Distance: 119.0000
(((8,19),((23,20),16)),((9,2),(4,22)),(((((25,(1,14)),(17,(24,28))),((7,(11,5)),29)),((12,(15,27)),(13,10))),((26,(30,(6,3))),(18,21))));

STEP 8 [uTBR_ClassicHeuristic_MS_RF -> NNI_Substep_1] - Distance: 119.0000
(((8,19),((23,20),16)),((9,2),(4,22)),(((((25,(1,14)),(17,(24,28))),(((7,11),5),29)),((12,(15,27)),(13,10))),((26,(30,(6,3))),(18,21))));

STEP 9 [uTBR_ClassicHeuristic_MS_RF -> NNI_Substep_2] - Distance: 119.0000
(((8,19),((23,20),16)),((9,2),(4,22)),(((((25,(1,14)),(17,(24,28))),(((7,11),29),5)),((12,(15,27)),(13,10))),((26,(30,(6,3))),(18,21))));

STEP 10 [uTBR_ClassicHeuristic_MS_RF -> NNI_Substep_3] - Distance: 122.0000
(((8,19),((23,20),16)),((9,2),(4,22)),((((((25,(1,14)),(17,(24,28))),((7,11),29)),5),((12,(15,27)),(13,10))),((26,(30,(6,3))),(18,21))));

STEP 11 [uTBR_ClassicHeuristic_MS_RF -> NNI_Substep_4] - Distance: 122.0000
(((8,19),((23,20),16)),((9,2),(4,22)),((((((25,(1,14)),(17,(24,28))),((7,11),29)),((12,(15,27)),(13,10))),5),((26,(30,(6,3))),(18,21))));

STEP 12 [uTBR_ClassicHeuristic_MS_RF -> NNI_Substep_5] - Distance: 118.0000
(((8,19),((23,20),16)),((9,2),(4,22)),(((((25,(1,14)),(17,(24,28))),((7,11),29)),(((12,(15,27)),(13,10)),5)),((26,(30,(6,3))),(18,21))));

STEP 13 [uTBR_ClassicHeuristic_MS_RF -> NNI_Substep_6] - Distance: 115.0000
(((8,19),((23,20),16)),((9,2),(4,22)),(((((25,(1,14)),(17,(24,28))),((7,11),29)),(((12,(15,27)),5),(13,10))),((26,(30,(6,3))),(18,21))));

STEP 14 [uTBR_ClassicHeuristic_MS_RF -> NNI_Substep_7] - Distance: 113.0000
(((8,19),((23,20),16)),((9,2),(4,22)),(((((25,(1,14)),(17,(24,28))),((7,11),29)),((12,((15,27),5)),(13,10))),((26,(30,(6,3))),(18,21))));

STEP 15 [uTBR_ClassicHeuristic_MS_RF -> NNI_Substep_8] - Distance: 111.0000
(((8,19),((23,20),16)),((9,2),(4,22)),(((((25,(1,14)),(17,(24,28))),((7,11),29)),((12,(15,(27,5))),(13,10))),((26,(30,(6,3))),(18,21))));

STEP 16 [uTBR_ClassicHeuristic_MS_RF -> NNI_Substep_9] - Distance: 114.0000
(((8,19),((23,20),16)),((9,2),(4,22)),(((((25,(1,14)),(17,(24,28))),((7,11),29)),(((12,(15,(27,5))),10),13)),((26,(30,(6,3))),(18,21))));

STEP 17 [uTBR_ClassicHeuristic_MS_RF -> NNI_Substep_10] - Distance: 118.0000
(((8,19),((23,20),16)),((9,2),(4,22)),((((((25,(1,14)),(17,(24,28))),((7,11),29)),((12,(15,(27,5))),10)),13),((26,(30,(6,3))),(18,21))));

STEP 18 [uTBR_ClassicHeuristic_MS_RF -> NNI_Substep_11] - Distance: 114.0000
(((8,19),((23,20),16)),((9,2),(4,22)),((((((25,(1,14)),(17,(24,28))),((7,11),29)),13),((12,(15,(27,5))),10)),((26,(30,(6,3))),(18,21))));

STEP 19 [uTBR_ClassicHeuristic_MS_RF -> NNI_Substep_12] - Distance: 109.0000
(((8,19),((23,20),16)),((9,2),(4,22)),(((((25,(1,14)),(17,(24,28))),(((7,11),29),13)),((12,(15,(27,5))),10)),((26,(30,(6,3))),(18,21))));

STEP 20 [uTBR_ClassicHeuristic_MS_RF -> NNI_Substep_13] - Distance: 107.0000
(((8,19),((23,20),16)),((9,2),(4,22)),(((((25,(1,14)),(17,(24,28))),(((7,11),13),29)),((12,(15,(27,5))),10)),((26,(30,(6,3))),(18,21))));

STEP 21 [uTBR_ClassicHeuristic_MS_RF -> NNI_Substep_14] - Distance: 105.0000
(((8,19),((23,20),16)),((9,2),(4,22)),(((((25,(1,14)),(17,(24,28))),(((7,13),11),29)),((12,(15,(27,5))),10)),((26,(30,(6,3))),(18,21))));

STEP 22 [uTBR_ClassicHeuristic_MS_RF -> NNI_Substep_15] - Distance: 107.0000
(((8,19),((23,20),16)),((9,2),(4,22)),((((((1,14),(17,(24,28))),25),(((7,13),11),29)),((12,(15,(27,5))),10)),((26,(30,(6,3))),(18,21))));

STEP 23 [uTBR_ClassicHeuristic_MS_RF -> NNI_Substep_16] - Distance: 110.0000
(((8,19),((23,20),16)),((9,2),(4,22)),((((((1,14),(17,(24,28))),(((7,13),11),29)),25),((12,(15,(27,5))),10)),((26,(30,(6,3))),(18,21))));

STEP 24 [uTBR_ClassicHeuristic_MS_RF -> NNI_Substep_17] - Distance: 104.0000
(((8,19),((23,20),16)),((9,2),(4,22)),(((((1,14),(17,(24,28))),((((7,13),11),29),25)),((12,(15,(27,5))),10)),((26,(30,(6,3))),(18,21))));

STEP 25 [uTBR_ClassicHeuristic_MS_RF -> NNI_Substep_18] - Distance: 100.0000
(((8,19),((23,20),16)),((9,2),(4,22)),(((((1,14),(17,(24,28))),(((7,13),11),(29,25))),((12,(15,(27,5))),10)),((26,(30,(6,3))),(18,21))));

STEP 26 [uTBR_ClassicHeuristic_MS_RF -> NNI_Substep_19] - Distance: 100.0000
(((8,19),((23,20),16)),((9,2),(4,22)),(((((1,14),(17,(24,28))),(((7,13),11),(29,25))),((12,(15,(27,5))),10)),((26,((30,3),6)),(18,21))));

STEP 27 [uTBR_ClassicHeuristic_MS_RF -> NNI_Substep_20] - Distance: 100.0000
(((8,19),((23,20),16)),((9,2),(4,22)),(((((1,14),(17,(24,28))),(((7,13),11),(29,25))),((12,(15,(27,5))),10)),(((26,(30,3)),6),(18,21))));

STEP 28 [uTBR_ClassicHeuristic_MS_RF -> NNI_Substep_21] - Distance: 101.0000
(((8,19),((23,20),16)),((9,2),(4,22)),(((((1,14),(17,(24,28))),(((7,13),11),(29,25))),((12,(15,(27,5))),10)),(((26,(30,3)),(18,21)),6)));

STEP 29 [uTBR_ClassicHeuristic_MS_RF -> NNI_Substep_22] - Distance: 105.0000
(((8,19),((23,20),16)),((9,2),(4,22)),((((((1,14),(17,(24,28))),(((7,13),11),(29,25))),((12,(15,(27,5))),10)),((26,(30,3)),(18,21))),6));

STEP 30 [uTBR_ClassicHeuristic_MS_RF -> NNI_Substep_23] - Distance: 102.0000
((((8,19),((23,20),16)),6),((9,2),(4,22)),(((((1,14),(17,(24,28))),(((7,13),11),(29,25))),((12,(15,(27,5))),10)),((26,(30,3)),(18,21))));

STEP 31 [uTBR_ClassicHeuristic_MS_RF -> NNI_Substep_24] - Distance: 100.0000
((((8,19),6),((23,20),16)),((9,2),(4,22)),(((((1,14),(17,(24,28))),(((7,13),11),(29,25))),((12,(15,(27,5))),10)),((26,(30,3)),(18,21))));

STEP 32 [uTBR_ClassicHeuristic_MS_RF -> NNI_Substep_25] - Distance: 100.0000
(((8,(19,6)),((23,20),16)),((9,2),(4,22)),(((((1,14),(17,(24,28))),(((7,13),11),(29,25))),((12,(15,(27,5))),10)),((26,(30,3)),(18,21))));

STEP 33 [uTBR_ClassicHeuristic_MS_RF -> NNI_Substep_26] - Distance: 101.0000
(((8,(19,6)),((23,20),16)),((9,(4,22)),2),(((((1,14),(17,(24,28))),(((7,13),11),(29,25))),((12,(15,(27,5))),10)),((26,(30,3)),(18,21))));

STEP 34 [uTBR_ClassicHeuristic_MS_RF -> NNI_Substep_27] - Distance: 102.0000
((((8,(19,6)),((23,20),16)),2),(9,(4,22)),(((((1,14),(17,(24,28))),(((7,13),11),(29,25))),((12,(15,(27,5))),10)),((26,(30,3)),(18,21))));

STEP 35 [uTBR_ClassicHeuristic_MS_RF -> NNI_Substep_28] - Distance: 98.0000
(((8,(19,6)),(((23,20),16),2)),(9,(4,22)),(((((1,14),(17,(24,28))),(((7,13),11),(29,25))),((12,(15,(27,5))),10)),((26,(30,3)),(18,21))));

STEP 36 [uTBR_ClassicHeuristic_MS_RF -> NNI_Substep_29] - Distance: 96.0000
(((8,(19,6)),(((23,20),2),16)),(9,(4,22)),(((((1,14),(17,(24,28))),(((7,13),11),(29,25))),((12,(15,(27,5))),10)),((26,(30,3)),(18,21))));

STEP 37 [uTBR_ClassicHeuristic_MS_RF -> NNI_Substep_30] - Distance: 94.0000
(((8,(19,6)),((23,(20,2)),16)),(9,(4,22)),(((((1,14),(17,(24,28))),(((7,13),11),(29,25))),((12,(15,(27,5))),10)),((26,(30,3)),(18,21))));

STEP 38 [uTBR_ClassicHeuristic_MS_RF -> NNI_Substep_31] - Distance: 94.0000
(((8,(19,6)),((23,(20,2)),16)),(9,(4,22)),(((((1,14),((17,24),28)),(((7,13),11),(29,25))),((12,(15,(27,5))),10)),((26,(30,3)),(18,21))));

STEP 39 [uTBR_ClassicHeuristic_MS_RF -> NNI_Substep_32] - Distance: 95.0000
(((8,(19,6)),((23,(20,2)),16)),(9,(4,22)),((((((1,14),(17,24)),28),(((7,13),11),(29,25))),((12,(15,(27,5))),10)),((26,(30,3)),(18,21))));

STEP 40 [uTBR_ClassicHeuristic_MS_RF -> NNI_Substep_33] - Distance: 99.0000
(((8,(19,6)),((23,(20,2)),16)),(9,(4,22)),((((((1,14),(17,24)),(((7,13),11),(29,25))),28),((12,(15,(27,5))),10)),((26,(30,3)),(18,21))));

STEP 41 [uTBR_ClassicHeuristic_MS_RF -> NNI_Substep_34] - Distance: 99.0000
(((8,(19,6)),((23,(20,2)),16)),(9,(4,22)),((((((1,14),(17,24)),(((7,13),11),(29,25))),((12,(15,(27,5))),10)),28),((26,(30,3)),(18,21))));

STEP 42 [uTBR_ClassicHeuristic_MS_RF -> NNI_Substep_35] - Distance: 99.0000
(((8,(19,6)),((23,(20,2)),16)),(9,(4,22)),((((((1,14),(17,24)),(((7,13),11),(29,25))),((12,(15,(27,5))),10)),((26,(30,3)),(18,21))),28));

STEP 43 [uTBR_ClassicHeuristic_MS_RF -> NNI_Substep_36] - Distance: 95.0000
((((8,(19,6)),((23,(20,2)),16)),28),(9,(4,22)),(((((1,14),(17,24)),(((7,13),11),(29,25))),((12,(15,(27,5))),10)),((26,(30,3)),(18,21))));

STEP 44 [uTBR_ClassicHeuristic_MS_RF -> NNI_Substep_37] - Distance: 91.0000
(((8,(19,6)),(((23,(20,2)),16),28)),(9,(4,22)),(((((1,14),(17,24)),(((7,13),11),(29,25))),((12,(15,(27,5))),10)),((26,(30,3)),(18,21))));

STEP 45 [uTBR_ClassicHeuristic_MS_RF -> NNI_Substep_38] - Distance: 89.0000
(((8,(19,6)),(((23,(20,2)),28),16)),(9,(4,22)),(((((1,14),(17,24)),(((7,13),11),(29,25))),((12,(15,(27,5))),10)),((26,(30,3)),(18,21))));

STEP 46 [uTBR_ClassicHeuristic_MS_RF -> NNI_Substep_39] - Distance: 87.0000
(((8,(19,6)),((23,((20,2),28)),16)),(9,(4,22)),(((((1,14),(17,24)),(((7,13),11),(29,25))),((12,(15,(27,5))),10)),((26,(30,3)),(18,21))));

STEP 47 [uTBR_ClassicHeuristic_MS_RF -> NNI_Substep_40] - Distance: 87.0000
(((8,(19,6)),((23,((20,2),28)),16)),(9,(4,22)),(((((1,14),(17,24)),(((7,13),11),(29,25))),((12,(15,(27,5))),10)),((26,(18,21)),(30,3))));

STEP 48 [uTBR_ClassicHeuristic_MS_RF -> NNI_Substep_41] - Distance: 89.0000
(((8,(19,6)),((23,((20,2),28)),16)),(9,(4,22)),((((((1,14),(17,24)),(((7,13),11),(29,25))),((12,(15,(27,5))),10)),(26,(18,21))),(30,3)));

STEP 49 [uTBR_ClassicHeuristic_MS_RF -> NNI_Substep_42] - Distance: 84.0000
((((8,(19,6)),((23,((20,2),28)),16)),(30,3)),(9,(4,22)),(((((1,14),(17,24)),(((7,13),11),(29,25))),((12,(15,(27,5))),10)),(26,(18,21))));

STEP 50 [uTBR_ClassicHeuristic_MS_RF -> NNI_Substep_43] - Distance: 79.0000
(((8,(19,6)),(((23,((20,2),28)),16),(30,3))),(9,(4,22)),(((((1,14),(17,24)),(((7,13),11),(29,25))),((12,(15,(27,5))),10)),(26,(18,21))));

STEP 51 [uTBR_ClassicHeuristic_MS_RF -> NNI_Substep_44] - Distance: 76.0000
(((8,(19,6)),(((23,((20,2),28)),(30,3)),16)),(9,(4,22)),(((((1,14),(17,24)),(((7,13),11),(29,25))),((12,(15,(27,5))),10)),(26,(18,21))));

STEP 52 [uTBR_ClassicHeuristic_MS_RF -> NNI_Substep_45] - Distance: 73.0000
(((8,(19,6)),((23,(((20,2),28),(30,3))),16)),(9,(4,22)),(((((1,14),(17,24)),(((7,13),11),(29,25))),((12,(15,(27,5))),10)),(26,(18,21))));

STEP 53 [uTBR_ClassicHeuristic_MS_RF -> NNI_Substep_46] - Distance: 77.0000
(((8,(19,6)),((23,(((20,2),28),(30,3))),16)),(9,(4,22)),((((((1,14),(17,24)),(((7,13),11),(29,25))),(12,(15,(27,5)))),10),(26,(18,21))));

STEP 54 [uTBR_ClassicHeuristic_MS_RF -> NNI_Substep_47] - Distance: 75.0000
(((8,(19,6)),((23,(((20,2),28),(30,3))),16)),(9,(4,22)),((((((1,14),(17,24)),(((7,13),11),(29,25))),(12,(15,(27,5)))),(26,(18,21))),10));

STEP 55 [uTBR_ClassicHeuristic_MS_RF -> NNI_Substep_48] - Distance: 73.0000
((((8,(19,6)),((23,(((20,2),28),(30,3))),16)),10),(9,(4,22)),(((((1,14),(17,24)),(((7,13),11),(29,25))),(12,(15,(27,5)))),(26,(18,21))));

STEP 56 [uTBR_ClassicHeuristic_MS_RF -> NNI_Substep_49] - Distance: 69.0000
(((8,(19,6)),(((23,(((20,2),28),(30,3))),16),10)),(9,(4,22)),(((((1,14),(17,24)),(((7,13),11),(29,25))),(12,(15,(27,5)))),(26,(18,21))));

STEP 57 [uTBR_ClassicHeuristic_MS_RF -> NNI_Substep_50] - Distance: 67.0000
(((8,(19,6)),(((23,(((20,2),28),(30,3))),10),16)),(9,(4,22)),(((((1,14),(17,24)),(((7,13),11),(29,25))),(12,(15,(27,5)))),(26,(18,21))));

STEP 58 [uTBR_ClassicHeuristic_MS_RF -> NNI_Substep_51] - Distance: 71.0000
((((8,(19,6)),16),((23,(((20,2),28),(30,3))),10)),(9,(4,22)),(((((1,14),(17,24)),(((7,13),11),(29,25))),(12,(15,(27,5)))),(26,(18,21))));

STEP 59 [uTBR_ClassicHeuristic_MS_RF -> NNI_Substep_52] - Distance: 73.0000
(((8,(19,6)),16),(9,(4,22)),((((((1,14),(17,24)),(((7,13),11),(29,25))),(12,(15,(27,5)))),(26,(18,21))),((23,(((20,2),28),(30,3))),10)));

STEP 60 [uTBR_ClassicHeuristic_MS_RF -> NNI_Substep_53] - Distance: 73.0000
(((8,(19,6)),16),(9,(4,22)),((((((1,14),(17,24)),(((7,13),11),(29,25))),(12,(15,(27,5)))),((23,(((20,2),28),(30,3))),10)),(26,(18,21))));

STEP 61 [uTBR_ClassicHeuristic_MS_RF -> NNI_Substep_54] - Distance: 70.0000
(((8,(19,6)),16),(9,(4,22)),((((((1,14),(17,24)),(((7,13),11),(29,25))),((23,(((20,2),28),(30,3))),10)),(12,(15,(27,5)))),(26,(18,21))));

STEP 62 [uTBR_ClassicHeuristic_MS_RF -> NNI_Substep_55] - Distance: 62.0000
(((8,(19,6)),16),(9,(4,22)),((((((1,14),(17,24)),((23,(((20,2),28),(30,3))),10)),(((7,13),11),(29,25))),(12,(15,(27,5)))),(26,(18,21))));

STEP 63 [uTBR_ClassicHeuristic_MS_RF -> NNI_Substep_56] - Distance: 53.0000
(((8,(19,6)),16),(9,(4,22)),((((((1,14),((23,(((20,2),28),(30,3))),10)),(17,24)),(((7,13),11),(29,25))),(12,(15,(27,5)))),(26,(18,21))));

STEP 64 [uTBR_ClassicHeuristic_MS_RF -> NNI_Substep_57] - Distance: 57.0000
(((8,(19,6)),16),(9,(4,22)),(((((1,(14,((23,(((20,2),28),(30,3))),10))),(17,24)),(((7,13),11),(29,25))),(12,(15,(27,5)))),(26,(18,21))));

STEP 65 [uTBR_ClassicHeuristic_MS_RF -> NNI_Substep_58] - Distance: 50.0000
(((8,(19,6)),16),(9,(4,22)),(((((1,(14,((23,(((20,2),28),(30,3))),10))),(((7,13),11),(29,25))),(17,24)),(12,(15,(27,5)))),(26,(18,21))));

STEP 66 [uTBR_ClassicHeuristic_MS_RF -> NNI_Substep_59] - Distance: 50.0000
(((8,(19,6)),16),(9,(4,22)),(((((1,(14,((23,(((20,2),28),(30,3))),10))),(((7,13),11),(29,25))),(12,(15,(27,5)))),(17,24)),(26,(18,21))));

STEP 67 [uTBR_ClassicHeuristic_MS_RF -> NNI_Substep_60] - Distance: 49.0000
(((8,(19,6)),16),(9,(4,22)),(((((1,(14,((23,(((20,2),28),(30,3))),10))),(((7,13),11),(29,25))),(12,(15,(27,5)))),(26,(18,21))),(17,24)));

STEP 68 [uTBR_ClassicHeuristic_MS_RF -> NNI_Substep_61] - Distance: 46.0000
((((8,(19,6)),16),(17,24)),(9,(4,22)),((((1,(14,((23,(((20,2),28),(30,3))),10))),(((7,13),11),(29,25))),(12,(15,(27,5)))),(26,(18,21))));

STEP 69 [uTBR_ClassicHeuristic_MS_RF -> NNI_Substep_62] - Distance: 45.0000
((((8,(19,6)),(17,24)),16),(9,(4,22)),((((1,(14,((23,(((20,2),28),(30,3))),10))),(((7,13),11),(29,25))),(12,(15,(27,5)))),(26,(18,21))));

STEP 70 [uTBR_ClassicHeuristic_MS_RF -> NNI_Substep_63] - Distance: 46.0000
(((8,((19,6),(17,24))),16),(9,(4,22)),((((1,(14,((23,(((20,2),28),(30,3))),10))),(((7,13),11),(29,25))),(12,(15,(27,5)))),(26,(18,21))));

STEP 71 [uTBR_ClassicHeuristic_MS_RF -> NNI_Substep_64] - Distance: 46.0000
(((((19,6),(17,24)),16),8),(9,(4,22)),((((1,(14,((23,(((20,2),28),(30,3))),10))),(((7,13),11),(29,25))),(12,(15,(27,5)))),(26,(18,21))));

STEP 72 [uTBR_ClassicHeuristic_MS_RF -> NNI_Substep_65] - Distance: 42.0000
((((19,6),(17,24)),16),((9,(4,22)),8),((((1,(14,((23,(((20,2),28),(30,3))),10))),(((7,13),11),(29,25))),(12,(15,(27,5)))),(26,(18,21))));

STEP 73 [uTBR_ClassicHeuristic_MS_RF -> NNI_Substep_66] - Distance: 41.0000
((((19,6),(17,24)),16),((9,8),(4,22)),((((1,(14,((23,(((20,2),28),(30,3))),10))),(((7,13),11),(29,25))),(12,(15,(27,5)))),(26,(18,21))));

STEP 74 [uTBR_ClassicHeuristic_MS_RF -> NNI_Substep_67] - Distance: 42.0000
((((19,6),(17,24)),16),(4,22),(((((1,(14,((23,(((20,2),28),(30,3))),10))),(((7,13),11),(29,25))),(12,(15,(27,5)))),(26,(18,21))),(9,8)));

STEP 75 [uTBR_ClassicHeuristic_MS_RF -> NNI_Substep_68] - Distance: 37.0000
((((19,6),(17,24)),16),(4,22),(((((1,(14,((23,(((20,2),28),(30,3))),10))),(((7,13),11),(29,25))),(12,(15,(27,5)))),(9,8)),(26,(18,21))));

STEP 76 [uTBR_ClassicHeuristic_MS_RF -> NNI_Substep_69] - Distance: 33.0000
((((19,6),(17,24)),16),(4,22),(((((1,(14,((23,(((20,2),28),(30,3))),10))),(((7,13),11),(29,25))),(9,8)),(12,(15,(27,5)))),(26,(18,21))));

STEP 77 [uTBR_ClassicHeuristic_MS_RF -> NNI_Substep_70] - Distance: 36.0000
((((19,6),(17,24)),16),(4,22),(((((1,(14,((23,(((20,2),28),(30,3))),10))),(9,8)),(((7,13),11),(29,25))),(12,(15,(27,5)))),(26,(18,21))));

STEP 78 [uTBR_ClassicHeuristic_MS_RF -> NNI_Substep_71] - Distance: 33.0000
((((19,6),(17,24)),16),(4,22),((((1,((14,((23,(((20,2),28),(30,3))),10)),(9,8))),(((7,13),11),(29,25))),(12,(15,(27,5)))),(26,(18,21))));

STEP 79 [uTBR_ClassicHeuristic_MS_RF -> NNI_Substep_72] - Distance: 27.0000
((((19,6),(17,24)),16),(4,22),((((((14,((23,(((20,2),28),(30,3))),10)),(9,8)),(((7,13),11),(29,25))),1),(12,(15,(27,5)))),(26,(18,21))));

STEP 80 [uTBR_ClassicHeuristic_MS_RF -> NNI_Substep_73] - Distance: 30.0000
((((19,6),(17,24)),16),(4,22),((((((14,((23,(((20,2),28),(30,3))),10)),(9,8)),(((7,13),11),(29,25))),(12,(15,(27,5)))),1),(26,(18,21))));

STEP 81 [uTBR_ClassicHeuristic_MS_RF -> NNI_Substep_74] - Distance: 28.0000
((((19,6),(17,24)),16),(4,22),(((((14,((23,(((20,2),28),(30,3))),10)),(9,8)),(((7,13),11),(29,25))),((12,(15,(27,5))),1)),(26,(18,21))));

STEP 82 [uTBR_ClassicHeuristic_MS_RF -> NNI_Substep_75] - Distance: 26.0000
((((19,6),(17,24)),16),(4,22),(((((14,((23,(((20,2),28),(30,3))),10)),(9,8)),(((7,13),11),(29,25))),((12,1),(15,(27,5)))),(26,(18,21))));

STEP 83 [uTBR_ClassicHeuristic_MS_RF -> NNI_Substep_76] - Distance: 24.0000
((((19,6),(17,24)),16),(4,22),((((((14,((23,(((20,2),28),(30,3))),10)),(9,8)),(((7,13),11),(29,25))),(12,1)),(15,(27,5))),(26,(18,21))));

STEP 84 [uTBR_ClassicHeuristic_MS_RF -> NNI_Substep_77] - Distance: 24.0000
((((19,6),(17,24)),16),(4,22),((((((14,((23,(((20,2),28),(30,3))),10)),(9,8)),(((7,13),11),(29,25))),(12,1)),(26,(18,21))),(15,(27,5))));

STEP 85 [uTBR_ClassicHeuristic_MS_RF -> NNI_Substep_78] - Distance: 21.0000
(((((19,6),(17,24)),16),(15,(27,5))),(4,22),(((((14,((23,(((20,2),28),(30,3))),10)),(9,8)),(((7,13),11),(29,25))),(12,1)),(26,(18,21))));

STEP 86 [uTBR_ClassicHeuristic_MS_RF -> NNI_Substep_79] - Distance: 16.0000
((((19,6),(17,24)),(16,(15,(27,5)))),(4,22),(((((14,((23,(((20,2),28),(30,3))),10)),(9,8)),(((7,13),11),(29,25))),(12,1)),(26,(18,21))));

STEP 87 [uTBR_ClassicHeuristic_MS_RF -> NNI_Substep_80] - Distance: 20.0000
((((19,6),(17,24)),(16,(15,(27,5)))),(4,22),((((((14,((23,(((20,2),28),(30,3))),10)),(9,8)),(((7,13),11),(29,25))),(12,1)),(18,21)),26));

STEP 88 [uTBR_ClassicHeuristic_MS_RF -> NNI_Substep_81] - Distance: 13.0000
((((19,6),(17,24)),(16,(15,(27,5)))),((4,22),26),(((((14,((23,(((20,2),28),(30,3))),10)),(9,8)),(((7,13),11),(29,25))),(12,1)),(18,21)));

STEP 89 [uTBR_ClassicHeuristic_MS_RF -> NNI_Substep_82] - Distance: 13.0000
((((19,6),(17,24)),(16,(15,(27,5)))),(4,(22,26)),(((((14,((23,(((20,2),28),(30,3))),10)),(9,8)),(((7,13),11),(29,25))),(12,1)),(18,21)));

STEP 90 [uTBR_ClassicHeuristic_MS_RF -> NNI_Substep_83] - Distance: 16.0000
(((((19,6),(17,24)),(15,(27,5))),16),(4,(22,26)),(((((14,((23,(((20,2),28),(30,3))),10)),(9,8)),(((7,13),11),(29,25))),(12,1)),(18,21)));

STEP 91 [uTBR_ClassicHeuristic_MS_RF -> NNI_Substep_84] - Distance: 12.0000
((((19,6),(17,24)),(15,(27,5))),((4,(22,26)),16),(((((14,((23,(((20,2),28),(30,3))),10)),(9,8)),(((7,13),11),(29,25))),(12,1)),(18,21)));

STEP 92 [uTBR_ClassicHeuristic_MS_RF -> NNI_Substep_85] - Distance: 11.0000
((((19,6),(17,24)),(15,(27,5))),((4,16),(22,26)),(((((14,((23,(((20,2),28),(30,3))),10)),(9,8)),(((7,13),11),(29,25))),(12,1)),(18,21)));

STEP 93 [uTBR_ClassicHeuristic_MS_RF -> NNI_Substep_86] - Distance: 10.0000
(((((19,6),(17,24)),(15,(27,5))),(22,26)),(4,16),(((((14,((23,(((20,2),28),(30,3))),10)),(9,8)),(((7,13),11),(29,25))),(12,1)),(18,21)));

STEP 94 [uTBR_ClassicHeuristic_MS_RF -> NNI_Substep_87] - Distance: 4.0000
((((19,6),(17,24)),((15,(27,5)),(22,26))),(4,16),(((((14,((23,(((20,2),28),(30,3))),10)),(9,8)),(((7,13),11),(29,25))),(12,1)),(18,21)));

STEP 95 [uTBR_ClassicHeuristic_MS_RF -> NNI_Substep_88] - Distance: 0.0000
(4,16,(((((14,((23,(((20,2),28),(30,3))),10)),(9,8)),(((7,13),11),(29,25))),(12,1)),((18,21),(((19,6),(17,24)),((15,(27,5)),(22,26))))));

========================================================
[FINAL] Total Steps: 95 | Final Distance: 0.0000
========================================================
