========================================================
HEURISTIC TRAJECTORY: VND Classic (RF)
========================================================
STEP 0 [START] - Distance: 27.0000
(((13,(24,(14,21))),(12,(18,((17,29),(22,8))))),(((30,(15,10)),(5,1)),(26,19)),(16,(((7,(9,11)),(2,(6,(20,27)))),(25,(3,(28,(23,4)))))));

STEP 1 [NNI_ClassicHeuristic_RF] - Distance: 26.0000
(((13,(24,(14,21))),(12,(18,((17,29),(22,8))))),(((30,(15,10)),(5,1)),(26,19)),(16,(((7,(9,11)),(2,(6,(20,27)))),(25,(3,(4,(23,28)))))));

STEP 2 [uTBR_ClassicHeuristic_RF -> NNI_Substep_1] - Distance: 26.0000
(((13,(24,(14,21))),(12,(18,((17,29),(22,8))))),(((30,(15,10)),(5,1)),(26,19)),(16,(((7,(9,11)),(((20,27),2),6)),(25,(3,(4,(23,28)))))));

STEP 3 [uTBR_ClassicHeuristic_RF -> NNI_Substep_2] - Distance: 25.0000
(((13,(24,(14,21))),(12,(18,((17,29),(22,8))))),(((30,(15,10)),(5,1)),(26,19)),(16,(((7,(9,11)),(((27,2),20),6)),(25,(3,(4,(23,28)))))));

STEP 4 [uTBR_ClassicHeuristic_RF -> NNI_Substep_3] - Distance: 25.0000
(((13,(24,(14,21))),((12,((17,29),(22,8))),18)),(((30,(15,10)),(5,1)),(26,19)),(16,(((7,(9,11)),(6,(20,(27,2)))),(25,(3,(4,(23,28)))))));

STEP 5 [uTBR_ClassicHeuristic_RF -> NNI_Substep_4] - Distance: 25.0000
((((13,(24,(14,21))),(12,((17,29),(22,8)))),18),(((30,(15,10)),(5,1)),(26,19)),(16,(((7,(9,11)),(6,(20,(27,2)))),(25,(3,(4,(23,28)))))));

STEP 6 [uTBR_ClassicHeuristic_RF -> NNI_Substep_5] - Distance: 25.0000
(((13,(24,(14,21))),(12,((17,29),(22,8)))),(((30,(15,10)),(5,1)),(26,19)),((16,(((7,(9,11)),(6,(20,(27,2)))),(25,(3,(4,(23,28)))))),18));

STEP 7 [uTBR_ClassicHeuristic_RF -> NNI_Substep_6] - Distance: 24.0000
(((13,(24,(14,21))),(12,((17,29),(22,8)))),(((30,(15,10)),(5,1)),(26,19)),((16,18),(((7,(9,11)),(6,(20,(27,2)))),(25,(3,(4,(23,28)))))));

STEP 8 [uTBR_ClassicHeuristic_RF -> NNI_Substep_7] - Distance: 24.0000
(((13,(24,(14,21))),(12,((17,29),(22,8)))),(((30,(15,10)),(5,1)),(26,19)),((16,18),((((7,11),9),(6,(20,(27,2)))),(25,(3,(4,(23,28)))))));

STEP 9 [uTBR_ClassicHeuristic_RF -> NNI_Substep_8] - Distance: 24.0000
(((13,(24,(14,21))),(12,((17,29),(22,8)))),(((30,(15,10)),(5,1)),(26,19)),((16,18),((((7,11),(6,(20,(27,2)))),9),(25,(3,(4,(23,28)))))));

STEP 10 [uTBR_ClassicHeuristic_RF -> NNI_Substep_9] - Distance: 24.0000
(((13,(24,(14,21))),(12,((17,29),(22,8)))),(((30,(15,10)),(5,1)),(26,19)),((16,18),(((7,11),((6,(20,(27,2))),9)),(25,(3,(4,(23,28)))))));

STEP 11 [uTBR_ClassicHeuristic_RF -> NNI_Substep_10] - Distance: 24.0000
(((13,(24,(14,21))),(12,((17,29),(22,8)))),(((30,(15,10)),(5,1)),(26,19)),((16,18),(((7,11),(6,((20,(27,2)),9))),(25,(3,(4,(23,28)))))));

STEP 12 [uTBR_ClassicHeuristic_RF -> NNI_Substep_11] - Distance: 23.0000
(((13,(24,(14,21))),(12,((17,29),(22,8)))),(((30,(15,10)),(5,1)),(26,19)),((16,18),(((7,11),(6,((20,9),(27,2)))),(25,(3,(4,(23,28)))))));

STEP 13 [uTBR_ClassicHeuristic_RF -> NNI_Substep_12] - Distance: 23.0000
((((24,(14,21)),(12,((17,29),(22,8)))),13),(((30,(15,10)),(5,1)),(26,19)),((16,18),(((7,11),(6,((20,9),(27,2)))),(25,(3,(4,(23,28)))))));

STEP 14 [uTBR_ClassicHeuristic_RF -> NNI_Substep_13] - Distance: 23.0000
(((24,(14,21)),(12,((17,29),(22,8)))),((((30,(15,10)),(5,1)),(26,19)),13),((16,18),(((7,11),(6,((20,9),(27,2)))),(25,(3,(4,(23,28)))))));

STEP 15 [uTBR_ClassicHeuristic_RF -> NNI_Substep_14] - Distance: 23.0000
(((24,(14,21)),(12,((17,29),(22,8)))),((((30,(15,10)),(5,1)),13),(26,19)),((16,18),(((7,11),(6,((20,9),(27,2)))),(25,(3,(4,(23,28)))))));

STEP 16 [uTBR_ClassicHeuristic_RF -> NNI_Substep_15] - Distance: 23.0000
(((24,(14,21)),(12,((17,29),(22,8)))),(((30,(15,10)),((5,1),13)),(26,19)),((16,18),(((7,11),(6,((20,9),(27,2)))),(25,(3,(4,(23,28)))))));

STEP 17 [uTBR_ClassicHeuristic_RF -> NNI_Substep_16] - Distance: 22.0000
(((24,(14,21)),(12,((17,29),(22,8)))),(((30,(15,10)),((5,13),1)),(26,19)),((16,18),(((7,11),(6,((20,9),(27,2)))),(25,(3,(4,(23,28)))))));

STEP 18 [uTBR_ClassicHeuristic_RF -> NNI_Substep_17] - Distance: 22.0000
((((24,21),14),(12,((17,29),(22,8)))),(((30,(15,10)),((5,13),1)),(26,19)),((16,18),(((7,11),(6,((20,9),(27,2)))),(25,(3,(4,(23,28)))))));

STEP 19 [uTBR_ClassicHeuristic_RF -> NNI_Substep_18] - Distance: 22.0000
((((24,21),(12,((17,29),(22,8)))),14),(((30,(15,10)),((5,13),1)),(26,19)),((16,18),(((7,11),(6,((20,9),(27,2)))),(25,(3,(4,(23,28)))))));

STEP 20 [uTBR_ClassicHeuristic_RF -> NNI_Substep_19] - Distance: 22.0000
(((24,21),((12,((17,29),(22,8))),14)),(((30,(15,10)),((5,13),1)),(26,19)),((16,18),(((7,11),(6,((20,9),(27,2)))),(25,(3,(4,(23,28)))))));

STEP 21 [uTBR_ClassicHeuristic_RF -> NNI_Substep_20] - Distance: 22.0000
(((24,21),(12,(((17,29),(22,8)),14))),(((30,(15,10)),((5,13),1)),(26,19)),((16,18),(((7,11),(6,((20,9),(27,2)))),(25,(3,(4,(23,28)))))));

STEP 22 [uTBR_ClassicHeuristic_RF -> NNI_Substep_21] - Distance: 22.0000
(((24,21),(12,(((17,29),14),(22,8)))),(((30,(15,10)),((5,13),1)),(26,19)),((16,18),(((7,11),(6,((20,9),(27,2)))),(25,(3,(4,(23,28)))))));

STEP 23 [uTBR_ClassicHeuristic_RF -> NNI_Substep_22] - Distance: 21.0000
(((24,21),(12,((17,(29,14)),(22,8)))),(((30,(15,10)),((5,13),1)),(26,19)),((16,18),(((7,11),(6,((20,9),(27,2)))),(25,(3,(4,(23,28)))))));

STEP 24 [uTBR_ClassicHeuristic_RF -> NNI_Substep_23] - Distance: 21.0000
(((24,21),(12,((17,(22,8)),(29,14)))),(((30,(15,10)),((5,13),1)),(26,19)),((16,18),(((7,11),(6,((20,9),(27,2)))),(25,(3,(4,(23,28)))))));

STEP 25 [uTBR_ClassicHeuristic_RF -> NNI_Substep_24] - Distance: 21.0000
(((24,21),(12,(17,((22,8),(29,14))))),(((30,(15,10)),((5,13),1)),(26,19)),((16,18),(((7,11),(6,((20,9),(27,2)))),(25,(3,(4,(23,28)))))));

STEP 26 [uTBR_ClassicHeuristic_RF -> NNI_Substep_25] - Distance: 20.0000
(((24,21),(12,(17,(22,(8,(29,14)))))),(((30,(15,10)),((5,13),1)),(26,19)),((16,18),(((7,11),(6,((20,9),(27,2)))),(25,(3,(4,(23,28)))))));

STEP 27 [uTBR_ClassicHeuristic_RF -> NNI_Substep_26] - Distance: 20.0000
(((24,21),(12,(17,(22,(8,(29,14)))))),((((30,(15,10)),((5,13),1)),19),26),((16,18),(((7,11),(6,((20,9),(27,2)))),(25,(3,(4,(23,28)))))));

STEP 28 [uTBR_ClassicHeuristic_RF -> NNI_Substep_27] - Distance: 20.0000
(((24,21),(12,(17,(22,(8,(29,14)))))),(((30,(15,10)),((5,13),1)),19),(((16,18),(((7,11),(6,((20,9),(27,2)))),(25,(3,(4,(23,28)))))),26));

STEP 29 [uTBR_ClassicHeuristic_RF -> NNI_Substep_28] - Distance: 20.0000
(((24,21),(12,(17,(22,(8,(29,14)))))),(((30,(15,10)),((5,13),1)),19),((16,18),((((7,11),(6,((20,9),(27,2)))),(25,(3,(4,(23,28))))),26)));

STEP 30 [uTBR_ClassicHeuristic_RF -> NNI_Substep_29] - Distance: 20.0000
(((24,21),(12,(17,(22,(8,(29,14)))))),(((30,(15,10)),((5,13),1)),19),((16,18),(((7,11),(6,((20,9),(27,2)))),((25,(3,(4,(23,28)))),26))));

STEP 31 [uTBR_ClassicHeuristic_RF -> NNI_Substep_30] - Distance: 19.0000
(((24,21),(12,(17,(22,(8,(29,14)))))),(((30,(15,10)),((5,13),1)),19),((16,18),(((7,11),(6,((20,9),(27,2)))),((25,26),(3,(4,(23,28)))))));

STEP 32 [uTBR_ClassicHeuristic_RF -> NNI_Substep_31] - Distance: 19.0000
(((24,(12,(17,(22,(8,(29,14)))))),21),(((30,(15,10)),((5,13),1)),19),((16,18),(((7,11),(6,((20,9),(27,2)))),((25,26),(3,(4,(23,28)))))));

STEP 33 [uTBR_ClassicHeuristic_RF -> NNI_Substep_32] - Distance: 19.0000
((24,(12,(17,(22,(8,(29,14)))))),(((30,(15,10)),((5,13),1)),19),(((16,18),(((7,11),(6,((20,9),(27,2)))),((25,26),(3,(4,(23,28)))))),21));

STEP 34 [uTBR_ClassicHeuristic_RF -> NNI_Substep_33] - Distance: 19.0000
((24,(12,(17,(22,(8,(29,14)))))),(((30,(15,10)),((5,13),1)),19),((16,18),((((7,11),(6,((20,9),(27,2)))),((25,26),(3,(4,(23,28))))),21)));

STEP 35 [uTBR_ClassicHeuristic_RF -> NNI_Substep_34] - Distance: 19.0000
((24,(12,(17,(22,(8,(29,14)))))),(((30,(15,10)),((5,13),1)),19),((16,18),((((7,11),(6,((20,9),(27,2)))),21),((25,26),(3,(4,(23,28)))))));

STEP 36 [uTBR_ClassicHeuristic_RF -> NNI_Substep_35] - Distance: 19.0000
((24,(12,(17,(22,(8,(29,14)))))),(((30,(15,10)),((5,13),1)),19),((16,18),(((7,11),((6,((20,9),(27,2))),21)),((25,26),(3,(4,(23,28)))))));

STEP 37 [uTBR_ClassicHeuristic_RF -> NNI_Substep_36] - Distance: 18.0000
((24,(12,(17,(22,(8,(29,14)))))),(((30,(15,10)),((5,13),1)),19),((16,18),(((7,11),((6,21),((20,9),(27,2)))),((25,26),(3,(4,(23,28)))))));

STEP 38 [uTBR_ClassicHeuristic_RF -> NNI_Substep_37] - Distance: 18.0000
((24,(12,(17,(22,(8,(29,14)))))),((30,(15,10)),((5,13),1)),(((16,18),(((7,11),((6,21),((20,9),(27,2)))),((25,26),(3,(4,(23,28)))))),19));

STEP 39 [uTBR_ClassicHeuristic_RF -> NNI_Substep_38] - Distance: 18.0000
((24,(12,(17,(22,(8,(29,14)))))),((30,(15,10)),((5,13),1)),((16,18),((((7,11),((6,21),((20,9),(27,2)))),((25,26),(3,(4,(23,28))))),19)));

STEP 40 [uTBR_ClassicHeuristic_RF -> NNI_Substep_39] - Distance: 18.0000
((24,(12,(17,(22,(8,(29,14)))))),((30,(15,10)),((5,13),1)),((16,18),(((7,11),((6,21),((20,9),(27,2)))),(((25,26),(3,(4,(23,28)))),19))));

STEP 41 [uTBR_ClassicHeuristic_RF -> NNI_Substep_40] - Distance: 18.0000
((24,(12,(17,(22,(8,(29,14)))))),((30,(15,10)),((5,13),1)),((16,18),(((7,11),((6,21),((20,9),(27,2)))),((25,26),((3,(4,(23,28))),19)))));

STEP 42 [uTBR_ClassicHeuristic_RF -> NNI_Substep_41] - Distance: 18.0000
((24,(12,(17,(22,(8,(29,14)))))),((30,(15,10)),((5,13),1)),((16,18),(((7,11),((6,21),((20,9),(27,2)))),((25,26),(3,((4,(23,28)),19))))));

STEP 43 [uTBR_ClassicHeuristic_RF -> NNI_Substep_42] - Distance: 17.0000
((24,(12,(17,(22,(8,(29,14)))))),((30,(15,10)),((5,13),1)),((16,18),(((7,11),((6,21),((20,9),(27,2)))),((25,26),(3,((4,19),(23,28)))))));

STEP 44 [uTBR_ClassicHeuristic_RF -> NNI_Substep_43] - Distance: 17.0000
((24,((12,(22,(8,(29,14)))),17)),((30,(15,10)),((5,13),1)),((16,18),(((7,11),((6,21),((20,9),(27,2)))),((25,26),(3,((4,19),(23,28)))))));

STEP 45 [uTBR_ClassicHeuristic_RF -> NNI_Substep_44] - Distance: 17.0000
(((24,(12,(22,(8,(29,14))))),17),((30,(15,10)),((5,13),1)),((16,18),(((7,11),((6,21),((20,9),(27,2)))),((25,26),(3,((4,19),(23,28)))))));

STEP 46 [uTBR_ClassicHeuristic_RF -> NNI_Substep_45] - Distance: 17.0000
((24,(12,(22,(8,(29,14))))),((30,(15,10)),((5,13),1)),(((16,18),(((7,11),((6,21),((20,9),(27,2)))),((25,26),(3,((4,19),(23,28)))))),17));

STEP 47 [uTBR_ClassicHeuristic_RF -> NNI_Substep_46] - Distance: 17.0000
((24,(12,(22,(8,(29,14))))),((30,(15,10)),((5,13),1)),((16,18),((((7,11),((6,21),((20,9),(27,2)))),((25,26),(3,((4,19),(23,28))))),17)));

STEP 48 [uTBR_ClassicHeuristic_RF -> NNI_Substep_47] - Distance: 17.0000
((24,(12,(22,(8,(29,14))))),((30,(15,10)),((5,13),1)),((16,18),((((7,11),((6,21),((20,9),(27,2)))),17),((25,26),(3,((4,19),(23,28)))))));

STEP 49 [uTBR_ClassicHeuristic_RF -> NNI_Substep_48] - Distance: 17.0000
((24,(12,(22,(8,(29,14))))),((30,(15,10)),((5,13),1)),((16,18),((((7,11),17),((6,21),((20,9),(27,2)))),((25,26),(3,((4,19),(23,28)))))));

STEP 50 [uTBR_ClassicHeuristic_RF -> NNI_Substep_49] - Distance: 16.0000
((24,(12,(22,(8,(29,14))))),((30,(15,10)),((5,13),1)),((16,18),(((7,(11,17)),((6,21),((20,9),(27,2)))),((25,26),(3,((4,19),(23,28)))))));

STEP 51 [uTBR_ClassicHeuristic_RF -> NNI_Substep_50] - Distance: 16.0000
((24,(12,(22,(8,(29,14))))),(((30,10),15),((5,13),1)),((16,18),(((7,(11,17)),((6,21),((20,9),(27,2)))),((25,26),(3,((4,19),(23,28)))))));

STEP 52 [uTBR_ClassicHeuristic_RF -> NNI_Substep_51] - Distance: 16.0000
((24,(12,(22,(8,(29,14))))),(((30,10),((5,13),1)),15),((16,18),(((7,(11,17)),((6,21),((20,9),(27,2)))),((25,26),(3,((4,19),(23,28)))))));

STEP 53 [uTBR_ClassicHeuristic_RF -> NNI_Substep_52] - Distance: 16.0000
((24,(12,(22,(8,(29,14))))),((30,10),((5,13),1)),(((16,18),(((7,(11,17)),((6,21),((20,9),(27,2)))),((25,26),(3,((4,19),(23,28)))))),15));

STEP 54 [uTBR_ClassicHeuristic_RF -> NNI_Substep_53] - Distance: 16.0000
((24,(12,(22,(8,(29,14))))),((30,10),((5,13),1)),((16,18),((((7,(11,17)),((6,21),((20,9),(27,2)))),((25,26),(3,((4,19),(23,28))))),15)));

STEP 55 [uTBR_ClassicHeuristic_RF -> NNI_Substep_54] - Distance: 16.0000
((24,(12,(22,(8,(29,14))))),((30,10),((5,13),1)),((16,18),((((7,(11,17)),((6,21),((20,9),(27,2)))),15),((25,26),(3,((4,19),(23,28)))))));

STEP 56 [uTBR_ClassicHeuristic_RF -> NNI_Substep_55] - Distance: 16.0000
((24,(12,(22,(8,(29,14))))),((30,10),((5,13),1)),((16,18),((((7,(11,17)),15),((6,21),((20,9),(27,2)))),((25,26),(3,((4,19),(23,28)))))));

STEP 57 [uTBR_ClassicHeuristic_RF -> NNI_Substep_56] - Distance: 15.0000
((24,(12,(22,(8,(29,14))))),((30,10),((5,13),1)),((16,18),(((7,((11,17),15)),((6,21),((20,9),(27,2)))),((25,26),(3,((4,19),(23,28)))))));

STEP 58 [uTBR_ClassicHeuristic_RF -> NNI_Substep_57] - Distance: 15.0000
((24,(12,(22,(8,(29,14))))),((30,10),((5,13),1)),((16,18),(((7,((6,21),((20,9),(27,2)))),((11,17),15)),((25,26),(3,((4,19),(23,28)))))));

STEP 59 [uTBR_ClassicHeuristic_RF -> NNI_Substep_58] - Distance: 15.0000
((24,(12,(22,(8,(29,14))))),((30,10),((5,13),1)),((16,18),(((((6,21),((20,9),(27,2))),((11,17),15)),7),((25,26),(3,((4,19),(23,28)))))));

STEP 60 [uTBR_ClassicHeuristic_RF -> NNI_Substep_59] - Distance: 15.0000
((24,(12,(22,(8,(29,14))))),((30,10),((5,13),1)),((16,18),((((((20,9),(27,2)),((11,17),15)),(6,21)),7),((25,26),(3,((4,19),(23,28)))))));

STEP 61 [uTBR_ClassicHeuristic_RF -> NNI_Substep_60] - Distance: 14.0000
((24,(12,(22,(8,(29,14))))),((30,10),((5,13),1)),((16,18),((7,((6,21),((20,9),((27,2),((11,17),15))))),((25,26),(3,((4,19),(23,28)))))));

STEP 62 [uTBR_ClassicHeuristic_RF -> NNI_Substep_61] - Distance: 14.0000
((24,(12,(22,(8,(29,14))))),((30,((5,13),1)),10),((16,18),((7,((6,21),((20,9),((27,2),((11,17),15))))),((25,26),(3,((4,19),(23,28)))))));

STEP 63 [uTBR_ClassicHeuristic_RF -> NNI_Substep_62] - Distance: 14.0000
((24,(12,(22,(8,(29,14))))),(30,((5,13),1)),(((16,18),((7,((6,21),((20,9),((27,2),((11,17),15))))),((25,26),(3,((4,19),(23,28)))))),10));

STEP 64 [uTBR_ClassicHeuristic_RF -> NNI_Substep_63] - Distance: 14.0000
((24,(12,(22,(8,(29,14))))),(30,((5,13),1)),((16,18),(((7,((6,21),((20,9),((27,2),((11,17),15))))),((25,26),(3,((4,19),(23,28))))),10)));

STEP 65 [uTBR_ClassicHeuristic_RF -> NNI_Substep_64] - Distance: 14.0000
((24,(12,(22,(8,(29,14))))),(30,((5,13),1)),((16,18),((7,((6,21),((20,9),((27,2),((11,17),15))))),(((25,26),(3,((4,19),(23,28)))),10))));

STEP 66 [uTBR_ClassicHeuristic_RF -> NNI_Substep_65] - Distance: 14.0000
((24,(12,(22,(8,(29,14))))),(30,((5,13),1)),((16,18),((7,((6,21),((20,9),((27,2),((11,17),15))))),((25,26),((3,((4,19),(23,28))),10)))));

STEP 67 [uTBR_ClassicHeuristic_RF -> NNI_Substep_66] - Distance: 14.0000
((24,(12,(22,(8,(29,14))))),(30,((5,13),1)),((16,18),((7,((6,21),((20,9),((27,2),((11,17),15))))),((25,26),(3,(((4,19),(23,28)),10))))));

STEP 68 [uTBR_ClassicHeuristic_RF -> NNI_Substep_67] - Distance: 13.0000
((24,(12,(22,(8,(29,14))))),(30,((5,13),1)),((16,18),((7,((6,21),((20,9),((27,2),((11,17),15))))),((25,26),(3,((4,19),((23,28),10)))))));

STEP 69 [uTBR_ClassicHeuristic_RF -> NNI_Substep_68] - Distance: 13.0000
((24,(12,(22,(8,(29,14))))),(30,((5,13),1)),((16,18),((((6,21),((20,9),((27,2),((11,17),15)))),((25,26),(3,((4,19),((23,28),10))))),7)));

STEP 70 [uTBR_ClassicHeuristic_RF -> NNI_Substep_69] - Distance: 13.0000
((24,(12,(22,(8,(29,14))))),(30,((5,13),1)),((16,18),((((25,26),(3,((4,19),((23,28),10)))),7),((6,21),((20,9),((27,2),((11,17),15)))))));

STEP 71 [uTBR_ClassicHeuristic_RF -> NNI_Substep_70] - Distance: 13.0000
((24,(12,(22,(8,(29,14))))),(30,((5,13),1)),((16,18),((((3,((4,19),((23,28),10))),7),(25,26)),((6,21),((20,9),((27,2),((11,17),15)))))));

STEP 72 [uTBR_ClassicHeuristic_RF -> NNI_Substep_71] - Distance: 13.0000
((24,(12,(22,(8,(29,14))))),(30,((5,13),1)),((16,18),(((6,21),((20,9),((27,2),((11,17),15)))),((25,26),(3,(((4,19),((23,28),10)),7))))));

STEP 73 [uTBR_ClassicHeuristic_RF -> NNI_Substep_72] - Distance: 12.0000
((24,(12,(22,(8,(29,14))))),(30,((5,13),1)),((16,18),(((6,21),((20,9),((27,2),((11,17),15)))),((25,26),(3,((4,19),(((23,28),10),7)))))));

STEP 74 [uTBR_ClassicHeuristic_RF -> NNI_Substep_73] - Distance: 12.0000
((24,(12,(22,(8,(29,14))))),((5,13),1),(((16,18),(((6,21),((20,9),((27,2),((11,17),15)))),((25,26),(3,((4,19),(((23,28),10),7)))))),30));

STEP 75 [uTBR_ClassicHeuristic_RF -> NNI_Substep_74] - Distance: 12.0000
((24,(12,(22,(8,(29,14))))),((5,13),1),((16,18),((((6,21),((20,9),((27,2),((11,17),15)))),((25,26),(3,((4,19),(((23,28),10),7))))),30)));

STEP 76 [uTBR_ClassicHeuristic_RF -> NNI_Substep_75] - Distance: 12.0000
((24,(12,(22,(8,(29,14))))),((5,13),1),((16,18),(((6,21),((20,9),((27,2),((11,17),15)))),(((25,26),(3,((4,19),(((23,28),10),7)))),30))));

STEP 77 [uTBR_ClassicHeuristic_RF -> NNI_Substep_76] - Distance: 12.0000
((24,(12,(22,(8,(29,14))))),((5,13),1),((16,18),(((6,21),((20,9),((27,2),((11,17),15)))),((25,26),((3,((4,19),(((23,28),10),7))),30)))));

STEP 78 [uTBR_ClassicHeuristic_RF -> NNI_Substep_77] - Distance: 12.0000
((24,(12,(22,(8,(29,14))))),((5,13),1),((16,18),(((6,21),((20,9),((27,2),((11,17),15)))),((25,26),(3,(((4,19),(((23,28),10),7)),30))))));

STEP 79 [uTBR_ClassicHeuristic_RF -> NNI_Substep_78] - Distance: 11.0000
((24,(12,(22,(8,(29,14))))),((5,13),1),((16,18),(((6,21),((20,9),((27,2),((11,17),15)))),((25,26),(3,((4,19),((((23,28),10),7),30)))))));

STEP 80 [uTBR_ClassicHeuristic_RF -> NNI_Substep_79] - Distance: 11.0000
((12,(22,(8,(29,14)))),((5,13),1),(((16,18),(((6,21),((20,9),((27,2),((11,17),15)))),((25,26),(3,((4,19),((((23,28),10),7),30)))))),24));

STEP 81 [uTBR_ClassicHeuristic_RF -> NNI_Substep_80] - Distance: 11.0000
((12,(22,(8,(29,14)))),((5,13),1),((16,18),((((6,21),((20,9),((27,2),((11,17),15)))),((25,26),(3,((4,19),((((23,28),10),7),30))))),24)));

STEP 82 [uTBR_ClassicHeuristic_RF -> NNI_Substep_81] - Distance: 11.0000
((12,(22,(8,(29,14)))),((5,13),1),((16,18),(((6,21),((20,9),((27,2),((11,17),15)))),(((25,26),(3,((4,19),((((23,28),10),7),30)))),24))));

STEP 83 [uTBR_ClassicHeuristic_RF -> NNI_Substep_82] - Distance: 11.0000
((12,(22,(8,(29,14)))),((5,13),1),((16,18),(((6,21),((20,9),((27,2),((11,17),15)))),((25,26),((3,((4,19),((((23,28),10),7),30))),24)))));

STEP 84 [uTBR_ClassicHeuristic_RF -> NNI_Substep_83] - Distance: 11.0000
((12,(22,(8,(29,14)))),((5,13),1),((16,18),(((6,21),((20,9),((27,2),((11,17),15)))),((25,26),(3,(((4,19),((((23,28),10),7),30)),24))))));

STEP 85 [uTBR_ClassicHeuristic_RF -> NNI_Substep_84] - Distance: 10.0000
((12,(22,(8,(29,14)))),((5,13),1),((16,18),(((6,21),((20,9),((27,2),((11,17),15)))),((25,26),(3,((4,19),(((((23,28),10),7),30),24)))))));

STEP 86 [uTBR_ClassicHeuristic_RF -> NNI_Substep_85] - Distance: 10.0000
(((12,(8,(29,14))),22),((5,13),1),((16,18),(((6,21),((20,9),((27,2),((11,17),15)))),((25,26),(3,((4,19),(((((23,28),10),7),30),24)))))));

STEP 87 [uTBR_ClassicHeuristic_RF -> NNI_Substep_86] - Distance: 10.0000
((12,(8,(29,14))),((5,13),1),(((16,18),(((6,21),((20,9),((27,2),((11,17),15)))),((25,26),(3,((4,19),(((((23,28),10),7),30),24)))))),22));

STEP 88 [uTBR_ClassicHeuristic_RF -> NNI_Substep_87] - Distance: 10.0000
((12,(8,(29,14))),((5,13),1),((16,18),((((6,21),((20,9),((27,2),((11,17),15)))),((25,26),(3,((4,19),(((((23,28),10),7),30),24))))),22)));

STEP 89 [uTBR_ClassicHeuristic_RF -> NNI_Substep_88] - Distance: 10.0000
((12,(8,(29,14))),((5,13),1),((16,18),((((6,21),((20,9),((27,2),((11,17),15)))),22),((25,26),(3,((4,19),(((((23,28),10),7),30),24)))))));

STEP 90 [uTBR_ClassicHeuristic_RF -> NNI_Substep_89] - Distance: 10.0000
((12,(8,(29,14))),((5,13),1),((16,18),(((6,21),(((20,9),((27,2),((11,17),15))),22)),((25,26),(3,((4,19),(((((23,28),10),7),30),24)))))));

STEP 91 [uTBR_ClassicHeuristic_RF -> NNI_Substep_90] - Distance: 9.0000
((12,(8,(29,14))),((5,13),1),((16,18),(((6,21),(((20,9),22),((27,2),((11,17),15)))),((25,26),(3,((4,19),(((((23,28),10),7),30),24)))))));

STEP 92 [uTBR_ClassicHeuristic_RF -> NNI_Substep_91] - Distance: 9.0000
((12,(8,(29,14))),((5,13),1),((16,18),((((6,21),((27,2),((11,17),15))),((20,9),22)),((25,26),(3,((4,19),(((((23,28),10),7),30),24)))))));

STEP 93 [uTBR_ClassicHeuristic_RF -> NNI_Substep_92] - Distance: 9.0000
((12,(8,(29,14))),((5,13),1),((16,18),((((6,21),((27,2),((11,17),15))),((25,26),(3,((4,19),(((((23,28),10),7),30),24))))),((20,9),22))));

STEP 94 [uTBR_ClassicHeuristic_RF -> NNI_Substep_93] - Distance: 9.0000
((12,(8,(29,14))),((5,13),1),((16,18),(((6,21),((27,2),((11,17),15))),(((25,26),(3,((4,19),(((((23,28),10),7),30),24)))),((20,9),22)))));

STEP 95 [uTBR_ClassicHeuristic_RF -> NNI_Substep_94] - Distance: 8.0000
((12,(8,(29,14))),((5,13),1),((16,18),(((6,21),((27,2),((11,17),15))),(((25,26),((20,9),22)),(3,((4,19),(((((23,28),10),7),30),24)))))));

STEP 96 [uTBR_ClassicHeuristic_RF -> NNI_Substep_95] - Distance: 8.0000
(12,((5,13),1),(((16,18),(((6,21),((27,2),((11,17),15))),(((25,26),((20,9),22)),(3,((4,19),(((((23,28),10),7),30),24)))))),(8,(29,14))));

STEP 97 [uTBR_ClassicHeuristic_RF -> NNI_Substep_96] - Distance: 8.0000
(12,((5,13),1),((16,18),((((6,21),((27,2),((11,17),15))),(((25,26),((20,9),22)),(3,((4,19),(((((23,28),10),7),30),24))))),(8,(29,14)))));

STEP 98 [uTBR_ClassicHeuristic_RF -> NNI_Substep_97] - Distance: 7.0000
(12,((5,13),1),((16,18),((((6,21),((27,2),((11,17),15))),(8,(29,14))),(((25,26),((20,9),22)),(3,((4,19),(((((23,28),10),7),30),24)))))));

STEP 99 [uTBR_ClassicHeuristic_RF -> NNI_Substep_98] - Distance: 6.0000
(12,((5,13),1),((16,18),(((6,21),(((27,2),((11,17),15)),(8,(29,14)))),(((25,26),((20,9),22)),(3,((4,19),(((((23,28),10),7),30),24)))))));

STEP 100 [uTBR_ClassicHeuristic_RF -> NNI_Substep_99] - Distance: 6.0000
(12,1,(((16,18),(((6,21),(((27,2),((11,17),15)),(8,(29,14)))),(((25,26),((20,9),22)),(3,((4,19),(((((23,28),10),7),30),24)))))),(5,13)));

STEP 101 [uTBR_ClassicHeuristic_RF -> NNI_Substep_100] - Distance: 6.0000
(12,1,((16,18),((((6,21),(((27,2),((11,17),15)),(8,(29,14)))),(((25,26),((20,9),22)),(3,((4,19),(((((23,28),10),7),30),24))))),(5,13))));

STEP 102 [uTBR_ClassicHeuristic_RF -> NNI_Substep_101] - Distance: 5.0000
(12,1,((16,18),((((6,21),(((27,2),((11,17),15)),(8,(29,14)))),(5,13)),(((25,26),((20,9),22)),(3,((4,19),(((((23,28),10),7),30),24)))))));

STEP 103 [uTBR_ClassicHeuristic_RF -> NNI_Substep_102] - Distance: 5.0000
(12,1,((16,18),((((6,21),(((27,2),((11,17),15)),(8,(29,14)))),(5,13)),(((25,26),((20,9),22)),((3,(((((23,28),10),7),30),24)),(4,19))))));

STEP 104 [uTBR_ClassicHeuristic_RF -> NNI_Substep_103] - Distance: 5.0000
(12,1,((16,18),((((6,21),(((27,2),((11,17),15)),(8,(29,14)))),(5,13)),((((25,26),((20,9),22)),(3,(((((23,28),10),7),30),24))),(4,19)))));

STEP 105 [uTBR_ClassicHeuristic_RF -> NNI_Substep_104] - Distance: 4.0000
(12,1,((16,18),(((((6,21),(((27,2),((11,17),15)),(8,(29,14)))),(5,13)),(((25,26),((20,9),22)),(3,(((((23,28),10),7),30),24)))),(4,19))));

STEP 106 [uTBR_ClassicHeuristic_RF -> NNI_Substep_105] - Distance: 3.0000
(12,1,(((16,18),((((6,21),(((27,2),((11,17),15)),(8,(29,14)))),(5,13)),(((25,26),((20,9),22)),(3,(((((23,28),10),7),30),24))))),(4,19)));

STEP 107 [uTBR_ClassicHeuristic_RF -> NNI_Substep_106] - Distance: 2.0000
(12,(1,(4,19)),((16,18),((((6,21),(((27,2),((11,17),15)),(8,(29,14)))),(5,13)),(((25,26),((20,9),22)),(3,(((((23,28),10),7),30),24))))));

STEP 108 [uTBR_ClassicHeuristic_RF -> NNI_Substep_107] - Distance: 1.0000
(12,(1,(4,19)),((16,18),((3,(((((23,28),10),7),30),24)),(((25,26),((20,9),22)),(((6,21),(((27,2),((11,17),15)),(8,(29,14)))),(5,13))))));

STEP 109 [uTBR_ClassicHeuristic_RF -> NNI_Substep_108] - Distance: 0.0000
(12,(1,(4,19)),((16,18),(3,((((((23,28),10),7),30),24),(((25,26),((20,9),22)),(((6,21),(((27,2),((11,17),15)),(8,(29,14)))),(5,13)))))));

========================================================
[FINAL] Total Steps: 109 | Final Distance: 0.0000
========================================================
