========================================================
HEURISTIC TRAJECTORY: VND Classic (MC)
========================================================
STEP 0 [START] - Distance: 153.0000
((((12,(26,(4,28))),(30,17)),(6,(20,29))),((((((15,(11,7)),((2,3),(8,21))),(1,(24,27))),(16,((10,5),(22,13)))),(23,(14,(18,25)))),(19,9)));

STEP 1 [NNI_ClassicHeuristic_MC -> NNI_Substep_1] - Distance: 146.0000
((((12,(26,(4,28))),(30,17)),(6,(20,29))),(((19,9),(23,(14,(18,25)))),((((15,(11,7)),((2,3),(8,21))),(1,(24,27))),(16,((10,5),(22,13))))));

STEP 2 [NNI_ClassicHeuristic_MC -> NNI_Substep_2] - Distance: 142.0000
((((12,(26,(4,28))),(30,17)),(6,(20,29))),((((15,(11,7)),((2,3),(8,21))),(1,(24,27))),(((19,9),(23,(14,(18,25)))),(16,((10,5),(22,13))))));

STEP 3 [NNI_ClassicHeuristic_MC -> NNI_Substep_3] - Distance: 140.0000
((((12,(26,(4,28))),(30,17)),(6,(20,29))),((((15,(11,7)),((2,3),(8,21))),(1,(24,27))),(((10,5),(22,13)),(16,((19,9),(23,(14,(18,25))))))));

STEP 4 [NNI_ClassicHeuristic_MC -> NNI_Substep_4] - Distance: 139.0000
(((((4,28),(26,12)),(30,17)),(6,(20,29))),((((15,(11,7)),((2,3),(8,21))),(1,(24,27))),(((10,5),(22,13)),(16,((19,9),(23,(14,(18,25))))))));

STEP 5 [NNI_ClassicHeuristic_MC -> NNI_Substep_5] - Distance: 137.0000
(((((30,17),(26,12)),(4,28)),(6,(20,29))),((((15,(11,7)),((2,3),(8,21))),(1,(24,27))),(((10,5),(22,13)),(16,((19,9),(23,(14,(18,25))))))));

STEP 6 [NNI_ClassicHeuristic_MC -> NNI_Substep_6] - Distance: 136.0000
((((12,(26,(30,17))),(4,28)),(6,(20,29))),((((15,(11,7)),((2,3),(8,21))),(1,(24,27))),(((10,5),(22,13)),(16,((19,9),(23,(14,(18,25))))))));

STEP 7 [NNI_ClassicHeuristic_MC -> NNI_Substep_7] - Distance: 135.0000
((((12,(26,(30,17))),(6,(20,29))),(4,28)),((((15,(11,7)),((2,3),(8,21))),(1,(24,27))),(((10,5),(22,13)),(16,((19,9),(23,(14,(18,25))))))));

STEP 8 [NNI_ClassicHeuristic_MC -> NNI_Substep_8] - Distance: 134.0000
((((12,(26,(30,17))),(6,(20,29))),(4,28)),((((8,21),((2,3),(15,(11,7)))),(1,(24,27))),(((10,5),(22,13)),(16,((19,9),(23,(14,(18,25))))))));

STEP 9 [NNI_ClassicHeuristic_MC -> NNI_Substep_9] - Distance: 133.0000
((((12,(26,(30,17))),(6,(20,29))),(4,28)),((((8,21),((2,3),(15,(11,7)))),(1,(24,27))),(((10,5),(22,13)),(16,((19,9),((18,25),(14,23)))))));

STEP 10 [NNI_ClassicHeuristic_MC -> NNI_Substep_10] - Distance: 132.0000
((((12,(26,(30,17))),(6,(20,29))),(4,28)),((((8,21),((2,3),(15,(11,7)))),(1,(24,27))),(((10,5),(22,13)),((19,9),(16,((18,25),(14,23)))))));

STEP 11 [NNI_ClassicHeuristic_MC -> NNI_Substep_11] - Distance: 131.0000
((((12,(26,(30,17))),(6,(20,29))),(4,28)),((((8,21),((2,3),(15,(11,7)))),(1,(24,27))),(((10,5),(22,13)),((19,9),((14,23),((18,25),16))))));

STEP 12 [NNI_ClassicHeuristic_MC -> NNI_Substep_12] - Distance: 129.0000
((((12,(26,(30,17))),(6,(20,29))),(4,28)),((((8,21),((2,3),(15,(11,7)))),(1,(24,27))),(((10,5),(22,13)),((14,23),((19,9),((18,25),16))))));

STEP 13 [NNI_ClassicHeuristic_MC -> NNI_Substep_13] - Distance: 128.0000
((((12,(26,(30,17))),(6,(20,29))),(4,28)),((((8,21),((2,3),(15,(11,7)))),(1,(24,27))),(((19,9),((18,25),16)),((14,23),((10,5),(22,13))))));

STEP 14 [NNI_ClassicHeuristic_MC -> NNI_Substep_14] - Distance: 126.0000
((((12,(26,(30,17))),(6,(20,29))),(4,28)),(((14,23),((10,5),(22,13))),(((19,9),((18,25),16)),(((8,21),((2,3),(15,(11,7)))),(1,(24,27))))));

STEP 15 [NNI_ClassicHeuristic_MC -> NNI_Substep_15] - Distance: 119.0000
(((14,23),((10,5),(22,13))),((((12,(26,(30,17))),(6,(20,29))),(4,28)),(((8,21),((2,3),(15,(11,7)))),(((19,9),((18,25),16)),(1,(24,27))))));

STEP 16 [NNI_ClassicHeuristic_MC -> NNI_Substep_16] - Distance: 116.0000
((((8,21),((11,7),(15,(2,3)))),(((19,9),((18,25),16)),(1,(24,27)))),((((12,(26,(30,17))),(6,(20,29))),(4,28)),((14,23),((10,5),(22,13)))));

STEP 17 [NNI_ClassicHeuristic_MC -> NNI_Substep_17] - Distance: 114.0000
((((11,7),((8,21),(15,(2,3)))),(((19,9),((18,25),16)),(1,(24,27)))),((((12,(26,(30,17))),(6,(20,29))),(4,28)),((14,23),((10,5),(22,13)))));

STEP 18 [NNI_ClassicHeuristic_MC -> NNI_Substep_18] - Distance: 112.0000
((((11,7),((8,21),(15,(2,3)))),(((19,9),((18,25),16)),(1,(24,27)))),((((12,(26,(30,17))),(6,(20,29))),(4,28)),((10,5),((14,23),(22,13)))));

STEP 19 [NNI_ClassicHeuristic_MC -> NNI_Substep_19] - Distance: 111.0000
((((11,7),((8,21),(15,(2,3)))),(((19,9),((18,25),16)),(1,(24,27)))),((((12,(26,(30,17))),(6,(20,29))),(4,28)),((10,5),(22,((14,23),13)))));

STEP 20 [NNI_ClassicHeuristic_MC -> NNI_Substep_20] - Distance: 110.0000
((((11,7),((8,21),(15,(2,3)))),(((19,9),((18,25),16)),(1,(24,27)))),((((10,5),(22,((14,23),13))),(4,28)),((12,(26,(30,17))),(6,(20,29)))));

STEP 21 [NNI_ClassicHeuristic_MC -> NNI_Substep_21] - Distance: 108.0000
((((11,7),((8,21),(15,(2,3)))),(((19,9),((18,25),16)),(1,(24,27)))),((((4,28),(22,((14,23),13))),(10,5)),((12,(26,(30,17))),(6,(20,29)))));

STEP 22 [SPR_ClassicHeuristic_MC -> NNI_Substep_1] - Distance: 109.0000
((((11,7),((8,21),(15,(2,3)))),(((19,9),((18,25),16)),(1,(24,27)))),((((4,28),(22,((14,23),13))),(10,5)),(((12,(26,(30,17))),(20,29)),6)));

STEP 23 [SPR_ClassicHeuristic_MC -> NNI_Substep_2] - Distance: 114.0000
((((11,7),((8,21),(15,(2,3)))),(((19,9),((18,25),16)),(1,(24,27)))),(((((4,28),(22,((14,23),13))),(10,5)),((12,(26,(30,17))),(20,29))),6));

STEP 24 [SPR_ClassicHeuristic_MC -> NNI_Substep_3] - Distance: 105.0000
((((11,7),((8,21),(15,(2,3)))),((((19,9),((18,25),16)),(1,(24,27))),6)),((((4,28),(22,((14,23),13))),(10,5)),((12,(26,(30,17))),(20,29))));

STEP 25 [SPR_ClassicHeuristic_MC -> NNI_Substep_4] - Distance: 105.0000
((((11,7),((8,21),(15,(2,3)))),((((19,9),((18,25),16)),6),(1,(24,27)))),((((4,28),(22,((14,23),13))),(10,5)),((12,(26,(30,17))),(20,29))));

STEP 26 [SPR_ClassicHeuristic_MC -> NNI_Substep_5] - Distance: 101.0000
((((11,7),((8,21),(15,(2,3)))),((((19,9),6),((18,25),16)),(1,(24,27)))),((((4,28),(22,((14,23),13))),(10,5)),((12,(26,(30,17))),(20,29))));

STEP 27 [SPR_ClassicHeuristic_MC -> NNI_Substep_6] - Distance: 99.0000
((((11,7),((8,21),(15,(2,3)))),((((19,6),9),((18,25),16)),(1,(24,27)))),((((4,28),(22,((14,23),13))),(10,5)),((12,(26,(30,17))),(20,29))));

STEP 28 [SPR_ClassicHeuristic_MC -> NNI_Substep_7] - Distance: 99.0000
((((11,7),((8,21),(15,(2,3)))),((((19,6),9),((18,25),16)),(1,(24,27)))),((((4,28),(22,((14,23),13))),(10,5)),((12,((26,17),30)),(20,29))));

STEP 29 [SPR_ClassicHeuristic_MC -> NNI_Substep_8] - Distance: 99.0000
((((11,7),((8,21),(15,(2,3)))),((((19,6),9),((18,25),16)),(1,(24,27)))),((((4,28),(22,((14,23),13))),(10,5)),(((12,(26,17)),30),(20,29))));

STEP 30 [SPR_ClassicHeuristic_MC -> NNI_Substep_9] - Distance: 100.0000
((((11,7),((8,21),(15,(2,3)))),((((19,6),9),((18,25),16)),(1,(24,27)))),((((4,28),(22,((14,23),13))),(10,5)),(((12,(26,17)),(20,29)),30)));

STEP 31 [SPR_ClassicHeuristic_MC -> NNI_Substep_10] - Distance: 103.0000
((((11,7),((8,21),(15,(2,3)))),((((19,6),9),((18,25),16)),(1,(24,27)))),(((((4,28),(22,((14,23),13))),(10,5)),((12,(26,17)),(20,29))),30));

STEP 32 [SPR_ClassicHeuristic_MC -> NNI_Substep_11] - Distance: 94.0000
((((11,7),((8,21),(15,(2,3)))),(((((19,6),9),((18,25),16)),(1,(24,27))),30)),((((4,28),(22,((14,23),13))),(10,5)),((12,(26,17)),(20,29))));

STEP 33 [SPR_ClassicHeuristic_MC -> NNI_Substep_12] - Distance: 93.0000
((((11,7),((8,21),(15,(2,3)))),((((19,6),9),((18,25),16)),((1,(24,27)),30))),((((4,28),(22,((14,23),13))),(10,5)),((12,(26,17)),(20,29))));

STEP 34 [SPR_ClassicHeuristic_MC -> NNI_Substep_13] - Distance: 90.0000
((((11,7),((8,21),(15,(2,3)))),((((19,6),9),((18,25),16)),((1,30),(24,27)))),((((4,28),(22,((14,23),13))),(10,5)),((12,(26,17)),(20,29))));

STEP 35 [SPR_ClassicHeuristic_MC -> NNI_Substep_14] - Distance: 90.0000
((((11,7),((8,21),((15,3),2))),((((19,6),9),((18,25),16)),((1,30),(24,27)))),((((4,28),(22,((14,23),13))),(10,5)),((12,(26,17)),(20,29))));

STEP 36 [SPR_ClassicHeuristic_MC -> NNI_Substep_15] - Distance: 91.0000
((((11,7),(((8,21),(15,3)),2)),((((19,6),9),((18,25),16)),((1,30),(24,27)))),((((4,28),(22,((14,23),13))),(10,5)),((12,(26,17)),(20,29))));

STEP 37 [SPR_ClassicHeuristic_MC -> NNI_Substep_16] - Distance: 92.0000
(((((11,7),((8,21),(15,3))),2),((((19,6),9),((18,25),16)),((1,30),(24,27)))),((((4,28),(22,((14,23),13))),(10,5)),((12,(26,17)),(20,29))));

STEP 38 [SPR_ClassicHeuristic_MC -> NNI_Substep_17] - Distance: 95.0000
(((((11,7),((8,21),(15,3))),((((19,6),9),((18,25),16)),((1,30),(24,27)))),2),((((4,28),(22,((14,23),13))),(10,5)),((12,(26,17)),(20,29))));

STEP 39 [SPR_ClassicHeuristic_MC -> NNI_Substep_18] - Distance: 88.0000
((((11,7),((8,21),(15,3))),(((((19,6),9),((18,25),16)),((1,30),(24,27))),2)),((((4,28),(22,((14,23),13))),(10,5)),((12,(26,17)),(20,29))));

STEP 40 [SPR_ClassicHeuristic_MC -> NNI_Substep_19] - Distance: 87.0000
((((11,7),((8,21),(15,3))),((((19,6),9),((18,25),16)),(((1,30),(24,27)),2))),((((4,28),(22,((14,23),13))),(10,5)),((12,(26,17)),(20,29))));

STEP 41 [SPR_ClassicHeuristic_MC -> NNI_Substep_20] - Distance: 84.0000
((((11,7),((8,21),(15,3))),((((19,6),9),((18,25),16)),(((1,30),2),(24,27)))),((((4,28),(22,((14,23),13))),(10,5)),((12,(26,17)),(20,29))));

STEP 42 [SPR_ClassicHeuristic_MC -> NNI_Substep_21] - Distance: 82.0000
((((11,7),((8,21),(15,3))),((((19,6),9),((18,25),16)),((1,(30,2)),(24,27)))),((((4,28),(22,((14,23),13))),(10,5)),((12,(26,17)),(20,29))));

STEP 43 [SPR_ClassicHeuristic_MC -> NNI_Substep_22] - Distance: 85.0000
((((11,7),((8,21),(15,3))),((((19,6),9),((18,25),16)),((1,(30,2)),(24,27)))),((((28,(22,((14,23),13))),4),(10,5)),((12,(26,17)),(20,29))));

STEP 44 [SPR_ClassicHeuristic_MC -> NNI_Substep_23] - Distance: 86.0000
((((11,7),((8,21),(15,3))),((((19,6),9),((18,25),16)),((1,(30,2)),(24,27)))),((((28,(22,((14,23),13))),(10,5)),4),((12,(26,17)),(20,29))));

STEP 45 [SPR_ClassicHeuristic_MC -> NNI_Substep_24] - Distance: 86.0000
((((11,7),((8,21),(15,3))),((((19,6),9),((18,25),16)),((1,(30,2)),(24,27)))),((((28,(22,((14,23),13))),(10,5)),((12,(26,17)),(20,29))),4));

STEP 46 [SPR_ClassicHeuristic_MC -> NNI_Substep_25] - Distance: 81.0000
(((((11,7),((8,21),(15,3))),4),((((19,6),9),((18,25),16)),((1,(30,2)),(24,27)))),(((28,(22,((14,23),13))),(10,5)),((12,(26,17)),(20,29))));

STEP 47 [SPR_ClassicHeuristic_MC -> NNI_Substep_26] - Distance: 78.0000
((((11,7),(((8,21),(15,3)),4)),((((19,6),9),((18,25),16)),((1,(30,2)),(24,27)))),(((28,(22,((14,23),13))),(10,5)),((12,(26,17)),(20,29))));

STEP 48 [SPR_ClassicHeuristic_MC -> NNI_Substep_27] - Distance: 75.0000
((((11,7),((8,21),((15,3),4))),((((19,6),9),((18,25),16)),((1,(30,2)),(24,27)))),(((28,(22,((14,23),13))),(10,5)),((12,(26,17)),(20,29))));

STEP 49 [SPR_ClassicHeuristic_MC -> NNI_Substep_28] - Distance: 73.0000
((((11,7),((8,21),(15,(3,4)))),((((19,6),9),((18,25),16)),((1,(30,2)),(24,27)))),(((28,(22,((14,23),13))),(10,5)),((12,(26,17)),(20,29))));

STEP 50 [SPR_ClassicHeuristic_MC -> NNI_Substep_29] - Distance: 77.0000
((((11,7),((8,21),(15,(3,4)))),((((19,6),9),((18,25),16)),((1,(30,2)),(24,27)))),((((28,(22,((14,23),13))),5),10),((12,(26,17)),(20,29))));

STEP 51 [SPR_ClassicHeuristic_MC -> NNI_Substep_30] - Distance: 77.0000
((((11,7),((8,21),(15,(3,4)))),((((19,6),9),((18,25),16)),((1,(30,2)),(24,27)))),((((28,(22,((14,23),13))),5),((12,(26,17)),(20,29))),10));

STEP 52 [SPR_ClassicHeuristic_MC -> NNI_Substep_31] - Distance: 74.0000
(((((11,7),((8,21),(15,(3,4)))),10),((((19,6),9),((18,25),16)),((1,(30,2)),(24,27)))),(((28,(22,((14,23),13))),5),((12,(26,17)),(20,29))));

STEP 53 [SPR_ClassicHeuristic_MC -> NNI_Substep_32] - Distance: 71.0000
((((11,7),(((8,21),(15,(3,4))),10)),((((19,6),9),((18,25),16)),((1,(30,2)),(24,27)))),(((28,(22,((14,23),13))),5),((12,(26,17)),(20,29))));

STEP 54 [SPR_ClassicHeuristic_MC -> NNI_Substep_33] - Distance: 67.0000
((((11,7),(((8,21),10),(15,(3,4)))),((((19,6),9),((18,25),16)),((1,(30,2)),(24,27)))),(((28,(22,((14,23),13))),5),((12,(26,17)),(20,29))));

STEP 55 [SPR_ClassicHeuristic_MC -> NNI_Substep_34] - Distance: 72.0000
((((11,(((8,21),10),(15,(3,4)))),7),((((19,6),9),((18,25),16)),((1,(30,2)),(24,27)))),(((28,(22,((14,23),13))),5),((12,(26,17)),(20,29))));

STEP 56 [SPR_ClassicHeuristic_MC -> NNI_Substep_35] - Distance: 76.0000
((((11,(((8,21),10),(15,(3,4)))),((((19,6),9),((18,25),16)),((1,(30,2)),(24,27)))),7),(((28,(22,((14,23),13))),5),((12,(26,17)),(20,29))));

STEP 57 [SPR_ClassicHeuristic_MC -> NNI_Substep_36] - Distance: 66.0000
(((11,(((8,21),10),(15,(3,4)))),((((19,6),9),((18,25),16)),((1,(30,2)),(24,27)))),(((28,(22,((14,23),13))),5),(((12,(26,17)),(20,29)),7)));

STEP 58 [SPR_ClassicHeuristic_MC -> NNI_Substep_37] - Distance: 62.0000
(((11,(((8,21),10),(15,(3,4)))),((((19,6),9),((18,25),16)),((1,(30,2)),(24,27)))),(((28,(22,((14,23),13))),5),((12,(26,17)),((20,29),7))));

STEP 59 [SPR_ClassicHeuristic_MC -> NNI_Substep_38] - Distance: 62.0000
(((11,(((8,21),10),(15,(3,4)))),((((19,6),9),((18,25),16)),((1,(30,2)),(24,27)))),((((28,((14,23),13)),22),5),((12,(26,17)),((20,29),7))));

STEP 60 [SPR_ClassicHeuristic_MC -> NNI_Substep_39] - Distance: 62.0000
(((11,(((8,21),10),(15,(3,4)))),((((19,6),9),((18,25),16)),((1,(30,2)),(24,27)))),((((28,((14,23),13)),5),22),((12,(26,17)),((20,29),7))));

STEP 61 [SPR_ClassicHeuristic_MC -> NNI_Substep_40] - Distance: 61.0000
(((11,(((8,21),10),(15,(3,4)))),((((19,6),9),((18,25),16)),((1,(30,2)),(24,27)))),((((28,((14,23),13)),5),((12,(26,17)),((20,29),7))),22));

STEP 62 [SPR_ClassicHeuristic_MC -> NNI_Substep_41] - Distance: 57.0000
(((11,(((8,21),10),(15,(3,4)))),((((19,6),9),((18,25),16)),((1,(30,2)),(24,27)))),(((28,((14,23),13)),5),(((12,(26,17)),((20,29),7)),22)));

STEP 63 [SPR_ClassicHeuristic_MC -> NNI_Substep_42] - Distance: 57.0000
(((11,(((8,21),10),(15,(3,4)))),((((19,6),9),((18,25),16)),((1,(30,2)),(24,27)))),(((28,((14,23),13)),5),(((12,(26,17)),((20,7),29)),22)));

STEP 64 [SPR_ClassicHeuristic_MC -> NNI_Substep_43] - Distance: 57.0000
(((11,(((8,21),10),(15,(3,4)))),((((19,6),9),((18,25),16)),((1,(30,2)),(24,27)))),(((28,((14,23),13)),5),((((12,(26,17)),(20,7)),29),22)));

STEP 65 [SPR_ClassicHeuristic_MC -> NNI_Substep_44] - Distance: 57.0000
(((11,(((8,21),10),(15,(3,4)))),((((19,6),9),((18,25),16)),((1,(30,2)),(24,27)))),(((28,((14,23),13)),5),((((12,(26,17)),(20,7)),22),29)));

STEP 66 [SPR_ClassicHeuristic_MC -> NNI_Substep_45] - Distance: 59.0000
(((11,(((8,21),10),(15,(3,4)))),((((19,6),9),((18,25),16)),((1,(30,2)),(24,27)))),((((28,((14,23),13)),5),(((12,(26,17)),(20,7)),22)),29));

STEP 67 [SPR_ClassicHeuristic_MC -> NNI_Substep_46] - Distance: 56.0000
((((11,(((8,21),10),(15,(3,4)))),29),((((19,6),9),((18,25),16)),((1,(30,2)),(24,27)))),(((28,((14,23),13)),5),(((12,(26,17)),(20,7)),22)));

STEP 68 [SPR_ClassicHeuristic_MC -> NNI_Substep_47] - Distance: 51.0000
((((11,29),(((8,21),10),(15,(3,4)))),((((19,6),9),((18,25),16)),((1,(30,2)),(24,27)))),(((28,((14,23),13)),5),(((12,(26,17)),(20,7)),22)));

STEP 69 [SPR_ClassicHeuristic_MC -> NNI_Substep_48] - Distance: 54.0000
((((29,(((8,21),10),(15,(3,4)))),11),((((19,6),9),((18,25),16)),((1,(30,2)),(24,27)))),(((28,((14,23),13)),5),(((12,(26,17)),(20,7)),22)));

STEP 70 [SPR_ClassicHeuristic_MC -> NNI_Substep_49] - Distance: 60.0000
((((29,(((8,21),10),(15,(3,4)))),((((19,6),9),((18,25),16)),((1,(30,2)),(24,27)))),11),(((28,((14,23),13)),5),(((12,(26,17)),(20,7)),22)));

STEP 71 [SPR_ClassicHeuristic_MC -> NNI_Substep_50] - Distance: 52.0000
(((29,(((8,21),10),(15,(3,4)))),((((19,6),9),((18,25),16)),((1,(30,2)),(24,27)))),((((28,((14,23),13)),5),11),(((12,(26,17)),(20,7)),22)));

STEP 72 [SPR_ClassicHeuristic_MC -> NNI_Substep_51] - Distance: 50.0000
(((29,(((8,21),10),(15,(3,4)))),((((19,6),9),((18,25),16)),((1,(30,2)),(24,27)))),((((28,((14,23),13)),11),5),(((12,(26,17)),(20,7)),22)));

STEP 73 [SPR_ClassicHeuristic_MC -> NNI_Substep_52] - Distance: 48.0000
(((29,(((8,21),10),(15,(3,4)))),((((19,6),9),((18,25),16)),((1,(30,2)),(24,27)))),(((28,(((14,23),13),11)),5),(((12,(26,17)),(20,7)),22)));

STEP 74 [SPR_ClassicHeuristic_MC -> NNI_Substep_53] - Distance: 46.0000
(((29,(((8,21),10),(15,(3,4)))),((((19,6),9),((18,25),16)),((1,(30,2)),(24,27)))),(((28,(((14,23),11),13)),5),(((12,(26,17)),(20,7)),22)));

STEP 75 [SPR_ClassicHeuristic_MC -> NNI_Substep_54] - Distance: 46.0000
(((29,(((8,21),10),(15,(3,4)))),((((19,6),9),((18,25),16)),((1,(30,2)),(24,27)))),(((28,(((23,11),14),13)),5),(((12,(26,17)),(20,7)),22)));

STEP 76 [SPR_ClassicHeuristic_MC -> NNI_Substep_55] - Distance: 46.0000
(((29,(((8,21),10),(15,(3,4)))),((((19,6),9),((18,25),16)),((1,(30,2)),(24,27)))),(((28,(((23,11),13),14)),5),(((12,(26,17)),(20,7)),22)));

STEP 77 [SPR_ClassicHeuristic_MC -> NNI_Substep_56] - Distance: 46.0000
(((29,(((8,21),10),(15,(3,4)))),((((19,6),9),((18,25),16)),((1,(30,2)),(24,27)))),((((28,((23,11),13)),14),5),(((12,(26,17)),(20,7)),22)));

STEP 78 [SPR_ClassicHeuristic_MC -> NNI_Substep_57] - Distance: 46.0000
(((29,(((8,21),10),(15,(3,4)))),((((19,6),9),((18,25),16)),((1,(30,2)),(24,27)))),((((28,((23,11),13)),5),14),(((12,(26,17)),(20,7)),22)));

STEP 79 [SPR_ClassicHeuristic_MC -> NNI_Substep_58] - Distance: 47.0000
(((29,(((8,21),10),(15,(3,4)))),((((19,6),9),((18,25),16)),((1,(30,2)),(24,27)))),((((28,((23,11),13)),5),(((12,(26,17)),(20,7)),22)),14));

STEP 80 [SPR_ClassicHeuristic_MC -> NNI_Substep_59] - Distance: 41.0000
(((29,(((8,21),10),(15,(3,4)))),((((19,6),9),((18,25),16)),((1,(30,2)),(24,27)))),(((28,((23,11),13)),5),((((12,(26,17)),(20,7)),22),14)));

STEP 81 [SPR_ClassicHeuristic_MC -> NNI_Substep_60] - Distance: 39.0000
(((29,(((8,21),10),(15,(3,4)))),((((19,6),9),((18,25),16)),((1,(30,2)),(24,27)))),(((28,((23,11),13)),5),((((12,(26,17)),(20,7)),14),22)));

STEP 82 [SPR_ClassicHeuristic_MC -> NNI_Substep_61] - Distance: 40.0000
(((29,(((8,21),10),(15,(3,4)))),((((19,6),9),((18,25),16)),((1,(30,2)),(24,27)))),(((28,((23,11),13)),5),(((((26,17),(20,7)),12),14),22)));

STEP 83 [SPR_ClassicHeuristic_MC -> NNI_Substep_62] - Distance: 40.0000
(((29,(((8,21),10),(15,(3,4)))),((((19,6),9),((18,25),16)),((1,(30,2)),(24,27)))),(((28,((23,11),13)),5),(((((26,17),(20,7)),14),12),22)));

STEP 84 [SPR_ClassicHeuristic_MC -> NNI_Substep_63] - Distance: 40.0000
(((29,(((8,21),10),(15,(3,4)))),((((19,6),9),((18,25),16)),((1,(30,2)),(24,27)))),(((28,((23,11),13)),5),(((((26,17),(20,7)),14),22),12)));

STEP 85 [SPR_ClassicHeuristic_MC -> NNI_Substep_64] - Distance: 44.0000
(((29,(((8,21),10),(15,(3,4)))),((((19,6),9),((18,25),16)),((1,(30,2)),(24,27)))),((((28,((23,11),13)),5),((((26,17),(20,7)),14),22)),12));

STEP 86 [SPR_ClassicHeuristic_MC -> NNI_Substep_65] - Distance: 33.0000
(((29,(((8,21),10),(15,(3,4)))),(((((19,6),9),((18,25),16)),((1,(30,2)),(24,27))),12)),(((28,((23,11),13)),5),((((26,17),(20,7)),14),22)));

STEP 87 [SPR_ClassicHeuristic_MC -> NNI_Substep_66] - Distance: 32.0000
(((29,(((8,21),10),(15,(3,4)))),((((19,6),9),((18,25),16)),(((1,(30,2)),(24,27)),12))),(((28,((23,11),13)),5),((((26,17),(20,7)),14),22)));

STEP 88 [SPR_ClassicHeuristic_MC -> NNI_Substep_67] - Distance: 30.0000
(((29,(((8,21),10),(15,(3,4)))),((((19,6),9),((18,25),16)),((1,(30,2)),((24,27),12)))),(((28,((23,11),13)),5),((((26,17),(20,7)),14),22)));

STEP 89 [SPR_ClassicHeuristic_MC -> NNI_Substep_68] - Distance: 33.0000
(((29,(((8,21),10),(15,(3,4)))),(((9,((18,25),16)),(19,6)),((1,(30,2)),((24,27),12)))),(((28,((23,11),13)),5),((((26,17),(20,7)),14),22)));

STEP 90 [SPR_ClassicHeuristic_MC -> NNI_Substep_69] - Distance: 37.0000
(((29,(((8,21),10),(15,(3,4)))),(((9,((18,25),16)),((1,(30,2)),((24,27),12))),(19,6))),(((28,((23,11),13)),5),((((26,17),(20,7)),14),22)));

STEP 91 [SPR_ClassicHeuristic_MC -> NNI_Substep_70] - Distance: 33.0000
(((29,(((8,21),10),(15,(3,4)))),((9,((18,25),16)),(((1,(30,2)),((24,27),12)),(19,6)))),(((28,((23,11),13)),5),((((26,17),(20,7)),14),22)));

STEP 92 [SPR_ClassicHeuristic_MC -> NNI_Substep_71] - Distance: 28.0000
(((29,(((8,21),10),(15,(3,4)))),((9,((18,25),16)),((1,(30,2)),(((24,27),12),(19,6))))),(((28,((23,11),13)),5),((((26,17),(20,7)),14),22)));

STEP 93 [SPR_ClassicHeuristic_MC -> NNI_Substep_72] - Distance: 25.0000
(((29,(((8,21),10),(15,(3,4)))),((9,((18,25),16)),((1,(30,2)),(((24,27),(19,6)),12)))),(((28,((23,11),13)),5),((((26,17),(20,7)),14),22)));

STEP 94 [SPR_ClassicHeuristic_MC -> NNI_Substep_73] - Distance: 26.0000
(((29,(((8,21),10),(15,(3,4)))),((9,((18,25),16)),((1,(30,2)),(((27,(19,6)),24),12)))),(((28,((23,11),13)),5),((((26,17),(20,7)),14),22)));

STEP 95 [SPR_ClassicHeuristic_MC -> NNI_Substep_74] - Distance: 26.0000
(((29,(((8,21),10),(15,(3,4)))),((9,((18,25),16)),((1,(30,2)),(((27,(19,6)),12),24)))),(((28,((23,11),13)),5),((((26,17),(20,7)),14),22)));

STEP 96 [SPR_ClassicHeuristic_MC -> NNI_Substep_75] - Distance: 28.0000
(((29,(((8,21),10),(15,(3,4)))),((9,((18,25),16)),(((1,(30,2)),((27,(19,6)),12)),24))),(((28,((23,11),13)),5),((((26,17),(20,7)),14),22)));

STEP 97 [SPR_ClassicHeuristic_MC -> NNI_Substep_76] - Distance: 29.0000
(((29,(((8,21),10),(15,(3,4)))),(((9,((18,25),16)),((1,(30,2)),((27,(19,6)),12))),24)),(((28,((23,11),13)),5),((((26,17),(20,7)),14),22)));

STEP 98 [SPR_ClassicHeuristic_MC -> NNI_Substep_77] - Distance: 33.0000
((((29,(((8,21),10),(15,(3,4)))),((9,((18,25),16)),((1,(30,2)),((27,(19,6)),12)))),24),(((28,((23,11),13)),5),((((26,17),(20,7)),14),22)));

STEP 99 [SPR_ClassicHeuristic_MC -> NNI_Substep_78] - Distance: 23.0000
((((29,(((8,21),10),(15,(3,4)))),24),((9,((18,25),16)),((1,(30,2)),((27,(19,6)),12)))),(((28,((23,11),13)),5),((((26,17),(20,7)),14),22)));

STEP 100 [SPR_ClassicHeuristic_MC -> NNI_Substep_79] - Distance: 18.0000
((((29,24),(((8,21),10),(15,(3,4)))),((9,((18,25),16)),((1,(30,2)),((27,(19,6)),12)))),(((28,((23,11),13)),5),((((26,17),(20,7)),14),22)));

STEP 101 [SPR_ClassicHeuristic_MC -> NNI_Substep_80] - Distance: 24.0000
((((29,24),(((8,21),10),(15,(3,4)))),((((18,25),16),((1,(30,2)),((27,(19,6)),12))),9)),(((28,((23,11),13)),5),((((26,17),(20,7)),14),22)));

STEP 102 [SPR_ClassicHeuristic_MC -> NNI_Substep_81] - Distance: 29.0000
(((((29,24),(((8,21),10),(15,(3,4)))),(((18,25),16),((1,(30,2)),((27,(19,6)),12)))),9),(((28,((23,11),13)),5),((((26,17),(20,7)),14),22)));

STEP 103 [SPR_ClassicHeuristic_MC -> NNI_Substep_82] - Distance: 18.0000
(((((29,24),(((8,21),10),(15,(3,4)))),9),(((18,25),16),((1,(30,2)),((27,(19,6)),12)))),(((28,((23,11),13)),5),((((26,17),(20,7)),14),22)));

STEP 104 [SPR_ClassicHeuristic_MC -> NNI_Substep_83] - Distance: 13.0000
(((((29,24),9),(((8,21),10),(15,(3,4)))),(((18,25),16),((1,(30,2)),((27,(19,6)),12)))),(((28,((23,11),13)),5),((((26,17),(20,7)),14),22)));

STEP 105 [SPR_ClassicHeuristic_MC -> NNI_Substep_84] - Distance: 11.0000
((((29,(24,9)),(((8,21),10),(15,(3,4)))),(((18,25),16),((1,(30,2)),((27,(19,6)),12)))),(((28,((23,11),13)),5),((((26,17),(20,7)),14),22)));

STEP 106 [SPR_ClassicHeuristic_MC -> NNI_Substep_85] - Distance: 11.0000
((((29,(24,9)),(((21,10),8),(15,(3,4)))),(((18,25),16),((1,(30,2)),((27,(19,6)),12)))),(((28,((23,11),13)),5),((((26,17),(20,7)),14),22)));

STEP 107 [SPR_ClassicHeuristic_MC -> NNI_Substep_86] - Distance: 13.0000
((((29,(24,9)),(((21,10),(15,(3,4))),8)),(((18,25),16),((1,(30,2)),((27,(19,6)),12)))),(((28,((23,11),13)),5),((((26,17),(20,7)),14),22)));

STEP 108 [SPR_ClassicHeuristic_MC -> NNI_Substep_87] - Distance: 13.0000
(((((29,(24,9)),((21,10),(15,(3,4)))),8),(((18,25),16),((1,(30,2)),((27,(19,6)),12)))),(((28,((23,11),13)),5),((((26,17),(20,7)),14),22)));

STEP 109 [SPR_ClassicHeuristic_MC -> NNI_Substep_88] - Distance: 7.0000
(((((29,(24,9)),8),((21,10),(15,(3,4)))),(((18,25),16),((1,(30,2)),((27,(19,6)),12)))),(((28,((23,11),13)),5),((((26,17),(20,7)),14),22)));

STEP 110 [SPR_ClassicHeuristic_MC -> NNI_Substep_89] - Distance: 5.0000
((((29,((24,9),8)),((21,10),(15,(3,4)))),(((18,25),16),((1,(30,2)),((27,(19,6)),12)))),(((28,((23,11),13)),5),((((26,17),(20,7)),14),22)));

STEP 111 [SPR_ClassicHeuristic_MC -> NNI_Substep_90] - Distance: 5.0000
((((29,((24,9),8)),((21,10),(15,(3,4)))),(((18,16),25),((1,(30,2)),((27,(19,6)),12)))),(((28,((23,11),13)),5),((((26,17),(20,7)),14),22)));

STEP 112 [SPR_ClassicHeuristic_MC -> NNI_Substep_91] - Distance: 11.0000
((((29,((24,9),8)),((21,10),(15,(3,4)))),(((18,16),((1,(30,2)),((27,(19,6)),12))),25)),(((28,((23,11),13)),5),((((26,17),(20,7)),14),22)));

STEP 113 [SPR_ClassicHeuristic_MC -> NNI_Substep_92] - Distance: 8.0000
((((29,((24,9),8)),((21,10),(15,(3,4)))),((18,16),(((1,(30,2)),((27,(19,6)),12)),25))),(((28,((23,11),13)),5),((((26,17),(20,7)),14),22)));

STEP 114 [SPR_ClassicHeuristic_MC -> NNI_Substep_93] - Distance: 4.0000
((((29,((24,9),8)),((21,10),(15,(3,4)))),((18,16),((1,(30,2)),(((27,(19,6)),12),25)))),(((28,((23,11),13)),5),((((26,17),(20,7)),14),22)));

STEP 115 [SPR_ClassicHeuristic_MC -> NNI_Substep_94] - Distance: 0.0000
((((29,((24,9),8)),((21,10),(15,(3,4)))),((18,16),((1,(30,2)),((27,(19,6)),(12,25))))),(((28,((23,11),13)),5),((((26,17),(20,7)),14),22)));

========================================================
[FINAL] Total Steps: 115 | Final Distance: 0.0000
========================================================
