========================================================
HEURISTIC TRAJECTORY: VND Classic (MP_RF)
========================================================
STEP 0 [START] - Distance: 312.0000
((((((25,26),(12,6)),(22,(20,5))),(((11,18),(7,9)),(23,17))),((13,(((14,(3,1)),(27,(19,(15,24)))),(8,2))),(28,(29,10)))),(30,(21,(16,4))));

STEP 1 [NNI_ClassicHeuristic_MP_RF -> NNI_Substep_1] - Distance: 287.0000
(((((13,(((14,(3,1)),(27,(19,(15,24)))),(8,2))),(28,(29,10))),(21,(16,4))),30),((((25,26),(12,6)),(22,(20,5))),(((11,18),(7,9)),(23,17))));

STEP 2 [NNI_ClassicHeuristic_MP_RF -> NNI_Substep_2] - Distance: 284.0000
(((((21,(16,4)),(28,(29,10))),(13,(((14,(3,1)),(27,(19,(15,24)))),(8,2)))),30),((((25,26),(12,6)),(22,(20,5))),(((11,18),(7,9)),(23,17))));

STEP 3 [NNI_ClassicHeuristic_MP_RF -> NNI_Substep_3] - Distance: 281.0000
(((((21,(16,4)),(28,(29,10))),(13,(((14,(3,1)),(27,(19,(15,24)))),(8,2)))),30),(((((11,18),(7,9)),(23,17)),(22,(20,5))),((25,26),(12,6))));

STEP 4 [TBR_ClassicHeuristic_MP_RF -> NNI_Substep_1] - Distance: 281.0000
(((((21,(16,4)),(28,(29,10))),(13,((((14,3),1),(27,(19,(15,24)))),(8,2)))),30),(((((11,18),(7,9)),(23,17)),(22,(20,5))),((25,26),(12,6))));

STEP 5 [TBR_ClassicHeuristic_MP_RF -> NNI_Substep_2] - Distance: 281.0000
(((((21,(16,4)),(28,(29,10))),(13,((((14,3),(27,(19,(15,24)))),1),(8,2)))),30),(((((11,18),(7,9)),(23,17)),(22,(20,5))),((25,26),(12,6))));

STEP 6 [TBR_ClassicHeuristic_MP_RF -> NNI_Substep_3] - Distance: 281.0000
(((((21,(16,4)),(28,(29,10))),(13,((((14,3),(27,(19,(15,24)))),(8,2)),1))),30),(((((11,18),(7,9)),(23,17)),(22,(20,5))),((25,26),(12,6))));

STEP 7 [TBR_ClassicHeuristic_MP_RF -> NNI_Substep_4] - Distance: 281.0000
(((((21,(16,4)),(28,(29,10))),((13,(((14,3),(27,(19,(15,24)))),(8,2))),1)),30),(((((11,18),(7,9)),(23,17)),(22,(20,5))),((25,26),(12,6))));

STEP 8 [TBR_ClassicHeuristic_MP_RF -> NNI_Substep_5] - Distance: 280.0000
((((((21,(16,4)),(28,(29,10))),(13,(((14,3),(27,(19,(15,24)))),(8,2)))),1),30),(((((11,18),(7,9)),(23,17)),(22,(20,5))),((25,26),(12,6))));

STEP 9 [TBR_ClassicHeuristic_MP_RF -> NNI_Substep_6] - Distance: 280.0000
((((((21,(16,4)),(28,(29,10))),1),(13,(((14,3),(27,(19,(15,24)))),(8,2)))),30),(((((11,18),(7,9)),(23,17)),(22,(20,5))),((25,26),(12,6))));

STEP 10 [TBR_ClassicHeuristic_MP_RF -> NNI_Substep_7] - Distance: 280.0000
((((((21,(16,4)),1),(28,(29,10))),(13,(((14,3),(27,(19,(15,24)))),(8,2)))),30),(((((11,18),(7,9)),(23,17)),(22,(20,5))),((25,26),(12,6))));

STEP 11 [TBR_ClassicHeuristic_MP_RF -> NNI_Substep_8] - Distance: 279.0000
(((((21,((16,4),1)),(28,(29,10))),(13,(((14,3),(27,(19,(15,24)))),(8,2)))),30),(((((11,18),(7,9)),(23,17)),(22,(20,5))),((25,26),(12,6))));

STEP 12 [TBR_ClassicHeuristic_MP_RF -> NNI_Substep_9] - Distance: 279.0000
(((((21,(16,(4,1))),(28,(29,10))),(13,(((14,3),(27,(19,(15,24)))),(8,2)))),30),(((((11,18),(7,9)),(23,17)),(22,(20,5))),((25,26),(12,6))));

STEP 13 [TBR_ClassicHeuristic_MP_RF -> NNI_Substep_10] - Distance: 279.0000
((((((21,16),(4,1)),(28,(29,10))),(13,(((14,3),(27,(19,(15,24)))),(8,2)))),30),(((((11,18),(7,9)),(23,17)),(22,(20,5))),((25,26),(12,6))));

STEP 14 [TBR_ClassicHeuristic_MP_RF -> NNI_Substep_11] - Distance: 279.0000
((((((21,16),(28,(29,10))),(4,1)),(13,(((14,3),(27,(19,(15,24)))),(8,2)))),30),(((((11,18),(7,9)),(23,17)),(22,(20,5))),((25,26),(12,6))));

STEP 15 [TBR_ClassicHeuristic_MP_RF -> NNI_Substep_12] - Distance: 279.0000
((((((21,16),(28,(29,10))),(13,(((14,3),(27,(19,(15,24)))),(8,2)))),(4,1)),30),(((((11,18),(7,9)),(23,17)),(22,(20,5))),((25,26),(12,6))));

STEP 16 [TBR_ClassicHeuristic_MP_RF -> NNI_Substep_13] - Distance: 279.0000
((((((21,16),(28,(29,10))),(13,(((14,3),(27,(19,(15,24)))),(8,2)))),30),(4,1)),(((((11,18),(7,9)),(23,17)),(22,(20,5))),((25,26),(12,6))));

STEP 17 [TBR_ClassicHeuristic_MP_RF -> NNI_Substep_14] - Distance: 264.0000
(((((21,16),(28,(29,10))),(13,(((14,3),(27,(19,(15,24)))),(8,2)))),30),((((((11,18),(7,9)),(23,17)),(22,(20,5))),(4,1)),((25,26),(12,6))));

STEP 18 [TBR_ClassicHeuristic_MP_RF -> NNI_Substep_15] - Distance: 263.0000
(((((21,16),(28,(29,10))),(13,(((14,3),(27,(19,(15,24)))),(8,2)))),30),(((((11,18),(7,9)),(23,17)),((22,(20,5)),(4,1))),((25,26),(12,6))));

STEP 19 [TBR_ClassicHeuristic_MP_RF -> NNI_Substep_16] - Distance: 261.0000
(((((21,16),(28,(29,10))),(13,(((14,3),(27,(19,(15,24)))),(8,2)))),30),(((((11,18),(7,9)),(23,17)),((22,(4,1)),(20,5))),((25,26),(12,6))));

STEP 20 [TBR_ClassicHeuristic_MP_RF -> NNI_Substep_17] - Distance: 261.0000
(((((21,16),(28,(29,10))),(13,((((14,3),(19,(15,24))),27),(8,2)))),30),(((((11,18),(7,9)),(23,17)),((22,(4,1)),(20,5))),((25,26),(12,6))));

STEP 21 [TBR_ClassicHeuristic_MP_RF -> NNI_Substep_18] - Distance: 261.0000
(((((21,16),(28,(29,10))),(13,((((14,3),(19,(15,24))),(8,2)),27))),30),(((((11,18),(7,9)),(23,17)),((22,(4,1)),(20,5))),((25,26),(12,6))));

STEP 22 [TBR_ClassicHeuristic_MP_RF -> NNI_Substep_19] - Distance: 261.0000
(((((21,16),(28,(29,10))),((13,(((14,3),(19,(15,24))),(8,2))),27)),30),(((((11,18),(7,9)),(23,17)),((22,(4,1)),(20,5))),((25,26),(12,6))));

STEP 23 [TBR_ClassicHeuristic_MP_RF -> NNI_Substep_20] - Distance: 260.0000
((((((21,16),(28,(29,10))),(13,(((14,3),(19,(15,24))),(8,2)))),27),30),(((((11,18),(7,9)),(23,17)),((22,(4,1)),(20,5))),((25,26),(12,6))));

STEP 24 [TBR_ClassicHeuristic_MP_RF -> NNI_Substep_21] - Distance: 260.0000
((((((21,16),(28,(29,10))),(13,(((14,3),(19,(15,24))),(8,2)))),30),27),(((((11,18),(7,9)),(23,17)),((22,(4,1)),(20,5))),((25,26),(12,6))));

STEP 25 [TBR_ClassicHeuristic_MP_RF -> NNI_Substep_22] - Distance: 248.0000
(((((21,16),(28,(29,10))),(13,(((14,3),(19,(15,24))),(8,2)))),30),(((((11,18),(7,9)),(23,17)),((22,(4,1)),(20,5))),(((25,26),(12,6)),27)));

STEP 26 [TBR_ClassicHeuristic_MP_RF -> NNI_Substep_23] - Distance: 247.0000
(((((21,16),(28,(29,10))),(13,(((14,3),(19,(15,24))),(8,2)))),30),(((((11,18),(7,9)),(23,17)),((22,(4,1)),(20,5))),((25,26),((12,6),27))));

STEP 27 [TBR_ClassicHeuristic_MP_RF -> NNI_Substep_24] - Distance: 247.0000
(((((21,16),(28,(29,10))),(13,(((14,3),(19,(15,24))),(8,2)))),30),(((((11,18),(7,9)),(23,17)),((22,(4,1)),(20,5))),((25,26),(12,(6,27)))));

STEP 28 [TBR_ClassicHeuristic_MP_RF -> NNI_Substep_25] - Distance: 247.0000
(((((21,16),(28,(29,10))),(13,(((14,3),(19,(15,24))),(8,2)))),30),(((((11,(7,9)),18),(23,17)),((22,(4,1)),(20,5))),((25,26),(12,(6,27)))));

STEP 29 [TBR_ClassicHeuristic_MP_RF -> NNI_Substep_26] - Distance: 247.0000
(((((21,16),(28,(29,10))),(13,(((14,3),(19,(15,24))),(8,2)))),30),(((((11,(7,9)),(23,17)),18),((22,(4,1)),(20,5))),((25,26),(12,(6,27)))));

STEP 30 [TBR_ClassicHeuristic_MP_RF -> NNI_Substep_27] - Distance: 247.0000
(((((21,16),(28,(29,10))),(13,(((14,3),(19,(15,24))),(8,2)))),30),(((((11,(7,9)),(23,17)),((22,(4,1)),(20,5))),18),((25,26),(12,(6,27)))));

STEP 31 [TBR_ClassicHeuristic_MP_RF -> NNI_Substep_28] - Distance: 247.0000
(((((21,16),(28,(29,10))),(13,(((14,3),(19,(15,24))),(8,2)))),30),(((((11,(7,9)),(23,17)),((22,(4,1)),(20,5))),((25,26),(12,(6,27)))),18));

STEP 32 [TBR_ClassicHeuristic_MP_RF -> NNI_Substep_29] - Distance: 232.0000
(((((21,16),(28,(29,10))),(13,(((14,3),(19,(15,24))),(8,2)))),(30,18)),((((11,(7,9)),(23,17)),((22,(4,1)),(20,5))),((25,26),(12,(6,27)))));

STEP 33 [TBR_ClassicHeuristic_MP_RF -> NNI_Substep_30] - Distance: 232.0000
(((((21,16),((28,10),29)),(13,(((14,3),(19,(15,24))),(8,2)))),(30,18)),((((11,(7,9)),(23,17)),((22,(4,1)),(20,5))),((25,26),(12,(6,27)))));

STEP 34 [TBR_ClassicHeuristic_MP_RF -> NNI_Substep_31] - Distance: 232.0000
((((((21,16),(28,10)),29),(13,(((14,3),(19,(15,24))),(8,2)))),(30,18)),((((11,(7,9)),(23,17)),((22,(4,1)),(20,5))),((25,26),(12,(6,27)))));

STEP 35 [TBR_ClassicHeuristic_MP_RF -> NNI_Substep_32] - Distance: 232.0000
((((((21,16),(28,10)),(13,(((14,3),(19,(15,24))),(8,2)))),29),(30,18)),((((11,(7,9)),(23,17)),((22,(4,1)),(20,5))),((25,26),(12,(6,27)))));

STEP 36 [TBR_ClassicHeuristic_MP_RF -> NNI_Substep_33] - Distance: 232.0000
((((((21,16),(28,10)),(13,(((14,3),(19,(15,24))),(8,2)))),(30,18)),29),((((11,(7,9)),(23,17)),((22,(4,1)),(20,5))),((25,26),(12,(6,27)))));

STEP 37 [TBR_ClassicHeuristic_MP_RF -> NNI_Substep_34] - Distance: 216.0000
(((((21,16),(28,10)),(13,(((14,3),(19,(15,24))),(8,2)))),(30,18)),((((11,(7,9)),(23,17)),((22,(4,1)),(20,5))),(((25,26),(12,(6,27))),29)));

STEP 38 [TBR_ClassicHeuristic_MP_RF -> NNI_Substep_35] - Distance: 215.0000
(((((21,16),(28,10)),(13,(((14,3),(19,(15,24))),(8,2)))),(30,18)),((((11,(7,9)),(23,17)),((22,(4,1)),(20,5))),((25,26),((12,(6,27)),29))));

STEP 39 [TBR_ClassicHeuristic_MP_RF -> NNI_Substep_36] - Distance: 215.0000
(((((21,16),(28,10)),(13,(((14,3),(19,(15,24))),(8,2)))),(30,18)),((((11,(7,9)),(23,17)),((22,(4,1)),(20,5))),((25,26),(12,((6,27),29)))));

STEP 40 [TBR_ClassicHeuristic_MP_RF -> NNI_Substep_37] - Distance: 215.0000
(((((21,16),(28,10)),(13,(((14,3),((19,24),15)),(8,2)))),(30,18)),((((11,(7,9)),(23,17)),((22,(4,1)),(20,5))),((25,26),(12,((6,27),29)))));

STEP 41 [TBR_ClassicHeuristic_MP_RF -> NNI_Substep_38] - Distance: 215.0000
(((((21,16),(28,10)),(13,((((14,3),(19,24)),15),(8,2)))),(30,18)),((((11,(7,9)),(23,17)),((22,(4,1)),(20,5))),((25,26),(12,((6,27),29)))));

STEP 42 [TBR_ClassicHeuristic_MP_RF -> NNI_Substep_39] - Distance: 215.0000
(((((21,16),(28,10)),(13,((((14,3),(19,24)),(8,2)),15))),(30,18)),((((11,(7,9)),(23,17)),((22,(4,1)),(20,5))),((25,26),(12,((6,27),29)))));

STEP 43 [TBR_ClassicHeuristic_MP_RF -> NNI_Substep_40] - Distance: 215.0000
(((((21,16),(28,10)),((13,(((14,3),(19,24)),(8,2))),15)),(30,18)),((((11,(7,9)),(23,17)),((22,(4,1)),(20,5))),((25,26),(12,((6,27),29)))));

STEP 44 [TBR_ClassicHeuristic_MP_RF -> NNI_Substep_41] - Distance: 215.0000
((((((21,16),(28,10)),(13,(((14,3),(19,24)),(8,2)))),15),(30,18)),((((11,(7,9)),(23,17)),((22,(4,1)),(20,5))),((25,26),(12,((6,27),29)))));

STEP 45 [TBR_ClassicHeuristic_MP_RF -> NNI_Substep_42] - Distance: 215.0000
((((((21,16),(28,10)),(13,(((14,3),(19,24)),(8,2)))),(30,18)),15),((((11,(7,9)),(23,17)),((22,(4,1)),(20,5))),((25,26),(12,((6,27),29)))));

STEP 46 [TBR_ClassicHeuristic_MP_RF -> NNI_Substep_43] - Distance: 200.0000
(((((21,16),(28,10)),(13,(((14,3),(19,24)),(8,2)))),(30,18)),((((11,(7,9)),(23,17)),((22,(4,1)),(20,5))),(((25,26),(12,((6,27),29))),15)));

STEP 47 [TBR_ClassicHeuristic_MP_RF -> NNI_Substep_44] - Distance: 197.0000
(((((21,16),(28,10)),(13,(((14,3),(19,24)),(8,2)))),(30,18)),((((11,(7,9)),(23,17)),((22,(4,1)),(20,5))),(((25,26),15),(12,((6,27),29)))));

STEP 48 [TBR_ClassicHeuristic_MP_RF -> NNI_Substep_45] - Distance: 197.0000
(((((21,16),(28,10)),(13,(((14,3),(19,24)),(8,2)))),(30,18)),((((11,(7,9)),(23,17)),((22,(4,1)),(20,5))),((25,(26,15)),(12,((6,27),29)))));

STEP 49 [TBR_ClassicHeuristic_MP_RF -> NNI_Substep_46] - Distance: 197.0000
(((((21,16),(28,10)),(13,(((14,3),(19,24)),(8,2)))),(30,18)),(((((7,9),(23,17)),11),((22,(4,1)),(20,5))),((25,(26,15)),(12,((6,27),29)))));

STEP 50 [TBR_ClassicHeuristic_MP_RF -> NNI_Substep_47] - Distance: 197.0000
(((((21,16),(28,10)),(13,(((14,3),(19,24)),(8,2)))),(30,18)),(((((7,9),(23,17)),((22,(4,1)),(20,5))),11),((25,(26,15)),(12,((6,27),29)))));

STEP 51 [TBR_ClassicHeuristic_MP_RF -> NNI_Substep_48] - Distance: 197.0000
(((((21,16),(28,10)),(13,(((14,3),(19,24)),(8,2)))),(30,18)),(((((7,9),(23,17)),((22,(4,1)),(20,5))),((25,(26,15)),(12,((6,27),29)))),11));

STEP 52 [TBR_ClassicHeuristic_MP_RF -> NNI_Substep_49] - Distance: 183.0000
((((((21,16),(28,10)),(13,(((14,3),(19,24)),(8,2)))),11),(30,18)),((((7,9),(23,17)),((22,(4,1)),(20,5))),((25,(26,15)),(12,((6,27),29)))));

STEP 53 [TBR_ClassicHeuristic_MP_RF -> NNI_Substep_50] - Distance: 181.0000
(((((21,16),(28,10)),((13,(((14,3),(19,24)),(8,2))),11)),(30,18)),((((7,9),(23,17)),((22,(4,1)),(20,5))),((25,(26,15)),(12,((6,27),29)))));

STEP 54 [TBR_ClassicHeuristic_MP_RF -> NNI_Substep_51] - Distance: 181.0000
(((((21,16),(28,10)),(13,((((14,3),(19,24)),(8,2)),11))),(30,18)),((((7,9),(23,17)),((22,(4,1)),(20,5))),((25,(26,15)),(12,((6,27),29)))));

STEP 55 [TBR_ClassicHeuristic_MP_RF -> NNI_Substep_52] - Distance: 178.0000
(((((21,16),(28,10)),(13,(((14,3),(19,24)),((8,2),11)))),(30,18)),((((7,9),(23,17)),((22,(4,1)),(20,5))),((25,(26,15)),(12,((6,27),29)))));

STEP 56 [TBR_ClassicHeuristic_MP_RF -> NNI_Substep_53] - Distance: 178.0000
(((((21,16),(28,10)),(13,(((14,3),(19,24)),(8,(2,11))))),(30,18)),((((7,9),(23,17)),((22,(4,1)),(20,5))),((25,(26,15)),(12,((6,27),29)))));

STEP 57 [TBR_ClassicHeuristic_MP_RF -> NNI_Substep_54] - Distance: 178.0000
((((((21,16),(28,10)),(((14,3),(19,24)),(8,(2,11)))),13),(30,18)),((((7,9),(23,17)),((22,(4,1)),(20,5))),((25,(26,15)),(12,((6,27),29)))));

STEP 58 [TBR_ClassicHeuristic_MP_RF -> NNI_Substep_55] - Distance: 178.0000
((((((21,16),(28,10)),(((14,3),(19,24)),(8,(2,11)))),(30,18)),13),((((7,9),(23,17)),((22,(4,1)),(20,5))),((25,(26,15)),(12,((6,27),29)))));

STEP 59 [TBR_ClassicHeuristic_MP_RF -> NNI_Substep_56] - Distance: 164.0000
(((((21,16),(28,10)),(((14,3),(19,24)),(8,(2,11)))),(30,18)),(((((7,9),(23,17)),((22,(4,1)),(20,5))),13),((25,(26,15)),(12,((6,27),29)))));

STEP 60 [TBR_ClassicHeuristic_MP_RF -> NNI_Substep_57] - Distance: 160.0000
(((((21,16),(28,10)),(((14,3),(19,24)),(8,(2,11)))),(30,18)),(((((7,9),(23,17)),13),((22,(4,1)),(20,5))),((25,(26,15)),(12,((6,27),29)))));

STEP 61 [TBR_ClassicHeuristic_MP_RF -> NNI_Substep_58] - Distance: 160.0000
(((((21,16),(28,10)),(((14,3),(19,24)),(8,(2,11)))),(30,18)),((((7,9),((23,17),13)),((22,(4,1)),(20,5))),((25,(26,15)),(12,((6,27),29)))));

STEP 62 [TBR_ClassicHeuristic_MP_RF -> NNI_Substep_59] - Distance: 160.0000
(((((21,16),(28,10)),(((14,3),(19,24)),(8,(2,11)))),(30,18)),((((7,9),(23,(17,13))),((22,(4,1)),(20,5))),((25,(26,15)),(12,((6,27),29)))));

STEP 63 [TBR_ClassicHeuristic_MP_RF -> NNI_Substep_60] - Distance: 160.0000
(((((21,16),(28,10)),(((14,3),(19,24)),(8,(2,11)))),(30,18)),((((9,(23,(17,13))),7),((22,(4,1)),(20,5))),((25,(26,15)),(12,((6,27),29)))));

STEP 64 [TBR_ClassicHeuristic_MP_RF -> NNI_Substep_61] - Distance: 160.0000
(((((21,16),(28,10)),(((14,3),(19,24)),(8,(2,11)))),(30,18)),((((9,(23,(17,13))),((22,(4,1)),(20,5))),7),((25,(26,15)),(12,((6,27),29)))));

STEP 65 [TBR_ClassicHeuristic_MP_RF -> NNI_Substep_62] - Distance: 158.0000
(((((21,16),(28,10)),(((14,3),(19,24)),(8,(2,11)))),(30,18)),((((9,(23,(17,13))),((22,(4,1)),(20,5))),((25,(26,15)),(12,((6,27),29)))),7));

STEP 66 [TBR_ClassicHeuristic_MP_RF -> NNI_Substep_63] - Distance: 150.0000
(((((21,16),(28,10)),(((14,3),(19,24)),(8,(2,11)))),(30,18)),(((9,(23,(17,13))),((22,(4,1)),(20,5))),(((25,(26,15)),(12,((6,27),29))),7)));

STEP 67 [TBR_ClassicHeuristic_MP_RF -> NNI_Substep_64] - Distance: 148.0000
(((((21,16),(28,10)),(((14,3),(19,24)),(8,(2,11)))),(30,18)),(((9,(23,(17,13))),((22,(4,1)),(20,5))),((25,(26,15)),((12,((6,27),29)),7))));

STEP 68 [TBR_ClassicHeuristic_MP_RF -> NNI_Substep_65] - Distance: 148.0000
(((((21,16),(28,10)),(((14,3),(19,24)),(8,(2,11)))),(30,18)),(((9,(23,(17,13))),((22,(4,1)),(20,5))),((25,(26,15)),(12,(((6,27),29),7)))));

STEP 69 [TBR_ClassicHeuristic_MP_RF -> NNI_Substep_66] - Distance: 146.0000
(((((21,16),(28,10)),((((14,3),19),24),(8,(2,11)))),(30,18)),(((9,(23,(17,13))),((22,(4,1)),(20,5))),((25,(26,15)),(12,(((6,27),29),7)))));

STEP 70 [TBR_ClassicHeuristic_MP_RF -> NNI_Substep_67] - Distance: 144.0000
(((((21,16),(28,10)),((((14,3),19),(8,(2,11))),24)),(30,18)),(((9,(23,(17,13))),((22,(4,1)),(20,5))),((25,(26,15)),(12,(((6,27),29),7)))));

STEP 71 [TBR_ClassicHeuristic_MP_RF -> NNI_Substep_68] - Distance: 141.0000
((((((21,16),(28,10)),(((14,3),19),(8,(2,11)))),24),(30,18)),(((9,(23,(17,13))),((22,(4,1)),(20,5))),((25,(26,15)),(12,(((6,27),29),7)))));

STEP 72 [TBR_ClassicHeuristic_MP_RF -> NNI_Substep_69] - Distance: 139.0000
((((((21,16),(28,10)),(((14,3),19),(8,(2,11)))),(30,18)),24),(((9,(23,(17,13))),((22,(4,1)),(20,5))),((25,(26,15)),(12,(((6,27),29),7)))));

STEP 73 [TBR_ClassicHeuristic_MP_RF -> NNI_Substep_70] - Distance: 139.0000
((((((21,16),(28,10)),(((14,3),19),(8,(2,11)))),(30,18)),24),(((9,(23,(17,13))),((22,(4,1)),(20,5))),(((25,(26,15)),(((6,27),29),7)),12)));

STEP 74 [TBR_ClassicHeuristic_MP_RF -> NNI_Substep_71] - Distance: 139.0000
((((((21,16),(28,10)),(((14,3),19),(8,(2,11)))),(30,18)),24),((((9,(23,(17,13))),((22,(4,1)),(20,5))),((25,(26,15)),(((6,27),29),7))),12));

STEP 75 [TBR_ClassicHeuristic_MP_RF -> NNI_Substep_72] - Distance: 122.0000
(((((((21,16),(28,10)),(((14,3),19),(8,(2,11)))),(30,18)),12),24),(((9,(23,(17,13))),((22,(4,1)),(20,5))),((25,(26,15)),(((6,27),29),7))));

STEP 76 [TBR_ClassicHeuristic_MP_RF -> NNI_Substep_73] - Distance: 120.0000
(((((((21,16),(28,10)),(((14,3),19),(8,(2,11)))),12),(30,18)),24),(((9,(23,(17,13))),((22,(4,1)),(20,5))),((25,(26,15)),(((6,27),29),7))));

STEP 77 [TBR_ClassicHeuristic_MP_RF -> NNI_Substep_74] - Distance: 118.0000
((((((21,16),(28,10)),((((14,3),19),(8,(2,11))),12)),(30,18)),24),(((9,(23,(17,13))),((22,(4,1)),(20,5))),((25,(26,15)),(((6,27),29),7))));

STEP 78 [TBR_ClassicHeuristic_MP_RF -> NNI_Substep_75] - Distance: 116.0000
((((((21,16),(28,10)),((((14,3),19),12),(8,(2,11)))),(30,18)),24),(((9,(23,(17,13))),((22,(4,1)),(20,5))),((25,(26,15)),(((6,27),29),7))));

STEP 79 [TBR_ClassicHeuristic_MP_RF -> NNI_Substep_76] - Distance: 116.0000
((((((21,16),(28,10)),((((14,3),19),12),(8,(2,11)))),(30,18)),24),(((9,(23,(17,13))),((22,(4,1)),(20,5))),(((26,15),(((6,27),29),7)),25)));

STEP 80 [TBR_ClassicHeuristic_MP_RF -> NNI_Substep_77] - Distance: 111.0000
((((((21,16),(28,10)),((((14,3),19),12),(8,(2,11)))),(30,18)),24),((((9,(23,(17,13))),((22,(4,1)),(20,5))),((26,15),(((6,27),29),7))),25));

STEP 81 [TBR_ClassicHeuristic_MP_RF -> NNI_Substep_78] - Distance: 105.0000
((((((21,16),(28,10)),((((14,3),19),12),(8,(2,11)))),(30,18)),24),((((9,(23,(17,13))),((22,(4,1)),(20,5))),25),((26,15),(((6,27),29),7))));

STEP 82 [TBR_ClassicHeuristic_MP_RF -> NNI_Substep_79] - Distance: 104.0000
((((((21,16),(28,10)),((((14,3),19),12),(8,(2,11)))),(30,18)),24),(((9,(23,(17,13))),(((22,(4,1)),(20,5)),25)),((26,15),(((6,27),29),7))));

STEP 83 [TBR_ClassicHeuristic_MP_RF -> NNI_Substep_80] - Distance: 104.0000
(((((((21,16),28),10),((((14,3),19),12),(8,(2,11)))),(30,18)),24),(((9,(23,(17,13))),(((22,(4,1)),(20,5)),25)),((26,15),(((6,27),29),7))));

STEP 84 [TBR_ClassicHeuristic_MP_RF -> NNI_Substep_81] - Distance: 102.0000
(((((((21,16),28),((((14,3),19),12),(8,(2,11)))),10),(30,18)),24),(((9,(23,(17,13))),(((22,(4,1)),(20,5)),25)),((26,15),(((6,27),29),7))));

STEP 85 [TBR_ClassicHeuristic_MP_RF -> NNI_Substep_82] - Distance: 100.0000
((((((21,16),28),(((((14,3),19),12),(8,(2,11))),10)),(30,18)),24),(((9,(23,(17,13))),(((22,(4,1)),(20,5)),25)),((26,15),(((6,27),29),7))));

STEP 86 [TBR_ClassicHeuristic_MP_RF -> NNI_Substep_83] - Distance: 96.0000
((((((21,16),28),((((14,3),19),12),((8,(2,11)),10))),(30,18)),24),(((9,(23,(17,13))),(((22,(4,1)),(20,5)),25)),((26,15),(((6,27),29),7))));

STEP 87 [TBR_ClassicHeuristic_MP_RF -> NNI_Substep_84] - Distance: 96.0000
((((((21,16),28),((((14,3),19),12),(8,((2,11),10)))),(30,18)),24),(((9,(23,(17,13))),(((22,(4,1)),(20,5)),25)),((26,15),(((6,27),29),7))));

STEP 88 [TBR_ClassicHeuristic_MP_RF -> NNI_Substep_85] - Distance: 96.0000
((((((16,28),21),((((14,3),19),12),(8,((2,11),10)))),(30,18)),24),(((9,(23,(17,13))),(((22,(4,1)),(20,5)),25)),((26,15),(((6,27),29),7))));

STEP 89 [TBR_ClassicHeuristic_MP_RF -> NNI_Substep_86] - Distance: 95.0000
((((((16,28),((((14,3),19),12),(8,((2,11),10)))),21),(30,18)),24),(((9,(23,(17,13))),(((22,(4,1)),(20,5)),25)),((26,15),(((6,27),29),7))));

STEP 90 [TBR_ClassicHeuristic_MP_RF -> NNI_Substep_87] - Distance: 95.0000
((((((16,28),((((14,3),19),12),(8,((2,11),10)))),(30,18)),21),24),(((9,(23,(17,13))),(((22,(4,1)),(20,5)),25)),((26,15),(((6,27),29),7))));

STEP 91 [TBR_ClassicHeuristic_MP_RF -> NNI_Substep_88] - Distance: 95.0000
((((((16,28),((((14,3),19),12),(8,((2,11),10)))),(30,18)),24),21),(((9,(23,(17,13))),(((22,(4,1)),(20,5)),25)),((26,15),(((6,27),29),7))));

STEP 92 [TBR_ClassicHeuristic_MP_RF -> NNI_Substep_89] - Distance: 70.0000
(((((16,28),((((14,3),19),12),(8,((2,11),10)))),(30,18)),24),((((9,(23,(17,13))),(((22,(4,1)),(20,5)),25)),21),((26,15),(((6,27),29),7))));

STEP 93 [TBR_ClassicHeuristic_MP_RF -> NNI_Substep_90] - Distance: 70.0000
(((((16,28),((((14,3),19),12),(8,((2,11),10)))),(30,18)),24),(((((23,(17,13)),(((22,(4,1)),(20,5)),25)),9),21),((26,15),(((6,27),29),7))));

STEP 94 [TBR_ClassicHeuristic_MP_RF -> NNI_Substep_91] - Distance: 70.0000
(((((16,28),((((14,3),19),12),(8,((2,11),10)))),(30,18)),24),(((((23,(17,13)),(((22,(4,1)),(20,5)),25)),21),9),((26,15),(((6,27),29),7))));

STEP 95 [TBR_ClassicHeuristic_MP_RF -> NNI_Substep_92] - Distance: 70.0000
(((((16,28),((((14,3),19),12),(8,((2,11),10)))),(30,18)),24),(((((23,(17,13)),(((22,(4,1)),(20,5)),25)),21),((26,15),(((6,27),29),7))),9));

STEP 96 [TBR_ClassicHeuristic_MP_RF -> NNI_Substep_93] - Distance: 52.0000
((((((16,28),((((14,3),19),12),(8,((2,11),10)))),(30,18)),9),24),((((23,(17,13)),(((22,(4,1)),(20,5)),25)),21),((26,15),(((6,27),29),7))));

STEP 97 [TBR_ClassicHeuristic_MP_RF -> NNI_Substep_94] - Distance: 50.0000
((((((16,28),((((14,3),19),12),(8,((2,11),10)))),9),(30,18)),24),((((23,(17,13)),(((22,(4,1)),(20,5)),25)),21),((26,15),(((6,27),29),7))));

STEP 98 [TBR_ClassicHeuristic_MP_RF -> NNI_Substep_95] - Distance: 43.0000
((((((16,28),9),((((14,3),19),12),(8,((2,11),10)))),(30,18)),24),((((23,(17,13)),(((22,(4,1)),(20,5)),25)),21),((26,15),(((6,27),29),7))));

STEP 99 [TBR_ClassicHeuristic_MP_RF -> NNI_Substep_96] - Distance: 43.0000
((((((16,28),9),(((((14,3),19),12),((2,11),10)),8)),(30,18)),24),((((23,(17,13)),(((22,(4,1)),(20,5)),25)),21),((26,15),(((6,27),29),7))));

STEP 100 [TBR_ClassicHeuristic_MP_RF -> NNI_Substep_97] - Distance: 43.0000
(((((((16,28),9),((((14,3),19),12),((2,11),10))),8),(30,18)),24),((((23,(17,13)),(((22,(4,1)),(20,5)),25)),21),((26,15),(((6,27),29),7))));

STEP 101 [TBR_ClassicHeuristic_MP_RF -> NNI_Substep_98] - Distance: 43.0000
(((((((16,28),9),((((14,3),19),12),((2,11),10))),(30,18)),8),24),((((23,(17,13)),(((22,(4,1)),(20,5)),25)),21),((26,15),(((6,27),29),7))));

STEP 102 [TBR_ClassicHeuristic_MP_RF -> NNI_Substep_99] - Distance: 43.0000
(((((((16,28),9),((((14,3),19),12),((2,11),10))),(30,18)),24),8),((((23,(17,13)),(((22,(4,1)),(20,5)),25)),21),((26,15),(((6,27),29),7))));

STEP 103 [TBR_ClassicHeuristic_MP_RF -> NNI_Substep_100] - Distance: 21.0000
((((((16,28),9),((((14,3),19),12),((2,11),10))),(30,18)),24),(((((23,(17,13)),(((22,(4,1)),(20,5)),25)),21),8),((26,15),(((6,27),29),7))));

STEP 104 [TBR_ClassicHeuristic_MP_RF -> NNI_Substep_101] - Distance: 20.0000
((((((16,28),9),((((14,3),19),12),((2,11),10))),(30,18)),24),(((((23,(17,13)),(((22,(4,1)),(20,5)),25)),8),21),((26,15),(((6,27),29),7))));

STEP 105 [TBR_ClassicHeuristic_MP_RF -> NNI_Substep_102] - Distance: 16.0000
((((((16,28),9),((((14,3),19),12),((2,11),10))),(30,18)),24),(((((23,(17,13)),8),(((22,(4,1)),(20,5)),25)),21),((26,15),(((6,27),29),7))));

STEP 106 [TBR_ClassicHeuristic_MP_RF -> NNI_Substep_103] - Distance: 16.0000
((((((16,28),9),((((14,3),19),12),((2,11),10))),(30,18)),24),((((((17,13),8),23),(((22,(4,1)),(20,5)),25)),21),((26,15),(((6,27),29),7))));

STEP 107 [TBR_ClassicHeuristic_MP_RF -> NNI_Substep_104] - Distance: 16.0000
((((((16,28),9),((((14,3),19),12),((2,11),10))),(30,18)),24),((((((17,13),8),(((22,(4,1)),(20,5)),25)),23),21),((26,15),(((6,27),29),7))));

STEP 108 [TBR_ClassicHeuristic_MP_RF -> NNI_Substep_105] - Distance: 13.0000
((((((16,28),9),((((14,3),19),12),((2,11),10))),(30,18)),24),(((((17,13),8),((((22,(4,1)),(20,5)),25),23)),21),((26,15),(((6,27),29),7))));

STEP 109 [TBR_ClassicHeuristic_MP_RF -> NNI_Substep_106] - Distance: 12.0000
((((((16,28),9),((((14,3),19),12),((2,11),10))),(30,18)),24),(((((17,13),8),((((22,(4,1)),(20,5)),23),25)),21),((26,15),(((6,27),29),7))));

STEP 110 [TBR_ClassicHeuristic_MP_RF -> NNI_Substep_107] - Distance: 9.0000
((((((16,28),9),((((14,3),19),12),((2,11),10))),(30,18)),24),(((((17,13),8),(((22,(4,1)),((20,5),23)),25)),21),((26,15),(((6,27),29),7))));

STEP 111 [TBR_ClassicHeuristic_MP_RF -> NNI_Substep_108] - Distance: 9.0000
((((((16,28),9),((((14,3),19),12),((2,11),10))),(30,18)),24),(((((17,13),8),(((22,(4,1)),((20,23),5)),25)),21),((26,15),(((6,27),29),7))));

STEP 112 [TBR_ClassicHeuristic_MP_RF -> NNI_Substep_109] - Distance: 9.0000
((((((16,28),9),((((14,3),19),12),((2,11),10))),(30,18)),24),(((((17,13),8),((((22,(4,1)),(20,23)),5),25)),21),((26,15),(((6,27),29),7))));

STEP 113 [TBR_ClassicHeuristic_MP_RF -> NNI_Substep_110] - Distance: 9.0000
((((((16,28),9),((((14,3),19),12),((2,11),10))),(30,18)),24),(((((17,13),8),((((22,(4,1)),(20,23)),25),5)),21),((26,15),(((6,27),29),7))));

STEP 114 [TBR_ClassicHeuristic_MP_RF -> NNI_Substep_111] - Distance: 7.0000
((((((16,28),9),((((14,3),19),12),((2,11),10))),(30,18)),24),((((((17,13),8),(((22,(4,1)),(20,23)),25)),5),21),((26,15),(((6,27),29),7))));

STEP 115 [TBR_ClassicHeuristic_MP_RF -> NNI_Substep_112] - Distance: 1.0000
((((((16,28),9),((((14,3),19),12),((2,11),10))),(30,18)),24),((((((17,13),8),5),(((22,(4,1)),(20,23)),25)),21),((26,15),(((6,27),29),7))));

STEP 116 [TBR_ClassicHeuristic_MP_RF -> NNI_Substep_113] - Distance: 0.0000
((((((16,28),9),((((14,3),19),12),((2,11),10))),(30,18)),24),((((((17,13),5),8),(((22,(4,1)),(20,23)),25)),21),((26,15),(((6,27),29),7))));

========================================================
[FINAL] Total Steps: 116 | Final Distance: 0.0000
========================================================
