========================================================
HEURISTIC TRAJECTORY: VND Classic (MS_RF)
========================================================
STEP 0 [START] - Distance: 127.0000
(((26,19),(25,(27,(6,16)))),(15,(12,5)),(((((8,(14,13)),(18,(1,28))),(11,(29,10))),((2,(((21,4),(30,(20,17))),(9,23))),(7,3))),(22,24)));

STEP 1 [NNI_ClassicHeuristic_MS_RF -> NNI_Substep_1] - Distance: 123.0000
(((26,19),(25,(27,(6,16)))),(15,(12,5)),(((((8,(14,13)),(18,(1,28))),(11,(29,10))),((((21,4),(30,(20,17))),(2,(9,23))),(7,3))),(22,24)));

STEP 2 [NNI_ClassicHeuristic_MS_RF -> NNI_Substep_2] - Distance: 120.0000
(((26,19),(25,(27,(6,16)))),(15,(12,5)),(((((21,4),(30,(20,17))),(2,(9,23))),((((8,(14,13)),(18,(1,28))),(11,(29,10))),(7,3))),(22,24)));

STEP 3 [NNI_ClassicHeuristic_MS_RF -> NNI_Substep_3] - Distance: 118.0000
(((26,19),(25,(27,(6,16)))),(15,(12,5)),(((((20,17),(30,(21,4))),(2,(9,23))),((((8,(14,13)),(18,(1,28))),(11,(29,10))),(7,3))),(22,24)));

STEP 4 [NNI_ClassicHeuristic_MS_RF -> NNI_Substep_4] - Distance: 116.0000
((22,24),(15,(12,5)),(((((20,17),(30,(21,4))),(2,(9,23))),((((8,(14,13)),(18,(1,28))),(11,(29,10))),(7,3))),((26,19),(25,(27,(6,16))))));

STEP 5 [NNI_ClassicHeuristic_MS_RF -> NNI_Substep_5] - Distance: 114.0000
((22,24),(15,(12,5)),(((((20,17),(2,(9,23))),(30,(21,4))),((((8,(14,13)),(18,(1,28))),(11,(29,10))),(7,3))),((26,19),(25,(27,(6,16))))));

STEP 6 [NNI_ClassicHeuristic_MS_RF -> NNI_Substep_6] - Distance: 112.0000
((22,24),(15,(12,5)),(((((20,17),(2,(9,23))),(21,(30,4))),((((8,(14,13)),(18,(1,28))),(11,(29,10))),(7,3))),((26,19),(25,(27,(6,16))))));

STEP 7 [NNI_ClassicHeuristic_MS_RF -> NNI_Substep_7] - Distance: 111.0000
((22,24),(15,(12,5)),(((((20,17),(2,(9,23))),(21,(30,4))),((((8,(14,13)),(18,(1,28))),(7,3)),(11,(29,10)))),((26,19),(25,(27,(6,16))))));

STEP 8 [NNI_ClassicHeuristic_MS_RF -> NNI_Substep_8] - Distance: 109.0000
((22,24),(15,(12,5)),(((((8,(14,13)),(18,(1,28))),(7,3)),((((20,17),(2,(9,23))),(21,(30,4))),(11,(29,10)))),((26,19),(25,(27,(6,16))))));

STEP 9 [NNI_ClassicHeuristic_MS_RF -> NNI_Substep_9] - Distance: 108.0000
((22,24),(15,(12,5)),(((((8,(14,13)),(18,(1,28))),(7,3)),((((20,17),(2,(9,23))),(21,(30,4))),(11,(29,10)))),((26,19),((6,16),(27,25)))));

STEP 10 [NNI_ClassicHeuristic_MS_RF -> NNI_Substep_10] - Distance: 107.0000
((22,24),(15,(12,5)),((26,19),(((((8,(14,13)),(18,(1,28))),(7,3)),((((20,17),(2,(9,23))),(21,(30,4))),(11,(29,10)))),((6,16),(27,25)))));

STEP 11 [2sECR_ClassicHeuristic_MS_RF -> NNI_Substep_1] - Distance: 107.0000
((22,24),(15,(12,5)),((26,19),(((((13,(8,14)),(18,(1,28))),(7,3)),((((20,17),(2,(9,23))),(21,(30,4))),(11,(29,10)))),((6,16),(27,25)))));

STEP 12 [2sECR_ClassicHeuristic_MS_RF -> NNI_Substep_2] - Distance: 106.0000
((22,24),(15,(12,5)),((26,19),(((((8,14),((18,(1,28)),13)),(7,3)),((((20,17),(2,(9,23))),(21,(30,4))),(11,(29,10)))),((6,16),(27,25)))));

STEP 13 [2sECR_ClassicHeuristic_MS_RF -> NNI_Substep_3] - Distance: 106.0000
((22,24),(15,(12,5)),((26,19),(((((8,14),((28,(18,1)),13)),(7,3)),((((20,17),(2,(9,23))),(21,(30,4))),(11,(29,10)))),((6,16),(27,25)))));

STEP 14 [2sECR_ClassicHeuristic_MS_RF -> NNI_Substep_4] - Distance: 105.0000
((22,24),(15,(12,5)),((26,19),(((((8,14),((18,1),(13,28))),(7,3)),((((20,17),(2,(9,23))),(21,(30,4))),(11,(29,10)))),((6,16),(27,25)))));

STEP 15 [2sECR_ClassicHeuristic_MS_RF -> NNI_Substep_5] - Distance: 105.0000
((22,24),(15,(12,5)),((26,19),(((((18,1),((8,14),(13,28))),(7,3)),((((20,17),(2,(9,23))),(21,(30,4))),(11,(29,10)))),((6,16),(27,25)))));

STEP 16 [2sECR_ClassicHeuristic_MS_RF -> NNI_Substep_6] - Distance: 103.0000
((22,24),(15,(12,5)),((26,19),(((((8,14),(13,28)),((7,3),(18,1))),((((20,17),(2,(9,23))),(21,(30,4))),(11,(29,10)))),((6,16),(27,25)))));

STEP 17 [2sECR_ClassicHeuristic_MS_RF -> NNI_Substep_7] - Distance: 104.0000
((22,24),(12,5),(15,((26,19),(((((8,14),(13,28)),((7,3),(18,1))),((((20,17),(2,(9,23))),(21,(30,4))),(11,(29,10)))),((6,16),(27,25))))));

STEP 18 [2sECR_ClassicHeuristic_MS_RF -> NNI_Substep_8] - Distance: 102.0000
((22,24),(12,5),((((((8,14),(13,28)),((7,3),(18,1))),((((20,17),(2,(9,23))),(21,(30,4))),(11,(29,10)))),((6,16),(27,25))),(15,(26,19))));

STEP 19 [2sECR_ClassicHeuristic_MS_RF -> NNI_Substep_9] - Distance: 105.0000
((22,24),(12,5),((26,19),(15,(((((8,14),(13,28)),((7,3),(18,1))),((((20,17),(2,(9,23))),(21,(30,4))),(11,(29,10)))),((6,16),(27,25))))));

STEP 20 [2sECR_ClassicHeuristic_MS_RF -> NNI_Substep_10] - Distance: 101.0000
((22,24),(12,5),((26,19),(((((8,14),(13,28)),((7,3),(18,1))),((((20,17),(2,(9,23))),(21,(30,4))),(11,(29,10)))),(((6,16),(27,25)),15))));

STEP 21 [2sECR_ClassicHeuristic_MS_RF -> NNI_Substep_11] - Distance: 100.0000
((22,24),(12,5),((26,19),(((((8,14),(13,28)),((7,3),(18,1))),((((20,17),(2,(9,23))),(21,(30,4))),(11,(29,10)))),((15,(6,16)),(27,25)))));

STEP 22 [2sECR_ClassicHeuristic_MS_RF -> NNI_Substep_12] - Distance: 103.0000
((22,24),(12,5),((26,19),((((15,(6,16)),(27,25)),((((20,17),(2,(9,23))),(21,(30,4))),(11,(29,10)))),(((8,14),(13,28)),((7,3),(18,1))))));

STEP 23 [2sECR_ClassicHeuristic_MS_RF -> NNI_Substep_13] - Distance: 99.0000
((22,24),(12,5),((26,19),(((11,(29,10)),(((15,(6,16)),(27,25)),(((20,17),(2,(9,23))),(21,(30,4))))),(((8,14),(13,28)),((7,3),(18,1))))));

STEP 24 [2sECR_ClassicHeuristic_MS_RF -> NNI_Substep_14] - Distance: 97.0000
((22,24),(12,5),((26,19),(((11,(29,10)),((((15,(6,16)),(27,25)),(21,(30,4))),((20,17),(2,(9,23))))),(((8,14),(13,28)),((7,3),(18,1))))));

STEP 25 [2sECR_ClassicHeuristic_MS_RF -> NNI_Substep_15] - Distance: 99.0000
((22,24),(12,5),((26,19),(((11,(29,10)),((((15,(6,16)),(27,25)),(21,(30,4))),((20,17),(2,(9,23))))),((18,1),(((8,14),(13,28)),(7,3))))));

STEP 26 [2sECR_ClassicHeuristic_MS_RF -> NNI_Substep_16] - Distance: 95.0000
((22,24),(12,5),((26,19),((18,1),(((11,(29,10)),((((15,(6,16)),(27,25)),(21,(30,4))),((20,17),(2,(9,23))))),(((8,14),(13,28)),(7,3))))));

STEP 27 [2sECR_ClassicHeuristic_MS_RF -> NNI_Substep_17] - Distance: 96.0000
((22,24),(12,5),(19,(26,((18,1),(((11,(29,10)),((((15,(6,16)),(27,25)),(21,(30,4))),((20,17),(2,(9,23))))),(((8,14),(13,28)),(7,3)))))));

STEP 28 [2sECR_ClassicHeuristic_MS_RF -> NNI_Substep_18] - Distance: 93.0000
((22,24),(12,5),(19,((((11,(29,10)),((((15,(6,16)),(27,25)),(21,(30,4))),((20,17),(2,(9,23))))),(((8,14),(13,28)),(7,3))),(26,(18,1)))));

STEP 29 [2sECR_ClassicHeuristic_MS_RF -> NNI_Substep_19] - Distance: 96.0000
((22,24),(12,5),(19,(((26,(18,1)),((11,(29,10)),((((15,(6,16)),(27,25)),(21,(30,4))),((20,17),(2,(9,23)))))),(((8,14),(13,28)),(7,3)))));

STEP 30 [2sECR_ClassicHeuristic_MS_RF -> NNI_Substep_20] - Distance: 90.0000
((22,24),(12,5),(19,((((((15,(6,16)),(27,25)),(21,(30,4))),((20,17),(2,(9,23)))),((26,(18,1)),(11,(29,10)))),(((8,14),(13,28)),(7,3)))));

STEP 31 [2sECR_ClassicHeuristic_MS_RF -> NNI_Substep_21] - Distance: 94.0000
((22,24),(12,5),(19,(((11,(29,10)),((26,(18,1)),((((15,(6,16)),(27,25)),(21,(30,4))),((20,17),(2,(9,23)))))),(((8,14),(13,28)),(7,3)))));

STEP 32 [2sECR_ClassicHeuristic_MS_RF -> NNI_Substep_22] - Distance: 85.0000
((22,24),(12,5),(19,(((11,(29,10)),((((15,(6,16)),(27,25)),(21,(30,4))),(((20,17),(2,(9,23))),(26,(18,1))))),(((8,14),(13,28)),(7,3)))));

STEP 33 [2sECR_ClassicHeuristic_MS_RF -> NNI_Substep_23] - Distance: 80.0000
((22,24),(12,5),(19,(((11,(29,10)),((((15,(6,16)),(27,25)),(21,(30,4))),(((26,(18,1)),(2,(9,23))),(20,17)))),(((8,14),(13,28)),(7,3)))));

STEP 34 [2sECR_ClassicHeuristic_MS_RF -> NNI_Substep_24] - Distance: 79.0000
((22,24),(12,5),(19,(((11,(29,10)),((((15,(6,16)),(27,25)),(21,(30,4))),(((9,23),((26,(18,1)),2)),(20,17)))),(((8,14),(13,28)),(7,3)))));

STEP 35 [2sECR_ClassicHeuristic_MS_RF -> NNI_Substep_25] - Distance: 77.0000
((22,24),(12,5),(19,(((11,(29,10)),((((15,(6,16)),(27,25)),(21,(30,4))),(((9,23),((18,(26,1)),2)),(20,17)))),(((8,14),(13,28)),(7,3)))));

STEP 36 [2sECR_ClassicHeuristic_MS_RF -> NNI_Substep_26] - Distance: 75.0000
((22,24),(12,5),(19,(((11,(29,10)),((((15,(6,16)),(27,25)),(21,(30,4))),(((9,23),((2,(26,1)),18)),(20,17)))),(((8,14),(13,28)),(7,3)))));

STEP 37 [2sECR_ClassicHeuristic_MS_RF -> NNI_Substep_27] - Distance: 74.0000
((22,24),12,(5,(19,(((11,(29,10)),((((15,(6,16)),(27,25)),(21,(30,4))),(((9,23),((2,(26,1)),18)),(20,17)))),(((8,14),(13,28)),(7,3))))));

STEP 38 [2sECR_ClassicHeuristic_MS_RF -> NNI_Substep_28] - Distance: 72.0000
((22,24),12,(19,(5,(((11,(29,10)),((((15,(6,16)),(27,25)),(21,(30,4))),(((9,23),((2,(26,1)),18)),(20,17)))),(((8,14),(13,28)),(7,3))))));

STEP 39 [2sECR_ClassicHeuristic_MS_RF -> NNI_Substep_29] - Distance: 75.0000
((22,24),12,(19,(5,(((11,(29,10)),((((15,(6,16)),(27,25)),(21,(30,4))),((9,(23,((2,(26,1)),18))),(20,17)))),(((8,14),(13,28)),(7,3))))));

STEP 40 [2sECR_ClassicHeuristic_MS_RF -> NNI_Substep_30] - Distance: 73.0000
((22,24),12,(19,(5,(((11,(29,10)),((((15,(6,16)),(27,25)),(21,(30,4))),((9,(18,(23,(2,(26,1))))),(20,17)))),(((8,14),(13,28)),(7,3))))));

STEP 41 [2sECR_ClassicHeuristic_MS_RF -> NNI_Substep_31] - Distance: 70.0000
((22,24),12,(19,(5,(((11,(29,10)),((((15,(6,16)),(27,25)),(21,(30,4))),(((9,18),(23,(2,(26,1)))),(20,17)))),(((8,14),(13,28)),(7,3))))));

STEP 42 [2sECR_ClassicHeuristic_MS_RF -> NNI_Substep_32] - Distance: 70.0000
(22,12,(24,(19,(5,(((11,(29,10)),((((15,(6,16)),(27,25)),(21,(30,4))),(((9,18),(23,(2,(26,1)))),(20,17)))),(((8,14),(13,28)),(7,3)))))));

STEP 43 [2sECR_ClassicHeuristic_MS_RF -> NNI_Substep_33] - Distance: 69.0000
(22,12,((5,(((11,(29,10)),((((15,(6,16)),(27,25)),(21,(30,4))),(((9,18),(23,(2,(26,1)))),(20,17)))),(((8,14),(13,28)),(7,3)))),(24,19)));

STEP 44 [2sECR_ClassicHeuristic_MS_RF -> NNI_Substep_34] - Distance: 70.0000
(22,12,(19,(24,(5,(((11,(29,10)),((((15,(6,16)),(27,25)),(21,(30,4))),(((9,18),(23,(2,(26,1)))),(20,17)))),(((8,14),(13,28)),(7,3)))))));

STEP 45 [2sECR_ClassicHeuristic_MS_RF -> NNI_Substep_35] - Distance: 68.0000
(22,12,(19,((((11,(29,10)),((((15,(6,16)),(27,25)),(21,(30,4))),(((9,18),(23,(2,(26,1)))),(20,17)))),(((8,14),(13,28)),(7,3))),(5,24))));

STEP 46 [3sECR_ClassicHeuristic_MS_RF -> NNI_Substep_1] - Distance: 69.0000
(22,12,(19,((((11,(29,10)),((((9,18),(23,(2,(26,1)))),(20,17)),(((21,(30,4)),(15,(6,16))),(27,25)))),(((8,14),(13,28)),(7,3))),(5,24))));

STEP 47 [3sECR_ClassicHeuristic_MS_RF -> NNI_Substep_2] - Distance: 71.0000
(22,12,(19,((((11,(29,10)),(((((9,18),(23,(2,(26,1)))),(20,17)),((21,(30,4)),(15,(6,16)))),(27,25))),(((8,14),(13,28)),(7,3))),(5,24))));

STEP 48 [3sECR_ClassicHeuristic_MS_RF -> NNI_Substep_3] - Distance: 64.0000
(22,12,(19,(((((11,(29,10)),(27,25)),((((9,18),(23,(2,(26,1)))),(20,17)),((21,(30,4)),(15,(6,16))))),(((8,14),(13,28)),(7,3))),(5,24))));

STEP 49 [3sECR_ClassicHeuristic_MS_RF -> NNI_Substep_4] - Distance: 68.0000
(22,12,(19,((((((((9,18),(23,(2,(26,1)))),(20,17)),((21,(30,4)),(15,(6,16)))),(11,(29,10))),(27,25)),(((8,14),(13,28)),(7,3))),(5,24))));

STEP 50 [3sECR_ClassicHeuristic_MS_RF -> NNI_Substep_5] - Distance: 63.0000
(22,12,(19,(((((((9,18),(23,(2,(26,1)))),(20,17)),((21,(30,4)),(15,(6,16)))),(11,(29,10))),((27,25),(((8,14),(13,28)),(7,3)))),(5,24))));

STEP 51 [3sECR_ClassicHeuristic_MS_RF -> NNI_Substep_6] - Distance: 59.0000
(22,12,(19,(((((((9,18),(23,(2,(26,1)))),(20,17)),((21,(30,4)),(15,(6,16)))),(11,(29,10))),(((27,25),(7,3)),((8,14),(13,28)))),(5,24))));

STEP 52 [3sECR_ClassicHeuristic_MS_RF -> NNI_Substep_7] - Distance: 60.0000
(22,12,(19,(((((((9,18),(23,(2,(26,1)))),(20,17)),((21,(30,4)),(15,(6,16)))),(11,(29,10))),(((8,14),(13,28)),(27,(25,(7,3))))),(5,24))));

STEP 53 [3sECR_ClassicHeuristic_MS_RF -> NNI_Substep_8] - Distance: 58.0000
(22,12,(19,(((((((9,18),(23,(2,(26,1)))),(20,17)),((21,(30,4)),(15,(6,16)))),(11,(29,10))),(((8,14),(13,28)),(27,((25,7),3)))),(5,24))));

STEP 54 [3sECR_ClassicHeuristic_MS_RF -> NNI_Substep_9] - Distance: 57.0000
(22,12,(19,(((((((9,18),(23,(2,(26,1)))),(20,17)),((21,(30,4)),(15,(6,16)))),(11,(29,10))),(((8,14),(13,28)),((27,3),(25,7)))),(5,24))));

STEP 55 [3sECR_ClassicHeuristic_MS_RF -> NNI_Substep_10] - Distance: 66.0000
(22,12,(19,((((((((9,18),(23,(2,(26,1)))),(20,17)),((21,(30,4)),(15,(6,16)))),(29,10)),11),(((8,14),(13,28)),((27,3),(25,7)))),(5,24))));

STEP 56 [3sECR_ClassicHeuristic_MS_RF -> NNI_Substep_11] - Distance: 60.0000
(22,12,(19,(((((((9,18),(23,(2,(26,1)))),(20,17)),((21,(30,4)),(15,(6,16)))),(29,10)),(11,(((8,14),(13,28)),((27,3),(25,7))))),(5,24))));

STEP 57 [3sECR_ClassicHeuristic_MS_RF -> NNI_Substep_12] - Distance: 55.0000
(22,12,(19,(((((((9,18),(23,(2,(26,1)))),(20,17)),((21,(30,4)),(15,(6,16)))),(29,10)),((11,((8,14),(13,28))),((27,3),(25,7)))),(5,24))));

STEP 58 [3sECR_ClassicHeuristic_MS_RF -> NNI_Substep_13] - Distance: 52.0000
(22,12,(19,(((((((9,18),(23,(2,(26,1)))),(20,17)),((21,(30,4)),(15,(6,16)))),(29,10)),(((11,(8,14)),(13,28)),((27,3),(25,7)))),(5,24))));

STEP 59 [3sECR_ClassicHeuristic_MS_RF -> NNI_Substep_14] - Distance: 54.0000
(22,12,(19,((((29,10),((((9,18),(23,(2,(26,1)))),(20,17)),(((15,(6,16)),(30,4)),21))),(((11,(8,14)),(13,28)),((27,3),(25,7)))),(5,24))));

STEP 60 [3sECR_ClassicHeuristic_MS_RF -> NNI_Substep_15] - Distance: 61.0000
(22,12,(19,((((29,10),(((((9,18),(23,(2,(26,1)))),(20,17)),((15,(6,16)),(30,4))),21)),(((11,(8,14)),(13,28)),((27,3),(25,7)))),(5,24))));

STEP 61 [3sECR_ClassicHeuristic_MS_RF -> NNI_Substep_16] - Distance: 50.0000
(22,12,(19,(((((29,10),21),((((9,18),(23,(2,(26,1)))),(20,17)),((15,(6,16)),(30,4)))),(((11,(8,14)),(13,28)),((27,3),(25,7)))),(5,24))));

STEP 62 [3sECR_ClassicHeuristic_MS_RF -> NNI_Substep_17] - Distance: 58.0000
(22,12,(19,((5,24),((((11,(8,14)),(13,28)),((27,3),(25,7))),((((((9,18),(23,(2,(26,1)))),(20,17)),((15,(6,16)),(30,4))),(29,10)),21)))));

STEP 63 [3sECR_ClassicHeuristic_MS_RF -> NNI_Substep_18] - Distance: 50.0000
(22,12,(19,((5,24),(((((11,(8,14)),(13,28)),((27,3),(25,7))),(((((9,18),(23,(2,(26,1)))),(20,17)),((15,(6,16)),(30,4))),(29,10))),21))));

STEP 64 [3sECR_ClassicHeuristic_MS_RF -> NNI_Substep_19] - Distance: 47.0000
(22,12,(19,(((5,24),((((11,(8,14)),(13,28)),((27,3),(25,7))),(((((9,18),(23,(2,(26,1)))),(20,17)),((15,(6,16)),(30,4))),(29,10)))),21)));

STEP 65 [3sECR_ClassicHeuristic_MS_RF -> NNI_Substep_20] - Distance: 44.0000
(22,12,((19,21),((5,24),((((11,(8,14)),(13,28)),((27,3),(25,7))),(((((9,18),(23,(2,(26,1)))),(20,17)),((15,(6,16)),(30,4))),(29,10))))));

STEP 66 [3sECR_ClassicHeuristic_MS_RF -> NNI_Substep_21] - Distance: 49.0000
(22,12,((19,21),((5,24),((((11,(8,14)),(13,28)),((27,3),(25,7))),((29,10),(((15,(6,16)),(30,4)),((((9,18),(23,(2,(26,1)))),17),20)))))));

STEP 67 [3sECR_ClassicHeuristic_MS_RF -> NNI_Substep_22] - Distance: 53.0000
(22,12,((19,21),((5,24),((((11,(8,14)),(13,28)),((27,3),(25,7))),((29,10),((((15,(6,16)),(30,4)),(((9,18),(23,(2,(26,1)))),17)),20))))));

STEP 68 [3sECR_ClassicHeuristic_MS_RF -> NNI_Substep_23] - Distance: 43.0000
(22,12,((19,21),((5,24),((((11,(8,14)),(13,28)),((27,3),(25,7))),(((29,10),20),(((15,(6,16)),(30,4)),(((9,18),(23,(2,(26,1)))),17)))))));

STEP 69 [3sECR_ClassicHeuristic_MS_RF -> NNI_Substep_24] - Distance: 52.0000
(22,12,((19,21),((5,24),((((11,(8,14)),(13,28)),((27,3),(25,7))),(((((15,(6,16)),(30,4)),(((9,18),(23,(2,(26,1)))),17)),(29,10)),20)))));

STEP 70 [3sECR_ClassicHeuristic_MS_RF -> NNI_Substep_25] - Distance: 45.0000
(22,12,((19,21),((5,24),(((((11,(8,14)),(13,28)),((27,3),(25,7))),20),((((15,(6,16)),(30,4)),(((9,18),(23,(2,(26,1)))),17)),(29,10))))));

STEP 71 [3sECR_ClassicHeuristic_MS_RF -> NNI_Substep_26] - Distance: 40.0000
(22,12,((19,21),((5,24),(((((11,(8,14)),(13,28)),20),((27,3),(25,7))),((((15,(6,16)),(30,4)),(((9,18),(23,(2,(26,1)))),17)),(29,10))))));

STEP 72 [3sECR_ClassicHeuristic_MS_RF -> NNI_Substep_27] - Distance: 36.0000
(22,12,((19,21),((5,24),((((20,(13,28)),(11,(8,14))),((27,3),(25,7))),((((15,(6,16)),(30,4)),(((9,18),(23,(2,(26,1)))),17)),(29,10))))));

STEP 73 [3sECR_ClassicHeuristic_MS_RF -> NNI_Substep_28] - Distance: 39.0000
(22,12,((19,21),((5,24),((((20,(13,28)),(11,(8,14))),((27,3),(25,7))),((((15,(6,16)),(30,4)),(17,(9,(18,(23,(2,(26,1))))))),(29,10))))));

STEP 74 [3sECR_ClassicHeuristic_MS_RF -> NNI_Substep_29] - Distance: 35.0000
(22,12,((19,21),((5,24),((((20,(13,28)),(11,(8,14))),((27,3),(25,7))),((((15,(6,16)),(30,4)),((17,9),(18,(23,(2,(26,1)))))),(29,10))))));

STEP 75 [3sECR_ClassicHeuristic_MS_RF -> NNI_Substep_30] - Distance: 39.0000
(22,12,((19,21),((5,24),((((20,(13,28)),(11,(8,14))),((27,3),(25,7))),((29,10),(((15,(6,16)),(30,4)),(((18,(23,(2,(26,1)))),17),9)))))));

STEP 76 [3sECR_ClassicHeuristic_MS_RF -> NNI_Substep_31] - Distance: 43.0000
(22,12,((19,21),((5,24),((((20,(13,28)),(11,(8,14))),((27,3),(25,7))),((29,10),((((15,(6,16)),(30,4)),((18,(23,(2,(26,1)))),17)),9))))));

STEP 77 [3sECR_ClassicHeuristic_MS_RF -> NNI_Substep_32] - Distance: 34.0000
(22,12,((19,21),((5,24),((((20,(13,28)),(11,(8,14))),((27,3),(25,7))),(((29,10),9),(((15,(6,16)),(30,4)),((18,(23,(2,(26,1)))),17)))))));

STEP 78 [3sECR_ClassicHeuristic_MS_RF -> NNI_Substep_33] - Distance: 44.0000
(22,12,((19,21),((5,24),((((20,(13,28)),(11,(8,14))),((27,3),(25,7))),(((((15,(6,16)),(30,4)),((18,(23,(2,(26,1)))),17)),(29,10)),9)))));

STEP 79 [3sECR_ClassicHeuristic_MS_RF -> NNI_Substep_34] - Distance: 35.0000
(22,12,((19,21),((5,24),(((((20,(13,28)),(11,(8,14))),((27,3),(25,7))),((((15,(6,16)),(30,4)),((18,(23,(2,(26,1)))),17)),(29,10))),9))));

STEP 80 [3sECR_ClassicHeuristic_MS_RF -> NNI_Substep_35] - Distance: 32.0000
(22,12,((19,21),(((5,24),((((20,(13,28)),(11,(8,14))),((27,3),(25,7))),((((15,(6,16)),(30,4)),((18,(23,(2,(26,1)))),17)),(29,10)))),9)));

STEP 81 [3sECR_ClassicHeuristic_MS_RF -> NNI_Substep_36] - Distance: 29.0000
(22,12,(((19,21),((5,24),((((20,(13,28)),(11,(8,14))),((27,3),(25,7))),((((15,(6,16)),(30,4)),((18,(23,(2,(26,1)))),17)),(29,10))))),9));

STEP 82 [3sECR_ClassicHeuristic_MS_RF -> NNI_Substep_37] - Distance: 33.0000
(22,12,(((19,21),(5,(24,((((20,(13,28)),(11,(8,14))),((27,3),(25,7))),((((15,(6,16)),(30,4)),((18,(23,(2,(26,1)))),17)),(29,10)))))),9));

STEP 83 [3sECR_ClassicHeuristic_MS_RF -> NNI_Substep_38] - Distance: 38.0000
(22,12,(((19,21),(5,((24,((((15,(6,16)),(30,4)),((18,(23,(2,(26,1)))),17)),(29,10))),(((20,(13,28)),(11,(8,14))),((27,3),(25,7)))))),9));

STEP 84 [3sECR_ClassicHeuristic_MS_RF -> NNI_Substep_39] - Distance: 28.0000
(22,12,(((19,21),(5,(((24,(29,10)),(((15,(6,16)),(30,4)),((18,(23,(2,(26,1)))),17))),(((20,(13,28)),(11,(8,14))),((27,3),(25,7)))))),9));

STEP 85 [3sECR_ClassicHeuristic_MS_RF -> NNI_Substep_40] - Distance: 35.0000
(22,12,(((19,21),(5,(((24,(((18,(23,(2,(26,1)))),17),((15,(6,16)),(30,4)))),(29,10)),(((20,(13,28)),(11,(8,14))),((27,3),(25,7)))))),9));

STEP 86 [3sECR_ClassicHeuristic_MS_RF -> NNI_Substep_41] - Distance: 28.0000
(22,12,(((19,21),(5,((((24,((15,(6,16)),(30,4))),((18,(23,(2,(26,1)))),17)),(29,10)),(((20,(13,28)),(11,(8,14))),((27,3),(25,7)))))),9));

STEP 87 [3sECR_ClassicHeuristic_MS_RF -> NNI_Substep_42] - Distance: 24.0000
(22,12,(((19,21),(5,(((((24,(30,4)),(15,(6,16))),((18,(23,(2,(26,1)))),17)),(29,10)),(((20,(13,28)),(11,(8,14))),((27,3),(25,7)))))),9));

STEP 88 [3sECR_ClassicHeuristic_MS_RF -> NNI_Substep_43] - Distance: 22.0000
(22,12,(((19,21),(5,((((((24,30),4),(15,(6,16))),((18,(23,(2,(26,1)))),17)),(29,10)),(((20,(13,28)),(11,(8,14))),((27,3),(25,7)))))),9));

STEP 89 [NNI_ClassicHeuristic_MS_RF] - Distance: 20.0000
(((19,21),(5,((((((24,30),4),(15,(6,16))),((18,(23,(2,(26,1)))),17)),(29,10)),(((20,(13,28)),(11,(8,14))),((27,3),(25,7)))))),12,(22,9));

STEP 90 [uSPR_ClassicHeuristic_null_MS_RF -> NNI_Substep_1] - Distance: 20.0000
(((19,21),(5,((((((24,30),4),((15,16),6)),((18,(23,(2,(26,1)))),17)),(29,10)),(((20,(13,28)),(11,(8,14))),((27,3),(25,7)))))),12,(22,9));

STEP 91 [uSPR_ClassicHeuristic_null_MS_RF -> NNI_Substep_2] - Distance: 22.0000
(((19,21),(5,(((((((24,30),4),(15,16)),6),((18,(23,(2,(26,1)))),17)),(29,10)),(((20,(13,28)),(11,(8,14))),((27,3),(25,7)))))),12,(22,9));

STEP 92 [uSPR_ClassicHeuristic_null_MS_RF -> NNI_Substep_3] - Distance: 27.0000
(((19,21),(5,(((((((24,30),4),(15,16)),((18,(23,(2,(26,1)))),17)),6),(29,10)),(((20,(13,28)),(11,(8,14))),((27,3),(25,7)))))),12,(22,9));

STEP 93 [uSPR_ClassicHeuristic_null_MS_RF -> NNI_Substep_4] - Distance: 21.0000
(((19,21),(5,((((((24,30),4),(15,16)),(((18,(23,(2,(26,1)))),17),6)),(29,10)),(((20,(13,28)),(11,(8,14))),((27,3),(25,7)))))),12,(22,9));

STEP 94 [uSPR_ClassicHeuristic_null_MS_RF -> NNI_Substep_5] - Distance: 19.0000
(((19,21),(5,((((((24,30),4),(15,16)),(((18,(23,(2,(26,1)))),6),17)),(29,10)),(((20,(13,28)),(11,(8,14))),((27,3),(25,7)))))),12,(22,9));

STEP 95 [uSPR_ClassicHeuristic_null_MS_RF -> NNI_Substep_6] - Distance: 17.0000
(((19,21),(5,((((((24,30),4),(15,16)),((18,((23,(2,(26,1))),6)),17)),(29,10)),(((20,(13,28)),(11,(8,14))),((27,3),(25,7)))))),12,(22,9));

STEP 96 [uSPR_ClassicHeuristic_null_MS_RF -> NNI_Substep_7] - Distance: 15.0000
(((19,21),(5,((((((24,30),4),(15,16)),((18,(23,((2,(26,1)),6))),17)),(29,10)),(((20,(13,28)),(11,(8,14))),((27,3),(25,7)))))),12,(22,9));

STEP 97 [uSPR_ClassicHeuristic_null_MS_RF -> NNI_Substep_8] - Distance: 12.0000
(((19,21),(5,((((((24,30),4),(15,16)),((18,(23,((2,6),(26,1)))),17)),(29,10)),(((20,(13,28)),(11,(8,14))),((27,3),(25,7)))))),12,(22,9));

STEP 98 [uSPR_ClassicHeuristic_null_MS_RF -> NNI_Substep_9] - Distance: 12.0000
(((19,21),(5,((((((24,30),4),(15,16)),((18,(23,((2,6),(26,1)))),17)),(29,10)),(((20,(13,28)),((11,14),8)),((27,3),(25,7)))))),12,(22,9));

STEP 99 [uSPR_ClassicHeuristic_null_MS_RF -> NNI_Substep_10] - Distance: 14.0000
(((19,21),(5,((((((24,30),4),(15,16)),((18,(23,((2,6),(26,1)))),17)),(29,10)),((((20,(13,28)),(11,14)),8),((27,3),(25,7)))))),12,(22,9));

STEP 100 [uSPR_ClassicHeuristic_null_MS_RF -> NNI_Substep_11] - Distance: 17.0000
(((19,21),(5,((((((24,30),4),(15,16)),((18,(23,((2,6),(26,1)))),17)),(29,10)),((((20,(13,28)),(11,14)),((27,3),(25,7))),8)))),12,(22,9));

STEP 101 [uSPR_ClassicHeuristic_null_MS_RF -> NNI_Substep_12] - Distance: 14.0000
(((19,21),(5,(((((((24,30),4),(15,16)),((18,(23,((2,6),(26,1)))),17)),(29,10)),(((20,(13,28)),(11,14)),((27,3),(25,7)))),8))),12,(22,9));

STEP 102 [uSPR_ClassicHeuristic_null_MS_RF -> NNI_Substep_13] - Distance: 20.0000
(((19,21),(5,(((((((24,30),4),(15,16)),((18,(23,((2,6),(26,1)))),17)),(29,10)),8),(((20,(13,28)),(11,14)),((27,3),(25,7)))))),12,(22,9));

STEP 103 [uSPR_ClassicHeuristic_null_MS_RF -> NNI_Substep_14] - Distance: 7.0000
(((19,21),(5,((((((24,30),4),(15,16)),((18,(23,((2,6),(26,1)))),17)),((29,10),8)),(((20,(13,28)),(11,14)),((27,3),(25,7)))))),12,(22,9));

STEP 104 [uSPR_ClassicHeuristic_null_MS_RF -> NNI_Substep_15] - Distance: 5.0000
(((19,21),(5,((((((24,30),4),(15,16)),((18,(23,((2,6),(26,1)))),17)),((29,8),10)),(((20,(13,28)),(11,14)),((27,3),(25,7)))))),12,(22,9));

STEP 105 [uSPR_ClassicHeuristic_null_MS_RF -> NNI_Substep_16] - Distance: 6.0000
(((19,21),(5,((((((24,30),4),(15,16)),((18,(23,((2,6),(26,1)))),17)),((29,8),10)),(((20,(13,28)),(11,14)),((3,(25,7)),27))))),12,(22,9));

STEP 106 [uSPR_ClassicHeuristic_null_MS_RF -> NNI_Substep_17] - Distance: 10.0000
(((19,21),(5,((((((24,30),4),(15,16)),((18,(23,((2,6),(26,1)))),17)),((29,8),10)),((((20,(13,28)),(11,14)),(3,(25,7))),27)))),12,(22,9));

STEP 107 [uSPR_ClassicHeuristic_null_MS_RF -> NNI_Substep_18] - Distance: 6.0000
(((19,21),(5,(((((((24,30),4),(15,16)),((18,(23,((2,6),(26,1)))),17)),((29,8),10)),(((20,(13,28)),(11,14)),(3,(25,7)))),27))),12,(22,9));

STEP 108 [uSPR_ClassicHeuristic_null_MS_RF -> NNI_Substep_19] - Distance: 6.0000
(((19,21),((5,((((((24,30),4),(15,16)),((18,(23,((2,6),(26,1)))),17)),((29,8),10)),(((20,(13,28)),(11,14)),(3,(25,7))))),27)),12,(22,9));

STEP 109 [uSPR_ClassicHeuristic_null_MS_RF -> NNI_Substep_20] - Distance: 0.0000
(((19,21),((5,27),((((((24,30),4),(15,16)),((18,(23,((2,6),(26,1)))),17)),((29,8),10)),(((20,(13,28)),(11,14)),(3,(25,7)))))),12,(22,9));

========================================================
[FINAL] Total Steps: 109 | Final Distance: 0.0000
========================================================
