========================================================
HEURISTIC TRAJECTORY: VND Incremental (M3)
========================================================
STEP 0 [START] - Distance: 3387.0000
((13,20),(14,18),(((((25,6),(19,(23,(11,26)))),(10,(29,(16,24)))),((21,((5,(2,7)),(12,1))),((27,22),(28,17)))),(9,(15,(8,(3,(30,4)))))));

STEP 1 [NNI_IncrementalHeuristic_M3 -> NNI_Substep_1] - Distance: 3350.0000
((13,20),(14,18),(((10,(((25,6),(19,(23,(11,26)))),(29,(16,24)))),((21,((5,(2,7)),(12,1))),((27,22),(28,17)))),(9,(15,(8,(3,(30,4)))))));

STEP 2 [NNI_IncrementalHeuristic_M3 -> NNI_Substep_2] - Distance: 3325.0000
((13,20),(14,18),(((10,(((25,6),(19,(23,(11,26)))),(29,(16,24)))),((28,17),((27,22),(21,((5,(2,7)),(12,1)))))),(9,(15,(8,(3,(30,4)))))));

STEP 3 [NNI_IncrementalHeuristic_M3 -> NNI_Substep_3] - Distance: 3259.0000
((13,20),(14,18),(((10,(((25,6),(19,(23,(11,26)))),(29,(16,24)))),((((27,22),(21,((5,(2,7)),(12,1)))),17),28)),(9,(15,(8,(3,(30,4)))))));

STEP 4 [NNI_IncrementalHeuristic_M3 -> NNI_Substep_4] - Distance: 3224.0000
((13,20),(14,18),(((10,(((25,6),(19,(23,(11,26)))),(29,(16,24)))),(((((21,((5,(2,7)),(12,1))),22),27),17),28)),(9,(15,(8,(3,(30,4)))))));

STEP 5 [NNI_IncrementalHeuristic_M3 -> NNI_Substep_5] - Distance: 3210.0000
((13,20),(14,18),(((10,(((((21,((5,(2,7)),(12,1))),22),27),17),28)),(((25,6),(19,(23,(11,26)))),(29,(16,24)))),(9,(15,(8,(3,(30,4)))))));

STEP 6 [NNI_IncrementalHeuristic_M3 -> NNI_Substep_6] - Distance: 3199.0000
(((10,(((((21,((5,(2,7)),(12,1))),22),27),17),28)),(((25,6),(19,(23,(11,26)))),(29,(16,24)))),(14,18),((13,20),(9,(15,(8,(3,(30,4)))))));

STEP 7 [NNI_IncrementalHeuristic_M3 -> NNI_Substep_7] - Distance: 3163.0000
(14,(((10,(((((21,((5,(2,7)),(12,1))),22),27),17),28)),(((25,6),(19,(23,(11,26)))),(29,(16,24)))),18),((13,20),(9,(15,(8,(3,(30,4)))))));

STEP 8 [NNI_IncrementalHeuristic_M3 -> NNI_Substep_8] - Distance: 3152.0000
(14,(((10,(((((21,((5,(2,7)),(12,1))),22),27),17),28)),(((25,6),(19,(23,(11,26)))),(29,(16,24)))),18),((13,20),(9,(15,(3,(8,(30,4)))))));

STEP 9 [NNI_IncrementalHeuristic_M3 -> NNI_Substep_9] - Distance: 3140.0000
(14,(((10,(((((21,((5,(2,7)),(12,1))),22),27),17),28)),(((25,6),(19,(23,(11,26)))),(29,(16,24)))),18),((13,20),(9,(3,(15,(8,(30,4)))))));

STEP 10 [NNI_IncrementalHeuristic_M3 -> NNI_Substep_10] - Distance: 3132.0000
(14,(((10,(((((21,((5,(2,7)),(12,1))),22),27),17),28)),18),(((25,6),(19,(23,(11,26)))),(29,(16,24)))),((13,20),(9,(3,(15,(8,(30,4)))))));

STEP 11 [NNI_IncrementalHeuristic_M3 -> NNI_Substep_11] - Distance: 3125.0000
(14,(((10,(((((21,((5,(2,7)),(12,1))),22),27),17),28)),18),(((25,6),(19,(23,(11,26)))),(29,(16,24)))),((13,20),(3,(9,(15,(8,(30,4)))))));

STEP 12 [NNI_IncrementalHeuristic_M3 -> NNI_Substep_12] - Distance: 3111.0000
(14,(((10,(((((21,((5,(2,7)),(12,1))),22),27),17),28)),18),(((25,6),(19,(23,(11,26)))),(29,(16,24)))),(3,((13,20),(9,(15,(8,(30,4)))))));

STEP 13 [NNI_IncrementalHeuristic_M3 -> NNI_Substep_13] - Distance: 3105.0000
(14,(((28,(((((21,((5,(2,7)),(12,1))),22),27),17),10)),18),(((25,6),(19,(23,(11,26)))),(29,(16,24)))),(3,((13,20),(9,(15,(8,(30,4)))))));

STEP 14 [NNI_IncrementalHeuristic_M3 -> NNI_Substep_14] - Distance: 3095.0000
(14,(((28,(((((21,((5,(2,7)),(12,1))),22),27),10),17)),18),(((25,6),(19,(23,(11,26)))),(29,(16,24)))),(3,((13,20),(9,(15,(8,(30,4)))))));

STEP 15 [NNI_IncrementalHeuristic_M3 -> NNI_Substep_15] - Distance: 3089.0000
(3,(((28,(((((21,((5,(2,7)),(12,1))),22),27),10),17)),18),(((25,6),(19,(23,(11,26)))),(29,(16,24)))),(14,((13,20),(9,(15,(8,(30,4)))))));

STEP 16 [NNI_IncrementalHeuristic_M3 -> NNI_Substep_16] - Distance: 3073.0000
((((25,6),(19,(23,(11,26)))),(29,(16,24))),(((28,(((((21,((5,(2,7)),(12,1))),22),27),10),17)),18),3),(14,((13,20),(9,(15,(8,(30,4)))))));

STEP 17 [NNI_IncrementalHeuristic_M3 -> NNI_Substep_17] - Distance: 3068.0000
(((19,((25,6),(23,(11,26)))),(29,(16,24))),(((28,(((((21,((5,(2,7)),(12,1))),22),27),10),17)),18),3),(14,((13,20),(9,(15,(8,(30,4)))))));

STEP 18 [NNI_IncrementalHeuristic_M3 -> NNI_Substep_18] - Distance: 3060.0000
((((29,(16,24)),((25,6),(23,(11,26)))),19),(((28,(((((21,((5,(2,7)),(12,1))),22),27),10),17)),18),3),(14,((13,20),(9,(15,(8,(30,4)))))));

STEP 19 [NNI_IncrementalHeuristic_M3 -> NNI_Substep_19] - Distance: 3040.0000
(((((28,(((((21,((5,(2,7)),(12,1))),22),27),10),17)),18),3),19),((29,(16,24)),((25,6),(23,(11,26)))),(14,((13,20),(9,(15,(8,(30,4)))))));

STEP 20 [NNI_IncrementalHeuristic_M3 -> NNI_Substep_20] - Distance: 3035.0000
(((((28,(((((21,((5,(2,7)),(12,1))),22),27),10),17)),3),18),19),((29,(16,24)),((25,6),(23,(11,26)))),(14,((13,20),(9,(15,(8,(30,4)))))));

STEP 21 [NNI_IncrementalHeuristic_M3 -> NNI_Substep_21] - Distance: 3029.0000
(((((3,(((((21,((5,(2,7)),(12,1))),22),27),10),17)),28),18),19),((29,(16,24)),((25,6),(23,(11,26)))),(14,((13,20),(9,(15,(8,(30,4)))))));

STEP 22 [NNI_IncrementalHeuristic_M3 -> NNI_Substep_22] - Distance: 3023.0000
(((((3,(((((21,((5,(2,7)),(12,1))),22),27),10),17)),18),28),19),((29,(16,24)),((25,6),(23,(11,26)))),(14,((13,20),(9,(15,(8,(30,4)))))));

STEP 23 [NNI_IncrementalHeuristic_M3 -> NNI_Substep_23] - Distance: 3019.0000
(((((3,(((((21,(12,((5,(2,7)),1))),22),27),10),17)),18),28),19),((29,(16,24)),((25,6),(23,(11,26)))),(14,((13,20),(9,(15,(8,(30,4)))))));

STEP 24 [NNI_IncrementalHeuristic_M3 -> NNI_Substep_24] - Distance: 3007.0000
(((((3,(((((12,(21,((5,(2,7)),1))),22),27),10),17)),18),28),19),((29,(16,24)),((25,6),(23,(11,26)))),(14,((13,20),(9,(15,(8,(30,4)))))));

STEP 25 [NNI_IncrementalHeuristic_M3 -> NNI_Substep_25] - Distance: 3003.0000
(((((3,(((((12,(21,((5,(2,7)),1))),22),27),10),17)),18),28),19),((29,(16,24)),((11,26),(23,(25,6)))),(14,((13,20),(9,(15,(8,(30,4)))))));

STEP 26 [NNI_IncrementalHeuristic_M3 -> NNI_Substep_26] - Distance: 2996.0000
(((((3,(((((12,(21,((5,(2,7)),1))),22),27),10),17)),18),28),19),((11,26),((29,(16,24)),(23,(25,6)))),(14,((13,20),(9,(15,(8,(30,4)))))));

STEP 27 [NNI_IncrementalHeuristic_M3 -> NNI_Substep_27] - Distance: 2962.0000
((11,26),(((((3,(((((12,(21,((5,(2,7)),1))),22),27),10),17)),18),28),19),((29,(16,24)),(23,(25,6)))),(14,((13,20),(9,(15,(8,(30,4)))))));

STEP 28 [NNI_IncrementalHeuristic_M3 -> NNI_Substep_28] - Distance: 2956.0000
(((((((3,(((((12,(21,((5,(2,7)),1))),22),27),10),17)),18),28),19),((29,(16,24)),(23,(25,6)))),26),11,(14,((13,20),(9,(15,(8,(30,4)))))));

STEP 29 [NNI_IncrementalHeuristic_M3 -> NNI_Substep_29] - Distance: 2952.0000
(((((((3,(((((12,(21,((5,(2,7)),1))),22),27),10),17)),18),28),19),((29,(16,24)),(23,(25,6)))),26),11,(14,(((9,(15,(8,(30,4)))),20),13)));

STEP 30 [NNI_IncrementalHeuristic_M3 -> NNI_Substep_30] - Distance: 2951.0000
(((((((3,(((((12,(21,((5,(2,7)),1))),22),27),10),17)),18),19),28),((29,(16,24)),(23,(25,6)))),26),11,(14,(((9,(15,(8,(30,4)))),20),13)));

STEP 31 [NNI_IncrementalHeuristic_M3 -> NNI_Substep_31] - Distance: 2949.0000
(((((((3,(((((12,(21,((5,(2,7)),1))),22),27),10),17)),19),18),28),((29,(16,24)),(23,(25,6)))),26),11,(14,(((9,(15,(8,(30,4)))),20),13)));

STEP 32 [NNI_IncrementalHeuristic_M3 -> NNI_Substep_32] - Distance: 2947.0000
(((((((19,(((((12,(21,((5,(2,7)),1))),22),27),10),17)),3),18),28),((29,(16,24)),(23,(25,6)))),26),11,(14,(((9,(15,(8,(30,4)))),20),13)));

STEP 33 [NNI_IncrementalHeuristic_M3 -> NNI_Substep_33] - Distance: 2945.0000
(((((((17,(((((12,(21,((5,(2,7)),1))),22),27),10),19)),3),18),28),((29,(16,24)),(23,(25,6)))),26),11,(14,(((9,(15,(8,(30,4)))),20),13)));

STEP 34 [NNI_IncrementalHeuristic_M3 -> NNI_Substep_34] - Distance: 2943.0000
(((((((17,(((((12,(21,((5,(2,7)),1))),22),27),19),10)),3),18),28),((29,(16,24)),(23,(25,6)))),26),11,(14,(((9,(15,(8,(30,4)))),20),13)));

STEP 35 [NNI_IncrementalHeuristic_M3 -> NNI_Substep_35] - Distance: 2941.0000
(((((((17,(((((12,(21,((5,(2,7)),1))),22),19),27),10)),3),18),28),((29,(16,24)),(23,(25,6)))),26),11,(14,(((9,(15,(8,(30,4)))),20),13)));

STEP 36 [NNI_IncrementalHeuristic_M3 -> NNI_Substep_36] - Distance: 2923.0000
(((((((17,(((((12,(21,((5,(2,7)),1))),19),22),27),10)),3),18),28),((29,(16,24)),(23,(25,6)))),26),11,(14,(((9,(15,(8,(30,4)))),20),13)));

STEP 37 [NNI_IncrementalHeuristic_M3 -> NNI_Substep_37] - Distance: 2921.0000
(((((((17,(((((19,(21,((5,(2,7)),1))),12),22),27),10)),3),18),28),((29,(16,24)),(23,(25,6)))),26),11,(14,(((9,(15,(8,(30,4)))),20),13)));

STEP 38 [NNI_IncrementalHeuristic_M3 -> NNI_Substep_38] - Distance: 2918.0000
(((((((17,(((((19,(21,((5,(2,7)),1))),22),12),27),10)),3),18),28),((29,(16,24)),(23,(25,6)))),26),11,(14,(((9,(15,(8,(30,4)))),20),13)));

STEP 39 [NNI_IncrementalHeuristic_M3 -> NNI_Substep_39] - Distance: 2874.0000
(((((((17,(((27,12),((19,(21,((5,(2,7)),1))),22)),10)),3),18),28),((29,(16,24)),(23,(25,6)))),26),11,(14,(((9,(15,(8,(30,4)))),20),13)));

STEP 40 [NNI_IncrementalHeuristic_M3 -> NNI_Substep_40] - Distance: 2872.0000
(((((((17,(((27,12),((21,(19,((5,(2,7)),1))),22)),10)),3),18),28),((29,(16,24)),(23,(25,6)))),26),11,(14,(((9,(15,(8,(30,4)))),20),13)));

STEP 41 [NNI_IncrementalHeuristic_M3 -> NNI_Substep_41] - Distance: 2869.0000
(((((((17,(((27,12),((22,(19,((5,(2,7)),1))),21)),10)),3),18),28),((29,(16,24)),(23,(25,6)))),26),11,(14,(((9,(15,(8,(30,4)))),20),13)));

STEP 42 [NNI_IncrementalHeuristic_M3 -> NNI_Substep_42] - Distance: 2868.0000
(((((((17,(((27,12),((22,(19,((1,(2,7)),5))),21)),10)),3),18),28),((29,(16,24)),(23,(25,6)))),26),11,(14,(((9,(15,(8,(30,4)))),20),13)));

STEP 43 [NNI_IncrementalHeuristic_M3 -> NNI_Substep_43] - Distance: 2866.0000
(((((((17,(((27,12),((22,(5,((1,(2,7)),19))),21)),10)),3),18),28),((29,(16,24)),(23,(25,6)))),26),11,(14,(((9,(15,(8,(30,4)))),20),13)));

STEP 44 [NNI_IncrementalHeuristic_M3 -> NNI_Substep_44] - Distance: 2860.0000
(((((((17,(((27,12),((((1,(2,7)),19),(5,22)),21)),10)),3),18),28),((29,(16,24)),(23,(25,6)))),26),11,(14,(((9,(15,(8,(30,4)))),20),13)));

STEP 45 [NNI_IncrementalHeuristic_M3 -> NNI_Substep_45] - Distance: 2857.0000
(((((((17,(((27,12),((21,(5,22)),((1,(2,7)),19))),10)),3),18),28),((29,(16,24)),(23,(25,6)))),26),11,(14,(((9,(15,(8,(30,4)))),20),13)));

STEP 46 [NNI_IncrementalHeuristic_M3 -> NNI_Substep_46] - Distance: 2851.0000
(((((((17,((((1,(2,7)),19),((21,(5,22)),(27,12))),10)),3),18),28),((29,(16,24)),(23,(25,6)))),26),11,(14,(((9,(15,(8,(30,4)))),20),13)));

STEP 47 [NNI_IncrementalHeuristic_M3 -> NNI_Substep_47] - Distance: 2848.0000
(((((((17,((10,((21,(5,22)),(27,12))),((1,(2,7)),19))),3),18),28),((29,(16,24)),(23,(25,6)))),26),11,(14,(((9,(15,(8,(30,4)))),20),13)));

STEP 48 [NNI_IncrementalHeuristic_M3 -> NNI_Substep_48] - Distance: 2843.0000
((((((((10,((21,(5,22)),(27,12))),(17,((1,(2,7)),19))),3),18),28),((29,(16,24)),(23,(25,6)))),26),11,(14,(((9,(15,(8,(30,4)))),20),13)));

STEP 49 [NNI_IncrementalHeuristic_M3 -> NNI_Substep_49] - Distance: 2825.0000
((((((((10,((21,(5,22)),(27,12))),(17,((1,(2,7)),19))),3),18),28),((29,(16,24)),(23,(25,6)))),26),11,(((9,(15,(8,(30,4)))),20),(14,13)));

STEP 50 [NNI_IncrementalHeuristic_M3 -> NNI_Substep_50] - Distance: 2821.0000
(((9,(15,(8,(30,4)))),20),11,((((((((10,((21,(5,22)),(27,12))),(17,((1,(2,7)),19))),3),18),28),((29,(16,24)),(23,(25,6)))),26),(14,13)));

STEP 51 [NNI_IncrementalHeuristic_M3 -> NNI_Substep_51] - Distance: 2817.0000
(((9,(15,(8,(30,4)))),20),11,((((((((10,((21,(5,22)),(27,12))),(17,((1,(2,7)),19))),3),18),28),((29,(16,24)),(23,(25,6)))),(14,13)),26));

STEP 52 [NNI_IncrementalHeuristic_M3 -> NNI_Substep_52] - Distance: 2805.0000
(((9,(15,(8,(30,4)))),20),11,((((((((10,((21,(5,22)),(27,12))),(17,((1,(2,7)),19))),3),18),28),(14,13)),((29,(16,24)),(23,(25,6)))),26));

STEP 53 [NNI_IncrementalHeuristic_M3 -> NNI_Substep_53] - Distance: 2801.0000
(((9,(15,(8,(30,4)))),20),11,((((((((10,((21,(5,22)),(27,12))),(17,((1,(2,7)),19))),3),18),(14,13)),28),((29,(16,24)),(23,(25,6)))),26));

STEP 54 [NNI_IncrementalHeuristic_M3 -> NNI_Substep_54] - Distance: 2795.0000
(((9,(15,(8,(30,4)))),20),11,((((((((10,((21,(5,22)),(27,12))),(17,((1,(2,7)),19))),3),(14,13)),18),28),((29,(16,24)),(23,(25,6)))),26));

STEP 55 [NNI_IncrementalHeuristic_M3 -> NNI_Substep_55] - Distance: 2789.0000
(((9,(15,(8,(30,4)))),20),11,((((((((10,((21,(5,22)),(27,12))),(17,((1,(2,7)),19))),(14,13)),3),18),28),((29,(16,24)),(23,(25,6)))),26));

STEP 56 [NNI_IncrementalHeuristic_M3 -> NNI_Substep_56] - Distance: 2769.0000
(((9,(15,(8,(30,4)))),20),11,((((((((14,13),(17,((1,(2,7)),19))),(10,((21,(5,22)),(27,12)))),3),18),28),((29,(16,24)),(23,(25,6)))),26));

STEP 57 [NNI_IncrementalHeuristic_M3 -> NNI_Substep_57] - Distance: 2763.0000
(((9,(15,(8,(30,4)))),20),11,(((((((17,((14,13),((1,(2,7)),19))),(10,((21,(5,22)),(27,12)))),3),18),28),((29,(16,24)),(23,(25,6)))),26));

STEP 58 [NNI_IncrementalHeuristic_M3 -> NNI_Substep_58] - Distance: 2759.0000
(((9,(15,(8,(30,4)))),20),11,(((((((17,((14,13),((1,(2,7)),19))),(10,((21,(5,22)),(27,12)))),3),18),((29,(16,24)),(23,(25,6)))),28),26));

STEP 59 [NNI_IncrementalHeuristic_M3 -> NNI_Substep_59] - Distance: 2749.0000
(((9,(15,(8,(30,4)))),20),11,(((((((17,((14,13),((1,(2,7)),19))),(10,((21,(5,22)),(27,12)))),3),((29,(16,24)),(23,(25,6)))),18),28),26));

STEP 60 [NNI_IncrementalHeuristic_M3 -> NNI_Substep_60] - Distance: 2737.0000
(((9,(15,(8,(30,4)))),20),11,(((((((17,((14,13),((1,(2,7)),19))),(10,((21,(5,22)),(27,12)))),((29,(16,24)),(23,(25,6)))),3),18),28),26));

STEP 61 [NNI_IncrementalHeuristic_M3 -> NNI_Substep_61] - Distance: 2683.0000
(((9,(15,(8,(30,4)))),20),11,(((((((17,((14,13),((1,(2,7)),19))),((29,(16,24)),(23,(25,6)))),(10,((21,(5,22)),(27,12)))),3),18),28),26));

STEP 62 [NNI_IncrementalHeuristic_M3 -> NNI_Substep_62] - Distance: 2651.0000
(((9,(15,(8,(30,4)))),20),11,(((((((17,((14,13),((1,(2,7)),19))),((29,(16,24)),(23,(25,6)))),3),(10,((21,(5,22)),(27,12)))),18),28),26));

STEP 63 [NNI_IncrementalHeuristic_M3 -> NNI_Substep_63] - Distance: 2614.0000
(((9,(15,(8,(30,4)))),20),11,(((((((17,((14,13),((1,(2,7)),19))),((29,(16,24)),(23,(25,6)))),3),18),(10,((21,(5,22)),(27,12)))),28),26));

STEP 64 [NNI_IncrementalHeuristic_M3 -> NNI_Substep_64] - Distance: 2571.0000
(((9,(15,(8,(30,4)))),20),11,(((((((17,((14,13),((1,(2,7)),19))),((29,(16,24)),(23,(25,6)))),3),18),28),(10,((21,(5,22)),(27,12)))),26));

STEP 65 [NNI_IncrementalHeuristic_M3 -> NNI_Substep_65] - Distance: 2520.0000
(((9,(15,(8,(30,4)))),20),11,(((((((17,((14,13),((1,(2,7)),19))),((29,(16,24)),(23,(25,6)))),3),18),28),26),(10,((21,(5,22)),(27,12)))));

STEP 66 [NNI_IncrementalHeuristic_M3 -> NNI_Substep_66] - Distance: 2477.0000
(((9,(15,(8,(30,4)))),20),11,(10,(((((((17,((14,13),((1,(2,7)),19))),((29,(16,24)),(23,(25,6)))),3),18),28),26),((21,(5,22)),(27,12)))));

STEP 67 [NNI_IncrementalHeuristic_M3 -> NNI_Substep_67] - Distance: 2461.0000
(((9,(15,(8,(30,4)))),20),11,(10,(((((((((29,(16,24)),(23,(25,6))),((14,13),((1,(2,7)),19))),17),3),18),28),26),((21,(5,22)),(27,12)))));

STEP 68 [NNI_IncrementalHeuristic_M3 -> NNI_Substep_68] - Distance: 2449.0000
(((9,(15,(8,(30,4)))),20),11,(10,(((((((((29,(16,24)),(23,(25,6))),((14,13),((1,(2,7)),19))),17),3),28),18),26),((21,(5,22)),(27,12)))));

STEP 69 [NNI_IncrementalHeuristic_M3 -> NNI_Substep_69] - Distance: 2437.0000
(((9,(15,(8,(30,4)))),20),11,(10,(((((((((29,(16,24)),(23,(25,6))),((14,13),((1,(2,7)),19))),17),28),3),18),26),((21,(5,22)),(27,12)))));

STEP 70 [NNI_IncrementalHeuristic_M3 -> NNI_Substep_70] - Distance: 2424.0000
(((9,(15,(8,(30,4)))),20),11,(10,(((((((((29,(16,24)),(23,(25,6))),((14,13),((1,(2,7)),19))),17),28),18),3),26),((21,(5,22)),(27,12)))));

STEP 71 [NNI_IncrementalHeuristic_M3 -> NNI_Substep_71] - Distance: 2418.0000
(((9,(15,(8,(30,4)))),20),11,(10,(((((((((29,(16,24)),(23,(25,6))),((14,13),((1,(2,7)),19))),28),17),18),3),26),((21,(5,22)),(27,12)))));

STEP 72 [NNI_IncrementalHeuristic_M3 -> NNI_Substep_72] - Distance: 2411.0000
(((9,(15,(8,(30,4)))),20),11,(10,(((((((((29,(16,24)),(23,(25,6))),((14,13),((1,(2,7)),19))),28),18),17),3),26),((21,(5,22)),(27,12)))));

STEP 73 [NNI_IncrementalHeuristic_M3 -> NNI_Substep_73] - Distance: 2403.0000
(((9,(15,(8,(30,4)))),20),11,(10,(((((((((29,(16,24)),(23,(25,6))),((14,13),((1,(2,7)),19))),28),18),3),17),26),((21,(5,22)),(27,12)))));

STEP 74 [NNI_IncrementalHeuristic_M3 -> NNI_Substep_74] - Distance: 2287.0000
(((9,(15,(8,(30,4)))),20),11,(10,(((26,17),((((((29,(16,24)),(23,(25,6))),((14,13),((1,(2,7)),19))),28),18),3)),((21,(5,22)),(27,12)))));

STEP 75 [NNI_IncrementalHeuristic_M3 -> NNI_Substep_75] - Distance: 2285.0000
((((26,17),((((((29,(16,24)),(23,(25,6))),((14,13),((1,(2,7)),19))),28),18),3)),((21,(5,22)),(27,12))),11,(10,((9,(15,(8,(30,4)))),20)));

STEP 76 [NNI_IncrementalHeuristic_M3 -> NNI_Substep_76] - Distance: 2268.0000
((((26,17),((((((29,(16,24)),(23,(25,6))),((14,13),((1,(2,7)),19))),28),18),3)),11),((21,(5,22)),(27,12)),(10,((9,(15,(8,(30,4)))),20)));

STEP 77 [NNI_IncrementalHeuristic_M3 -> NNI_Substep_77] - Distance: 2252.0000
(((11,((((((29,(16,24)),(23,(25,6))),((14,13),((1,(2,7)),19))),28),18),3)),(26,17)),((21,(5,22)),(27,12)),(10,((9,(15,(8,(30,4)))),20)));

STEP 78 [NNI_IncrementalHeuristic_M3 -> NNI_Substep_78] - Distance: 2108.0000
((((((((29,(16,24)),(23,(25,6))),((14,13),((1,(2,7)),19))),28),18),(11,3)),(26,17)),((21,(5,22)),(27,12)),(10,((9,(15,(8,(30,4)))),20)));

STEP 79 [NNI_IncrementalHeuristic_M3 -> NNI_Substep_79] - Distance: 2106.0000
((((((((29,(16,24)),(23,(25,6))),((14,13),((7,(2,1)),19))),28),18),(11,3)),(26,17)),((21,(5,22)),(27,12)),(10,((9,(15,(8,(30,4)))),20)));

STEP 80 [NNI_IncrementalHeuristic_M3 -> NNI_Substep_80] - Distance: 2103.0000
((((((((29,(16,24)),(23,(25,6))),((14,13),((19,(2,1)),7))),28),18),(11,3)),(26,17)),((21,(5,22)),(27,12)),(10,((9,(15,(8,(30,4)))),20)));

STEP 81 [NNI_IncrementalHeuristic_M3 -> NNI_Substep_81] - Distance: 2095.0000
((((((((29,(16,24)),(23,(25,6))),(7,((19,(2,1)),(14,13)))),28),18),(11,3)),(26,17)),((21,(5,22)),(27,12)),(10,((9,(15,(8,(30,4)))),20)));

STEP 82 [NNI_IncrementalHeuristic_M3 -> NNI_Substep_82] - Distance: 2073.0000
((((((7,(((29,(16,24)),(23,(25,6))),((19,(2,1)),(14,13)))),28),18),(11,3)),(26,17)),((21,(5,22)),(27,12)),(10,((9,(15,(8,(30,4)))),20)));

STEP 83 [NNI_IncrementalHeuristic_M3 -> NNI_Substep_83] - Distance: 2066.0000
((((((28,(((29,(16,24)),(23,(25,6))),((19,(2,1)),(14,13)))),7),18),(11,3)),(26,17)),((21,(5,22)),(27,12)),(10,((9,(15,(8,(30,4)))),20)));

STEP 84 [NNI_IncrementalHeuristic_M3 -> NNI_Substep_84] - Distance: 2058.0000
((((((28,(((29,(16,24)),(23,(25,6))),((19,(2,1)),(14,13)))),18),7),(11,3)),(26,17)),((21,(5,22)),(27,12)),(10,((9,(15,(8,(30,4)))),20)));

STEP 85 [NNI_IncrementalHeuristic_M3 -> NNI_Substep_85] - Distance: 2040.0000
((((((28,(((29,(16,24)),(23,(25,6))),((19,(2,1)),(14,13)))),18),(11,3)),7),(26,17)),((21,(5,22)),(27,12)),(10,((9,(15,(8,(30,4)))),20)));

STEP 86 [NNI_IncrementalHeuristic_M3 -> NNI_Substep_86] - Distance: 1905.0000
((((26,17),7),(((28,(((29,(16,24)),(23,(25,6))),((19,(2,1)),(14,13)))),18),(11,3))),((21,(5,22)),(27,12)),(10,((9,(15,(8,(30,4)))),20)));

STEP 87 [NNI_IncrementalHeuristic_M3 -> NNI_Substep_87] - Distance: 1877.0000
((((26,7),17),(((28,(((29,(16,24)),(23,(25,6))),((19,(2,1)),(14,13)))),18),(11,3))),((21,(5,22)),(27,12)),(10,((9,(15,(8,(30,4)))),20)));

STEP 88 [NNI_IncrementalHeuristic_M3 -> NNI_Substep_88] - Distance: 1875.0000
((((26,7),17),(((28,(((29,(16,24)),(23,(25,6))),((19,(2,1)),(14,13)))),18),(11,3))),((21,(5,22)),(27,12)),(20,((9,(15,(8,(30,4)))),10)));

STEP 89 [NNI_IncrementalHeuristic_M3 -> NNI_Substep_89] - Distance: 1809.0000
(20,((21,(5,22)),(27,12)),((((26,7),17),(((28,(((29,(16,24)),(23,(25,6))),((19,(2,1)),(14,13)))),18),(11,3))),((9,(15,(8,(30,4)))),10)));

STEP 90 [NNI_IncrementalHeuristic_M3 -> NNI_Substep_90] - Distance: 1767.0000
((27,12),((21,(5,22)),20),((((26,7),17),(((28,(((29,(16,24)),(23,(25,6))),((19,(2,1)),(14,13)))),18),(11,3))),((9,(15,(8,(30,4)))),10)));

STEP 91 [NNI_IncrementalHeuristic_M3 -> NNI_Substep_91] - Distance: 1742.0000
((27,12),((20,(5,22)),21),((((26,7),17),(((28,(((29,(16,24)),(23,(25,6))),((19,(2,1)),(14,13)))),18),(11,3))),((9,(15,(8,(30,4)))),10)));

STEP 92 [NNI_IncrementalHeuristic_M3 -> NNI_Substep_92] - Distance: 1740.0000
((27,12),((22,(5,20)),21),((((26,7),17),(((28,(((29,(16,24)),(23,(25,6))),((19,(2,1)),(14,13)))),18),(11,3))),((9,(15,(8,(30,4)))),10)));

STEP 93 [NNI_IncrementalHeuristic_M3 -> NNI_Substep_93] - Distance: 1737.0000
((27,12),((21,(5,20)),22),((((26,7),17),(((28,(((29,(16,24)),(23,(25,6))),((19,(2,1)),(14,13)))),18),(11,3))),((9,(15,(8,(30,4)))),10)));

STEP 94 [NNI_IncrementalHeuristic_M3 -> NNI_Substep_94] - Distance: 1731.0000
(22,((21,(5,20)),(27,12)),((((26,7),17),(((28,(((29,(16,24)),(23,(25,6))),((19,(2,1)),(14,13)))),18),(11,3))),((9,(15,(8,(30,4)))),10)));

STEP 95 [NNI_IncrementalHeuristic_M3 -> NNI_Substep_95] - Distance: 1716.0000
(((9,(15,(8,(30,4)))),10),((21,(5,20)),(27,12)),((((26,7),17),(((28,(((29,(16,24)),(23,(25,6))),((19,(2,1)),(14,13)))),18),(11,3))),22));

STEP 96 [NNI_IncrementalHeuristic_M3 -> NNI_Substep_96] - Distance: 1692.0000
(((9,(15,(8,(30,4)))),10),((21,(5,20)),(27,12)),((22,(((28,(((29,(16,24)),(23,(25,6))),((19,(2,1)),(14,13)))),18),(11,3))),((26,7),17)));

STEP 97 [NNI_IncrementalHeuristic_M3 -> NNI_Substep_97] - Distance: 1670.0000
(((9,(15,(8,(30,4)))),10),((21,(5,20)),(27,12)),(((11,3),(((28,(((29,(16,24)),(23,(25,6))),((19,(2,1)),(14,13)))),18),22)),((26,7),17)));

STEP 98 [NNI_IncrementalHeuristic_M3 -> NNI_Substep_98] - Distance: 1657.0000
(((9,(15,(8,(30,4)))),10),((21,(5,20)),(27,12)),(((11,3),(((28,(((29,(16,24)),(23,(25,6))),((19,(2,1)),(14,13)))),22),18)),((26,7),17)));

STEP 99 [NNI_IncrementalHeuristic_M3 -> NNI_Substep_99] - Distance: 1643.0000
(((9,(15,(8,(30,4)))),10),((21,(5,20)),(27,12)),(((11,3),(((22,(((29,(16,24)),(23,(25,6))),((19,(2,1)),(14,13)))),28),18)),((26,7),17)));

STEP 100 [NNI_IncrementalHeuristic_M3 -> NNI_Substep_100] - Distance: 1569.0000
(((9,(15,(8,(30,4)))),10),((21,(5,20)),(27,12)),(((11,3),(((((29,(16,24)),(23,(25,6))),(22,((19,(2,1)),(14,13)))),28),18)),((26,7),17)));

STEP 101 [NNI_IncrementalHeuristic_M3 -> NNI_Substep_101] - Distance: 1494.0000
(((9,(15,(8,(30,4)))),10),((21,(5,20)),(27,12)),(((11,3),(((((29,(16,24)),(23,(25,6))),((19,(2,1)),(22,(14,13)))),28),18)),((26,7),17)));

STEP 102 [NNI_IncrementalHeuristic_M3 -> NNI_Substep_102] - Distance: 1466.0000
(((9,(15,(8,(30,4)))),10),((21,(5,20)),(27,12)),(((11,3),(((((29,(16,24)),(23,(25,6))),((19,(2,1)),(14,(22,13)))),28),18)),((26,7),17)));

STEP 103 [NNI_IncrementalHeuristic_M3 -> NNI_Substep_103] - Distance: 1464.0000
(((10,(15,(8,(30,4)))),9),((21,(5,20)),(27,12)),(((11,3),(((((29,(16,24)),(23,(25,6))),((19,(2,1)),(14,(22,13)))),28),18)),((26,7),17)));

STEP 104 [NNI_IncrementalHeuristic_M3 -> NNI_Substep_104] - Distance: 1440.0000
(((15,(10,(8,(30,4)))),9),((21,(5,20)),(27,12)),(((11,3),(((((29,(16,24)),(23,(25,6))),((19,(2,1)),(14,(22,13)))),28),18)),((26,7),17)));

STEP 105 [NNI_IncrementalHeuristic_M3 -> NNI_Substep_105] - Distance: 1420.0000
(((15,(10,(8,(30,4)))),((21,(5,20)),(27,12))),9,(((11,3),(((((29,(16,24)),(23,(25,6))),((19,(2,1)),(14,(22,13)))),28),18)),((26,7),17)));

STEP 106 [NNI_IncrementalHeuristic_M3 -> NNI_Substep_106] - Distance: 1396.0000
(((11,3),(((((29,(16,24)),(23,(25,6))),((19,(2,1)),(14,(22,13)))),28),18)),9,(((15,(10,(8,(30,4)))),((21,(5,20)),(27,12))),((26,7),17)));

STEP 107 [NNI_IncrementalHeuristic_M3 -> NNI_Substep_107] - Distance: 1374.0000
((9,(((((29,(16,24)),(23,(25,6))),((19,(2,1)),(14,(22,13)))),28),18)),(11,3),(((15,(10,(8,(30,4)))),((21,(5,20)),(27,12))),((26,7),17)));

STEP 108 [NNI_IncrementalHeuristic_M3 -> NNI_Substep_108] - Distance: 1361.0000
((18,(((((29,(16,24)),(23,(25,6))),((19,(2,1)),(14,(22,13)))),28),9)),(11,3),(((15,(10,(8,(30,4)))),((21,(5,20)),(27,12))),((26,7),17)));

STEP 109 [NNI_IncrementalHeuristic_M3 -> NNI_Substep_109] - Distance: 1347.0000
((18,(((((29,(16,24)),(23,(25,6))),((19,(2,1)),(14,(22,13)))),9),28)),(11,3),(((15,(10,(8,(30,4)))),((21,(5,20)),(27,12))),((26,7),17)));

STEP 110 [NNI_IncrementalHeuristic_M3 -> NNI_Substep_110] - Distance: 1257.0000
((18,(((((29,(16,24)),(23,(25,6))),9),((19,(2,1)),(14,(22,13)))),28)),(11,3),(((15,(10,(8,(30,4)))),((21,(5,20)),(27,12))),((26,7),17)));

STEP 111 [NNI_IncrementalHeuristic_M3 -> NNI_Substep_111] - Distance: 1211.0000
((18,((((9,(23,(25,6))),(29,(16,24))),((19,(2,1)),(14,(22,13)))),28)),(11,3),(((15,(10,(8,(30,4)))),((21,(5,20)),(27,12))),((26,7),17)));

STEP 112 [NNI_IncrementalHeuristic_M3 -> NNI_Substep_112] - Distance: 1185.0000
((18,((((23,(9,(25,6))),(29,(16,24))),((19,(2,1)),(14,(22,13)))),28)),(11,3),(((15,(10,(8,(30,4)))),((21,(5,20)),(27,12))),((26,7),17)));

STEP 113 [NNI_IncrementalHeuristic_M3 -> NNI_Substep_113] - Distance: 1182.0000
((18,((((23,(9,(25,6))),(29,(16,24))),((19,(2,1)),(14,(22,13)))),28)),(11,3),(((15,((30,4),(8,10))),((21,(5,20)),(27,12))),((26,7),17)));

STEP 114 [NNI_IncrementalHeuristic_M3 -> NNI_Substep_114] - Distance: 1177.0000
((18,((((23,(9,(25,6))),(29,(16,24))),((19,(2,1)),(14,(22,13)))),28)),(11,3),((((30,4),(15,(8,10))),((21,(5,20)),(27,12))),((26,7),17)));

STEP 115 [NNI_IncrementalHeuristic_M3 -> NNI_Substep_115] - Distance: 1097.0000
((18,((((23,(9,(25,6))),(29,(16,24))),((19,(2,1)),(14,(22,13)))),28)),(11,3),((((30,4),((21,(5,20)),(27,12))),(15,(8,10))),((26,7),17)));

STEP 116 [NNI_IncrementalHeuristic_M3 -> NNI_Substep_116] - Distance: 1034.0000
((18,((((23,(9,(25,6))),(29,(16,24))),((19,(2,1)),(14,(22,13)))),28)),(11,3),((((21,(5,20)),((30,4),(27,12))),(15,(8,10))),((26,7),17)));

STEP 117 [NNI_IncrementalHeuristic_M3 -> NNI_Substep_117] - Distance: 1009.0000
((18,((((23,(9,(25,6))),(29,(16,24))),((19,(2,1)),(14,(22,13)))),28)),(11,3),((((21,(5,20)),(27,((30,4),12))),(15,(8,10))),((26,7),17)));

STEP 118 [NNI_IncrementalHeuristic_M3 -> NNI_Substep_118] - Distance: 1007.0000
((18,((((23,(6,(25,9))),(29,(16,24))),((19,(2,1)),(14,(22,13)))),28)),(11,3),((((21,(5,20)),(27,((30,4),12))),(15,(8,10))),((26,7),17)));

STEP 119 [NNI_IncrementalHeuristic_M3 -> NNI_Substep_119] - Distance: 1004.0000
((18,((((6,(23,(25,9))),(29,(16,24))),((19,(2,1)),(14,(22,13)))),28)),(11,3),((((21,(5,20)),(27,((30,4),12))),(15,(8,10))),((26,7),17)));

STEP 120 [NNI_IncrementalHeuristic_M3 -> NNI_Substep_120] - Distance: 995.0000
((18,(((((29,(16,24)),(23,(25,9))),6),((19,(2,1)),(14,(22,13)))),28)),(11,3),((((21,(5,20)),(27,((30,4),12))),(15,(8,10))),((26,7),17)));

STEP 121 [NNI_IncrementalHeuristic_M3 -> NNI_Substep_121] - Distance: 965.0000
((18,(((((29,(16,24)),(23,(25,9))),((19,(2,1)),(14,(22,13)))),6),28)),(11,3),((((21,(5,20)),(27,((30,4),12))),(15,(8,10))),((26,7),17)));

STEP 122 [NNI_IncrementalHeuristic_M3 -> NNI_Substep_122] - Distance: 954.0000
((18,(((((29,(16,24)),(23,(25,9))),((19,(2,1)),(14,(22,13)))),28),6)),(11,3),((((21,(5,20)),(27,((30,4),12))),(15,(8,10))),((26,7),17)));

STEP 123 [NNI_IncrementalHeuristic_M3 -> NNI_Substep_123] - Distance: 942.0000
((6,(((((29,(16,24)),(23,(25,9))),((19,(2,1)),(14,(22,13)))),28),18)),(11,3),((((21,(5,20)),(27,((30,4),12))),(15,(8,10))),((26,7),17)));

STEP 124 [NNI_IncrementalHeuristic_M3 -> NNI_Substep_124] - Distance: 916.0000
(((11,3),(((((29,(16,24)),(23,(25,9))),((19,(2,1)),(14,(22,13)))),28),18)),6,((((21,(5,20)),(27,((30,4),12))),(15,(8,10))),((26,7),17)));

STEP 125 [NNI_IncrementalHeuristic_M3 -> NNI_Substep_125] - Distance: 871.0000
((((21,(5,20)),(27,((30,4),12))),(15,(8,10))),6,(((11,3),(((((29,(16,24)),(23,(25,9))),((19,(2,1)),(14,(22,13)))),28),18)),((26,7),17)));

STEP 126 [NNI_IncrementalHeuristic_M3 -> NNI_Substep_126] - Distance: 817.0000
((((21,(5,20)),(27,((30,4),12))),6),(15,(8,10)),(((11,3),(((((29,(16,24)),(23,(25,9))),((19,(2,1)),(14,(22,13)))),28),18)),((26,7),17)));

STEP 127 [NNI_IncrementalHeuristic_M3 -> NNI_Substep_127] - Distance: 749.0000
((((21,(5,20)),6),(27,((30,4),12))),(15,(8,10)),(((11,3),(((((29,(16,24)),(23,(25,9))),((19,(2,1)),(14,(22,13)))),28),18)),((26,7),17)));

STEP 128 [NNI_IncrementalHeuristic_M3 -> NNI_Substep_128] - Distance: 695.0000
((((21,6),(5,20)),(27,((30,4),12))),(15,(8,10)),(((11,3),(((((29,(16,24)),(23,(25,9))),((19,(2,1)),(14,(22,13)))),28),18)),((26,7),17)));

STEP 129 [NNI_IncrementalHeuristic_M3 -> NNI_Substep_129] - Distance: 693.0000
((((21,6),(5,20)),(27,((12,4),30))),(15,(8,10)),(((11,3),(((((29,(16,24)),(23,(25,9))),((19,(2,1)),(14,(22,13)))),28),18)),((26,7),17)));

STEP 130 [NNI_IncrementalHeuristic_M3 -> NNI_Substep_130] - Distance: 690.0000
((((21,6),(5,20)),(30,((12,4),27))),(15,(8,10)),(((11,3),(((((29,(16,24)),(23,(25,9))),((19,(2,1)),(14,(22,13)))),28),18)),((26,7),17)));

STEP 131 [NNI_IncrementalHeuristic_M3 -> NNI_Substep_131] - Distance: 678.0000
((30,(((21,6),(5,20)),((12,4),27))),(15,(8,10)),(((11,3),(((((29,(16,24)),(23,(25,9))),((19,(2,1)),(14,(22,13)))),28),18)),((26,7),17)));

STEP 132 [NNI_IncrementalHeuristic_M3 -> NNI_Substep_132] - Distance: 657.0000
(((15,(8,10)),(((21,6),(5,20)),((12,4),27))),30,(((11,3),(((((29,(16,24)),(23,(25,9))),((19,(2,1)),(14,(22,13)))),28),18)),((26,7),17)));

STEP 133 [NNI_IncrementalHeuristic_M3 -> NNI_Substep_133] - Distance: 627.0000
(((11,3),(((((29,(16,24)),(23,(25,9))),((19,(2,1)),(14,(22,13)))),28),18)),30,(((15,(8,10)),(((21,6),(5,20)),((12,4),27))),((26,7),17)));

STEP 134 [NNI_IncrementalHeuristic_M3 -> NNI_Substep_134] - Distance: 601.0000
((30,(((((29,(16,24)),(23,(25,9))),((19,(2,1)),(14,(22,13)))),28),18)),(11,3),(((15,(8,10)),(((21,6),(5,20)),((12,4),27))),((26,7),17)));

STEP 135 [NNI_IncrementalHeuristic_M3 -> NNI_Substep_135] - Distance: 586.0000
((18,(((((29,(16,24)),(23,(25,9))),((19,(2,1)),(14,(22,13)))),28),30)),(11,3),(((15,(8,10)),(((21,6),(5,20)),((12,4),27))),((26,7),17)));

STEP 136 [NNI_IncrementalHeuristic_M3 -> NNI_Substep_136] - Distance: 570.0000
((18,(((((29,(16,24)),(23,(25,9))),((19,(2,1)),(14,(22,13)))),30),28)),(11,3),(((15,(8,10)),(((21,6),(5,20)),((12,4),27))),((26,7),17)));

STEP 137 [NNI_IncrementalHeuristic_M3 -> NNI_Substep_137] - Distance: 468.0000
((18,(((((29,(16,24)),(23,(25,9))),30),((19,(2,1)),(14,(22,13)))),28)),(11,3),(((15,(8,10)),(((21,6),(5,20)),((12,4),27))),((26,7),17)));

STEP 138 [NNI_IncrementalHeuristic_M3 -> NNI_Substep_138] - Distance: 399.0000
((18,(((((29,(16,24)),30),(23,(25,9))),((19,(2,1)),(14,(22,13)))),28)),(11,3),(((15,(8,10)),(((21,6),(5,20)),((12,4),27))),((26,7),17)));

STEP 139 [NNI_IncrementalHeuristic_M3 -> NNI_Substep_139] - Distance: 373.0000
((18,(((((30,(16,24)),29),(23,(25,9))),((19,(2,1)),(14,(22,13)))),28)),(11,3),(((15,(8,10)),(((21,6),(5,20)),((12,4),27))),((26,7),17)));

STEP 140 [NNI_IncrementalHeuristic_M3 -> NNI_Substep_140] - Distance: 371.0000
((18,(((((24,(16,30)),29),(23,(25,9))),((19,(2,1)),(14,(22,13)))),28)),(11,3),(((15,(8,10)),(((21,6),(5,20)),((12,4),27))),((26,7),17)));

STEP 141 [NNI_IncrementalHeuristic_M3 -> NNI_Substep_141] - Distance: 368.0000
((18,(((((29,(16,30)),24),(23,(25,9))),((19,(2,1)),(14,(22,13)))),28)),(11,3),(((15,(8,10)),(((21,6),(5,20)),((12,4),27))),((26,7),17)));

STEP 142 [NNI_IncrementalHeuristic_M3 -> NNI_Substep_142] - Distance: 356.0000
((18,(((((29,(16,30)),(23,(25,9))),24),((19,(2,1)),(14,(22,13)))),28)),(11,3),(((15,(8,10)),(((21,6),(5,20)),((12,4),27))),((26,7),17)));

STEP 143 [NNI_IncrementalHeuristic_M3 -> NNI_Substep_143] - Distance: 314.0000
((18,(((((29,(16,30)),(23,(25,9))),((19,(2,1)),(14,(22,13)))),24),28)),(11,3),(((15,(8,10)),(((21,6),(5,20)),((12,4),27))),((26,7),17)));

STEP 144 [NNI_IncrementalHeuristic_M3 -> NNI_Substep_144] - Distance: 301.0000
((18,(((((29,(16,30)),(23,(25,9))),((19,(2,1)),(14,(22,13)))),28),24)),(11,3),(((15,(8,10)),(((21,6),(5,20)),((12,4),27))),((26,7),17)));

STEP 145 [NNI_IncrementalHeuristic_M3 -> NNI_Substep_145] - Distance: 287.0000
((24,(((((29,(16,30)),(23,(25,9))),((19,(2,1)),(14,(22,13)))),28),18)),(11,3),(((15,(8,10)),(((21,6),(5,20)),((12,4),27))),((26,7),17)));

STEP 146 [NNI_IncrementalHeuristic_M3 -> NNI_Substep_146] - Distance: 257.0000
(((11,3),(((((29,(16,30)),(23,(25,9))),((19,(2,1)),(14,(22,13)))),28),18)),24,(((15,(8,10)),(((21,6),(5,20)),((12,4),27))),((26,7),17)));

STEP 147 [NNI_IncrementalHeuristic_M3 -> NNI_Substep_147] - Distance: 206.0000
(((15,(8,10)),(((21,6),(5,20)),((12,4),27))),24,(((11,3),(((((29,(16,30)),(23,(25,9))),((19,(2,1)),(14,(22,13)))),28),18)),((26,7),17)));

STEP 148 [NNI_IncrementalHeuristic_M3 -> NNI_Substep_148] - Distance: 146.0000
((24,(((21,6),(5,20)),((12,4),27))),(15,(8,10)),(((11,3),(((((29,(16,30)),(23,(25,9))),((19,(2,1)),(14,(22,13)))),28),18)),((26,7),17)));

STEP 149 [NNI_IncrementalHeuristic_M3 -> NNI_Substep_149] - Distance: 54.0000
((((21,6),(5,20)),(24,((12,4),27))),(15,(8,10)),(((11,3),(((((29,(16,30)),(23,(25,9))),((19,(2,1)),(14,(22,13)))),28),18)),((26,7),17)));

STEP 150 [NNI_IncrementalHeuristic_M3 -> NNI_Substep_150] - Distance: 0.0000
((((21,6),(5,20)),((12,4),(24,27))),(15,(8,10)),(((11,3),(((((29,(16,30)),(23,(25,9))),((19,(2,1)),(14,(22,13)))),28),18)),((26,7),17)));

========================================================
[FINAL] Total Steps: 150 | Final Distance: 0.0000
========================================================
