========================================================
HEURISTIC TRAJECTORY: VND Incremental (MP_RF)
========================================================
STEP 0 [START] - Distance: 271.0000
(((15,(9,(5,(2,18)))),((12,(24,(19,17))),(7,16))),(23,(((((11,(14,29)),((26,13),((25,(27,(30,3))),(22,(1,6))))),(28,21)),(20,10)),(4,8))));

STEP 1 [NNI_IncrementalHeuristic_MP_RF -> NNI_Substep_1] - Distance: 268.0000
(((12,(24,(19,17))),((15,(9,(5,(2,18)))),(7,16))),(23,(((((11,(14,29)),((26,13),((25,(27,(30,3))),(22,(1,6))))),(28,21)),(20,10)),(4,8))));

STEP 2 [NNI_IncrementalHeuristic_MP_RF -> NNI_Substep_2] - Distance: 265.0000
(((12,(24,(19,17))),((15,(9,(5,(2,18)))),(7,16))),(23,(((((11,(14,29)),(28,21)),((26,13),((25,(27,(30,3))),(22,(1,6))))),(20,10)),(4,8))));

STEP 3 [NNI_IncrementalHeuristic_MP_RF -> NNI_Substep_3] - Distance: 258.0000
(((12,(24,(19,17))),((15,(9,(5,(2,18)))),(7,16))),(23,((((20,10),((26,13),((25,(27,(30,3))),(22,(1,6))))),((11,(14,29)),(28,21))),(4,8))));

STEP 4 [NNI_IncrementalHeuristic_MP_RF -> NNI_Substep_4] - Distance: 254.0000
(((12,(24,(19,17))),((15,(9,(5,(2,18)))),(7,16))),(23,(((4,8),((11,(14,29)),(28,21))),((20,10),((26,13),((25,(27,(30,3))),(22,(1,6))))))));

STEP 5 [NNI_IncrementalHeuristic_MP_RF -> NNI_Substep_5] - Distance: 248.0000
(((12,(24,(19,17))),((15,(9,(5,(2,18)))),(7,16))),(((20,10),((26,13),((25,(27,(30,3))),(22,(1,6))))),(((4,8),((11,(14,29)),(28,21))),23)));

STEP 6 [NNI_IncrementalHeuristic_MP_RF -> NNI_Substep_6] - Distance: 246.0000
(((12,(24,(19,17))),((15,(9,(5,(2,18)))),(7,16))),((((25,(27,(30,3))),(22,(1,6))),((26,13),(20,10))),(((4,8),((11,(14,29)),(28,21))),23)));

STEP 7 [NNI_IncrementalHeuristic_MP_RF -> NNI_Substep_7] - Distance: 245.0000
(((12,(24,(19,17))),(((7,16),(9,(5,(2,18)))),15)),((((25,(27,(30,3))),(22,(1,6))),((26,13),(20,10))),(((4,8),((11,(14,29)),(28,21))),23)));

STEP 8 [NNI_IncrementalHeuristic_MP_RF -> NNI_Substep_8] - Distance: 244.0000
(((12,(24,(19,17))),(((7,16),(9,(5,(2,18)))),15)),(((((22,(1,6)),(27,(30,3))),25),((26,13),(20,10))),(((4,8),((11,(14,29)),(28,21))),23)));

STEP 9 [NNI_IncrementalHeuristic_MP_RF -> NNI_Substep_9] - Distance: 243.0000
(((12,(24,(19,17))),(((7,16),(9,(5,(2,18)))),15)),((((27,((22,(1,6)),(30,3))),25),((26,13),(20,10))),(((4,8),((11,(14,29)),(28,21))),23)));

STEP 10 [NNI_IncrementalHeuristic_MP_RF -> NNI_Substep_10] - Distance: 242.0000
(((12,(24,(19,17))),(((7,16),(9,(5,(2,18)))),15)),((((27,((22,(1,6)),(30,3))),25),((26,13),(20,10))),((23,((11,(14,29)),(28,21))),(4,8))));

STEP 11 [NNI_IncrementalHeuristic_MP_RF -> NNI_Substep_11] - Distance: 240.0000
(((12,(24,(19,17))),(((7,16),(9,(5,(2,18)))),15)),((((27,((22,(1,6)),(30,3))),25),((26,13),(20,10))),(((28,21),((11,(14,29)),23)),(4,8))));

STEP 12 [2sECR_IncrementalHeuristic_MP_RF -> NNI_Substep_1] - Distance: 240.0000
(((24,(12,(19,17))),(((7,16),(9,(5,(2,18)))),15)),((((27,((22,(1,6)),(30,3))),25),((26,13),(20,10))),(((28,21),((11,(14,29)),23)),(4,8))));

STEP 13 [2sECR_IncrementalHeuristic_MP_RF -> NNI_Substep_2] - Distance: 237.0000
(((12,(19,17)),((((7,16),(9,(5,(2,18)))),15),24)),((((27,((22,(1,6)),(30,3))),25),((26,13),(20,10))),(((28,21),((11,(14,29)),23)),(4,8))));

STEP 14 [2sECR_IncrementalHeuristic_MP_RF -> NNI_Substep_3] - Distance: 234.0000
(((12,(19,17)),(((7,16),(9,(5,(2,18)))),(24,15))),((((27,((22,(1,6)),(30,3))),25),((26,13),(20,10))),(((28,21),((11,(14,29)),23)),(4,8))));

STEP 15 [2sECR_IncrementalHeuristic_MP_RF -> NNI_Substep_4] - Distance: 234.0000
(((12,(19,17)),(((7,16),(9,(5,(2,18)))),(24,15))),((((27,((22,(1,6)),(30,3))),25),(10,((26,13),20))),(((28,21),((11,(14,29)),23)),(4,8))));

STEP 16 [2sECR_IncrementalHeuristic_MP_RF -> NNI_Substep_5] - Distance: 231.0000
(((12,(19,17)),(((7,16),(9,(5,(2,18)))),(24,15))),(((((27,((22,(1,6)),(30,3))),25),10),((26,13),20)),(((28,21),((11,(14,29)),23)),(4,8))));

STEP 17 [2sECR_IncrementalHeuristic_MP_RF -> NNI_Substep_6] - Distance: 231.0000
(((17,(12,19)),(((7,16),(9,(5,(2,18)))),(24,15))),(((((27,((22,(1,6)),(30,3))),25),10),((26,13),20)),(((28,21),((11,(14,29)),23)),(4,8))));

STEP 18 [2sECR_IncrementalHeuristic_MP_RF -> NNI_Substep_7] - Distance: 230.0000
((((((7,16),(9,(5,(2,18)))),(24,15)),(12,19)),17),(((((27,((22,(1,6)),(30,3))),25),10),((26,13),20)),(((28,21),((11,(14,29)),23)),(4,8))));

STEP 19 [2sECR_IncrementalHeuristic_MP_RF -> NNI_Substep_8] - Distance: 221.0000
(((((7,16),(9,(5,(2,18)))),(24,15)),(12,19)),(((((27,((22,(1,6)),(30,3))),25),10),((26,13),20)),(17,(((28,21),((11,(14,29)),23)),(4,8)))));

STEP 20 [2sECR_IncrementalHeuristic_MP_RF -> NNI_Substep_9] - Distance: 220.0000
(((((7,16),(9,(5,(2,18)))),(24,15)),(12,19)),(((((27,((22,(1,6)),(30,3))),25),10),((26,13),20)),((4,8),(17,((28,21),((11,(14,29)),23))))));

STEP 21 [2sECR_IncrementalHeuristic_MP_RF -> NNI_Substep_10] - Distance: 218.0000
(((((7,16),(9,(5,(2,18)))),(24,15)),(12,19)),(((((27,((22,(1,6)),(30,3))),25),10),((26,13),20)),((4,8),((28,21),(17,((11,(14,29)),23))))));

STEP 22 [2sECR_IncrementalHeuristic_MP_RF -> NNI_Substep_11] - Distance: 218.0000
((((9,((7,16),(5,(2,18)))),(24,15)),(12,19)),(((((27,((22,(1,6)),(30,3))),25),10),((26,13),20)),((4,8),((28,21),(17,((11,(14,29)),23))))));

STEP 23 [2sECR_IncrementalHeuristic_MP_RF -> NNI_Substep_12] - Distance: 217.0000
((((9,((2,18),((7,16),5))),(24,15)),(12,19)),(((((27,((22,(1,6)),(30,3))),25),10),((26,13),20)),((4,8),((28,21),(17,((11,(14,29)),23))))));

STEP 24 [2sECR_IncrementalHeuristic_MP_RF -> NNI_Substep_13] - Distance: 217.0000
((((9,((2,18),((7,16),5))),(24,15)),(12,19)),(((((27,((22,(1,6)),(30,3))),25),10),(13,(20,26))),((4,8),((28,21),(17,((11,(14,29)),23))))));

STEP 25 [2sECR_IncrementalHeuristic_MP_RF -> NNI_Substep_14] - Distance: 216.0000
((((9,((2,18),((7,16),5))),(24,15)),(12,19)),((13,((((27,((22,(1,6)),(30,3))),25),10),(20,26))),((4,8),((28,21),(17,((11,(14,29)),23))))));

STEP 26 [2sECR_IncrementalHeuristic_MP_RF -> NNI_Substep_15] - Distance: 211.0000
((((9,((2,18),((7,16),5))),(24,15)),(12,19)),(((((27,((22,(1,6)),(30,3))),25),10),(20,26)),(13,((4,8),((28,21),(17,((11,(14,29)),23)))))));

STEP 27 [2sECR_IncrementalHeuristic_MP_RF -> NNI_Substep_16] - Distance: 210.0000
((((9,((2,18),((7,16),5))),(24,15)),(12,19)),(((((27,((22,(1,6)),(30,3))),25),10),(20,26)),((4,8),(13,((28,21),(17,((11,(14,29)),23)))))));

STEP 28 [2sECR_IncrementalHeuristic_MP_RF -> NNI_Substep_17] - Distance: 208.0000
((((9,((2,18),((7,16),5))),(24,15)),(12,19)),(((((27,((22,(1,6)),(30,3))),25),10),(20,26)),((4,8),((13,(17,((11,(14,29)),23))),(28,21)))));

STEP 29 [2sECR_IncrementalHeuristic_MP_RF -> NNI_Substep_18] - Distance: 207.0000
((((9,((2,18),((7,16),5))),(24,15)),(12,19)),(((((27,((22,(1,6)),(30,3))),25),10),(20,26)),((4,8),((13,(23,(17,(11,(14,29))))),(28,21)))));

STEP 30 [2sECR_IncrementalHeuristic_MP_RF -> NNI_Substep_19] - Distance: 205.0000
((((9,((2,18),((7,16),5))),(24,15)),(12,19)),(((((27,((22,(1,6)),(30,3))),25),10),(20,26)),((4,8),(((13,23),(17,(11,(14,29)))),(28,21)))));

STEP 31 [2sECR_IncrementalHeuristic_MP_RF -> NNI_Substep_20] - Distance: 205.0000
((((9,((2,18),((7,16),5))),(24,15)),(12,19)),(((((27,((22,(1,6)),(30,3))),25),10),(20,26)),(8,((((13,23),(17,(11,(14,29)))),(28,21)),4))));

STEP 32 [2sECR_IncrementalHeuristic_MP_RF -> NNI_Substep_21] - Distance: 204.0000
((((9,((2,18),((7,16),5))),(24,15)),(12,19)),(8,(((((27,((22,(1,6)),(30,3))),25),10),(20,26)),((((13,23),(17,(11,(14,29)))),(28,21)),4))));

STEP 33 [2sECR_IncrementalHeuristic_MP_RF -> NNI_Substep_22] - Distance: 189.0000
((((((27,((22,(1,6)),(30,3))),25),10),(20,26)),((((13,23),(17,(11,(14,29)))),(28,21)),4)),((12,19),(((9,((2,18),((7,16),5))),(24,15)),8)));

STEP 34 [2sECR_IncrementalHeuristic_MP_RF -> NNI_Substep_23] - Distance: 187.0000
((((((27,((22,(1,6)),(30,3))),25),10),(20,26)),((((13,23),(17,(11,(14,29)))),(28,21)),4)),((12,19),((8,(9,((2,18),((7,16),5)))),(24,15))));

STEP 35 [2sECR_IncrementalHeuristic_MP_RF -> NNI_Substep_24] - Distance: 187.0000
((((((27,((22,(1,6)),(30,3))),25),10),(20,26)),((((13,23),(17,(11,(14,29)))),(28,21)),4)),((12,19),((9,(8,((2,18),((7,16),5)))),(24,15))));

STEP 36 [2sECR_IncrementalHeuristic_MP_RF -> NNI_Substep_25] - Distance: 185.0000
((((((27,((22,(1,6)),(30,3))),25),10),(20,26)),((((13,23),(17,(11,(14,29)))),(28,21)),4)),((12,19),((9,(((7,16),5),(8,(2,18)))),(24,15))));

STEP 37 [3sECR_IncrementalHeuristic_MP_RF -> NNI_Substep_1] - Distance: 185.0000
((((((27,((22,(1,6)),(30,3))),25),10),(20,26)),((((13,23),(17,(11,(14,29)))),(28,21)),4)),((12,19),(((24,15),(((7,16),5),(8,(2,18)))),9)));

STEP 38 [3sECR_IncrementalHeuristic_MP_RF -> NNI_Substep_2] - Distance: 185.0000
((((((27,((22,(1,6)),(30,3))),25),10),(20,26)),((((13,23),(17,(11,(14,29)))),(28,21)),4)),(((12,19),((24,15),(((7,16),5),(8,(2,18))))),9));

STEP 39 [3sECR_IncrementalHeuristic_MP_RF -> NNI_Substep_3] - Distance: 170.0000
(((9,((((27,((22,(1,6)),(30,3))),25),10),(20,26))),((((13,23),(17,(11,(14,29)))),(28,21)),4)),((12,19),((24,15),(((7,16),5),(8,(2,18))))));

STEP 40 [3sECR_IncrementalHeuristic_MP_RF -> NNI_Substep_4] - Distance: 166.0000
((((9,(20,26)),(((27,((22,(1,6)),(30,3))),25),10)),((((13,23),(17,(11,(14,29)))),(28,21)),4)),((12,19),((24,15),(((7,16),5),(8,(2,18))))));

STEP 41 [3sECR_IncrementalHeuristic_MP_RF -> NNI_Substep_5] - Distance: 166.0000
((((9,(20,26)),((25,(27,(((30,3),(1,6)),22))),10)),((((13,23),(17,(11,(14,29)))),(28,21)),4)),((12,19),((24,15),(((7,16),5),(8,(2,18))))));

STEP 42 [3sECR_IncrementalHeuristic_MP_RF -> NNI_Substep_6] - Distance: 166.0000
((((9,(20,26)),((25,((27,((30,3),(1,6))),22)),10)),((((13,23),(17,(11,(14,29)))),(28,21)),4)),((12,19),((24,15),(((7,16),5),(8,(2,18))))));

STEP 43 [3sECR_IncrementalHeuristic_MP_RF -> NNI_Substep_7] - Distance: 165.0000
((((9,(20,26)),(((25,22),(27,((30,3),(1,6)))),10)),((((13,23),(17,(11,(14,29)))),(28,21)),4)),((12,19),((24,15),(((7,16),5),(8,(2,18))))));

STEP 44 [3sECR_IncrementalHeuristic_MP_RF -> NNI_Substep_8] - Distance: 165.0000
((((9,(20,26)),((10,(25,22)),(27,((30,3),(1,6))))),((((13,23),(17,(11,(14,29)))),(28,21)),4)),((12,19),((24,15),(((7,16),5),(8,(2,18))))));

STEP 45 [3sECR_IncrementalHeuristic_MP_RF -> NNI_Substep_9] - Distance: 165.0000
((((9,(20,26)),(((10,(25,22)),((30,3),(1,6))),27)),((((13,23),(17,(11,(14,29)))),(28,21)),4)),((12,19),((24,15),(((7,16),5),(8,(2,18))))));

STEP 46 [3sECR_IncrementalHeuristic_MP_RF -> NNI_Substep_10] - Distance: 165.0000
((((9,(20,26)),((((10,(25,22)),(1,6)),(30,3)),27)),((((13,23),(17,(11,(14,29)))),(28,21)),4)),((12,19),((24,15),(((7,16),5),(8,(2,18))))));

STEP 47 [3sECR_IncrementalHeuristic_MP_RF -> NNI_Substep_11] - Distance: 163.0000
((((9,(20,26)),((((10,(1,6)),(25,22)),(30,3)),27)),((((13,23),(17,(11,(14,29)))),(28,21)),4)),((12,19),((24,15),(((7,16),5),(8,(2,18))))));

STEP 48 [3sECR_IncrementalHeuristic_MP_RF -> NNI_Substep_12] - Distance: 163.0000
(((12,19),((24,15),(((7,16),5),(8,(2,18))))),(((((13,23),(17,(11,(14,29)))),(28,21)),4),(((9,(20,26)),(((10,(1,6)),(25,22)),(30,3))),27)));

STEP 49 [3sECR_IncrementalHeuristic_MP_RF -> NNI_Substep_13] - Distance: 163.0000
(((12,19),((24,15),(((7,16),5),(8,(2,18))))),((((((13,23),(17,(11,(14,29)))),(28,21)),4),((9,(20,26)),(((10,(1,6)),(25,22)),(30,3)))),27));

STEP 50 [3sECR_IncrementalHeuristic_MP_RF -> NNI_Substep_14] - Distance: 142.0000
((((12,19),((24,15),(((7,16),5),(8,(2,18))))),27),(((((13,23),(17,(11,(14,29)))),(28,21)),4),((9,(20,26)),((((10,(1,6)),(25,22)),30),3))));

STEP 51 [3sECR_IncrementalHeuristic_MP_RF -> NNI_Substep_15] - Distance: 142.0000
((((12,19),((24,15),(((7,16),5),(8,(2,18))))),27),(((((13,23),(17,(11,(14,29)))),(28,21)),4),(((9,(20,26)),(((10,(1,6)),(25,22)),30)),3)));

STEP 52 [3sECR_IncrementalHeuristic_MP_RF -> NNI_Substep_16] - Distance: 134.0000
((((12,19),((24,15),(((7,16),5),(8,(2,18))))),27),((((((13,23),(17,(11,(14,29)))),(28,21)),4),3),((9,(20,26)),(((10,(1,6)),(25,22)),30))));

STEP 53 [3sECR_IncrementalHeuristic_MP_RF -> NNI_Substep_17] - Distance: 134.0000
((((12,19),((24,15),(((7,16),5),(8,(2,18))))),27),((((((13,23),(17,(11,(14,29)))),(28,21)),4),3),(((9,(20,26)),((10,(1,6)),(25,22))),30)));

STEP 54 [3sECR_IncrementalHeuristic_MP_RF -> NNI_Substep_18] - Distance: 134.0000
((((12,19),((24,15),(((7,16),5),(8,(2,18))))),27),(((((((13,23),(17,(11,(14,29)))),(28,21)),4),3),((9,(20,26)),((10,(1,6)),(25,22)))),30));

STEP 55 [3sECR_IncrementalHeuristic_MP_RF -> NNI_Substep_19] - Distance: 117.0000
(((30,((12,19),((24,15),(((7,16),5),(8,(2,18)))))),27),((((((13,23),(17,(11,(14,29)))),(28,21)),4),3),((9,(20,26)),((10,(1,6)),(25,22)))));

STEP 56 [3sECR_IncrementalHeuristic_MP_RF -> NNI_Substep_20] - Distance: 115.0000
((((30,((24,15),(((7,16),5),(8,(2,18))))),(12,19)),27),((((((13,23),(17,(11,(14,29)))),(28,21)),4),3),((9,(20,26)),((10,(1,6)),(25,22)))));

STEP 57 [3sECR_IncrementalHeuristic_MP_RF -> NNI_Substep_21] - Distance: 113.0000
(((((30,(((7,16),5),(8,(2,18)))),(24,15)),(12,19)),27),((((((13,23),(17,(11,(14,29)))),(28,21)),4),3),((9,(20,26)),((10,(1,6)),(25,22)))));

STEP 58 [3sECR_IncrementalHeuristic_MP_RF -> NNI_Substep_22] - Distance: 112.0000
(((((30,(((7,16),5),(8,(2,18)))),(24,15)),(12,19)),27),(((3,((28,21),((13,23),(17,(11,(14,29)))))),4),((9,(20,26)),((10,(1,6)),(25,22)))));

STEP 59 [3sECR_IncrementalHeuristic_MP_RF -> NNI_Substep_23] - Distance: 110.0000
(((((30,(((7,16),5),(8,(2,18)))),(24,15)),(12,19)),27),((((3,((13,23),(17,(11,(14,29))))),(28,21)),4),((9,(20,26)),((10,(1,6)),(25,22)))));

STEP 60 [3sECR_IncrementalHeuristic_MP_RF -> NNI_Substep_24] - Distance: 108.0000
(((((30,(((7,16),5),(8,(2,18)))),(24,15)),(12,19)),27),(((((3,(13,23)),(17,(11,(14,29)))),(28,21)),4),((9,(20,26)),((10,(1,6)),(25,22)))));

STEP 61 [3sECR_IncrementalHeuristic_MP_RF -> NNI_Substep_25] - Distance: 108.0000
(((((30,(((7,16),5),((8,18),2))),(24,15)),(12,19)),27),(((((3,(13,23)),(17,(11,(14,29)))),(28,21)),4),((9,(20,26)),((10,(1,6)),(25,22)))));

STEP 62 [3sECR_IncrementalHeuristic_MP_RF -> NNI_Substep_26] - Distance: 108.0000
(((((30,((((7,16),5),2),(8,18))),(24,15)),(12,19)),27),(((((3,(13,23)),(17,(11,(14,29)))),(28,21)),4),((9,(20,26)),((10,(1,6)),(25,22)))));

STEP 63 [3sECR_IncrementalHeuristic_MP_RF -> NNI_Substep_27] - Distance: 106.0000
((((((30,(8,18)),(((7,16),5),2)),(24,15)),(12,19)),27),(((((3,(13,23)),(17,(11,(14,29)))),(28,21)),4),((9,(20,26)),((10,(1,6)),(25,22)))));

STEP 64 [3sECR_IncrementalHeuristic_MP_RF -> NNI_Substep_28] - Distance: 106.0000
((((((30,(8,18)),(((7,16),5),2)),(24,15)),(12,19)),27),((((28,21),((3,(13,23)),((17,11),(14,29)))),4),((9,(20,26)),((10,(1,6)),(25,22)))));

STEP 65 [3sECR_IncrementalHeuristic_MP_RF -> NNI_Substep_29] - Distance: 106.0000
((((((30,(8,18)),(((7,16),5),2)),(24,15)),(12,19)),27),((((28,21),(((3,(13,23)),(17,11)),(14,29))),4),((9,(20,26)),((10,(1,6)),(25,22)))));

STEP 66 [3sECR_IncrementalHeuristic_MP_RF -> NNI_Substep_30] - Distance: 105.0000
((((((30,(8,18)),(((7,16),5),2)),(24,15)),(12,19)),27),(((((28,21),((3,(13,23)),(17,11))),(14,29)),4),((9,(20,26)),((10,(1,6)),(25,22)))));

STEP 67 [3sECR_IncrementalHeuristic_MP_RF -> NNI_Substep_31] - Distance: 105.0000
((((((30,(8,18)),(((7,16),5),2)),(24,15)),(12,19)),27),(((9,(20,26)),((10,(1,6)),(25,22))),(4,((((28,21),((3,(13,23)),(17,11))),14),29))));

STEP 68 [3sECR_IncrementalHeuristic_MP_RF -> NNI_Substep_32] - Distance: 98.0000
((((((30,(8,18)),(((7,16),5),2)),(24,15)),(12,19)),27),(((9,(20,26)),((10,(1,6)),(25,22))),((4,29),(((28,21),((3,(13,23)),(17,11))),14))));

STEP 69 [3sECR_IncrementalHeuristic_MP_RF -> NNI_Substep_33] - Distance: 98.0000
((((((30,(8,18)),(((7,16),5),2)),(24,15)),(12,19)),27),(((9,(20,26)),((10,(1,6)),(25,22))),(((4,29),((28,21),((3,(13,23)),(17,11)))),14)));

STEP 70 [3sECR_IncrementalHeuristic_MP_RF -> NNI_Substep_34] - Distance: 87.0000
((((((30,(8,18)),(((7,16),5),2)),(24,15)),(12,19)),27),((((9,(20,26)),((10,(1,6)),(25,22))),14),((4,29),((28,21),((3,(13,23)),(17,11))))));

STEP 71 [3sECR_IncrementalHeuristic_MP_RF -> NNI_Substep_35] - Distance: 84.0000
((((((30,(8,18)),(((7,16),5),2)),(24,15)),(12,19)),27),(((14,((10,(1,6)),(25,22))),(9,(20,26))),((4,29),((28,21),((3,(13,23)),(17,11))))));

STEP 72 [3sECR_IncrementalHeuristic_MP_RF -> NNI_Substep_36] - Distance: 82.0000
((((((30,(8,18)),(((7,16),5),2)),(24,15)),(12,19)),27),((((14,(25,22)),(10,(1,6))),(9,(20,26))),((4,29),((28,21),((3,(13,23)),(17,11))))));

STEP 73 [Heur. rSPR MP_RF -> NNI_Substep_1] - Distance: 82.0000
(((((((30,(8,18)),((7,16),5)),2),(24,15)),(12,19)),27),((((14,(25,22)),(10,(1,6))),(9,(20,26))),((4,29),((28,21),((3,(13,23)),(17,11))))));

STEP 74 [Heur. rSPR MP_RF -> NNI_Substep_2] - Distance: 82.0000
(((((((30,(8,18)),((7,16),5)),(24,15)),2),(12,19)),27),((((14,(25,22)),(10,(1,6))),(9,(20,26))),((4,29),((28,21),((3,(13,23)),(17,11))))));

STEP 75 [Heur. rSPR MP_RF -> NNI_Substep_3] - Distance: 82.0000
(((((((30,(8,18)),((7,16),5)),(24,15)),(12,19)),2),27),((((14,(25,22)),(10,(1,6))),(9,(20,26))),((4,29),((28,21),((3,(13,23)),(17,11))))));

STEP 76 [Heur. rSPR MP_RF -> NNI_Substep_4] - Distance: 82.0000
(((((((30,(8,18)),((7,16),5)),(24,15)),(12,19)),27),2),((((14,(25,22)),(10,(1,6))),(9,(20,26))),((4,29),((28,21),((3,(13,23)),(17,11))))));

STEP 77 [Heur. rSPR MP_RF -> NNI_Substep_5] - Distance: 63.0000
((((((30,(8,18)),((7,16),5)),(24,15)),(12,19)),27),((((14,(25,22)),(10,(1,6))),(9,(20,26))),(((4,29),((28,21),((3,(13,23)),(17,11)))),2)));

STEP 78 [Heur. rSPR MP_RF -> NNI_Substep_6] - Distance: 61.0000
((((((30,(8,18)),((7,16),5)),(24,15)),(12,19)),27),((((14,(25,22)),(10,(1,6))),(9,(20,26))),((4,29),(((28,21),((3,(13,23)),(17,11))),2))));

STEP 79 [Heur. rSPR MP_RF -> NNI_Substep_7] - Distance: 59.0000
((((((30,(8,18)),((7,16),5)),(24,15)),(12,19)),27),((((14,(25,22)),(10,(1,6))),(9,(20,26))),((4,29),((28,21),(((3,(13,23)),(17,11)),2)))));

STEP 80 [Heur. rSPR MP_RF -> NNI_Substep_8] - Distance: 56.0000
((((((30,(8,18)),((7,16),5)),(24,15)),(12,19)),27),((((14,(25,22)),(10,(1,6))),(9,(20,26))),((4,29),((28,21),((3,(13,23)),((17,11),2))))));

STEP 81 [Heur. rSPR MP_RF -> NNI_Substep_9] - Distance: 56.0000
((((((30,(8,18)),((7,16),5)),(24,15)),(12,19)),27),((((14,(25,22)),((10,6),1)),(9,(20,26))),((4,29),((28,21),((3,(13,23)),((17,11),2))))));

STEP 82 [Heur. rSPR MP_RF -> NNI_Substep_10] - Distance: 56.0000
((((((30,(8,18)),((7,16),5)),(24,15)),(12,19)),27),(((((14,(25,22)),(10,6)),1),(9,(20,26))),((4,29),((28,21),((3,(13,23)),((17,11),2))))));

STEP 83 [Heur. rSPR MP_RF -> NNI_Substep_11] - Distance: 56.0000
((((((30,(8,18)),((7,16),5)),(24,15)),(12,19)),27),(((((14,(25,22)),(10,6)),(9,(20,26))),1),((4,29),((28,21),((3,(13,23)),((17,11),2))))));

STEP 84 [Heur. rSPR MP_RF -> NNI_Substep_12] - Distance: 56.0000
((((((30,(8,18)),((7,16),5)),(24,15)),(12,19)),27),(((((14,(25,22)),(10,6)),(9,(20,26))),((4,29),((28,21),((3,(13,23)),((17,11),2))))),1));

STEP 85 [Heur. rSPR MP_RF -> NNI_Substep_13] - Distance: 37.0000
(((((((30,(8,18)),((7,16),5)),(24,15)),(12,19)),1),27),((((14,(25,22)),(10,6)),(9,(20,26))),((4,29),((28,21),((3,(13,23)),((17,11),2))))));

STEP 86 [Heur. rSPR MP_RF -> NNI_Substep_14] - Distance: 35.0000
(((((((30,(8,18)),((7,16),5)),(24,15)),1),(12,19)),27),((((14,(25,22)),(10,6)),(9,(20,26))),((4,29),((28,21),((3,(13,23)),((17,11),2))))));

STEP 87 [Heur. rSPR MP_RF -> NNI_Substep_15] - Distance: 33.0000
(((((((30,(8,18)),((7,16),5)),1),(24,15)),(12,19)),27),((((14,(25,22)),(10,6)),(9,(20,26))),((4,29),((28,21),((3,(13,23)),((17,11),2))))));

STEP 88 [Heur. rSPR MP_RF -> NNI_Substep_16] - Distance: 31.0000
(((((((30,(8,18)),1),((7,16),5)),(24,15)),(12,19)),27),((((14,(25,22)),(10,6)),(9,(20,26))),((4,29),((28,21),((3,(13,23)),((17,11),2))))));

STEP 89 [Heur. rSPR MP_RF -> NNI_Substep_17] - Distance: 30.0000
((((((30,((8,18),1)),((7,16),5)),(24,15)),(12,19)),27),((((14,(25,22)),(10,6)),(9,(20,26))),((4,29),((28,21),((3,(13,23)),((17,11),2))))));

STEP 90 [Heur. rSPR MP_RF -> NNI_Substep_18] - Distance: 29.0000
((((((30,(8,(18,1))),((7,16),5)),(24,15)),(12,19)),27),((((14,(25,22)),(10,6)),(9,(20,26))),((4,29),((28,21),((3,(13,23)),((17,11),2))))));

STEP 91 [Heur. rSPR MP_RF -> NNI_Substep_19] - Distance: 29.0000
((((((30,(8,(18,1))),((7,5),16)),(24,15)),(12,19)),27),((((14,(25,22)),(10,6)),(9,(20,26))),((4,29),((28,21),((3,(13,23)),((17,11),2))))));

STEP 92 [Heur. rSPR MP_RF -> NNI_Substep_20] - Distance: 29.0000
(((((((30,(8,(18,1))),(7,5)),16),(24,15)),(12,19)),27),((((14,(25,22)),(10,6)),(9,(20,26))),((4,29),((28,21),((3,(13,23)),((17,11),2))))));

STEP 93 [Heur. rSPR MP_RF -> NNI_Substep_21] - Distance: 29.0000
(((((((30,(8,(18,1))),(7,5)),(24,15)),16),(12,19)),27),((((14,(25,22)),(10,6)),(9,(20,26))),((4,29),((28,21),((3,(13,23)),((17,11),2))))));

STEP 94 [Heur. rSPR MP_RF -> NNI_Substep_22] - Distance: 29.0000
(((((((30,(8,(18,1))),(7,5)),(24,15)),(12,19)),16),27),((((14,(25,22)),(10,6)),(9,(20,26))),((4,29),((28,21),((3,(13,23)),((17,11),2))))));

STEP 95 [Heur. rSPR MP_RF -> NNI_Substep_23] - Distance: 29.0000
(((((((30,(8,(18,1))),(7,5)),(24,15)),(12,19)),27),16),((((14,(25,22)),(10,6)),(9,(20,26))),((4,29),((28,21),((3,(13,23)),((17,11),2))))));

STEP 96 [Heur. rSPR MP_RF -> NNI_Substep_24] - Distance: 6.0000
((((((30,(8,(18,1))),(7,5)),(24,15)),(12,19)),27),(((((14,(25,22)),(10,6)),(9,(20,26))),16),((4,29),((28,21),((3,(13,23)),((17,11),2))))));

STEP 97 [Heur. rSPR MP_RF -> NNI_Substep_25] - Distance: 3.0000
((((((30,(8,(18,1))),(7,5)),(24,15)),(12,19)),27),(((((14,(25,22)),(10,6)),16),(9,(20,26))),((4,29),((28,21),((3,(13,23)),((17,11),2))))));

STEP 98 [Heur. rSPR MP_RF -> NNI_Substep_26] - Distance: 1.0000
((((((30,(8,(18,1))),(7,5)),(24,15)),(12,19)),27),(((((14,(25,22)),16),(10,6)),(9,(20,26))),((4,29),((28,21),((3,(13,23)),((17,11),2))))));

STEP 99 [Heur. rSPR MP_RF -> NNI_Substep_27] - Distance: 0.0000
((((((30,(8,(18,1))),(7,5)),(24,15)),(12,19)),27),((((14,((25,22),16)),(10,6)),(9,(20,26))),((4,29),((28,21),((3,(13,23)),((17,11),2))))));

========================================================
[FINAL] Total Steps: 99 | Final Distance: 0.0000
========================================================
