========================================================
HEURISTIC TRAJECTORY: VND Incremental (MP_RF)
========================================================
STEP 0 [START] - Distance: 318.0000
(4,(7,(((25,(((1,(19,(18,2))),(29,(23,20))),(15,(24,(13,17))))),(21,8)),(((6,(16,30)),(14,(9,28))),((11,(26,22)),(5,((3,12),(10,27))))))));

STEP 1 [NNI_IncrementalHeuristic_MP_RF -> NNI_Substep_1] - Distance: 314.0000
(4,(((25,(((1,(19,(18,2))),(29,(23,20))),(15,(24,(13,17))))),(21,8)),(7,(((6,(16,30)),(14,(9,28))),((11,(26,22)),(5,((3,12),(10,27))))))));

STEP 2 [NNI_IncrementalHeuristic_MP_RF -> NNI_Substep_2] - Distance: 296.0000
((7,((11,(26,22)),(((6,(16,30)),(14,(9,28))),(5,((3,12),(10,27)))))),(((25,(((1,(19,(18,2))),(29,(23,20))),(15,(24,(13,17))))),(21,8)),4));

STEP 3 [NNI_IncrementalHeuristic_MP_RF -> NNI_Substep_3] - Distance: 290.0000
(((((6,(16,30)),(14,(9,28))),(5,((3,12),(10,27)))),((11,(26,22)),7)),(((25,(((1,(19,(18,2))),(29,(23,20))),(15,(24,(13,17))))),(21,8)),4));

STEP 4 [NNI_IncrementalHeuristic_MP_RF -> NNI_Substep_4] - Distance: 289.0000
(((((9,28),(14,(6,(16,30)))),(5,((3,12),(10,27)))),((11,(26,22)),7)),(((25,(((1,(19,(18,2))),(29,(23,20))),(15,(24,(13,17))))),(21,8)),4));

STEP 5 [NNI_IncrementalHeuristic_MP_RF -> NNI_Substep_5] - Distance: 288.0000
(((((9,28),(14,(6,(16,30)))),(5,((3,12),(10,27)))),((7,(26,22)),11)),(((25,(((1,(19,(18,2))),(29,(23,20))),(15,(24,(13,17))))),(21,8)),4));

STEP 6 [NNI_IncrementalHeuristic_MP_RF -> NNI_Substep_6] - Distance: 287.0000
(((((9,28),(14,(6,(16,30)))),(5,((3,12),(10,27)))),((7,(26,22)),11)),(((25,(((1,(19,(18,2))),(29,(23,20))),(15,(24,(13,17))))),4),(21,8)));

STEP 7 [NNI_IncrementalHeuristic_MP_RF -> NNI_Substep_7] - Distance: 286.0000
(((((9,28),(14,(6,(16,30)))),(5,((3,12),(10,27)))),((7,(26,22)),11)),(((25,(((1,(29,(23,20))),(19,(18,2))),(15,(24,(13,17))))),4),(21,8)));

STEP 8 [NNI_IncrementalHeuristic_MP_RF -> NNI_Substep_8] - Distance: 285.0000
(((((9,28),(14,(6,(16,30)))),(5,((3,12),(10,27)))),((7,(26,22)),11)),(((25,(15,(((1,(29,(23,20))),(19,(18,2))),(24,(13,17))))),4),(21,8)));

STEP 9 [NNI_IncrementalHeuristic_MP_RF -> NNI_Substep_9] - Distance: 284.0000
(((((9,28),(14,(6,(16,30)))),(5,((3,12),(10,27)))),((7,(26,22)),11)),(21,(((25,(15,(((1,(29,(23,20))),(19,(18,2))),(24,(13,17))))),4),8)));

STEP 10 [NNI_IncrementalHeuristic_MP_RF -> NNI_Substep_10] - Distance: 272.0000
((((25,(15,(((1,(29,(23,20))),(19,(18,2))),(24,(13,17))))),4),8),((((9,28),(14,(6,(16,30)))),(5,((3,12),(10,27)))),(21,((7,(26,22)),11))));

STEP 11 [TBR_IncrementalHeuristic_MP_RF -> NNI_Substep_1] - Distance: 272.0000
((((25,(15,((((1,(29,(23,20))),(18,2)),19),(24,(13,17))))),4),8),((((9,28),(14,(6,(16,30)))),(5,((3,12),(10,27)))),(21,((7,(26,22)),11))));

STEP 12 [TBR_IncrementalHeuristic_MP_RF -> NNI_Substep_2] - Distance: 272.0000
((((25,(15,((((1,(29,(23,20))),(18,2)),(24,(13,17))),19))),4),8),((((9,28),(14,(6,(16,30)))),(5,((3,12),(10,27)))),(21,((7,(26,22)),11))));

STEP 13 [TBR_IncrementalHeuristic_MP_RF -> NNI_Substep_3] - Distance: 272.0000
((((25,((15,(((1,(29,(23,20))),(18,2)),(24,(13,17)))),19)),4),8),((((9,28),(14,(6,(16,30)))),(5,((3,12),(10,27)))),(21,((7,(26,22)),11))));

STEP 14 [TBR_IncrementalHeuristic_MP_RF -> NNI_Substep_4] - Distance: 272.0000
(((((25,(15,(((1,(29,(23,20))),(18,2)),(24,(13,17))))),19),4),8),((((9,28),(14,(6,(16,30)))),(5,((3,12),(10,27)))),(21,((7,(26,22)),11))));

STEP 15 [TBR_IncrementalHeuristic_MP_RF -> NNI_Substep_5] - Distance: 272.0000
(((((25,(15,(((1,(29,(23,20))),(18,2)),(24,(13,17))))),4),19),8),((((9,28),(14,(6,(16,30)))),(5,((3,12),(10,27)))),(21,((7,(26,22)),11))));

STEP 16 [TBR_IncrementalHeuristic_MP_RF -> NNI_Substep_6] - Distance: 272.0000
(((((25,(15,(((1,(29,(23,20))),(18,2)),(24,(13,17))))),4),8),19),((((9,28),(14,(6,(16,30)))),(5,((3,12),(10,27)))),(21,((7,(26,22)),11))));

STEP 17 [TBR_IncrementalHeuristic_MP_RF -> NNI_Substep_7] - Distance: 260.0000
((((25,(15,(((1,(29,(23,20))),(18,2)),(24,(13,17))))),4),8),(((((9,28),(14,(6,(16,30)))),(5,((3,12),(10,27)))),19),(21,((7,(26,22)),11))));

STEP 18 [TBR_IncrementalHeuristic_MP_RF -> NNI_Substep_8] - Distance: 259.0000
((((25,(15,(((1,(29,(23,20))),(18,2)),(24,(13,17))))),4),8),(((((9,28),(14,(6,(16,30)))),19),(5,((3,12),(10,27)))),(21,((7,(26,22)),11))));

STEP 19 [TBR_IncrementalHeuristic_MP_RF -> NNI_Substep_9] - Distance: 257.0000
((((25,(15,(((1,(29,(23,20))),(18,2)),(24,(13,17))))),4),8),(((((9,28),19),(14,(6,(16,30)))),(5,((3,12),(10,27)))),(21,((7,(26,22)),11))));

STEP 20 [TBR_IncrementalHeuristic_MP_RF -> NNI_Substep_10] - Distance: 257.0000
((((25,(15,(((1,(29,(23,20))),(18,2)),(24,(13,17))))),4),8),((((9,(28,19)),(14,(6,(16,30)))),(5,((3,12),(10,27)))),(21,((7,(26,22)),11))));

STEP 21 [TBR_IncrementalHeuristic_MP_RF -> NNI_Substep_11] - Distance: 257.0000
((((25,(15,(((1,(29,(23,20))),(18,2)),((24,17),13)))),4),8),((((9,(28,19)),(14,(6,(16,30)))),(5,((3,12),(10,27)))),(21,((7,(26,22)),11))));

STEP 22 [TBR_IncrementalHeuristic_MP_RF -> NNI_Substep_12] - Distance: 258.0000
((((25,(15,((((1,(29,(23,20))),(18,2)),(24,17)),13))),4),8),((((9,(28,19)),(14,(6,(16,30)))),(5,((3,12),(10,27)))),(21,((7,(26,22)),11))));

STEP 23 [TBR_IncrementalHeuristic_MP_RF -> NNI_Substep_13] - Distance: 258.0000
((((25,((15,(((1,(29,(23,20))),(18,2)),(24,17))),13)),4),8),((((9,(28,19)),(14,(6,(16,30)))),(5,((3,12),(10,27)))),(21,((7,(26,22)),11))));

STEP 24 [TBR_IncrementalHeuristic_MP_RF -> NNI_Substep_14] - Distance: 258.0000
(((((25,(15,(((1,(29,(23,20))),(18,2)),(24,17)))),13),4),8),((((9,(28,19)),(14,(6,(16,30)))),(5,((3,12),(10,27)))),(21,((7,(26,22)),11))));

STEP 25 [TBR_IncrementalHeuristic_MP_RF -> NNI_Substep_15] - Distance: 258.0000
(((((25,(15,(((1,(29,(23,20))),(18,2)),(24,17)))),4),13),8),((((9,(28,19)),(14,(6,(16,30)))),(5,((3,12),(10,27)))),(21,((7,(26,22)),11))));

STEP 26 [TBR_IncrementalHeuristic_MP_RF -> NNI_Substep_16] - Distance: 258.0000
(((((25,(15,(((1,(29,(23,20))),(18,2)),(24,17)))),4),8),13),((((9,(28,19)),(14,(6,(16,30)))),(5,((3,12),(10,27)))),(21,((7,(26,22)),11))));

STEP 27 [TBR_IncrementalHeuristic_MP_RF -> NNI_Substep_17] - Distance: 246.0000
((((25,(15,(((1,(29,(23,20))),(18,2)),(24,17)))),4),8),((((9,(28,19)),(14,(6,(16,30)))),(5,((3,12),(10,27)))),((21,((7,(26,22)),11)),13)));

STEP 28 [TBR_IncrementalHeuristic_MP_RF -> NNI_Substep_18] - Distance: 245.0000
((((25,(15,(((1,(29,(23,20))),(18,2)),(24,17)))),4),8),((((9,(28,19)),(14,(6,(16,30)))),(5,((3,12),(10,27)))),(21,(((7,(26,22)),11),13))));

STEP 29 [TBR_IncrementalHeuristic_MP_RF -> NNI_Substep_19] - Distance: 244.0000
((((25,(15,(((1,(29,(23,20))),(18,2)),(24,17)))),4),8),((((9,(28,19)),(14,(6,(16,30)))),(5,((3,12),(10,27)))),(21,(((7,(26,22)),13),11))));

STEP 30 [TBR_IncrementalHeuristic_MP_RF -> NNI_Substep_20] - Distance: 243.0000
((((25,(15,(((1,(29,(23,20))),(18,2)),(24,17)))),4),8),((((9,(28,19)),(14,(6,(16,30)))),(5,((3,12),(10,27)))),(21,(((7,13),(26,22)),11))));

STEP 31 [TBR_IncrementalHeuristic_MP_RF -> NNI_Substep_21] - Distance: 244.0000
((((25,(15,((((29,(23,20)),(18,2)),1),(24,17)))),4),8),((((9,(28,19)),(14,(6,(16,30)))),(5,((3,12),(10,27)))),(21,(((7,13),(26,22)),11))));

STEP 32 [TBR_IncrementalHeuristic_MP_RF -> NNI_Substep_22] - Distance: 244.0000
((((25,(15,((((29,(23,20)),(18,2)),(24,17)),1))),4),8),((((9,(28,19)),(14,(6,(16,30)))),(5,((3,12),(10,27)))),(21,(((7,13),(26,22)),11))));

STEP 33 [TBR_IncrementalHeuristic_MP_RF -> NNI_Substep_23] - Distance: 244.0000
((((25,((15,(((29,(23,20)),(18,2)),(24,17))),1)),4),8),((((9,(28,19)),(14,(6,(16,30)))),(5,((3,12),(10,27)))),(21,(((7,13),(26,22)),11))));

STEP 34 [TBR_IncrementalHeuristic_MP_RF -> NNI_Substep_24] - Distance: 244.0000
(((((25,(15,(((29,(23,20)),(18,2)),(24,17)))),1),4),8),((((9,(28,19)),(14,(6,(16,30)))),(5,((3,12),(10,27)))),(21,(((7,13),(26,22)),11))));

STEP 35 [TBR_IncrementalHeuristic_MP_RF -> NNI_Substep_25] - Distance: 244.0000
(((((25,(15,(((29,(23,20)),(18,2)),(24,17)))),4),1),8),((((9,(28,19)),(14,(6,(16,30)))),(5,((3,12),(10,27)))),(21,(((7,13),(26,22)),11))));

STEP 36 [TBR_IncrementalHeuristic_MP_RF -> NNI_Substep_26] - Distance: 244.0000
(((((25,(15,(((29,(23,20)),(18,2)),(24,17)))),4),8),1),((((9,(28,19)),(14,(6,(16,30)))),(5,((3,12),(10,27)))),(21,(((7,13),(26,22)),11))));

STEP 37 [TBR_IncrementalHeuristic_MP_RF -> NNI_Substep_27] - Distance: 231.0000
((((25,(15,(((29,(23,20)),(18,2)),(24,17)))),4),8),((((9,(28,19)),(14,(6,(16,30)))),(5,((3,12),(10,27)))),((21,(((7,13),(26,22)),11)),1)));

STEP 38 [TBR_IncrementalHeuristic_MP_RF -> NNI_Substep_28] - Distance: 227.0000
((((25,(15,(((29,(23,20)),(18,2)),(24,17)))),4),8),((((9,(28,19)),(14,(6,(16,30)))),(5,((3,12),(10,27)))),((21,1),(((7,13),(26,22)),11))));

STEP 39 [TBR_IncrementalHeuristic_MP_RF -> NNI_Substep_29] - Distance: 227.0000
((((25,(15,(((29,(23,20)),(18,2)),(24,17)))),4),8),(((((28,19),(14,(6,(16,30)))),9),(5,((3,12),(10,27)))),((21,1),(((7,13),(26,22)),11))));

STEP 40 [TBR_IncrementalHeuristic_MP_RF -> NNI_Substep_30] - Distance: 227.0000
((((25,(15,(((29,(23,20)),(18,2)),(24,17)))),4),8),(((((28,19),(14,(6,(16,30)))),(5,((3,12),(10,27)))),9),((21,1),(((7,13),(26,22)),11))));

STEP 41 [TBR_IncrementalHeuristic_MP_RF -> NNI_Substep_31] - Distance: 227.0000
((((25,(15,(((29,(23,20)),(18,2)),(24,17)))),4),8),(((((28,19),(14,(6,(16,30)))),(5,((3,12),(10,27)))),((21,1),(((7,13),(26,22)),11))),9));

STEP 42 [TBR_IncrementalHeuristic_MP_RF -> NNI_Substep_32] - Distance: 210.0000
(((((25,(15,(((29,(23,20)),(18,2)),(24,17)))),4),9),8),((((28,19),(14,(6,(16,30)))),(5,((3,12),(10,27)))),((21,1),(((7,13),(26,22)),11))));

STEP 43 [TBR_IncrementalHeuristic_MP_RF -> NNI_Substep_33] - Distance: 211.0000
(((((25,(15,(((29,(23,20)),(18,2)),(24,17)))),9),4),8),((((28,19),(14,(6,(16,30)))),(5,((3,12),(10,27)))),((21,1),(((7,13),(26,22)),11))));

STEP 44 [TBR_IncrementalHeuristic_MP_RF -> NNI_Substep_34] - Distance: 211.0000
((((25,((15,(((29,(23,20)),(18,2)),(24,17))),9)),4),8),((((28,19),(14,(6,(16,30)))),(5,((3,12),(10,27)))),((21,1),(((7,13),(26,22)),11))));

STEP 45 [TBR_IncrementalHeuristic_MP_RF -> NNI_Substep_35] - Distance: 211.0000
((((25,(15,((((29,(23,20)),(18,2)),(24,17)),9))),4),8),((((28,19),(14,(6,(16,30)))),(5,((3,12),(10,27)))),((21,1),(((7,13),(26,22)),11))));

STEP 46 [TBR_IncrementalHeuristic_MP_RF -> NNI_Substep_36] - Distance: 211.0000
((((25,(15,((((29,(23,20)),(18,2)),9),(24,17)))),4),8),((((28,19),(14,(6,(16,30)))),(5,((3,12),(10,27)))),((21,1),(((7,13),(26,22)),11))));

STEP 47 [TBR_IncrementalHeuristic_MP_RF -> NNI_Substep_37] - Distance: 211.0000
((((25,(15,((((29,(23,20)),9),(18,2)),(24,17)))),4),8),((((28,19),(14,(6,(16,30)))),(5,((3,12),(10,27)))),((21,1),(((7,13),(26,22)),11))));

STEP 48 [TBR_IncrementalHeuristic_MP_RF -> NNI_Substep_38] - Distance: 211.0000
((((25,(15,((((29,9),(23,20)),(18,2)),(24,17)))),4),8),((((28,19),(14,(6,(16,30)))),(5,((3,12),(10,27)))),((21,1),(((7,13),(26,22)),11))));

STEP 49 [TBR_IncrementalHeuristic_MP_RF -> NNI_Substep_39] - Distance: 211.0000
(((((15,((((29,9),(23,20)),(18,2)),(24,17))),4),25),8),((((28,19),(14,(6,(16,30)))),(5,((3,12),(10,27)))),((21,1),(((7,13),(26,22)),11))));

STEP 50 [TBR_IncrementalHeuristic_MP_RF -> NNI_Substep_40] - Distance: 211.0000
(((((15,((((29,9),(23,20)),(18,2)),(24,17))),4),8),25),((((28,19),(14,(6,(16,30)))),(5,((3,12),(10,27)))),((21,1),(((7,13),(26,22)),11))));

STEP 51 [TBR_IncrementalHeuristic_MP_RF -> NNI_Substep_41] - Distance: 196.0000
((((15,((((29,9),(23,20)),(18,2)),(24,17))),4),8),(((((28,19),(14,(6,(16,30)))),(5,((3,12),(10,27)))),25),((21,1),(((7,13),(26,22)),11))));

STEP 52 [TBR_IncrementalHeuristic_MP_RF -> NNI_Substep_42] - Distance: 196.0000
((((15,((((29,9),(23,20)),(18,2)),(24,17))),4),8),((((28,19),(14,(6,(16,30)))),((5,((3,12),(10,27))),25)),((21,1),(((7,13),(26,22)),11))));

STEP 53 [TBR_IncrementalHeuristic_MP_RF -> NNI_Substep_43] - Distance: 196.0000
((((15,((((29,9),(23,20)),(18,2)),(24,17))),4),8),((((28,19),(14,(6,(16,30)))),(5,(((3,12),(10,27)),25))),((21,1),(((7,13),(26,22)),11))));

STEP 54 [TBR_IncrementalHeuristic_MP_RF -> NNI_Substep_44] - Distance: 196.0000
((((15,((((29,9),(23,20)),(18,2)),(24,17))),4),8),((((28,19),(14,(6,(16,30)))),(5,(((3,12),25),(10,27)))),((21,1),(((7,13),(26,22)),11))));

STEP 55 [TBR_IncrementalHeuristic_MP_RF -> NNI_Substep_45] - Distance: 195.0000
((((15,((((29,9),(23,20)),(18,2)),(24,17))),4),8),((((28,19),(14,(6,(16,30)))),(5,((3,(12,25)),(10,27)))),((21,1),(((7,13),(26,22)),11))));

STEP 56 [TBR_IncrementalHeuristic_MP_RF -> NNI_Substep_46] - Distance: 195.0000
((((15,((((29,9),(23,20)),(18,2)),(24,17))),4),8),((((28,19),(14,((6,16),30))),(5,((3,(12,25)),(10,27)))),((21,1),(((7,13),(26,22)),11))));

STEP 57 [TBR_IncrementalHeuristic_MP_RF -> NNI_Substep_47] - Distance: 195.0000
((((15,((((29,9),(23,20)),(18,2)),(24,17))),4),8),((((28,19),((14,(6,16)),30)),(5,((3,(12,25)),(10,27)))),((21,1),(((7,13),(26,22)),11))));

STEP 58 [TBR_IncrementalHeuristic_MP_RF -> NNI_Substep_48] - Distance: 195.0000
((((15,((((29,9),(23,20)),(18,2)),(24,17))),4),8),(((((28,19),(14,(6,16))),30),(5,((3,(12,25)),(10,27)))),((21,1),(((7,13),(26,22)),11))));

STEP 59 [TBR_IncrementalHeuristic_MP_RF -> NNI_Substep_49] - Distance: 194.0000
((((15,((((29,9),(23,20)),(18,2)),(24,17))),4),8),(((((28,19),(14,(6,16))),(5,((3,(12,25)),(10,27)))),30),((21,1),(((7,13),(26,22)),11))));

STEP 60 [TBR_IncrementalHeuristic_MP_RF -> NNI_Substep_50] - Distance: 194.0000
((((15,((((29,9),(23,20)),(18,2)),(24,17))),4),8),(((((28,19),(14,(6,16))),(5,((3,(12,25)),(10,27)))),((21,1),(((7,13),(26,22)),11))),30));

STEP 61 [TBR_IncrementalHeuristic_MP_RF -> NNI_Substep_51] - Distance: 185.0000
((((15,((((29,9),(23,20)),(18,2)),(24,17))),4),8),((((28,19),(14,(6,16))),(5,((3,(12,25)),(10,27)))),(((21,1),(((7,13),(26,22)),11)),30)));

STEP 62 [TBR_IncrementalHeuristic_MP_RF -> NNI_Substep_52] - Distance: 183.0000
((((15,((((29,9),(23,20)),(18,2)),(24,17))),4),8),((((28,19),(14,(6,16))),(5,((3,(12,25)),(10,27)))),((21,1),((((7,13),(26,22)),11),30))));

STEP 63 [TBR_IncrementalHeuristic_MP_RF -> NNI_Substep_53] - Distance: 180.0000
((((15,((((29,9),(23,20)),(18,2)),(24,17))),4),8),((((28,19),(14,(6,16))),(5,((3,(12,25)),(10,27)))),((21,1),(((7,13),(26,22)),(11,30)))));

STEP 64 [TBR_IncrementalHeuristic_MP_RF -> NNI_Substep_54] - Distance: 180.0000
((((15,((((29,9),(23,20)),(18,2)),(24,17))),4),8),((((28,19),(14,(6,16))),(5,((3,(10,27)),(12,25)))),((21,1),(((7,13),(26,22)),(11,30)))));

STEP 65 [TBR_IncrementalHeuristic_MP_RF -> NNI_Substep_55] - Distance: 180.0000
((((15,((((29,9),(23,20)),(18,2)),(24,17))),4),8),((((28,19),(14,(6,16))),((5,(3,(10,27))),(12,25))),((21,1),(((7,13),(26,22)),(11,30)))));

STEP 66 [TBR_IncrementalHeuristic_MP_RF -> NNI_Substep_56] - Distance: 178.0000
((((15,((((29,9),(23,20)),(18,2)),(24,17))),4),8),(((((28,19),(14,(6,16))),(5,(3,(10,27)))),(12,25)),((21,1),(((7,13),(26,22)),(11,30)))));

STEP 67 [TBR_IncrementalHeuristic_MP_RF -> NNI_Substep_57] - Distance: 175.0000
((((15,((((29,9),(23,20)),(18,2)),(24,17))),4),8),(((((28,19),(14,(6,16))),(12,25)),(5,(3,(10,27)))),((21,1),(((7,13),(26,22)),(11,30)))));

STEP 68 [TBR_IncrementalHeuristic_MP_RF -> NNI_Substep_58] - Distance: 171.0000
((((15,((((29,9),(23,20)),(18,2)),(24,17))),4),8),((((28,19),((14,(6,16)),(12,25))),(5,(3,(10,27)))),((21,1),(((7,13),(26,22)),(11,30)))));

STEP 69 [TBR_IncrementalHeuristic_MP_RF -> NNI_Substep_59] - Distance: 169.0000
((((15,((((29,9),(23,20)),(18,2)),(24,17))),4),8),((((28,19),(14,((6,16),(12,25)))),(5,(3,(10,27)))),((21,1),(((7,13),(26,22)),(11,30)))));

STEP 70 [TBR_IncrementalHeuristic_MP_RF -> NNI_Substep_60] - Distance: 169.0000
((((15,((((29,9),(23,20)),(18,2)),(24,17))),4),8),((((28,19),(14,(6,(16,(12,25))))),(5,(3,(10,27)))),((21,1),(((7,13),(26,22)),(11,30)))));

STEP 71 [TBR_IncrementalHeuristic_MP_RF -> NNI_Substep_61] - Distance: 169.0000
((((15,((((29,9),(23,20)),(18,2)),(24,17))),4),8),((((28,19),(14,(6,(16,(12,25))))),((5,(10,27)),3)),((21,1),(((7,13),(26,22)),(11,30)))));

STEP 72 [TBR_IncrementalHeuristic_MP_RF -> NNI_Substep_62] - Distance: 168.0000
((((15,((((29,9),(23,20)),(18,2)),(24,17))),4),8),(((((28,19),(14,(6,(16,(12,25))))),(5,(10,27))),3),((21,1),(((7,13),(26,22)),(11,30)))));

STEP 73 [TBR_IncrementalHeuristic_MP_RF -> NNI_Substep_63] - Distance: 166.0000
((((15,((((29,9),(23,20)),(18,2)),(24,17))),4),8),(((((28,19),(14,(6,(16,(12,25))))),3),(5,(10,27))),((21,1),(((7,13),(26,22)),(11,30)))));

STEP 74 [TBR_IncrementalHeuristic_MP_RF -> NNI_Substep_64] - Distance: 164.0000
((((15,((((29,9),(23,20)),(18,2)),(24,17))),4),8),((((28,19),((14,(6,(16,(12,25)))),3)),(5,(10,27))),((21,1),(((7,13),(26,22)),(11,30)))));

STEP 75 [TBR_IncrementalHeuristic_MP_RF -> NNI_Substep_65] - Distance: 161.0000
((((15,((((29,9),(23,20)),(18,2)),(24,17))),4),8),((((28,19),((14,3),(6,(16,(12,25))))),(5,(10,27))),((21,1),(((7,13),(26,22)),(11,30)))));

STEP 76 [TBR_IncrementalHeuristic_MP_RF -> NNI_Substep_66] - Distance: 161.0000
((((15,((((29,9),(23,20)),(18,2)),(24,17))),4),8),((((28,19),(((14,3),(16,(12,25))),6)),(5,(10,27))),((21,1),(((7,13),(26,22)),(11,30)))));

STEP 77 [TBR_IncrementalHeuristic_MP_RF -> NNI_Substep_67] - Distance: 161.0000
((((15,((((29,9),(23,20)),(18,2)),(24,17))),4),8),(((((28,19),((14,3),(16,(12,25)))),6),(5,(10,27))),((21,1),(((7,13),(26,22)),(11,30)))));

STEP 78 [TBR_IncrementalHeuristic_MP_RF -> NNI_Substep_68] - Distance: 161.0000
((((15,((((29,9),(23,20)),(18,2)),(24,17))),4),8),(((((28,19),((14,3),(16,(12,25)))),(5,(10,27))),6),((21,1),(((7,13),(26,22)),(11,30)))));

STEP 79 [TBR_IncrementalHeuristic_MP_RF -> NNI_Substep_69] - Distance: 159.0000
((((15,((((29,9),(23,20)),(18,2)),(24,17))),4),8),(((((28,19),((14,3),(16,(12,25)))),(5,(10,27))),((21,1),(((7,13),(26,22)),(11,30)))),6));

STEP 80 [TBR_IncrementalHeuristic_MP_RF -> NNI_Substep_70] - Distance: 167.0000
(((((15,((((29,9),(23,20)),(18,2)),(24,17))),4),6),8),((((28,19),((14,3),(16,(12,25)))),(5,(10,27))),((21,1),(((7,13),(26,22)),(11,30)))));

STEP 81 [TBR_IncrementalHeuristic_MP_RF -> NNI_Substep_71] - Distance: 167.0000
(((((15,((((29,9),(23,20)),(18,2)),(24,17))),6),4),8),((((28,19),((14,3),(16,(12,25)))),(5,(10,27))),((21,1),(((7,13),(26,22)),(11,30)))));

STEP 82 [TBR_IncrementalHeuristic_MP_RF -> NNI_Substep_72] - Distance: 167.0000
((((15,(((((29,9),(23,20)),(18,2)),(24,17)),6)),4),8),((((28,19),((14,3),(16,(12,25)))),(5,(10,27))),((21,1),(((7,13),(26,22)),(11,30)))));

STEP 83 [TBR_IncrementalHeuristic_MP_RF -> NNI_Substep_73] - Distance: 166.0000
((((15,((((29,9),(23,20)),(18,2)),((24,17),6))),4),8),((((28,19),((14,3),(16,(12,25)))),(5,(10,27))),((21,1),(((7,13),(26,22)),(11,30)))));

STEP 84 [TBR_IncrementalHeuristic_MP_RF -> NNI_Substep_74] - Distance: 166.0000
((((15,((((29,9),(23,20)),(18,2)),(24,(17,6)))),4),8),((((28,19),((14,3),(16,(12,25)))),(5,(10,27))),((21,1),(((7,13),(26,22)),(11,30)))));

STEP 85 [TBR_IncrementalHeuristic_MP_RF -> NNI_Substep_75] - Distance: 166.0000
((((15,((((29,9),(23,20)),(18,2)),(24,(17,6)))),4),8),((((28,19),((14,3),(16,(12,25)))),((5,27),10)),((21,1),(((7,13),(26,22)),(11,30)))));

STEP 86 [TBR_IncrementalHeuristic_MP_RF -> NNI_Substep_76] - Distance: 166.0000
((((15,((((29,9),(23,20)),(18,2)),(24,(17,6)))),4),8),(((((28,19),((14,3),(16,(12,25)))),(5,27)),10),((21,1),(((7,13),(26,22)),(11,30)))));

STEP 87 [TBR_IncrementalHeuristic_MP_RF -> NNI_Substep_77] - Distance: 164.0000
((((15,((((29,9),(23,20)),(18,2)),(24,(17,6)))),4),8),(((((28,19),((14,3),(16,(12,25)))),(5,27)),((21,1),(((7,13),(26,22)),(11,30)))),10));

STEP 88 [TBR_IncrementalHeuristic_MP_RF -> NNI_Substep_78] - Distance: 172.0000
(((((15,((((29,9),(23,20)),(18,2)),(24,(17,6)))),4),10),8),((((28,19),((14,3),(16,(12,25)))),(5,27)),((21,1),(((7,13),(26,22)),(11,30)))));

STEP 89 [TBR_IncrementalHeuristic_MP_RF -> NNI_Substep_79] - Distance: 172.0000
(((((15,((((29,9),(23,20)),(18,2)),(24,(17,6)))),10),4),8),((((28,19),((14,3),(16,(12,25)))),(5,27)),((21,1),(((7,13),(26,22)),(11,30)))));

STEP 90 [TBR_IncrementalHeuristic_MP_RF -> NNI_Substep_80] - Distance: 172.0000
((((15,(((((29,9),(23,20)),(18,2)),(24,(17,6))),10)),4),8),((((28,19),((14,3),(16,(12,25)))),(5,27)),((21,1),(((7,13),(26,22)),(11,30)))));

STEP 91 [TBR_IncrementalHeuristic_MP_RF -> NNI_Substep_81] - Distance: 172.0000
((((15,((((29,9),(23,20)),(18,2)),((24,(17,6)),10))),4),8),((((28,19),((14,3),(16,(12,25)))),(5,27)),((21,1),(((7,13),(26,22)),(11,30)))));

STEP 92 [TBR_IncrementalHeuristic_MP_RF -> NNI_Substep_82] - Distance: 172.0000
((((15,((((29,9),(23,20)),(18,2)),((24,10),(17,6)))),4),8),((((28,19),((14,3),(16,(12,25)))),(5,27)),((21,1),(((7,13),(26,22)),(11,30)))));

STEP 93 [TBR_IncrementalHeuristic_MP_RF -> NNI_Substep_83] - Distance: 172.0000
((((15,(((((29,9),(23,20)),(18,2)),(17,6)),(24,10))),4),8),((((28,19),((14,3),(16,(12,25)))),(5,27)),((21,1),(((7,13),(26,22)),(11,30)))));

STEP 94 [TBR_IncrementalHeuristic_MP_RF -> NNI_Substep_84] - Distance: 172.0000
(((((15,((((29,9),(23,20)),(18,2)),(17,6))),(24,10)),4),8),((((28,19),((14,3),(16,(12,25)))),(5,27)),((21,1),(((7,13),(26,22)),(11,30)))));

STEP 95 [TBR_IncrementalHeuristic_MP_RF -> NNI_Substep_85] - Distance: 172.0000
(((((15,((((29,9),(23,20)),(18,2)),(17,6))),4),(24,10)),8),((((28,19),((14,3),(16,(12,25)))),(5,27)),((21,1),(((7,13),(26,22)),(11,30)))));

STEP 96 [TBR_IncrementalHeuristic_MP_RF -> NNI_Substep_86] - Distance: 172.0000
(((((15,((((29,9),(23,20)),(18,2)),(17,6))),4),8),(24,10)),((((28,19),((14,3),(16,(12,25)))),(5,27)),((21,1),(((7,13),(26,22)),(11,30)))));

STEP 97 [TBR_IncrementalHeuristic_MP_RF -> NNI_Substep_87] - Distance: 136.0000
((((15,((((29,9),(23,20)),(18,2)),(17,6))),4),8),((((28,19),((14,3),(16,(12,25)))),(5,27)),(((21,1),(((7,13),(26,22)),(11,30))),(24,10))));

STEP 98 [TBR_IncrementalHeuristic_MP_RF -> NNI_Substep_88] - Distance: 132.0000
((((15,((((29,9),(23,20)),(18,2)),(17,6))),4),8),((((28,19),((14,3),(16,(12,25)))),(5,27)),((21,1),((((7,13),(26,22)),(11,30)),(24,10)))));

STEP 99 [TBR_IncrementalHeuristic_MP_RF -> NNI_Substep_89] - Distance: 126.0000
((((15,((((29,9),(23,20)),(18,2)),(17,6))),4),8),((((28,19),((14,3),(16,(12,25)))),(5,27)),((21,1),(((7,13),(26,22)),((11,30),(24,10))))));

STEP 100 [TBR_IncrementalHeuristic_MP_RF -> NNI_Substep_90] - Distance: 126.0000
((((15,((((29,9),(23,20)),(18,2)),(17,6))),4),8),((((28,19),((14,3),(16,(12,25)))),(5,27)),((21,1),((((7,13),26),22),((11,30),(24,10))))));

STEP 101 [TBR_IncrementalHeuristic_MP_RF -> NNI_Substep_91] - Distance: 126.0000
((((15,((((29,9),(23,20)),(18,2)),(17,6))),4),8),((((28,19),((14,3),(16,(12,25)))),(5,27)),((21,1),((((7,13),26),((11,30),(24,10))),22))));

STEP 102 [TBR_IncrementalHeuristic_MP_RF -> NNI_Substep_92] - Distance: 124.0000
((((15,((((29,9),(23,20)),(18,2)),(17,6))),4),8),((((28,19),((14,3),(16,(12,25)))),(5,27)),(((21,1),(((7,13),26),((11,30),(24,10)))),22)));

STEP 103 [TBR_IncrementalHeuristic_MP_RF -> NNI_Substep_93] - Distance: 117.0000
((((15,((((29,9),(23,20)),(18,2)),(17,6))),4),8),((((28,19),((14,3),(16,(12,25)))),(5,27)),(((21,1),22),(((7,13),26),((11,30),(24,10))))));

STEP 104 [TBR_IncrementalHeuristic_MP_RF -> NNI_Substep_94] - Distance: 117.0000
(((((15,(((29,9),(23,20)),(18,2))),(17,6)),4),8),((((28,19),((14,3),(16,(12,25)))),(5,27)),(((21,1),22),(((7,13),26),((11,30),(24,10))))));

STEP 105 [TBR_IncrementalHeuristic_MP_RF -> NNI_Substep_95] - Distance: 117.0000
(((((15,(((29,9),(23,20)),(18,2))),4),(17,6)),8),((((28,19),((14,3),(16,(12,25)))),(5,27)),(((21,1),22),(((7,13),26),((11,30),(24,10))))));

STEP 106 [TBR_IncrementalHeuristic_MP_RF -> NNI_Substep_96] - Distance: 117.0000
(((((15,(((29,9),(23,20)),(18,2))),4),8),(17,6)),((((28,19),((14,3),(16,(12,25)))),(5,27)),(((21,1),22),(((7,13),26),((11,30),(24,10))))));

STEP 107 [TBR_IncrementalHeuristic_MP_RF -> NNI_Substep_97] - Distance: 83.0000
((((15,(((29,9),(23,20)),(18,2))),4),8),((((28,19),((14,3),(16,(12,25)))),(5,27)),((((21,1),22),(((7,13),26),((11,30),(24,10)))),(17,6))));

STEP 108 [TBR_IncrementalHeuristic_MP_RF -> NNI_Substep_98] - Distance: 69.0000
((((15,(((29,9),(23,20)),(18,2))),4),8),((((28,19),((14,3),(16,(12,25)))),(5,27)),((((21,1),22),(17,6)),(((7,13),26),((11,30),(24,10))))));

STEP 109 [TBR_IncrementalHeuristic_MP_RF -> NNI_Substep_99] - Distance: 67.0000
((((15,(((29,9),(23,20)),(18,2))),4),8),((((28,19),((14,3),(16,(12,25)))),(5,27)),((((21,1),(17,6)),22),(((7,13),26),((11,30),(24,10))))));

STEP 110 [TBR_IncrementalHeuristic_MP_RF -> NNI_Substep_100] - Distance: 67.0000
((((15,((((29,9),23),20),(18,2))),4),8),((((28,19),((14,3),(16,(12,25)))),(5,27)),((((21,1),(17,6)),22),(((7,13),26),((11,30),(24,10))))));

STEP 111 [TBR_IncrementalHeuristic_MP_RF -> NNI_Substep_101] - Distance: 66.0000
((((15,((((29,9),23),(18,2)),20)),4),8),((((28,19),((14,3),(16,(12,25)))),(5,27)),((((21,1),(17,6)),22),(((7,13),26),((11,30),(24,10))))));

STEP 112 [TBR_IncrementalHeuristic_MP_RF -> NNI_Substep_102] - Distance: 66.0000
(((((15,(((29,9),23),(18,2))),20),4),8),((((28,19),((14,3),(16,(12,25)))),(5,27)),((((21,1),(17,6)),22),(((7,13),26),((11,30),(24,10))))));

STEP 113 [TBR_IncrementalHeuristic_MP_RF -> NNI_Substep_103] - Distance: 66.0000
(((((15,(((29,9),23),(18,2))),4),20),8),((((28,19),((14,3),(16,(12,25)))),(5,27)),((((21,1),(17,6)),22),(((7,13),26),((11,30),(24,10))))));

STEP 114 [TBR_IncrementalHeuristic_MP_RF -> NNI_Substep_104] - Distance: 66.0000
(((((15,(((29,9),23),(18,2))),4),8),20),((((28,19),((14,3),(16,(12,25)))),(5,27)),((((21,1),(17,6)),22),(((7,13),26),((11,30),(24,10))))));

STEP 115 [TBR_IncrementalHeuristic_MP_RF -> NNI_Substep_105] - Distance: 46.0000
((((15,(((29,9),23),(18,2))),4),8),((((28,19),((14,3),(16,(12,25)))),(5,27)),(((((21,1),(17,6)),22),(((7,13),26),((11,30),(24,10)))),20)));

STEP 116 [TBR_IncrementalHeuristic_MP_RF -> NNI_Substep_106] - Distance: 39.0000
((((15,(((29,9),23),(18,2))),4),8),((((28,19),((14,3),(16,(12,25)))),(5,27)),(((((21,1),(17,6)),22),20),(((7,13),26),((11,30),(24,10))))));

STEP 117 [TBR_IncrementalHeuristic_MP_RF -> NNI_Substep_107] - Distance: 39.0000
((((15,((((29,9),23),2),18)),4),8),((((28,19),((14,3),(16,(12,25)))),(5,27)),(((((21,1),(17,6)),22),20),(((7,13),26),((11,30),(24,10))))));

STEP 118 [TBR_IncrementalHeuristic_MP_RF -> NNI_Substep_108] - Distance: 39.0000
(((((15,(((29,9),23),2)),18),4),8),((((28,19),((14,3),(16,(12,25)))),(5,27)),(((((21,1),(17,6)),22),20),(((7,13),26),((11,30),(24,10))))));

STEP 119 [TBR_IncrementalHeuristic_MP_RF -> NNI_Substep_109] - Distance: 39.0000
(((((15,(((29,9),23),2)),4),18),8),((((28,19),((14,3),(16,(12,25)))),(5,27)),(((((21,1),(17,6)),22),20),(((7,13),26),((11,30),(24,10))))));

STEP 120 [TBR_IncrementalHeuristic_MP_RF -> NNI_Substep_110] - Distance: 39.0000
(((((15,(((29,9),23),2)),4),8),18),((((28,19),((14,3),(16,(12,25)))),(5,27)),(((((21,1),(17,6)),22),20),(((7,13),26),((11,30),(24,10))))));

STEP 121 [TBR_IncrementalHeuristic_MP_RF -> NNI_Substep_111] - Distance: 17.0000
((((15,(((29,9),23),2)),4),8),((((28,19),((14,3),(16,(12,25)))),(5,27)),((((((21,1),(17,6)),22),20),(((7,13),26),((11,30),(24,10)))),18)));

STEP 122 [TBR_IncrementalHeuristic_MP_RF -> NNI_Substep_112] - Distance: 10.0000
((((15,(((29,9),23),2)),4),8),((((28,19),((14,3),(16,(12,25)))),(5,27)),((((((21,1),(17,6)),22),20),18),(((7,13),26),((11,30),(24,10))))));

STEP 123 [TBR_IncrementalHeuristic_MP_RF -> NNI_Substep_113] - Distance: 10.0000
((((15,(((29,9),2),23)),4),8),((((28,19),((14,3),(16,(12,25)))),(5,27)),((((((21,1),(17,6)),22),20),18),(((7,13),26),((11,30),(24,10))))));

STEP 124 [TBR_IncrementalHeuristic_MP_RF -> NNI_Substep_114] - Distance: 10.0000
(((((15,((29,9),2)),23),4),8),((((28,19),((14,3),(16,(12,25)))),(5,27)),((((((21,1),(17,6)),22),20),18),(((7,13),26),((11,30),(24,10))))));

STEP 125 [TBR_IncrementalHeuristic_MP_RF -> NNI_Substep_115] - Distance: 9.0000
(((((15,((29,9),2)),4),23),8),((((28,19),((14,3),(16,(12,25)))),(5,27)),((((((21,1),(17,6)),22),20),18),(((7,13),26),((11,30),(24,10))))));

STEP 126 [TBR_IncrementalHeuristic_MP_RF -> NNI_Substep_116] - Distance: 9.0000
(((((15,((29,9),2)),4),8),23),((((28,19),((14,3),(16,(12,25)))),(5,27)),((((((21,1),(17,6)),22),20),18),(((7,13),26),((11,30),(24,10))))));

STEP 127 [TBR_IncrementalHeuristic_MP_RF -> NNI_Substep_117] - Distance: 4.0000
((((15,((29,9),2)),4),(8,23)),((((28,19),((14,3),(16,(12,25)))),(5,27)),((((((21,1),(17,6)),22),20),18),(((7,13),26),((11,30),(24,10))))));

STEP 128 [TBR_IncrementalHeuristic_MP_RF -> NNI_Substep_118] - Distance: 2.0000
(((((15,2),(29,9)),4),(8,23)),((((28,19),((14,3),(16,(12,25)))),(5,27)),((((((21,1),(17,6)),22),20),18),(((7,13),26),((11,30),(24,10))))));

STEP 129 [TBR_IncrementalHeuristic_MP_RF -> NNI_Substep_119] - Distance: 0.0000
(((((15,2),4),(29,9)),(8,23)),((((28,19),((14,3),(16,(12,25)))),(5,27)),((((((21,1),(17,6)),22),20),18),(((7,13),26),((11,30),(24,10))))));

========================================================
[FINAL] Total Steps: 129 | Final Distance: 0.0000
========================================================
