========================================================
HEURISTIC TRAJECTORY: VND Incremental (M3)
========================================================
STEP 0 [START] - Distance: 3340.0000
(8,(3,(18,1)),(22,(25,(((((4,(24,(21,15))),(14,7)),(12,(13,5))),((30,20),(19,17))),((((27,(11,28)),(23,2)),(10,(26,(16,29)))),(6,9))))));

STEP 1 [NNI_IncrementalHeuristic_M3 -> NNI_Substep_1] - Distance: 3308.0000
(8,(3,(18,1)),(22,(25,((6,9),((((27,(11,28)),(23,2)),(10,(26,(16,29)))),((((4,(24,(21,15))),(14,7)),(12,(13,5))),((30,20),(19,17))))))));

STEP 2 [NNI_IncrementalHeuristic_M3 -> NNI_Substep_2] - Distance: 3261.0000
(8,(3,(18,1)),(22,(((((27,(11,28)),(23,2)),(10,(26,(16,29)))),((((4,(24,(21,15))),(14,7)),(12,(13,5))),((30,20),(19,17)))),((6,9),25))));

STEP 3 [NNI_IncrementalHeuristic_M3 -> NNI_Substep_3] - Distance: 3235.0000
(8,(3,(18,1)),(22,(((((27,(11,28)),(23,2)),(10,(26,(16,29)))),((((4,(24,(21,15))),(14,7)),(12,(13,5))),((30,20),(19,17)))),((25,9),6))));

STEP 4 [NNI_IncrementalHeuristic_M3 -> NNI_Substep_4] - Distance: 3211.0000
(8,(3,(18,1)),(22,(((10,(((27,(11,28)),(23,2)),(26,(16,29)))),((((4,(24,(21,15))),(14,7)),(12,(13,5))),((30,20),(19,17)))),((25,9),6))));

STEP 5 [NNI_IncrementalHeuristic_M3 -> NNI_Substep_5] - Distance: 3192.0000
(8,(3,(18,1)),(22,(((10,(26,(((27,(11,28)),(23,2)),(16,29)))),((((4,(24,(21,15))),(14,7)),(12,(13,5))),((30,20),(19,17)))),((25,9),6))));

STEP 6 [NNI_IncrementalHeuristic_M3 -> NNI_Substep_6] - Distance: 3169.0000
(8,(3,(18,1)),(22,(((10,(26,(16,(((27,(11,28)),(23,2)),29)))),((((4,(24,(21,15))),(14,7)),(12,(13,5))),((30,20),(19,17)))),((25,9),6))));

STEP 7 [NNI_IncrementalHeuristic_M3 -> NNI_Substep_7] - Distance: 3151.0000
(8,(3,(18,1)),(22,(((10,(26,(16,(((27,(11,28)),(23,2)),29)))),((((30,20),(19,17)),(12,(13,5))),((4,(24,(21,15))),(14,7)))),((25,9),6))));

STEP 8 [NNI_IncrementalHeuristic_M3 -> NNI_Substep_8] - Distance: 3143.0000
(8,(3,(18,1)),(22,(((10,(26,(16,(((27,(11,28)),(23,2)),29)))),((((30,20),(12,(13,5))),(19,17)),((4,(24,(21,15))),(14,7)))),((25,9),6))));

STEP 9 [NNI_IncrementalHeuristic_M3 -> NNI_Substep_9] - Distance: 3129.0000
(8,(3,(18,1)),(22,(((10,(26,(16,(((27,(11,28)),(23,2)),29)))),((((4,(24,(21,15))),(14,7)),(19,17)),((30,20),(12,(13,5))))),((25,9),6))));

STEP 10 [NNI_IncrementalHeuristic_M3 -> NNI_Substep_10] - Distance: 3107.0000
(8,(3,(18,1)),(22,(((10,(26,(16,(((27,(11,28)),(23,2)),29)))),((19,(((4,(24,(21,15))),(14,7)),17)),((30,20),(12,(13,5))))),((25,9),6))));

STEP 11 [NNI_IncrementalHeuristic_M3 -> NNI_Substep_11] - Distance: 3087.0000
(8,(3,(18,1)),(22,(((10,(26,(16,(((27,(11,28)),(23,2)),29)))),((19,((17,(14,7)),(4,(24,(21,15))))),((30,20),(12,(13,5))))),((25,9),6))));

STEP 12 [NNI_IncrementalHeuristic_M3 -> NNI_Substep_12] - Distance: 3082.0000
(8,(3,(18,1)),(22,(((10,(26,(16,(((27,(11,28)),(23,2)),29)))),((19,(4,((17,(14,7)),(24,(21,15))))),((30,20),(12,(13,5))))),((25,9),6))));

STEP 13 [NNI_IncrementalHeuristic_M3 -> NNI_Substep_13] - Distance: 3077.0000
(8,(3,(18,1)),(22,(((10,(26,(16,(((27,(11,28)),(23,2)),29)))),((19,(4,(24,((17,(14,7)),(21,15))))),((30,20),(12,(13,5))))),((25,9),6))));

STEP 14 [NNI_IncrementalHeuristic_M3 -> NNI_Substep_14] - Distance: 3074.0000
(8,(3,(18,1)),(22,(((26,(10,(16,(((27,(11,28)),(23,2)),29)))),((19,(4,(24,((17,(14,7)),(21,15))))),((30,20),(12,(13,5))))),((25,9),6))));

STEP 15 [NNI_IncrementalHeuristic_M3 -> NNI_Substep_15] - Distance: 3036.0000
(8,(3,(18,1)),(22,(((((19,(4,(24,((17,(14,7)),(21,15))))),((30,20),(12,(13,5)))),(10,(16,(((27,(11,28)),(23,2)),29)))),26),((25,9),6))));

STEP 16 [NNI_IncrementalHeuristic_M3 -> NNI_Substep_16] - Distance: 3022.0000
(8,(3,(18,1)),(22,(((((19,(4,(24,((17,(14,7)),(21,15))))),((30,20),(12,(13,5)))),(16,(10,(((27,(11,28)),(23,2)),29)))),26),((25,9),6))));

STEP 17 [NNI_IncrementalHeuristic_M3 -> NNI_Substep_17] - Distance: 3019.0000
(8,(3,(18,1)),(22,(((((((30,20),(12,(13,5))),(4,(24,((17,(14,7)),(21,15))))),19),(16,(10,(((27,(11,28)),(23,2)),29)))),26),((25,9),6))));

STEP 18 [NNI_IncrementalHeuristic_M3 -> NNI_Substep_18] - Distance: 2997.0000
(8,(3,(18,1)),(22,(((((((30,20),(12,(13,5))),(4,(24,((17,(14,7)),(21,15))))),(16,(10,(((27,(11,28)),(23,2)),29)))),19),26),((25,9),6))));

STEP 19 [NNI_IncrementalHeuristic_M3 -> NNI_Substep_19] - Distance: 2984.0000
(8,(3,(18,1)),(22,(((((((30,20),(12,(13,5))),(4,(24,((17,(14,7)),(21,15))))),(16,(10,(((27,(11,28)),(23,2)),29)))),26),19),((25,9),6))));

STEP 20 [NNI_IncrementalHeuristic_M3 -> NNI_Substep_20] - Distance: 2939.0000
(8,(3,(18,1)),(22,(((((((30,20),(12,(13,5))),(4,(24,((17,(14,7)),(21,15))))),(16,(10,(((27,(11,28)),(23,2)),29)))),26),((25,9),6)),19)));

STEP 21 [NNI_IncrementalHeuristic_M3 -> NNI_Substep_21] - Distance: 2926.0000
(8,(3,(18,1)),(22,(((((4,(((30,20),(12,(13,5))),(24,((17,(14,7)),(21,15))))),(16,(10,(((27,(11,28)),(23,2)),29)))),26),((25,9),6)),19)));

STEP 22 [NNI_IncrementalHeuristic_M3 -> NNI_Substep_22] - Distance: 2890.0000
(8,(3,(18,1)),(22,((((((16,(10,(((27,(11,28)),(23,2)),29))),(((30,20),(12,(13,5))),(24,((17,(14,7)),(21,15))))),4),26),((25,9),6)),19)));

STEP 23 [NNI_IncrementalHeuristic_M3 -> NNI_Substep_23] - Distance: 2876.0000
(8,(3,(18,1)),(22,((((((16,(10,(((27,(11,28)),(23,2)),29))),(((30,20),(12,(13,5))),(24,((17,(14,7)),(21,15))))),26),4),((25,9),6)),19)));

STEP 24 [NNI_IncrementalHeuristic_M3 -> NNI_Substep_24] - Distance: 2828.0000
(8,(3,(18,1)),(22,((((((16,(10,(((27,(11,28)),(23,2)),29))),(((30,20),(12,(13,5))),(24,((17,(14,7)),(21,15))))),26),((25,9),6)),4),19)));

STEP 25 [NNI_IncrementalHeuristic_M3 -> NNI_Substep_25] - Distance: 2820.0000
(8,(3,(18,1)),(22,((((((16,(10,(((27,(11,28)),(23,2)),29))),(24,(((30,20),(12,(13,5))),((17,(14,7)),(21,15))))),26),((25,9),6)),4),19)));

STEP 26 [NNI_IncrementalHeuristic_M3 -> NNI_Substep_26] - Distance: 2770.0000
(8,(3,(18,1)),(22,((((((((30,20),(12,(13,5))),((17,(14,7)),(21,15))),(24,(16,(10,(((27,(11,28)),(23,2)),29))))),26),((25,9),6)),4),19)));

STEP 27 [NNI_IncrementalHeuristic_M3 -> NNI_Substep_27] - Distance: 2754.0000
(8,(3,(18,1)),(22,((((((((30,20),(12,(13,5))),((17,(14,7)),(21,15))),(16,(24,(10,(((27,(11,28)),(23,2)),29))))),26),((25,9),6)),4),19)));

STEP 28 [NNI_IncrementalHeuristic_M3 -> NNI_Substep_28] - Distance: 2737.0000
(8,(3,(18,1)),(22,((((((((30,20),(12,(13,5))),((17,(14,7)),(21,15))),(16,(10,(24,(((27,(11,28)),(23,2)),29))))),26),((25,9),6)),4),19)));

STEP 29 [NNI_IncrementalHeuristic_M3 -> NNI_Substep_29] - Distance: 2703.0000
(8,(3,(18,1)),(22,((((((((30,20),(12,(13,5))),((17,(14,7)),(21,15))),(16,(10,(((27,(11,28)),(23,2)),(24,29))))),26),((25,9),6)),4),19)));

STEP 30 [NNI_IncrementalHeuristic_M3 -> NNI_Substep_30] - Distance: 2699.0000
(8,(3,(18,1)),(22,((((((((30,20),(12,(13,5))),((17,(14,7)),(21,15))),(16,(10,((2,(23,(27,(11,28)))),(24,29))))),26),((25,9),6)),4),19)));

STEP 31 [NNI_IncrementalHeuristic_M3 -> NNI_Substep_31] - Distance: 2696.0000
(8,(3,(18,1)),(22,((((((((30,20),(12,(13,5))),(21,((17,(14,7)),15))),(16,(10,((2,(23,(27,(11,28)))),(24,29))))),26),((25,9),6)),4),19)));

STEP 32 [NNI_IncrementalHeuristic_M3 -> NNI_Substep_32] - Distance: 2688.0000
(8,(3,(18,1)),(22,((((((21,(((30,20),(12,(13,5))),((17,(14,7)),15))),(16,(10,((2,(23,(27,(11,28)))),(24,29))))),26),((25,9),6)),4),19)));

STEP 33 [NNI_IncrementalHeuristic_M3 -> NNI_Substep_33] - Distance: 2643.0000
(8,(3,(18,1)),(22,((((((21,(16,(10,((2,(23,(27,(11,28)))),(24,29))))),(((30,20),(12,(13,5))),((17,(14,7)),15))),26),((25,9),6)),4),19)));

STEP 34 [NNI_IncrementalHeuristic_M3 -> NNI_Substep_34] - Distance: 2627.0000
(8,(3,(18,1)),(22,((((((16,(21,(10,((2,(23,(27,(11,28)))),(24,29))))),(((30,20),(12,(13,5))),((17,(14,7)),15))),26),((25,9),6)),4),19)));

STEP 35 [NNI_IncrementalHeuristic_M3 -> NNI_Substep_35] - Distance: 2610.0000
(8,(3,(18,1)),(22,((((((16,(10,(21,((2,(23,(27,(11,28)))),(24,29))))),(((30,20),(12,(13,5))),((17,(14,7)),15))),26),((25,9),6)),4),19)));

STEP 36 [NNI_IncrementalHeuristic_M3 -> NNI_Substep_36] - Distance: 2574.0000
(8,(3,(18,1)),(22,((((((16,(10,((24,29),((2,(23,(27,(11,28)))),21)))),(((30,20),(12,(13,5))),((17,(14,7)),15))),26),((25,9),6)),4),19)));

STEP 37 [NNI_IncrementalHeuristic_M3 -> NNI_Substep_37] - Distance: 2568.0000
(8,(3,(18,1)),(22,((((((16,(10,((24,29),((2,21),(23,(27,(11,28))))))),(((30,20),(12,(13,5))),((17,(14,7)),15))),26),((25,9),6)),4),19)));

STEP 38 [NNI_IncrementalHeuristic_M3 -> NNI_Substep_38] - Distance: 2556.0000
(8,(3,(18,1)),(22,((((((16,(10,((23,(27,(11,28))),((2,21),(24,29))))),(((30,20),(12,(13,5))),((17,(14,7)),15))),26),((25,9),6)),4),19)));

STEP 39 [NNI_IncrementalHeuristic_M3 -> NNI_Substep_39] - Distance: 2542.0000
(8,(3,(18,1)),(22,((((((16,((23,(27,(11,28))),(10,((2,21),(24,29))))),(((30,20),(12,(13,5))),((17,(14,7)),15))),26),((25,9),6)),4),19)));

STEP 40 [NNI_IncrementalHeuristic_M3 -> NNI_Substep_40] - Distance: 2524.0000
(8,(3,(18,1)),(22,(((((((23,(27,(11,28))),(16,(10,((2,21),(24,29))))),(((30,20),(12,(13,5))),((17,(14,7)),15))),26),((25,9),6)),4),19)));

STEP 41 [NNI_IncrementalHeuristic_M3 -> NNI_Substep_41] - Distance: 2408.0000
(8,(3,(18,1)),(22,(((((((23,(27,(11,28))),(((30,20),(12,(13,5))),((17,(14,7)),15))),(16,(10,((2,21),(24,29))))),26),((25,9),6)),4),19)));

STEP 42 [NNI_IncrementalHeuristic_M3 -> NNI_Substep_42] - Distance: 2362.0000
(8,(3,(18,1)),(22,((((((((17,(14,7)),15),(((30,20),(12,(13,5))),(23,(27,(11,28))))),(16,(10,((2,21),(24,29))))),26),((25,9),6)),4),19)));

STEP 43 [NNI_IncrementalHeuristic_M3 -> NNI_Substep_43] - Distance: 2314.0000
(8,(3,(18,1)),(22,((((((((17,(14,7)),15),(((30,20),(23,(27,(11,28)))),(12,(13,5)))),(16,(10,((2,21),(24,29))))),26),((25,9),6)),4),19)));

STEP 44 [NNI_IncrementalHeuristic_M3 -> NNI_Substep_44] - Distance: 2309.0000
(8,(3,(18,1)),(22,((((((((17,(14,7)),15),(((30,(23,(27,(11,28)))),20),(12,(13,5)))),(16,(10,((2,21),(24,29))))),26),((25,9),6)),4),19)));

STEP 45 [NNI_IncrementalHeuristic_M3 -> NNI_Substep_45] - Distance: 2307.0000
(8,(18,(3,1)),(22,((((((((17,(14,7)),15),(((30,(23,(27,(11,28)))),20),(12,(13,5)))),(16,(10,((2,21),(24,29))))),26),((25,9),6)),4),19)));

STEP 46 [NNI_IncrementalHeuristic_M3 -> NNI_Substep_46] - Distance: 2305.0000
(22,(18,(3,1)),(8,((((((((17,(14,7)),15),(((30,(23,(27,(11,28)))),20),(12,(13,5)))),(16,(10,((2,21),(24,29))))),26),((25,9),6)),4),19)));

STEP 47 [NNI_IncrementalHeuristic_M3 -> NNI_Substep_47] - Distance: 2302.0000
(18,(22,(3,1)),(8,((((((((17,(14,7)),15),(((30,(23,(27,(11,28)))),20),(12,(13,5)))),(16,(10,((2,21),(24,29))))),26),((25,9),6)),4),19)));

STEP 48 [NNI_IncrementalHeuristic_M3 -> NNI_Substep_48] - Distance: 2298.0000
(18,(3,(22,1)),(8,((((((((17,(14,7)),15),(((30,(23,(27,(11,28)))),20),(12,(13,5)))),(16,(10,((2,21),(24,29))))),26),((25,9),6)),4),19)));

STEP 49 [NNI_IncrementalHeuristic_M3 -> NNI_Substep_49] - Distance: 2296.0000
(18,(3,(22,1)),(19,((((((((17,(14,7)),15),(((30,(23,(27,(11,28)))),20),(12,(13,5)))),(16,(10,((2,21),(24,29))))),26),((25,9),6)),4),8)));

STEP 50 [NNI_IncrementalHeuristic_M3 -> NNI_Substep_50] - Distance: 2293.0000
(19,(3,(22,1)),(18,((((((((17,(14,7)),15),(((30,(23,(27,(11,28)))),20),(12,(13,5)))),(16,(10,((2,21),(24,29))))),26),((25,9),6)),4),8)));

STEP 51 [NNI_IncrementalHeuristic_M3 -> NNI_Substep_51] - Distance: 2290.0000
(3,(19,(22,1)),(18,((((((((17,(14,7)),15),(((30,(23,(27,(11,28)))),20),(12,(13,5)))),(16,(10,((2,21),(24,29))))),26),((25,9),6)),4),8)));

STEP 52 [NNI_IncrementalHeuristic_M3 -> NNI_Substep_52] - Distance: 2287.0000
(3,(22,(19,1)),(18,((((((((17,(14,7)),15),(((30,(23,(27,(11,28)))),20),(12,(13,5)))),(16,(10,((2,21),(24,29))))),26),((25,9),6)),4),8)));

STEP 53 [NNI_IncrementalHeuristic_M3 -> NNI_Substep_53] - Distance: 2284.0000
(3,(22,(19,1)),(18,((((((((17,(14,7)),15),(((30,(23,(27,(11,28)))),20),(12,(13,5)))),(16,(10,((2,21),(24,29))))),26),((25,9),6)),8),4)));

STEP 54 [NNI_IncrementalHeuristic_M3 -> NNI_Substep_54] - Distance: 2275.0000
(3,(22,(19,1)),(18,((((((((17,(14,7)),15),(((30,(23,(27,(11,28)))),20),(12,(13,5)))),(16,(10,((2,21),(24,29))))),26),8),((25,9),6)),4)));

STEP 55 [NNI_IncrementalHeuristic_M3 -> NNI_Substep_55] - Distance: 2270.0000
(3,(22,(19,1)),(18,((((((((17,(14,7)),15),(((30,(23,(27,(11,28)))),20),(12,(13,5)))),(16,(10,((2,21),(24,29))))),8),26),((25,9),6)),4)));

STEP 56 [NNI_IncrementalHeuristic_M3 -> NNI_Substep_56] - Distance: 2178.0000
(3,(22,(19,1)),(18,(((((8,(16,(10,((2,21),(24,29))))),(((17,(14,7)),15),(((30,(23,(27,(11,28)))),20),(12,(13,5))))),26),((25,9),6)),4)));

STEP 57 [NNI_IncrementalHeuristic_M3 -> NNI_Substep_57] - Distance: 2154.0000
(3,(22,(19,1)),(18,(((((16,(8,(10,((2,21),(24,29))))),(((17,(14,7)),15),(((30,(23,(27,(11,28)))),20),(12,(13,5))))),26),((25,9),6)),4)));

STEP 58 [NNI_IncrementalHeuristic_M3 -> NNI_Substep_58] - Distance: 2129.0000
(3,(22,(19,1)),(18,(((((16,(10,(8,((2,21),(24,29))))),(((17,(14,7)),15),(((30,(23,(27,(11,28)))),20),(12,(13,5))))),26),((25,9),6)),4)));

STEP 59 [NNI_IncrementalHeuristic_M3 -> NNI_Substep_59] - Distance: 2077.0000
(3,(22,(19,1)),(18,(((((16,(10,((24,29),((2,21),8)))),(((17,(14,7)),15),(((30,(23,(27,(11,28)))),20),(12,(13,5))))),26),((25,9),6)),4)));

STEP 60 [NNI_IncrementalHeuristic_M3 -> NNI_Substep_60] - Distance: 2049.0000
(3,(22,(19,1)),(18,(((((16,(10,((24,29),((8,21),2)))),(((17,(14,7)),15),(((30,(23,(27,(11,28)))),20),(12,(13,5))))),26),((25,9),6)),4)));

STEP 61 [NNI_IncrementalHeuristic_M3 -> NNI_Substep_61] - Distance: 2045.0000
(3,(22,(19,1)),(4,(((((16,(10,((24,29),((8,21),2)))),(((17,(14,7)),15),(((30,(23,(27,(11,28)))),20),(12,(13,5))))),26),((25,9),6)),18)));

STEP 62 [NNI_IncrementalHeuristic_M3 -> NNI_Substep_62] - Distance: 2033.0000
(3,(22,(19,1)),(4,(((((16,(10,((24,29),((8,21),2)))),(((17,(14,7)),15),(((30,(23,(27,(11,28)))),20),(12,(13,5))))),26),18),((25,9),6))));

STEP 63 [NNI_IncrementalHeuristic_M3 -> NNI_Substep_63] - Distance: 2027.0000
(3,(22,(19,1)),(4,(((((16,(10,((24,29),((8,21),2)))),(((17,(14,7)),15),(((30,(23,(27,(11,28)))),20),(12,(13,5))))),18),26),((25,9),6))));

STEP 64 [NNI_IncrementalHeuristic_M3 -> NNI_Substep_64] - Distance: 1985.0000
(3,(22,(19,1)),(4,((((18,(((17,(14,7)),15),(((30,(23,(27,(11,28)))),20),(12,(13,5))))),(16,(10,((24,29),((8,21),2))))),26),((25,9),6))));

STEP 65 [NNI_IncrementalHeuristic_M3 -> NNI_Substep_65] - Distance: 1944.0000
(3,(22,(19,1)),(4,((((((17,(14,7)),15),(18,(((30,(23,(27,(11,28)))),20),(12,(13,5))))),(16,(10,((24,29),((8,21),2))))),26),((25,9),6))));

STEP 66 [NNI_IncrementalHeuristic_M3 -> NNI_Substep_66] - Distance: 1888.0000
(3,(22,(19,1)),(4,((((((17,(14,7)),15),(((30,(23,(27,(11,28)))),20),(18,(12,(13,5))))),(16,(10,((24,29),((8,21),2))))),26),((25,9),6))));

STEP 67 [NNI_IncrementalHeuristic_M3 -> NNI_Substep_67] - Distance: 1884.0000
(4,(22,(19,1)),(3,((((((17,(14,7)),15),(((30,(23,(27,(11,28)))),20),(18,(12,(13,5))))),(16,(10,((24,29),((8,21),2))))),26),((25,9),6))));

STEP 68 [NNI_IncrementalHeuristic_M3 -> NNI_Substep_68] - Distance: 1872.0000
(4,(22,(19,1)),(((25,9),6),((((((17,(14,7)),15),(((30,(23,(27,(11,28)))),20),(18,(12,(13,5))))),(16,(10,((24,29),((8,21),2))))),26),3)));

STEP 69 [NNI_IncrementalHeuristic_M3 -> NNI_Substep_69] - Distance: 1866.0000
(4,(22,(19,1)),(((25,9),6),((((((17,(14,7)),15),(((30,(23,(27,(11,28)))),20),(18,(12,(13,5))))),(16,(10,((24,29),((8,21),2))))),3),26)));

STEP 70 [NNI_IncrementalHeuristic_M3 -> NNI_Substep_70] - Distance: 1824.0000
(4,(22,(19,1)),(((25,9),6),((((((17,(14,7)),15),(((30,(23,(27,(11,28)))),20),(18,(12,(13,5))))),3),(16,(10,((24,29),((8,21),2))))),26)));

STEP 71 [NNI_IncrementalHeuristic_M3 -> NNI_Substep_71] - Distance: 1794.0000
(4,(22,(19,1)),(((25,9),6),((((3,(((30,(23,(27,(11,28)))),20),(18,(12,(13,5))))),((17,(14,7)),15)),(16,(10,((24,29),((8,21),2))))),26)));

STEP 72 [NNI_IncrementalHeuristic_M3 -> NNI_Substep_72] - Distance: 1755.0000
(4,(22,(19,1)),(((25,9),6),(((((18,(12,(13,5))),(((30,(23,(27,(11,28)))),20),3)),((17,(14,7)),15)),(16,(10,((24,29),((8,21),2))))),26)));

STEP 73 [NNI_IncrementalHeuristic_M3 -> NNI_Substep_73] - Distance: 1751.0000
(22,(4,(19,1)),(((25,9),6),(((((18,(12,(13,5))),(((30,(23,(27,(11,28)))),20),3)),((17,(14,7)),15)),(16,(10,((24,29),((8,21),2))))),26)));

STEP 74 [NNI_IncrementalHeuristic_M3 -> NNI_Substep_74] - Distance: 1739.0000
(((25,9),6),(4,(19,1)),(22,(((((18,(12,(13,5))),(((30,(23,(27,(11,28)))),20),3)),((17,(14,7)),15)),(16,(10,((24,29),((8,21),2))))),26)));

STEP 75 [NNI_IncrementalHeuristic_M3 -> NNI_Substep_75] - Distance: 1733.0000
(((25,9),6),(4,(19,1)),(26,(((((18,(12,(13,5))),(((30,(23,(27,(11,28)))),20),3)),((17,(14,7)),15)),(16,(10,((24,29),((8,21),2))))),22)));

STEP 76 [NNI_IncrementalHeuristic_M3 -> NNI_Substep_76] - Distance: 1691.0000
(((25,9),6),(4,(19,1)),(26,(((((18,(12,(13,5))),(((30,(23,(27,(11,28)))),20),3)),((17,(14,7)),15)),22),(16,(10,((24,29),((8,21),2)))))));

STEP 77 [NNI_IncrementalHeuristic_M3 -> NNI_Substep_77] - Distance: 1652.0000
(((25,9),6),(4,(19,1)),(26,(((((18,(12,(13,5))),(((30,(23,(27,(11,28)))),20),3)),22),((17,(14,7)),15)),(16,(10,((24,29),((8,21),2)))))));

STEP 78 [NNI_IncrementalHeuristic_M3 -> NNI_Substep_78] - Distance: 1605.0000
(((25,9),6),(4,(19,1)),(26,((((22,(((30,(23,(27,(11,28)))),20),3)),(18,(12,(13,5)))),((17,(14,7)),15)),(16,(10,((24,29),((8,21),2)))))));

STEP 79 [NNI_IncrementalHeuristic_M3 -> NNI_Substep_79] - Distance: 1586.0000
(((25,9),6),(4,(19,1)),(26,((((3,(((30,(23,(27,(11,28)))),20),22)),(18,(12,(13,5)))),((17,(14,7)),15)),(16,(10,((24,29),((8,21),2)))))));

STEP 80 [NNI_IncrementalHeuristic_M3 -> NNI_Substep_80] - Distance: 1583.0000
(((25,9),6),(4,(19,1)),(26,((((3,(((30,(23,(27,(11,28)))),22),20)),(18,(12,(13,5)))),((17,(14,7)),15)),(16,(10,((24,29),((8,21),2)))))));

STEP 81 [NNI_IncrementalHeuristic_M3 -> NNI_Substep_81] - Distance: 1580.0000
(((25,9),6),(4,(19,1)),(26,((((20,(((30,(23,(27,(11,28)))),22),3)),(18,(12,(13,5)))),((17,(14,7)),15)),(16,(10,((24,29),((8,21),2)))))));

STEP 82 [NNI_IncrementalHeuristic_M3 -> NNI_Substep_82] - Distance: 1567.0000
(((25,9),6),(4,(19,1)),(26,(((((18,(12,(13,5))),(((30,(23,(27,(11,28)))),22),3)),20),((17,(14,7)),15)),(16,(10,((24,29),((8,21),2)))))));

STEP 83 [NNI_IncrementalHeuristic_M3 -> NNI_Substep_83] - Distance: 1540.0000
(((25,9),6),(4,(19,1)),(26,(((((18,(12,(13,5))),(((30,(23,(27,(11,28)))),22),3)),((17,(14,7)),15)),20),(16,(10,((24,29),((8,21),2)))))));

STEP 84 [NNI_IncrementalHeuristic_M3 -> NNI_Substep_84] - Distance: 1442.0000
(((25,9),6),(4,(19,1)),(26,(((((18,(12,(13,5))),(((30,(23,(27,(11,28)))),22),3)),((17,(14,7)),15)),(16,(10,((24,29),((8,21),2))))),20)));

STEP 85 [NNI_IncrementalHeuristic_M3 -> NNI_Substep_85] - Distance: 1316.0000
(((25,9),6),(4,(19,1)),(((((18,(12,(13,5))),(((30,(23,(27,(11,28)))),22),3)),((17,(14,7)),15)),(16,(10,((24,29),((8,21),2))))),(26,20)));

STEP 86 [NNI_IncrementalHeuristic_M3 -> NNI_Substep_86] - Distance: 1314.0000
(((25,9),6),(4,(19,1)),(((((18,(5,(13,12))),(((30,(23,(27,(11,28)))),22),3)),((17,(14,7)),15)),(16,(10,((24,29),((8,21),2))))),(26,20)));

STEP 87 [NNI_IncrementalHeuristic_M3 -> NNI_Substep_87] - Distance: 1311.0000
(((25,9),6),(4,(19,1)),(((((5,(18,(13,12))),(((30,(23,(27,(11,28)))),22),3)),((17,(14,7)),15)),(16,(10,((24,29),((8,21),2))))),(26,20)));

STEP 88 [NNI_IncrementalHeuristic_M3 -> NNI_Substep_88] - Distance: 1292.0000
(((25,9),6),(4,(19,1)),((((((((30,(23,(27,(11,28)))),22),3),(18,(13,12))),5),((17,(14,7)),15)),(16,(10,((24,29),((8,21),2))))),(26,20)));

STEP 89 [NNI_IncrementalHeuristic_M3 -> NNI_Substep_89] - Distance: 1187.0000
(((25,9),6),(4,(19,1)),((((((17,(14,7)),15),5),((((30,(23,(27,(11,28)))),22),3),(18,(13,12)))),(16,(10,((24,29),((8,21),2))))),(26,20)));

STEP 90 [NNI_IncrementalHeuristic_M3 -> NNI_Substep_90] - Distance: 1163.0000
(((25,9),6),(4,(19,1)),((((((17,(14,7)),5),15),((((30,(23,(27,(11,28)))),22),3),(18,(13,12)))),(16,(10,((24,29),((8,21),2))))),(26,20)));

STEP 91 [NNI_IncrementalHeuristic_M3 -> NNI_Substep_91] - Distance: 1138.0000
(((25,9),6),(4,(19,1)),((((((5,(14,7)),17),15),((((30,(23,(27,(11,28)))),22),3),(18,(13,12)))),(16,(10,((24,29),((8,21),2))))),(26,20)));

STEP 92 [NNI_IncrementalHeuristic_M3 -> NNI_Substep_92] - Distance: 1136.0000
(((25,9),6),(4,(19,1)),((((((7,(14,5)),17),15),((((30,(23,(27,(11,28)))),22),3),(18,(13,12)))),(16,(10,((24,29),((8,21),2))))),(26,20)));

STEP 93 [NNI_IncrementalHeuristic_M3 -> NNI_Substep_93] - Distance: 1133.0000
(((25,9),6),(4,(19,1)),((((((17,(14,5)),7),15),((((30,(23,(27,(11,28)))),22),3),(18,(13,12)))),(16,(10,((24,29),((8,21),2))))),(26,20)));

STEP 94 [NNI_IncrementalHeuristic_M3 -> NNI_Substep_94] - Distance: 1130.0000
(((25,9),6),(4,(19,1)),((((((17,(14,5)),15),7),((((30,(23,(27,(11,28)))),22),3),(18,(13,12)))),(16,(10,((24,29),((8,21),2))))),(26,20)));

STEP 95 [NNI_IncrementalHeuristic_M3 -> NNI_Substep_95] - Distance: 1070.0000
(((25,9),6),(4,(19,1)),((((((((30,(23,(27,(11,28)))),22),3),(18,(13,12))),7),((17,(14,5)),15)),(16,(10,((24,29),((8,21),2))))),(26,20)));

STEP 96 [NNI_IncrementalHeuristic_M3 -> NNI_Substep_96] - Distance: 1019.0000
(((25,9),6),(4,(19,1)),((((((((30,(23,(27,(11,28)))),22),3),7),(18,(13,12))),((17,(14,5)),15)),(16,(10,((24,29),((8,21),2))))),(26,20)));

STEP 97 [NNI_IncrementalHeuristic_M3 -> NNI_Substep_97] - Distance: 999.0000
(((25,9),6),(4,(19,1)),((((((((30,(23,(27,(11,28)))),22),7),3),(18,(13,12))),((17,(14,5)),15)),(16,(10,((24,29),((8,21),2))))),(26,20)));

STEP 98 [NNI_IncrementalHeuristic_M3 -> NNI_Substep_98] - Distance: 948.0000
(((25,9),6),(4,(19,1)),(((((((7,22),(30,(23,(27,(11,28))))),3),(18,(13,12))),((17,(14,5)),15)),(16,(10,((24,29),((8,21),2))))),(26,20)));

STEP 99 [NNI_IncrementalHeuristic_M3 -> NNI_Substep_99] - Distance: 946.0000
(((25,9),6),(4,(19,1)),(((((((7,22),(23,(30,(27,(11,28))))),3),(18,(13,12))),((17,(14,5)),15)),(16,(10,((24,29),((8,21),2))))),(26,20)));

STEP 100 [NNI_IncrementalHeuristic_M3 -> NNI_Substep_100] - Distance: 940.0000
(((25,9),6),(4,(19,1)),((((((23,((7,22),(30,(27,(11,28))))),3),(18,(13,12))),((17,(14,5)),15)),(16,(10,((24,29),((8,21),2))))),(26,20)));

STEP 101 [NNI_IncrementalHeuristic_M3 -> NNI_Substep_101] - Distance: 935.0000
(((25,9),6),(4,(19,1)),((((((3,((7,22),(30,(27,(11,28))))),23),(18,(13,12))),((17,(14,5)),15)),(16,(10,((24,29),((8,21),2))))),(26,20)));

STEP 102 [NNI_IncrementalHeuristic_M3 -> NNI_Substep_102] - Distance: 917.0000
(((25,9),6),(4,(19,1)),((((((3,((7,22),(30,(27,(11,28))))),(18,(13,12))),23),((17,(14,5)),15)),(16,(10,((24,29),((8,21),2))))),(26,20)));

STEP 103 [NNI_IncrementalHeuristic_M3 -> NNI_Substep_103] - Distance: 881.0000
(((25,9),6),(4,(19,1)),((((((3,((7,22),(30,(27,(11,28))))),(18,(13,12))),((17,(14,5)),15)),23),(16,(10,((24,29),((8,21),2))))),(26,20)));

STEP 104 [NNI_IncrementalHeuristic_M3 -> NNI_Substep_104] - Distance: 783.0000
(((25,9),6),(4,(19,1)),((((((3,((7,22),(30,(27,(11,28))))),(18,(13,12))),((17,(14,5)),15)),(16,(10,((24,29),((8,21),2))))),23),(26,20)));

STEP 105 [NNI_IncrementalHeuristic_M3 -> NNI_Substep_105] - Distance: 741.0000
(((25,9),6),(4,(19,1)),((((((3,((7,22),(30,(27,(11,28))))),(18,(13,12))),((17,(14,5)),15)),(16,(10,((24,29),((8,21),2))))),(26,20)),23));

STEP 106 [NNI_IncrementalHeuristic_M3 -> NNI_Substep_106] - Distance: 672.0000
(23,(4,(19,1)),((((((3,((7,22),(30,(27,(11,28))))),(18,(13,12))),((17,(14,5)),15)),(16,(10,((24,29),((8,21),2))))),(26,20)),((25,9),6)));

STEP 107 [NNI_IncrementalHeuristic_M3 -> NNI_Substep_107] - Distance: 618.0000
((19,1),(4,23),((((((3,((7,22),(30,(27,(11,28))))),(18,(13,12))),((17,(14,5)),15)),(16,(10,((24,29),((8,21),2))))),(26,20)),((25,9),6)));

STEP 108 [NNI_IncrementalHeuristic_M3 -> NNI_Substep_108] - Distance: 616.0000
((19,1),(4,23),((((((3,((7,22),(27,(30,(11,28))))),(18,(13,12))),((17,(14,5)),15)),(16,(10,((24,29),((8,21),2))))),(26,20)),((25,9),6)));

STEP 109 [NNI_IncrementalHeuristic_M3 -> NNI_Substep_109] - Distance: 610.0000
((19,1),(4,23),((((((3,(27,((7,22),(30,(11,28))))),(18,(13,12))),((17,(14,5)),15)),(16,(10,((24,29),((8,21),2))))),(26,20)),((25,9),6)));

STEP 110 [NNI_IncrementalHeuristic_M3 -> NNI_Substep_110] - Distance: 605.0000
((19,1),(4,23),((((((27,(3,((7,22),(30,(11,28))))),(18,(13,12))),((17,(14,5)),15)),(16,(10,((24,29),((8,21),2))))),(26,20)),((25,9),6)));

STEP 111 [NNI_IncrementalHeuristic_M3 -> NNI_Substep_111] - Distance: 587.0000
((19,1),(4,23),(((((((18,(13,12)),(3,((7,22),(30,(11,28))))),27),((17,(14,5)),15)),(16,(10,((24,29),((8,21),2))))),(26,20)),((25,9),6)));

STEP 112 [NNI_IncrementalHeuristic_M3 -> NNI_Substep_112] - Distance: 443.0000
((19,1),(4,23),(((((((17,(14,5)),15),27),((18,(13,12)),(3,((7,22),(30,(11,28)))))),(16,(10,((24,29),((8,21),2))))),(26,20)),((25,9),6)));

STEP 113 [NNI_IncrementalHeuristic_M3 -> NNI_Substep_113] - Distance: 417.0000
((19,1),(4,23),(((((((17,(14,5)),27),15),((18,(13,12)),(3,((7,22),(30,(11,28)))))),(16,(10,((24,29),((8,21),2))))),(26,20)),((25,9),6)));

STEP 114 [NNI_IncrementalHeuristic_M3 -> NNI_Substep_114] - Distance: 363.0000
((19,1),(4,23),(((((((17,27),(14,5)),15),((18,(13,12)),(3,((7,22),(30,(11,28)))))),(16,(10,((24,29),((8,21),2))))),(26,20)),((25,9),6)));

STEP 115 [NNI_IncrementalHeuristic_M3 -> NNI_Substep_115] - Distance: 361.0000
((19,1),(4,23),(((((((17,27),(14,5)),15),((18,(13,12)),(3,((7,22),(11,(30,28)))))),(16,(10,((24,29),((8,21),2))))),(26,20)),((25,9),6)));

STEP 116 [NNI_IncrementalHeuristic_M3 -> NNI_Substep_116] - Distance: 355.0000
((19,1),(4,23),(((((((17,27),(14,5)),15),((18,(13,12)),(3,(11,((7,22),(30,28)))))),(16,(10,((24,29),((8,21),2))))),(26,20)),((25,9),6)));

STEP 117 [NNI_IncrementalHeuristic_M3 -> NNI_Substep_117] - Distance: 350.0000
((19,1),(4,23),(((((((17,27),(14,5)),15),((18,(13,12)),(11,(3,((7,22),(30,28)))))),(16,(10,((24,29),((8,21),2))))),(26,20)),((25,9),6)));

STEP 118 [NNI_IncrementalHeuristic_M3 -> NNI_Substep_118] - Distance: 332.0000
((19,1),(4,23),(((((((17,27),(14,5)),15),(11,((18,(13,12)),(3,((7,22),(30,28)))))),(16,(10,((24,29),((8,21),2))))),(26,20)),((25,9),6)));

STEP 119 [NNI_IncrementalHeuristic_M3 -> NNI_Substep_119] - Distance: 287.0000
((19,1),(4,23),((((11,((((17,27),(14,5)),15),((18,(13,12)),(3,((7,22),(30,28)))))),(16,(10,((24,29),((8,21),2))))),(26,20)),((25,9),6)));

STEP 120 [NNI_IncrementalHeuristic_M3 -> NNI_Substep_120] - Distance: 189.0000
((19,1),(4,23),(((((16,(10,((24,29),((8,21),2)))),((((17,27),(14,5)),15),((18,(13,12)),(3,((7,22),(30,28)))))),11),(26,20)),((25,9),6)));

STEP 121 [NNI_IncrementalHeuristic_M3 -> NNI_Substep_121] - Distance: 147.0000
((19,1),(4,23),(((((16,(10,((24,29),((8,21),2)))),((((17,27),(14,5)),15),((18,(13,12)),(3,((7,22),(30,28)))))),(26,20)),11),((25,9),6)));

STEP 122 [NNI_IncrementalHeuristic_M3 -> NNI_Substep_122] - Distance: 55.0000
((19,1),(4,23),((((25,9),6),11),(((16,(10,((24,29),((8,21),2)))),((((17,27),(14,5)),15),((18,(13,12)),(3,((7,22),(30,28)))))),(26,20))));

STEP 123 [NNI_IncrementalHeuristic_M3 -> NNI_Substep_123] - Distance: 28.0000
((19,1),(4,23),((((25,9),11),6),(((16,(10,((24,29),((8,21),2)))),((((17,27),(14,5)),15),((18,(13,12)),(3,((7,22),(30,28)))))),(26,20))));

STEP 124 [NNI_IncrementalHeuristic_M3 -> NNI_Substep_124] - Distance: 0.0000
((19,1),(4,23),((((11,9),25),6),(((16,(10,((24,29),((8,21),2)))),((((17,27),(14,5)),15),((18,(13,12)),(3,((7,22),(30,28)))))),(26,20))));

========================================================
[FINAL] Total Steps: 124 | Final Distance: 0.0000
========================================================
