========================================================
HEURISTIC TRAJECTORY: VND Classic (MP)
========================================================
STEP 0 [START] - Distance: 334.0000
(((((((11,10),(5,(9,23))),((3,(((24,(19,17)),(14,15)),(12,16))),(21,(1,(26,20))))),((4,(27,13)),(28,(25,22)))),(29,(2,30))),(18,7)),(8,6));

STEP 1 [NNI_ClassicHeuristic_MP -> NNI_Substep_1] - Distance: 315.0000
(((((29,(2,30)),((4,(27,13)),(28,(25,22)))),(((11,10),(5,(9,23))),((3,(((24,(19,17)),(14,15)),(12,16))),(21,(1,(26,20)))))),(18,7)),(8,6));

STEP 2 [NNI_ClassicHeuristic_MP -> NNI_Substep_2] - Distance: 305.0000
(((((29,(2,30)),((4,(27,13)),(28,(25,22)))),(18,7)),(((11,10),(5,(9,23))),((3,(((24,(19,17)),(14,15)),(12,16))),(21,(1,(26,20)))))),(8,6));

STEP 3 [NNI_ClassicHeuristic_MP -> NNI_Substep_3] - Distance: 289.0000
(((((29,(2,30)),((4,(27,13)),(28,(25,22)))),(18,7)),(8,6)),((((3,(((24,(19,17)),(14,15)),(12,16))),(21,(1,(26,20)))),(5,(9,23))),(11,10)));

STEP 4 [NNI_ClassicHeuristic_MP -> NNI_Substep_4] - Distance: 286.0000
(((((29,(2,30)),((4,(27,13)),(28,(25,22)))),(18,7)),(8,6)),(11,((((3,(((24,(19,17)),(14,15)),(12,16))),(21,(1,(26,20)))),(5,(9,23))),10)));

STEP 5 [NNI_ClassicHeuristic_MP -> NNI_Substep_5] - Distance: 284.0000
(((((29,(2,30)),(18,7)),((4,(27,13)),(28,(25,22)))),(8,6)),(11,((((3,(((24,(19,17)),(14,15)),(12,16))),(21,(1,(26,20)))),(5,(9,23))),10)));

STEP 6 [NNI_ClassicHeuristic_MP -> NNI_Substep_6] - Distance: 282.0000
(((((29,(2,30)),(18,7)),((4,(27,13)),(28,(25,22)))),(8,6)),(11,((((3,(((12,16),(14,15)),(24,(19,17)))),(21,(1,(26,20)))),(5,(9,23))),10)));

STEP 7 [NNI_ClassicHeuristic_MP -> NNI_Substep_7] - Distance: 281.0000
(((((29,(2,30)),(18,7)),(((28,(25,22)),(27,13)),4)),(8,6)),(11,((((3,(((12,16),(14,15)),(24,(19,17)))),(21,(1,(26,20)))),(5,(9,23))),10)));

STEP 8 [NNI_ClassicHeuristic_MP -> NNI_Substep_8] - Distance: 280.0000
(((((28,(25,22)),(27,13)),(((29,(2,30)),(18,7)),4)),(8,6)),(11,((((3,(((12,16),(14,15)),(24,(19,17)))),(21,(1,(26,20)))),(5,(9,23))),10)));

STEP 9 [NNI_ClassicHeuristic_MP -> NNI_Substep_9] - Distance: 279.0000
((((8,6),(((29,(2,30)),(18,7)),4)),((28,(25,22)),(27,13))),(11,((((3,(((12,16),(14,15)),(24,(19,17)))),(21,(1,(26,20)))),(5,(9,23))),10)));

STEP 10 [NNI_ClassicHeuristic_MP -> NNI_Substep_10] - Distance: 277.0000
(((((29,(2,30)),(18,7)),((8,6),4)),((28,(25,22)),(27,13))),(11,((((3,(((12,16),(14,15)),(24,(19,17)))),(21,(1,(26,20)))),(5,(9,23))),10)));

STEP 11 [NNI_ClassicHeuristic_MP -> NNI_Substep_11] - Distance: 276.0000
(((((29,(2,30)),(18,7)),((8,6),4)),((28,(25,22)),(27,13))),(11,((((3,((((14,15),16),12),(24,(19,17)))),(21,(1,(26,20)))),(5,(9,23))),10)));

STEP 12 [NNI_ClassicHeuristic_MP -> NNI_Substep_12] - Distance: 275.0000
(((((29,(2,30)),(18,7)),((8,6),4)),((28,(25,22)),(27,13))),(11,((((3,((((14,15),16),12),(24,(19,17)))),((26,20),(1,21))),(5,(9,23))),10)));

STEP 13 [NNI_ClassicHeuristic_MP -> NNI_Substep_13] - Distance: 273.0000
(((((29,(2,30)),(18,7)),((8,6),4)),((28,(25,22)),(27,13))),(11,((((1,21),((26,20),(3,((((14,15),16),12),(24,(19,17)))))),(5,(9,23))),10)));

STEP 14 [NNI_ClassicHeuristic_MP -> NNI_Substep_14] - Distance: 270.0000
(((((29,(2,30)),(18,7)),((8,6),4)),((28,(25,22)),(27,13))),(11,((((1,21),(5,(9,23))),((26,20),(3,((((14,15),16),12),(24,(19,17)))))),10)));

STEP 15 [NNI_ClassicHeuristic_MP -> NNI_Substep_15] - Distance: 268.0000
(((((29,(2,30)),(18,7)),((8,6),4)),((28,(25,22)),(27,13))),(11,(((((5,(9,23)),21),1),((26,20),(3,((((14,15),16),12),(24,(19,17)))))),10)));

STEP 16 [NNI_ClassicHeuristic_MP -> NNI_Substep_16] - Distance: 267.0000
(((((29,(2,30)),(18,7)),((8,6),4)),((28,(25,22)),(27,13))),(11,(((((5,(9,23)),21),1),(((3,((((14,15),16),12),(24,(19,17)))),20),26)),10)));

STEP 17 [SPR_ClassicHeuristic_MP -> NNI_Substep_1] - Distance: 267.0000
(((((29,(2,30)),(18,7)),((8,6),4)),((28,(25,22)),(27,13))),(11,(((((5,(9,23)),21),1),(((3,20),((((14,15),16),12),(24,(19,17)))),26)),10)));

STEP 18 [SPR_ClassicHeuristic_MP -> NNI_Substep_2] - Distance: 268.0000
(((((29,(2,30)),(18,7)),((8,6),4)),((28,(25,22)),(27,13))),(11,(((((5,(9,23)),21),1),(((3,20),26),((((14,15),16),12),(24,(19,17))))),10)));

STEP 19 [SPR_ClassicHeuristic_MP -> NNI_Substep_3] - Distance: 272.0000
(((((29,(2,30)),(18,7)),((8,6),4)),((28,(25,22)),(27,13))),(11,((((((5,(9,23)),21),1),((3,20),26)),((((14,15),16),12),(24,(19,17)))),10)));

STEP 20 [SPR_ClassicHeuristic_MP -> NNI_Substep_4] - Distance: 274.0000
(((((29,(2,30)),(18,7)),((8,6),4)),((28,(25,22)),(27,13))),(11,((((((5,(9,23)),21),1),((3,20),26)),10),((((14,15),16),12),(24,(19,17))))));

STEP 21 [SPR_ClassicHeuristic_MP -> NNI_Substep_5] - Distance: 276.0000
(((((29,(2,30)),(18,7)),((8,6),4)),((28,(25,22)),(27,13))),((11,(((((5,(9,23)),21),1),((3,20),26)),10)),((((14,15),16),12),(24,(19,17)))));

STEP 22 [SPR_ClassicHeuristic_MP -> NNI_Substep_6] - Distance: 257.0000
((((((29,(2,30)),(18,7)),((8,6),4)),((((14,15),16),12),(24,(19,17)))),((28,(25,22)),(27,13))),(11,(((((5,(9,23)),21),1),((3,20),26)),10)));

STEP 23 [SPR_ClassicHeuristic_MP -> NNI_Substep_7] - Distance: 250.0000
(((((29,(2,30)),(18,7)),(((8,6),4),((((14,15),16),12),(24,(19,17))))),((28,(25,22)),(27,13))),(11,(((((5,(9,23)),21),1),((3,20),26)),10)));

STEP 24 [SPR_ClassicHeuristic_MP -> NNI_Substep_8] - Distance: 246.0000
(((((29,(2,30)),(18,7)),(((8,6),((((14,15),16),12),(24,(19,17)))),4)),((28,(25,22)),(27,13))),(11,(((((5,(9,23)),21),1),((3,20),26)),10)));

STEP 25 [SPR_ClassicHeuristic_MP -> NNI_Substep_9] - Distance: 245.0000
(((((29,(2,30)),(18,7)),(((8,((((14,15),16),12),(24,(19,17)))),6),4)),((28,(25,22)),(27,13))),(11,(((((5,(9,23)),21),1),((3,20),26)),10)));

STEP 26 [SPR_ClassicHeuristic_MP -> NNI_Substep_10] - Distance: 245.0000
(((((29,(2,30)),(18,7)),(((8,((((14,15),16),12),(24,(19,17)))),6),4)),(((28,(25,22)),27),13)),(11,(((((5,(9,23)),21),1),((3,20),26)),10)));

STEP 27 [SPR_ClassicHeuristic_MP -> NNI_Substep_11] - Distance: 244.0000
((((((29,(2,30)),(18,7)),(((8,((((14,15),16),12),(24,(19,17)))),6),4)),((28,(25,22)),27)),13),(11,(((((5,(9,23)),21),1),((3,20),26)),10)));

STEP 28 [SPR_ClassicHeuristic_MP -> NNI_Substep_12] - Distance: 231.0000
(((((29,(2,30)),(18,7)),(((8,((((14,15),16),12),(24,(19,17)))),6),4)),((28,(25,22)),27)),(11,((((((5,(9,23)),21),1),((3,20),26)),10),13)));

STEP 29 [SPR_ClassicHeuristic_MP -> NNI_Substep_13] - Distance: 231.0000
(((((29,(2,30)),(18,7)),(((8,((((14,15),16),12),(24,(19,17)))),6),4)),((28,(25,22)),27)),(11,((((((5,(9,23)),21),1),((3,20),26)),13),10)));

STEP 30 [SPR_ClassicHeuristic_MP -> NNI_Substep_14] - Distance: 227.0000
(((((29,(2,30)),(18,7)),(((8,((((14,15),16),12),(24,(19,17)))),6),4)),((28,(25,22)),27)),(11,(((((5,(9,23)),21),1),(((3,20),26),13)),10)));

STEP 31 [SPR_ClassicHeuristic_MP -> NNI_Substep_15] - Distance: 227.0000
((((((29,2),30),(18,7)),(((8,((((14,15),16),12),(24,(19,17)))),6),4)),((28,(25,22)),27)),(11,(((((5,(9,23)),21),1),(((3,20),26),13)),10)));

STEP 32 [SPR_ClassicHeuristic_MP -> NNI_Substep_16] - Distance: 227.0000
((((((29,2),(18,7)),30),(((8,((((14,15),16),12),(24,(19,17)))),6),4)),((28,(25,22)),27)),(11,(((((5,(9,23)),21),1),(((3,20),26),13)),10)));

STEP 33 [SPR_ClassicHeuristic_MP -> NNI_Substep_17] - Distance: 226.0000
((((((29,2),(18,7)),(((8,((((14,15),16),12),(24,(19,17)))),6),4)),30),((28,(25,22)),27)),(11,(((((5,(9,23)),21),1),(((3,20),26),13)),10)));

STEP 34 [SPR_ClassicHeuristic_MP -> NNI_Substep_18] - Distance: 226.0000
((((((29,2),(18,7)),(((8,((((14,15),16),12),(24,(19,17)))),6),4)),((28,(25,22)),27)),30),(11,(((((5,(9,23)),21),1),(((3,20),26),13)),10)));

STEP 35 [SPR_ClassicHeuristic_MP -> NNI_Substep_19] - Distance: 213.0000
(((((29,2),(18,7)),(((8,((((14,15),16),12),(24,(19,17)))),6),4)),((28,(25,22)),27)),(11,((((((5,(9,23)),21),1),(((3,20),26),13)),10),30)));

STEP 36 [SPR_ClassicHeuristic_MP -> NNI_Substep_20] - Distance: 213.0000
(((((29,2),(18,7)),(((8,((((14,15),16),12),(24,(19,17)))),6),4)),((28,(25,22)),27)),(11,((((((5,(9,23)),21),1),(((3,20),26),13)),30),10)));

STEP 37 [SPR_ClassicHeuristic_MP -> NNI_Substep_21] - Distance: 211.0000
(((((29,2),(18,7)),(((8,((((14,15),16),12),(24,(19,17)))),6),4)),((28,(25,22)),27)),(11,((((((5,(9,23)),21),1),30),(((3,20),26),13)),10)));

STEP 38 [SPR_ClassicHeuristic_MP -> NNI_Substep_22] - Distance: 208.0000
(((((29,2),(18,7)),(((8,((((14,15),16),12),(24,(19,17)))),6),4)),((28,(25,22)),27)),(11,(((((5,(9,23)),21),(1,30)),(((3,20),26),13)),10)));

STEP 39 [SPR_ClassicHeuristic_MP -> NNI_Substep_23] - Distance: 208.0000
(((((29,2),(18,7)),(((8,((((14,16),15),12),(24,(19,17)))),6),4)),((28,(25,22)),27)),(11,(((((5,(9,23)),21),(1,30)),(((3,20),26),13)),10)));

STEP 40 [SPR_ClassicHeuristic_MP -> NNI_Substep_24] - Distance: 208.0000
(((((29,2),(18,7)),(((8,((((14,16),12),15),(24,(19,17)))),6),4)),((28,(25,22)),27)),(11,(((((5,(9,23)),21),(1,30)),(((3,20),26),13)),10)));

STEP 41 [SPR_ClassicHeuristic_MP -> NNI_Substep_25] - Distance: 208.0000
(((((29,2),(18,7)),(((8,((((14,16),12),(24,(19,17))),15)),6),4)),((28,(25,22)),27)),(11,(((((5,(9,23)),21),(1,30)),(((3,20),26),13)),10)));

STEP 42 [SPR_ClassicHeuristic_MP -> NNI_Substep_26] - Distance: 208.0000
(((((29,2),(18,7)),((((8,(((14,16),12),(24,(19,17)))),15),6),4)),((28,(25,22)),27)),(11,(((((5,(9,23)),21),(1,30)),(((3,20),26),13)),10)));

STEP 43 [SPR_ClassicHeuristic_MP -> NNI_Substep_27] - Distance: 208.0000
(((((29,2),(18,7)),((((8,(((14,16),12),(24,(19,17)))),6),15),4)),((28,(25,22)),27)),(11,(((((5,(9,23)),21),(1,30)),(((3,20),26),13)),10)));

STEP 44 [SPR_ClassicHeuristic_MP -> NNI_Substep_28] - Distance: 208.0000
(((((29,2),(18,7)),((((8,(((14,16),12),(24,(19,17)))),6),4),15)),((28,(25,22)),27)),(11,(((((5,(9,23)),21),(1,30)),(((3,20),26),13)),10)));

STEP 45 [SPR_ClassicHeuristic_MP -> NNI_Substep_29] - Distance: 208.0000
((((((29,2),(18,7)),(((8,(((14,16),12),(24,(19,17)))),6),4)),15),((28,(25,22)),27)),(11,(((((5,(9,23)),21),(1,30)),(((3,20),26),13)),10)));

STEP 46 [SPR_ClassicHeuristic_MP -> NNI_Substep_30] - Distance: 208.0000
((((((29,2),(18,7)),(((8,(((14,16),12),(24,(19,17)))),6),4)),((28,(25,22)),27)),15),(11,(((((5,(9,23)),21),(1,30)),(((3,20),26),13)),10)));

STEP 47 [SPR_ClassicHeuristic_MP -> NNI_Substep_31] - Distance: 193.0000
(((((29,2),(18,7)),(((8,(((14,16),12),(24,(19,17)))),6),4)),((28,(25,22)),27)),(11,((((((5,(9,23)),21),(1,30)),(((3,20),26),13)),10),15)));

STEP 48 [SPR_ClassicHeuristic_MP -> NNI_Substep_32] - Distance: 193.0000
(((((29,2),(18,7)),(((8,(((14,16),12),(24,(19,17)))),6),4)),((28,(25,22)),27)),(11,((((((5,(9,23)),21),(1,30)),(((3,20),26),13)),15),10)));

STEP 49 [SPR_ClassicHeuristic_MP -> NNI_Substep_33] - Distance: 191.0000
(((((29,2),(18,7)),(((8,(((14,16),12),(24,(19,17)))),6),4)),((28,(25,22)),27)),(11,((((((5,(9,23)),21),(1,30)),15),(((3,20),26),13)),10)));

STEP 50 [SPR_ClassicHeuristic_MP -> NNI_Substep_34] - Distance: 188.0000
(((((29,2),(18,7)),(((8,(((14,16),12),(24,(19,17)))),6),4)),((28,(25,22)),27)),(11,(((((5,(9,23)),21),((1,30),15)),(((3,20),26),13)),10)));

STEP 51 [SPR_ClassicHeuristic_MP -> NNI_Substep_35] - Distance: 188.0000
(((((29,2),(18,7)),((((((14,16),12),(24,(19,17))),6),8),4)),((28,(25,22)),27)),(11,(((((5,(9,23)),21),((1,30),15)),(((3,20),26),13)),10)));

STEP 52 [SPR_ClassicHeuristic_MP -> NNI_Substep_36] - Distance: 188.0000
(((((29,2),(18,7)),((((((14,16),12),(24,(19,17))),6),4),8)),((28,(25,22)),27)),(11,(((((5,(9,23)),21),((1,30),15)),(((3,20),26),13)),10)));

STEP 53 [SPR_ClassicHeuristic_MP -> NNI_Substep_37] - Distance: 188.0000
((((((29,2),(18,7)),(((((14,16),12),(24,(19,17))),6),4)),8),((28,(25,22)),27)),(11,(((((5,(9,23)),21),((1,30),15)),(((3,20),26),13)),10)));

STEP 54 [SPR_ClassicHeuristic_MP -> NNI_Substep_38] - Distance: 188.0000
((((((29,2),(18,7)),(((((14,16),12),(24,(19,17))),6),4)),((28,(25,22)),27)),8),(11,(((((5,(9,23)),21),((1,30),15)),(((3,20),26),13)),10)));

STEP 55 [SPR_ClassicHeuristic_MP -> NNI_Substep_39] - Distance: 174.0000
(((((29,2),(18,7)),(((((14,16),12),(24,(19,17))),6),4)),((28,(25,22)),27)),(11,((((((5,(9,23)),21),((1,30),15)),(((3,20),26),13)),10),8)));

STEP 56 [SPR_ClassicHeuristic_MP -> NNI_Substep_40] - Distance: 174.0000
(((((29,2),(18,7)),(((((14,16),12),(24,(19,17))),6),4)),((28,(25,22)),27)),(11,((((((5,(9,23)),21),((1,30),15)),(((3,20),26),13)),8),10)));

STEP 57 [SPR_ClassicHeuristic_MP -> NNI_Substep_41] - Distance: 168.0000
(((((29,2),(18,7)),(((((14,16),12),(24,(19,17))),6),4)),((28,(25,22)),27)),(11,(((((5,(9,23)),21),((1,30),15)),((((3,20),26),13),8)),10)));

STEP 58 [SPR_ClassicHeuristic_MP -> NNI_Substep_42] - Distance: 168.0000
(((((29,2),(18,7)),(((((14,16),12),(24,(19,17))),6),4)),((28,(25,22)),27)),(11,((((((5,23),9),21),((1,30),15)),((((3,20),26),13),8)),10)));

STEP 59 [SPR_ClassicHeuristic_MP -> NNI_Substep_43] - Distance: 168.0000
(((((29,2),(18,7)),(((((14,16),12),(24,(19,17))),6),4)),((28,(25,22)),27)),(11,((((((5,23),21),9),((1,30),15)),((((3,20),26),13),8)),10)));

STEP 60 [SPR_ClassicHeuristic_MP -> NNI_Substep_44] - Distance: 168.0000
(((((29,2),(18,7)),(((((14,16),12),(24,(19,17))),6),4)),((28,(25,22)),27)),(11,((((((5,23),21),((1,30),15)),9),((((3,20),26),13),8)),10)));

STEP 61 [SPR_ClassicHeuristic_MP -> NNI_Substep_45] - Distance: 168.0000
(((((29,2),(18,7)),(((((14,16),12),(24,(19,17))),6),4)),((28,(25,22)),27)),(11,((((((5,23),21),((1,30),15)),((((3,20),26),13),8)),9),10)));

STEP 62 [SPR_ClassicHeuristic_MP -> NNI_Substep_46] - Distance: 168.0000
(((((29,2),(18,7)),(((((14,16),12),(24,(19,17))),6),4)),((28,(25,22)),27)),(11,((((((5,23),21),((1,30),15)),((((3,20),26),13),8)),10),9)));

STEP 63 [SPR_ClassicHeuristic_MP -> NNI_Substep_47] - Distance: 168.0000
(((((29,2),(18,7)),(((((14,16),12),(24,(19,17))),6),4)),((28,(25,22)),27)),((11,(((((5,23),21),((1,30),15)),((((3,20),26),13),8)),10)),9));

STEP 64 [SPR_ClassicHeuristic_MP -> NNI_Substep_48] - Distance: 147.0000
(((((29,2),(18,7)),(((((14,16),12),(24,(19,17))),6),4)),(((28,(25,22)),27),9)),(11,(((((5,23),21),((1,30),15)),((((3,20),26),13),8)),10)));

STEP 65 [SPR_ClassicHeuristic_MP -> NNI_Substep_49] - Distance: 146.0000
(((((29,2),(18,7)),(((((14,16),12),(24,(19,17))),6),4)),((28,(25,22)),(27,9))),(11,(((((5,23),21),((1,30),15)),((((3,20),26),13),8)),10)));

STEP 66 [SPR_ClassicHeuristic_MP -> NNI_Substep_50] - Distance: 146.0000
(((((29,2),(18,7)),((((((14,16),12),(19,17)),24),6),4)),((28,(25,22)),(27,9))),(11,(((((5,23),21),((1,30),15)),((((3,20),26),13),8)),10)));

STEP 67 [SPR_ClassicHeuristic_MP -> NNI_Substep_51] - Distance: 146.0000
(((((29,2),(18,7)),((((((14,16),12),(19,17)),6),24),4)),((28,(25,22)),(27,9))),(11,(((((5,23),21),((1,30),15)),((((3,20),26),13),8)),10)));

STEP 68 [SPR_ClassicHeuristic_MP -> NNI_Substep_52] - Distance: 146.0000
(((((29,2),(18,7)),((((((14,16),12),(19,17)),6),4),24)),((28,(25,22)),(27,9))),(11,(((((5,23),21),((1,30),15)),((((3,20),26),13),8)),10)));

STEP 69 [SPR_ClassicHeuristic_MP -> NNI_Substep_53] - Distance: 146.0000
((((((29,2),(18,7)),(((((14,16),12),(19,17)),6),4)),24),((28,(25,22)),(27,9))),(11,(((((5,23),21),((1,30),15)),((((3,20),26),13),8)),10)));

STEP 70 [SPR_ClassicHeuristic_MP -> NNI_Substep_54] - Distance: 146.0000
((((((29,2),(18,7)),(((((14,16),12),(19,17)),6),4)),((28,(25,22)),(27,9))),24),(11,(((((5,23),21),((1,30),15)),((((3,20),26),13),8)),10)));

STEP 71 [SPR_ClassicHeuristic_MP -> NNI_Substep_55] - Distance: 129.0000
(((((29,2),(18,7)),(((((14,16),12),(19,17)),6),4)),((28,(25,22)),(27,9))),(11,((((((5,23),21),((1,30),15)),((((3,20),26),13),8)),10),24)));

STEP 72 [SPR_ClassicHeuristic_MP -> NNI_Substep_56] - Distance: 129.0000
(((((29,2),(18,7)),(((((14,16),12),(19,17)),6),4)),((28,(25,22)),(27,9))),(11,((((((5,23),21),((1,30),15)),((((3,20),26),13),8)),24),10)));

STEP 73 [SPR_ClassicHeuristic_MP -> NNI_Substep_57] - Distance: 123.0000
(((((29,2),(18,7)),(((((14,16),12),(19,17)),6),4)),((28,(25,22)),(27,9))),(11,(((((5,23),21),((1,30),15)),(((((3,20),26),13),8),24)),10)));

STEP 74 [SPR_ClassicHeuristic_MP -> NNI_Substep_58] - Distance: 122.0000
(((((29,2),(18,7)),(((((14,16),12),(19,17)),6),4)),((28,(25,22)),(27,9))),(11,(((((5,23),21),((1,30),15)),(((((3,20),26),13),24),8)),10)));

STEP 75 [SPR_ClassicHeuristic_MP -> NNI_Substep_59] - Distance: 122.0000
(((((29,2),(18,7)),(((((14,16),12),(19,17)),6),4)),((28,(25,22)),(27,9))),((11,((((5,23),21),((1,30),15)),(((((3,20),26),13),24),8))),10));

STEP 76 [SPR_ClassicHeuristic_MP -> NNI_Substep_60] - Distance: 106.0000
((((((29,2),(18,7)),(((((14,16),12),(19,17)),6),4)),10),((28,(25,22)),(27,9))),(11,((((5,23),21),((1,30),15)),(((((3,20),26),13),24),8))));

STEP 77 [SPR_ClassicHeuristic_MP -> NNI_Substep_61] - Distance: 104.0000
(((((29,2),(18,7)),((((((14,16),12),(19,17)),6),4),10)),((28,(25,22)),(27,9))),(11,((((5,23),21),((1,30),15)),(((((3,20),26),13),24),8))));

STEP 78 [SPR_ClassicHeuristic_MP -> NNI_Substep_62] - Distance: 103.0000
(((((29,2),(18,7)),((((((14,16),12),(19,17)),6),10),4)),((28,(25,22)),(27,9))),(11,((((5,23),21),((1,30),15)),(((((3,20),26),13),24),8))));

STEP 79 [SPR_ClassicHeuristic_MP -> NNI_Substep_63] - Distance: 100.0000
(((((29,2),(18,7)),(((((14,16),12),(19,17)),(6,10)),4)),((28,(25,22)),(27,9))),(11,((((5,23),21),((1,30),15)),(((((3,20),26),13),24),8))));

STEP 80 [SPR_ClassicHeuristic_MP -> NNI_Substep_64] - Distance: 100.0000
(((((29,2),(18,7)),(((((14,16),12),(19,17)),(6,10)),4)),((28,(25,22)),(27,9))),(11,((((5,23),21),((1,30),15)),(((((3,20),13),26),24),8))));

STEP 81 [SPR_ClassicHeuristic_MP -> NNI_Substep_65] - Distance: 100.0000
(((((29,2),(18,7)),(((((14,16),12),(19,17)),(6,10)),4)),((28,(25,22)),(27,9))),(11,((((5,23),21),((1,30),15)),(((((3,20),13),24),26),8))));

STEP 82 [SPR_ClassicHeuristic_MP -> NNI_Substep_66] - Distance: 100.0000
(((((29,2),(18,7)),(((((14,16),12),(19,17)),(6,10)),4)),((28,(25,22)),(27,9))),(11,((((5,23),21),((1,30),15)),(((((3,20),13),24),8),26))));

STEP 83 [SPR_ClassicHeuristic_MP -> NNI_Substep_67] - Distance: 100.0000
(((((29,2),(18,7)),(((((14,16),12),(19,17)),(6,10)),4)),((28,(25,22)),(27,9))),(11,(((((5,23),21),((1,30),15)),((((3,20),13),24),8)),26)));

STEP 84 [SPR_ClassicHeuristic_MP -> NNI_Substep_68] - Distance: 100.0000
(((((29,2),(18,7)),(((((14,16),12),(19,17)),(6,10)),4)),((28,(25,22)),(27,9))),((11,((((5,23),21),((1,30),15)),((((3,20),13),24),8))),26));

STEP 85 [SPR_ClassicHeuristic_MP -> NNI_Substep_69] - Distance: 79.0000
((((((29,2),(18,7)),(((((14,16),12),(19,17)),(6,10)),4)),26),((28,(25,22)),(27,9))),(11,((((5,23),21),((1,30),15)),((((3,20),13),24),8))));

STEP 86 [SPR_ClassicHeuristic_MP -> NNI_Substep_70] - Distance: 78.0000
(((((29,2),(18,7)),((((((14,16),12),(19,17)),(6,10)),4),26)),((28,(25,22)),(27,9))),(11,((((5,23),21),((1,30),15)),((((3,20),13),24),8))));

STEP 87 [SPR_ClassicHeuristic_MP -> NNI_Substep_71] - Distance: 77.0000
(((((29,2),(18,7)),((((((14,16),12),(19,17)),(6,10)),26),4)),((28,(25,22)),(27,9))),(11,((((5,23),21),((1,30),15)),((((3,20),13),24),8))));

STEP 88 [SPR_ClassicHeuristic_MP -> NNI_Substep_72] - Distance: 77.0000
((((((29,2),7),18),((((((14,16),12),(19,17)),(6,10)),26),4)),((28,(25,22)),(27,9))),(11,((((5,23),21),((1,30),15)),((((3,20),13),24),8))));

STEP 89 [SPR_ClassicHeuristic_MP -> NNI_Substep_73] - Distance: 77.0000
((((((29,2),7),((((((14,16),12),(19,17)),(6,10)),26),4)),18),((28,(25,22)),(27,9))),(11,((((5,23),21),((1,30),15)),((((3,20),13),24),8))));

STEP 90 [SPR_ClassicHeuristic_MP -> NNI_Substep_74] - Distance: 78.0000
((((((29,2),7),((((((14,16),12),(19,17)),(6,10)),26),4)),((28,(25,22)),(27,9))),18),(11,((((5,23),21),((1,30),15)),((((3,20),13),24),8))));

STEP 91 [SPR_ClassicHeuristic_MP -> NNI_Substep_75] - Distance: 66.0000
(((((29,2),7),((((((14,16),12),(19,17)),(6,10)),26),4)),(((28,(25,22)),(27,9)),18)),(11,((((5,23),21),((1,30),15)),((((3,20),13),24),8))));

STEP 92 [SPR_ClassicHeuristic_MP -> NNI_Substep_76] - Distance: 64.0000
(((((29,2),7),((((((14,16),12),(19,17)),(6,10)),26),4)),(((28,(25,22)),18),(27,9))),(11,((((5,23),21),((1,30),15)),((((3,20),13),24),8))));

STEP 93 [SPR_ClassicHeuristic_MP -> NNI_Substep_77] - Distance: 64.0000
(((((29,2),7),((((((14,16),12),(19,17)),(6,10)),26),4)),((((28,22),25),18),(27,9))),(11,((((5,23),21),((1,30),15)),((((3,20),13),24),8))));

STEP 94 [SPR_ClassicHeuristic_MP -> NNI_Substep_78] - Distance: 64.0000
(((((29,2),7),((((((14,16),12),(19,17)),(6,10)),26),4)),((((28,22),18),25),(27,9))),(11,((((5,23),21),((1,30),15)),((((3,20),13),24),8))));

STEP 95 [SPR_ClassicHeuristic_MP -> NNI_Substep_79] - Distance: 64.0000
(((((29,2),7),((((((14,16),12),(19,17)),(6,10)),26),4)),((((28,22),18),(27,9)),25)),(11,((((5,23),21),((1,30),15)),((((3,20),13),24),8))));

STEP 96 [SPR_ClassicHeuristic_MP -> NNI_Substep_80] - Distance: 63.0000
((((((29,2),7),((((((14,16),12),(19,17)),(6,10)),26),4)),(((28,22),18),(27,9))),25),(11,((((5,23),21),((1,30),15)),((((3,20),13),24),8))));

STEP 97 [SPR_ClassicHeuristic_MP -> NNI_Substep_81] - Distance: 59.0000
((((((29,2),7),((((((14,16),12),(19,17)),(6,10)),26),4)),25),(((28,22),18),(27,9))),(11,((((5,23),21),((1,30),15)),((((3,20),13),24),8))));

STEP 98 [SPR_ClassicHeuristic_MP -> NNI_Substep_82] - Distance: 50.0000
((((((29,2),7),25),((((((14,16),12),(19,17)),(6,10)),26),4)),(((28,22),18),(27,9))),(11,((((5,23),21),((1,30),15)),((((3,20),13),24),8))));

STEP 99 [SPR_ClassicHeuristic_MP -> NNI_Substep_83] - Distance: 49.0000
((((((29,2),25),7),((((((14,16),12),(19,17)),(6,10)),26),4)),(((28,22),18),(27,9))),(11,((((5,23),21),((1,30),15)),((((3,20),13),24),8))));

STEP 100 [SPR_ClassicHeuristic_MP -> NNI_Substep_84] - Distance: 49.0000
((((((29,2),25),7),((((((14,16),12),(19,17)),(6,10)),26),4)),(((22,18),28),(27,9))),(11,((((5,23),21),((1,30),15)),((((3,20),13),24),8))));

STEP 101 [SPR_ClassicHeuristic_MP -> NNI_Substep_85] - Distance: 49.0000
((((((29,2),25),7),((((((14,16),12),(19,17)),(6,10)),26),4)),(((22,18),(27,9)),28)),(11,((((5,23),21),((1,30),15)),((((3,20),13),24),8))));

STEP 102 [SPR_ClassicHeuristic_MP -> NNI_Substep_86] - Distance: 48.0000
(((((((29,2),25),7),((((((14,16),12),(19,17)),(6,10)),26),4)),((22,18),(27,9))),28),(11,((((5,23),21),((1,30),15)),((((3,20),13),24),8))));

STEP 103 [SPR_ClassicHeuristic_MP -> NNI_Substep_87] - Distance: 44.0000
(((((((29,2),25),7),((((((14,16),12),(19,17)),(6,10)),26),4)),28),((22,18),(27,9))),(11,((((5,23),21),((1,30),15)),((((3,20),13),24),8))));

STEP 104 [SPR_ClassicHeuristic_MP -> NNI_Substep_88] - Distance: 41.0000
((((((29,2),25),7),(((((((14,16),12),(19,17)),(6,10)),26),4),28)),((22,18),(27,9))),(11,((((5,23),21),((1,30),15)),((((3,20),13),24),8))));

STEP 105 [SPR_ClassicHeuristic_MP -> NNI_Substep_89] - Distance: 40.0000
((((((29,2),25),7),(((((((14,16),12),(19,17)),(6,10)),26),28),4)),((22,18),(27,9))),(11,((((5,23),21),((1,30),15)),((((3,20),13),24),8))));

STEP 106 [SPR_ClassicHeuristic_MP -> NNI_Substep_90] - Distance: 39.0000
((((((29,2),25),7),(((((((14,16),12),(19,17)),(6,10)),28),26),4)),((22,18),(27,9))),(11,((((5,23),21),((1,30),15)),((((3,20),13),24),8))));

STEP 107 [SPR_ClassicHeuristic_MP -> NNI_Substep_91] - Distance: 36.0000
((((((29,2),25),7),((((((14,16),12),(19,17)),((6,10),28)),26),4)),((22,18),(27,9))),(11,((((5,23),21),((1,30),15)),((((3,20),13),24),8))));

STEP 108 [SPR_ClassicHeuristic_MP -> NNI_Substep_92] - Distance: 35.0000
((((((29,2),25),7),((((((14,16),12),(19,17)),((6,28),10)),26),4)),((22,18),(27,9))),(11,((((5,23),21),((1,30),15)),((((3,20),13),24),8))));

STEP 109 [SPR_ClassicHeuristic_MP -> NNI_Substep_93] - Distance: 35.0000
((((((29,25),2),7),((((((14,16),12),(19,17)),((6,28),10)),26),4)),((22,18),(27,9))),(11,((((5,23),21),((1,30),15)),((((3,20),13),24),8))));

STEP 110 [SPR_ClassicHeuristic_MP -> NNI_Substep_94] - Distance: 35.0000
((((((29,25),7),2),((((((14,16),12),(19,17)),((6,28),10)),26),4)),((22,18),(27,9))),(11,((((5,23),21),((1,30),15)),((((3,20),13),24),8))));

STEP 111 [SPR_ClassicHeuristic_MP -> NNI_Substep_95] - Distance: 28.0000
((((((29,25),7),((((((14,16),12),(19,17)),((6,28),10)),26),4)),2),((22,18),(27,9))),(11,((((5,23),21),((1,30),15)),((((3,20),13),24),8))));

STEP 112 [SPR_ClassicHeuristic_MP -> NNI_Substep_96] - Distance: 25.0000
(((((29,25),7),(((((((14,16),12),(19,17)),((6,28),10)),26),4),2)),((22,18),(27,9))),(11,((((5,23),21),((1,30),15)),((((3,20),13),24),8))));

STEP 113 [SPR_ClassicHeuristic_MP -> NNI_Substep_97] - Distance: 24.0000
(((((29,25),7),(((((((14,16),12),(19,17)),((6,28),10)),26),2),4)),((22,18),(27,9))),(11,((((5,23),21),((1,30),15)),((((3,20),13),24),8))));

STEP 114 [SPR_ClassicHeuristic_MP -> NNI_Substep_98] - Distance: 23.0000
(((((29,25),7),(((((((14,16),12),(19,17)),((6,28),10)),2),26),4)),((22,18),(27,9))),(11,((((5,23),21),((1,30),15)),((((3,20),13),24),8))));

STEP 115 [SPR_ClassicHeuristic_MP -> NNI_Substep_99] - Distance: 23.0000
(((((29,25),7),(((((((14,16),12),(19,17)),((6,28),10)),2),26),4)),((22,18),(27,9))),(11,((((5,23),21),((1,30),15)),((((20,13),3),24),8))));

STEP 116 [SPR_ClassicHeuristic_MP -> NNI_Substep_100] - Distance: 23.0000
(((((29,25),7),(((((((14,16),12),(19,17)),((6,28),10)),2),26),4)),((22,18),(27,9))),(11,((((5,23),21),((1,30),15)),((((20,13),24),3),8))));

STEP 117 [SPR_ClassicHeuristic_MP -> NNI_Substep_101] - Distance: 23.0000
(((((29,25),7),(((((((14,16),12),(19,17)),((6,28),10)),2),26),4)),((22,18),(27,9))),(11,((((5,23),21),((1,30),15)),((((20,13),24),8),3))));

STEP 118 [SPR_ClassicHeuristic_MP -> NNI_Substep_102] - Distance: 22.0000
(((((29,25),7),(((((((14,16),12),(19,17)),((6,28),10)),2),26),4)),((22,18),(27,9))),(11,(((((5,23),21),((1,30),15)),(((20,13),24),8)),3)));

STEP 119 [SPR_ClassicHeuristic_MP -> NNI_Substep_103] - Distance: 22.0000
(((((29,25),7),(((((((14,16),12),(19,17)),((6,28),10)),2),26),4)),((22,18),(27,9))),((11,((((5,23),21),((1,30),15)),(((20,13),24),8))),3));

STEP 120 [SPR_ClassicHeuristic_MP -> NNI_Substep_104] - Distance: 12.0000
(((((29,25),7),(((((((14,16),12),(19,17)),((6,28),10)),2),26),4)),((22,18),(27,9))),((11,3),((((5,23),21),((1,30),15)),(((20,13),24),8))));

STEP 121 [SPR_ClassicHeuristic_MP -> NNI_Substep_105] - Distance: 12.0000
(((((29,25),7),((((((((14,16),12),19),17),((6,28),10)),2),26),4)),((22,18),(27,9))),((11,3),((((5,23),21),((1,30),15)),(((20,13),24),8))));

STEP 122 [SPR_ClassicHeuristic_MP -> NNI_Substep_106] - Distance: 12.0000
(((((29,25),7),((((((((14,16),12),19),((6,28),10)),17),2),26),4)),((22,18),(27,9))),((11,3),((((5,23),21),((1,30),15)),(((20,13),24),8))));

STEP 123 [SPR_ClassicHeuristic_MP -> NNI_Substep_107] - Distance: 11.0000
(((((29,25),7),((((((((14,16),12),19),((6,28),10)),2),17),26),4)),((22,18),(27,9))),((11,3),((((5,23),21),((1,30),15)),(((20,13),24),8))));

STEP 124 [SPR_ClassicHeuristic_MP -> NNI_Substep_108] - Distance: 11.0000
(((((29,25),7),((((((((14,16),12),19),((6,28),10)),2),26),17),4)),((22,18),(27,9))),((11,3),((((5,23),21),((1,30),15)),(((20,13),24),8))));

STEP 125 [SPR_ClassicHeuristic_MP -> NNI_Substep_109] - Distance: 3.0000
(((((29,25),7),(((((((14,16),12),19),((6,28),10)),2),(26,17)),4)),((22,18),(27,9))),((11,3),((((5,23),21),((1,30),15)),(((20,13),24),8))));

STEP 126 [SPR_ClassicHeuristic_MP -> NNI_Substep_110] - Distance: 0.0000
(((((29,25),7),(((((((14,16),12),((6,28),10)),19),2),(26,17)),4)),((22,18),(27,9))),((11,3),((((5,23),21),((1,30),15)),(((20,13),24),8))));

========================================================
[FINAL] Total Steps: 126 | Final Distance: 0.0000
========================================================
