========================================================
HEURISTIC TRAJECTORY: VND Incremental (MC_RF)
========================================================
STEP 0 [START] - Distance: 153.0000
((((12,(26,(4,28))),(30,17)),(6,(20,29))),((((((15,(11,7)),((2,3),(8,21))),(1,(24,27))),(16,((10,5),(22,13)))),(23,(14,(18,25)))),(19,9)));

STEP 1 [NNI_IncrementalHeuristic_MC_RF -> NNI_Substep_1] - Distance: 146.0000
((((12,(26,(4,28))),(30,17)),(6,(20,29))),(((19,9),(23,(14,(18,25)))),((((15,(11,7)),((2,3),(8,21))),(1,(24,27))),(16,((10,5),(22,13))))));

STEP 2 [NNI_IncrementalHeuristic_MC_RF -> NNI_Substep_2] - Distance: 142.0000
((((12,(26,(4,28))),(30,17)),(6,(20,29))),((((15,(11,7)),((2,3),(8,21))),(1,(24,27))),(((19,9),(23,(14,(18,25)))),(16,((10,5),(22,13))))));

STEP 3 [NNI_IncrementalHeuristic_MC_RF -> NNI_Substep_3] - Distance: 140.0000
((((12,(26,(4,28))),(30,17)),(6,(20,29))),((((15,(11,7)),((2,3),(8,21))),(1,(24,27))),(((10,5),(22,13)),(16,((19,9),(23,(14,(18,25))))))));

STEP 4 [NNI_IncrementalHeuristic_MC_RF -> NNI_Substep_4] - Distance: 139.0000
((((6,(20,29)),(30,17)),(12,(26,(4,28)))),((((15,(11,7)),((2,3),(8,21))),(1,(24,27))),(((10,5),(22,13)),(16,((19,9),(23,(14,(18,25))))))));

STEP 5 [NNI_IncrementalHeuristic_MC_RF -> NNI_Substep_5] - Distance: 138.0000
((((6,(20,29)),(30,17)),((4,28),(26,12))),((((15,(11,7)),((2,3),(8,21))),(1,(24,27))),(((10,5),(22,13)),(16,((19,9),(23,(14,(18,25))))))));

STEP 6 [NNI_IncrementalHeuristic_MC_RF -> NNI_Substep_6] - Distance: 137.0000
(((4,28),(((6,(20,29)),(30,17)),(26,12))),((((15,(11,7)),((2,3),(8,21))),(1,(24,27))),(((10,5),(22,13)),(16,((19,9),(23,(14,(18,25))))))));

STEP 7 [NNI_IncrementalHeuristic_MC_RF -> NNI_Substep_7] - Distance: 136.0000
(((4,28),(((26,12),(30,17)),(6,(20,29)))),((((15,(11,7)),((2,3),(8,21))),(1,(24,27))),(((10,5),(22,13)),(16,((19,9),(23,(14,(18,25))))))));

STEP 8 [NNI_IncrementalHeuristic_MC_RF -> NNI_Substep_8] - Distance: 135.0000
(((4,28),(((26,(30,17)),12),(6,(20,29)))),((((15,(11,7)),((2,3),(8,21))),(1,(24,27))),(((10,5),(22,13)),(16,((19,9),(23,(14,(18,25))))))));

STEP 9 [NNI_IncrementalHeuristic_MC_RF -> NNI_Substep_9] - Distance: 134.0000
(((4,28),(((26,(30,17)),12),(6,(20,29)))),((((8,21),((2,3),(15,(11,7)))),(1,(24,27))),(((10,5),(22,13)),(16,((19,9),(23,(14,(18,25))))))));

STEP 10 [NNI_IncrementalHeuristic_MC_RF -> NNI_Substep_10] - Distance: 133.0000
(((4,28),(((26,(30,17)),12),(6,(20,29)))),((((8,21),((2,3),(15,(11,7)))),(1,(24,27))),(((10,5),(22,13)),((19,9),(16,(23,(14,(18,25))))))));

STEP 11 [NNI_IncrementalHeuristic_MC_RF -> NNI_Substep_11] - Distance: 131.0000
(((4,28),(((26,(30,17)),12),(6,(20,29)))),((((8,21),((2,3),(15,(11,7)))),(1,(24,27))),(((10,5),(22,13)),((19,9),((14,(18,25)),(23,16))))));

STEP 12 [TBR_IncrementalHeuristic_MC_RF -> NNI_Substep_1] - Distance: 131.0000
(((4,28),((((26,17),30),12),(6,(20,29)))),((((8,21),((2,3),(15,(11,7)))),(1,(24,27))),(((10,5),(22,13)),((19,9),((14,(18,25)),(23,16))))));

STEP 13 [TBR_IncrementalHeuristic_MC_RF -> NNI_Substep_2] - Distance: 131.0000
(((4,28),((((26,17),12),30),(6,(20,29)))),((((8,21),((2,3),(15,(11,7)))),(1,(24,27))),(((10,5),(22,13)),((19,9),((14,(18,25)),(23,16))))));

STEP 14 [TBR_IncrementalHeuristic_MC_RF -> NNI_Substep_3] - Distance: 131.0000
(((4,28),((((26,17),12),(6,(20,29))),30)),((((8,21),((2,3),(15,(11,7)))),(1,(24,27))),(((10,5),(22,13)),((19,9),((14,(18,25)),(23,16))))));

STEP 15 [TBR_IncrementalHeuristic_MC_RF -> NNI_Substep_4] - Distance: 132.0000
((((4,28),(((26,17),12),(6,(20,29)))),30),((((8,21),((2,3),(15,(11,7)))),(1,(24,27))),(((10,5),(22,13)),((19,9),((14,(18,25)),(23,16))))));

STEP 16 [TBR_IncrementalHeuristic_MC_RF -> NNI_Substep_5] - Distance: 131.0000
(((4,28),(((26,17),12),(6,(20,29)))),(((((8,21),((2,3),(15,(11,7)))),(1,(24,27))),30),(((10,5),(22,13)),((19,9),((14,(18,25)),(23,16))))));

STEP 17 [TBR_IncrementalHeuristic_MC_RF -> NNI_Substep_6] - Distance: 131.0000
(((4,28),(((26,17),12),(6,(20,29)))),(((((8,21),((2,3),(15,(11,7)))),30),(1,(24,27))),(((10,5),(22,13)),((19,9),((14,(18,25)),(23,16))))));

STEP 18 [TBR_IncrementalHeuristic_MC_RF -> NNI_Substep_7] - Distance: 130.0000
(((4,28),(((26,17),12),(6,(20,29)))),((((8,21),(((2,3),(15,(11,7))),30)),(1,(24,27))),(((10,5),(22,13)),((19,9),((14,(18,25)),(23,16))))));

STEP 19 [TBR_IncrementalHeuristic_MC_RF -> NNI_Substep_8] - Distance: 128.0000
(((4,28),(((26,17),12),(6,(20,29)))),((((8,21),(((2,3),30),(15,(11,7)))),(1,(24,27))),(((10,5),(22,13)),((19,9),((14,(18,25)),(23,16))))));

STEP 20 [TBR_IncrementalHeuristic_MC_RF -> NNI_Substep_9] - Distance: 126.0000
(((4,28),(((26,17),12),(6,(20,29)))),((((8,21),(((2,30),3),(15,(11,7)))),(1,(24,27))),(((10,5),(22,13)),((19,9),((14,(18,25)),(23,16))))));

STEP 21 [TBR_IncrementalHeuristic_MC_RF -> NNI_Substep_10] - Distance: 127.0000
(((4,28),(((26,17),12),(6,(20,29)))),((((8,21),((3,(15,(11,7))),(2,30))),(1,(24,27))),(((10,5),(22,13)),((19,9),((14,(18,25)),(23,16))))));

STEP 22 [TBR_IncrementalHeuristic_MC_RF -> NNI_Substep_11] - Distance: 127.0000
(((4,28),(((26,17),12),(6,(20,29)))),(((((8,21),(3,(15,(11,7)))),(2,30)),(1,(24,27))),(((10,5),(22,13)),((19,9),((14,(18,25)),(23,16))))));

STEP 23 [TBR_IncrementalHeuristic_MC_RF -> NNI_Substep_12] - Distance: 126.0000
(((4,28),(((26,17),12),(6,(20,29)))),(((((8,21),(3,(15,(11,7)))),(1,(24,27))),(2,30)),(((10,5),(22,13)),((19,9),((14,(18,25)),(23,16))))));

STEP 24 [TBR_IncrementalHeuristic_MC_RF -> NNI_Substep_13] - Distance: 122.0000
(((4,28),(((26,17),12),(6,(20,29)))),((((8,21),(3,(15,(11,7)))),((1,(24,27)),(2,30))),(((10,5),(22,13)),((19,9),((14,(18,25)),(23,16))))));

STEP 25 [TBR_IncrementalHeuristic_MC_RF -> NNI_Substep_14] - Distance: 118.0000
(((4,28),(((26,17),12),(6,(20,29)))),((((8,21),(3,(15,(11,7)))),((1,(2,30)),(24,27))),(((10,5),(22,13)),((19,9),((14,(18,25)),(23,16))))));

STEP 26 [TBR_IncrementalHeuristic_MC_RF -> NNI_Substep_15] - Distance: 123.0000
(((28,(((26,17),12),(6,(20,29)))),4),((((8,21),(3,(15,(11,7)))),((1,(2,30)),(24,27))),(((10,5),(22,13)),((19,9),((14,(18,25)),(23,16))))));

STEP 27 [TBR_IncrementalHeuristic_MC_RF -> NNI_Substep_16] - Distance: 124.0000
((28,(((26,17),12),(6,(20,29)))),(((((8,21),(3,(15,(11,7)))),((1,(2,30)),(24,27))),4),(((10,5),(22,13)),((19,9),((14,(18,25)),(23,16))))));

STEP 28 [TBR_IncrementalHeuristic_MC_RF -> NNI_Substep_17] - Distance: 118.0000
((28,(((26,17),12),(6,(20,29)))),(((((8,21),(3,(15,(11,7)))),4),((1,(2,30)),(24,27))),(((10,5),(22,13)),((19,9),((14,(18,25)),(23,16))))));

STEP 29 [TBR_IncrementalHeuristic_MC_RF -> NNI_Substep_18] - Distance: 115.0000
((28,(((26,17),12),(6,(20,29)))),((((8,21),((3,(15,(11,7))),4)),((1,(2,30)),(24,27))),(((10,5),(22,13)),((19,9),((14,(18,25)),(23,16))))));

STEP 30 [TBR_IncrementalHeuristic_MC_RF -> NNI_Substep_19] - Distance: 111.0000
((28,(((26,17),12),(6,(20,29)))),((((8,21),((3,4),(15,(11,7)))),((1,(2,30)),(24,27))),(((10,5),(22,13)),((19,9),((14,(18,25)),(23,16))))));

STEP 31 [TBR_IncrementalHeuristic_MC_RF -> NNI_Substep_20] - Distance: 111.0000
((28,(((26,17),12),(6,(20,29)))),((((8,21),(((3,4),15),(11,7))),((1,(2,30)),(24,27))),(((10,5),(22,13)),((19,9),((14,(18,25)),(23,16))))));

STEP 32 [TBR_IncrementalHeuristic_MC_RF -> NNI_Substep_21] - Distance: 111.0000
((28,(((26,17),12),(6,(20,29)))),(((((8,21),((3,4),15)),(11,7)),((1,(2,30)),(24,27))),(((10,5),(22,13)),((19,9),((14,(18,25)),(23,16))))));

STEP 33 [TBR_IncrementalHeuristic_MC_RF -> NNI_Substep_22] - Distance: 112.0000
((28,(((26,17),12),(6,(20,29)))),(((((8,21),((3,4),15)),((1,(2,30)),(24,27))),(11,7)),(((10,5),(22,13)),((19,9),((14,(18,25)),(23,16))))));

STEP 34 [TBR_IncrementalHeuristic_MC_RF -> NNI_Substep_23] - Distance: 115.0000
((28,(((26,17),12),(6,(20,29)))),(((((8,21),((3,4),15)),((1,(2,30)),(24,27))),(((10,5),(22,13)),((19,9),((14,(18,25)),(23,16))))),(11,7)));

STEP 35 [TBR_IncrementalHeuristic_MC_RF -> NNI_Substep_24] - Distance: 101.0000
(((28,(11,7)),(((26,17),12),(6,(20,29)))),((((8,21),((3,4),15)),((1,(2,30)),(24,27))),(((10,5),(22,13)),((19,9),((14,(18,25)),(23,16))))));

STEP 36 [TBR_IncrementalHeuristic_MC_RF -> NNI_Substep_25] - Distance: 103.0000
(((28,(11,7)),((((26,17),12),(20,29)),6)),((((8,21),((3,4),15)),((1,(2,30)),(24,27))),(((10,5),(22,13)),((19,9),((14,(18,25)),(23,16))))));

STEP 37 [TBR_IncrementalHeuristic_MC_RF -> NNI_Substep_26] - Distance: 103.0000
((((28,(11,7)),(((26,17),12),(20,29))),6),((((8,21),((3,4),15)),((1,(2,30)),(24,27))),(((10,5),(22,13)),((19,9),((14,(18,25)),(23,16))))));

STEP 38 [TBR_IncrementalHeuristic_MC_RF -> NNI_Substep_27] - Distance: 105.0000
(((28,(11,7)),(((26,17),12),(20,29))),((((8,21),((3,4),15)),((1,(2,30)),(24,27))),((((10,5),(22,13)),((19,9),((14,(18,25)),(23,16)))),6)));

STEP 39 [TBR_IncrementalHeuristic_MC_RF -> NNI_Substep_28] - Distance: 102.0000
(((28,(11,7)),(((26,17),12),(20,29))),((((8,21),((3,4),15)),((1,(2,30)),(24,27))),(((10,5),(22,13)),(((19,9),((14,(18,25)),(23,16))),6))));

STEP 40 [TBR_IncrementalHeuristic_MC_RF -> NNI_Substep_29] - Distance: 96.0000
(((28,(11,7)),(((26,17),12),(20,29))),((((8,21),((3,4),15)),((1,(2,30)),(24,27))),(((10,5),(22,13)),(((19,9),6),((14,(18,25)),(23,16))))));

STEP 41 [TBR_IncrementalHeuristic_MC_RF -> NNI_Substep_30] - Distance: 94.0000
(((28,(11,7)),(((26,17),12),(20,29))),((((8,21),((3,4),15)),((1,(2,30)),(24,27))),(((10,5),(22,13)),(((19,6),9),((14,(18,25)),(23,16))))));

STEP 42 [TBR_IncrementalHeuristic_MC_RF -> NNI_Substep_31] - Distance: 96.0000
(((28,(11,7)),(((26,17),12),(20,29))),((((8,21),((3,4),15)),((1,(2,30)),(24,27))),(((10,5),(22,13)),(((19,6),9),(((14,(18,25)),16),23)))));

STEP 43 [TBR_IncrementalHeuristic_MC_RF -> NNI_Substep_32] - Distance: 96.0000
(((28,(11,7)),(((26,17),12),(20,29))),((((8,21),((3,4),15)),((1,(2,30)),(24,27))),(((10,5),(22,13)),((((19,6),9),((14,(18,25)),16)),23))));

STEP 44 [TBR_IncrementalHeuristic_MC_RF -> NNI_Substep_33] - Distance: 99.0000
(((28,(11,7)),(((26,17),12),(20,29))),((((8,21),((3,4),15)),((1,(2,30)),(24,27))),((((10,5),(22,13)),(((19,6),9),((14,(18,25)),16))),23)));

STEP 45 [TBR_IncrementalHeuristic_MC_RF -> NNI_Substep_34] - Distance: 102.0000
(((28,(11,7)),(((26,17),12),(20,29))),(((((8,21),((3,4),15)),((1,(2,30)),(24,27))),(((10,5),(22,13)),(((19,6),9),((14,(18,25)),16)))),23));

STEP 46 [TBR_IncrementalHeuristic_MC_RF -> NNI_Substep_35] - Distance: 89.0000
((((28,(11,7)),23),(((26,17),12),(20,29))),((((8,21),((3,4),15)),((1,(2,30)),(24,27))),(((10,5),(22,13)),(((19,6),9),((14,(18,25)),16)))));

STEP 47 [TBR_IncrementalHeuristic_MC_RF -> NNI_Substep_36] - Distance: 87.0000
(((28,((11,7),23)),(((26,17),12),(20,29))),((((8,21),((3,4),15)),((1,(2,30)),(24,27))),(((10,5),(22,13)),(((19,6),9),((14,(18,25)),16)))));

STEP 48 [TBR_IncrementalHeuristic_MC_RF -> NNI_Substep_37] - Distance: 87.0000
(((28,((11,23),7)),(((26,17),12),(20,29))),((((8,21),((3,4),15)),((1,(2,30)),(24,27))),(((10,5),(22,13)),(((19,6),9),((14,(18,25)),16)))));

STEP 49 [TBR_IncrementalHeuristic_MC_RF -> NNI_Substep_38] - Distance: 88.0000
(((28,((11,23),7)),(((26,17),12),(20,29))),((((8,21),((3,4),15)),((1,(2,30)),(24,27))),((((10,5),22),13),(((19,6),9),((14,(18,25)),16)))));

STEP 50 [TBR_IncrementalHeuristic_MC_RF -> NNI_Substep_39] - Distance: 94.0000
(((28,((11,23),7)),(((26,17),12),(20,29))),((((8,21),((3,4),15)),((1,(2,30)),(24,27))),((((10,5),22),(((19,6),9),((14,(18,25)),16))),13)));

STEP 51 [TBR_IncrementalHeuristic_MC_RF -> NNI_Substep_40] - Distance: 95.0000
(((28,((11,23),7)),(((26,17),12),(20,29))),(((((8,21),((3,4),15)),((1,(2,30)),(24,27))),(((10,5),22),(((19,6),9),((14,(18,25)),16)))),13));

STEP 52 [TBR_IncrementalHeuristic_MC_RF -> NNI_Substep_41] - Distance: 82.0000
((((28,((11,23),7)),13),(((26,17),12),(20,29))),((((8,21),((3,4),15)),((1,(2,30)),(24,27))),(((10,5),22),(((19,6),9),((14,(18,25)),16)))));

STEP 53 [TBR_IncrementalHeuristic_MC_RF -> NNI_Substep_42] - Distance: 82.0000
(((28,(((11,23),7),13)),(((26,17),12),(20,29))),((((8,21),((3,4),15)),((1,(2,30)),(24,27))),(((10,5),22),(((19,6),9),((14,(18,25)),16)))));

STEP 54 [TBR_IncrementalHeuristic_MC_RF -> NNI_Substep_43] - Distance: 80.0000
(((28,(((11,23),13),7)),(((26,17),12),(20,29))),((((8,21),((3,4),15)),((1,(2,30)),(24,27))),(((10,5),22),(((19,6),9),((14,(18,25)),16)))));

STEP 55 [TBR_IncrementalHeuristic_MC_RF -> NNI_Substep_44] - Distance: 78.0000
((((28,((11,23),13)),7),(((26,17),12),(20,29))),((((8,21),((3,4),15)),((1,(2,30)),(24,27))),(((10,5),22),(((19,6),9),((14,(18,25)),16)))));

STEP 56 [TBR_IncrementalHeuristic_MC_RF -> NNI_Substep_45] - Distance: 82.0000
((((28,((11,23),13)),(((26,17),12),(20,29))),7),((((8,21),((3,4),15)),((1,(2,30)),(24,27))),(((10,5),22),(((19,6),9),((14,(18,25)),16)))));

STEP 57 [TBR_IncrementalHeuristic_MC_RF -> NNI_Substep_46] - Distance: 79.0000
(((28,((11,23),13)),((((26,17),12),(20,29)),7)),((((8,21),((3,4),15)),((1,(2,30)),(24,27))),(((10,5),22),(((19,6),9),((14,(18,25)),16)))));

STEP 58 [TBR_IncrementalHeuristic_MC_RF -> NNI_Substep_47] - Distance: 77.0000
(((28,((11,23),13)),(((26,17),12),((20,29),7))),((((8,21),((3,4),15)),((1,(2,30)),(24,27))),(((10,5),22),(((19,6),9),((14,(18,25)),16)))));

STEP 59 [TBR_IncrementalHeuristic_MC_RF -> NNI_Substep_48] - Distance: 77.0000
(((28,((11,23),13)),(((26,17),12),((20,7),29))),((((8,21),((3,4),15)),((1,(2,30)),(24,27))),(((10,5),22),(((19,6),9),((14,(18,25)),16)))));

STEP 60 [TBR_IncrementalHeuristic_MC_RF -> NNI_Substep_49] - Distance: 77.0000
(((28,((11,23),13)),(((26,17),12),((20,7),29))),((((8,21),((3,4),15)),((1,(2,30)),(24,27))),(((10,22),5),(((19,6),9),((14,(18,25)),16)))));

STEP 61 [TBR_IncrementalHeuristic_MC_RF -> NNI_Substep_50] - Distance: 83.0000
(((28,((11,23),13)),(((26,17),12),((20,7),29))),((((8,21),((3,4),15)),((1,(2,30)),(24,27))),(((10,22),(((19,6),9),((14,(18,25)),16))),5)));

STEP 62 [TBR_IncrementalHeuristic_MC_RF -> NNI_Substep_51] - Distance: 84.0000
(((28,((11,23),13)),(((26,17),12),((20,7),29))),(((((8,21),((3,4),15)),((1,(2,30)),(24,27))),((10,22),(((19,6),9),((14,(18,25)),16)))),5));

STEP 63 [TBR_IncrementalHeuristic_MC_RF -> NNI_Substep_52] - Distance: 68.0000
((((28,((11,23),13)),5),(((26,17),12),((20,7),29))),((((8,21),((3,4),15)),((1,(2,30)),(24,27))),((10,22),(((19,6),9),((14,(18,25)),16)))));

STEP 64 [TBR_IncrementalHeuristic_MC_RF -> NNI_Substep_53] - Distance: 69.0000
((((28,((11,23),13)),5),((12,((20,7),29)),(26,17))),((((8,21),((3,4),15)),((1,(2,30)),(24,27))),((10,22),(((19,6),9),((14,(18,25)),16)))));

STEP 65 [TBR_IncrementalHeuristic_MC_RF -> NNI_Substep_54] - Distance: 66.0000
((((28,((11,23),13)),5),(12,(((20,7),29),(26,17)))),((((8,21),((3,4),15)),((1,(2,30)),(24,27))),((10,22),(((19,6),9),((14,(18,25)),16)))));

STEP 66 [TBR_IncrementalHeuristic_MC_RF -> NNI_Substep_55] - Distance: 63.0000
((((28,((11,23),13)),5),(12,(((20,7),(26,17)),29))),((((8,21),((3,4),15)),((1,(2,30)),(24,27))),((10,22),(((19,6),9),((14,(18,25)),16)))));

STEP 67 [TBR_IncrementalHeuristic_MC_RF -> NNI_Substep_56] - Distance: 63.0000
((((28,((11,23),13)),5),(12,(((20,7),(26,17)),29))),((((8,21),((3,4),15)),((1,(2,30)),(24,27))),((10,22),(((19,6),9),(((18,25),16),14)))));

STEP 68 [TBR_IncrementalHeuristic_MC_RF -> NNI_Substep_57] - Distance: 63.0000
((((28,((11,23),13)),5),(12,(((20,7),(26,17)),29))),((((8,21),((3,4),15)),((1,(2,30)),(24,27))),((10,22),((((19,6),9),((18,25),16)),14))));

STEP 69 [TBR_IncrementalHeuristic_MC_RF -> NNI_Substep_58] - Distance: 64.0000
((((28,((11,23),13)),5),(12,(((20,7),(26,17)),29))),((((8,21),((3,4),15)),((1,(2,30)),(24,27))),(((10,22),(((19,6),9),((18,25),16))),14)));

STEP 70 [TBR_IncrementalHeuristic_MC_RF -> NNI_Substep_59] - Distance: 65.0000
((((28,((11,23),13)),5),(12,(((20,7),(26,17)),29))),(((((8,21),((3,4),15)),((1,(2,30)),(24,27))),((10,22),(((19,6),9),((18,25),16)))),14));

STEP 71 [TBR_IncrementalHeuristic_MC_RF -> NNI_Substep_60] - Distance: 58.0000
((((28,((11,23),13)),5),((12,(((20,7),(26,17)),29)),14)),((((8,21),((3,4),15)),((1,(2,30)),(24,27))),((10,22),(((19,6),9),((18,25),16)))));

STEP 72 [TBR_IncrementalHeuristic_MC_RF -> NNI_Substep_61] - Distance: 56.0000
((((28,((11,23),13)),5),(12,((((20,7),(26,17)),29),14))),((((8,21),((3,4),15)),((1,(2,30)),(24,27))),((10,22),(((19,6),9),((18,25),16)))));

STEP 73 [TBR_IncrementalHeuristic_MC_RF -> NNI_Substep_62] - Distance: 56.0000
((((28,((11,23),13)),5),(12,((((20,7),(26,17)),14),29))),((((8,21),((3,4),15)),((1,(2,30)),(24,27))),((10,22),(((19,6),9),((18,25),16)))));

STEP 74 [TBR_IncrementalHeuristic_MC_RF -> NNI_Substep_63] - Distance: 56.0000
((((28,((11,23),13)),5),(12,((((20,7),(26,17)),14),29))),((((8,21),((3,4),15)),((1,(2,30)),(24,27))),((10,22),(((19,6),9),((18,16),25)))));

STEP 75 [TBR_IncrementalHeuristic_MC_RF -> NNI_Substep_64] - Distance: 58.0000
((((28,((11,23),13)),5),(12,((((20,7),(26,17)),14),29))),((((8,21),((3,4),15)),((1,(2,30)),(24,27))),((10,22),((((19,6),9),(18,16)),25))));

STEP 76 [TBR_IncrementalHeuristic_MC_RF -> NNI_Substep_65] - Distance: 61.0000
((((28,((11,23),13)),5),(12,((((20,7),(26,17)),14),29))),((((8,21),((3,4),15)),((1,(2,30)),(24,27))),(((10,22),(((19,6),9),(18,16))),25)));

STEP 77 [TBR_IncrementalHeuristic_MC_RF -> NNI_Substep_66] - Distance: 64.0000
((((28,((11,23),13)),5),(12,((((20,7),(26,17)),14),29))),(((((8,21),((3,4),15)),((1,(2,30)),(24,27))),((10,22),(((19,6),9),(18,16)))),25));

STEP 78 [TBR_IncrementalHeuristic_MC_RF -> NNI_Substep_67] - Distance: 63.0000
((((28,((11,23),13)),5),((12,((((20,7),(26,17)),14),29)),25)),((((8,21),((3,4),15)),((1,(2,30)),(24,27))),((10,22),(((19,6),9),(18,16)))));

STEP 79 [TBR_IncrementalHeuristic_MC_RF -> NNI_Substep_68] - Distance: 58.0000
((((28,((11,23),13)),5),((12,25),((((20,7),(26,17)),14),29))),((((8,21),((3,4),15)),((1,(2,30)),(24,27))),((10,22),(((19,6),9),(18,16)))));

STEP 80 [TBR_IncrementalHeuristic_MC_RF -> NNI_Substep_69] - Distance: 59.0000
((((28,((11,23),13)),5),((12,25),((((20,7),(26,17)),14),29))),((((8,21),((3,4),15)),((1,(2,30)),(24,27))),((10,22),(((19,6),(18,16)),9))));

STEP 81 [TBR_IncrementalHeuristic_MC_RF -> NNI_Substep_70] - Distance: 60.0000
((((28,((11,23),13)),5),((12,25),((((20,7),(26,17)),14),29))),((((8,21),((3,4),15)),((1,(2,30)),(24,27))),(((10,22),((19,6),(18,16))),9)));

STEP 82 [TBR_IncrementalHeuristic_MC_RF -> NNI_Substep_71] - Distance: 61.0000
((((28,((11,23),13)),5),((12,25),((((20,7),(26,17)),14),29))),(((((8,21),((3,4),15)),((1,(2,30)),(24,27))),((10,22),((19,6),(18,16)))),9));

STEP 83 [TBR_IncrementalHeuristic_MC_RF -> NNI_Substep_72] - Distance: 60.0000
((((28,((11,23),13)),5),((12,25),((((20,7),(26,17)),14),29))),(((((8,21),((3,4),15)),((1,(2,30)),(24,27))),9),((10,22),((19,6),(18,16)))));

STEP 84 [TBR_IncrementalHeuristic_MC_RF -> NNI_Substep_73] - Distance: 56.0000
((((28,((11,23),13)),5),((12,25),((((20,7),(26,17)),14),29))),((((8,21),((3,4),15)),(((1,(2,30)),(24,27)),9)),((10,22),((19,6),(18,16)))));

STEP 85 [TBR_IncrementalHeuristic_MC_RF -> NNI_Substep_74] - Distance: 54.0000
((((28,((11,23),13)),5),((12,25),((((20,7),(26,17)),14),29))),((((8,21),((3,4),15)),((1,(2,30)),((24,27),9))),((10,22),((19,6),(18,16)))));

STEP 86 [TBR_IncrementalHeuristic_MC_RF -> NNI_Substep_75] - Distance: 52.0000
((((28,((11,23),13)),5),((12,25),((((20,7),(26,17)),14),29))),((((8,21),((3,4),15)),((1,(2,30)),((24,9),27))),((10,22),((19,6),(18,16)))));

STEP 87 [TBR_IncrementalHeuristic_MC_RF -> NNI_Substep_76] - Distance: 54.0000
((((28,((11,23),13)),5),((12,25),((((20,7),(26,17)),14),29))),((((21,((3,4),15)),8),((1,(2,30)),((24,9),27))),((10,22),((19,6),(18,16)))));

STEP 88 [TBR_IncrementalHeuristic_MC_RF -> NNI_Substep_77] - Distance: 57.0000
((((28,((11,23),13)),5),((12,25),((((20,7),(26,17)),14),29))),((((21,((3,4),15)),((1,(2,30)),((24,9),27))),8),((10,22),((19,6),(18,16)))));

STEP 89 [TBR_IncrementalHeuristic_MC_RF -> NNI_Substep_78] - Distance: 52.0000
((((28,((11,23),13)),5),((12,25),((((20,7),(26,17)),14),29))),(((21,((3,4),15)),(((1,(2,30)),((24,9),27)),8)),((10,22),((19,6),(18,16)))));

STEP 90 [TBR_IncrementalHeuristic_MC_RF -> NNI_Substep_79] - Distance: 50.0000
((((28,((11,23),13)),5),((12,25),((((20,7),(26,17)),14),29))),(((21,((3,4),15)),((1,(2,30)),(((24,9),27),8))),((10,22),((19,6),(18,16)))));

STEP 91 [TBR_IncrementalHeuristic_MC_RF -> NNI_Substep_80] - Distance: 48.0000
((((28,((11,23),13)),5),((12,25),((((20,7),(26,17)),14),29))),(((21,((3,4),15)),((1,(2,30)),(((24,9),8),27))),((10,22),((19,6),(18,16)))));

STEP 92 [TBR_IncrementalHeuristic_MC_RF -> NNI_Substep_81] - Distance: 51.0000
((((28,((11,23),13)),5),((12,25),((((20,7),(26,17)),14),29))),(((21,((3,4),15)),((1,(2,30)),(((24,9),8),27))),((22,((19,6),(18,16))),10)));

STEP 93 [TBR_IncrementalHeuristic_MC_RF -> NNI_Substep_82] - Distance: 55.0000
((((28,((11,23),13)),5),((12,25),((((20,7),(26,17)),14),29))),((((21,((3,4),15)),((1,(2,30)),(((24,9),8),27))),(22,((19,6),(18,16)))),10));

STEP 94 [TBR_IncrementalHeuristic_MC_RF -> NNI_Substep_83] - Distance: 55.0000
((((28,((11,23),13)),5),((12,25),((((20,7),(26,17)),14),29))),((((21,((3,4),15)),((1,(2,30)),(((24,9),8),27))),10),(22,((19,6),(18,16)))));

STEP 95 [TBR_IncrementalHeuristic_MC_RF -> NNI_Substep_84] - Distance: 47.0000
((((28,((11,23),13)),5),((12,25),((((20,7),(26,17)),14),29))),((((21,((3,4),15)),10),((1,(2,30)),(((24,9),8),27))),(22,((19,6),(18,16)))));

STEP 96 [TBR_IncrementalHeuristic_MC_RF -> NNI_Substep_85] - Distance: 43.0000
((((28,((11,23),13)),5),((12,25),((((20,7),(26,17)),14),29))),((((21,10),((3,4),15)),((1,(2,30)),(((24,9),8),27))),(22,((19,6),(18,16)))));

STEP 97 [TBR_IncrementalHeuristic_MC_RF -> NNI_Substep_86] - Distance: 44.0000
((((28,((11,23),13)),5),(((12,25),(((20,7),(26,17)),14)),29)),((((21,10),((3,4),15)),((1,(2,30)),(((24,9),8),27))),(22,((19,6),(18,16)))));

STEP 98 [TBR_IncrementalHeuristic_MC_RF -> NNI_Substep_87] - Distance: 48.0000
(((((28,((11,23),13)),5),((12,25),(((20,7),(26,17)),14))),29),((((21,10),((3,4),15)),((1,(2,30)),(((24,9),8),27))),(22,((19,6),(18,16)))));

STEP 99 [TBR_IncrementalHeuristic_MC_RF -> NNI_Substep_88] - Distance: 45.0000
((((28,((11,23),13)),5),((12,25),(((20,7),(26,17)),14))),(((((21,10),((3,4),15)),((1,(2,30)),(((24,9),8),27))),29),(22,((19,6),(18,16)))));

STEP 100 [TBR_IncrementalHeuristic_MC_RF -> NNI_Substep_89] - Distance: 41.0000
((((28,((11,23),13)),5),((12,25),(((20,7),(26,17)),14))),((((21,10),((3,4),15)),(((1,(2,30)),(((24,9),8),27)),29)),(22,((19,6),(18,16)))));

STEP 101 [TBR_IncrementalHeuristic_MC_RF -> NNI_Substep_90] - Distance: 39.0000
((((28,((11,23),13)),5),((12,25),(((20,7),(26,17)),14))),((((21,10),((3,4),15)),((1,(2,30)),((((24,9),8),27),29))),(22,((19,6),(18,16)))));

STEP 102 [TBR_IncrementalHeuristic_MC_RF -> NNI_Substep_91] - Distance: 39.0000
((((28,((11,23),13)),5),((12,25),(((20,7),(26,17)),14))),((((21,10),((3,4),15)),((1,(2,30)),((((24,9),8),29),27))),(22,((19,6),(18,16)))));

STEP 103 [TBR_IncrementalHeuristic_MC_RF -> NNI_Substep_92] - Distance: 41.0000
((((28,((11,23),13)),5),((12,25),(((20,7),(26,17)),14))),((((21,10),((3,4),15)),(((1,(2,30)),(((24,9),8),29)),27)),(22,((19,6),(18,16)))));

STEP 104 [TBR_IncrementalHeuristic_MC_RF -> NNI_Substep_93] - Distance: 45.0000
((((28,((11,23),13)),5),((12,25),(((20,7),(26,17)),14))),(((((21,10),((3,4),15)),((1,(2,30)),(((24,9),8),29))),27),(22,((19,6),(18,16)))));

STEP 105 [TBR_IncrementalHeuristic_MC_RF -> NNI_Substep_94] - Distance: 43.0000
((((28,((11,23),13)),5),((12,25),(((20,7),(26,17)),14))),(((((21,10),((3,4),15)),((1,(2,30)),(((24,9),8),29))),(22,((19,6),(18,16)))),27));

STEP 106 [TBR_IncrementalHeuristic_MC_RF -> NNI_Substep_95] - Distance: 36.0000
((((28,((11,23),13)),5),((12,25),(((20,7),(26,17)),14))),((((21,10),((3,4),15)),((1,(2,30)),(((24,9),8),29))),((22,((19,6),(18,16))),27)));

STEP 107 [TBR_IncrementalHeuristic_MC_RF -> NNI_Substep_96] - Distance: 34.0000
((((28,((11,23),13)),5),((12,25),(((20,7),(26,17)),14))),((((21,10),((3,4),15)),((1,(2,30)),(((24,9),8),29))),(22,(((19,6),(18,16)),27))));

STEP 108 [TBR_IncrementalHeuristic_MC_RF -> NNI_Substep_97] - Distance: 31.0000
((((28,((11,23),13)),5),((12,25),(((20,7),(26,17)),14))),((((21,10),((3,4),15)),((1,(2,30)),(((24,9),8),29))),(22,(((19,6),27),(18,16)))));

STEP 109 [TBR_IncrementalHeuristic_MC_RF -> NNI_Substep_98] - Distance: 33.0000
((((28,((11,23),13)),5),((12,25),(((20,7),(26,17)),14))),(((((21,10),((3,4),15)),(((24,9),8),29)),(1,(2,30))),(22,(((19,6),27),(18,16)))));

STEP 110 [TBR_IncrementalHeuristic_MC_RF -> NNI_Substep_99] - Distance: 36.0000
((((28,((11,23),13)),5),((12,25),(((20,7),(26,17)),14))),(((((21,10),((3,4),15)),(((24,9),8),29)),(22,(((19,6),27),(18,16)))),(1,(2,30))));

STEP 111 [TBR_IncrementalHeuristic_MC_RF -> NNI_Substep_100] - Distance: 24.0000
((((28,((11,23),13)),5),((12,25),(((20,7),(26,17)),14))),((((21,10),((3,4),15)),(((24,9),8),29)),((22,(((19,6),27),(18,16))),(1,(2,30)))));

STEP 112 [TBR_IncrementalHeuristic_MC_RF -> NNI_Substep_101] - Distance: 20.0000
((((28,((11,23),13)),5),((12,25),(((20,7),(26,17)),14))),((((21,10),((3,4),15)),(((24,9),8),29)),(22,((((19,6),27),(18,16)),(1,(2,30))))));

STEP 113 [TBR_IncrementalHeuristic_MC_RF -> NNI_Substep_102] - Distance: 23.0000
(((((28,((11,23),13)),5),(((20,7),(26,17)),14)),(12,25)),((((21,10),((3,4),15)),(((24,9),8),29)),(22,((((19,6),27),(18,16)),(1,(2,30))))));

STEP 114 [TBR_IncrementalHeuristic_MC_RF -> NNI_Substep_103] - Distance: 24.0000
((((28,((11,23),13)),5),(((20,7),(26,17)),14)),((((21,10),((3,4),15)),(((24,9),8),29)),((22,((((19,6),27),(18,16)),(1,(2,30)))),(12,25))));

STEP 115 [TBR_IncrementalHeuristic_MC_RF -> NNI_Substep_104] - Distance: 23.0000
((((28,((11,23),13)),5),(((20,7),(26,17)),14)),((((21,10),((3,4),15)),(((24,9),8),29)),(22,(((((19,6),27),(18,16)),(1,(2,30))),(12,25)))));

STEP 116 [TBR_IncrementalHeuristic_MC_RF -> NNI_Substep_105] - Distance: 18.0000
((((28,((11,23),13)),5),(((20,7),(26,17)),14)),((((21,10),((3,4),15)),(((24,9),8),29)),(22,(((((19,6),27),(18,16)),(12,25)),(1,(2,30))))));

STEP 117 [TBR_IncrementalHeuristic_MC_RF -> NNI_Substep_106] - Distance: 18.0000
((((28,((11,23),13)),5),(((20,7),(26,17)),14)),((((21,10),((3,4),15)),(((24,9),8),29)),(22,(((((19,6),27),(12,25)),(18,16)),(1,(2,30))))));

STEP 118 [TBR_IncrementalHeuristic_MC_RF -> NNI_Substep_107] - Distance: 26.0000
((((28,((11,23),13)),5),(((20,7),(26,17)),14)),(((((21,10),((3,4),15)),(((24,9),8),29)),(((((19,6),27),(12,25)),(18,16)),(1,(2,30)))),22));

STEP 119 [TBR_IncrementalHeuristic_MC_RF -> NNI_Substep_108] - Distance: 5.0000
((((28,((11,23),13)),5),((((20,7),(26,17)),14),22)),((((21,10),((3,4),15)),(((24,9),8),29)),(((((19,6),27),(12,25)),(18,16)),(1,(2,30)))));

STEP 120 [TBR_IncrementalHeuristic_MC_RF -> NNI_Substep_109] - Distance: 0.0000
((((28,((11,23),13)),5),((((20,7),(26,17)),14),22)),((((21,10),((3,4),15)),(((24,9),8),29)),(((((19,6),27),(12,25)),(1,(2,30))),(18,16))));

========================================================
[FINAL] Total Steps: 120 | Final Distance: 0.0000
========================================================
