========================================================
HEURISTIC TRAJECTORY: VND Classic (RF)
========================================================
STEP 0 [START] - Distance: 27.0000
((13,20),(14,18),(((((25,6),(19,(23,(11,26)))),(10,(29,(16,24)))),((21,((5,(2,7)),(12,1))),((27,22),(28,17)))),(9,(15,(8,(3,(30,4)))))));

STEP 1 [3sECR_ClassicHeuristic_RF -> NNI_Substep_1] - Distance: 27.0000
((13,20),(14,18),(((((25,6),(19,(23,(11,26)))),(10,(29,(16,24)))),((21,(5,((2,7),(12,1)))),((27,22),(28,17)))),(9,(15,(8,(3,(30,4)))))));

STEP 2 [3sECR_ClassicHeuristic_RF -> NNI_Substep_2] - Distance: 27.0000
((13,20),(14,18),(((((25,6),(19,(23,(11,26)))),(10,(29,(16,24)))),((21,(5,(((2,7),1),12))),((27,22),(28,17)))),(9,(15,(8,(3,(30,4)))))));

STEP 3 [3sECR_ClassicHeuristic_RF -> NNI_Substep_3] - Distance: 26.0000
((13,20),(14,18),(((((25,6),(19,(23,(11,26)))),(10,(29,(16,24)))),((21,(5,(((2,1),7),12))),((27,22),(28,17)))),(9,(15,(8,(3,(30,4)))))));

STEP 4 [uSPR_ClassicHeuristic_RF -> NNI_Substep_1] - Distance: 26.0000
((13,20),(14,18),(((((6,(19,(23,(11,26)))),25),(10,(29,(16,24)))),((21,(5,(((2,1),7),12))),((27,22),(28,17)))),(9,(15,(8,(3,(30,4)))))));

STEP 5 [uSPR_ClassicHeuristic_RF -> NNI_Substep_2] - Distance: 26.0000
((13,20),(14,18),(((((6,(19,(23,(11,26)))),(10,(29,(16,24)))),25),((21,(5,(((2,1),7),12))),((27,22),(28,17)))),(9,(15,(8,(3,(30,4)))))));

STEP 6 [uSPR_ClassicHeuristic_RF -> NNI_Substep_3] - Distance: 26.0000
((13,20),(14,18),(((((6,(19,(23,(11,26)))),(10,(29,(16,24)))),((21,(5,(((2,1),7),12))),((27,22),(28,17)))),25),(9,(15,(8,(3,(30,4)))))));

STEP 7 [uSPR_ClassicHeuristic_RF -> NNI_Substep_4] - Distance: 26.0000
((13,20),(14,18),(((((6,(19,(23,(11,26)))),(10,(29,(16,24)))),((21,(5,(((2,1),7),12))),((27,22),(28,17)))),(9,(15,(8,(3,(30,4)))))),25));

STEP 8 [uSPR_ClassicHeuristic_RF -> NNI_Substep_5] - Distance: 26.0000
((13,20),(14,18),((((6,(19,(23,(11,26)))),(10,(29,(16,24)))),((21,(5,(((2,1),7),12))),((27,22),(28,17)))),((9,(15,(8,(3,(30,4))))),25)));

STEP 9 [uSPR_ClassicHeuristic_RF -> NNI_Substep_6] - Distance: 25.0000
((13,20),(14,18),((((6,(19,(23,(11,26)))),(10,(29,(16,24)))),((21,(5,(((2,1),7),12))),((27,22),(28,17)))),((9,25),(15,(8,(3,(30,4)))))));

STEP 10 [uSPR_ClassicHeuristic_RF -> NNI_Substep_7] - Distance: 25.0000
((13,20),(14,18),(((((19,(23,(11,26))),(10,(29,(16,24)))),6),((21,(5,(((2,1),7),12))),((27,22),(28,17)))),((9,25),(15,(8,(3,(30,4)))))));

STEP 11 [uSPR_ClassicHeuristic_RF -> NNI_Substep_8] - Distance: 25.0000
((13,20),(14,18),(((((19,(23,(11,26))),(10,(29,(16,24)))),((21,(5,(((2,1),7),12))),((27,22),(28,17)))),6),((9,25),(15,(8,(3,(30,4)))))));

STEP 12 [uSPR_ClassicHeuristic_RF -> NNI_Substep_9] - Distance: 25.0000
((13,20),(14,18),((((19,(23,(11,26))),(10,(29,(16,24)))),(((21,(5,(((2,1),7),12))),((27,22),(28,17))),6)),((9,25),(15,(8,(3,(30,4)))))));

STEP 13 [uSPR_ClassicHeuristic_RF -> NNI_Substep_10] - Distance: 25.0000
((13,20),(14,18),((((19,(23,(11,26))),(10,(29,(16,24)))),(((21,(5,(((2,1),7),12))),6),((27,22),(28,17)))),((9,25),(15,(8,(3,(30,4)))))));

STEP 14 [uSPR_ClassicHeuristic_RF -> NNI_Substep_11] - Distance: 24.0000
((13,20),(14,18),((((19,(23,(11,26))),(10,(29,(16,24)))),(((21,6),(5,(((2,1),7),12))),((27,22),(28,17)))),((9,25),(15,(8,(3,(30,4)))))));

STEP 15 [uSPR_ClassicHeuristic_RF -> NNI_Substep_12] - Distance: 24.0000
((13,20),(14,18),(((((19,(23,(11,26))),(10,(29,(16,24)))),(((21,6),(5,(((2,1),7),12))),((27,22),(28,17)))),(15,(8,(3,(30,4))))),(9,25)));

STEP 16 [uSPR_ClassicHeuristic_RF -> NNI_Substep_13] - Distance: 24.0000
((13,20),(14,18),(((((19,(23,(11,26))),(10,(29,(16,24)))),(((21,6),(5,(((2,1),7),12))),((27,22),(28,17)))),(9,25)),(15,(8,(3,(30,4))))));

STEP 17 [uSPR_ClassicHeuristic_RF -> NNI_Substep_14] - Distance: 24.0000
((13,20),(14,18),(((((19,(23,(11,26))),(10,(29,(16,24)))),(9,25)),(((21,6),(5,(((2,1),7),12))),((27,22),(28,17)))),(15,(8,(3,(30,4))))));

STEP 18 [uSPR_ClassicHeuristic_RF -> NNI_Substep_15] - Distance: 24.0000
((13,20),(14,18),(((((19,(23,(11,26))),(9,25)),(10,(29,(16,24)))),(((21,6),(5,(((2,1),7),12))),((27,22),(28,17)))),(15,(8,(3,(30,4))))));

STEP 19 [uSPR_ClassicHeuristic_RF -> NNI_Substep_16] - Distance: 24.0000
((13,20),(14,18),((((19,((23,(11,26)),(9,25))),(10,(29,(16,24)))),(((21,6),(5,(((2,1),7),12))),((27,22),(28,17)))),(15,(8,(3,(30,4))))));

STEP 20 [uSPR_ClassicHeuristic_RF -> NNI_Substep_17] - Distance: 23.0000
((13,20),(14,18),((((19,((23,(9,25)),(11,26))),(10,(29,(16,24)))),(((21,6),(5,(((2,1),7),12))),((27,22),(28,17)))),(15,(8,(3,(30,4))))));

STEP 21 [uSPR_ClassicHeuristic_RF -> NNI_Substep_18] - Distance: 23.0000
((13,20),(14,18),(((((19,((23,(9,25)),(11,26))),(29,(16,24))),10),(((21,6),(5,(((2,1),7),12))),((27,22),(28,17)))),(15,(8,(3,(30,4))))));

STEP 22 [uSPR_ClassicHeuristic_RF -> NNI_Substep_19] - Distance: 23.0000
((13,20),(14,18),(((((19,((23,(9,25)),(11,26))),(29,(16,24))),(((21,6),(5,(((2,1),7),12))),((27,22),(28,17)))),10),(15,(8,(3,(30,4))))));

STEP 23 [uSPR_ClassicHeuristic_RF -> NNI_Substep_20] - Distance: 23.0000
((13,20),(14,18),(((((19,((23,(9,25)),(11,26))),(29,(16,24))),(((21,6),(5,(((2,1),7),12))),((27,22),(28,17)))),(15,(8,(3,(30,4))))),10));

STEP 24 [uSPR_ClassicHeuristic_RF -> NNI_Substep_21] - Distance: 23.0000
((13,20),(14,18),((((19,((23,(9,25)),(11,26))),(29,(16,24))),(((21,6),(5,(((2,1),7),12))),((27,22),(28,17)))),((15,(8,(3,(30,4)))),10)));

STEP 25 [uSPR_ClassicHeuristic_RF -> NNI_Substep_22] - Distance: 23.0000
((13,20),(14,18),((((19,((23,(9,25)),(11,26))),(29,(16,24))),(((21,6),(5,(((2,1),7),12))),((27,22),(28,17)))),(15,((8,(3,(30,4))),10))));

STEP 26 [uSPR_ClassicHeuristic_RF -> NNI_Substep_23] - Distance: 22.0000
((13,20),(14,18),((((19,((23,(9,25)),(11,26))),(29,(16,24))),(((21,6),(5,(((2,1),7),12))),((27,22),(28,17)))),(15,((8,10),(3,(30,4))))));

STEP 27 [uSPR_ClassicHeuristic_RF -> NNI_Substep_24] - Distance: 22.0000
((13,20),(14,18),((((19,((23,(9,25)),(11,26))),(29,(16,24))),(((21,6),(5,(((2,1),7),12))),((27,22),(28,17)))),((15,(3,(30,4))),(8,10))));

STEP 28 [uSPR_ClassicHeuristic_RF -> NNI_Substep_25] - Distance: 21.0000
((13,20),(14,18),((((19,((23,(9,25)),(11,26))),(29,(16,24))),(((21,6),(5,(((2,1),7),12))),((27,22),(28,17)))),((15,(8,10)),(3,(30,4)))));

STEP 29 [uSPR_ClassicHeuristic_RF -> NNI_Substep_26] - Distance: 21.0000
(20,(14,18),(((((19,((23,(9,25)),(11,26))),(29,(16,24))),(((21,6),(5,(((2,1),7),12))),((27,22),(28,17)))),((15,(8,10)),(3,(30,4)))),13));

STEP 30 [uSPR_ClassicHeuristic_RF -> NNI_Substep_27] - Distance: 21.0000
(20,(14,18),(((((19,((23,(9,25)),(11,26))),(29,(16,24))),(((21,6),(5,(((2,1),7),12))),((27,22),(28,17)))),13),((15,(8,10)),(3,(30,4)))));

STEP 31 [uSPR_ClassicHeuristic_RF -> NNI_Substep_28] - Distance: 21.0000
(20,(14,18),((((19,((23,(9,25)),(11,26))),(29,(16,24))),((((21,6),(5,(((2,1),7),12))),((27,22),(28,17))),13)),((15,(8,10)),(3,(30,4)))));

STEP 32 [uSPR_ClassicHeuristic_RF -> NNI_Substep_29] - Distance: 21.0000
(20,(14,18),((((19,((23,(9,25)),(11,26))),(29,(16,24))),(((21,6),(5,(((2,1),7),12))),(((27,22),(28,17)),13))),((15,(8,10)),(3,(30,4)))));

STEP 33 [uSPR_ClassicHeuristic_RF -> NNI_Substep_30] - Distance: 21.0000
(20,(14,18),((((19,((23,(9,25)),(11,26))),(29,(16,24))),(((21,6),(5,(((2,1),7),12))),(((27,22),13),(28,17)))),((15,(8,10)),(3,(30,4)))));

STEP 34 [uSPR_ClassicHeuristic_RF -> NNI_Substep_31] - Distance: 20.0000
(20,(14,18),((((19,((23,(9,25)),(11,26))),(29,(16,24))),(((21,6),(5,(((2,1),7),12))),((27,(22,13)),(28,17)))),((15,(8,10)),(3,(30,4)))));

STEP 35 [uSPR_ClassicHeuristic_RF -> NNI_Substep_32] - Distance: 20.0000
(14,18,(((((19,((23,(9,25)),(11,26))),(29,(16,24))),(((21,6),(5,(((2,1),7),12))),((27,(22,13)),(28,17)))),20),((15,(8,10)),(3,(30,4)))));

STEP 36 [uSPR_ClassicHeuristic_RF -> NNI_Substep_33] - Distance: 20.0000
(14,18,((((19,((23,(9,25)),(11,26))),(29,(16,24))),((((21,6),(5,(((2,1),7),12))),((27,(22,13)),(28,17))),20)),((15,(8,10)),(3,(30,4)))));

STEP 37 [uSPR_ClassicHeuristic_RF -> NNI_Substep_34] - Distance: 20.0000
(14,18,((((19,((23,(9,25)),(11,26))),(29,(16,24))),((((21,6),(5,(((2,1),7),12))),20),((27,(22,13)),(28,17)))),((15,(8,10)),(3,(30,4)))));

STEP 38 [uSPR_ClassicHeuristic_RF -> NNI_Substep_35] - Distance: 20.0000
(14,18,((((19,((23,(9,25)),(11,26))),(29,(16,24))),(((21,6),((5,(((2,1),7),12)),20)),((27,(22,13)),(28,17)))),((15,(8,10)),(3,(30,4)))));

STEP 39 [uSPR_ClassicHeuristic_RF -> NNI_Substep_36] - Distance: 19.0000
(14,18,((((19,((23,(9,25)),(11,26))),(29,(16,24))),(((21,6),((5,20),(((2,1),7),12))),((27,(22,13)),(28,17)))),((15,(8,10)),(3,(30,4)))));

STEP 40 [uSPR_ClassicHeuristic_RF -> NNI_Substep_37] - Distance: 18.0000
(14,18,((((19,((23,(9,25)),(11,26))),(29,(16,24))),((((5,20),(21,6)),(((2,1),7),12)),((27,(22,13)),(28,17)))),((15,(8,10)),(3,(30,4)))));

STEP 41 [uSPR_ClassicHeuristic_RF -> NNI_Substep_38] - Distance: 18.0000
(14,18,((((19,((23,(9,25)),(11,26))),(29,(16,24))),((((5,20),(21,6)),(((2,1),7),12)),((27,(28,17)),(22,13)))),((15,(8,10)),(3,(30,4)))));

STEP 42 [uSPR_ClassicHeuristic_RF -> NNI_Substep_39] - Distance: 18.0000
(14,18,((((19,((23,(9,25)),(11,26))),(29,(16,24))),(((((5,20),(21,6)),(((2,1),7),12)),(27,(28,17))),(22,13))),((15,(8,10)),(3,(30,4)))));

STEP 43 [uSPR_ClassicHeuristic_RF -> NNI_Substep_40] - Distance: 18.0000
(14,18,(((((19,((23,(9,25)),(11,26))),(29,(16,24))),((((5,20),(21,6)),(((2,1),7),12)),(27,(28,17)))),(22,13)),((15,(8,10)),(3,(30,4)))));

STEP 44 [uSPR_ClassicHeuristic_RF -> NNI_Substep_41] - Distance: 18.0000
(14,18,(((((19,((23,(9,25)),(11,26))),(29,(16,24))),((((5,20),(21,6)),(((2,1),7),12)),(27,(28,17)))),((15,(8,10)),(3,(30,4)))),(22,13)));

STEP 45 [uSPR_ClassicHeuristic_RF -> NNI_Substep_42] - Distance: 17.0000
((14,(22,13)),18,((((19,((23,(9,25)),(11,26))),(29,(16,24))),((((5,20),(21,6)),(((2,1),7),12)),(27,(28,17)))),((15,(8,10)),(3,(30,4)))));

STEP 46 [uSPR_ClassicHeuristic_RF -> NNI_Substep_43] - Distance: 17.0000
((14,(22,13)),18,((((19,((23,(9,25)),(11,26))),((29,16),24)),((((5,20),(21,6)),(((2,1),7),12)),(27,(28,17)))),((15,(8,10)),(3,(30,4)))));

STEP 47 [uSPR_ClassicHeuristic_RF -> NNI_Substep_44] - Distance: 17.0000
((14,(22,13)),18,(((((19,((23,(9,25)),(11,26))),(29,16)),24),((((5,20),(21,6)),(((2,1),7),12)),(27,(28,17)))),((15,(8,10)),(3,(30,4)))));

STEP 48 [uSPR_ClassicHeuristic_RF -> NNI_Substep_45] - Distance: 17.0000
((14,(22,13)),18,(((((19,((23,(9,25)),(11,26))),(29,16)),((((5,20),(21,6)),(((2,1),7),12)),(27,(28,17)))),24),((15,(8,10)),(3,(30,4)))));

STEP 49 [uSPR_ClassicHeuristic_RF -> NNI_Substep_46] - Distance: 17.0000
((14,(22,13)),18,((((19,((23,(9,25)),(11,26))),(29,16)),(((((5,20),(21,6)),(((2,1),7),12)),(27,(28,17))),24)),((15,(8,10)),(3,(30,4)))));

STEP 50 [uSPR_ClassicHeuristic_RF -> NNI_Substep_47] - Distance: 17.0000
((14,(22,13)),18,((((19,((23,(9,25)),(11,26))),(29,16)),((((5,20),(21,6)),(((2,1),7),12)),((27,(28,17)),24))),((15,(8,10)),(3,(30,4)))));

STEP 51 [uSPR_ClassicHeuristic_RF -> NNI_Substep_48] - Distance: 16.0000
((14,(22,13)),18,((((19,((23,(9,25)),(11,26))),(29,16)),((((5,20),(21,6)),(((2,1),7),12)),((27,24),(28,17)))),((15,(8,10)),(3,(30,4)))));

STEP 52 [uSPR_ClassicHeuristic_RF -> NNI_Substep_49] - Distance: 16.0000
((14,(22,13)),18,((((19,((23,(9,25)),(11,26))),(29,16)),((((5,20),(21,6)),(((2,1),7),12)),((27,24),(28,17)))),((15,(8,10)),((3,4),30))));

STEP 53 [uSPR_ClassicHeuristic_RF -> NNI_Substep_50] - Distance: 16.0000
((14,(22,13)),18,((((19,((23,(9,25)),(11,26))),(29,16)),((((5,20),(21,6)),(((2,1),7),12)),((27,24),(28,17)))),(((15,(8,10)),(3,4)),30)));

STEP 54 [uSPR_ClassicHeuristic_RF -> NNI_Substep_51] - Distance: 16.0000
((14,(22,13)),18,(((((19,((23,(9,25)),(11,26))),(29,16)),((((5,20),(21,6)),(((2,1),7),12)),((27,24),(28,17)))),((15,(8,10)),(3,4))),30));

STEP 55 [uSPR_ClassicHeuristic_RF -> NNI_Substep_52] - Distance: 16.0000
((14,(22,13)),18,(((((19,((23,(9,25)),(11,26))),(29,16)),((((5,20),(21,6)),(((2,1),7),12)),((27,24),(28,17)))),30),((15,(8,10)),(3,4))));

STEP 56 [uSPR_ClassicHeuristic_RF -> NNI_Substep_53] - Distance: 16.0000
((14,(22,13)),18,(((((19,((23,(9,25)),(11,26))),(29,16)),30),((((5,20),(21,6)),(((2,1),7),12)),((27,24),(28,17)))),((15,(8,10)),(3,4))));

STEP 57 [uSPR_ClassicHeuristic_RF -> NNI_Substep_54] - Distance: 15.0000
((14,(22,13)),18,((((19,((23,(9,25)),(11,26))),((29,16),30)),((((5,20),(21,6)),(((2,1),7),12)),((27,24),(28,17)))),((15,(8,10)),(3,4))));

STEP 58 [uSPR_ClassicHeuristic_RF -> NNI_Substep_55] - Distance: 14.0000
((14,(22,13)),18,((((19,((23,(9,25)),(11,26))),(29,(16,30))),((((5,20),(21,6)),(((2,1),7),12)),((27,24),(28,17)))),((15,(8,10)),(3,4))));

STEP 59 [uSPR_ClassicHeuristic_RF -> NNI_Substep_56] - Distance: 14.0000
((14,(22,13)),18,(((((19,(11,26)),(23,(9,25))),(29,(16,30))),((((5,20),(21,6)),(((2,1),7),12)),((27,24),(28,17)))),((15,(8,10)),(3,4))));

STEP 60 [uSPR_ClassicHeuristic_RF -> NNI_Substep_57] - Distance: 14.0000
((14,(22,13)),18,(((((19,(11,26)),(29,(16,30))),(23,(9,25))),((((5,20),(21,6)),(((2,1),7),12)),((27,24),(28,17)))),((15,(8,10)),(3,4))));

STEP 61 [uSPR_ClassicHeuristic_RF -> NNI_Substep_58] - Distance: 13.0000
((14,(22,13)),18,((((19,(11,26)),((29,(16,30)),(23,(9,25)))),((((5,20),(21,6)),(((2,1),7),12)),((27,24),(28,17)))),((15,(8,10)),(3,4))));

STEP 62 [uSPR_ClassicHeuristic_RF -> NNI_Substep_59] - Distance: 13.0000
((14,(22,13)),18,(((((19,26),11),((29,(16,30)),(23,(9,25)))),((((5,20),(21,6)),(((2,1),7),12)),((27,24),(28,17)))),((15,(8,10)),(3,4))));

STEP 63 [uSPR_ClassicHeuristic_RF -> NNI_Substep_60] - Distance: 13.0000
((14,(22,13)),18,(((((19,26),((29,(16,30)),(23,(9,25)))),11),((((5,20),(21,6)),(((2,1),7),12)),((27,24),(28,17)))),((15,(8,10)),(3,4))));

STEP 64 [uSPR_ClassicHeuristic_RF -> NNI_Substep_61] - Distance: 13.0000
((14,(22,13)),18,(((((19,26),((29,(16,30)),(23,(9,25)))),((((5,20),(21,6)),(((2,1),7),12)),((27,24),(28,17)))),11),((15,(8,10)),(3,4))));

STEP 65 [uSPR_ClassicHeuristic_RF -> NNI_Substep_62] - Distance: 13.0000
((14,(22,13)),18,(((((19,26),((29,(16,30)),(23,(9,25)))),((((5,20),(21,6)),(((2,1),7),12)),((27,24),(28,17)))),((15,(8,10)),(3,4))),11));

STEP 66 [uSPR_ClassicHeuristic_RF -> NNI_Substep_63] - Distance: 13.0000
((14,(22,13)),18,((((19,26),((29,(16,30)),(23,(9,25)))),((((5,20),(21,6)),(((2,1),7),12)),((27,24),(28,17)))),(((15,(8,10)),(3,4)),11)));

STEP 67 [uSPR_ClassicHeuristic_RF -> NNI_Substep_64] - Distance: 13.0000
((14,(22,13)),18,((((19,26),((29,(16,30)),(23,(9,25)))),((((5,20),(21,6)),(((2,1),7),12)),((27,24),(28,17)))),((15,(8,10)),((3,4),11))));

STEP 68 [uSPR_ClassicHeuristic_RF -> NNI_Substep_65] - Distance: 12.0000
((14,(22,13)),18,((((19,26),((29,(16,30)),(23,(9,25)))),((((5,20),(21,6)),(((2,1),7),12)),((27,24),(28,17)))),((15,(8,10)),((3,11),4))));

STEP 69 [uSPR_ClassicHeuristic_RF -> NNI_Substep_66] - Distance: 12.0000
((14,(22,13)),18,((((19,((29,(16,30)),(23,(9,25)))),26),((((5,20),(21,6)),(((2,1),7),12)),((27,24),(28,17)))),((15,(8,10)),((3,11),4))));

STEP 70 [uSPR_ClassicHeuristic_RF -> NNI_Substep_67] - Distance: 12.0000
((14,(22,13)),18,((((19,((29,(16,30)),(23,(9,25)))),((((5,20),(21,6)),(((2,1),7),12)),((27,24),(28,17)))),26),((15,(8,10)),((3,11),4))));

STEP 71 [uSPR_ClassicHeuristic_RF -> NNI_Substep_68] - Distance: 12.0000
((14,(22,13)),18,(((19,((29,(16,30)),(23,(9,25)))),(((((5,20),(21,6)),(((2,1),7),12)),((27,24),(28,17))),26)),((15,(8,10)),((3,11),4))));

STEP 72 [uSPR_ClassicHeuristic_RF -> NNI_Substep_69] - Distance: 12.0000
((14,(22,13)),18,(((19,((29,(16,30)),(23,(9,25)))),(((((5,20),(21,6)),(((2,1),7),12)),26),((27,24),(28,17)))),((15,(8,10)),((3,11),4))));

STEP 73 [uSPR_ClassicHeuristic_RF -> NNI_Substep_70] - Distance: 12.0000
((14,(22,13)),18,(((19,((29,(16,30)),(23,(9,25)))),((((5,20),(21,6)),((((2,1),7),12),26)),((27,24),(28,17)))),((15,(8,10)),((3,11),4))));

STEP 74 [uSPR_ClassicHeuristic_RF -> NNI_Substep_71] - Distance: 12.0000
((14,(22,13)),18,(((19,((29,(16,30)),(23,(9,25)))),((((5,20),(21,6)),((((2,1),7),26),12)),((27,24),(28,17)))),((15,(8,10)),((3,11),4))));

STEP 75 [uSPR_ClassicHeuristic_RF -> NNI_Substep_72] - Distance: 11.0000
((14,(22,13)),18,(((19,((29,(16,30)),(23,(9,25)))),((((5,20),(21,6)),(((2,1),(7,26)),12)),((27,24),(28,17)))),((15,(8,10)),((3,11),4))));

STEP 76 [uSPR_ClassicHeuristic_RF -> NNI_Substep_73] - Distance: 11.0000
((14,(22,13)),18,(((19,((29,(16,30)),(23,(9,25)))),((((5,20),(21,6)),(((7,26),12),(2,1))),((27,24),(28,17)))),((15,(8,10)),((3,11),4))));

STEP 77 [uSPR_ClassicHeuristic_RF -> NNI_Substep_74] - Distance: 11.0000
((14,(22,13)),18,(((19,((29,(16,30)),(23,(9,25)))),(((((5,20),(21,6)),((7,26),12)),(2,1)),((27,24),(28,17)))),((15,(8,10)),((3,11),4))));

STEP 78 [uSPR_ClassicHeuristic_RF -> NNI_Substep_75] - Distance: 11.0000
((14,(22,13)),18,(((19,((29,(16,30)),(23,(9,25)))),(((((5,20),(21,6)),((7,26),12)),((27,24),(28,17))),(2,1))),((15,(8,10)),((3,11),4))));

STEP 79 [uSPR_ClassicHeuristic_RF -> NNI_Substep_76] - Distance: 11.0000
((14,(22,13)),18,((((19,((29,(16,30)),(23,(9,25)))),((((5,20),(21,6)),((7,26),12)),((27,24),(28,17)))),(2,1)),((15,(8,10)),((3,11),4))));

STEP 80 [uSPR_ClassicHeuristic_RF -> NNI_Substep_77] - Distance: 11.0000
((14,(22,13)),18,((((19,((29,(16,30)),(23,(9,25)))),(2,1)),((((5,20),(21,6)),((7,26),12)),((27,24),(28,17)))),((15,(8,10)),((3,11),4))));

STEP 81 [uSPR_ClassicHeuristic_RF -> NNI_Substep_78] - Distance: 10.0000
((14,(22,13)),18,((((19,(2,1)),((29,(16,30)),(23,(9,25)))),((((5,20),(21,6)),((7,26),12)),((27,24),(28,17)))),((15,(8,10)),((3,11),4))));

STEP 82 [uSPR_ClassicHeuristic_RF -> NNI_Substep_79] - Distance: 10.0000
(((((19,(2,1)),((29,(16,30)),(23,(9,25)))),((((5,20),(21,6)),((7,26),12)),((27,24),(28,17)))),(14,(22,13))),((15,(8,10)),((3,11),4)),18);

STEP 83 [uSPR_ClassicHeuristic_RF -> NNI_Substep_80] - Distance: 9.0000
(((((19,(2,1)),((29,(16,30)),(23,(9,25)))),(14,(22,13))),((((5,20),(21,6)),((7,26),12)),((27,24),(28,17)))),((15,(8,10)),((3,11),4)),18);

STEP 84 [uSPR_ClassicHeuristic_RF -> NNI_Substep_81] - Distance: 8.0000
(((((19,(2,1)),(14,(22,13))),((29,(16,30)),(23,(9,25)))),((((5,20),(21,6)),((7,26),12)),((27,24),(28,17)))),((15,(8,10)),((3,11),4)),18);

STEP 85 [uSPR_ClassicHeuristic_RF -> NNI_Substep_82] - Distance: 8.0000
(((((27,24),(28,17)),(((19,(2,1)),(14,(22,13))),((29,(16,30)),(23,(9,25))))),(((5,20),(21,6)),((7,26),12))),((15,(8,10)),((3,11),4)),18);

STEP 86 [uSPR_ClassicHeuristic_RF -> NNI_Substep_83] - Distance: 8.0000
(((((28,17),(((19,(2,1)),(14,(22,13))),((29,(16,30)),(23,(9,25))))),(27,24)),(((5,20),(21,6)),((7,26),12))),((15,(8,10)),((3,11),4)),18);

STEP 87 [uSPR_ClassicHeuristic_RF -> NNI_Substep_84] - Distance: 7.0000
(((((5,20),(21,6)),((7,26),12)),((27,24),((28,(((19,(2,1)),(14,(22,13))),((29,(16,30)),(23,(9,25))))),17))),((15,(8,10)),((3,11),4)),18);

STEP 88 [uSPR_ClassicHeuristic_RF -> NNI_Substep_85] - Distance: 7.0000
(((((5,20),(21,6)),((7,26),12)),(((27,24),17),(28,(((19,(2,1)),(14,(22,13))),((29,(16,30)),(23,(9,25))))))),((15,(8,10)),((3,11),4)),18);

STEP 89 [uSPR_ClassicHeuristic_RF -> NNI_Substep_86] - Distance: 7.0000
((((((5,20),(21,6)),((7,26),12)),((27,24),17)),(28,(((19,(2,1)),(14,(22,13))),((29,(16,30)),(23,(9,25)))))),((15,(8,10)),((3,11),4)),18);

STEP 90 [uSPR_ClassicHeuristic_RF -> NNI_Substep_87] - Distance: 6.0000
(((((5,20),(21,6)),((7,26),12)),((27,24),17)),((15,(8,10)),((3,11),4)),(18,(28,(((19,(2,1)),(14,(22,13))),((29,(16,30)),(23,(9,25)))))));

STEP 91 [uSPR_ClassicHeuristic_RF -> NNI_Substep_88] - Distance: 6.0000
(((((5,20),(21,6)),((7,26),12)),((27,24),17)),(((15,(8,10)),4),(3,11)),(18,(28,(((19,(2,1)),(14,(22,13))),((29,(16,30)),(23,(9,25)))))));

STEP 92 [uSPR_ClassicHeuristic_RF -> NNI_Substep_89] - Distance: 5.0000
(((((5,20),(21,6)),((7,26),12)),((27,24),17)),((15,(8,10)),4),((18,(28,(((19,(2,1)),(14,(22,13))),((29,(16,30)),(23,(9,25)))))),(3,11)));

STEP 93 [uSPR_ClassicHeuristic_RF -> NNI_Substep_90] - Distance: 5.0000
((((((5,20),(21,6)),12),(7,26)),((27,24),17)),((15,(8,10)),4),((18,(28,(((19,(2,1)),(14,(22,13))),((29,(16,30)),(23,(9,25)))))),(3,11)));

STEP 94 [uSPR_ClassicHeuristic_RF -> NNI_Substep_91] - Distance: 5.0000
((((((5,20),(21,6)),12),((27,24),17)),(7,26)),((15,(8,10)),4),((18,(28,(((19,(2,1)),(14,(22,13))),((29,(16,30)),(23,(9,25)))))),(3,11)));

STEP 95 [uSPR_ClassicHeuristic_RF -> NNI_Substep_92] - Distance: 5.0000
(((((5,20),(21,6)),12),(((27,24),17),(7,26))),((15,(8,10)),4),((18,(28,(((19,(2,1)),(14,(22,13))),((29,(16,30)),(23,(9,25)))))),(3,11)));

STEP 96 [uSPR_ClassicHeuristic_RF -> NNI_Substep_93] - Distance: 4.0000
(((((5,20),(21,6)),12),((27,24),(17,(7,26)))),((15,(8,10)),4),((18,(28,(((19,(2,1)),(14,(22,13))),((29,(16,30)),(23,(9,25)))))),(3,11)));

STEP 97 [uSPR_ClassicHeuristic_RF -> NNI_Substep_94] - Distance: 4.0000
((((((5,20),(21,6)),12),(27,24)),(17,(7,26))),((15,(8,10)),4),((18,(28,(((19,(2,1)),(14,(22,13))),((29,(16,30)),(23,(9,25)))))),(3,11)));

STEP 98 [uSPR_ClassicHeuristic_RF -> NNI_Substep_95] - Distance: 3.0000
(((((5,20),(21,6)),12),(27,24)),((15,(8,10)),4),(((18,(28,(((19,(2,1)),(14,(22,13))),((29,(16,30)),(23,(9,25)))))),(3,11)),(17,(7,26))));

STEP 99 [uSPR_ClassicHeuristic_RF -> NNI_Substep_96] - Distance: 2.0000
((((((5,20),(21,6)),12),(27,24)),4),(15,(8,10)),(((18,(28,(((19,(2,1)),(14,(22,13))),((29,(16,30)),(23,(9,25)))))),(3,11)),(17,(7,26))));

STEP 100 [uSPR_ClassicHeuristic_RF -> NNI_Substep_97] - Distance: 2.0000
((((((5,20),(21,6)),12),4),(27,24)),(15,(8,10)),(((18,(28,(((19,(2,1)),(14,(22,13))),((29,(16,30)),(23,(9,25)))))),(3,11)),(17,(7,26))));

STEP 101 [uSPR_ClassicHeuristic_RF -> NNI_Substep_98] - Distance: 1.0000
(((((5,20),(21,6)),(12,4)),(27,24)),(15,(8,10)),(((18,(28,(((19,(2,1)),(14,(22,13))),((29,(16,30)),(23,(9,25)))))),(3,11)),(17,(7,26))));

STEP 102 [uSPR_ClassicHeuristic_RF -> NNI_Substep_99] - Distance: 0.0000
((((12,4),(27,24)),((5,20),(21,6))),(15,(8,10)),(((18,(28,(((19,(2,1)),(14,(22,13))),((29,(16,30)),(23,(9,25)))))),(3,11)),(17,(7,26))));

========================================================
[FINAL] Total Steps: 102 | Final Distance: 0.0000
========================================================
