========================================================
HEURISTIC TRAJECTORY: VND Incremental (MP)
========================================================
STEP 0 [START] - Distance: 297.0000
((((27,22),(4,10)),(15,(14,(26,(16,24))))),((((20,((17,6),(1,(8,18)))),(11,28)),(12,((2,30),(19,23)))),(13,(29,(((3,5),(9,7)),(21,25))))));

STEP 1 [NNI_IncrementalHeuristic_MP -> NNI_Substep_1] - Distance: 296.0000
((((27,22),(4,10)),(15,(14,(26,(16,24))))),((((12,((2,30),(19,23))),(11,28)),(20,((17,6),(1,(8,18))))),(13,(29,(((3,5),(9,7)),(21,25))))));

STEP 2 [NNI_IncrementalHeuristic_MP -> NNI_Substep_2] - Distance: 295.0000
((((27,22),(4,10)),(15,(14,(26,(16,24))))),(((11,((12,((2,30),(19,23))),28)),(20,((17,6),(1,(8,18))))),(13,(29,(((3,5),(9,7)),(21,25))))));

STEP 3 [NNI_IncrementalHeuristic_MP -> NNI_Substep_3] - Distance: 294.0000
((((27,22),(4,10)),(15,(14,(26,(16,24))))),((29,(((3,5),(9,7)),(21,25))),(13,((11,((12,((2,30),(19,23))),28)),(20,((17,6),(1,(8,18))))))));

STEP 4 [NNI_IncrementalHeuristic_MP -> NNI_Substep_4] - Distance: 292.0000
((((27,22),(4,10)),(15,(14,(26,(16,24))))),((29,(((3,5),(9,7)),(21,25))),((11,((12,((2,30),(19,23))),28)),(13,(20,((17,6),(1,(8,18))))))));

STEP 5 [TBR_IncrementalHeuristic_MP -> NNI_Substep_1] - Distance: 292.0000
((((27,22),(4,10)),(15,(14,(26,(16,24))))),((29,((((3,5),(9,7)),25),21)),((11,((12,((2,30),(19,23))),28)),(13,(20,((17,6),(1,(8,18))))))));

STEP 6 [TBR_IncrementalHeuristic_MP -> NNI_Substep_2] - Distance: 292.0000
((((27,22),(4,10)),(15,(14,(26,(16,24))))),(((29,(((3,5),(9,7)),25)),21),((11,((12,((2,30),(19,23))),28)),(13,(20,((17,6),(1,(8,18))))))));

STEP 7 [TBR_IncrementalHeuristic_MP -> NNI_Substep_3] - Distance: 290.0000
((((27,22),(4,10)),(15,(14,(26,(16,24))))),(((29,(((3,5),(9,7)),25)),((11,((12,((2,30),(19,23))),28)),(13,(20,((17,6),(1,(8,18))))))),21));

STEP 8 [TBR_IncrementalHeuristic_MP -> NNI_Substep_4] - Distance: 279.0000
((((27,22),(4,10)),((15,(14,(26,(16,24)))),21)),((29,(((3,5),(9,7)),25)),((11,((12,((2,30),(19,23))),28)),(13,(20,((17,6),(1,(8,18))))))));

STEP 9 [TBR_IncrementalHeuristic_MP -> NNI_Substep_5] - Distance: 279.0000
((((27,22),(4,10)),((15,(14,(26,(16,24)))),21)),((29,(((5,(9,7)),3),25)),((11,((12,((2,30),(19,23))),28)),(13,(20,((17,6),(1,(8,18))))))));

STEP 10 [TBR_IncrementalHeuristic_MP -> NNI_Substep_6] - Distance: 279.0000
((((27,22),(4,10)),((15,(14,(26,(16,24)))),21)),((29,(((5,(9,7)),25),3)),((11,((12,((2,30),(19,23))),28)),(13,(20,((17,6),(1,(8,18))))))));

STEP 11 [TBR_IncrementalHeuristic_MP -> NNI_Substep_7] - Distance: 279.0000
((((27,22),(4,10)),((15,(14,(26,(16,24)))),21)),(((29,((5,(9,7)),25)),3),((11,((12,((2,30),(19,23))),28)),(13,(20,((17,6),(1,(8,18))))))));

STEP 12 [TBR_IncrementalHeuristic_MP -> NNI_Substep_8] - Distance: 277.0000
((((27,22),(4,10)),((15,(14,(26,(16,24)))),21)),(((29,((5,(9,7)),25)),((11,((12,((2,30),(19,23))),28)),(13,(20,((17,6),(1,(8,18))))))),3));

STEP 13 [TBR_IncrementalHeuristic_MP -> NNI_Substep_9] - Distance: 265.0000
((((27,22),(4,10)),(((15,(14,(26,(16,24)))),21),3)),((29,((5,(9,7)),25)),((11,((12,((2,30),(19,23))),28)),(13,(20,((17,6),(1,(8,18))))))));

STEP 14 [TBR_IncrementalHeuristic_MP -> NNI_Substep_10] - Distance: 264.0000
((((27,22),(4,10)),((15,(14,(26,(16,24)))),(21,3))),((29,((5,(9,7)),25)),((11,((12,((2,30),(19,23))),28)),(13,(20,((17,6),(1,(8,18))))))));

STEP 15 [TBR_IncrementalHeuristic_MP -> NNI_Substep_11] - Distance: 266.0000
(((((27,22),(4,10)),(21,3)),(15,(14,(26,(16,24))))),((29,((5,(9,7)),25)),((11,((12,((2,30),(19,23))),28)),(13,(20,((17,6),(1,(8,18))))))));

STEP 16 [TBR_IncrementalHeuristic_MP -> NNI_Substep_12] - Distance: 246.0000
((((27,22),(4,10)),(21,3)),(((29,((5,(9,7)),25)),(15,(14,(26,(16,24))))),((11,((12,((2,30),(19,23))),28)),(13,(20,((17,6),(1,(8,18))))))));

STEP 17 [TBR_IncrementalHeuristic_MP -> NNI_Substep_13] - Distance: 245.0000
((((27,22),(4,10)),(21,3)),((29,(((5,(9,7)),25),(15,(14,(26,(16,24)))))),((11,((12,((2,30),(19,23))),28)),(13,(20,((17,6),(1,(8,18))))))));

STEP 18 [TBR_IncrementalHeuristic_MP -> NNI_Substep_14] - Distance: 245.0000
((((27,22),(4,10)),(21,3)),((29,(((5,(9,7)),(15,(14,(26,(16,24))))),25)),((11,((12,((2,30),(19,23))),28)),(13,(20,((17,6),(1,(8,18))))))));

STEP 19 [TBR_IncrementalHeuristic_MP -> NNI_Substep_15] - Distance: 244.0000
((((27,22),(4,10)),(21,3)),((29,((5,((9,7),(15,(14,(26,(16,24)))))),25)),((11,((12,((2,30),(19,23))),28)),(13,(20,((17,6),(1,(8,18))))))));

STEP 20 [TBR_IncrementalHeuristic_MP -> NNI_Substep_16] - Distance: 244.0000
((((27,22),(4,10)),(21,3)),((29,((5,((9,7),(15,(14,((26,24),16))))),25)),((11,((12,((2,30),(19,23))),28)),(13,(20,((17,6),(1,(8,18))))))));

STEP 21 [TBR_IncrementalHeuristic_MP -> NNI_Substep_17] - Distance: 244.0000
((((27,22),(4,10)),(21,3)),((29,((5,((9,7),(15,((14,(26,24)),16)))),25)),((11,((12,((2,30),(19,23))),28)),(13,(20,((17,6),(1,(8,18))))))));

STEP 22 [TBR_IncrementalHeuristic_MP -> NNI_Substep_18] - Distance: 244.0000
((((27,22),(4,10)),(21,3)),((29,((5,((9,7),((15,(14,(26,24))),16))),25)),((11,((12,((2,30),(19,23))),28)),(13,(20,((17,6),(1,(8,18))))))));

STEP 23 [TBR_IncrementalHeuristic_MP -> NNI_Substep_19] - Distance: 244.0000
((((27,22),(4,10)),(21,3)),((29,((5,(((9,7),(15,(14,(26,24)))),16)),25)),((11,((12,((2,30),(19,23))),28)),(13,(20,((17,6),(1,(8,18))))))));

STEP 24 [TBR_IncrementalHeuristic_MP -> NNI_Substep_20] - Distance: 244.0000
((((27,22),(4,10)),(21,3)),((29,(((5,((9,7),(15,(14,(26,24))))),16),25)),((11,((12,((2,30),(19,23))),28)),(13,(20,((17,6),(1,(8,18))))))));

STEP 25 [TBR_IncrementalHeuristic_MP -> NNI_Substep_21] - Distance: 244.0000
((((27,22),(4,10)),(21,3)),((29,(((5,((9,7),(15,(14,(26,24))))),25),16)),((11,((12,((2,30),(19,23))),28)),(13,(20,((17,6),(1,(8,18))))))));

STEP 26 [TBR_IncrementalHeuristic_MP -> NNI_Substep_22] - Distance: 244.0000
((((27,22),(4,10)),(21,3)),(((29,((5,((9,7),(15,(14,(26,24))))),25)),16),((11,((12,((2,30),(19,23))),28)),(13,(20,((17,6),(1,(8,18))))))));

STEP 27 [TBR_IncrementalHeuristic_MP -> NNI_Substep_23] - Distance: 242.0000
((((27,22),(4,10)),(21,3)),(((29,((5,((9,7),(15,(14,(26,24))))),25)),((11,((12,((2,30),(19,23))),28)),(13,(20,((17,6),(1,(8,18))))))),16));

STEP 28 [TBR_IncrementalHeuristic_MP -> NNI_Substep_24] - Distance: 221.0000
((((27,22),(4,10)),((21,3),16)),((29,((5,((9,7),(15,(14,(26,24))))),25)),((11,((12,((2,30),(19,23))),28)),(13,(20,((17,6),(1,(8,18))))))));

STEP 29 [TBR_IncrementalHeuristic_MP -> NNI_Substep_25] - Distance: 221.0000
((((27,22),(4,10)),((21,3),16)),((29,((5,((9,7),(15,(14,(26,24))))),25)),((((12,((2,30),(19,23))),28),(13,(20,((17,6),(1,(8,18)))))),11)));

STEP 30 [TBR_IncrementalHeuristic_MP -> NNI_Substep_26] - Distance: 221.0000
((((27,22),(4,10)),((21,3),16)),(((29,((5,((9,7),(15,(14,(26,24))))),25)),(((12,((2,30),(19,23))),28),(13,(20,((17,6),(1,(8,18))))))),11));

STEP 31 [TBR_IncrementalHeuristic_MP -> NNI_Substep_27] - Distance: 199.0000
((((27,22),(4,10)),(((21,3),16),11)),((29,((5,((9,7),(15,(14,(26,24))))),25)),(((12,((2,30),(19,23))),28),(13,(20,((17,6),(1,(8,18))))))));

STEP 32 [TBR_IncrementalHeuristic_MP -> NNI_Substep_28] - Distance: 199.0000
((((27,22),(4,10)),(((21,3),16),11)),((29,((5,((9,7),(15,(14,(26,24))))),25)),(((12,((2,30),(19,23))),(13,(20,((17,6),(1,(8,18)))))),28)));

STEP 33 [TBR_IncrementalHeuristic_MP -> NNI_Substep_29] - Distance: 199.0000
((((27,22),(4,10)),(((21,3),16),11)),(((29,((5,((9,7),(15,(14,(26,24))))),25)),((12,((2,30),(19,23))),(13,(20,((17,6),(1,(8,18))))))),28));

STEP 34 [TBR_IncrementalHeuristic_MP -> NNI_Substep_30] - Distance: 178.0000
((((27,22),(4,10)),((((21,3),16),11),28)),((29,((5,((9,7),(15,(14,(26,24))))),25)),((12,((2,30),(19,23))),(13,(20,((17,6),(1,(8,18))))))));

STEP 35 [TBR_IncrementalHeuristic_MP -> NNI_Substep_31] - Distance: 177.0000
((((27,22),(4,10)),((((21,3),16),28),11)),((29,((5,((9,7),(15,(14,(26,24))))),25)),((12,((2,30),(19,23))),(13,(20,((17,6),(1,(8,18))))))));

STEP 36 [TBR_IncrementalHeuristic_MP -> NNI_Substep_32] - Distance: 176.0000
((((27,22),(4,10)),((((21,3),28),16),11)),((29,((5,((9,7),(15,(14,(26,24))))),25)),((12,((2,30),(19,23))),(13,(20,((17,6),(1,(8,18))))))));

STEP 37 [TBR_IncrementalHeuristic_MP -> NNI_Substep_33] - Distance: 175.0000
((((27,22),(4,10)),(((21,(3,28)),16),11)),((29,((5,((9,7),(15,(14,(26,24))))),25)),((12,((2,30),(19,23))),(13,(20,((17,6),(1,(8,18))))))));

STEP 38 [TBR_IncrementalHeuristic_MP -> NNI_Substep_34] - Distance: 175.0000
((((27,22),(4,10)),(((21,(3,28)),16),11)),((29,((5,((9,7),(15,(14,(26,24))))),25)),((12,(((2,30),19),23)),(13,(20,((17,6),(1,(8,18))))))));

STEP 39 [TBR_IncrementalHeuristic_MP -> NNI_Substep_35] - Distance: 175.0000
((((27,22),(4,10)),(((21,(3,28)),16),11)),((29,((5,((9,7),(15,(14,(26,24))))),25)),(((12,((2,30),19)),23),(13,(20,((17,6),(1,(8,18))))))));

STEP 40 [TBR_IncrementalHeuristic_MP -> NNI_Substep_36] - Distance: 175.0000
((((27,22),(4,10)),(((21,(3,28)),16),11)),((29,((5,((9,7),(15,(14,(26,24))))),25)),(((12,((2,30),19)),(13,(20,((17,6),(1,(8,18)))))),23)));

STEP 41 [TBR_IncrementalHeuristic_MP -> NNI_Substep_37] - Distance: 175.0000
((((27,22),(4,10)),(((21,(3,28)),16),11)),(((29,((5,((9,7),(15,(14,(26,24))))),25)),((12,((2,30),19)),(13,(20,((17,6),(1,(8,18))))))),23));

STEP 42 [TBR_IncrementalHeuristic_MP -> NNI_Substep_38] - Distance: 153.0000
((((27,22),(4,10)),((((21,(3,28)),16),11),23)),((29,((5,((9,7),(15,(14,(26,24))))),25)),((12,((2,30),19)),(13,(20,((17,6),(1,(8,18))))))));

STEP 43 [TBR_IncrementalHeuristic_MP -> NNI_Substep_39] - Distance: 152.0000
((((27,22),(4,10)),((((21,(3,28)),16),23),11)),((29,((5,((9,7),(15,(14,(26,24))))),25)),((12,((2,30),19)),(13,(20,((17,6),(1,(8,18))))))));

STEP 44 [TBR_IncrementalHeuristic_MP -> NNI_Substep_40] - Distance: 151.0000
((((27,22),(4,10)),((((21,(3,28)),23),16),11)),((29,((5,((9,7),(15,(14,(26,24))))),25)),((12,((2,30),19)),(13,(20,((17,6),(1,(8,18))))))));

STEP 45 [TBR_IncrementalHeuristic_MP -> NNI_Substep_41] - Distance: 150.0000
((((27,22),(4,10)),(((21,((3,28),23)),16),11)),((29,((5,((9,7),(15,(14,(26,24))))),25)),((12,((2,30),19)),(13,(20,((17,6),(1,(8,18))))))));

STEP 46 [TBR_IncrementalHeuristic_MP -> NNI_Substep_42] - Distance: 149.0000
((((27,22),(4,10)),(((21,(3,(28,23))),16),11)),((29,((5,((9,7),(15,(14,(26,24))))),25)),((12,((2,30),19)),(13,(20,((17,6),(1,(8,18))))))));

STEP 47 [TBR_IncrementalHeuristic_MP -> NNI_Substep_43] - Distance: 149.0000
((((27,(4,10)),22),(((21,(3,(28,23))),16),11)),((29,((5,((9,7),(15,(14,(26,24))))),25)),((12,((2,30),19)),(13,(20,((17,6),(1,(8,18))))))));

STEP 48 [TBR_IncrementalHeuristic_MP -> NNI_Substep_44] - Distance: 149.0000
((((27,(4,10)),(((21,(3,(28,23))),16),11)),22),((29,((5,((9,7),(15,(14,(26,24))))),25)),((12,((2,30),19)),(13,(20,((17,6),(1,(8,18))))))));

STEP 49 [TBR_IncrementalHeuristic_MP -> NNI_Substep_45] - Distance: 132.0000
(((27,(4,10)),(((21,(3,(28,23))),16),11)),((29,((5,((9,7),(15,(14,(26,24))))),25)),(((12,((2,30),19)),(13,(20,((17,6),(1,(8,18)))))),22)));

STEP 50 [TBR_IncrementalHeuristic_MP -> NNI_Substep_46] - Distance: 129.0000
(((27,(4,10)),(((21,(3,(28,23))),16),11)),((29,((5,((9,7),(15,(14,(26,24))))),25)),(((12,((2,30),19)),22),(13,(20,((17,6),(1,(8,18))))))));

STEP 51 [TBR_IncrementalHeuristic_MP -> NNI_Substep_47] - Distance: 129.0000
(((27,(4,10)),(((21,(3,(28,23))),16),11)),((29,((5,((9,7),(15,(14,(26,24))))),25)),(((((2,30),19),22),12),(13,(20,((17,6),(1,(8,18))))))));

STEP 52 [TBR_IncrementalHeuristic_MP -> NNI_Substep_48] - Distance: 128.0000
(((27,(4,10)),(((21,(3,(28,23))),16),11)),((29,((5,((9,7),(15,(14,(26,24))))),25)),(((((2,30),19),22),(13,(20,((17,6),(1,(8,18)))))),12)));

STEP 53 [TBR_IncrementalHeuristic_MP -> NNI_Substep_49] - Distance: 130.0000
(((27,(4,10)),(((21,(3,(28,23))),16),11)),(((29,((5,((9,7),(15,(14,(26,24))))),25)),((((2,30),19),22),(13,(20,((17,6),(1,(8,18))))))),12));

STEP 54 [TBR_IncrementalHeuristic_MP -> NNI_Substep_50] - Distance: 122.0000
(((27,(4,10)),(((21,(3,(28,23))),16),11)),(((29,((5,((9,7),(15,(14,(26,24))))),25)),12),((((2,30),19),22),(13,(20,((17,6),(1,(8,18))))))));

STEP 55 [TBR_IncrementalHeuristic_MP -> NNI_Substep_51] - Distance: 118.0000
(((27,(4,10)),(((21,(3,(28,23))),16),11)),(((29,12),((5,((9,7),(15,(14,(26,24))))),25)),((((2,30),19),22),(13,(20,((17,6),(1,(8,18))))))));

STEP 56 [TBR_IncrementalHeuristic_MP -> NNI_Substep_52] - Distance: 118.0000
(((27,(4,10)),(((21,(3,(28,23))),16),11)),(((29,12),((5,((9,7),(15,(14,(26,24))))),25)),((((2,30),19),22),(13,(20,((6,(1,(8,18))),17))))));

STEP 57 [TBR_IncrementalHeuristic_MP -> NNI_Substep_53] - Distance: 118.0000
(((27,(4,10)),(((21,(3,(28,23))),16),11)),(((29,12),((5,((9,7),(15,(14,(26,24))))),25)),((((2,30),19),22),(13,((20,(6,(1,(8,18)))),17)))));

STEP 58 [TBR_IncrementalHeuristic_MP -> NNI_Substep_54] - Distance: 118.0000
(((27,(4,10)),(((21,(3,(28,23))),16),11)),(((29,12),((5,((9,7),(15,(14,(26,24))))),25)),((((2,30),19),22),((13,(20,(6,(1,(8,18))))),17))));

STEP 59 [TBR_IncrementalHeuristic_MP -> NNI_Substep_55] - Distance: 118.0000
(((27,(4,10)),(((21,(3,(28,23))),16),11)),(((29,12),((5,((9,7),(15,(14,(26,24))))),25)),(((((2,30),19),22),(13,(20,(6,(1,(8,18)))))),17)));

STEP 60 [TBR_IncrementalHeuristic_MP -> NNI_Substep_56] - Distance: 119.0000
(((27,(4,10)),(((21,(3,(28,23))),16),11)),((((29,12),((5,((9,7),(15,(14,(26,24))))),25)),((((2,30),19),22),(13,(20,(6,(1,(8,18))))))),17));

STEP 61 [TBR_IncrementalHeuristic_MP -> NNI_Substep_57] - Distance: 110.0000
(((27,(4,10)),(((21,(3,(28,23))),16),11)),((((29,12),((5,((9,7),(15,(14,(26,24))))),25)),17),((((2,30),19),22),(13,(20,(6,(1,(8,18))))))));

STEP 62 [TBR_IncrementalHeuristic_MP -> NNI_Substep_58] - Distance: 106.0000
(((27,(4,10)),(((21,(3,(28,23))),16),11)),((((29,12),17),((5,((9,7),(15,(14,(26,24))))),25)),((((2,30),19),22),(13,(20,(6,(1,(8,18))))))));

STEP 63 [TBR_IncrementalHeuristic_MP -> NNI_Substep_59] - Distance: 106.0000
(((27,(4,10)),(((21,(3,(28,23))),16),11)),(((((29,12),17),(5,((9,7),(15,(14,(26,24)))))),25),((((2,30),19),22),(13,(20,(6,(1,(8,18))))))));

STEP 64 [TBR_IncrementalHeuristic_MP -> NNI_Substep_60] - Distance: 106.0000
(((27,(4,10)),(((21,(3,(28,23))),16),11)),(((((29,12),17),(5,((9,7),(15,(14,(26,24)))))),((((2,30),19),22),(13,(20,(6,(1,(8,18))))))),25));

STEP 65 [TBR_IncrementalHeuristic_MP -> NNI_Substep_61] - Distance: 98.0000
(((27,(4,10)),(((21,(3,(28,23))),16),11)),((((29,12),17),(5,((9,7),(15,(14,(26,24)))))),(((((2,30),19),22),(13,(20,(6,(1,(8,18)))))),25)));

STEP 66 [TBR_IncrementalHeuristic_MP -> NNI_Substep_62] - Distance: 95.0000
(((27,(4,10)),(((21,(3,(28,23))),16),11)),((((29,12),17),(5,((9,7),(15,(14,(26,24)))))),((((2,30),19),22),((13,(20,(6,(1,(8,18))))),25))));

STEP 67 [TBR_IncrementalHeuristic_MP -> NNI_Substep_63] - Distance: 93.0000
(((27,(4,10)),(((21,(3,(28,23))),16),11)),((((29,12),17),(5,((9,7),(15,(14,(26,24)))))),((((2,30),19),22),((13,25),(20,(6,(1,(8,18))))))));

STEP 68 [TBR_IncrementalHeuristic_MP -> NNI_Substep_64] - Distance: 93.0000
(((27,(4,10)),(((21,(3,(28,23))),16),11)),((((29,12),17),(5,((9,7),(15,(14,(26,24)))))),((((2,30),19),22),(((13,25),(6,(1,(8,18)))),20))));

STEP 69 [TBR_IncrementalHeuristic_MP -> NNI_Substep_65] - Distance: 93.0000
(((27,(4,10)),(((21,(3,(28,23))),16),11)),((((29,12),17),(5,((9,7),(15,(14,(26,24)))))),(((((2,30),19),22),((13,25),(6,(1,(8,18))))),20)));

STEP 70 [TBR_IncrementalHeuristic_MP -> NNI_Substep_66] - Distance: 94.0000
(((27,(4,10)),(((21,(3,(28,23))),16),11)),(((((29,12),17),(5,((9,7),(15,(14,(26,24)))))),((((2,30),19),22),((13,25),(6,(1,(8,18)))))),20));

STEP 71 [TBR_IncrementalHeuristic_MP -> NNI_Substep_67] - Distance: 84.0000
(((27,(4,10)),(((21,(3,(28,23))),16),11)),(((((29,12),17),(5,((9,7),(15,(14,(26,24)))))),20),((((2,30),19),22),((13,25),(6,(1,(8,18)))))));

STEP 72 [TBR_IncrementalHeuristic_MP -> NNI_Substep_68] - Distance: 81.0000
(((27,(4,10)),(((21,(3,(28,23))),16),11)),((((29,12),17),((5,((9,7),(15,(14,(26,24))))),20)),((((2,30),19),22),((13,25),(6,(1,(8,18)))))));

STEP 73 [TBR_IncrementalHeuristic_MP -> NNI_Substep_69] - Distance: 79.0000
(((27,(4,10)),(((21,(3,(28,23))),16),11)),((((29,12),17),((5,20),((9,7),(15,(14,(26,24)))))),((((2,30),19),22),((13,25),(6,(1,(8,18)))))));

STEP 74 [TBR_IncrementalHeuristic_MP -> NNI_Substep_70] - Distance: 79.0000
(((27,(4,10)),(((21,(3,(28,23))),16),11)),((((29,12),17),((5,20),((7,(15,(14,(26,24)))),9))),((((2,30),19),22),((13,25),(6,(1,(8,18)))))));

STEP 75 [TBR_IncrementalHeuristic_MP -> NNI_Substep_71] - Distance: 79.0000
(((27,(4,10)),(((21,(3,(28,23))),16),11)),((((29,12),17),(((5,20),(7,(15,(14,(26,24))))),9)),((((2,30),19),22),((13,25),(6,(1,(8,18)))))));

STEP 76 [TBR_IncrementalHeuristic_MP -> NNI_Substep_72] - Distance: 79.0000
(((27,(4,10)),(((21,(3,(28,23))),16),11)),(((((29,12),17),((5,20),(7,(15,(14,(26,24)))))),9),((((2,30),19),22),((13,25),(6,(1,(8,18)))))));

STEP 77 [TBR_IncrementalHeuristic_MP -> NNI_Substep_73] - Distance: 77.0000
(((27,(4,10)),(((21,(3,(28,23))),16),11)),(((((29,12),17),((5,20),(7,(15,(14,(26,24)))))),((((2,30),19),22),((13,25),(6,(1,(8,18)))))),9));

STEP 78 [TBR_IncrementalHeuristic_MP -> NNI_Substep_74] - Distance: 68.0000
(((27,(4,10)),(((21,(3,(28,23))),16),11)),((((29,12),17),((5,20),(7,(15,(14,(26,24)))))),(((((2,30),19),22),((13,25),(6,(1,(8,18))))),9)));

STEP 79 [TBR_IncrementalHeuristic_MP -> NNI_Substep_75] - Distance: 64.0000
(((27,(4,10)),(((21,(3,(28,23))),16),11)),((((29,12),17),((5,20),(7,(15,(14,(26,24)))))),(((((2,30),19),22),9),((13,25),(6,(1,(8,18)))))));

STEP 80 [TBR_IncrementalHeuristic_MP -> NNI_Substep_76] - Distance: 63.0000
(((27,(4,10)),(((21,(3,(28,23))),16),11)),((((29,12),17),((5,20),(7,(15,(14,(26,24)))))),(((((2,30),19),9),22),((13,25),(6,(1,(8,18)))))));

STEP 81 [TBR_IncrementalHeuristic_MP -> NNI_Substep_77] - Distance: 63.0000
(((27,(4,10)),(((21,(3,(28,23))),16),11)),((((29,12),17),((5,20),(7,((15,(26,24)),14)))),(((((2,30),19),9),22),((13,25),(6,(1,(8,18)))))));

STEP 82 [TBR_IncrementalHeuristic_MP -> NNI_Substep_78] - Distance: 63.0000
(((27,(4,10)),(((21,(3,(28,23))),16),11)),((((29,12),17),((5,20),((7,(15,(26,24))),14))),(((((2,30),19),9),22),((13,25),(6,(1,(8,18)))))));

STEP 83 [TBR_IncrementalHeuristic_MP -> NNI_Substep_79] - Distance: 63.0000
(((27,(4,10)),(((21,(3,(28,23))),16),11)),((((29,12),17),(((5,20),(7,(15,(26,24)))),14)),(((((2,30),19),9),22),((13,25),(6,(1,(8,18)))))));

STEP 84 [TBR_IncrementalHeuristic_MP -> NNI_Substep_80] - Distance: 63.0000
(((27,(4,10)),(((21,(3,(28,23))),16),11)),(((((29,12),17),((5,20),(7,(15,(26,24))))),14),(((((2,30),19),9),22),((13,25),(6,(1,(8,18)))))));

STEP 85 [TBR_IncrementalHeuristic_MP -> NNI_Substep_81] - Distance: 62.0000
(((27,(4,10)),(((21,(3,(28,23))),16),11)),(((((29,12),17),((5,20),(7,(15,(26,24))))),(((((2,30),19),9),22),((13,25),(6,(1,(8,18)))))),14));

STEP 86 [TBR_IncrementalHeuristic_MP -> NNI_Substep_82] - Distance: 53.0000
(((27,(4,10)),(((21,(3,(28,23))),16),11)),((((29,12),17),((5,20),(7,(15,(26,24))))),((((((2,30),19),9),22),((13,25),(6,(1,(8,18))))),14)));

STEP 87 [TBR_IncrementalHeuristic_MP -> NNI_Substep_83] - Distance: 49.0000
(((27,(4,10)),(((21,(3,(28,23))),16),11)),((((29,12),17),((5,20),(7,(15,(26,24))))),(((((2,30),19),9),22),(((13,25),(6,(1,(8,18)))),14))));

STEP 88 [TBR_IncrementalHeuristic_MP -> NNI_Substep_84] - Distance: 47.0000
(((27,(4,10)),(((21,(3,(28,23))),16),11)),((((29,12),17),((5,20),(7,(15,(26,24))))),(((((2,30),19),9),22),((13,25),((6,(1,(8,18))),14)))));

STEP 89 [TBR_IncrementalHeuristic_MP -> NNI_Substep_85] - Distance: 46.0000
(((27,(4,10)),(((21,(3,(28,23))),16),11)),((((29,12),17),((5,20),(7,(15,(26,24))))),(((((2,30),19),9),22),((13,25),((6,14),(1,(8,18)))))));

STEP 90 [TBR_IncrementalHeuristic_MP -> NNI_Substep_86] - Distance: 46.0000
((((27,10),4),(((21,(3,(28,23))),16),11)),((((29,12),17),((5,20),(7,(15,(26,24))))),(((((2,30),19),9),22),((13,25),((6,14),(1,(8,18)))))));

STEP 91 [TBR_IncrementalHeuristic_MP -> NNI_Substep_87] - Distance: 45.0000
((((27,10),(((21,(3,(28,23))),16),11)),4),((((29,12),17),((5,20),(7,(15,(26,24))))),(((((2,30),19),9),22),((13,25),((6,14),(1,(8,18)))))));

STEP 92 [TBR_IncrementalHeuristic_MP -> NNI_Substep_88] - Distance: 43.0000
(((27,10),((((21,(3,(28,23))),16),11),4)),((((29,12),17),((5,20),(7,(15,(26,24))))),(((((2,30),19),9),22),((13,25),((6,14),(1,(8,18)))))));

STEP 93 [TBR_IncrementalHeuristic_MP -> NNI_Substep_89] - Distance: 38.0000
(((27,10),(((21,(3,(28,23))),16),(11,4))),((((29,12),17),((5,20),(7,(15,(26,24))))),(((((2,30),19),9),22),((13,25),((6,14),(1,(8,18)))))));

STEP 94 [TBR_IncrementalHeuristic_MP -> NNI_Substep_90] - Distance: 38.0000
(((27,10),(((21,(3,(28,23))),16),(11,4))),((((29,12),17),((5,20),(7,((15,26),24)))),(((((2,30),19),9),22),((13,25),((6,14),(1,(8,18)))))));

STEP 95 [TBR_IncrementalHeuristic_MP -> NNI_Substep_91] - Distance: 38.0000
(((27,10),(((21,(3,(28,23))),16),(11,4))),((((29,12),17),((5,20),((7,(15,26)),24))),(((((2,30),19),9),22),((13,25),((6,14),(1,(8,18)))))));

STEP 96 [TBR_IncrementalHeuristic_MP -> NNI_Substep_92] - Distance: 38.0000
(((27,10),(((21,(3,(28,23))),16),(11,4))),((((29,12),17),(((5,20),(7,(15,26))),24)),(((((2,30),19),9),22),((13,25),((6,14),(1,(8,18)))))));

STEP 97 [TBR_IncrementalHeuristic_MP -> NNI_Substep_93] - Distance: 35.0000
(((27,10),(((21,(3,(28,23))),16),(11,4))),(((((29,12),17),((5,20),(7,(15,26)))),24),(((((2,30),19),9),22),((13,25),((6,14),(1,(8,18)))))));

STEP 98 [TBR_IncrementalHeuristic_MP -> NNI_Substep_94] - Distance: 30.0000
(((27,10),(((21,(3,(28,23))),16),(11,4))),(((((29,12),17),24),((5,20),(7,(15,26)))),(((((2,30),19),9),22),((13,25),((6,14),(1,(8,18)))))));

STEP 99 [TBR_IncrementalHeuristic_MP -> NNI_Substep_95] - Distance: 30.0000
(((27,10),(((21,(3,(28,23))),16),(11,4))),(((((29,12),17),24),((5,20),(7,(15,26)))),(((((2,30),9),19),22),((13,25),((6,14),(1,(8,18)))))));

STEP 100 [TBR_IncrementalHeuristic_MP -> NNI_Substep_96] - Distance: 30.0000
(((27,10),(((21,(3,(28,23))),16),(11,4))),(((((29,12),17),24),((5,20),(7,(15,26)))),(((((2,30),9),22),19),((13,25),((6,14),(1,(8,18)))))));

STEP 101 [TBR_IncrementalHeuristic_MP -> NNI_Substep_97] - Distance: 27.0000
(((27,10),(((21,(3,(28,23))),16),(11,4))),(((((29,12),17),24),((5,20),(7,(15,26)))),(((((2,30),9),22),((13,25),((6,14),(1,(8,18))))),19)));

STEP 102 [TBR_IncrementalHeuristic_MP -> NNI_Substep_98] - Distance: 23.0000
(((27,10),(((21,(3,(28,23))),16),(11,4))),(((((29,12),17),24),((5,20),(7,(15,26)))),((((2,30),9),22),(((13,25),((6,14),(1,(8,18)))),19))));

STEP 103 [TBR_IncrementalHeuristic_MP -> NNI_Substep_99] - Distance: 23.0000
(((27,10),(((21,(3,(28,23))),16),(11,4))),(((((29,12),17),24),((5,20),(7,(15,26)))),((((2,30),9),22),(((13,25),(((6,14),(8,18)),1)),19))));

STEP 104 [TBR_IncrementalHeuristic_MP -> NNI_Substep_100] - Distance: 23.0000
(((27,10),(((21,(3,(28,23))),16),(11,4))),(((((29,12),17),24),((5,20),(7,(15,26)))),((((2,30),9),22),((((13,25),((6,14),(8,18))),1),19))));

STEP 105 [TBR_IncrementalHeuristic_MP -> NNI_Substep_101] - Distance: 23.0000
(((27,10),(((21,(3,(28,23))),16),(11,4))),(((((29,12),17),24),((5,20),(7,(15,26)))),((((2,30),9),22),((((13,25),((6,14),(8,18))),19),1))));

STEP 106 [TBR_IncrementalHeuristic_MP -> NNI_Substep_102] - Distance: 23.0000
(((27,10),(((21,(3,(28,23))),16),(11,4))),(((((29,12),17),24),((5,20),(7,(15,26)))),(((((2,30),9),22),(((13,25),((6,14),(8,18))),19)),1)));

STEP 107 [TBR_IncrementalHeuristic_MP -> NNI_Substep_103] - Distance: 17.0000
(((27,10),(((21,(3,(28,23))),16),(11,4))),(((((29,12),17),24),((5,20),(7,(15,26)))),(((((2,30),9),22),1),(((13,25),((6,14),(8,18))),19))));

STEP 108 [TBR_IncrementalHeuristic_MP -> NNI_Substep_104] - Distance: 14.0000
(((27,10),(((21,(3,(28,23))),16),(11,4))),(((((29,12),17),24),((5,20),(7,(15,26)))),((((2,30),9),(22,1)),(((13,25),((6,14),(8,18))),19))));

STEP 109 [TBR_IncrementalHeuristic_MP -> NNI_Substep_105] - Distance: 14.0000
(((27,10),(((21,(3,(28,23))),16),(11,4))),(((((29,12),17),24),((5,20),(7,(15,26)))),((((2,30),9),(22,1)),(((13,25),(((6,14),18),8)),19))));

STEP 110 [TBR_IncrementalHeuristic_MP -> NNI_Substep_106] - Distance: 14.0000
(((27,10),(((21,(3,(28,23))),16),(11,4))),(((((29,12),17),24),((5,20),(7,(15,26)))),((((2,30),9),(22,1)),((((13,25),((6,14),18)),8),19))));

STEP 111 [TBR_IncrementalHeuristic_MP -> NNI_Substep_107] - Distance: 14.0000
(((27,10),(((21,(3,(28,23))),16),(11,4))),(((((29,12),17),24),((5,20),(7,(15,26)))),((((2,30),9),(22,1)),((((13,25),((6,14),18)),19),8))));

STEP 112 [TBR_IncrementalHeuristic_MP -> NNI_Substep_108] - Distance: 9.0000
(((27,10),(((21,(3,(28,23))),16),(11,4))),(((((29,12),17),24),((5,20),(7,(15,26)))),(((((2,30),9),(22,1)),(((13,25),((6,14),18)),19)),8)));

STEP 113 [TBR_IncrementalHeuristic_MP -> NNI_Substep_109] - Distance: 3.0000
(((27,10),(((21,(3,(28,23))),16),(11,4))),(((((29,12),17),24),((5,20),(7,(15,26)))),(((((2,30),9),(22,1)),8),(((13,25),((6,14),18)),19))));

STEP 114 [TBR_IncrementalHeuristic_MP -> NNI_Substep_110] - Distance: 2.0000
(((27,10),(((21,(3,(28,23))),16),(11,4))),(((((29,12),17),24),((5,20),((7,15),26))),(((((2,30),9),(22,1)),8),(((13,25),((6,14),18)),19))));

STEP 115 [TBR_IncrementalHeuristic_MP -> NNI_Substep_111] - Distance: 0.0000
(((27,10),(((21,(3,(28,23))),16),(11,4))),(((((29,12),17),24),(((5,20),(7,15)),26)),(((((2,30),9),(22,1)),8),(((13,25),((6,14),18)),19))));

========================================================
[FINAL] Total Steps: 115 | Final Distance: 0.0000
========================================================
