========================================================
HEURISTIC TRAJECTORY: VND Classic (MP)
========================================================
STEP 0 [START] - Distance: 299.0000
(((2,((16,18),(9,(4,21)))),((5,(7,(19,12))),(3,20))),(((17,((15,(11,13)),(29,14))),((28,1),(26,10))),(((30,(24,22)),(27,8)),(25,(6,23)))));

STEP 1 [NNI_ClassicHeuristic_MP -> NNI_Substep_1] - Distance: 295.0000
(((2,((16,18),(9,(4,21)))),((5,(7,(19,12))),(3,20))),(((26,10),((28,1),(17,((15,(11,13)),(29,14))))),(((30,(24,22)),(27,8)),(25,(6,23)))));

STEP 2 [NNI_ClassicHeuristic_MP -> NNI_Substep_2] - Distance: 287.0000
(((2,((16,18),(9,(4,21)))),((5,(7,(19,12))),(3,20))),(((((30,(24,22)),(27,8)),(25,(6,23))),((28,1),(17,((15,(11,13)),(29,14))))),(26,10)));

STEP 3 [NNI_ClassicHeuristic_MP -> NNI_Substep_3] - Distance: 265.0000
((26,(((28,1),((((30,(24,22)),(27,8)),(25,(6,23))),(17,((15,(11,13)),(29,14))))),((2,((16,18),(9,(4,21)))),((5,(7,(19,12))),(3,20))))),10);

STEP 4 [NNI_ClassicHeuristic_MP -> NNI_Substep_4] - Distance: 263.0000
((26,(((28,1),((((30,(24,22)),(27,8)),(17,((15,(11,13)),(29,14)))),(25,(6,23)))),((2,((16,18),(9,(4,21)))),((5,(7,(19,12))),(3,20))))),10);

STEP 5 [NNI_ClassicHeuristic_MP -> NNI_Substep_5] - Distance: 262.0000
((26,(((28,1),((((30,(24,22)),(17,((15,(11,13)),(29,14)))),(27,8)),(25,(6,23)))),((2,((16,18),(9,(4,21)))),((5,(7,(19,12))),(3,20))))),10);

STEP 6 [NNI_ClassicHeuristic_MP -> NNI_Substep_6] - Distance: 261.0000
((26,(((28,1),((((30,(24,22)),(17,((15,(29,14)),(11,13)))),(27,8)),(25,(6,23)))),((2,((16,18),(9,(4,21)))),((5,(7,(19,12))),(3,20))))),10);

STEP 7 [NNI_ClassicHeuristic_MP -> NNI_Substep_7] - Distance: 260.0000
((26,(((28,1),((27,(((30,(24,22)),(17,((15,(29,14)),(11,13)))),8)),(25,(6,23)))),((2,((16,18),(9,(4,21)))),((5,(7,(19,12))),(3,20))))),10);

STEP 8 [NNI_ClassicHeuristic_MP -> NNI_Substep_8] - Distance: 259.0000
((26,(((28,1),((27,(((30,(24,22)),(17,((15,(29,14)),(11,13)))),8)),(25,(6,23)))),(((16,18),(2,(9,(4,21)))),((5,(7,(19,12))),(3,20))))),10);

STEP 9 [NNI_ClassicHeuristic_MP -> NNI_Substep_9] - Distance: 258.0000
((26,(((28,1),((27,(((30,(24,22)),(17,((15,(29,14)),(11,13)))),8)),(25,(6,23)))),((3,20),((5,(7,(19,12))),((16,18),(2,(9,(4,21)))))))),10);

STEP 10 [NNI_ClassicHeuristic_MP -> NNI_Substep_10] - Distance: 257.0000
((26,(((28,1),((27,(((30,(24,22)),(17,((15,(29,14)),(11,13)))),8)),(25,(6,23)))),((((5,(7,(19,12))),((16,18),(2,(9,(4,21))))),20),3))),10);

STEP 11 [TBR_ClassicHeuristic_MP -> NNI_Substep_1] - Distance: 257.0000
((26,(((28,1),((27,(((30,(17,((15,(29,14)),(11,13)))),(24,22)),8)),(25,(6,23)))),((((5,(7,(19,12))),((16,18),(2,(9,(4,21))))),20),3))),10);

STEP 12 [TBR_ClassicHeuristic_MP -> NNI_Substep_2] - Distance: 257.0000
((26,(((28,1),((27,(((30,(17,((15,(29,14)),(11,13)))),8),(24,22))),(25,(6,23)))),((((5,(7,(19,12))),((16,18),(2,(9,(4,21))))),20),3))),10);

STEP 13 [TBR_ClassicHeuristic_MP -> NNI_Substep_3] - Distance: 257.0000
((26,(((28,1),(((27,((30,(17,((15,(29,14)),(11,13)))),8)),(24,22)),(25,(6,23)))),((((5,(7,(19,12))),((16,18),(2,(9,(4,21))))),20),3))),10);

STEP 14 [TBR_ClassicHeuristic_MP -> NNI_Substep_4] - Distance: 256.0000
((26,(((28,1),(((27,((30,(17,((15,(29,14)),(11,13)))),8)),(25,(6,23))),(24,22))),((((5,(7,(19,12))),((16,18),(2,(9,(4,21))))),20),3))),10);

STEP 15 [TBR_ClassicHeuristic_MP -> NNI_Substep_5] - Distance: 255.0000
((26,((((28,1),((27,((30,(17,((15,(29,14)),(11,13)))),8)),(25,(6,23)))),(24,22)),((((5,(7,(19,12))),((16,18),(2,(9,(4,21))))),20),3))),10);

STEP 16 [TBR_ClassicHeuristic_MP -> NNI_Substep_6] - Distance: 250.0000
((26,((((28,1),(24,22)),((27,((30,(17,((15,(29,14)),(11,13)))),8)),(25,(6,23)))),((((5,(7,(19,12))),((16,18),(2,(9,(4,21))))),20),3))),10);

STEP 17 [TBR_ClassicHeuristic_MP -> NNI_Substep_7] - Distance: 250.0000
((26,(((((28,1),24),22),((27,((30,(17,((15,(29,14)),(11,13)))),8)),(25,(6,23)))),((((5,(7,(19,12))),((16,18),(2,(9,(4,21))))),20),3))),10);

STEP 18 [TBR_ClassicHeuristic_MP -> NNI_Substep_8] - Distance: 249.0000
((26,(((((28,1),24),((27,((30,(17,((15,(29,14)),(11,13)))),8)),(25,(6,23)))),22),((((5,(7,(19,12))),((16,18),(2,(9,(4,21))))),20),3))),10);

STEP 19 [TBR_ClassicHeuristic_MP -> NNI_Substep_9] - Distance: 253.0000
((26,(((((28,1),24),((27,((30,(17,((15,(29,14)),(11,13)))),8)),(25,(6,23)))),((((5,(7,(19,12))),((16,18),(2,(9,(4,21))))),20),3)),22)),10);

STEP 20 [TBR_ClassicHeuristic_MP -> NNI_Substep_10] - Distance: 245.0000
((26,((((28,1),24),((27,((30,(17,((15,(29,14)),(11,13)))),8)),(25,(6,23)))),(((((5,(7,(19,12))),((16,18),(2,(9,(4,21))))),20),3),22))),10);

STEP 21 [TBR_ClassicHeuristic_MP -> NNI_Substep_11] - Distance: 245.0000
((26,((((28,1),24),((27,((30,(17,((15,(29,14)),(11,13)))),8)),(25,(6,23)))),(((((5,(7,(19,12))),((16,18),(2,(9,(4,21))))),20),22),3))),10);

STEP 22 [TBR_ClassicHeuristic_MP -> NNI_Substep_12] - Distance: 245.0000
((26,((((28,1),24),((27,((30,(17,((15,(29,14)),(11,13)))),8)),(25,(6,23)))),(((((5,(7,(19,12))),((16,18),(2,(9,(4,21))))),22),20),3))),10);

STEP 23 [TBR_ClassicHeuristic_MP -> NNI_Substep_13] - Distance: 243.0000
((26,((((28,1),24),((27,((30,(17,((15,(29,14)),(11,13)))),8)),(25,(6,23)))),((((5,(7,(19,12))),(((16,18),(2,(9,(4,21)))),22)),20),3))),10);

STEP 24 [TBR_ClassicHeuristic_MP -> NNI_Substep_14] - Distance: 243.0000
((26,((((28,1),24),((27,((30,(17,((15,(29,14)),(11,13)))),8)),(25,(6,23)))),((((5,(7,(19,12))),(((16,18),(2,((9,21),4))),22)),20),3))),10);

STEP 25 [TBR_ClassicHeuristic_MP -> NNI_Substep_15] - Distance: 243.0000
((26,((((28,1),24),((27,((30,(17,((15,(29,14)),(11,13)))),8)),(25,(6,23)))),((((5,(7,(19,12))),(((16,18),((2,(9,21)),4)),22)),20),3))),10);

STEP 26 [TBR_ClassicHeuristic_MP -> NNI_Substep_16] - Distance: 244.0000
((26,((((28,1),24),((27,((30,(17,((15,(29,14)),(11,13)))),8)),(25,(6,23)))),((((5,(7,(19,12))),((((16,18),(2,(9,21))),4),22)),20),3))),10);

STEP 27 [TBR_ClassicHeuristic_MP -> NNI_Substep_17] - Distance: 244.0000
((26,((((28,1),24),((27,((30,(17,((15,(29,14)),(11,13)))),8)),(25,(6,23)))),((((5,(7,(19,12))),((((16,18),(2,(9,21))),22),4)),20),3))),10);

STEP 28 [TBR_ClassicHeuristic_MP -> NNI_Substep_18] - Distance: 244.0000
((26,((((28,1),24),((27,((30,(17,((15,(29,14)),(11,13)))),8)),(25,(6,23)))),(((((5,(7,(19,12))),(((16,18),(2,(9,21))),22)),4),20),3))),10);

STEP 29 [TBR_ClassicHeuristic_MP -> NNI_Substep_19] - Distance: 244.0000
((26,((((28,1),24),((27,((30,(17,((15,(29,14)),(11,13)))),8)),(25,(6,23)))),(((((5,(7,(19,12))),(((16,18),(2,(9,21))),22)),20),4),3))),10);

STEP 30 [TBR_ClassicHeuristic_MP -> NNI_Substep_20] - Distance: 244.0000
((26,((((28,1),24),((27,((30,(17,((15,(29,14)),(11,13)))),8)),(25,(6,23)))),(((((5,(7,(19,12))),(((16,18),(2,(9,21))),22)),20),3),4))),10);

STEP 31 [TBR_ClassicHeuristic_MP -> NNI_Substep_21] - Distance: 247.0000
((26,(((((28,1),24),((27,((30,(17,((15,(29,14)),(11,13)))),8)),(25,(6,23)))),((((5,(7,(19,12))),(((16,18),(2,(9,21))),22)),20),3)),4)),10);

STEP 32 [TBR_ClassicHeuristic_MP -> NNI_Substep_22] - Distance: 239.0000
((26,(((((28,1),24),((27,((30,(17,((15,(29,14)),(11,13)))),8)),(25,(6,23)))),4),((((5,(7,(19,12))),(((16,18),(2,(9,21))),22)),20),3))),10);

STEP 33 [TBR_ClassicHeuristic_MP -> NNI_Substep_23] - Distance: 236.0000
((26,((((28,1),24),(((27,((30,(17,((15,(29,14)),(11,13)))),8)),(25,(6,23))),4)),((((5,(7,(19,12))),(((16,18),(2,(9,21))),22)),20),3))),10);

STEP 34 [TBR_ClassicHeuristic_MP -> NNI_Substep_24] - Distance: 236.0000
((26,((((28,1),24),(((27,((30,(17,(((15,(29,14)),11),13))),8)),(25,(6,23))),4)),((((5,(7,(19,12))),(((16,18),(2,(9,21))),22)),20),3))),10);

STEP 35 [TBR_ClassicHeuristic_MP -> NNI_Substep_25] - Distance: 236.0000
((26,((((28,1),24),(((27,((30,((17,((15,(29,14)),11)),13)),8)),(25,(6,23))),4)),((((5,(7,(19,12))),(((16,18),(2,(9,21))),22)),20),3))),10);

STEP 36 [TBR_ClassicHeuristic_MP -> NNI_Substep_26] - Distance: 235.0000
((26,((((28,1),24),(((27,(((30,(17,((15,(29,14)),11))),13),8)),(25,(6,23))),4)),((((5,(7,(19,12))),(((16,18),(2,(9,21))),22)),20),3))),10);

STEP 37 [TBR_ClassicHeuristic_MP -> NNI_Substep_27] - Distance: 235.0000
((26,((((28,1),24),(((27,(((30,(17,((15,(29,14)),11))),8),13)),(25,(6,23))),4)),((((5,(7,(19,12))),(((16,18),(2,(9,21))),22)),20),3))),10);

STEP 38 [TBR_ClassicHeuristic_MP -> NNI_Substep_28] - Distance: 234.0000
((26,((((28,1),24),((((27,((30,(17,((15,(29,14)),11))),8)),13),(25,(6,23))),4)),((((5,(7,(19,12))),(((16,18),(2,(9,21))),22)),20),3))),10);

STEP 39 [TBR_ClassicHeuristic_MP -> NNI_Substep_29] - Distance: 232.0000
((26,((((28,1),24),((((27,((30,(17,((15,(29,14)),11))),8)),(25,(6,23))),13),4)),((((5,(7,(19,12))),(((16,18),(2,(9,21))),22)),20),3))),10);

STEP 40 [TBR_ClassicHeuristic_MP -> NNI_Substep_30] - Distance: 232.0000
((26,((((28,1),24),((((27,((30,(17,((15,(29,14)),11))),8)),(25,(6,23))),4),13)),((((5,(7,(19,12))),(((16,18),(2,(9,21))),22)),20),3))),10);

STEP 41 [TBR_ClassicHeuristic_MP -> NNI_Substep_31] - Distance: 232.0000
((26,(((((28,1),24),(((27,((30,(17,((15,(29,14)),11))),8)),(25,(6,23))),4)),13),((((5,(7,(19,12))),(((16,18),(2,(9,21))),22)),20),3))),10);

STEP 42 [TBR_ClassicHeuristic_MP -> NNI_Substep_32] - Distance: 233.0000
((26,(((((28,1),24),(((27,((30,(17,((15,(29,14)),11))),8)),(25,(6,23))),4)),((((5,(7,(19,12))),(((16,18),(2,(9,21))),22)),20),3)),13)),10);

STEP 43 [TBR_ClassicHeuristic_MP -> NNI_Substep_33] - Distance: 230.0000
((26,((((28,1),24),(((27,((30,(17,((15,(29,14)),11))),8)),(25,(6,23))),4)),(((((5,(7,(19,12))),(((16,18),(2,(9,21))),22)),20),3),13))),10);

STEP 44 [TBR_ClassicHeuristic_MP -> NNI_Substep_34] - Distance: 230.0000
((26,((((28,1),24),(((27,((30,(17,((15,(29,14)),11))),8)),(25,(6,23))),4)),(((((5,(7,(19,12))),(((16,18),(2,(9,21))),22)),20),13),3))),10);

STEP 45 [TBR_ClassicHeuristic_MP -> NNI_Substep_35] - Distance: 230.0000
((26,((((28,1),24),(((27,((30,(17,((15,(29,14)),11))),8)),(25,(6,23))),4)),(((((5,(7,(19,12))),(((16,18),(2,(9,21))),22)),13),20),3))),10);

STEP 46 [TBR_ClassicHeuristic_MP -> NNI_Substep_36] - Distance: 228.0000
((26,((((28,1),24),(((27,((30,(17,((15,(29,14)),11))),8)),(25,(6,23))),4)),((((5,(7,(19,12))),((((16,18),(2,(9,21))),22),13)),20),3))),10);

STEP 47 [TBR_ClassicHeuristic_MP -> NNI_Substep_37] - Distance: 228.0000
((26,((((28,1),24),(((27,((30,(17,((15,(29,14)),11))),8)),(25,(6,23))),4)),((((5,(7,(19,12))),((((16,18),(2,(9,21))),13),22)),20),3))),10);

STEP 48 [TBR_ClassicHeuristic_MP -> NNI_Substep_38] - Distance: 228.0000
((26,((((28,1),24),(((27,((30,(17,((15,(29,14)),11))),8)),(25,(6,23))),4)),((((5,(7,(19,12))),(((16,18),((2,(9,21)),13)),22)),20),3))),10);

STEP 49 [TBR_ClassicHeuristic_MP -> NNI_Substep_39] - Distance: 228.0000
((26,((((28,1),24),(((27,((30,(17,((15,(29,14)),11))),8)),(25,(6,23))),4)),((((5,(7,(19,12))),(((16,18),(2,((9,21),13))),22)),20),3))),10);

STEP 50 [TBR_ClassicHeuristic_MP -> NNI_Substep_40] - Distance: 227.0000
((26,((((28,1),24),(((27,((30,(17,((15,(29,14)),11))),8)),(25,(6,23))),4)),((((5,(7,(19,12))),(((16,18),(2,((9,13),21))),22)),20),3))),10);

STEP 51 [TBR_ClassicHeuristic_MP -> NNI_Substep_41] - Distance: 227.0000
((26,((((28,1),24),(((27,((30,(17,((15,(29,14)),11))),8)),(25,(6,23))),4)),((((5,(7,(19,12))),((((16,18),((9,13),21)),2),22)),20),3))),10);

STEP 52 [TBR_ClassicHeuristic_MP -> NNI_Substep_42] - Distance: 227.0000
((26,((((28,1),24),(((27,((30,(17,((15,(29,14)),11))),8)),(25,(6,23))),4)),((((5,(7,(19,12))),((((16,18),((9,13),21)),22),2)),20),3))),10);

STEP 53 [TBR_ClassicHeuristic_MP -> NNI_Substep_43] - Distance: 227.0000
((26,((((28,1),24),(((27,((30,(17,((15,(29,14)),11))),8)),(25,(6,23))),4)),(((((5,(7,(19,12))),(((16,18),((9,13),21)),22)),2),20),3))),10);

STEP 54 [TBR_ClassicHeuristic_MP -> NNI_Substep_44] - Distance: 226.0000
((26,((((28,1),24),(((27,((30,(17,((15,(29,14)),11))),8)),(25,(6,23))),4)),(((((5,(7,(19,12))),(((16,18),((9,13),21)),22)),20),2),3))),10);

STEP 55 [TBR_ClassicHeuristic_MP -> NNI_Substep_45] - Distance: 226.0000
((26,((((28,1),24),(((27,((30,(17,((15,(29,14)),11))),8)),(25,(6,23))),4)),(((((5,(7,(19,12))),(((16,18),((9,13),21)),22)),20),3),2))),10);

STEP 56 [TBR_ClassicHeuristic_MP -> NNI_Substep_46] - Distance: 231.0000
((26,(((((28,1),24),(((27,((30,(17,((15,(29,14)),11))),8)),(25,(6,23))),4)),((((5,(7,(19,12))),(((16,18),((9,13),21)),22)),20),3)),2)),10);

STEP 57 [TBR_ClassicHeuristic_MP -> NNI_Substep_47] - Distance: 221.0000
((26,(((((28,1),24),(((27,((30,(17,((15,(29,14)),11))),8)),(25,(6,23))),4)),2),((((5,(7,(19,12))),(((16,18),((9,13),21)),22)),20),3))),10);

STEP 58 [TBR_ClassicHeuristic_MP -> NNI_Substep_48] - Distance: 218.0000
((26,((((28,1),24),((((27,((30,(17,((15,(29,14)),11))),8)),(25,(6,23))),4),2)),((((5,(7,(19,12))),(((16,18),((9,13),21)),22)),20),3))),10);

STEP 59 [TBR_ClassicHeuristic_MP -> NNI_Substep_49] - Distance: 217.0000
((26,((((28,1),24),((((27,((30,(17,((15,(29,14)),11))),8)),(25,(6,23))),2),4)),((((5,(7,(19,12))),(((16,18),((9,13),21)),22)),20),3))),10);

STEP 60 [TBR_ClassicHeuristic_MP -> NNI_Substep_50] - Distance: 218.0000
((26,((((28,1),24),((((27,((30,(17,((15,(29,14)),11))),8)),2),(25,(6,23))),4)),((((5,(7,(19,12))),(((16,18),((9,13),21)),22)),20),3))),10);

STEP 61 [TBR_ClassicHeuristic_MP -> NNI_Substep_51] - Distance: 218.0000
((26,((((28,1),24),(((27,(((30,(17,((15,(29,14)),11))),8),2)),(25,(6,23))),4)),((((5,(7,(19,12))),(((16,18),((9,13),21)),22)),20),3))),10);

STEP 62 [TBR_ClassicHeuristic_MP -> NNI_Substep_52] - Distance: 218.0000
((26,((((28,1),24),(((27,(((30,(17,((15,(29,14)),11))),2),8)),(25,(6,23))),4)),((((5,(7,(19,12))),(((16,18),((9,13),21)),22)),20),3))),10);

STEP 63 [TBR_ClassicHeuristic_MP -> NNI_Substep_53] - Distance: 218.0000
((26,((((28,1),24),(((27,((30,((17,((15,(29,14)),11)),2)),8)),(25,(6,23))),4)),((((5,(7,(19,12))),(((16,18),((9,13),21)),22)),20),3))),10);

STEP 64 [TBR_ClassicHeuristic_MP -> NNI_Substep_54] - Distance: 217.0000
((26,((((28,1),24),(((27,((30,(17,(((15,(29,14)),11),2))),8)),(25,(6,23))),4)),((((5,(7,(19,12))),(((16,18),((9,13),21)),22)),20),3))),10);

STEP 65 [TBR_ClassicHeuristic_MP -> NNI_Substep_55] - Distance: 216.0000
((26,((((28,1),24),(((27,((30,(17,(((15,(29,14)),2),11))),8)),(25,(6,23))),4)),((((5,(7,(19,12))),(((16,18),((9,13),21)),22)),20),3))),10);

STEP 66 [TBR_ClassicHeuristic_MP -> NNI_Substep_56] - Distance: 212.0000
(((((28,1),24),(((27,((30,(17,(((15,(29,14)),2),11))),8)),(25,(6,23))),4)),(((((5,(7,(19,12))),(((16,18),((9,13),21)),22)),20),3),26)),10);

STEP 67 [TBR_ClassicHeuristic_MP -> NNI_Substep_57] - Distance: 206.0000
(((((28,1),24),(((27,((30,(17,(((15,(29,14)),2),11))),8)),(25,(6,23))),4)),((((5,(7,(19,12))),(((16,18),((9,13),21)),22)),20),(3,26))),10);

STEP 68 [TBR_ClassicHeuristic_MP -> NNI_Substep_58] - Distance: 206.0000
(((((28,1),24),(((27,((30,(17,(((15,(29,14)),2),11))),8)),(25,(6,23))),4)),((((5,(7,(19,12))),(((16,18),((9,13),21)),22)),(3,26)),20)),10);

STEP 69 [TBR_ClassicHeuristic_MP -> NNI_Substep_59] - Distance: 209.0000
((((((28,1),24),(((27,((30,(17,(((15,(29,14)),2),11))),8)),(25,(6,23))),4)),(((5,(7,(19,12))),(((16,18),((9,13),21)),22)),(3,26))),20),10);

STEP 70 [TBR_ClassicHeuristic_MP -> NNI_Substep_60] - Distance: 198.0000
((((((28,1),24),(((27,((30,(17,(((15,(29,14)),2),11))),8)),(25,(6,23))),4)),20),(((5,(7,(19,12))),(((16,18),((9,13),21)),22)),(3,26))),10);

STEP 71 [TBR_ClassicHeuristic_MP -> NNI_Substep_61] - Distance: 195.0000
(((((28,1),24),((((27,((30,(17,(((15,(29,14)),2),11))),8)),(25,(6,23))),4),20)),(((5,(7,(19,12))),(((16,18),((9,13),21)),22)),(3,26))),10);

STEP 72 [TBR_ClassicHeuristic_MP -> NNI_Substep_62] - Distance: 195.0000
(((((28,1),24),((((27,((30,(17,(((15,(29,14)),2),11))),8)),(25,(6,23))),4),20)),(((5,(7,(19,12))),(((16,((9,13),21)),18),22)),(3,26))),10);

STEP 73 [TBR_ClassicHeuristic_MP -> NNI_Substep_63] - Distance: 195.0000
(((((28,1),24),((((27,((30,(17,(((15,(29,14)),2),11))),8)),(25,(6,23))),4),20)),(((5,(7,(19,12))),(((16,((9,13),21)),22),18)),(3,26))),10);

STEP 74 [TBR_ClassicHeuristic_MP -> NNI_Substep_64] - Distance: 195.0000
(((((28,1),24),((((27,((30,(17,(((15,(29,14)),2),11))),8)),(25,(6,23))),4),20)),((((5,(7,(19,12))),((16,((9,13),21)),22)),18),(3,26))),10);

STEP 75 [TBR_ClassicHeuristic_MP -> NNI_Substep_65] - Distance: 195.0000
(((((28,1),24),((((27,((30,(17,(((15,(29,14)),2),11))),8)),(25,(6,23))),4),20)),((((5,(7,(19,12))),((16,((9,13),21)),22)),(3,26)),18)),10);

STEP 76 [TBR_ClassicHeuristic_MP -> NNI_Substep_66] - Distance: 199.0000
((((((28,1),24),((((27,((30,(17,(((15,(29,14)),2),11))),8)),(25,(6,23))),4),20)),(((5,(7,(19,12))),((16,((9,13),21)),22)),(3,26))),18),10);

STEP 77 [TBR_ClassicHeuristic_MP -> NNI_Substep_67] - Distance: 188.0000
((((((28,1),24),((((27,((30,(17,(((15,(29,14)),2),11))),8)),(25,(6,23))),4),20)),18),(((5,(7,(19,12))),((16,((9,13),21)),22)),(3,26))),10);

STEP 78 [TBR_ClassicHeuristic_MP -> NNI_Substep_68] - Distance: 185.0000
(((((28,1),24),(((((27,((30,(17,(((15,(29,14)),2),11))),8)),(25,(6,23))),4),20),18)),(((5,(7,(19,12))),((16,((9,13),21)),22)),(3,26))),10);

STEP 79 [TBR_ClassicHeuristic_MP -> NNI_Substep_69] - Distance: 180.0000
(((((28,1),24),((((27,((30,(17,(((15,(29,14)),2),11))),8)),(25,(6,23))),4),(20,18))),(((5,(7,(19,12))),((16,((9,13),21)),22)),(3,26))),10);

STEP 80 [TBR_ClassicHeuristic_MP -> NNI_Substep_70] - Distance: 181.0000
(((((28,1),24),((((27,((30,(17,(((15,(29,14)),2),11))),8)),4),(25,(6,23))),(20,18))),(((5,(7,(19,12))),((16,((9,13),21)),22)),(3,26))),10);

STEP 81 [TBR_ClassicHeuristic_MP -> NNI_Substep_71] - Distance: 183.0000
(((((28,1),24),((((27,((30,(17,(((15,(29,14)),2),11))),8)),4),(20,18)),(25,(6,23)))),(((5,(7,(19,12))),((16,((9,13),21)),22)),(3,26))),10);

STEP 82 [TBR_ClassicHeuristic_MP -> NNI_Substep_72] - Distance: 186.0000
((((((28,1),24),(((27,((30,(17,(((15,(29,14)),2),11))),8)),4),(20,18))),(25,(6,23))),(((5,(7,(19,12))),((16,((9,13),21)),22)),(3,26))),10);

STEP 83 [TBR_ClassicHeuristic_MP -> NNI_Substep_73] - Distance: 197.0000
((((((28,1),24),(((27,((30,(17,(((15,(29,14)),2),11))),8)),4),(20,18))),(((5,(7,(19,12))),((16,((9,13),21)),22)),(3,26))),(25,(6,23))),10);

STEP 84 [TBR_ClassicHeuristic_MP -> NNI_Substep_74] - Distance: 175.0000
(((((28,1),24),(((27,((30,(17,(((15,(29,14)),2),11))),8)),4),(20,18))),((((5,(7,(19,12))),((16,((9,13),21)),22)),(3,26)),(25,(6,23)))),10);

STEP 85 [TBR_ClassicHeuristic_MP -> NNI_Substep_75] - Distance: 171.0000
(((((28,1),24),(((27,((30,(17,(((15,(29,14)),2),11))),8)),4),(20,18))),((((5,(7,(19,12))),((16,((9,13),21)),22)),(25,(6,23))),(3,26))),10);

STEP 86 [TBR_ClassicHeuristic_MP -> NNI_Substep_76] - Distance: 169.0000
(((((28,1),24),(((27,((30,(17,(((15,(29,14)),2),11))),8)),4),(20,18))),(((5,(7,(19,12))),(((16,((9,13),21)),22),(25,(6,23)))),(3,26))),10);

STEP 87 [TBR_ClassicHeuristic_MP -> NNI_Substep_77] - Distance: 169.0000
(((((28,1),24),(((27,((30,(17,(((15,(29,14)),2),11))),8)),4),(20,18))),(((5,(7,(19,12))),(((16,((9,13),21)),(25,(6,23))),22)),(3,26))),10);

STEP 88 [TBR_ClassicHeuristic_MP -> NNI_Substep_78] - Distance: 169.0000
(((((28,1),24),(((27,((30,(17,(((15,(29,14)),2),11))),8)),4),(20,18))),(((5,(7,(19,12))),((16,(((9,13),21),(25,(6,23)))),22)),(3,26))),10);

STEP 89 [TBR_ClassicHeuristic_MP -> NNI_Substep_79] - Distance: 166.0000
(((((28,1),24),(((27,((30,(17,(((15,(29,14)),2),11))),8)),4),(20,18))),(((5,(7,(19,12))),((16,((9,13),(21,(25,(6,23))))),22)),(3,26))),10);

STEP 90 [TBR_ClassicHeuristic_MP -> NNI_Substep_80] - Distance: 166.0000
(((((28,1),24),(((27,((30,(17,(((15,(29,14)),2),11))),8)),4),(20,18))),(((5,(7,(19,12))),((16,((9,13),(21,((25,23),6)))),22)),(3,26))),10);

STEP 91 [TBR_ClassicHeuristic_MP -> NNI_Substep_81] - Distance: 166.0000
(((((28,1),24),(((27,((30,(17,(((15,(29,14)),2),11))),8)),4),(20,18))),(((5,(7,(19,12))),((16,((9,13),((21,(25,23)),6))),22)),(3,26))),10);

STEP 92 [TBR_ClassicHeuristic_MP -> NNI_Substep_82] - Distance: 166.0000
(((((28,1),24),(((27,((30,(17,(((15,(29,14)),2),11))),8)),4),(20,18))),(((5,(7,(19,12))),((16,(((9,13),(21,(25,23))),6)),22)),(3,26))),10);

STEP 93 [TBR_ClassicHeuristic_MP -> NNI_Substep_83] - Distance: 166.0000
(((((28,1),24),(((27,((30,(17,(((15,(29,14)),2),11))),8)),4),(20,18))),(((5,(7,(19,12))),(((16,((9,13),(21,(25,23)))),6),22)),(3,26))),10);

STEP 94 [TBR_ClassicHeuristic_MP -> NNI_Substep_84] - Distance: 166.0000
(((((28,1),24),(((27,((30,(17,(((15,(29,14)),2),11))),8)),4),(20,18))),(((5,(7,(19,12))),(((16,((9,13),(21,(25,23)))),22),6)),(3,26))),10);

STEP 95 [TBR_ClassicHeuristic_MP -> NNI_Substep_85] - Distance: 166.0000
(((((28,1),24),(((27,((30,(17,(((15,(29,14)),2),11))),8)),4),(20,18))),((((5,(7,(19,12))),((16,((9,13),(21,(25,23)))),22)),6),(3,26))),10);

STEP 96 [TBR_ClassicHeuristic_MP -> NNI_Substep_86] - Distance: 166.0000
(((((28,1),24),(((27,((30,(17,(((15,(29,14)),2),11))),8)),4),(20,18))),((((5,(7,(19,12))),((16,((9,13),(21,(25,23)))),22)),(3,26)),6)),10);

STEP 97 [TBR_ClassicHeuristic_MP -> NNI_Substep_87] - Distance: 169.0000
((((((28,1),24),(((27,((30,(17,(((15,(29,14)),2),11))),8)),4),(20,18))),(((5,(7,(19,12))),((16,((9,13),(21,(25,23)))),22)),(3,26))),6),10);

STEP 98 [TBR_ClassicHeuristic_MP -> NNI_Substep_88] - Distance: 156.0000
((((((28,1),24),(((27,((30,(17,(((15,(29,14)),2),11))),8)),4),(20,18))),6),(((5,(7,(19,12))),((16,((9,13),(21,(25,23)))),22)),(3,26))),10);

STEP 99 [TBR_ClassicHeuristic_MP -> NNI_Substep_89] - Distance: 153.0000
(((((28,1),24),((((27,((30,(17,(((15,(29,14)),2),11))),8)),4),(20,18)),6)),(((5,(7,(19,12))),((16,((9,13),(21,(25,23)))),22)),(3,26))),10);

STEP 100 [TBR_ClassicHeuristic_MP -> NNI_Substep_90] - Distance: 151.0000
(((((28,1),24),((((27,((30,(17,(((15,(29,14)),2),11))),8)),4),6),(20,18))),(((5,(7,(19,12))),((16,((9,13),(21,(25,23)))),22)),(3,26))),10);

STEP 101 [TBR_ClassicHeuristic_MP -> NNI_Substep_91] - Distance: 150.0000
(((((28,1),24),((((27,((30,(17,(((15,(29,14)),2),11))),8)),6),4),(20,18))),(((5,(7,(19,12))),((16,((9,13),(21,(25,23)))),22)),(3,26))),10);

STEP 102 [TBR_ClassicHeuristic_MP -> NNI_Substep_92] - Distance: 150.0000
(((((28,1),24),(((27,(((30,(17,(((15,(29,14)),2),11))),8),6)),4),(20,18))),(((5,(7,(19,12))),((16,((9,13),(21,(25,23)))),22)),(3,26))),10);

STEP 103 [TBR_ClassicHeuristic_MP -> NNI_Substep_93] - Distance: 150.0000
(((((28,1),24),(((27,(((30,(17,(((15,(29,14)),2),11))),6),8)),4),(20,18))),(((5,(7,(19,12))),((16,((9,13),(21,(25,23)))),22)),(3,26))),10);

STEP 104 [TBR_ClassicHeuristic_MP -> NNI_Substep_94] - Distance: 150.0000
(((((28,1),24),(((27,((30,((17,(((15,(29,14)),2),11)),6)),8)),4),(20,18))),(((5,(7,(19,12))),((16,((9,13),(21,(25,23)))),22)),(3,26))),10);

STEP 105 [TBR_ClassicHeuristic_MP -> NNI_Substep_95] - Distance: 148.0000
(((((28,1),24),(((27,((30,((17,6),(((15,(29,14)),2),11))),8)),4),(20,18))),(((5,(7,(19,12))),((16,((9,13),(21,(25,23)))),22)),(3,26))),10);

STEP 106 [TBR_ClassicHeuristic_MP -> NNI_Substep_96] - Distance: 148.0000
(((((28,1),24),(((27,((((17,6),(((15,(29,14)),2),11)),8),30)),4),(20,18))),(((5,(7,(19,12))),((16,((9,13),(21,(25,23)))),22)),(3,26))),10);

STEP 107 [TBR_ClassicHeuristic_MP -> NNI_Substep_97] - Distance: 149.0000
(((((28,1),24),((((27,(((17,6),(((15,(29,14)),2),11)),8)),30),4),(20,18))),(((5,(7,(19,12))),((16,((9,13),(21,(25,23)))),22)),(3,26))),10);

STEP 108 [TBR_ClassicHeuristic_MP -> NNI_Substep_98] - Distance: 149.0000
(((((28,1),24),((((27,(((17,6),(((15,(29,14)),2),11)),8)),4),30),(20,18))),(((5,(7,(19,12))),((16,((9,13),(21,(25,23)))),22)),(3,26))),10);

STEP 109 [TBR_ClassicHeuristic_MP -> NNI_Substep_99] - Distance: 149.0000
(((((28,1),24),((((27,(((17,6),(((15,(29,14)),2),11)),8)),4),(20,18)),30)),(((5,(7,(19,12))),((16,((9,13),(21,(25,23)))),22)),(3,26))),10);

STEP 110 [TBR_ClassicHeuristic_MP -> NNI_Substep_100] - Distance: 149.0000
((((((28,1),24),(((27,(((17,6),(((15,(29,14)),2),11)),8)),4),(20,18))),30),(((5,(7,(19,12))),((16,((9,13),(21,(25,23)))),22)),(3,26))),10);

STEP 111 [TBR_ClassicHeuristic_MP -> NNI_Substep_101] - Distance: 146.0000
((((((28,1),24),(((27,(((17,6),(((15,(29,14)),2),11)),8)),4),(20,18))),(((5,(7,(19,12))),((16,((9,13),(21,(25,23)))),22)),(3,26))),30),10);

STEP 112 [TBR_ClassicHeuristic_MP -> NNI_Substep_102] - Distance: 134.0000
(((((28,1),24),(((27,(((17,6),(((15,(29,14)),2),11)),8)),4),(20,18))),((((5,(7,(19,12))),((16,((9,13),(21,(25,23)))),22)),(3,26)),30)),10);

STEP 113 [TBR_ClassicHeuristic_MP -> NNI_Substep_103] - Distance: 132.0000
(((((28,1),24),(((27,(((17,6),(((15,(29,14)),2),11)),8)),4),(20,18))),((((5,(7,(19,12))),((16,((9,13),(21,(25,23)))),22)),30),(3,26))),10);

STEP 114 [TBR_ClassicHeuristic_MP -> NNI_Substep_104] - Distance: 130.0000
(((((28,1),24),(((27,(((17,6),(((15,(29,14)),2),11)),8)),4),(20,18))),(((5,(7,(19,12))),(((16,((9,13),(21,(25,23)))),22),30)),(3,26))),10);

STEP 115 [TBR_ClassicHeuristic_MP -> NNI_Substep_105] - Distance: 131.0000
(((((28,1),24),(((27,(((17,6),(((15,(29,14)),2),11)),8)),4),(20,18))),(((5,(7,(19,12))),(((16,((9,13),(21,(25,23)))),30),22)),(3,26))),10);

STEP 116 [TBR_ClassicHeuristic_MP -> NNI_Substep_106] - Distance: 131.0000
(((((28,1),24),(((27,(((17,6),(((15,(29,14)),2),11)),8)),4),(20,18))),(((5,(7,(19,12))),((16,(((9,13),(21,(25,23))),30)),22)),(3,26))),10);

STEP 117 [TBR_ClassicHeuristic_MP -> NNI_Substep_107] - Distance: 129.0000
(((((28,1),24),(((27,(((17,6),(((15,(29,14)),2),11)),8)),4),(20,18))),(((5,(7,(19,12))),((16,((9,13),((21,(25,23)),30))),22)),(3,26))),10);

STEP 118 [TBR_ClassicHeuristic_MP -> NNI_Substep_108] - Distance: 129.0000
(((((28,1),24),((((((17,6),(((15,(29,14)),2),11)),8),4),27),(20,18))),(((5,(7,(19,12))),((16,((9,13),((21,(25,23)),30))),22)),(3,26))),10);

STEP 119 [TBR_ClassicHeuristic_MP -> NNI_Substep_109] - Distance: 129.0000
(((((28,1),24),((((((17,6),(((15,(29,14)),2),11)),8),4),(20,18)),27)),(((5,(7,(19,12))),((16,((9,13),((21,(25,23)),30))),22)),(3,26))),10);

STEP 120 [TBR_ClassicHeuristic_MP -> NNI_Substep_110] - Distance: 129.0000
((((((28,1),24),(((((17,6),(((15,(29,14)),2),11)),8),4),(20,18))),27),(((5,(7,(19,12))),((16,((9,13),((21,(25,23)),30))),22)),(3,26))),10);

STEP 121 [TBR_ClassicHeuristic_MP -> NNI_Substep_111] - Distance: 128.0000
((((((28,1),24),(((((17,6),(((15,(29,14)),2),11)),8),4),(20,18))),(((5,(7,(19,12))),((16,((9,13),((21,(25,23)),30))),22)),(3,26))),27),10);

STEP 122 [TBR_ClassicHeuristic_MP -> NNI_Substep_112] - Distance: 118.0000
(((((28,1),24),(((((17,6),(((15,(29,14)),2),11)),8),4),(20,18))),((((5,(7,(19,12))),((16,((9,13),((21,(25,23)),30))),22)),(3,26)),27)),10);

STEP 123 [TBR_ClassicHeuristic_MP -> NNI_Substep_113] - Distance: 116.0000
(((((28,1),24),(((((17,6),(((15,(29,14)),2),11)),8),4),(20,18))),((((5,(7,(19,12))),((16,((9,13),((21,(25,23)),30))),22)),27),(3,26))),10);

STEP 124 [TBR_ClassicHeuristic_MP -> NNI_Substep_114] - Distance: 114.0000
(((((28,1),24),(((((17,6),(((15,(29,14)),2),11)),8),4),(20,18))),(((5,(7,(19,12))),(((16,((9,13),((21,(25,23)),30))),22),27)),(3,26))),10);

STEP 125 [TBR_ClassicHeuristic_MP -> NNI_Substep_115] - Distance: 114.0000
(((((28,1),24),(((((17,6),(((15,(29,14)),2),11)),8),4),(20,18))),(((5,(7,(19,12))),(((16,((9,13),((21,(25,23)),30))),27),22)),(3,26))),10);

STEP 126 [TBR_ClassicHeuristic_MP -> NNI_Substep_116] - Distance: 114.0000
(((((28,1),24),(((((17,6),(((15,(29,14)),2),11)),8),4),(20,18))),(((5,(7,(19,12))),((16,(((9,13),((21,(25,23)),30)),27)),22)),(3,26))),10);

STEP 127 [TBR_ClassicHeuristic_MP -> NNI_Substep_117] - Distance: 112.0000
(((((28,1),24),(((((17,6),(((15,(29,14)),2),11)),8),4),(20,18))),(((5,(7,(19,12))),((16,((9,13),(((21,(25,23)),30),27))),22)),(3,26))),10);

STEP 128 [TBR_ClassicHeuristic_MP -> NNI_Substep_118] - Distance: 109.0000
(((((28,1),24),(((((17,6),(((15,(29,14)),2),11)),8),4),(20,18))),(((5,(7,(19,12))),((16,((9,13),((21,(25,23)),(30,27)))),22)),(3,26))),10);

STEP 129 [TBR_ClassicHeuristic_MP -> NNI_Substep_119] - Distance: 109.0000
(((((28,1),24),(((((17,6),((((29,14),2),15),11)),8),4),(20,18))),(((5,(7,(19,12))),((16,((9,13),((21,(25,23)),(30,27)))),22)),(3,26))),10);

STEP 130 [TBR_ClassicHeuristic_MP -> NNI_Substep_120] - Distance: 109.0000
(((((28,1),24),(((((17,6),((((29,14),2),11),15)),8),4),(20,18))),(((5,(7,(19,12))),((16,((9,13),((21,(25,23)),(30,27)))),22)),(3,26))),10);

STEP 131 [TBR_ClassicHeuristic_MP -> NNI_Substep_121] - Distance: 109.0000
(((((28,1),24),((((((17,6),(((29,14),2),11)),15),8),4),(20,18))),(((5,(7,(19,12))),((16,((9,13),((21,(25,23)),(30,27)))),22)),(3,26))),10);

STEP 132 [TBR_ClassicHeuristic_MP -> NNI_Substep_122] - Distance: 109.0000
(((((28,1),24),((((((17,6),(((29,14),2),11)),8),15),4),(20,18))),(((5,(7,(19,12))),((16,((9,13),((21,(25,23)),(30,27)))),22)),(3,26))),10);

STEP 133 [TBR_ClassicHeuristic_MP -> NNI_Substep_123] - Distance: 109.0000
(((((28,1),24),((((((17,6),(((29,14),2),11)),8),4),15),(20,18))),(((5,(7,(19,12))),((16,((9,13),((21,(25,23)),(30,27)))),22)),(3,26))),10);

STEP 134 [TBR_ClassicHeuristic_MP -> NNI_Substep_124] - Distance: 109.0000
(((((28,1),24),((((((17,6),(((29,14),2),11)),8),4),(20,18)),15)),(((5,(7,(19,12))),((16,((9,13),((21,(25,23)),(30,27)))),22)),(3,26))),10);

STEP 135 [TBR_ClassicHeuristic_MP -> NNI_Substep_125] - Distance: 109.0000
((((((28,1),24),(((((17,6),(((29,14),2),11)),8),4),(20,18))),15),(((5,(7,(19,12))),((16,((9,13),((21,(25,23)),(30,27)))),22)),(3,26))),10);

STEP 136 [TBR_ClassicHeuristic_MP -> NNI_Substep_126] - Distance: 108.0000
((((((28,1),24),(((((17,6),(((29,14),2),11)),8),4),(20,18))),(((5,(7,(19,12))),((16,((9,13),((21,(25,23)),(30,27)))),22)),(3,26))),15),10);

STEP 137 [TBR_ClassicHeuristic_MP -> NNI_Substep_127] - Distance: 97.0000
(((((28,1),24),(((((17,6),(((29,14),2),11)),8),4),(20,18))),((((5,(7,(19,12))),((16,((9,13),((21,(25,23)),(30,27)))),22)),(3,26)),15)),10);

STEP 138 [TBR_ClassicHeuristic_MP -> NNI_Substep_128] - Distance: 95.0000
(((((28,1),24),(((((17,6),(((29,14),2),11)),8),4),(20,18))),((((5,(7,(19,12))),((16,((9,13),((21,(25,23)),(30,27)))),22)),15),(3,26))),10);

STEP 139 [TBR_ClassicHeuristic_MP -> NNI_Substep_129] - Distance: 93.0000
(((((28,1),24),(((((17,6),(((29,14),2),11)),8),4),(20,18))),(((5,(7,(19,12))),(((16,((9,13),((21,(25,23)),(30,27)))),22),15)),(3,26))),10);

STEP 140 [TBR_ClassicHeuristic_MP -> NNI_Substep_130] - Distance: 93.0000
(((((28,1),24),(((((17,6),(((29,14),2),11)),8),4),(20,18))),(((5,(7,(19,12))),(((16,((9,13),((21,(25,23)),(30,27)))),15),22)),(3,26))),10);

STEP 141 [TBR_ClassicHeuristic_MP -> NNI_Substep_131] - Distance: 93.0000
(((((28,1),24),(((((17,6),(((29,14),2),11)),8),4),(20,18))),(((5,(7,(19,12))),((16,(((9,13),((21,(25,23)),(30,27))),15)),22)),(3,26))),10);

STEP 142 [TBR_ClassicHeuristic_MP -> NNI_Substep_132] - Distance: 91.0000
(((((28,1),24),(((((17,6),(((29,14),2),11)),8),4),(20,18))),(((5,(7,(19,12))),((16,((9,13),(((21,(25,23)),(30,27)),15))),22)),(3,26))),10);

STEP 143 [TBR_ClassicHeuristic_MP -> NNI_Substep_133] - Distance: 88.0000
(((((28,1),24),(((((17,6),(((29,14),2),11)),8),4),(20,18))),(((5,(7,(19,12))),((16,((9,13),((21,(25,23)),((30,27),15)))),22)),(3,26))),10);

STEP 144 [TBR_ClassicHeuristic_MP -> NNI_Substep_134] - Distance: 87.0000
(((((28,1),24),(((((17,6),(((29,14),2),11)),8),4),(20,18))),(((5,(7,(19,12))),((16,((9,13),((21,(25,23)),((30,15),27)))),22)),(3,26))),10);

STEP 145 [TBR_ClassicHeuristic_MP -> NNI_Substep_135] - Distance: 87.0000
(((((28,1),24),(((((17,6),(((14,2),29),11)),8),4),(20,18))),(((5,(7,(19,12))),((16,((9,13),((21,(25,23)),((30,15),27)))),22)),(3,26))),10);

STEP 146 [TBR_ClassicHeuristic_MP -> NNI_Substep_136] - Distance: 87.0000
(((((28,1),24),(((((17,6),(((14,2),11),29)),8),4),(20,18))),(((5,(7,(19,12))),((16,((9,13),((21,(25,23)),((30,15),27)))),22)),(3,26))),10);

STEP 147 [TBR_ClassicHeuristic_MP -> NNI_Substep_137] - Distance: 87.0000
(((((28,1),24),((((((17,6),((14,2),11)),29),8),4),(20,18))),(((5,(7,(19,12))),((16,((9,13),((21,(25,23)),((30,15),27)))),22)),(3,26))),10);

STEP 148 [TBR_ClassicHeuristic_MP -> NNI_Substep_138] - Distance: 87.0000
(((((28,1),24),((((((17,6),((14,2),11)),8),29),4),(20,18))),(((5,(7,(19,12))),((16,((9,13),((21,(25,23)),((30,15),27)))),22)),(3,26))),10);

STEP 149 [TBR_ClassicHeuristic_MP -> NNI_Substep_139] - Distance: 87.0000
(((((28,1),24),((((((17,6),((14,2),11)),8),4),29),(20,18))),(((5,(7,(19,12))),((16,((9,13),((21,(25,23)),((30,15),27)))),22)),(3,26))),10);

STEP 150 [TBR_ClassicHeuristic_MP -> NNI_Substep_140] - Distance: 87.0000
(((((28,1),24),((((((17,6),((14,2),11)),8),4),(20,18)),29)),(((5,(7,(19,12))),((16,((9,13),((21,(25,23)),((30,15),27)))),22)),(3,26))),10);

STEP 151 [TBR_ClassicHeuristic_MP -> NNI_Substep_141] - Distance: 87.0000
((((((28,1),24),(((((17,6),((14,2),11)),8),4),(20,18))),29),(((5,(7,(19,12))),((16,((9,13),((21,(25,23)),((30,15),27)))),22)),(3,26))),10);

STEP 152 [TBR_ClassicHeuristic_MP -> NNI_Substep_142] - Distance: 86.0000
((((((28,1),24),(((((17,6),((14,2),11)),8),4),(20,18))),(((5,(7,(19,12))),((16,((9,13),((21,(25,23)),((30,15),27)))),22)),(3,26))),29),10);

STEP 153 [TBR_ClassicHeuristic_MP -> NNI_Substep_143] - Distance: 74.0000
(((((28,1),24),(((((17,6),((14,2),11)),8),4),(20,18))),((((5,(7,(19,12))),((16,((9,13),((21,(25,23)),((30,15),27)))),22)),(3,26)),29)),10);

STEP 154 [TBR_ClassicHeuristic_MP -> NNI_Substep_144] - Distance: 72.0000
(((((28,1),24),(((((17,6),((14,2),11)),8),4),(20,18))),((((5,(7,(19,12))),((16,((9,13),((21,(25,23)),((30,15),27)))),22)),29),(3,26))),10);

STEP 155 [TBR_ClassicHeuristic_MP -> NNI_Substep_145] - Distance: 70.0000
(((((28,1),24),(((((17,6),((14,2),11)),8),4),(20,18))),(((5,(7,(19,12))),(((16,((9,13),((21,(25,23)),((30,15),27)))),22),29)),(3,26))),10);

STEP 156 [TBR_ClassicHeuristic_MP -> NNI_Substep_146] - Distance: 70.0000
(((((28,1),24),(((((17,6),((14,2),11)),8),4),(20,18))),(((5,(7,(19,12))),(((16,((9,13),((21,(25,23)),((30,15),27)))),29),22)),(3,26))),10);

STEP 157 [TBR_ClassicHeuristic_MP -> NNI_Substep_147] - Distance: 70.0000
(((((28,1),24),(((((17,6),((14,2),11)),8),4),(20,18))),(((5,(7,(19,12))),((16,(((9,13),((21,(25,23)),((30,15),27))),29)),22)),(3,26))),10);

STEP 158 [TBR_ClassicHeuristic_MP -> NNI_Substep_148] - Distance: 68.0000
(((((28,1),24),(((((17,6),((14,2),11)),8),4),(20,18))),(((5,(7,(19,12))),((16,((9,13),(((21,(25,23)),((30,15),27)),29))),22)),(3,26))),10);

STEP 159 [TBR_ClassicHeuristic_MP -> NNI_Substep_149] - Distance: 65.0000
(((((28,1),24),(((((17,6),((14,2),11)),8),4),(20,18))),(((5,(7,(19,12))),((16,((9,13),((21,(25,23)),(((30,15),27),29)))),22)),(3,26))),10);

STEP 160 [TBR_ClassicHeuristic_MP -> NNI_Substep_150] - Distance: 64.0000
(((((28,1),24),(((((17,6),((14,2),11)),8),4),(20,18))),(((5,(7,(19,12))),((16,((9,13),((21,(25,23)),(((30,15),29),27)))),22)),(3,26))),10);

STEP 161 [TBR_ClassicHeuristic_MP -> NNI_Substep_151] - Distance: 63.0000
(((((28,1),24),(((((17,6),((14,2),11)),8),4),(20,18))),(((5,(7,(19,12))),((16,((9,13),((21,(25,23)),(((30,29),15),27)))),22)),(3,26))),10);

STEP 162 [TBR_ClassicHeuristic_MP -> NNI_Substep_152] - Distance: 63.0000
(((((28,1),24),(((((17,6),((14,2),11)),8),4),(20,18))),(((5,(7,(19,12))),((((9,13),((21,(25,23)),(((30,29),15),27))),22),16)),(3,26))),10);

STEP 163 [TBR_ClassicHeuristic_MP -> NNI_Substep_153] - Distance: 62.0000
(((((28,1),24),(((((17,6),((14,2),11)),8),4),(20,18))),((((5,(7,(19,12))),(((9,13),((21,(25,23)),(((30,29),15),27))),22)),16),(3,26))),10);

STEP 164 [TBR_ClassicHeuristic_MP -> NNI_Substep_154] - Distance: 62.0000
(((((28,1),24),(((((17,6),((14,2),11)),8),4),(20,18))),((((5,(7,(19,12))),(((9,13),((21,(25,23)),(((30,29),15),27))),22)),(3,26)),16)),10);

STEP 165 [TBR_ClassicHeuristic_MP -> NNI_Substep_155] - Distance: 49.0000
(((((28,1),24),(((((17,6),((14,2),11)),8),4),(20,18))),(((5,(7,(19,12))),(((9,13),((21,(25,23)),(((30,29),15),27))),22)),((3,26),16))),10);

STEP 166 [TBR_ClassicHeuristic_MP -> NNI_Substep_156] - Distance: 48.0000
(((((28,1),24),(((((17,6),((14,2),11)),8),4),(20,18))),(((5,(7,(19,12))),(((9,13),((21,(25,23)),(((30,29),15),27))),22)),(3,(26,16)))),10);

STEP 167 [TBR_ClassicHeuristic_MP -> NNI_Substep_157] - Distance: 48.0000
(((((28,1),24),(((((17,6),((14,2),11)),8),4),(20,18))),(((5,((7,12),19)),(((9,13),((21,(25,23)),(((30,29),15),27))),22)),(3,(26,16)))),10);

STEP 168 [TBR_ClassicHeuristic_MP -> NNI_Substep_158] - Distance: 48.0000
(((((28,1),24),(((((17,6),((14,2),11)),8),4),(20,18))),((((5,(7,12)),19),(((9,13),((21,(25,23)),(((30,29),15),27))),22)),(3,(26,16)))),10);

STEP 169 [TBR_ClassicHeuristic_MP -> NNI_Substep_159] - Distance: 48.0000
(((((28,1),24),(((((17,6),((14,2),11)),8),4),(20,18))),((((5,(7,12)),(((9,13),((21,(25,23)),(((30,29),15),27))),22)),19),(3,(26,16)))),10);

STEP 170 [TBR_ClassicHeuristic_MP -> NNI_Substep_160] - Distance: 47.0000
(((((28,1),24),(((((17,6),((14,2),11)),8),4),(20,18))),((((5,(7,12)),(((9,13),((21,(25,23)),(((30,29),15),27))),22)),(3,(26,16))),19)),10);

STEP 171 [TBR_ClassicHeuristic_MP -> NNI_Substep_161] - Distance: 34.0000
(((((28,1),24),(((((17,6),((14,2),11)),8),4),(20,18))),(((5,(7,12)),(((9,13),((21,(25,23)),(((30,29),15),27))),22)),((3,(26,16)),19))),10);

STEP 172 [TBR_ClassicHeuristic_MP -> NNI_Substep_162] - Distance: 33.0000
(((((28,1),24),(((((17,6),((14,2),11)),8),4),(20,18))),(((5,(7,12)),(((9,13),((21,(25,23)),(((30,29),15),27))),22)),(3,((26,16),19)))),10);

STEP 173 [TBR_ClassicHeuristic_MP -> NNI_Substep_163] - Distance: 32.0000
(((((28,1),24),(((((17,6),((14,2),11)),8),4),(20,18))),(((5,(7,12)),(((9,13),((21,(25,23)),(((30,29),15),27))),22)),(3,(26,(16,19))))),10);

STEP 174 [TBR_ClassicHeuristic_MP -> NNI_Substep_164] - Distance: 32.0000
(((((28,1),24),(((((17,6),((14,2),11)),8),4),(20,18))),((((5,12),7),(((9,13),((21,(25,23)),(((30,29),15),27))),22)),(3,(26,(16,19))))),10);

STEP 175 [TBR_ClassicHeuristic_MP -> NNI_Substep_165] - Distance: 30.0000
(((((28,1),24),(((((17,6),((14,2),11)),8),4),(20,18))),((((5,12),(((9,13),((21,(25,23)),(((30,29),15),27))),22)),7),(3,(26,(16,19))))),10);

STEP 176 [TBR_ClassicHeuristic_MP -> NNI_Substep_166] - Distance: 28.0000
(((((28,1),24),(((((17,6),((14,2),11)),8),4),(20,18))),(((5,12),((((9,13),((21,(25,23)),(((30,29),15),27))),22),7)),(3,(26,(16,19))))),10);

STEP 177 [TBR_ClassicHeuristic_MP -> NNI_Substep_167] - Distance: 28.0000
(((((28,1),24),(((((17,6),((14,2),11)),8),4),(20,18))),(((5,12),((((9,13),((21,(25,23)),(((30,29),15),27))),7),22)),(3,(26,(16,19))))),10);

STEP 178 [TBR_ClassicHeuristic_MP -> NNI_Substep_168] - Distance: 21.0000
(((((28,1),24),(((((17,6),((14,2),11)),8),4),(20,18))),(((5,12),((((9,13),7),((21,(25,23)),(((30,29),15),27))),22)),(3,(26,(16,19))))),10);

STEP 179 [TBR_ClassicHeuristic_MP -> NNI_Substep_169] - Distance: 18.0000
(((((28,1),24),(((((17,6),((14,2),11)),8),4),(20,18))),(((5,12),(((9,13),7),(((21,(25,23)),(((30,29),15),27)),22))),(3,(26,(16,19))))),10);

STEP 180 [TBR_ClassicHeuristic_MP -> NNI_Substep_170] - Distance: 14.0000
(((((28,1),24),(((((17,6),((14,2),11)),8),4),(20,18))),(((5,12),(((9,13),7),(((21,(25,23)),22),(((30,29),15),27)))),(3,(26,(16,19))))),10);

STEP 181 [TBR_ClassicHeuristic_MP -> NNI_Substep_171] - Distance: 13.0000
(((((28,1),24),(((((17,6),((14,2),11)),8),4),(20,18))),(((5,12),(((9,13),7),((21,((25,23),22)),(((30,29),15),27)))),(3,(26,(16,19))))),10);

STEP 182 [TBR_ClassicHeuristic_MP -> NNI_Substep_172] - Distance: 12.0000
(((((28,1),24),(((((17,6),((14,2),11)),8),4),(20,18))),(((5,12),(((9,13),7),((21,((25,22),23)),(((30,29),15),27)))),(3,(26,(16,19))))),10);

STEP 183 [TBR_ClassicHeuristic_MP -> NNI_Substep_173] - Distance: 12.0000
(((((28,1),24),((((((17,6),(14,2)),11),8),4),(20,18))),(((5,12),(((9,13),7),((21,((25,22),23)),(((30,29),15),27)))),(3,(26,(16,19))))),10);

STEP 184 [TBR_ClassicHeuristic_MP -> NNI_Substep_174] - Distance: 12.0000
(((((28,1),24),((((((17,6),(14,2)),8),11),4),(20,18))),(((5,12),(((9,13),7),((21,((25,22),23)),(((30,29),15),27)))),(3,(26,(16,19))))),10);

STEP 185 [TBR_ClassicHeuristic_MP -> NNI_Substep_175] - Distance: 12.0000
(((((28,1),24),((((((17,6),(14,2)),8),4),11),(20,18))),(((5,12),(((9,13),7),((21,((25,22),23)),(((30,29),15),27)))),(3,(26,(16,19))))),10);

STEP 186 [TBR_ClassicHeuristic_MP -> NNI_Substep_176] - Distance: 11.0000
(((((28,1),24),((((((17,6),(14,2)),8),4),(20,18)),11)),(((5,12),(((9,13),7),((21,((25,22),23)),(((30,29),15),27)))),(3,(26,(16,19))))),10);

STEP 187 [TBR_ClassicHeuristic_MP -> NNI_Substep_177] - Distance: 5.0000
(((((28,1),24),(((((17,6),(14,2)),8),4),((20,18),11))),(((5,12),(((9,13),7),((21,((25,22),23)),(((30,29),15),27)))),(3,(26,(16,19))))),10);

STEP 188 [TBR_ClassicHeuristic_MP -> NNI_Substep_178] - Distance: 4.0000
(((((28,1),24),(((((17,6),(14,2)),8),4),((20,11),18))),(((5,12),(((9,13),7),((21,((25,22),23)),(((30,29),15),27)))),(3,(26,(16,19))))),10);

STEP 189 [TBR_ClassicHeuristic_MP -> NNI_Substep_179] - Distance: 2.0000
(((((28,1),24),(((((17,6),8),(14,2)),4),((20,11),18))),(((5,12),(((9,13),7),((21,((25,22),23)),(((30,29),15),27)))),(3,(26,(16,19))))),10);

STEP 190 [TBR_ClassicHeuristic_MP -> NNI_Substep_180] - Distance: 1.0000
(((((28,1),24),((((17,(6,8)),(14,2)),4),((20,11),18))),(((5,12),(((9,13),7),((21,((25,22),23)),(((30,29),15),27)))),(3,(26,(16,19))))),10);

STEP 191 [TBR_ClassicHeuristic_MP -> NNI_Substep_181] - Distance: 0.0000
(((((28,1),24),((((17,(6,8)),(14,2)),4),((20,11),18))),(((5,12),(((9,13),7),((((30,29),15),27),(23,((25,22),21))))),(3,(26,(16,19))))),10);

========================================================
[FINAL] Total Steps: 191 | Final Distance: 0.0000
========================================================
