========================================================
HEURISTIC TRAJECTORY: VND Incremental (MC_RF)
========================================================
STEP 0 [START] - Distance: 156.0000
(((27,(((22,((8,(26,20)),(14,(24,11)))),(9,6)),(23,4))),((18,(29,(16,(13,(28,(2,30)))))),(21,(((10,19),(25,1)),(15,12))))),(17,(5,(3,7))));

STEP 1 [NNI_IncrementalHeuristic_MC_RF -> NNI_Substep_1] - Distance: 152.0000
(((((22,((8,(26,20)),(14,(24,11)))),(9,6)),(27,(23,4))),((18,(29,(16,(13,(28,(2,30)))))),(21,(((10,19),(25,1)),(15,12))))),(17,(5,(3,7))));

STEP 2 [NNI_IncrementalHeuristic_MC_RF -> NNI_Substep_2] - Distance: 148.0000
(((((22,(9,6)),((8,(26,20)),(14,(24,11)))),(27,(23,4))),((18,(29,(16,(13,(28,(2,30)))))),(21,(((10,19),(25,1)),(15,12))))),(17,(5,(3,7))));

STEP 3 [NNI_IncrementalHeuristic_MC_RF -> NNI_Substep_3] - Distance: 145.0000
(((((22,(9,6)),((8,(26,20)),(14,(24,11)))),(27,(23,4))),((18,((13,(28,(2,30))),(16,29))),(21,(((10,19),(25,1)),(15,12))))),(17,(5,(3,7))));

STEP 4 [NNI_IncrementalHeuristic_MC_RF -> NNI_Substep_4] - Distance: 140.0000
(((((22,(9,6)),((8,(26,20)),(14,(24,11)))),(27,(23,4))),(((13,(28,(2,30))),(18,(16,29))),(21,(((10,19),(25,1)),(15,12))))),(17,(5,(3,7))));

STEP 5 [NNI_IncrementalHeuristic_MC_RF -> NNI_Substep_5] - Distance: 137.0000
(((((22,(9,6)),((8,(26,20)),(14,(24,11)))),(27,(23,4))),(((13,(28,(2,30))),(18,(16,29))),(((10,19),(25,1)),(21,(15,12))))),(17,(5,(3,7))));

STEP 6 [NNI_IncrementalHeuristic_MC_RF -> NNI_Substep_6] - Distance: 136.0000
((((((13,(28,(2,30))),(18,(16,29))),(((10,19),(25,1)),(21,(15,12)))),(27,(23,4))),((22,(9,6)),((8,(26,20)),(14,(24,11))))),(17,(5,(3,7))));

STEP 7 [NNI_IncrementalHeuristic_MC_RF -> NNI_Substep_7] - Distance: 134.0000
((((((13,(28,(2,30))),(18,(16,29))),(27,(23,4))),(((10,19),(25,1)),(21,(15,12)))),((22,(9,6)),((8,(26,20)),(14,(24,11))))),(17,(5,(3,7))));

STEP 8 [NNI_IncrementalHeuristic_MC_RF -> NNI_Substep_8] - Distance: 131.0000
((((((27,(23,4)),(18,(16,29))),(13,(28,(2,30)))),(((10,19),(25,1)),(21,(15,12)))),((22,(9,6)),((8,(26,20)),(14,(24,11))))),(17,(5,(3,7))));

STEP 9 [NNI_IncrementalHeuristic_MC_RF -> NNI_Substep_9] - Distance: 128.0000
(((((((10,19),(25,1)),(21,(15,12))),(13,(28,(2,30)))),((27,(23,4)),(18,(16,29)))),((22,(9,6)),((8,(26,20)),(14,(24,11))))),(17,(5,(3,7))));

STEP 10 [NNI_IncrementalHeuristic_MC_RF -> NNI_Substep_10] - Distance: 126.0000
(((((22,(9,6)),((8,(26,20)),(14,(24,11)))),((27,(23,4)),(18,(16,29)))),((((10,19),(25,1)),(21,(15,12))),(13,(28,(2,30))))),(17,(5,(3,7))));

STEP 11 [NNI_IncrementalHeuristic_MC_RF -> NNI_Substep_11] - Distance: 124.0000
(((((22,(9,6)),((8,(26,20)),(14,(24,11)))),((27,(23,4)),(18,(16,29)))),((3,7),(5,17))),((((10,19),(25,1)),(21,(15,12))),(13,(28,(2,30)))));

STEP 12 [NNI_IncrementalHeuristic_MC_RF -> NNI_Substep_12] - Distance: 123.0000
(((((22,(9,6)),((8,(26,20)),(14,(24,11)))),((27,(23,4)),(18,(16,29)))),((3,7),(5,17))),((((10,19),(25,1)),(21,(15,12))),((2,30),(28,13))));

STEP 13 [Heur. rSPR MC_RF -> NNI_Substep_1] - Distance: 123.0000
(((((22,(9,6)),((8,(26,20)),(14,(24,11)))),((27,(23,4)),(18,(16,29)))),((3,7),(5,17))),((((10,19),(25,1)),((21,15),12)),((2,30),(28,13))));

STEP 14 [Heur. rSPR MC_RF -> NNI_Substep_2] - Distance: 126.0000
(((((22,(9,6)),((8,(26,20)),(14,(24,11)))),((27,(23,4)),(18,(16,29)))),((3,7),(5,17))),(((((10,19),(25,1)),(21,15)),12),((2,30),(28,13))));

STEP 15 [Heur. rSPR MC_RF -> NNI_Substep_3] - Distance: 129.0000
(((((22,(9,6)),((8,(26,20)),(14,(24,11)))),((27,(23,4)),(18,(16,29)))),((3,7),(5,17))),(((((10,19),(25,1)),(21,15)),((2,30),(28,13))),12));

STEP 16 [Heur. rSPR MC_RF -> NNI_Substep_4] - Distance: 127.0000
((((((22,(9,6)),((8,(26,20)),(14,(24,11)))),((27,(23,4)),(18,(16,29)))),12),((3,7),(5,17))),((((10,19),(25,1)),(21,15)),((2,30),(28,13))));

STEP 17 [Heur. rSPR MC_RF -> NNI_Substep_5] - Distance: 121.0000
(((((22,(9,6)),((8,(26,20)),(14,(24,11)))),(((27,(23,4)),(18,(16,29))),12)),((3,7),(5,17))),((((10,19),(25,1)),(21,15)),((2,30),(28,13))));

STEP 18 [Heur. rSPR MC_RF -> NNI_Substep_6] - Distance: 117.0000
(((((22,(9,6)),((8,(26,20)),(14,(24,11)))),((27,(23,4)),((18,(16,29)),12))),((3,7),(5,17))),((((10,19),(25,1)),(21,15)),((2,30),(28,13))));

STEP 19 [Heur. rSPR MC_RF -> NNI_Substep_7] - Distance: 115.0000
(((((22,(9,6)),((8,(26,20)),(14,(24,11)))),((27,(23,4)),(18,((16,29),12)))),((3,7),(5,17))),((((10,19),(25,1)),(21,15)),((2,30),(28,13))));

STEP 20 [Heur. rSPR MC_RF -> NNI_Substep_8] - Distance: 113.0000
(((((22,(9,6)),((8,(26,20)),(14,(24,11)))),((27,(23,4)),(18,(16,(29,12))))),((3,7),(5,17))),((((10,19),(25,1)),(21,15)),((2,30),(28,13))));

STEP 21 [Heur. rSPR MC_RF -> NNI_Substep_9] - Distance: 115.0000
(((((22,(9,6)),(((8,(26,20)),(24,11)),14)),((27,(23,4)),(18,(16,(29,12))))),((3,7),(5,17))),((((10,19),(25,1)),(21,15)),((2,30),(28,13))));

STEP 22 [Heur. rSPR MC_RF -> NNI_Substep_10] - Distance: 117.0000
((((((22,(9,6)),((8,(26,20)),(24,11))),14),((27,(23,4)),(18,(16,(29,12))))),((3,7),(5,17))),((((10,19),(25,1)),(21,15)),((2,30),(28,13))));

STEP 23 [Heur. rSPR MC_RF -> NNI_Substep_11] - Distance: 121.0000
((((((22,(9,6)),((8,(26,20)),(24,11))),((27,(23,4)),(18,(16,(29,12))))),14),((3,7),(5,17))),((((10,19),(25,1)),(21,15)),((2,30),(28,13))));

STEP 24 [Heur. rSPR MC_RF -> NNI_Substep_12] - Distance: 122.0000
((((((22,(9,6)),((8,(26,20)),(24,11))),((27,(23,4)),(18,(16,(29,12))))),((3,7),(5,17))),14),((((10,19),(25,1)),(21,15)),((2,30),(28,13))));

STEP 25 [Heur. rSPR MC_RF -> NNI_Substep_13] - Distance: 112.0000
(((((22,(9,6)),((8,(26,20)),(24,11))),((27,(23,4)),(18,(16,(29,12))))),((3,7),(5,17))),(((((10,19),(25,1)),(21,15)),14),((2,30),(28,13))));

STEP 26 [Heur. rSPR MC_RF -> NNI_Substep_14] - Distance: 109.0000
(((((22,(9,6)),((8,(26,20)),(24,11))),((27,(23,4)),(18,(16,(29,12))))),((3,7),(5,17))),(((((10,19),(25,1)),14),(21,15)),((2,30),(28,13))));

STEP 27 [Heur. rSPR MC_RF -> NNI_Substep_15] - Distance: 106.0000
(((((22,(9,6)),((8,(26,20)),(24,11))),((27,(23,4)),(18,(16,(29,12))))),((3,7),(5,17))),((((10,19),((25,1),14)),(21,15)),((2,30),(28,13))));

STEP 28 [Heur. rSPR MC_RF -> NNI_Substep_16] - Distance: 104.0000
(((((22,(9,6)),((8,(26,20)),(24,11))),((27,(23,4)),(18,(16,(29,12))))),((3,7),(5,17))),((((10,19),((25,14),1)),(21,15)),((2,30),(28,13))));

STEP 29 [Heur. rSPR MC_RF -> NNI_Substep_17] - Distance: 105.0000
(((((22,(9,6)),((8,(26,20)),(24,11))),((27,(23,4)),(18,(16,(29,12))))),((3,7),(5,17))),((((10,19),((25,14),1)),(21,15)),((30,(28,13)),2)));

STEP 30 [Heur. rSPR MC_RF -> NNI_Substep_18] - Distance: 109.0000
(((((22,(9,6)),((8,(26,20)),(24,11))),((27,(23,4)),(18,(16,(29,12))))),((3,7),(5,17))),(((((10,19),((25,14),1)),(21,15)),(30,(28,13))),2));

STEP 31 [Heur. rSPR MC_RF -> NNI_Substep_19] - Distance: 105.0000
(((((22,(9,6)),((8,(26,20)),(24,11))),((27,(23,4)),(18,(16,(29,12))))),((3,7),(5,17))),(((((10,19),((25,14),1)),(21,15)),2),(30,(28,13))));

STEP 32 [Heur. rSPR MC_RF -> NNI_Substep_20] - Distance: 102.0000
(((((22,(9,6)),((8,(26,20)),(24,11))),((27,(23,4)),(18,(16,(29,12))))),((3,7),(5,17))),(((((10,19),((25,14),1)),2),(21,15)),(30,(28,13))));

STEP 33 [Heur. rSPR MC_RF -> NNI_Substep_21] - Distance: 99.0000
(((((22,(9,6)),((8,(26,20)),(24,11))),((27,(23,4)),(18,(16,(29,12))))),((3,7),(5,17))),((((10,19),(((25,14),1),2)),(21,15)),(30,(28,13))));

STEP 34 [Heur. rSPR MC_RF -> NNI_Substep_22] - Distance: 97.0000
(((((22,(9,6)),((8,(26,20)),(24,11))),((27,(23,4)),(18,(16,(29,12))))),((3,7),(5,17))),((((10,19),(((25,14),2),1)),(21,15)),(30,(28,13))));

STEP 35 [Heur. rSPR MC_RF -> NNI_Substep_23] - Distance: 100.0000
(((((22,(9,6)),((8,(26,20)),(24,11))),((27,(23,4)),(18,(16,(29,12))))),((3,7),(5,17))),((((10,(((25,14),2),1)),19),(21,15)),(30,(28,13))));

STEP 36 [Heur. rSPR MC_RF -> NNI_Substep_24] - Distance: 101.0000
(((((22,(9,6)),((8,(26,20)),(24,11))),((27,(23,4)),(18,(16,(29,12))))),((3,7),(5,17))),((((10,(((25,14),2),1)),(21,15)),19),(30,(28,13))));

STEP 37 [Heur. rSPR MC_RF -> NNI_Substep_25] - Distance: 103.0000
(((((22,(9,6)),((8,(26,20)),(24,11))),((27,(23,4)),(18,(16,(29,12))))),((3,7),(5,17))),((((10,(((25,14),2),1)),(21,15)),(30,(28,13))),19));

STEP 38 [Heur. rSPR MC_RF -> NNI_Substep_26] - Distance: 101.0000
((((((22,(9,6)),((8,(26,20)),(24,11))),((27,(23,4)),(18,(16,(29,12))))),19),((3,7),(5,17))),(((10,(((25,14),2),1)),(21,15)),(30,(28,13))));

STEP 39 [Heur. rSPR MC_RF -> NNI_Substep_27] - Distance: 97.0000
((((((22,(9,6)),((8,(26,20)),(24,11))),19),((27,(23,4)),(18,(16,(29,12))))),((3,7),(5,17))),(((10,(((25,14),2),1)),(21,15)),(30,(28,13))));

STEP 40 [Heur. rSPR MC_RF -> NNI_Substep_28] - Distance: 95.0000
(((((22,(9,6)),(((8,(26,20)),(24,11)),19)),((27,(23,4)),(18,(16,(29,12))))),((3,7),(5,17))),(((10,(((25,14),2),1)),(21,15)),(30,(28,13))));

STEP 41 [Heur. rSPR MC_RF -> NNI_Substep_29] - Distance: 91.0000
(((((22,(9,6)),((8,(26,20)),((24,11),19))),((27,(23,4)),(18,(16,(29,12))))),((3,7),(5,17))),(((10,(((25,14),2),1)),(21,15)),(30,(28,13))));

STEP 42 [Heur. rSPR MC_RF -> NNI_Substep_30] - Distance: 91.0000
(((((22,(9,6)),((8,(26,20)),((24,19),11))),((27,(23,4)),(18,(16,(29,12))))),((3,7),(5,17))),(((10,(((25,14),2),1)),(21,15)),(30,(28,13))));

STEP 43 [Heur. rSPR MC_RF -> NNI_Substep_31] - Distance: 94.0000
((((((9,6),((8,(26,20)),((24,19),11))),22),((27,(23,4)),(18,(16,(29,12))))),((3,7),(5,17))),(((10,(((25,14),2),1)),(21,15)),(30,(28,13))));

STEP 44 [Heur. rSPR MC_RF -> NNI_Substep_32] - Distance: 100.0000
((((((9,6),((8,(26,20)),((24,19),11))),((27,(23,4)),(18,(16,(29,12))))),22),((3,7),(5,17))),(((10,(((25,14),2),1)),(21,15)),(30,(28,13))));

STEP 45 [Heur. rSPR MC_RF -> NNI_Substep_33] - Distance: 95.0000
(((((9,6),((8,(26,20)),((24,19),11))),(((27,(23,4)),(18,(16,(29,12)))),22)),((3,7),(5,17))),(((10,(((25,14),2),1)),(21,15)),(30,(28,13))));

STEP 46 [Heur. rSPR MC_RF -> NNI_Substep_34] - Distance: 90.0000
(((((9,6),((8,(26,20)),((24,19),11))),(((27,(23,4)),22),(18,(16,(29,12))))),((3,7),(5,17))),(((10,(((25,14),2),1)),(21,15)),(30,(28,13))));

STEP 47 [Heur. rSPR MC_RF -> NNI_Substep_35] - Distance: 88.0000
(((((9,6),((8,(26,20)),((24,19),11))),((27,((23,4),22)),(18,(16,(29,12))))),((3,7),(5,17))),(((10,(((25,14),2),1)),(21,15)),(30,(28,13))));

STEP 48 [Heur. rSPR MC_RF -> NNI_Substep_36] - Distance: 86.0000
(((((9,6),((8,(26,20)),((24,19),11))),((27,(23,(4,22))),(18,(16,(29,12))))),((3,7),(5,17))),(((10,(((25,14),2),1)),(21,15)),(30,(28,13))));

STEP 49 [Heur. rSPR MC_RF -> NNI_Substep_37] - Distance: 90.0000
(((((9,6),((8,(26,20)),((24,19),11))),((27,(23,(4,22))),(18,(16,(29,12))))),((3,7),(5,17))),((((10,(((25,14),2),1)),15),21),(30,(28,13))));

STEP 50 [Heur. rSPR MC_RF -> NNI_Substep_38] - Distance: 90.0000
(((((9,6),((8,(26,20)),((24,19),11))),((27,(23,(4,22))),(18,(16,(29,12))))),((3,7),(5,17))),((((10,(((25,14),2),1)),15),(30,(28,13))),21));

STEP 51 [Heur. rSPR MC_RF -> NNI_Substep_39] - Distance: 92.0000
((((((9,6),((8,(26,20)),((24,19),11))),((27,(23,(4,22))),(18,(16,(29,12))))),21),((3,7),(5,17))),(((10,(((25,14),2),1)),15),(30,(28,13))));

STEP 52 [Heur. rSPR MC_RF -> NNI_Substep_40] - Distance: 85.0000
((((((9,6),((8,(26,20)),((24,19),11))),21),((27,(23,(4,22))),(18,(16,(29,12))))),((3,7),(5,17))),(((10,(((25,14),2),1)),15),(30,(28,13))));

STEP 53 [Heur. rSPR MC_RF -> NNI_Substep_41] - Distance: 86.0000
(((((9,6),(((8,(26,20)),((24,19),11)),21)),((27,(23,(4,22))),(18,(16,(29,12))))),((3,7),(5,17))),(((10,(((25,14),2),1)),15),(30,(28,13))));

STEP 54 [Heur. rSPR MC_RF -> NNI_Substep_42] - Distance: 84.0000
(((((9,6),((8,(26,20)),(((24,19),11),21))),((27,(23,(4,22))),(18,(16,(29,12))))),((3,7),(5,17))),(((10,(((25,14),2),1)),15),(30,(28,13))));

STEP 55 [Heur. rSPR MC_RF -> NNI_Substep_43] - Distance: 81.0000
(((((9,6),((8,(26,20)),((24,19),(11,21)))),((27,(23,(4,22))),(18,(16,(29,12))))),((3,7),(5,17))),(((10,(((25,14),2),1)),15),(30,(28,13))));

STEP 56 [Heur. rSPR MC_RF -> NNI_Substep_44] - Distance: 82.0000
(((((9,6),(((8,(26,20)),(24,19)),(11,21))),((27,(23,(4,22))),(18,(16,(29,12))))),((3,7),(5,17))),(((10,(((25,14),2),1)),15),(30,(28,13))));

STEP 57 [Heur. rSPR MC_RF -> NNI_Substep_45] - Distance: 80.0000
((((((9,6),((8,(26,20)),(24,19))),(11,21)),((27,(23,(4,22))),(18,(16,(29,12))))),((3,7),(5,17))),(((10,(((25,14),2),1)),15),(30,(28,13))));

STEP 58 [Heur. rSPR MC_RF -> NNI_Substep_46] - Distance: 86.0000
((((((9,6),((8,(26,20)),(24,19))),((27,(23,(4,22))),(18,(16,(29,12))))),(11,21)),((3,7),(5,17))),(((10,(((25,14),2),1)),15),(30,(28,13))));

STEP 59 [Heur. rSPR MC_RF -> NNI_Substep_47] - Distance: 79.0000
(((((9,6),((8,(26,20)),(24,19))),(((27,(23,(4,22))),(18,(16,(29,12)))),(11,21))),((3,7),(5,17))),(((10,(((25,14),2),1)),15),(30,(28,13))));

STEP 60 [Heur. rSPR MC_RF -> NNI_Substep_48] - Distance: 73.0000
(((((9,6),((8,(26,20)),(24,19))),(((27,(23,(4,22))),(11,21)),(18,(16,(29,12))))),((3,7),(5,17))),(((10,(((25,14),2),1)),15),(30,(28,13))));

STEP 61 [Heur. rSPR MC_RF -> NNI_Substep_49] - Distance: 70.0000
(((((9,6),((8,(26,20)),(24,19))),((27,((23,(4,22)),(11,21))),(18,(16,(29,12))))),((3,7),(5,17))),(((10,(((25,14),2),1)),15),(30,(28,13))));

STEP 62 [Heur. rSPR MC_RF -> NNI_Substep_50] - Distance: 67.0000
(((((9,6),((8,(26,20)),(24,19))),((27,(23,((4,22),(11,21)))),(18,(16,(29,12))))),((3,7),(5,17))),(((10,(((25,14),2),1)),15),(30,(28,13))));

STEP 63 [Heur. rSPR MC_RF -> NNI_Substep_51] - Distance: 68.0000
(((((9,6),((8,(26,20)),(24,19))),((27,(23,((4,22),(11,21)))),(18,(16,(29,12))))),(((3,7),17),5)),(((10,(((25,14),2),1)),15),(30,(28,13))));

STEP 64 [Heur. rSPR MC_RF -> NNI_Substep_52] - Distance: 78.0000
((((((9,6),((8,(26,20)),(24,19))),((27,(23,((4,22),(11,21)))),(18,(16,(29,12))))),((3,7),17)),5),(((10,(((25,14),2),1)),15),(30,(28,13))));

STEP 65 [Heur. rSPR MC_RF -> NNI_Substep_53] - Distance: 76.0000
((((((9,6),((8,(26,20)),(24,19))),((27,(23,((4,22),(11,21)))),(18,(16,(29,12))))),5),((3,7),17)),(((10,(((25,14),2),1)),15),(30,(28,13))));

STEP 66 [Heur. rSPR MC_RF -> NNI_Substep_54] - Distance: 72.0000
(((((9,6),((8,(26,20)),(24,19))),(((27,(23,((4,22),(11,21)))),(18,(16,(29,12)))),5)),((3,7),17)),(((10,(((25,14),2),1)),15),(30,(28,13))));

STEP 67 [Heur. rSPR MC_RF -> NNI_Substep_55] - Distance: 67.0000
(((((9,6),((8,(26,20)),(24,19))),(((27,(23,((4,22),(11,21)))),5),(18,(16,(29,12))))),((3,7),17)),(((10,(((25,14),2),1)),15),(30,(28,13))));

STEP 68 [Heur. rSPR MC_RF -> NNI_Substep_56] - Distance: 67.0000
(((((9,6),((8,(26,20)),(24,19))),((27,((23,((4,22),(11,21))),5)),(18,(16,(29,12))))),((3,7),17)),(((10,(((25,14),2),1)),15),(30,(28,13))));

STEP 69 [Heur. rSPR MC_RF -> NNI_Substep_57] - Distance: 65.0000
(((((9,6),((8,(26,20)),(24,19))),((27,(23,(((4,22),(11,21)),5))),(18,(16,(29,12))))),((3,7),17)),(((10,(((25,14),2),1)),15),(30,(28,13))));

STEP 70 [Heur. rSPR MC_RF -> NNI_Substep_58] - Distance: 68.0000
(((((9,6),((8,(26,20)),(24,19))),(((23,(((4,22),(11,21)),5)),(18,(16,(29,12)))),27)),((3,7),17)),(((10,(((25,14),2),1)),15),(30,(28,13))));

STEP 71 [Heur. rSPR MC_RF -> NNI_Substep_59] - Distance: 70.0000
((((((9,6),((8,(26,20)),(24,19))),((23,(((4,22),(11,21)),5)),(18,(16,(29,12))))),27),((3,7),17)),(((10,(((25,14),2),1)),15),(30,(28,13))));

STEP 72 [Heur. rSPR MC_RF -> NNI_Substep_60] - Distance: 61.0000
((((((9,6),((8,(26,20)),(24,19))),27),((23,(((4,22),(11,21)),5)),(18,(16,(29,12))))),((3,7),17)),(((10,(((25,14),2),1)),15),(30,(28,13))));

STEP 73 [Heur. rSPR MC_RF -> NNI_Substep_61] - Distance: 62.0000
(((((9,6),(((8,(26,20)),(24,19)),27)),((23,(((4,22),(11,21)),5)),(18,(16,(29,12))))),((3,7),17)),(((10,(((25,14),2),1)),15),(30,(28,13))));

STEP 74 [Heur. rSPR MC_RF -> NNI_Substep_62] - Distance: 61.0000
(((((9,6),(((8,(26,20)),27),(24,19))),((23,(((4,22),(11,21)),5)),(18,(16,(29,12))))),((3,7),17)),(((10,(((25,14),2),1)),15),(30,(28,13))));

STEP 75 [Heur. rSPR MC_RF -> NNI_Substep_63] - Distance: 61.0000
(((((9,6),((8,((26,20),27)),(24,19))),((23,(((4,22),(11,21)),5)),(18,(16,(29,12))))),((3,7),17)),(((10,(((25,14),2),1)),15),(30,(28,13))));

STEP 76 [Heur. rSPR MC_RF -> NNI_Substep_64] - Distance: 61.0000
(((((9,6),((8,(26,(20,27))),(24,19))),((23,(((4,22),(11,21)),5)),(18,(16,(29,12))))),((3,7),17)),(((10,(((25,14),2),1)),15),(30,(28,13))));

STEP 77 [Heur. rSPR MC_RF -> NNI_Substep_65] - Distance: 62.0000
(((((9,6),(((26,(20,27)),(24,19)),8)),((23,(((4,22),(11,21)),5)),(18,(16,(29,12))))),((3,7),17)),(((10,(((25,14),2),1)),15),(30,(28,13))));

STEP 78 [Heur. rSPR MC_RF -> NNI_Substep_66] - Distance: 61.0000
((((((9,6),((26,(20,27)),(24,19))),8),((23,(((4,22),(11,21)),5)),(18,(16,(29,12))))),((3,7),17)),(((10,(((25,14),2),1)),15),(30,(28,13))));

STEP 79 [Heur. rSPR MC_RF -> NNI_Substep_67] - Distance: 70.0000
((((((9,6),((26,(20,27)),(24,19))),((23,(((4,22),(11,21)),5)),(18,(16,(29,12))))),8),((3,7),17)),(((10,(((25,14),2),1)),15),(30,(28,13))));

STEP 80 [Heur. rSPR MC_RF -> NNI_Substep_68] - Distance: 72.0000
((((((9,6),((26,(20,27)),(24,19))),((23,(((4,22),(11,21)),5)),(18,(16,(29,12))))),((3,7),17)),8),(((10,(((25,14),2),1)),15),(30,(28,13))));

STEP 81 [Heur. rSPR MC_RF -> NNI_Substep_69] - Distance: 58.0000
(((((9,6),((26,(20,27)),(24,19))),((23,(((4,22),(11,21)),5)),(18,(16,(29,12))))),(((3,7),17),8)),(((10,(((25,14),2),1)),15),(30,(28,13))));

STEP 82 [Heur. rSPR MC_RF -> NNI_Substep_70] - Distance: 58.0000
(((((9,6),((26,(20,27)),(24,19))),((23,(((4,22),(11,21)),5)),(18,(16,(29,12))))),(((3,7),8),17)),(((10,(((25,14),2),1)),15),(30,(28,13))));

STEP 83 [Heur. rSPR MC_RF -> NNI_Substep_71] - Distance: 56.0000
(((((9,6),((26,(20,27)),(24,19))),((23,(((4,22),(11,21)),5)),(18,(16,(29,12))))),(((3,8),7),17)),(((10,(((25,14),2),1)),15),(30,(28,13))));

STEP 84 [Heur. rSPR MC_RF -> NNI_Substep_72] - Distance: 64.0000
((((((26,(20,27)),(24,19)),((23,(((4,22),(11,21)),5)),(18,(16,(29,12))))),(9,6)),(((3,8),7),17)),(((10,(((25,14),2),1)),15),(30,(28,13))));

STEP 85 [Heur. rSPR MC_RF -> NNI_Substep_73] - Distance: 66.0000
((((((26,(20,27)),(24,19)),((23,(((4,22),(11,21)),5)),(18,(16,(29,12))))),(((3,8),7),17)),(9,6)),(((10,(((25,14),2),1)),15),(30,(28,13))));

STEP 86 [Heur. rSPR MC_RF -> NNI_Substep_74] - Distance: 49.0000
(((((26,(20,27)),(24,19)),((23,(((4,22),(11,21)),5)),(18,(16,(29,12))))),((((3,8),7),17),(9,6))),(((10,(((25,14),2),1)),15),(30,(28,13))));

STEP 87 [Heur. rSPR MC_RF -> NNI_Substep_75] - Distance: 48.0000
(((((26,(20,27)),(24,19)),((23,(((4,22),(11,21)),5)),(18,(16,(29,12))))),((((3,8),7),(9,6)),17)),(((10,(((25,14),2),1)),15),(30,(28,13))));

STEP 88 [Heur. rSPR MC_RF -> NNI_Substep_76] - Distance: 47.0000
(((((26,(20,27)),(24,19)),((23,(((4,22),(11,21)),5)),(18,(16,(29,12))))),((((3,8),(9,6)),7),17)),(((10,(((25,14),2),1)),15),(30,(28,13))));

STEP 89 [Heur. rSPR MC_RF -> NNI_Substep_77] - Distance: 47.0000
(((((26,(20,27)),(24,19)),((23,(((4,22),(11,21)),5)),(18,(16,(29,12))))),((((3,8),(9,6)),17),7)),(((10,(((25,14),2),1)),15),(30,(28,13))));

STEP 90 [Heur. rSPR MC_RF -> NNI_Substep_78] - Distance: 61.0000
((((((26,(20,27)),(24,19)),((23,(((4,22),(11,21)),5)),(18,(16,(29,12))))),(((3,8),(9,6)),17)),7),(((10,(((25,14),2),1)),15),(30,(28,13))));

STEP 91 [Heur. rSPR MC_RF -> NNI_Substep_79] - Distance: 44.0000
(((((26,(20,27)),(24,19)),((23,(((4,22),(11,21)),5)),(18,(16,(29,12))))),(((3,8),(9,6)),17)),((((10,(((25,14),2),1)),15),7),(30,(28,13))));

STEP 92 [Heur. rSPR MC_RF -> NNI_Substep_80] - Distance: 42.0000
(((((26,(20,27)),(24,19)),((23,(((4,22),(11,21)),5)),(18,(16,(29,12))))),(((3,8),(9,6)),17)),((((10,(((25,14),2),1)),7),15),(30,(28,13))));

STEP 93 [Heur. rSPR MC_RF -> NNI_Substep_81] - Distance: 42.0000
(((((26,(20,27)),(24,19)),((23,(((4,22),(11,21)),5)),(18,(16,(29,12))))),(((3,8),(9,6)),17)),(((10,((((25,14),2),1),7)),15),(30,(28,13))));

STEP 94 [Heur. rSPR MC_RF -> NNI_Substep_82] - Distance: 40.0000
(((((26,(20,27)),(24,19)),((23,(((4,22),(11,21)),5)),(18,(16,(29,12))))),(((3,8),(9,6)),17)),(((10,((((25,14),2),7),1)),15),(30,(28,13))));

STEP 95 [Heur. rSPR MC_RF -> NNI_Substep_83] - Distance: 40.0000
(((((26,(20,27)),(24,19)),((23,(((4,22),(11,21)),5)),(18,(16,(29,12))))),(((3,8),(9,6)),17)),((((10,(((25,14),2),7)),1),15),(30,(28,13))));

STEP 96 [Heur. rSPR MC_RF -> NNI_Substep_84] - Distance: 40.0000
(((((26,(20,27)),(24,19)),((23,(((4,22),(11,21)),5)),(18,(16,(29,12))))),(((3,8),(9,6)),17)),((((10,(((25,14),2),7)),15),1),(30,(28,13))));

STEP 97 [Heur. rSPR MC_RF -> NNI_Substep_85] - Distance: 42.0000
(((((26,(20,27)),(24,19)),((23,(((4,22),(11,21)),5)),(18,(16,(29,12))))),(((3,8),(9,6)),17)),((((10,(((25,14),2),7)),15),(30,(28,13))),1));

STEP 98 [Heur. rSPR MC_RF -> NNI_Substep_86] - Distance: 47.0000
((((((26,(20,27)),(24,19)),((23,(((4,22),(11,21)),5)),(18,(16,(29,12))))),1),(((3,8),(9,6)),17)),(((10,(((25,14),2),7)),15),(30,(28,13))));

STEP 99 [Heur. rSPR MC_RF -> NNI_Substep_87] - Distance: 36.0000
((((((26,(20,27)),(24,19)),1),((23,(((4,22),(11,21)),5)),(18,(16,(29,12))))),(((3,8),(9,6)),17)),(((10,(((25,14),2),7)),15),(30,(28,13))));

STEP 100 [Heur. rSPR MC_RF -> NNI_Substep_88] - Distance: 33.0000
((((((26,(20,27)),1),(24,19)),((23,(((4,22),(11,21)),5)),(18,(16,(29,12))))),(((3,8),(9,6)),17)),(((10,(((25,14),2),7)),15),(30,(28,13))));

STEP 101 [Heur. rSPR MC_RF -> NNI_Substep_89] - Distance: 32.0000
((((((26,1),(20,27)),(24,19)),((23,(((4,22),(11,21)),5)),(18,(16,(29,12))))),(((3,8),(9,6)),17)),(((10,(((25,14),2),7)),15),(30,(28,13))));

STEP 102 [Heur. rSPR MC_RF -> NNI_Substep_90] - Distance: 32.0000
((((((26,1),(24,19)),(20,27)),((23,(((4,22),(11,21)),5)),(18,(16,(29,12))))),(((3,8),(9,6)),17)),(((10,(((25,14),2),7)),15),(30,(28,13))));

STEP 103 [Heur. rSPR MC_RF -> NNI_Substep_91] - Distance: 40.0000
((((((26,1),(24,19)),((23,(((4,22),(11,21)),5)),(18,(16,(29,12))))),(20,27)),(((3,8),(9,6)),17)),(((10,(((25,14),2),7)),15),(30,(28,13))));

STEP 104 [Heur. rSPR MC_RF -> NNI_Substep_92] - Distance: 41.0000
((((((26,1),(24,19)),((23,(((4,22),(11,21)),5)),(18,(16,(29,12))))),(((3,8),(9,6)),17)),(20,27)),(((10,(((25,14),2),7)),15),(30,(28,13))));

STEP 105 [Heur. rSPR MC_RF -> NNI_Substep_93] - Distance: 22.0000
(((((26,1),(24,19)),((23,(((4,22),(11,21)),5)),(18,(16,(29,12))))),(((3,8),(9,6)),17)),((((10,(((25,14),2),7)),15),(20,27)),(30,(28,13))));

STEP 106 [Heur. rSPR MC_RF -> NNI_Substep_94] - Distance: 19.0000
(((((26,1),(24,19)),((23,(((4,22),(11,21)),5)),(18,(16,(29,12))))),(((3,8),(9,6)),17)),((((10,(((25,14),2),7)),(20,27)),15),(30,(28,13))));

STEP 107 [Heur. rSPR MC_RF -> NNI_Substep_95] - Distance: 20.0000
(((((26,1),(24,19)),((23,(((4,22),(11,21)),5)),(18,(16,(29,12))))),(((3,8),(9,6)),17)),(((10,((((25,14),2),7),(20,27))),15),(30,(28,13))));

STEP 108 [Heur. rSPR MC_RF -> NNI_Substep_96] - Distance: 20.0000
(((((26,1),(24,19)),((23,(((4,22),(11,21)),5)),(18,(16,(29,12))))),(((3,8),(9,6)),17)),(((((((25,14),2),7),(20,27)),15),10),(30,(28,13))));

STEP 109 [Heur. rSPR MC_RF -> NNI_Substep_97] - Distance: 24.0000
(((((26,1),(24,19)),((23,(((4,22),(11,21)),5)),(18,(16,(29,12))))),(((3,8),(9,6)),17)),(((((((25,14),2),7),(20,27)),15),(30,(28,13))),10));

STEP 110 [Heur. rSPR MC_RF -> NNI_Substep_98] - Distance: 18.0000
(((((26,1),(24,19)),((23,(((4,22),(11,21)),5)),(18,(16,(29,12))))),((((3,8),(9,6)),17),10)),((((((25,14),2),7),(20,27)),15),(30,(28,13))));

STEP 111 [Heur. rSPR MC_RF -> NNI_Substep_99] - Distance: 15.0000
(((((26,1),(24,19)),((23,(((4,22),(11,21)),5)),(18,(16,(29,12))))),(((3,8),(9,6)),(17,10))),((((((25,14),2),7),(20,27)),15),(30,(28,13))));

STEP 112 [Heur. rSPR MC_RF -> NNI_Substep_100] - Distance: 27.0000
((((((26,1),(24,19)),((23,(((4,22),(11,21)),5)),(18,(16,(29,12))))),((3,8),(9,6))),(17,10)),((((((25,14),2),7),(20,27)),15),(30,(28,13))));

STEP 113 [Heur. rSPR MC_RF -> NNI_Substep_101] - Distance: 12.0000
(((((26,1),(24,19)),((23,(((4,22),(11,21)),5)),(18,(16,(29,12))))),((3,8),(9,6))),((((((25,14),2),7),(20,27)),15),((30,(28,13)),(17,10))));

STEP 114 [Heur. rSPR MC_RF -> NNI_Substep_102] - Distance: 11.0000
(((((26,1),(24,19)),((23,(((4,22),(11,21)),5)),(18,(16,(29,12))))),((3,8),(9,6))),((((((25,14),2),7),(20,27)),15),(30,((28,13),(17,10)))));

STEP 115 [Heur. rSPR MC_RF -> NNI_Substep_103] - Distance: 10.0000
(((((26,1),(24,19)),((23,(((4,22),(11,21)),5)),(18,(16,(29,12))))),((3,8),(9,6))),((((((25,14),2),7),(20,27)),15),(30,(28,(13,(17,10))))));

STEP 116 [Heur. rSPR MC_RF -> NNI_Substep_104] - Distance: 16.0000
(((((26,1),(24,19)),((23,(((4,22),(11,21)),5)),(18,(16,(29,12))))),((3,8),(9,6))),(((((((25,14),2),7),(20,27)),15),(28,(13,(17,10)))),30));

STEP 117 [Heur. rSPR MC_RF -> NNI_Substep_105] - Distance: 0.0000
(((((26,1),(24,19)),((23,(((4,22),(11,21)),5)),(18,(16,(29,12))))),(((3,8),(9,6)),30)),((((((25,14),2),7),(20,27)),15),(28,(13,(17,10)))));

========================================================
[FINAL] Total Steps: 117 | Final Distance: 0.0000
========================================================
