========================================================
HEURISTIC TRAJECTORY: VND Incremental (M3)
========================================================
STEP 0 [START] - Distance: 3353.0000
((27,21),(10,((8,2),(12,16))),(((((11,24),(23,(1,18))),(19,(28,(3,20)))),(22,((6,(9,(15,14))),(25,7)))),(30,((4,(29,(17,5))),(13,26)))));

STEP 1 [NNI_IncrementalHeuristic_M3 -> NNI_Substep_1] - Distance: 3332.0000
((27,21),(10,((8,2),(12,16))),((((28,(3,20)),(19,((11,24),(23,(1,18))))),(22,((6,(9,(15,14))),(25,7)))),(30,((4,(29,(17,5))),(13,26)))));

STEP 2 [NNI_IncrementalHeuristic_M3 -> NNI_Substep_2] - Distance: 3308.0000
((27,21),(10,((8,2),(12,16))),((((28,(19,((11,24),(23,(1,18))))),(3,20)),(22,((6,(9,(15,14))),(25,7)))),(30,((4,(29,(17,5))),(13,26)))));

STEP 3 [NNI_IncrementalHeuristic_M3 -> NNI_Substep_3] - Distance: 3286.0000
((27,21),(10,((8,2),(12,16))),(((3,((28,(19,((11,24),(23,(1,18))))),20)),(22,((6,(9,(15,14))),(25,7)))),(30,((4,(29,(17,5))),(13,26)))));

STEP 4 [NNI_IncrementalHeuristic_M3 -> NNI_Substep_4] - Distance: 3261.0000
((27,21),(10,((8,2),(12,16))),(((3,(22,((6,(9,(15,14))),(25,7)))),((28,(19,((11,24),(23,(1,18))))),20)),(30,((4,(29,(17,5))),(13,26)))));

STEP 5 [NNI_IncrementalHeuristic_M3 -> NNI_Substep_5] - Distance: 3244.0000
((27,21),(10,((8,2),(12,16))),(((4,(29,(17,5))),(13,26)),(30,((3,(22,((6,(9,(15,14))),(25,7)))),((28,(19,((11,24),(23,(1,18))))),20)))));

STEP 6 [NNI_IncrementalHeuristic_M3 -> NNI_Substep_6] - Distance: 3206.0000
((27,21),(10,((8,2),(12,16))),(((4,(29,(17,5))),(13,26)),(((28,(19,((11,24),(23,(1,18))))),20),((3,(22,((6,(9,(15,14))),(25,7)))),30))));

STEP 7 [NNI_IncrementalHeuristic_M3 -> NNI_Substep_7] - Distance: 3175.0000
((27,21),(10,((8,2),(12,16))),(((4,(29,(17,5))),(((28,(19,((11,24),(23,(1,18))))),20),((3,(22,((6,(9,(15,14))),(25,7)))),30))),(13,26)));

STEP 8 [NNI_IncrementalHeuristic_M3 -> NNI_Substep_8] - Distance: 3159.0000
((27,21),(10,((8,2),(12,16))),(((4,(29,(17,5))),(((28,(19,((11,24),(23,(1,18))))),20),((30,(22,((6,(9,(15,14))),(25,7)))),3))),(13,26)));

STEP 9 [NNI_IncrementalHeuristic_M3 -> NNI_Substep_9] - Distance: 3146.0000
((27,21),(10,((8,2),(12,16))),(((4,(29,(17,5))),(((28,(19,((11,24),(23,(1,18))))),20),((30,(22,(25,((6,(9,(15,14))),7)))),3))),(13,26)));

STEP 10 [NNI_IncrementalHeuristic_M3 -> NNI_Substep_10] - Distance: 3137.0000
((27,21),(10,((8,2),(12,16))),(((4,(29,(17,5))),(((28,(19,((11,24),(23,(1,18))))),20),((30,(25,(22,((6,(9,(15,14))),7)))),3))),(13,26)));

STEP 11 [NNI_IncrementalHeuristic_M3 -> NNI_Substep_11] - Distance: 3127.0000
((27,21),(10,((8,2),(12,16))),(((4,(29,(17,5))),(((28,(19,((11,24),(23,(1,18))))),20),((25,(30,(22,((6,(9,(15,14))),7)))),3))),(13,26)));

STEP 12 [NNI_IncrementalHeuristic_M3 -> NNI_Substep_12] - Distance: 3116.0000
((27,21),(10,((8,2),(12,16))),(((4,(29,(17,5))),(((28,(19,((11,24),(23,(1,18))))),20),((3,(30,(22,((6,(9,(15,14))),7)))),25))),(13,26)));

STEP 13 [NNI_IncrementalHeuristic_M3 -> NNI_Substep_13] - Distance: 3092.0000
((27,21),(10,((8,2),(12,16))),(((4,(29,(17,5))),((3,(30,(22,((6,(9,(15,14))),7)))),(((28,(19,((11,24),(23,(1,18))))),20),25))),(13,26)));

STEP 14 [NNI_IncrementalHeuristic_M3 -> NNI_Substep_14] - Distance: 3085.0000
((27,21),(10,((8,2),(12,16))),(((4,(17,(29,5))),((3,(30,(22,((6,(9,(15,14))),7)))),(((28,(19,((11,24),(23,(1,18))))),20),25))),(13,26)));

STEP 15 [NNI_IncrementalHeuristic_M3 -> NNI_Substep_15] - Distance: 3078.0000
((27,21),(10,((8,2),(12,16))),(((17,(4,(29,5))),((3,(30,(22,((6,(9,(15,14))),7)))),(((28,(19,((11,24),(23,(1,18))))),20),25))),(13,26)));

STEP 16 [NNI_IncrementalHeuristic_M3 -> NNI_Substep_16] - Distance: 3011.0000
((27,21),(10,((8,2),(12,16))),(((17,((3,(30,(22,((6,(9,(15,14))),7)))),(((28,(19,((11,24),(23,(1,18))))),20),25))),(4,(29,5))),(13,26)));

STEP 17 [NNI_IncrementalHeuristic_M3 -> NNI_Substep_17] - Distance: 3004.0000
((27,21),(10,((8,2),(12,16))),(13,(((17,((3,(30,(22,((6,(9,(15,14))),7)))),(((28,(19,((11,24),(23,(1,18))))),20),25))),(4,(29,5))),26)));

STEP 18 [NNI_IncrementalHeuristic_M3 -> NNI_Substep_18] - Distance: 2997.0000
((27,21),(10,((8,2),(12,16))),(13,(((17,((3,(30,(22,((6,(9,(15,14))),7)))),(((28,(19,((11,24),(23,(1,18))))),20),25))),26),(4,(29,5)))));

STEP 19 [NNI_IncrementalHeuristic_M3 -> NNI_Substep_19] - Distance: 2993.0000
((27,21),(10,((8,(12,16)),2)),(13,(((17,((3,(30,(22,((6,(9,(15,14))),7)))),(((28,(19,((11,24),(23,(1,18))))),20),25))),26),(4,(29,5)))));

STEP 20 [NNI_IncrementalHeuristic_M3 -> NNI_Substep_20] - Distance: 2989.0000
((27,21),(10,((8,(12,16)),2)),(13,(((17,((3,(30,(22,((6,(9,(15,14))),7)))),(((28,(19,((1,18),(23,(11,24))))),20),25))),26),(4,(29,5)))));

STEP 21 [NNI_IncrementalHeuristic_M3 -> NNI_Substep_21] - Distance: 2986.0000
((27,21),(2,((8,(12,16)),10)),(13,(((17,((3,(30,(22,((6,(9,(15,14))),7)))),(((28,(19,((1,18),(23,(11,24))))),20),25))),26),(4,(29,5)))));

STEP 22 [NNI_IncrementalHeuristic_M3 -> NNI_Substep_22] - Distance: 2964.0000
(2,((27,21),((8,(12,16)),10)),(13,(((17,((3,(30,(22,((6,(9,(15,14))),7)))),(((28,(19,((1,18),(23,(11,24))))),20),25))),26),(4,(29,5)))));

STEP 23 [NNI_IncrementalHeuristic_M3 -> NNI_Substep_23] - Distance: 2959.0000
(2,((27,21),((8,(12,16)),10)),(13,(((17,((3,(30,(22,((6,(9,(15,14))),7)))),(((28,(19,((1,(23,(11,24))),18))),20),25))),26),(4,(29,5)))));

STEP 24 [NNI_IncrementalHeuristic_M3 -> NNI_Substep_24] - Distance: 2955.0000
(2,((27,21),((8,(12,16)),10)),(13,(((17,((3,(30,(22,((6,(9,(15,14))),7)))),(((28,(18,((1,(23,(11,24))),19))),20),25))),26),(4,(29,5)))));

STEP 25 [NNI_IncrementalHeuristic_M3 -> NNI_Substep_25] - Distance: 2939.0000
(2,((27,21),((8,(12,16)),10)),(13,(((17,((3,(30,(22,((6,(9,(15,14))),7)))),(((18,(28,((1,(23,(11,24))),19))),20),25))),26),(4,(29,5)))));

STEP 26 [NNI_IncrementalHeuristic_M3 -> NNI_Substep_26] - Distance: 2933.0000
(2,((27,21),((8,(12,16)),10)),(13,(((17,((3,(30,(22,((6,(9,(15,14))),7)))),(((18,(28,((1,19),(23,(11,24))))),20),25))),26),(4,(29,5)))));

STEP 27 [NNI_IncrementalHeuristic_M3 -> NNI_Substep_27] - Distance: 2929.0000
(2,((27,21),((8,(12,16)),10)),(13,(((17,((3,(30,(22,((6,(9,(15,14))),7)))),(((18,((1,19),(28,(23,(11,24))))),20),25))),26),(4,(29,5)))));

STEP 28 [NNI_IncrementalHeuristic_M3 -> NNI_Substep_28] - Distance: 2921.0000
(2,((27,21),((8,(12,16)),10)),(13,(((17,((3,(30,(22,((6,(9,(15,14))),7)))),((((1,19),(18,(28,(23,(11,24))))),20),25))),26),(4,(29,5)))));

STEP 29 [NNI_IncrementalHeuristic_M3 -> NNI_Substep_29] - Distance: 2913.0000
(2,((27,21),((8,(12,16)),10)),(13,(((17,((3,(30,(22,((6,(9,(15,14))),7)))),(((20,(18,(28,(23,(11,24))))),(1,19)),25))),26),(4,(29,5)))));

STEP 30 [NNI_IncrementalHeuristic_M3 -> NNI_Substep_30] - Distance: 2907.0000
(2,((27,21),((8,(12,16)),10)),(13,(((17,((3,(30,(22,((6,(9,(15,14))),7)))),(((20,(18,(28,(23,(11,24))))),25),(1,19)))),26),(4,(29,5)))));

STEP 31 [NNI_IncrementalHeuristic_M3 -> NNI_Substep_31] - Distance: 2855.0000
(2,((27,21),((8,(12,16)),10)),(13,(((17,((1,19),(((20,(18,(28,(23,(11,24))))),25),(3,(30,(22,((6,(9,(15,14))),7))))))),26),(4,(29,5)))));

STEP 32 [NNI_IncrementalHeuristic_M3 -> NNI_Substep_32] - Distance: 2837.0000
(2,((27,21),((8,(12,16)),10)),(13,((((1,19),(17,(((20,(18,(28,(23,(11,24))))),25),(3,(30,(22,((6,(9,(15,14))),7))))))),26),(4,(29,5)))));

STEP 33 [NNI_IncrementalHeuristic_M3 -> NNI_Substep_33] - Distance: 2833.0000
(13,((27,21),((8,(12,16)),10)),(2,((((1,19),(17,(((20,(18,(28,(23,(11,24))))),25),(3,(30,(22,((6,(9,(15,14))),7))))))),26),(4,(29,5)))));

STEP 34 [NNI_IncrementalHeuristic_M3 -> NNI_Substep_34] - Distance: 2821.0000
(13,((27,21),((8,(12,16)),10)),((4,(29,5)),((((1,19),(17,(((20,(18,(28,(23,(11,24))))),25),(3,(30,(22,((6,(9,(15,14))),7))))))),26),2)));

STEP 35 [NNI_IncrementalHeuristic_M3 -> NNI_Substep_35] - Distance: 2819.0000
(13,(10,((8,(12,16)),(27,21))),((4,(29,5)),((((1,19),(17,(((20,(18,(28,(23,(11,24))))),25),(3,(30,(22,((6,(9,(15,14))),7))))))),26),2)));

STEP 36 [NNI_IncrementalHeuristic_M3 -> NNI_Substep_36] - Distance: 2791.0000
(((8,(12,16)),(27,21)),(10,13),((4,(29,5)),((((1,19),(17,(((20,(18,(28,(23,(11,24))))),25),(3,(30,(22,((6,(9,(15,14))),7))))))),26),2)));

STEP 37 [NNI_IncrementalHeuristic_M3 -> NNI_Substep_37] - Distance: 2787.0000
((((27,21),(12,16)),8),(10,13),((4,(29,5)),((((1,19),(17,(((20,(18,(28,(23,(11,24))))),25),(3,(30,(22,((6,(9,(15,14))),7))))))),26),2)));

STEP 38 [NNI_IncrementalHeuristic_M3 -> NNI_Substep_38] - Distance: 2783.0000
(((12,((27,21),16)),8),(10,13),((4,(29,5)),((((1,19),(17,(((20,(18,(28,(23,(11,24))))),25),(3,(30,(22,((6,(9,(15,14))),7))))))),26),2)));

STEP 39 [NNI_IncrementalHeuristic_M3 -> NNI_Substep_39] - Distance: 2781.0000
(((12,((27,21),16)),(10,13)),8,((4,(29,5)),((((1,19),(17,(((20,(18,(28,(23,(11,24))))),25),(3,(30,(22,((6,(9,(15,14))),7))))))),26),2)));

STEP 40 [NNI_IncrementalHeuristic_M3 -> NNI_Substep_40] - Distance: 2778.0000
((((10,13),((27,21),16)),12),8,((4,(29,5)),((((1,19),(17,(((20,(18,(28,(23,(11,24))))),25),(3,(30,(22,((6,(9,(15,14))),7))))))),26),2)));

STEP 41 [NNI_IncrementalHeuristic_M3 -> NNI_Substep_41] - Distance: 2776.0000
(((16,((27,21),(10,13))),12),8,((4,(29,5)),((((1,19),(17,(((20,(18,(28,(23,(11,24))))),25),(3,(30,(22,((6,(9,(15,14))),7))))))),26),2)));

STEP 42 [NNI_IncrementalHeuristic_M3 -> NNI_Substep_42] - Distance: 2772.0000
(((16,(((10,13),21),27)),12),8,((4,(29,5)),((((1,19),(17,(((20,(18,(28,(23,(11,24))))),25),(3,(30,(22,((6,(9,(15,14))),7))))))),26),2)));

STEP 43 [NNI_IncrementalHeuristic_M3 -> NNI_Substep_43] - Distance: 2771.0000
(((16,(((10,13),21),27)),12),8,((4,(29,5)),((((1,19),(17,(((20,(18,(23,(28,(11,24))))),25),(3,(30,(22,((6,(9,(15,14))),7))))))),26),2)));

STEP 44 [NNI_IncrementalHeuristic_M3 -> NNI_Substep_44] - Distance: 2745.0000
(((16,(((10,13),21),27)),12),8,((4,(29,5)),((((1,19),(17,(((20,(18,(23,(11,(28,24))))),25),(3,(30,(22,((6,(9,(15,14))),7))))))),26),2)));

STEP 45 [NNI_IncrementalHeuristic_M3 -> NNI_Substep_45] - Distance: 2743.0000
(((16,(((10,13),21),27)),12),8,((4,(29,5)),((((1,19),(17,(((20,(18,((28,24),(11,23)))),25),(3,(30,(22,((6,(9,(15,14))),7))))))),26),2)));

STEP 46 [NNI_IncrementalHeuristic_M3 -> NNI_Substep_46] - Distance: 2742.0000
(((16,(((10,13),21),27)),12),8,((4,(29,5)),((((1,19),(17,(((20,(18,((28,24),(11,23)))),25),(3,(30,(22,((9,(6,(15,14))),7))))))),26),2)));

STEP 47 [NNI_IncrementalHeuristic_M3 -> NNI_Substep_47] - Distance: 2741.0000
(((16,(((10,13),21),27)),12),8,((4,(29,5)),((((1,19),(17,(((20,(18,((28,24),(11,23)))),25),(3,(30,(22,((9,(15,(6,14))),7))))))),26),2)));

STEP 48 [Heur. uSPR M3 -> NNI_Substep_1] - Distance: 2743.0000
(((16,(((10,13),21),27)),12),8,((4,(29,5)),((((1,19),(17,(((20,(18,((28,24),(11,23)))),25),(3,(30,(22,(((9,15),(6,14)),7))))))),26),2)));

STEP 49 [Heur. uSPR M3 -> NNI_Substep_2] - Distance: 2745.0000
(((16,(((10,13),21),27)),12),8,((4,(29,5)),((((1,19),(17,(((20,(18,((28,24),(11,23)))),25),(3,(30,(22,(((9,15),7),(6,14)))))))),26),2)));

STEP 50 [Heur. uSPR M3 -> NNI_Substep_3] - Distance: 2745.0000
(((16,(((10,13),21),27)),12),8,((4,(29,5)),((((1,19),(17,(((20,(18,((28,24),(11,23)))),25),(3,(30,((22,((9,15),7)),(6,14))))))),26),2)));

STEP 51 [Heur. uSPR M3 -> NNI_Substep_4] - Distance: 2742.0000
(((16,(((10,13),21),27)),12),8,((4,(29,5)),((((1,19),(17,(((20,(18,((28,24),(11,23)))),25),(3,((30,(22,((9,15),7))),(6,14)))))),26),2)));

STEP 52 [Heur. uSPR M3 -> NNI_Substep_5] - Distance: 2737.0000
(((16,(((10,13),21),27)),12),8,((4,(29,5)),((((1,19),(17,(((20,(18,((28,24),(11,23)))),25),((3,(30,(22,((9,15),7)))),(6,14))))),26),2)));

STEP 53 [Heur. uSPR M3 -> NNI_Substep_6] - Distance: 2690.0000
(((16,(((10,13),21),27)),12),8,((4,(29,5)),((((1,19),(17,((((20,(18,((28,24),(11,23)))),25),(3,(30,(22,((9,15),7))))),(6,14)))),26),2)));

STEP 54 [Heur. uSPR M3 -> NNI_Substep_7] - Distance: 2675.0000
(((16,(((10,13),21),27)),12),8,((4,(29,5)),((((1,19),((17,(((20,(18,((28,24),(11,23)))),25),(3,(30,(22,((9,15),7)))))),(6,14))),26),2)));

STEP 55 [Heur. uSPR M3 -> NNI_Substep_8] - Distance: 2641.0000
(((16,(((10,13),21),27)),12),8,((4,(29,5)),(((((1,19),(17,(((20,(18,((28,24),(11,23)))),25),(3,(30,(22,((9,15),7))))))),(6,14)),26),2)));

STEP 56 [Heur. uSPR M3 -> NNI_Substep_9] - Distance: 2635.0000
(((16,(((10,13),21),27)),12),8,((4,(29,5)),(((((1,19),(17,(((20,(18,((28,24),(11,23)))),25),(3,(30,(22,((9,15),7))))))),26),(6,14)),2)));

STEP 57 [Heur. uSPR M3 -> NNI_Substep_10] - Distance: 2632.0000
(((16,(((10,13),21),27)),12),8,((4,(29,5)),(((((1,19),(17,(((20,(18,((28,24),(11,23)))),25),(3,(30,(22,((9,15),7))))))),26),2),(6,14))));

STEP 58 [Heur. uSPR M3 -> NNI_Substep_11] - Distance: 2625.0000
(((16,(((10,13),21),27)),12),8,(((4,(29,5)),((((1,19),(17,(((20,(18,((28,24),(11,23)))),25),(3,(30,(22,((9,15),7))))))),26),2)),(6,14)));

STEP 59 [Heur. uSPR M3 -> NNI_Substep_12] - Distance: 2622.0000
((((16,(((10,13),21),27)),12),(6,14)),8,((4,(29,5)),((((1,19),(17,(((20,(18,((28,24),(11,23)))),25),(3,(30,(22,((9,15),7))))))),26),2)));

STEP 60 [Heur. uSPR M3 -> NNI_Substep_13] - Distance: 2619.0000
((((16,(((10,13),21),27)),(6,14)),12),8,((4,(29,5)),((((1,19),(17,(((20,(18,((28,24),(11,23)))),25),(3,(30,(22,((9,15),7))))))),26),2)));

STEP 61 [Heur. uSPR M3 -> NNI_Substep_14] - Distance: 2578.0000
(((16,((((10,13),21),27),(6,14))),12),8,((4,(29,5)),((((1,19),(17,(((20,(18,((28,24),(11,23)))),25),(3,(30,(22,((9,15),7))))))),26),2)));

STEP 62 [Heur. uSPR M3 -> NNI_Substep_15] - Distance: 2535.0000
(((16,((((10,13),21),(6,14)),27)),12),8,((4,(29,5)),((((1,19),(17,(((20,(18,((28,24),(11,23)))),25),(3,(30,(22,((9,15),7))))))),26),2)));

STEP 63 [Heur. uSPR M3 -> NNI_Substep_16] - Distance: 2531.0000
(((16,(((10,13),(21,(6,14))),27)),12),8,((4,(29,5)),((((1,19),(17,(((20,(18,((28,24),(11,23)))),25),(3,(30,(22,((9,15),7))))))),26),2)));

STEP 64 [Heur. uSPR M3 -> NNI_Substep_17] - Distance: 2526.0000
(((16,(((21,(6,14)),27),(10,13))),12),8,((4,(29,5)),((((1,19),(17,(((20,(18,((28,24),(11,23)))),25),(3,(30,(22,((9,15),7))))))),26),2)));

STEP 65 [Heur. uSPR M3 -> NNI_Substep_18] - Distance: 2519.0000
((((16,((21,(6,14)),27)),(10,13)),12),8,((4,(29,5)),((((1,19),(17,(((20,(18,((28,24),(11,23)))),25),(3,(30,(22,((9,15),7))))))),26),2)));

STEP 66 [Heur. uSPR M3 -> NNI_Substep_19] - Distance: 2523.0000
((((16,((21,(6,14)),27)),12),(10,13)),8,((4,(29,5)),((((1,19),(17,(((20,(18,((28,24),(11,23)))),25),(3,(30,(22,((9,15),7))))))),26),2)));

STEP 67 [Heur. uSPR M3 -> NNI_Substep_20] - Distance: 2525.0000
(((16,((21,(6,14)),27)),12),8,(((4,(29,5)),((((1,19),(17,(((20,(18,((28,24),(11,23)))),25),(3,(30,(22,((9,15),7))))))),26),2)),(10,13)));

STEP 68 [Heur. uSPR M3 -> NNI_Substep_21] - Distance: 2553.0000
(((16,((21,(6,14)),27)),12),8,((4,(29,5)),(((((1,19),(17,(((20,(18,((28,24),(11,23)))),25),(3,(30,(22,((9,15),7))))))),26),2),(10,13))));

STEP 69 [Heur. uSPR M3 -> NNI_Substep_22] - Distance: 2555.0000
(((16,((21,(6,14)),27)),12),8,((4,(29,5)),(((((1,19),(17,(((20,(18,((28,24),(11,23)))),25),(3,(30,(22,((9,15),7))))))),26),(10,13)),2)));

STEP 70 [Heur. uSPR M3 -> NNI_Substep_23] - Distance: 2553.0000
(((16,((21,(6,14)),27)),12),8,((4,(29,5)),(((((1,19),(17,(((20,(18,((28,24),(11,23)))),25),(3,(30,(22,((9,15),7))))))),(10,13)),26),2)));

STEP 71 [Heur. uSPR M3 -> NNI_Substep_24] - Distance: 2529.0000
(((16,((21,(6,14)),27)),12),8,((4,(29,5)),((((1,19),((17,(((20,(18,((28,24),(11,23)))),25),(3,(30,(22,((9,15),7)))))),(10,13))),26),2)));

STEP 72 [Heur. uSPR M3 -> NNI_Substep_25] - Distance: 2509.0000
(((16,((21,(6,14)),27)),12),8,((4,(29,5)),((((1,19),(17,((((20,(18,((28,24),(11,23)))),25),(3,(30,(22,((9,15),7))))),(10,13)))),26),2)));

STEP 73 [Heur. uSPR M3 -> NNI_Substep_26] - Distance: 2414.0000
(((16,((21,(6,14)),27)),12),8,((4,(29,5)),((((1,19),(17,((((20,(18,((28,24),(11,23)))),25),(10,13)),(3,(30,(22,((9,15),7))))))),26),2)));

STEP 74 [Heur. uSPR M3 -> NNI_Substep_27] - Distance: 2382.0000
(((16,((21,(6,14)),27)),12),8,((4,(29,5)),((((1,19),(17,((((20,(18,((28,24),(11,23)))),(10,13)),25),(3,(30,(22,((9,15),7))))))),26),2)));

STEP 75 [Heur. uSPR M3 -> NNI_Substep_28] - Distance: 2374.0000
(((16,((21,(6,14)),27)),12),8,((4,(29,5)),((((1,19),(17,(((20,((18,((28,24),(11,23))),(10,13))),25),(3,(30,(22,((9,15),7))))))),26),2)));

STEP 76 [Heur. uSPR M3 -> NNI_Substep_29] - Distance: 2332.0000
(((16,((21,(6,14)),27)),12),8,((4,(29,5)),((((1,19),(17,(((20,(18,(((28,24),(11,23)),(10,13)))),25),(3,(30,(22,((9,15),7))))))),26),2)));

STEP 77 [Heur. uSPR M3 -> NNI_Substep_30] - Distance: 2260.0000
(((16,((21,(6,14)),27)),12),8,((4,(29,5)),((((1,19),(17,(((20,(18,((28,24),((11,23),(10,13))))),25),(3,(30,(22,((9,15),7))))))),26),2)));

STEP 78 [Heur. uSPR M3 -> NNI_Substep_31] - Distance: 2257.0000
(((16,((21,(6,14)),27)),12),8,((4,(29,5)),((((1,19),(17,(((20,(18,((28,24),((11,(10,13)),23)))),25),(3,(30,(22,((9,15),7))))))),26),2)));

STEP 79 [Heur. uSPR M3 -> NNI_Substep_32] - Distance: 2261.0000
(((16,((21,(6,14)),27)),12),8,(((((1,19),(17,(((20,(18,((28,24),((11,(10,13)),23)))),25),(3,(30,(22,((9,15),7))))))),26),(4,(29,5))),2));

STEP 80 [Heur. uSPR M3 -> NNI_Substep_33] - Distance: 2248.0000
(((16,((21,(6,14)),27)),12),8,(((((1,19),(17,(((20,(18,((28,24),((11,(10,13)),23)))),25),(3,(30,(22,((9,15),7))))))),(4,(29,5))),26),2));

STEP 81 [Heur. uSPR M3 -> NNI_Substep_34] - Distance: 2204.0000
(((16,((21,(6,14)),27)),12),8,((((1,19),((17,(((20,(18,((28,24),((11,(10,13)),23)))),25),(3,(30,(22,((9,15),7)))))),(4,(29,5)))),26),2));

STEP 82 [Heur. uSPR M3 -> NNI_Substep_35] - Distance: 2189.0000
(((16,((21,(6,14)),27)),12),8,((((1,19),(17,((((20,(18,((28,24),((11,(10,13)),23)))),25),(3,(30,(22,((9,15),7))))),(4,(29,5))))),26),2));

STEP 83 [Heur. uSPR M3 -> NNI_Substep_36] - Distance: 2114.0000
(((16,((21,(6,14)),27)),12),8,((((1,19),(17,((((20,(18,((28,24),((11,(10,13)),23)))),25),(4,(29,5))),(3,(30,(22,((9,15),7))))))),26),2));

STEP 84 [Heur. uSPR M3 -> NNI_Substep_37] - Distance: 2085.0000
(((16,((21,(6,14)),27)),12),8,((((1,19),(17,((((20,(18,((28,24),((11,(10,13)),23)))),(4,(29,5))),25),(3,(30,(22,((9,15),7))))))),26),2));

STEP 85 [Heur. uSPR M3 -> NNI_Substep_38] - Distance: 1982.0000
(((16,((21,(6,14)),27)),12),8,((((1,19),(17,((((20,(4,(29,5))),(18,((28,24),((11,(10,13)),23)))),25),(3,(30,(22,((9,15),7))))))),26),2));

STEP 86 [Heur. uSPR M3 -> NNI_Substep_39] - Distance: 1981.0000
(((16,((21,(6,14)),27)),12),8,((((1,19),(17,((((20,(4,(29,5))),(18,((28,24),((11,(10,13)),23)))),25),(3,(30,((22,7),(9,15))))))),26),2));

STEP 87 [Heur. uSPR M3 -> NNI_Substep_40] - Distance: 1978.0000
(((16,((21,(6,14)),27)),12),8,((((1,19),(17,((((20,(4,(29,5))),(18,((28,24),((11,(10,13)),23)))),25),(3,((30,(22,7)),(9,15)))))),26),2));

STEP 88 [Heur. uSPR M3 -> NNI_Substep_41] - Distance: 1973.0000
(((16,((21,(6,14)),27)),12),8,((((1,19),(17,((((20,(4,(29,5))),(18,((28,24),((11,(10,13)),23)))),25),((3,(30,(22,7))),(9,15))))),26),2));

STEP 89 [Heur. uSPR M3 -> NNI_Substep_42] - Distance: 1949.0000
(((16,((21,(6,14)),27)),12),8,((((1,19),(17,(((((20,(4,(29,5))),(18,((28,24),((11,(10,13)),23)))),25),(3,(30,(22,7)))),(9,15)))),26),2));

STEP 90 [Heur. uSPR M3 -> NNI_Substep_43] - Distance: 1857.0000
(((16,((21,(6,14)),27)),12),8,((((1,19),(17,(((((20,(4,(29,5))),(18,((28,24),((11,(10,13)),23)))),25),(9,15)),(3,(30,(22,7)))))),26),2));

STEP 91 [Heur. uSPR M3 -> NNI_Substep_44] - Distance: 1828.0000
(((16,((21,(6,14)),27)),12),8,((((1,19),(17,(((((20,(4,(29,5))),(18,((28,24),((11,(10,13)),23)))),(9,15)),25),(3,(30,(22,7)))))),26),2));

STEP 92 [Heur. uSPR M3 -> NNI_Substep_45] - Distance: 1786.0000
(((16,((21,(6,14)),27)),12),8,((((1,19),(17,(((((20,(4,(29,5))),(9,15)),(18,((28,24),((11,(10,13)),23)))),25),(3,(30,(22,7)))))),26),2));

STEP 93 [Heur. uSPR M3 -> NNI_Substep_46] - Distance: 1764.0000
(((16,((21,(6,14)),27)),12),8,((((1,19),(17,((((20,((4,(29,5)),(9,15))),(18,((28,24),((11,(10,13)),23)))),25),(3,(30,(22,7)))))),26),2));

STEP 94 [Heur. uSPR M3 -> NNI_Substep_47] - Distance: 1740.0000
(((16,((21,(6,14)),27)),12),8,((((1,19),(17,((((20,(4,((29,5),(9,15)))),(18,((28,24),((11,(10,13)),23)))),25),(3,(30,(22,7)))))),26),2));

STEP 95 [Heur. uSPR M3 -> NNI_Substep_48] - Distance: 1737.0000
(((16,((21,(6,14)),27)),12),8,((((1,19),(17,((((20,(4,((29,(9,15)),5))),(18,((28,24),((11,(10,13)),23)))),25),(3,(30,(22,7)))))),26),2));

STEP 96 [Heur. uSPR M3 -> NNI_Substep_49] - Distance: 1729.0000
(((16,((21,(6,14)),27)),12),8,((((1,19),(17,((((20,(4,((29,(9,15)),5))),(18,(((28,24),(11,(10,13))),23))),25),(3,(30,(22,7)))))),26),2));

STEP 97 [Heur. uSPR M3 -> NNI_Substep_50] - Distance: 1725.0000
(((16,((21,(6,14)),27)),12),8,((((1,19),(17,((((20,(4,((29,(9,15)),5))),((18,((28,24),(11,(10,13)))),23)),25),(3,(30,(22,7)))))),26),2));

STEP 98 [Heur. uSPR M3 -> NNI_Substep_51] - Distance: 1703.0000
(((16,((21,(6,14)),27)),12),8,((((1,19),(17,(((((20,(4,((29,(9,15)),5))),(18,((28,24),(11,(10,13))))),23),25),(3,(30,(22,7)))))),26),2));

STEP 99 [Heur. uSPR M3 -> NNI_Substep_52] - Distance: 1693.0000
(((16,((21,(6,14)),27)),12),8,((((1,19),(17,(((((20,(4,((29,(9,15)),5))),(18,((28,24),(11,(10,13))))),25),23),(3,(30,(22,7)))))),26),2));

STEP 100 [Heur. uSPR M3 -> NNI_Substep_53] - Distance: 1694.0000
(((16,((21,(6,14)),27)),12),8,((((1,19),(17,(((((20,(4,((29,(9,15)),5))),(18,((28,24),(11,(10,13))))),25),(3,(30,(22,7)))),23))),26),2));

STEP 101 [Heur. uSPR M3 -> NNI_Substep_54] - Distance: 1559.0000
(((16,((21,(6,14)),27)),12),8,((((1,19),(17,((((20,(4,((29,(9,15)),5))),(18,((28,24),(11,(10,13))))),25),((3,(30,(22,7))),23)))),26),2));

STEP 102 [Heur. uSPR M3 -> NNI_Substep_55] - Distance: 1533.0000
(((16,((21,(6,14)),27)),12),8,((((1,19),(17,((((20,(4,((29,(9,15)),5))),(18,((28,24),(11,(10,13))))),25),(3,((30,(22,7)),23))))),26),2));

STEP 103 [Heur. uSPR M3 -> NNI_Substep_56] - Distance: 1506.0000
(((16,((21,(6,14)),27)),12),8,((((1,19),(17,((((20,(4,((29,(9,15)),5))),(18,((28,24),(11,(10,13))))),25),(3,(30,((22,7),23)))))),26),2));

STEP 104 [Heur. uSPR M3 -> NNI_Substep_57] - Distance: 1478.0000
(((16,((21,(6,14)),27)),12),8,((((1,19),(17,((((20,(4,((29,(9,15)),5))),(18,((28,24),(11,(10,13))))),25),(3,(30,(22,(7,23))))))),26),2));

STEP 105 [Heur. uSPR M3 -> NNI_Substep_58] - Distance: 1480.0000
((16,((21,(6,14)),27)),12,(((((1,19),(17,((((20,(4,((29,(9,15)),5))),(18,((28,24),(11,(10,13))))),25),(3,(30,(22,(7,23))))))),26),8),2));

STEP 106 [Heur. uSPR M3 -> NNI_Substep_59] - Distance: 1478.0000
((16,((21,(6,14)),27)),12,(((((1,19),(17,((((20,(4,((29,(9,15)),5))),(18,((28,24),(11,(10,13))))),25),(3,(30,(22,(7,23))))))),8),26),2));

STEP 107 [Heur. uSPR M3 -> NNI_Substep_60] - Distance: 1464.0000
((16,((21,(6,14)),27)),12,((((1,19),((17,((((20,(4,((29,(9,15)),5))),(18,((28,24),(11,(10,13))))),25),(3,(30,(22,(7,23)))))),8)),26),2));

STEP 108 [Heur. uSPR M3 -> NNI_Substep_61] - Distance: 1455.0000
((16,((21,(6,14)),27)),12,((((1,19),(17,(((((20,(4,((29,(9,15)),5))),(18,((28,24),(11,(10,13))))),25),(3,(30,(22,(7,23))))),8))),26),2));

STEP 109 [Heur. uSPR M3 -> NNI_Substep_62] - Distance: 1405.0000
((16,((21,(6,14)),27)),12,((((1,19),(17,(((((20,(4,((29,(9,15)),5))),(18,((28,24),(11,(10,13))))),25),8),(3,(30,(22,(7,23))))))),26),2));

STEP 110 [Heur. uSPR M3 -> NNI_Substep_63] - Distance: 1390.0000
((16,((21,(6,14)),27)),12,((((1,19),(17,(((((20,(4,((29,(9,15)),5))),(18,((28,24),(11,(10,13))))),8),25),(3,(30,(22,(7,23))))))),26),2));

STEP 111 [Heur. uSPR M3 -> NNI_Substep_64] - Distance: 1320.0000
((16,((21,(6,14)),27)),12,((((1,19),(17,((((20,(4,((29,(9,15)),5))),((18,((28,24),(11,(10,13)))),8)),25),(3,(30,(22,(7,23))))))),26),2));

STEP 112 [Heur. uSPR M3 -> NNI_Substep_65] - Distance: 1210.0000
((16,((21,(6,14)),27)),12,((((1,19),(17,((((20,(4,((29,(9,15)),5))),((18,8),((28,24),(11,(10,13))))),25),(3,(30,(22,(7,23))))))),26),2));

STEP 113 [Heur. uSPR M3 -> NNI_Substep_66] - Distance: 1208.0000
((16,((21,(6,14)),27)),12,((((1,19),(17,((((20,((4,(29,(9,15))),5)),((18,8),((28,24),(11,(10,13))))),25),(3,(30,(22,(7,23))))))),26),2));

STEP 114 [Heur. uSPR M3 -> NNI_Substep_67] - Distance: 1205.0000
((16,((21,(6,14)),27)),12,((((1,19),(17,(((((20,(4,(29,(9,15)))),5),((18,8),((28,24),(11,(10,13))))),25),(3,(30,(22,(7,23))))))),26),2));

STEP 115 [Heur. uSPR M3 -> NNI_Substep_68] - Distance: 1170.0000
((16,((21,(6,14)),27)),12,((((1,19),(17,(((((20,(4,(29,(9,15)))),((18,8),((28,24),(11,(10,13))))),5),25),(3,(30,(22,(7,23))))))),26),2));

STEP 116 [Heur. uSPR M3 -> NNI_Substep_69] - Distance: 1158.0000
((16,((21,(6,14)),27)),12,((((1,19),(17,(((((20,(4,(29,(9,15)))),((18,8),((28,24),(11,(10,13))))),25),5),(3,(30,(22,(7,23))))))),26),2));

STEP 117 [Heur. uSPR M3 -> NNI_Substep_70] - Distance: 1093.0000
((16,((21,(6,14)),27)),12,((((1,19),(17,(((((20,(4,(29,(9,15)))),((18,8),((28,24),(11,(10,13))))),25),(3,(30,(22,(7,23))))),5))),26),2));

STEP 118 [Heur. uSPR M3 -> NNI_Substep_71] - Distance: 1075.0000
((16,((21,(6,14)),27)),12,((((1,19),((17,((((20,(4,(29,(9,15)))),((18,8),((28,24),(11,(10,13))))),25),(3,(30,(22,(7,23)))))),5)),26),2));

STEP 119 [Heur. uSPR M3 -> NNI_Substep_72] - Distance: 1086.0000
((16,((21,(6,14)),27)),12,(((((1,19),(17,((((20,(4,(29,(9,15)))),((18,8),((28,24),(11,(10,13))))),25),(3,(30,(22,(7,23))))))),5),26),2));

STEP 120 [Heur. uSPR M3 -> NNI_Substep_73] - Distance: 953.0000
((16,((21,(6,14)),27)),12,(((((1,19),5),(17,((((20,(4,(29,(9,15)))),((18,8),((28,24),(11,(10,13))))),25),(3,(30,(22,(7,23))))))),26),2));

STEP 121 [Heur. uSPR M3 -> NNI_Substep_74] - Distance: 925.0000
((16,((21,(6,14)),27)),12,((((1,(19,5)),(17,((((20,(4,(29,(9,15)))),((18,8),((28,24),(11,(10,13))))),25),(3,(30,(22,(7,23))))))),26),2));

STEP 122 [Heur. uSPR M3 -> NNI_Substep_75] - Distance: 923.0000
(16,((21,(6,14)),27),(((((1,(19,5)),(17,((((20,(4,(29,(9,15)))),((18,8),((28,24),(11,(10,13))))),25),(3,(30,(22,(7,23))))))),26),12),2));

STEP 123 [Heur. uSPR M3 -> NNI_Substep_76] - Distance: 917.0000
(16,((21,(6,14)),27),(((((1,(19,5)),(17,((((20,(4,(29,(9,15)))),((18,8),((28,24),(11,(10,13))))),25),(3,(30,(22,(7,23))))))),12),26),2));

STEP 124 [Heur. uSPR M3 -> NNI_Substep_77] - Distance: 884.0000
(16,((21,(6,14)),27),((((1,(19,5)),((17,((((20,(4,(29,(9,15)))),((18,8),((28,24),(11,(10,13))))),25),(3,(30,(22,(7,23)))))),12)),26),2));

STEP 125 [Heur. uSPR M3 -> NNI_Substep_78] - Distance: 869.0000
(16,((21,(6,14)),27),((((1,(19,5)),(17,(((((20,(4,(29,(9,15)))),((18,8),((28,24),(11,(10,13))))),25),(3,(30,(22,(7,23))))),12))),26),2));

STEP 126 [Heur. uSPR M3 -> NNI_Substep_79] - Distance: 789.0000
(16,((21,(6,14)),27),((((1,(19,5)),(17,(((((20,(4,(29,(9,15)))),((18,8),((28,24),(11,(10,13))))),25),12),(3,(30,(22,(7,23))))))),26),2));

STEP 127 [Heur. uSPR M3 -> NNI_Substep_80] - Distance: 768.0000
(16,((21,(6,14)),27),((((1,(19,5)),(17,(((((20,(4,(29,(9,15)))),((18,8),((28,24),(11,(10,13))))),12),25),(3,(30,(22,(7,23))))))),26),2));

STEP 128 [Heur. uSPR M3 -> NNI_Substep_81] - Distance: 680.0000
(16,((21,(6,14)),27),((((1,(19,5)),(17,((((20,(4,(29,(9,15)))),(((18,8),((28,24),(11,(10,13)))),12)),25),(3,(30,(22,(7,23))))))),26),2));

STEP 129 [Heur. uSPR M3 -> NNI_Substep_82] - Distance: 628.0000
(16,((21,(6,14)),27),((((1,(19,5)),(17,((((20,(4,(29,(9,15)))),((18,8),(((28,24),(11,(10,13))),12))),25),(3,(30,(22,(7,23))))))),26),2));

STEP 130 [Heur. uSPR M3 -> NNI_Substep_83] - Distance: 626.0000
(16,((21,(6,14)),27),((((1,(19,5)),(17,((((20,(4,((29,15),9))),((18,8),(((28,24),(11,(10,13))),12))),25),(3,(30,(22,(7,23))))))),26),2));

STEP 131 [Heur. uSPR M3 -> NNI_Substep_84] - Distance: 624.0000
(16,((21,(6,14)),27),((((1,(19,5)),(17,((((20,((4,(29,15)),9)),((18,8),(((28,24),(11,(10,13))),12))),25),(3,(30,(22,(7,23))))))),26),2));

STEP 132 [Heur. uSPR M3 -> NNI_Substep_85] - Distance: 621.0000
(16,((21,(6,14)),27),((((1,(19,5)),(17,(((((20,(4,(29,15))),9),((18,8),(((28,24),(11,(10,13))),12))),25),(3,(30,(22,(7,23))))))),26),2));

STEP 133 [Heur. uSPR M3 -> NNI_Substep_86] - Distance: 608.0000
(16,((21,(6,14)),27),((((1,(19,5)),(17,(((((20,(4,(29,15))),((18,8),(((28,24),(11,(10,13))),12))),9),25),(3,(30,(22,(7,23))))))),26),2));

STEP 134 [Heur. uSPR M3 -> NNI_Substep_87] - Distance: 536.0000
(16,((21,(6,14)),27),((((1,(19,5)),(17,((((20,(4,(29,15))),(((18,8),(((28,24),(11,(10,13))),12)),9)),25),(3,(30,(22,(7,23))))))),26),2));

STEP 135 [Heur. uSPR M3 -> NNI_Substep_88] - Distance: 492.0000
(16,((21,(6,14)),27),((((1,(19,5)),(17,((((20,(4,(29,15))),((18,8),((((28,24),(11,(10,13))),12),9))),25),(3,(30,(22,(7,23))))))),26),2));

STEP 136 [Heur. uSPR M3 -> NNI_Substep_89] - Distance: 372.0000
(16,((21,(6,14)),27),((((1,(19,5)),(17,((((20,(4,(29,15))),((18,8),(((28,24),(11,(10,13))),(12,9)))),25),(3,(30,(22,(7,23))))))),26),2));

STEP 137 [Heur. uSPR M3 -> NNI_Substep_90] - Distance: 368.0000
(16,((21,(6,14)),27),((((1,(19,5)),(17,((((20,(4,(29,15))),((18,8),(((28,24),(11,(10,13))),(12,9)))),25),(3,(30,(22,(7,23))))))),2),26));

STEP 138 [Heur. uSPR M3 -> NNI_Substep_91] - Distance: 188.0000
(16,((21,(6,14)),27),((((1,(19,5)),2),(17,((((20,(4,(29,15))),((18,8),(((28,24),(11,(10,13))),(12,9)))),25),(3,(30,(22,(7,23))))))),26));

STEP 139 [Heur. uSPR M3 -> NNI_Substep_92] - Distance: 163.0000
(16,(((21,(6,14)),27),26),(((1,(19,5)),2),(17,((((20,(4,(29,15))),((18,8),(((28,24),(11,(10,13))),(12,9)))),25),(3,(30,(22,(7,23))))))));

STEP 140 [Heur. uSPR M3 -> NNI_Substep_93] - Distance: 136.0000
(16,(((21,(6,14)),26),27),(((1,(19,5)),2),(17,((((20,(4,(29,15))),((18,8),(((28,24),(11,(10,13))),(12,9)))),25),(3,(30,(22,(7,23))))))));

STEP 141 [Heur. uSPR M3 -> NNI_Substep_94] - Distance: 136.0000
(16,((21,((6,14),26)),27),(((1,(19,5)),2),(17,((((20,(4,(29,15))),((18,8),(((28,24),(11,(10,13))),(12,9)))),25),(3,(30,(22,(7,23))))))));

STEP 142 [Heur. uSPR M3 -> NNI_Substep_95] - Distance: 110.0000
(16,((21,((6,26),14)),27),(((1,(19,5)),2),(17,((((20,(4,(29,15))),((18,8),(((28,24),(11,(10,13))),(12,9)))),25),(3,(30,(22,(7,23))))))));

STEP 143 [Heur. uSPR M3 -> NNI_Substep_96] - Distance: 56.0000
(16,(((21,14),(6,26)),27),(((1,(19,5)),2),(17,((((20,(4,(29,15))),((18,8),(((28,24),(11,(10,13))),(12,9)))),25),(3,(30,(22,(7,23))))))));

STEP 144 [Heur. uSPR M3 -> NNI_Substep_97] - Distance: 28.0000
(16,(((21,14),(6,26)),27),(((1,(19,5)),2),(17,(((((20,(29,15)),4),((18,8),(((28,24),(11,(10,13))),(12,9)))),25),(3,(30,(22,(7,23))))))));

STEP 145 [Heur. uSPR M3 -> NNI_Substep_98] - Distance: 0.0000
(16,(((21,14),(6,26)),27),(((1,(19,5)),2),(17,(((((20,(29,15)),4),((18,8),(((28,24),((11,13),10)),(12,9)))),25),(3,(30,(22,(7,23))))))));

========================================================
[FINAL] Total Steps: 145 | Final Distance: 0.0000
========================================================
