========================================================
HEURISTIC TRAJECTORY: VND Classic (MS_RF)
========================================================
STEP 0 [START] - Distance: 128.0000
((((4,28),(7,19)),(6,23)),(2,(5,20)),(((13,(8,12)),(((22,9),(17,21)),(30,(16,11)))),((14,((10,1),(15,(24,(25,29))))),(27,(26,(18,3))))));

STEP 1 [NNI_ClassicHeuristic_MS_RF -> NNI_Substep_1] - Distance: 125.0000
((((4,28),(7,19)),(6,23)),(2,(5,20)),(((13,(8,12)),(((22,9),(17,21)),(30,(16,11)))),(((15,(24,(25,29))),((10,1),14)),(27,(26,(18,3))))));

STEP 2 [NNI_ClassicHeuristic_MS_RF -> NNI_Substep_2] - Distance: 122.0000
((((15,(24,(25,29))),((10,1),14)),(27,(26,(18,3)))),(2,(5,20)),(((13,(8,12)),(((22,9),(17,21)),(30,(16,11)))),(((4,28),(7,19)),(6,23))));

STEP 3 [NNI_ClassicHeuristic_MS_RF -> NNI_Substep_3] - Distance: 118.0000
(((2,(5,20)),(27,(26,(18,3)))),((15,(24,(25,29))),((10,1),14)),(((13,(8,12)),(((22,9),(17,21)),(30,(16,11)))),(((4,28),(7,19)),(6,23))));

STEP 4 [NNI_ClassicHeuristic_MS_RF -> NNI_Substep_4] - Distance: 116.0000
((27,((2,(5,20)),(26,(18,3)))),((15,(24,(25,29))),((10,1),14)),(((13,(8,12)),(((22,9),(17,21)),(30,(16,11)))),(((4,28),(7,19)),(6,23))));

STEP 5 [NNI_ClassicHeuristic_MS_RF -> NNI_Substep_5] - Distance: 114.0000
((27,((2,(5,20)),(26,(18,3)))),((24,(15,(25,29))),((10,1),14)),(((13,(8,12)),(((22,9),(17,21)),(30,(16,11)))),(((4,28),(7,19)),(6,23))));

STEP 6 [NNI_ClassicHeuristic_MS_RF -> NNI_Substep_6] - Distance: 112.0000
((27,((2,(5,20)),(26,(18,3)))),((24,(15,(25,29))),((10,1),14)),(((30,(16,11)),(((22,9),(17,21)),(13,(8,12)))),(((4,28),(7,19)),(6,23))));

STEP 7 [NNI_ClassicHeuristic_MS_RF -> NNI_Substep_7] - Distance: 111.0000
((27,((2,(26,(18,3))),(5,20))),((24,(15,(25,29))),((10,1),14)),(((30,(16,11)),(((22,9),(17,21)),(13,(8,12)))),(((4,28),(7,19)),(6,23))));

STEP 8 [NNI_ClassicHeuristic_MS_RF -> NNI_Substep_8] - Distance: 108.0000
((27,(((18,3),(26,2)),(5,20))),((24,(15,(25,29))),((10,1),14)),(((30,(16,11)),(((22,9),(17,21)),(13,(8,12)))),(((4,28),(7,19)),(6,23))));

STEP 9 [NNI_ClassicHeuristic_MS_RF -> NNI_Substep_9] - Distance: 107.0000
((27,(((18,3),(26,2)),(5,20))),((24,(15,(25,29))),((10,1),14)),(((30,(16,11)),(((22,9),(13,(8,12))),(17,21))),(((4,28),(7,19)),(6,23))));

STEP 10 [NNI_ClassicHeuristic_MS_RF -> NNI_Substep_10] - Distance: 106.0000
((27,(((18,3),(26,2)),(5,20))),((24,(15,(25,29))),((10,1),14)),(((30,(16,11)),((13,((22,9),(8,12))),(17,21))),(((4,28),(7,19)),(6,23))));

STEP 11 [NNI_ClassicHeuristic_MS_RF -> NNI_Substep_11] - Distance: 105.0000
((27,(((18,3),(26,2)),(5,20))),((24,(15,(25,29))),((10,1),14)),(((30,(16,11)),((13,((22,9),(8,12))),(17,21))),((((7,19),28),4),(6,23))));

STEP 12 [NNI_ClassicHeuristic_MS_RF -> NNI_Substep_12] - Distance: 104.0000
((27,(((18,3),(26,2)),(5,20))),((24,(15,(25,29))),((10,1),14)),(((30,(16,11)),((((7,19),28),4),(6,23))),((13,((22,9),(8,12))),(17,21))));

STEP 13 [NNI_ClassicHeuristic_MS_RF -> NNI_Substep_13] - Distance: 103.0000
((27,(((18,3),(26,2)),(5,20))),((24,(15,(25,29))),((10,1),14)),(((6,23),((((7,19),28),4),(30,(16,11)))),((13,((22,9),(8,12))),(17,21))));

STEP 14 [uTBR_ClassicHeuristic_MS_RF -> NNI_Substep_1] - Distance: 103.0000
((27,(((18,3),(26,2)),(5,20))),((24,(15,(25,29))),((10,1),14)),(((6,23),((((7,28),19),4),(30,(16,11)))),((13,((22,9),(8,12))),(17,21))));

STEP 15 [uTBR_ClassicHeuristic_MS_RF -> NNI_Substep_2] - Distance: 103.0000
((27,(((18,3),(26,2)),(5,20))),((24,(15,(25,29))),((10,1),14)),(((6,23),((((7,28),4),19),(30,(16,11)))),((13,((22,9),(8,12))),(17,21))));

STEP 16 [uTBR_ClassicHeuristic_MS_RF -> NNI_Substep_3] - Distance: 103.0000
((27,(((18,3),(26,2)),(5,20))),((24,(15,(25,29))),((10,1),14)),(((6,23),((((7,28),4),(30,(16,11))),19)),((13,((22,9),(8,12))),(17,21))));

STEP 17 [uTBR_ClassicHeuristic_MS_RF -> NNI_Substep_4] - Distance: 104.0000
((27,(((18,3),(26,2)),(5,20))),((24,(15,(25,29))),((10,1),14)),((((6,23),(((7,28),4),(30,(16,11)))),19),((13,((22,9),(8,12))),(17,21))));

STEP 18 [uTBR_ClassicHeuristic_MS_RF -> NNI_Substep_5] - Distance: 106.0000
((27,(((18,3),(26,2)),(5,20))),((24,(15,(25,29))),((10,1),14)),((((6,23),(((7,28),4),(30,(16,11)))),((13,((22,9),(8,12))),(17,21))),19));

STEP 19 [uTBR_ClassicHeuristic_MS_RF -> NNI_Substep_6] - Distance: 104.0000
((27,(((18,3),(26,2)),(5,20))),(((24,(15,(25,29))),((10,1),14)),19),(((6,23),(((7,28),4),(30,(16,11)))),((13,((22,9),(8,12))),(17,21))));

STEP 20 [uTBR_ClassicHeuristic_MS_RF -> NNI_Substep_7] - Distance: 102.0000
((27,(((18,3),(26,2)),(5,20))),(((24,(15,(25,29))),19),((10,1),14)),(((6,23),(((7,28),4),(30,(16,11)))),((13,((22,9),(8,12))),(17,21))));

STEP 21 [uTBR_ClassicHeuristic_MS_RF -> NNI_Substep_8] - Distance: 100.0000
((27,(((18,3),(26,2)),(5,20))),((24,((15,(25,29)),19)),((10,1),14)),(((6,23),(((7,28),4),(30,(16,11)))),((13,((22,9),(8,12))),(17,21))));

STEP 22 [uTBR_ClassicHeuristic_MS_RF -> NNI_Substep_9] - Distance: 97.0000
((27,(((18,3),(26,2)),(5,20))),((24,((15,19),(25,29))),((10,1),14)),(((6,23),(((7,28),4),(30,(16,11)))),((13,((22,9),(8,12))),(17,21))));

STEP 23 [uTBR_ClassicHeuristic_MS_RF -> NNI_Substep_10] - Distance: 98.0000
((27,(((18,(26,2)),3),(5,20))),((24,((15,19),(25,29))),((10,1),14)),(((6,23),(((7,28),4),(30,(16,11)))),((13,((22,9),(8,12))),(17,21))));

STEP 24 [uTBR_ClassicHeuristic_MS_RF -> NNI_Substep_11] - Distance: 99.0000
((27,(((18,(26,2)),(5,20)),3)),((24,((15,19),(25,29))),((10,1),14)),(((6,23),(((7,28),4),(30,(16,11)))),((13,((22,9),(8,12))),(17,21))));

STEP 25 [uTBR_ClassicHeuristic_MS_RF -> NNI_Substep_12] - Distance: 99.0000
(((27,((18,(26,2)),(5,20))),3),((24,((15,19),(25,29))),((10,1),14)),(((6,23),(((7,28),4),(30,(16,11)))),((13,((22,9),(8,12))),(17,21))));

STEP 26 [uTBR_ClassicHeuristic_MS_RF -> NNI_Substep_13] - Distance: 97.0000
((27,((18,(26,2)),(5,20))),(((24,((15,19),(25,29))),((10,1),14)),3),(((6,23),(((7,28),4),(30,(16,11)))),((13,((22,9),(8,12))),(17,21))));

STEP 27 [uTBR_ClassicHeuristic_MS_RF -> NNI_Substep_14] - Distance: 93.0000
((27,((18,(26,2)),(5,20))),(((24,((15,19),(25,29))),3),((10,1),14)),(((6,23),(((7,28),4),(30,(16,11)))),((13,((22,9),(8,12))),(17,21))));

STEP 28 [uTBR_ClassicHeuristic_MS_RF -> NNI_Substep_15] - Distance: 91.0000
((27,((18,(26,2)),(5,20))),((24,(((15,19),(25,29)),3)),((10,1),14)),(((6,23),(((7,28),4),(30,(16,11)))),((13,((22,9),(8,12))),(17,21))));

STEP 29 [uTBR_ClassicHeuristic_MS_RF -> NNI_Substep_16] - Distance: 88.0000
((27,((18,(26,2)),(5,20))),((24,(((15,19),3),(25,29))),((10,1),14)),(((6,23),(((7,28),4),(30,(16,11)))),((13,((22,9),(8,12))),(17,21))));

STEP 30 [uTBR_ClassicHeuristic_MS_RF -> NNI_Substep_17] - Distance: 91.0000
((27,((18,(26,2)),(5,20))),((24,(((15,19),3),(25,29))),((10,1),14)),(((23,(((7,28),4),(30,(16,11)))),6),((13,((22,9),(8,12))),(17,21))));

STEP 31 [uTBR_ClassicHeuristic_MS_RF -> NNI_Substep_18] - Distance: 93.0000
((27,((18,(26,2)),(5,20))),((24,(((15,19),3),(25,29))),((10,1),14)),(((23,(((7,28),4),(30,(16,11)))),((13,((22,9),(8,12))),(17,21))),6));

STEP 32 [uTBR_ClassicHeuristic_MS_RF -> NNI_Substep_19] - Distance: 87.0000
((27,((18,(26,2)),(5,20))),((24,(((15,19),3),(25,29))),((10,1),14)),((23,(((7,28),4),(30,(16,11)))),(((13,((22,9),(8,12))),(17,21)),6)));

STEP 33 [uTBR_ClassicHeuristic_MS_RF -> NNI_Substep_20] - Distance: 86.0000
((27,((18,(26,2)),(5,20))),((24,(((15,19),3),(25,29))),((10,1),14)),((23,(((7,28),4),(30,(16,11)))),(((13,((22,9),(8,12))),6),(17,21))));

STEP 34 [uTBR_ClassicHeuristic_MS_RF -> NNI_Substep_21] - Distance: 84.0000
((27,((18,(26,2)),(5,20))),((24,(((15,19),3),(25,29))),((10,1),14)),((23,(((7,28),4),(30,(16,11)))),((13,(((22,9),(8,12)),6)),(17,21))));

STEP 35 [uTBR_ClassicHeuristic_MS_RF -> NNI_Substep_22] - Distance: 83.0000
((27,((18,(26,2)),(5,20))),((24,(((15,19),3),(25,29))),((10,1),14)),((23,(((7,28),4),(30,(16,11)))),((13,((22,9),((8,12),6))),(17,21))));

STEP 36 [uTBR_ClassicHeuristic_MS_RF -> NNI_Substep_23] - Distance: 81.0000
((27,((18,(26,2)),(5,20))),((24,(((15,19),3),(25,29))),((10,1),14)),((23,(((7,28),4),(30,(16,11)))),((13,((22,9),((8,6),12))),(17,21))));

STEP 37 [uTBR_ClassicHeuristic_MS_RF -> NNI_Substep_24] - Distance: 83.0000
((27,(((18,(26,2)),5),20)),((24,(((15,19),3),(25,29))),((10,1),14)),((23,(((7,28),4),(30,(16,11)))),((13,((22,9),((8,6),12))),(17,21))));

STEP 38 [uTBR_ClassicHeuristic_MS_RF -> NNI_Substep_25] - Distance: 83.0000
(((27,((18,(26,2)),5)),20),((24,(((15,19),3),(25,29))),((10,1),14)),((23,(((7,28),4),(30,(16,11)))),((13,((22,9),((8,6),12))),(17,21))));

STEP 39 [uTBR_ClassicHeuristic_MS_RF -> NNI_Substep_26] - Distance: 87.0000
((27,((18,(26,2)),5)),((24,(((15,19),3),(25,29))),((10,1),14)),(((23,(((7,28),4),(30,(16,11)))),((13,((22,9),((8,6),12))),(17,21))),20));

STEP 40 [uTBR_ClassicHeuristic_MS_RF -> NNI_Substep_27] - Distance: 81.0000
((27,((18,(26,2)),5)),((24,(((15,19),3),(25,29))),((10,1),14)),((23,(((7,28),4),(30,(16,11)))),(((13,((22,9),((8,6),12))),(17,21)),20)));

STEP 41 [uTBR_ClassicHeuristic_MS_RF -> NNI_Substep_28] - Distance: 80.0000
((27,((18,(26,2)),5)),((24,(((15,19),3),(25,29))),((10,1),14)),((23,(((7,28),4),(30,(16,11)))),(((13,((22,9),((8,6),12))),20),(17,21))));

STEP 42 [uTBR_ClassicHeuristic_MS_RF -> NNI_Substep_29] - Distance: 78.0000
((27,((18,(26,2)),5)),((24,(((15,19),3),(25,29))),((10,1),14)),((23,(((7,28),4),(30,(16,11)))),((13,(((22,9),((8,6),12)),20)),(17,21))));

STEP 43 [uTBR_ClassicHeuristic_MS_RF -> NNI_Substep_30] - Distance: 76.0000
((27,((18,(26,2)),5)),((24,(((15,19),3),(25,29))),((10,1),14)),((23,(((7,28),4),(30,(16,11)))),((13,(((22,9),20),((8,6),12))),(17,21))));

STEP 44 [uTBR_ClassicHeuristic_MS_RF -> NNI_Substep_31] - Distance: 74.0000
((27,((18,(26,2)),5)),((24,(((15,19),3),(25,29))),((10,1),14)),((23,(((7,28),4),(30,(16,11)))),((13,(((22,20),9),((8,6),12))),(17,21))));

STEP 45 [uTBR_ClassicHeuristic_MS_RF -> NNI_Substep_32] - Distance: 76.0000
((27,((18,(26,2)),5)),(((((15,19),3),(25,29)),((10,1),14)),24),((23,(((7,28),4),(30,(16,11)))),((13,(((22,20),9),((8,6),12))),(17,21))));

STEP 46 [uTBR_ClassicHeuristic_MS_RF -> NNI_Substep_33] - Distance: 80.0000
((27,((18,(26,2)),5)),((((15,19),3),(25,29)),((10,1),14)),(((23,(((7,28),4),(30,(16,11)))),((13,(((22,20),9),((8,6),12))),(17,21))),24));

STEP 47 [uTBR_ClassicHeuristic_MS_RF -> NNI_Substep_34] - Distance: 76.0000
((27,((18,(26,2)),5)),((((15,19),3),(25,29)),((10,1),14)),((23,(((7,28),4),(30,(16,11)))),(((13,(((22,20),9),((8,6),12))),(17,21)),24)));

STEP 48 [uTBR_ClassicHeuristic_MS_RF -> NNI_Substep_35] - Distance: 75.0000
((27,((18,(26,2)),5)),((((15,19),3),(25,29)),((10,1),14)),((23,(((7,28),4),(30,(16,11)))),(((13,(((22,20),9),((8,6),12))),24),(17,21))));

STEP 49 [uTBR_ClassicHeuristic_MS_RF -> NNI_Substep_36] - Distance: 73.0000
((27,((18,(26,2)),5)),((((15,19),3),(25,29)),((10,1),14)),((23,(((7,28),4),(30,(16,11)))),((13,((((22,20),9),((8,6),12)),24)),(17,21))));

STEP 50 [uTBR_ClassicHeuristic_MS_RF -> NNI_Substep_37] - Distance: 71.0000
((27,((18,(26,2)),5)),((((15,19),3),(25,29)),((10,1),14)),((23,(((7,28),4),(30,(16,11)))),((13,((((22,20),9),24),((8,6),12))),(17,21))));

STEP 51 [uTBR_ClassicHeuristic_MS_RF -> NNI_Substep_38] - Distance: 69.0000
((27,((18,(26,2)),5)),((((15,19),3),(25,29)),((10,1),14)),((23,(((7,28),4),(30,(16,11)))),((13,((((22,20),24),9),((8,6),12))),(17,21))));

STEP 52 [uTBR_ClassicHeuristic_MS_RF -> NNI_Substep_39] - Distance: 67.0000
((27,((18,(26,2)),5)),((((15,19),3),(25,29)),((10,1),14)),((23,(((7,28),4),(30,(16,11)))),((13,((((22,24),20),9),((8,6),12))),(17,21))));

STEP 53 [uTBR_ClassicHeuristic_MS_RF -> NNI_Substep_40] - Distance: 67.0000
((27,((18,(26,2)),5)),((((15,19),3),(25,29)),((10,14),1)),((23,(((7,28),4),(30,(16,11)))),((13,((((22,24),20),9),((8,6),12))),(17,21))));

STEP 54 [uTBR_ClassicHeuristic_MS_RF -> NNI_Substep_41] - Distance: 65.0000
((27,((18,(26,2)),5)),(((((15,19),3),(25,29)),(10,14)),1),((23,(((7,28),4),(30,(16,11)))),((13,((((22,24),20),9),((8,6),12))),(17,21))));

STEP 55 [uTBR_ClassicHeuristic_MS_RF -> NNI_Substep_42] - Distance: 67.0000
(((27,((18,(26,2)),5)),1),((((15,19),3),(25,29)),(10,14)),((23,(((7,28),4),(30,(16,11)))),((13,((((22,24),20),9),((8,6),12))),(17,21))));

STEP 56 [uTBR_ClassicHeuristic_MS_RF -> NNI_Substep_43] - Distance: 65.0000
((27,(((18,(26,2)),5),1)),((((15,19),3),(25,29)),(10,14)),((23,(((7,28),4),(30,(16,11)))),((13,((((22,24),20),9),((8,6),12))),(17,21))));

STEP 57 [uTBR_ClassicHeuristic_MS_RF -> NNI_Substep_44] - Distance: 65.0000
((27,(((18,(26,2)),5),1)),((((15,19),3),(25,29)),(10,14)),((23,(((7,28),4),(30,(16,11)))),((13,((((22,24),20),((8,6),12)),9)),(17,21))));

STEP 58 [uTBR_ClassicHeuristic_MS_RF -> NNI_Substep_45] - Distance: 65.0000
((27,(((18,(26,2)),5),1)),((((15,19),3),(25,29)),(10,14)),((23,(((7,28),4),(30,(16,11)))),(((13,(((22,24),20),((8,6),12))),9),(17,21))));

STEP 59 [uTBR_ClassicHeuristic_MS_RF -> NNI_Substep_46] - Distance: 64.0000
((27,(((18,(26,2)),5),1)),((((15,19),3),(25,29)),(10,14)),((23,(((7,28),4),(30,(16,11)))),(((13,(((22,24),20),((8,6),12))),(17,21)),9)));

STEP 60 [uTBR_ClassicHeuristic_MS_RF -> NNI_Substep_47] - Distance: 70.0000
((27,(((18,(26,2)),5),1)),((((15,19),3),(25,29)),(10,14)),(((23,(((7,28),4),(30,(16,11)))),((13,(((22,24),20),((8,6),12))),(17,21))),9));

STEP 61 [uTBR_ClassicHeuristic_MS_RF -> NNI_Substep_48] - Distance: 63.0000
((27,(((18,(26,2)),5),1)),(((((15,19),3),(25,29)),(10,14)),9),((23,(((7,28),4),(30,(16,11)))),((13,(((22,24),20),((8,6),12))),(17,21))));

STEP 62 [uTBR_ClassicHeuristic_MS_RF -> NNI_Substep_49] - Distance: 60.0000
((27,(((18,(26,2)),5),1)),(((((15,19),3),(25,29)),9),(10,14)),((23,(((7,28),4),(30,(16,11)))),((13,(((22,24),20),((8,6),12))),(17,21))));

STEP 63 [uTBR_ClassicHeuristic_MS_RF -> NNI_Substep_50] - Distance: 57.0000
((27,(((18,(26,2)),5),1)),(((((15,19),3),9),(25,29)),(10,14)),((23,(((7,28),4),(30,(16,11)))),((13,(((22,24),20),((8,6),12))),(17,21))));

STEP 64 [uTBR_ClassicHeuristic_MS_RF -> NNI_Substep_51] - Distance: 56.0000
((27,(((18,(26,2)),5),1)),(((((15,19),3),9),(25,29)),(10,14)),((23,(((7,28),4),(30,(16,11)))),((13,((8,6),(12,((22,24),20)))),(17,21))));

STEP 65 [uTBR_ClassicHeuristic_MS_RF -> NNI_Substep_52] - Distance: 56.0000
((27,(((18,(26,2)),5),1)),(((((15,19),3),9),(25,29)),(10,14)),((23,(((7,28),4),(30,(16,11)))),((13,(17,21)),((8,6),(12,((22,24),20))))));

STEP 66 [uTBR_ClassicHeuristic_MS_RF -> NNI_Substep_53] - Distance: 61.0000
((27,(((18,(26,2)),5),1)),(((((15,19),3),9),(25,29)),(10,14)),(((23,(((7,28),4),(30,(16,11)))),(13,(17,21))),((8,6),(12,((22,24),20)))));

STEP 67 [uTBR_ClassicHeuristic_MS_RF -> NNI_Substep_54] - Distance: 57.0000
(((27,(((18,(26,2)),5),1)),((8,6),(12,((22,24),20)))),(((((15,19),3),9),(25,29)),(10,14)),((23,(((7,28),4),(30,(16,11)))),(13,(17,21))));

STEP 68 [uTBR_ClassicHeuristic_MS_RF -> NNI_Substep_55] - Distance: 48.0000
(((27,((8,6),(12,((22,24),20)))),(((18,(26,2)),5),1)),(((((15,19),3),9),(25,29)),(10,14)),((23,(((7,28),4),(30,(16,11)))),(13,(17,21))));

STEP 69 [uTBR_ClassicHeuristic_MS_RF -> NNI_Substep_56] - Distance: 49.0000
(((((18,(26,2)),5),1),((12,((22,24),20)),((8,6),27))),(((((15,19),3),9),(25,29)),(10,14)),((23,(((7,28),4),(30,(16,11)))),(13,(17,21))));

STEP 70 [uTBR_ClassicHeuristic_MS_RF -> NNI_Substep_57] - Distance: 52.0000
((((18,(26,2)),5),1),(((((15,19),3),9),(25,29)),(10,14)),(((23,(((7,28),4),(30,(16,11)))),(13,(17,21))),((12,((22,24),20)),((8,6),27))));

STEP 71 [uTBR_ClassicHeuristic_MS_RF -> NNI_Substep_58] - Distance: 48.0000
((((18,(26,2)),5),1),(((((15,19),3),9),(25,29)),(10,14)),((23,(((7,28),4),(30,(16,11)))),((13,(17,21)),((12,((22,24),20)),((8,6),27)))));

STEP 72 [uTBR_ClassicHeuristic_MS_RF -> NNI_Substep_59] - Distance: 46.0000
((((18,(26,2)),5),1),(((((15,19),3),9),(25,29)),(10,14)),((23,(((7,28),4),(30,(16,11)))),(13,((17,21),((12,((22,24),20)),((8,6),27))))));

STEP 73 [uTBR_ClassicHeuristic_MS_RF -> NNI_Substep_60] - Distance: 46.0000
((((18,(26,2)),5),1),(((((15,19),3),9),(25,29)),(10,14)),((23,(((7,28),4),(30,(16,11)))),(13,((17,((12,((22,24),20)),((8,6),27))),21))));

STEP 74 [uTBR_ClassicHeuristic_MS_RF -> NNI_Substep_61] - Distance: 43.0000
((((18,(26,2)),5),1),(((((15,19),3),9),(25,29)),(10,14)),((23,(((7,28),4),(30,(16,11)))),((13,21),(17,((12,((22,24),20)),((8,6),27))))));

STEP 75 [uTBR_ClassicHeuristic_MS_RF -> NNI_Substep_62] - Distance: 42.0000
((((18,(26,2)),5),1),(((((15,19),3),9),(25,29)),(10,14)),(((23,(((7,28),4),(30,(16,11)))),(13,21)),(17,((12,((22,24),20)),((8,6),27)))));

STEP 76 [uTBR_ClassicHeuristic_MS_RF -> NNI_Substep_63] - Distance: 37.0000
((((18,(26,2)),5),1),((((((15,19),3),9),(25,29)),(10,14)),(17,((12,((22,24),20)),((8,6),27)))),((23,(((7,28),4),(30,(16,11)))),(13,21)));

STEP 77 [uTBR_ClassicHeuristic_MS_RF -> NNI_Substep_64] - Distance: 39.0000
((((18,(26,2)),5),1),(((((15,19),3),9),(25,29)),((10,14),(17,((12,((22,24),20)),((8,6),27))))),((23,(((7,28),4),(30,(16,11)))),(13,21)));

STEP 78 [uTBR_ClassicHeuristic_MS_RF -> NNI_Substep_65] - Distance: 34.0000
((((18,(26,2)),5),1),(((10,14),(17,((12,((22,24),20)),((8,6),27)))),(25,(29,(((15,19),3),9)))),((23,(((7,28),4),(30,(16,11)))),(13,21)));

STEP 79 [uTBR_ClassicHeuristic_MS_RF -> NNI_Substep_66] - Distance: 23.0000
((((18,(26,2)),5),1),((10,14),(17,((12,((22,24),20)),((8,6),27)))),(((23,(((7,28),4),(30,(16,11)))),(13,21)),(25,(29,(((15,19),3),9)))));

STEP 80 [uTBR_ClassicHeuristic_MS_RF -> NNI_Substep_67] - Distance: 25.0000
((((18,(26,2)),5),1),((10,14),(17,((12,((22,24),20)),((8,6),27)))),(((23,(((7,28),(30,(16,11))),4)),(13,21)),(25,(29,(((15,19),3),9)))));

STEP 81 [uTBR_ClassicHeuristic_MS_RF -> NNI_Substep_68] - Distance: 25.0000
((((18,(26,2)),5),1),((10,14),(17,((12,((22,24),20)),((8,6),27)))),((((23,((7,28),(30,(16,11)))),4),(13,21)),(25,(29,(((15,19),3),9)))));

STEP 82 [uTBR_ClassicHeuristic_MS_RF -> NNI_Substep_69] - Distance: 22.0000
((((18,(26,2)),5),1),((10,14),(17,((12,((22,24),20)),((8,6),27)))),((((23,((7,28),(30,(16,11)))),(13,21)),4),(25,(29,(((15,19),3),9)))));

STEP 83 [uTBR_ClassicHeuristic_MS_RF -> NNI_Substep_70] - Distance: 27.0000
((((18,(26,2)),5),1),((10,14),(17,((12,((22,24),20)),((8,6),27)))),((((23,((7,28),(30,(16,11)))),(13,21)),(25,(29,(((15,19),3),9)))),4));

STEP 84 [uTBR_ClassicHeuristic_MS_RF -> NNI_Substep_71] - Distance: 22.0000
((((18,(26,2)),5),1),((10,14),(17,((12,((22,24),20)),((8,6),27)))),(((23,((7,28),(30,(16,11)))),(13,21)),((25,(29,(((15,19),3),9))),4)));

STEP 85 [uTBR_ClassicHeuristic_MS_RF -> NNI_Substep_72] - Distance: 20.0000
((((18,(26,2)),5),1),((10,14),(17,((12,((22,24),20)),((8,6),27)))),(((23,((7,28),(30,(16,11)))),(13,21)),(25,((29,(((15,19),3),9)),4))));

STEP 86 [uTBR_ClassicHeuristic_MS_RF -> NNI_Substep_73] - Distance: 15.0000
((((18,(26,2)),5),1),((10,14),(17,((12,((22,24),20)),((8,6),27)))),(((23,((7,28),(30,(16,11)))),(13,21)),(25,((29,4),(((15,19),3),9)))));

STEP 87 [uTBR_ClassicHeuristic_MS_RF -> NNI_Substep_74] - Distance: 15.0000
((((18,(26,2)),5),1),((10,14),(17,((12,((22,24),20)),((8,6),27)))),(((23,(((7,28),30),(16,11))),(13,21)),(25,((29,4),(((15,19),3),9)))));

STEP 88 [uTBR_ClassicHeuristic_MS_RF -> NNI_Substep_75] - Distance: 14.0000
((((18,(26,2)),5),1),((10,14),(17,((12,((22,24),20)),((8,6),27)))),((((23,((7,28),30)),(16,11)),(13,21)),(25,((29,4),(((15,19),3),9)))));

STEP 89 [uTBR_ClassicHeuristic_MS_RF -> NNI_Substep_76] - Distance: 12.0000
((((18,(26,2)),5),1),((10,14),(17,((12,((22,24),20)),((8,6),27)))),((((23,((7,28),30)),(13,21)),(16,11)),(25,((29,4),(((15,19),3),9)))));

STEP 90 [uTBR_ClassicHeuristic_MS_RF -> NNI_Substep_77] - Distance: 17.0000
((((18,(26,2)),5),1),((10,14),(17,((12,((22,24),20)),((8,6),27)))),((((23,((7,28),30)),(13,21)),(25,((29,4),(((15,19),3),9)))),(16,11)));

STEP 91 [uTBR_ClassicHeuristic_MS_RF -> NNI_Substep_78] - Distance: 13.0000
((((18,(26,2)),5),1),((10,14),(17,((12,((22,24),20)),((8,6),27)))),(((23,((7,28),30)),(13,21)),((25,((29,4),(((15,19),3),9))),(16,11))));

STEP 92 [uTBR_ClassicHeuristic_MS_RF -> NNI_Substep_79] - Distance: 5.0000
((((18,(26,2)),5),1),((10,14),(17,((12,((22,24),20)),((8,6),27)))),(((23,((7,28),30)),(13,21)),((25,(16,11)),((29,4),(((15,19),3),9)))));

STEP 93 [uTBR_ClassicHeuristic_MS_RF -> NNI_Substep_80] - Distance: 8.0000
((((18,(26,2)),5),1),((10,14),(17,((12,((22,24),20)),((8,6),27)))),(((23,(13,21)),((7,28),30)),((25,(16,11)),((29,4),(((15,19),3),9)))));

STEP 94 [uTBR_ClassicHeuristic_MS_RF -> NNI_Substep_81] - Distance: 4.0000
((((18,(26,2)),5),1),((10,14),(17,((12,((22,24),20)),((8,6),27)))),((((13,21),((7,28),30)),23),((25,(16,11)),((29,4),(((15,19),3),9)))));

STEP 95 [uTBR_ClassicHeuristic_MS_RF -> NNI_Substep_82] - Distance: 0.0000
((((18,(26,2)),5),1),((10,14),(17,((12,((22,24),20)),((8,6),27)))),((((21,((7,28),30)),13),23),((25,(16,11)),((29,4),(((15,19),3),9)))));

========================================================
[FINAL] Total Steps: 95 | Final Distance: 0.0000
========================================================
