========================================================
HEURISTIC TRAJECTORY: VND Incremental (MC)
========================================================
STEP 0 [START] - Distance: 153.0000
(((((26,(28,(10,7))),(25,13)),(6,(((18,17),(2,(9,4))),(29,1)))),(15,(12,19))),((20,(23,30)),(22,(14,(((3,(27,11)),(5,8)),(16,(24,21)))))));

STEP 1 [NNI_IncrementalHeuristic_MC -> NNI_Substep_1] - Distance: 148.0000
(((((26,(28,(10,7))),(25,13)),(15,(12,19))),(6,(((18,17),(2,(9,4))),(29,1)))),((20,(23,30)),(22,(14,(((3,(27,11)),(5,8)),(16,(24,21)))))));

STEP 2 [NNI_IncrementalHeuristic_MC -> NNI_Substep_2] - Distance: 143.0000
(((((26,(28,(10,7))),(25,13)),(15,(12,19))),(6,(((18,17),(2,(9,4))),(29,1)))),((20,(23,30)),((((3,(27,11)),(5,8)),(16,(24,21))),(14,22))));

STEP 3 [NNI_IncrementalHeuristic_MC -> NNI_Substep_3] - Distance: 139.0000
(((((26,(28,(10,7))),(25,13)),(15,(12,19))),(((18,17),(2,(9,4))),(6,(29,1)))),((20,(23,30)),((((3,(27,11)),(5,8)),(16,(24,21))),(14,22))));

STEP 4 [NNI_IncrementalHeuristic_MC -> NNI_Substep_4] - Distance: 136.0000
(((((26,(28,(10,7))),(25,13)),(15,(12,19))),(((18,17),(2,(9,4))),(6,(29,1)))),((((3,(27,11)),(5,8)),(16,(24,21))),((20,(23,30)),(14,22))));

STEP 5 [NNI_IncrementalHeuristic_MC -> NNI_Substep_5] - Distance: 134.0000
(((((26,(28,(10,7))),(25,13)),(15,(12,19))),(((18,17),(2,(9,4))),(6,(29,1)))),((((16,(24,21)),(5,8)),(3,(27,11))),((20,(23,30)),(14,22))));

STEP 6 [NNI_IncrementalHeuristic_MC -> NNI_Substep_6] - Distance: 133.0000
(((((15,(12,19)),(25,13)),(26,(28,(10,7)))),(((18,17),(2,(9,4))),(6,(29,1)))),((((16,(24,21)),(5,8)),(3,(27,11))),((20,(23,30)),(14,22))));

STEP 7 [NNI_IncrementalHeuristic_MC -> NNI_Substep_7] - Distance: 132.0000
(((((15,(12,19)),(25,13)),((10,7),(28,26))),(((18,17),(2,(9,4))),(6,(29,1)))),((((16,(24,21)),(5,8)),(3,(27,11))),((20,(23,30)),(14,22))));

STEP 8 [NNI_IncrementalHeuristic_MC -> NNI_Substep_8] - Distance: 131.0000
(((((15,(12,19)),(25,13)),((10,7),(28,26))),(((18,17),(2,(9,4))),(6,(29,1)))),(((((5,8),(24,21)),16),(3,(27,11))),((20,(23,30)),(14,22))));

STEP 9 [TBR_IncrementalHeuristic_MC -> NNI_Substep_1] - Distance: 132.0000
(((((15,(12,19)),(25,13)),((10,7),(28,26))),(((18,17),(2,(9,4))),(6,(29,1)))),((((((5,8),(24,21)),16),3),(27,11)),((20,(23,30)),(14,22))));

STEP 10 [TBR_IncrementalHeuristic_MC -> NNI_Substep_2] - Distance: 133.0000
(((((15,(12,19)),(25,13)),((10,7),(28,26))),(((18,17),(2,(9,4))),(6,(29,1)))),((((((5,8),(24,21)),16),3),((20,(23,30)),(14,22))),(27,11)));

STEP 11 [TBR_IncrementalHeuristic_MC -> NNI_Substep_3] - Distance: 127.0000
((((((15,(12,19)),(25,13)),((10,7),(28,26))),(27,11)),(((18,17),(2,(9,4))),(6,(29,1)))),(((((5,8),(24,21)),16),3),((20,(23,30)),(14,22))));

STEP 12 [TBR_IncrementalHeuristic_MC -> NNI_Substep_4] - Distance: 122.0000
(((((15,(12,19)),(25,13)),(((10,7),(28,26)),(27,11))),(((18,17),(2,(9,4))),(6,(29,1)))),(((((5,8),(24,21)),16),3),((20,(23,30)),(14,22))));

STEP 13 [TBR_IncrementalHeuristic_MC -> NNI_Substep_5] - Distance: 120.0000
(((((15,(12,19)),(25,13)),(((10,7),(27,11)),(28,26))),(((18,17),(2,(9,4))),(6,(29,1)))),(((((5,8),(24,21)),16),3),((20,(23,30)),(14,22))));

STEP 14 [TBR_IncrementalHeuristic_MC -> NNI_Substep_6] - Distance: 126.0000
((((((15,(12,19)),(25,13)),(((10,7),(27,11)),(28,26))),((18,17),(2,(9,4)))),(6,(29,1))),(((((5,8),(24,21)),16),3),((20,(23,30)),(14,22))));

STEP 15 [TBR_IncrementalHeuristic_MC -> NNI_Substep_7] - Distance: 115.0000
(((((15,(12,19)),(25,13)),(((10,7),(27,11)),(28,26))),((18,17),(2,(9,4)))),((((((5,8),(24,21)),16),3),(6,(29,1))),((20,(23,30)),(14,22))));

STEP 16 [TBR_IncrementalHeuristic_MC -> NNI_Substep_8] - Distance: 113.0000
(((((15,(12,19)),(25,13)),(((10,7),(27,11)),(28,26))),((18,17),(2,(9,4)))),((((((5,8),(24,21)),16),(6,(29,1))),3),((20,(23,30)),(14,22))));

STEP 17 [TBR_IncrementalHeuristic_MC -> NNI_Substep_9] - Distance: 115.0000
((((((15,(12,19)),25),13),(((10,7),(27,11)),(28,26))),((18,17),(2,(9,4)))),((((((5,8),(24,21)),16),(6,(29,1))),3),((20,(23,30)),(14,22))));

STEP 18 [TBR_IncrementalHeuristic_MC -> NNI_Substep_10] - Distance: 118.0000
((((((15,(12,19)),25),(((10,7),(27,11)),(28,26))),13),((18,17),(2,(9,4)))),((((((5,8),(24,21)),16),(6,(29,1))),3),((20,(23,30)),(14,22))));

STEP 19 [TBR_IncrementalHeuristic_MC -> NNI_Substep_11] - Distance: 118.0000
((((((15,(12,19)),25),(((10,7),(27,11)),(28,26))),((18,17),(2,(9,4)))),13),((((((5,8),(24,21)),16),(6,(29,1))),3),((20,(23,30)),(14,22))));

STEP 20 [TBR_IncrementalHeuristic_MC -> NNI_Substep_12] - Distance: 109.0000
(((((15,(12,19)),25),(((10,7),(27,11)),(28,26))),((18,17),(2,(9,4)))),(((((((5,8),(24,21)),16),(6,(29,1))),3),13),((20,(23,30)),(14,22))));

STEP 21 [TBR_IncrementalHeuristic_MC -> NNI_Substep_13] - Distance: 107.0000
(((((15,(12,19)),25),(((10,7),(27,11)),(28,26))),((18,17),(2,(9,4)))),(((((((5,8),(24,21)),16),(6,(29,1))),13),3),((20,(23,30)),(14,22))));

STEP 22 [TBR_IncrementalHeuristic_MC -> NNI_Substep_14] - Distance: 107.0000
(((((15,(12,19)),25),(((10,7),(27,11)),(28,26))),((18,17),(2,(9,4)))),((((((5,8),(24,21)),16),((6,(29,1)),13)),3),((20,(23,30)),(14,22))));

STEP 23 [TBR_IncrementalHeuristic_MC -> NNI_Substep_15] - Distance: 104.0000
(((((15,(12,19)),25),(((10,7),(27,11)),(28,26))),((18,17),(2,(9,4)))),((((((5,8),(24,21)),16),((6,13),(29,1))),3),((20,(23,30)),(14,22))));

STEP 24 [TBR_IncrementalHeuristic_MC -> NNI_Substep_16] - Distance: 104.0000
(((((15,(12,19)),25),(((10,7),(27,11)),(28,26))),((18,17),(2,(9,4)))),((((((5,8),(24,21)),16),((6,13),(29,1))),3),((20,(14,22)),(23,30))));

STEP 25 [TBR_IncrementalHeuristic_MC -> NNI_Substep_17] - Distance: 104.0000
(((((15,(12,19)),25),(((10,7),(27,11)),(28,26))),((18,17),(2,(9,4)))),(((((((5,8),(24,21)),16),((6,13),(29,1))),3),(20,(14,22))),(23,30)));

STEP 26 [TBR_IncrementalHeuristic_MC -> NNI_Substep_18] - Distance: 101.0000
((((((15,(12,19)),25),(((10,7),(27,11)),(28,26))),(23,30)),((18,17),(2,(9,4)))),((((((5,8),(24,21)),16),((6,13),(29,1))),3),(20,(14,22))));

STEP 27 [TBR_IncrementalHeuristic_MC -> NNI_Substep_19] - Distance: 97.0000
((((((15,(12,19)),25),(23,30)),(((10,7),(27,11)),(28,26))),((18,17),(2,(9,4)))),((((((5,8),(24,21)),16),((6,13),(29,1))),3),(20,(14,22))));

STEP 28 [TBR_IncrementalHeuristic_MC -> NNI_Substep_20] - Distance: 96.0000
(((((15,(12,19)),(25,(23,30))),(((10,7),(27,11)),(28,26))),((18,17),(2,(9,4)))),((((((5,8),(24,21)),16),((6,13),(29,1))),3),(20,(14,22))));

STEP 29 [TBR_IncrementalHeuristic_MC -> NNI_Substep_21] - Distance: 96.0000
((((((15,12),19),(25,(23,30))),(((10,7),(27,11)),(28,26))),((18,17),(2,(9,4)))),((((((5,8),(24,21)),16),((6,13),(29,1))),3),(20,(14,22))));

STEP 30 [TBR_IncrementalHeuristic_MC -> NNI_Substep_22] - Distance: 96.0000
((((((15,12),(25,(23,30))),19),(((10,7),(27,11)),(28,26))),((18,17),(2,(9,4)))),((((((5,8),(24,21)),16),((6,13),(29,1))),3),(20,(14,22))));

STEP 31 [TBR_IncrementalHeuristic_MC -> NNI_Substep_23] - Distance: 99.0000
((((((15,12),(25,(23,30))),(((10,7),(27,11)),(28,26))),19),((18,17),(2,(9,4)))),((((((5,8),(24,21)),16),((6,13),(29,1))),3),(20,(14,22))));

STEP 32 [TBR_IncrementalHeuristic_MC -> NNI_Substep_24] - Distance: 99.0000
((((((15,12),(25,(23,30))),(((10,7),(27,11)),(28,26))),((18,17),(2,(9,4)))),19),((((((5,8),(24,21)),16),((6,13),(29,1))),3),(20,(14,22))));

STEP 33 [TBR_IncrementalHeuristic_MC -> NNI_Substep_25] - Distance: 91.0000
(((((15,12),(25,(23,30))),(((10,7),(27,11)),(28,26))),((18,17),(2,(9,4)))),((((((5,8),(24,21)),16),((6,13),(29,1))),3),((20,(14,22)),19)));

STEP 34 [TBR_IncrementalHeuristic_MC -> NNI_Substep_26] - Distance: 88.0000
(((((15,12),(25,(23,30))),(((10,7),(27,11)),(28,26))),((18,17),(2,(9,4)))),((((((5,8),(24,21)),16),((6,13),(29,1))),3),((20,19),(14,22))));

STEP 35 [TBR_IncrementalHeuristic_MC -> NNI_Substep_27] - Distance: 89.0000
(((((15,12),(25,(23,30))),(((10,7),(27,11)),(28,26))),((18,17),(2,(9,4)))),(((((((5,8),21),24),16),((6,13),(29,1))),3),((20,19),(14,22))));

STEP 36 [TBR_IncrementalHeuristic_MC -> NNI_Substep_28] - Distance: 89.0000
(((((15,12),(25,(23,30))),(((10,7),(27,11)),(28,26))),((18,17),(2,(9,4)))),(((((((5,8),21),16),24),((6,13),(29,1))),3),((20,19),(14,22))));

STEP 37 [TBR_IncrementalHeuristic_MC -> NNI_Substep_29] - Distance: 86.0000
(((((15,12),(25,(23,30))),(((10,7),(27,11)),(28,26))),((18,17),(2,(9,4)))),(((((((5,8),21),16),((6,13),(29,1))),24),3),((20,19),(14,22))));

STEP 38 [TBR_IncrementalHeuristic_MC -> NNI_Substep_30] - Distance: 86.0000
(((((15,12),(25,(23,30))),(((10,7),(27,11)),(28,26))),((18,17),(2,(9,4)))),(((((((5,8),21),16),((6,13),(29,1))),3),24),((20,19),(14,22))));

STEP 39 [TBR_IncrementalHeuristic_MC -> NNI_Substep_31] - Distance: 87.0000
(((((15,12),(25,(23,30))),(((10,7),(27,11)),(28,26))),((18,17),(2,(9,4)))),(((((((5,8),21),16),((6,13),(29,1))),3),((20,19),(14,22))),24));

STEP 40 [TBR_IncrementalHeuristic_MC -> NNI_Substep_32] - Distance: 83.0000
(((((15,12),(25,(23,30))),(((10,7),(27,11)),(28,26))),((18,17),(2,(9,4)))),((((((5,8),21),16),((6,13),(29,1))),3),(((20,19),(14,22)),24)));

STEP 41 [TBR_IncrementalHeuristic_MC -> NNI_Substep_33] - Distance: 80.0000
(((((15,12),(25,(23,30))),(((10,7),(27,11)),(28,26))),((18,17),(2,(9,4)))),((((((5,8),21),16),((6,13),(29,1))),3),(((20,19),24),(14,22))));

STEP 42 [TBR_IncrementalHeuristic_MC -> NNI_Substep_34] - Distance: 83.0000
(((((15,12),(25,(23,30))),((((10,7),(27,11)),28),26)),((18,17),(2,(9,4)))),((((((5,8),21),16),((6,13),(29,1))),3),(((20,19),24),(14,22))));

STEP 43 [TBR_IncrementalHeuristic_MC -> NNI_Substep_35] - Distance: 81.0000
((((((15,12),(25,(23,30))),(((10,7),(27,11)),28)),26),((18,17),(2,(9,4)))),((((((5,8),21),16),((6,13),(29,1))),3),(((20,19),24),(14,22))));

STEP 44 [TBR_IncrementalHeuristic_MC -> NNI_Substep_36] - Distance: 81.0000
((((((15,12),(25,(23,30))),(((10,7),(27,11)),28)),((18,17),(2,(9,4)))),26),((((((5,8),21),16),((6,13),(29,1))),3),(((20,19),24),(14,22))));

STEP 45 [TBR_IncrementalHeuristic_MC -> NNI_Substep_37] - Distance: 74.0000
(((((15,12),(25,(23,30))),(((10,7),(27,11)),28)),((18,17),(2,(9,4)))),(((((((5,8),21),16),((6,13),(29,1))),3),26),(((20,19),24),(14,22))));

STEP 46 [TBR_IncrementalHeuristic_MC -> NNI_Substep_38] - Distance: 72.0000
(((((15,12),(25,(23,30))),(((10,7),(27,11)),28)),((18,17),(2,(9,4)))),(((((((5,8),21),16),((6,13),(29,1))),26),3),(((20,19),24),(14,22))));

STEP 47 [TBR_IncrementalHeuristic_MC -> NNI_Substep_39] - Distance: 74.0000
(((((15,12),(25,(23,30))),(((10,7),(27,11)),28)),((18,17),(2,(9,4)))),(((((((5,8),21),16),((6,13),(29,1))),26),3),((((20,19),24),22),14)));

STEP 48 [TBR_IncrementalHeuristic_MC -> NNI_Substep_40] - Distance: 79.0000
(((((15,12),(25,(23,30))),(((10,7),(27,11)),28)),((18,17),(2,(9,4)))),((((((((5,8),21),16),((6,13),(29,1))),26),3),(((20,19),24),22)),14));

STEP 49 [TBR_IncrementalHeuristic_MC -> NNI_Substep_41] - Distance: 70.0000
((((((15,12),(25,(23,30))),(((10,7),(27,11)),28)),14),((18,17),(2,(9,4)))),(((((((5,8),21),16),((6,13),(29,1))),26),3),(((20,19),24),22)));

STEP 50 [TBR_IncrementalHeuristic_MC -> NNI_Substep_42] - Distance: 66.0000
((((((15,12),(25,(23,30))),14),(((10,7),(27,11)),28)),((18,17),(2,(9,4)))),(((((((5,8),21),16),((6,13),(29,1))),26),3),(((20,19),24),22)));

STEP 51 [TBR_IncrementalHeuristic_MC -> NNI_Substep_43] - Distance: 66.0000
((((((15,12),14),(25,(23,30))),(((10,7),(27,11)),28)),((18,17),(2,(9,4)))),(((((((5,8),21),16),((6,13),(29,1))),26),3),(((20,19),24),22)));

STEP 52 [TBR_IncrementalHeuristic_MC -> NNI_Substep_44] - Distance: 64.0000
((((((15,14),12),(25,(23,30))),(((10,7),(27,11)),28)),((18,17),(2,(9,4)))),(((((((5,8),21),16),((6,13),(29,1))),26),3),(((20,19),24),22)));

STEP 53 [TBR_IncrementalHeuristic_MC -> NNI_Substep_45] - Distance: 66.0000
((((((15,14),12),(25,(23,30))),(((10,7),(27,11)),28)),((17,(2,(9,4))),18)),(((((((5,8),21),16),((6,13),(29,1))),26),3),(((20,19),24),22)));

STEP 54 [TBR_IncrementalHeuristic_MC -> NNI_Substep_46] - Distance: 68.0000
(((((((15,14),12),(25,(23,30))),(((10,7),(27,11)),28)),(17,(2,(9,4)))),18),(((((((5,8),21),16),((6,13),(29,1))),26),3),(((20,19),24),22)));

STEP 55 [TBR_IncrementalHeuristic_MC -> NNI_Substep_47] - Distance: 68.0000
((((((15,14),12),(25,(23,30))),(((10,7),(27,11)),28)),(17,(2,(9,4)))),((((((((5,8),21),16),((6,13),(29,1))),26),3),18),(((20,19),24),22)));

STEP 56 [TBR_IncrementalHeuristic_MC -> NNI_Substep_48] - Distance: 66.0000
((((((15,14),12),(25,(23,30))),(((10,7),(27,11)),28)),(17,(2,(9,4)))),((((((((5,8),21),16),((6,13),(29,1))),26),18),3),(((20,19),24),22)));

STEP 57 [TBR_IncrementalHeuristic_MC -> NNI_Substep_49] - Distance: 57.0000
((((((15,14),12),(25,(23,30))),(((10,7),(27,11)),28)),(17,(2,(9,4)))),(((((((5,8),21),16),((6,13),(29,1))),(26,18)),3),(((20,19),24),22)));

STEP 58 [TBR_IncrementalHeuristic_MC -> NNI_Substep_50] - Distance: 57.0000
((((((15,14),12),(25,(23,30))),(((10,7),(27,11)),28)),(17,(2,(9,4)))),(((((((5,21),8),16),((6,13),(29,1))),(26,18)),3),(((20,19),24),22)));

STEP 59 [TBR_IncrementalHeuristic_MC -> NNI_Substep_51] - Distance: 57.0000
((((((15,14),12),(25,(23,30))),(((10,7),(27,11)),28)),(17,(2,(9,4)))),(((((((5,21),16),8),((6,13),(29,1))),(26,18)),3),(((20,19),24),22)));

STEP 60 [TBR_IncrementalHeuristic_MC -> NNI_Substep_52] - Distance: 60.0000
((((((15,14),12),(25,(23,30))),(((10,7),(27,11)),28)),(17,(2,(9,4)))),(((((((5,21),16),((6,13),(29,1))),8),(26,18)),3),(((20,19),24),22)));

STEP 61 [TBR_IncrementalHeuristic_MC -> NNI_Substep_53] - Distance: 59.0000
((((((15,14),12),(25,(23,30))),(((10,7),(27,11)),28)),(17,(2,(9,4)))),(((((((5,21),16),((6,13),(29,1))),(26,18)),8),3),(((20,19),24),22)));

STEP 62 [TBR_IncrementalHeuristic_MC -> NNI_Substep_54] - Distance: 51.0000
((((((15,14),12),(25,(23,30))),(((10,7),(27,11)),28)),(17,(2,(9,4)))),((((((5,21),16),((6,13),(29,1))),((26,18),8)),3),(((20,19),24),22)));

STEP 63 [TBR_IncrementalHeuristic_MC -> NNI_Substep_55] - Distance: 51.0000
((((((15,14),12),((25,30),23)),(((10,7),(27,11)),28)),(17,(2,(9,4)))),((((((5,21),16),((6,13),(29,1))),((26,18),8)),3),(((20,19),24),22)));

STEP 64 [TBR_IncrementalHeuristic_MC -> NNI_Substep_56] - Distance: 51.0000
(((((((15,14),12),(25,30)),23),(((10,7),(27,11)),28)),(17,(2,(9,4)))),((((((5,21),16),((6,13),(29,1))),((26,18),8)),3),(((20,19),24),22)));

STEP 65 [TBR_IncrementalHeuristic_MC -> NNI_Substep_57] - Distance: 53.0000
(((((((15,14),12),(25,30)),(((10,7),(27,11)),28)),23),(17,(2,(9,4)))),((((((5,21),16),((6,13),(29,1))),((26,18),8)),3),(((20,19),24),22)));

STEP 66 [TBR_IncrementalHeuristic_MC -> NNI_Substep_58] - Distance: 51.0000
((((((15,14),12),(25,30)),((((10,7),(27,11)),28),23)),(17,(2,(9,4)))),((((((5,21),16),((6,13),(29,1))),((26,18),8)),3),(((20,19),24),22)));

STEP 67 [TBR_IncrementalHeuristic_MC -> NNI_Substep_59] - Distance: 46.0000
((((((15,14),12),(25,30)),(((10,7),(27,11)),(28,23))),(17,(2,(9,4)))),((((((5,21),16),((6,13),(29,1))),((26,18),8)),3),(((20,19),24),22)));

STEP 68 [TBR_IncrementalHeuristic_MC -> NNI_Substep_60] - Distance: 47.0000
((((((15,14),12),(25,30)),(((7,(27,11)),10),(28,23))),(17,(2,(9,4)))),((((((5,21),16),((6,13),(29,1))),((26,18),8)),3),(((20,19),24),22)));

STEP 69 [TBR_IncrementalHeuristic_MC -> NNI_Substep_61] - Distance: 48.0000
((((((15,14),12),(25,30)),(((7,(27,11)),(28,23)),10)),(17,(2,(9,4)))),((((((5,21),16),((6,13),(29,1))),((26,18),8)),3),(((20,19),24),22)));

STEP 70 [TBR_IncrementalHeuristic_MC -> NNI_Substep_62] - Distance: 48.0000
(((((((15,14),12),(25,30)),((7,(27,11)),(28,23))),10),(17,(2,(9,4)))),((((((5,21),16),((6,13),(29,1))),((26,18),8)),3),(((20,19),24),22)));

STEP 71 [TBR_IncrementalHeuristic_MC -> NNI_Substep_63] - Distance: 42.0000
(((((((15,14),12),(25,30)),10),((7,(27,11)),(28,23))),(17,(2,(9,4)))),((((((5,21),16),((6,13),(29,1))),((26,18),8)),3),(((20,19),24),22)));

STEP 72 [TBR_IncrementalHeuristic_MC -> NNI_Substep_64] - Distance: 43.0000
(((((((15,14),(25,30)),12),10),((7,(27,11)),(28,23))),(17,(2,(9,4)))),((((((5,21),16),((6,13),(29,1))),((26,18),8)),3),(((20,19),24),22)));

STEP 73 [TBR_IncrementalHeuristic_MC -> NNI_Substep_65] - Distance: 43.0000
(((((((15,14),(25,30)),10),12),((7,(27,11)),(28,23))),(17,(2,(9,4)))),((((((5,21),16),((6,13),(29,1))),((26,18),8)),3),(((20,19),24),22)));

STEP 74 [TBR_IncrementalHeuristic_MC -> NNI_Substep_66] - Distance: 47.0000
(((((((15,14),(25,30)),10),((7,(27,11)),(28,23))),12),(17,(2,(9,4)))),((((((5,21),16),((6,13),(29,1))),((26,18),8)),3),(((20,19),24),22)));

STEP 75 [TBR_IncrementalHeuristic_MC -> NNI_Substep_67] - Distance: 41.0000
((((((15,14),(25,30)),10),(((7,(27,11)),(28,23)),12)),(17,(2,(9,4)))),((((((5,21),16),((6,13),(29,1))),((26,18),8)),3),(((20,19),24),22)));

STEP 76 [TBR_IncrementalHeuristic_MC -> NNI_Substep_68] - Distance: 38.0000
((((((15,14),(25,30)),10),(((7,(27,11)),12),(28,23))),(17,(2,(9,4)))),((((((5,21),16),((6,13),(29,1))),((26,18),8)),3),(((20,19),24),22)));

STEP 77 [TBR_IncrementalHeuristic_MC -> NNI_Substep_69] - Distance: 35.0000
((((((15,14),(25,30)),10),(((7,12),(27,11)),(28,23))),(17,(2,(9,4)))),((((((5,21),16),((6,13),(29,1))),((26,18),8)),3),(((20,19),24),22)));

STEP 78 [TBR_IncrementalHeuristic_MC -> NNI_Substep_70] - Distance: 43.0000
(((((((15,14),(25,30)),10),(((7,12),(27,11)),(28,23))),(2,(9,4))),17),((((((5,21),16),((6,13),(29,1))),((26,18),8)),3),(((20,19),24),22)));

STEP 79 [TBR_IncrementalHeuristic_MC -> NNI_Substep_71] - Distance: 41.0000
(((((((15,14),(25,30)),10),(((7,12),(27,11)),(28,23))),17),(2,(9,4))),((((((5,21),16),((6,13),(29,1))),((26,18),8)),3),(((20,19),24),22)));

STEP 80 [TBR_IncrementalHeuristic_MC -> NNI_Substep_72] - Distance: 36.0000
(((((((15,14),(25,30)),10),17),(((7,12),(27,11)),(28,23))),(2,(9,4))),((((((5,21),16),((6,13),(29,1))),((26,18),8)),3),(((20,19),24),22)));

STEP 81 [TBR_IncrementalHeuristic_MC -> NNI_Substep_73] - Distance: 31.0000
((((((15,14),(25,30)),(10,17)),(((7,12),(27,11)),(28,23))),(2,(9,4))),((((((5,21),16),((6,13),(29,1))),((26,18),8)),3),(((20,19),24),22)));

STEP 82 [TBR_IncrementalHeuristic_MC -> NNI_Substep_74] - Distance: 31.0000
((((((15,14),(25,30)),(10,17)),(((7,12),(27,11)),(28,23))),((2,9),4)),((((((5,21),16),((6,13),(29,1))),((26,18),8)),3),(((20,19),24),22)));

STEP 83 [TBR_IncrementalHeuristic_MC -> NNI_Substep_75] - Distance: 40.0000
(((((((15,14),(25,30)),(10,17)),(((7,12),(27,11)),(28,23))),(2,9)),4),((((((5,21),16),((6,13),(29,1))),((26,18),8)),3),(((20,19),24),22)));

STEP 84 [TBR_IncrementalHeuristic_MC -> NNI_Substep_76] - Distance: 37.0000
(((((((15,14),(25,30)),(10,17)),(((7,12),(27,11)),(28,23))),4),(2,9)),((((((5,21),16),((6,13),(29,1))),((26,18),8)),3),(((20,19),24),22)));

STEP 85 [TBR_IncrementalHeuristic_MC -> NNI_Substep_77] - Distance: 32.0000
(((((((15,14),(25,30)),(10,17)),4),(((7,12),(27,11)),(28,23))),(2,9)),((((((5,21),16),((6,13),(29,1))),((26,18),8)),3),(((20,19),24),22)));

STEP 86 [TBR_IncrementalHeuristic_MC -> NNI_Substep_78] - Distance: 27.0000
((((((15,14),(25,30)),((10,17),4)),(((7,12),(27,11)),(28,23))),(2,9)),((((((5,21),16),((6,13),(29,1))),((26,18),8)),3),(((20,19),24),22)));

STEP 87 [TBR_IncrementalHeuristic_MC -> NNI_Substep_79] - Distance: 25.0000
((((((15,14),(25,30)),((10,4),17)),(((7,12),(27,11)),(28,23))),(2,9)),((((((5,21),16),((6,13),(29,1))),((26,18),8)),3),(((20,19),24),22)));

STEP 88 [TBR_IncrementalHeuristic_MC -> NNI_Substep_80] - Distance: 26.0000
((((((15,14),(25,30)),((10,4),17)),(((7,12),(27,11)),(28,23))),(2,9)),((((((5,21),16),(((6,13),29),1)),((26,18),8)),3),(((20,19),24),22)));

STEP 89 [TBR_IncrementalHeuristic_MC -> NNI_Substep_81] - Distance: 26.0000
((((((15,14),(25,30)),((10,4),17)),(((7,12),(27,11)),(28,23))),(2,9)),(((((((5,21),16),((6,13),29)),1),((26,18),8)),3),(((20,19),24),22)));

STEP 90 [TBR_IncrementalHeuristic_MC -> NNI_Substep_82] - Distance: 28.0000
((((((15,14),(25,30)),((10,4),17)),(((7,12),(27,11)),(28,23))),(2,9)),(((((((5,21),16),((6,13),29)),((26,18),8)),1),3),(((20,19),24),22)));

STEP 91 [TBR_IncrementalHeuristic_MC -> NNI_Substep_83] - Distance: 28.0000
((((((15,14),(25,30)),((10,4),17)),(((7,12),(27,11)),(28,23))),(2,9)),(((((((5,21),16),((6,13),29)),((26,18),8)),3),1),(((20,19),24),22)));

STEP 92 [TBR_IncrementalHeuristic_MC -> NNI_Substep_84] - Distance: 29.0000
((((((15,14),(25,30)),((10,4),17)),(((7,12),(27,11)),(28,23))),(2,9)),(((((((5,21),16),((6,13),29)),((26,18),8)),3),(((20,19),24),22)),1));

STEP 93 [TBR_IncrementalHeuristic_MC -> NNI_Substep_85] - Distance: 20.0000
((((((15,14),(25,30)),((10,4),17)),(((7,12),(27,11)),(28,23))),((2,9),1)),((((((5,21),16),((6,13),29)),((26,18),8)),3),(((20,19),24),22)));

STEP 94 [TBR_IncrementalHeuristic_MC -> NNI_Substep_86] - Distance: 20.0000
((((((15,14),(25,30)),((10,4),17)),(((7,12),(27,11)),(28,23))),((9,1),2)),((((((5,21),16),((6,13),29)),((26,18),8)),3),(((20,19),24),22)));

STEP 95 [TBR_IncrementalHeuristic_MC -> NNI_Substep_87] - Distance: 28.0000
(((((((15,14),(25,30)),((10,4),17)),(((7,12),(27,11)),(28,23))),(9,1)),2),((((((5,21),16),((6,13),29)),((26,18),8)),3),(((20,19),24),22)));

STEP 96 [TBR_IncrementalHeuristic_MC -> NNI_Substep_88] - Distance: 20.0000
((((((15,14),(25,30)),((10,4),17)),(((7,12),(27,11)),(28,23))),(9,1)),(((((((5,21),16),((6,13),29)),((26,18),8)),3),2),(((20,19),24),22)));

STEP 97 [TBR_IncrementalHeuristic_MC -> NNI_Substep_89] - Distance: 16.0000
((((((15,14),(25,30)),((10,4),17)),(((7,12),(27,11)),(28,23))),(9,1)),((((((5,21),16),((6,13),29)),((26,18),8)),(3,2)),(((20,19),24),22)));

STEP 98 [TBR_IncrementalHeuristic_MC -> NNI_Substep_90] - Distance: 24.0000
((((((15,14),(25,30)),((10,4),17)),(((7,12),(27,11)),(28,23))),(9,1)),(((((((5,21),16),((6,13),29)),((26,18),8)),(3,2)),((20,19),24)),22));

STEP 99 [TBR_IncrementalHeuristic_MC -> NNI_Substep_91] - Distance: 22.0000
((((((15,14),(25,30)),((10,4),17)),(((7,12),(27,11)),(28,23))),(9,1)),(((((((5,21),16),((6,13),29)),((26,18),8)),(3,2)),22),((20,19),24)));

STEP 100 [TBR_IncrementalHeuristic_MC -> NNI_Substep_92] - Distance: 19.0000
((((((15,14),(25,30)),((10,4),17)),(((7,12),(27,11)),(28,23))),(9,1)),(((((((5,21),16),((6,13),29)),((26,18),8)),22),(3,2)),((20,19),24)));

STEP 101 [TBR_IncrementalHeuristic_MC -> NNI_Substep_93] - Distance: 15.0000
((((((15,14),(25,30)),((10,4),17)),(((7,12),(27,11)),(28,23))),(9,1)),(((((((5,21),16),((6,13),29)),22),((26,18),8)),(3,2)),((20,19),24)));

STEP 102 [TBR_IncrementalHeuristic_MC -> NNI_Substep_94] - Distance: 13.0000
((((((15,14),(25,30)),((10,4),17)),(((7,12),(27,11)),(28,23))),(9,1)),((((((5,21),16),(((6,13),29),22)),((26,18),8)),(3,2)),((20,19),24)));

STEP 103 [TBR_IncrementalHeuristic_MC -> NNI_Substep_95] - Distance: 12.0000
((((((15,14),(25,30)),((10,4),17)),(((7,12),(27,11)),(28,23))),(9,1)),((((((5,21),16),((6,13),(29,22))),((26,18),8)),(3,2)),((20,19),24)));

STEP 104 [TBR_IncrementalHeuristic_MC -> NNI_Substep_96] - Distance: 21.0000
((((((15,14),(25,30)),((10,4),17)),(((7,12),(27,11)),(28,23))),(9,1)),(((((((5,21),16),((6,13),(29,22))),((26,18),8)),2),3),((20,19),24)));

STEP 105 [TBR_IncrementalHeuristic_MC -> NNI_Substep_97] - Distance: 19.0000
((((((15,14),(25,30)),((10,4),17)),(((7,12),(27,11)),(28,23))),(9,1)),(((((((5,21),16),((6,13),(29,22))),((26,18),8)),2),((20,19),24)),3));

STEP 106 [TBR_IncrementalHeuristic_MC -> NNI_Substep_98] - Distance: 7.0000
((((((15,14),(25,30)),((10,4),17)),(((7,12),(27,11)),(28,23))),(9,1)),((((((5,21),16),((6,13),(29,22))),((26,18),8)),2),(((20,19),24),3)));

STEP 107 [TBR_IncrementalHeuristic_MC -> NNI_Substep_99] - Distance: 8.0000
((((((15,14),(25,30)),((10,4),17)),(((7,12),(27,11)),(28,23))),(9,1)),((((((5,21),16),(((6,13),22),29)),((26,18),8)),2),(((20,19),24),3)));

STEP 108 [TBR_IncrementalHeuristic_MC -> NNI_Substep_100] - Distance: 10.0000
((((((15,14),(25,30)),((10,4),17)),(((7,12),(27,11)),(28,23))),(9,1)),(((((((5,21),16),((6,13),22)),29),((26,18),8)),2),(((20,19),24),3)));

STEP 109 [TBR_IncrementalHeuristic_MC -> NNI_Substep_101] - Distance: 6.0000
((((((15,14),(25,30)),((10,4),17)),(((7,12),(27,11)),(28,23))),(9,1)),(((((((5,21),16),29),((6,13),22)),((26,18),8)),2),(((20,19),24),3)));

STEP 110 [TBR_IncrementalHeuristic_MC -> NNI_Substep_102] - Distance: 3.0000
((((((15,14),(25,30)),((10,4),17)),(((7,12),(27,11)),(28,23))),(9,1)),((((((5,21),(16,29)),((6,13),22)),((26,18),8)),2),(((20,19),24),3)));

STEP 111 [TBR_IncrementalHeuristic_MC -> NNI_Substep_103] - Distance: 0.0000
((((((15,14),(25,30)),((10,4),17)),((((7,12),11),27),(28,23))),(9,1)),((((((5,21),(16,29)),((6,13),22)),((26,18),8)),2),(((20,19),24),3)));

========================================================
[FINAL] Total Steps: 111 | Final Distance: 0.0000
========================================================
