========================================================
HEURISTIC TRAJECTORY: VND Classic (MS_RF)
========================================================
STEP 0 [START] - Distance: 138.0000
((25,((13,(((5,7),(27,29)),(28,(20,21)))),(11,(10,(24,(4,(18,26))))))),((1,(15,(16,2))),(6,(((30,(12,(23,19))),(3,22)),(9,14)))),(8,17));

STEP 1 [NNI_ClassicHeuristic_MS_RF -> NNI_Substep_1] - Distance: 130.0000
((((1,(15,(16,2))),(6,(((30,(12,(23,19))),(3,22)),(9,14)))),((13,(((5,7),(27,29)),(28,(20,21)))),(11,(10,(24,(4,(18,26))))))),25,(8,17));

STEP 2 [NNI_ClassicHeuristic_MS_RF -> NNI_Substep_2] - Distance: 125.0000
((((1,(15,(16,2))),(6,(((30,(12,(23,19))),(3,22)),(9,14)))),((((5,7),(27,29)),(13,(28,(20,21)))),(11,(10,(24,(4,(18,26))))))),25,(8,17));

STEP 3 [NNI_ClassicHeuristic_MS_RF -> NNI_Substep_3] - Distance: 121.0000
(((((((5,7),(27,29)),(13,(28,(20,21)))),(11,(10,(24,(4,(18,26)))))),(6,(((30,(12,(23,19))),(3,22)),(9,14)))),(1,(15,(16,2)))),25,(8,17));

STEP 4 [NNI_ClassicHeuristic_MS_RF -> NNI_Substep_4] - Distance: 116.0000
(((((((5,7),(27,29)),(13,(28,(20,21)))),(6,(((30,(12,(23,19))),(3,22)),(9,14)))),(11,(10,(24,(4,(18,26)))))),(1,(15,(16,2)))),25,(8,17));

STEP 5 [NNI_ClassicHeuristic_MS_RF -> NNI_Substep_5] - Distance: 113.0000
(((((((5,7),(27,29)),((20,21),(28,13))),(6,(((30,(12,(23,19))),(3,22)),(9,14)))),(11,(10,(24,(4,(18,26)))))),(1,(15,(16,2)))),25,(8,17));

STEP 6 [NNI_ClassicHeuristic_MS_RF -> NNI_Substep_6] - Distance: 110.0000
(((((((5,7),(27,29)),((20,21),(28,13))),(6,(((30,(12,(23,19))),(3,22)),(9,14)))),((24,(4,(18,26))),(10,11))),(1,(15,(16,2)))),25,(8,17));

STEP 7 [NNI_ClassicHeuristic_MS_RF -> NNI_Substep_7] - Distance: 108.0000
(((((((5,7),(27,29)),((20,21),(28,13))),(6,(((9,14),(3,22)),(30,(12,(23,19)))))),((24,(4,(18,26))),(10,11))),(1,(15,(16,2)))),25,(8,17));

STEP 8 [NNI_ClassicHeuristic_MS_RF -> NNI_Substep_8] - Distance: 107.0000
((((((27,((5,7),29)),((20,21),(28,13))),(6,(((9,14),(3,22)),(30,(12,(23,19)))))),((24,(4,(18,26))),(10,11))),(1,(15,(16,2)))),25,(8,17));

STEP 9 [NNI_ClassicHeuristic_MS_RF -> NNI_Substep_9] - Distance: 106.0000
((((((27,((5,7),29)),((20,21),(28,13))),(6,(((9,14),(3,22)),((23,19),(12,30))))),((24,(4,(18,26))),(10,11))),(1,(15,(16,2)))),25,(8,17));

STEP 10 [NNI_ClassicHeuristic_MS_RF -> NNI_Substep_10] - Distance: 105.0000
((((6,(((27,((5,7),29)),((20,21),(28,13))),(((9,14),(3,22)),((23,19),(12,30))))),((24,(4,(18,26))),(10,11))),(1,(15,(16,2)))),25,(8,17));

STEP 11 [NNI_ClassicHeuristic_MS_RF -> NNI_Substep_11] - Distance: 104.0000
((((6,(((27,((5,7),29)),((20,21),(28,13))),(((9,14),(3,22)),((23,19),(12,30))))),(((18,26),(4,24)),(10,11))),(1,(15,(16,2)))),25,(8,17));

STEP 12 [NNI_ClassicHeuristic_MS_RF -> NNI_Substep_12] - Distance: 103.0000
(((((18,26),(4,24)),((6,(((27,((5,7),29)),((20,21),(28,13))),(((9,14),(3,22)),((23,19),(12,30))))),(10,11))),(1,(15,(16,2)))),25,(8,17));

STEP 13 [NNI_ClassicHeuristic_MS_RF -> NNI_Substep_13] - Distance: 102.0000
(((((18,26),(4,24)),((6,(((27,((5,7),29)),((20,21),(28,13))),(((9,14),(3,22)),((23,19),(12,30))))),(10,11))),((16,2),(15,1))),25,(8,17));

STEP 14 [NNI_ClassicHeuristic_MS_RF -> NNI_Substep_14] - Distance: 101.0000
(((16,2),((((18,26),(4,24)),((6,(((27,((5,7),29)),((20,21),(28,13))),(((9,14),(3,22)),((23,19),(12,30))))),(10,11))),(15,1))),25,(8,17));

STEP 15 [2sECR_ClassicHeuristic_MS_RF -> NNI_Substep_1] - Distance: 105.0000
(((16,2),((((18,26),(4,24)),((6,((27,((5,7),29)),((((9,14),(3,22)),((23,19),(12,30))),((20,21),(28,13))))),(10,11))),(15,1))),25,(8,17));

STEP 16 [2sECR_ClassicHeuristic_MS_RF -> NNI_Substep_2] - Distance: 102.0000
(((16,2),((((18,26),(4,24)),(((27,((5,7),29)),(6,((((9,14),(3,22)),((23,19),(12,30))),((20,21),(28,13))))),(10,11))),(15,1))),25,(8,17));

STEP 17 [2sECR_ClassicHeuristic_MS_RF -> NNI_Substep_3] - Distance: 93.0000
(((16,2),((((18,26),(4,24)),(((27,((5,7),29)),((((9,14),(3,22)),((23,19),(12,30))),(6,((20,21),(28,13))))),(10,11))),(15,1))),25,(8,17));

STEP 18 [2sECR_ClassicHeuristic_MS_RF -> NNI_Substep_4] - Distance: 94.0000
(((16,2),((((18,26),(4,24)),(((27,((5,7),29)),((((9,14),(3,22)),((23,19),(12,30))),(6,(21,((28,13),20))))),(10,11))),(15,1))),25,(8,17));

STEP 19 [2sECR_ClassicHeuristic_MS_RF -> NNI_Substep_5] - Distance: 90.0000
(((16,2),((((18,26),(4,24)),(((27,((5,7),29)),((((9,14),(3,22)),((23,19),(12,30))),((6,21),((28,13),20)))),(10,11))),(15,1))),25,(8,17));

STEP 20 [2sECR_ClassicHeuristic_MS_RF -> NNI_Substep_6] - Distance: 91.0000
(((16,2),(((4,24),((((27,((5,7),29)),((((9,14),(3,22)),((23,19),(12,30))),((6,21),((28,13),20)))),(10,11)),(18,26))),(15,1))),25,(8,17));

STEP 21 [2sECR_ClassicHeuristic_MS_RF -> NNI_Substep_7] - Distance: 88.0000
(((16,2),(((((27,((5,7),29)),((((9,14),(3,22)),((23,19),(12,30))),((6,21),((28,13),20)))),(10,11)),(18,26)),((15,1),(4,24)))),25,(8,17));

STEP 22 [2sECR_ClassicHeuristic_MS_RF -> NNI_Substep_8] - Distance: 90.0000
(((16,2),(((((27,((5,7),29)),(((9,14),((3,22),((23,19),(12,30)))),((6,21),((28,13),20)))),(10,11)),(18,26)),((15,1),(4,24)))),25,(8,17));

STEP 23 [2sECR_ClassicHeuristic_MS_RF -> NNI_Substep_9] - Distance: 88.0000
(((16,2),(((((27,((5,7),29)),(((9,14),((23,19),((3,22),(12,30)))),((6,21),((28,13),20)))),(10,11)),(18,26)),((15,1),(4,24)))),25,(8,17));

STEP 24 [2sECR_ClassicHeuristic_MS_RF -> NNI_Substep_10] - Distance: 86.0000
(((16,2),(((((27,((5,7),29)),((((9,14),(23,19)),((3,22),(12,30))),((6,21),((28,13),20)))),(10,11)),(18,26)),((15,1),(4,24)))),25,(8,17));

STEP 25 [2sECR_ClassicHeuristic_MS_RF -> NNI_Substep_11] - Distance: 85.0000
(((16,2),(((((27,((5,7),29)),((((9,14),(23,19)),(3,(22,(12,30)))),((6,21),((28,13),20)))),(10,11)),(18,26)),((15,1),(4,24)))),25,(8,17));

STEP 26 [2sECR_ClassicHeuristic_MS_RF -> NNI_Substep_12] - Distance: 83.0000
(((16,2),(((((27,((5,7),29)),((((9,14),(23,19)),(3,(30,(22,12)))),((6,21),((28,13),20)))),(10,11)),(18,26)),((15,1),(4,24)))),25,(8,17));

STEP 27 [2sECR_ClassicHeuristic_MS_RF -> NNI_Substep_13] - Distance: 83.0000
(((16,2),(((((27,(5,(29,7))),((((9,14),(23,19)),(3,(30,(22,12)))),((6,21),((28,13),20)))),(10,11)),(18,26)),((15,1),(4,24)))),25,(8,17));

STEP 28 [2sECR_ClassicHeuristic_MS_RF -> NNI_Substep_14] - Distance: 82.0000
(((16,2),((((((27,5),(29,7)),((((9,14),(23,19)),(3,(30,(22,12)))),((6,21),((28,13),20)))),(10,11)),(18,26)),((15,1),(4,24)))),25,(8,17));

STEP 29 [2sECR_ClassicHeuristic_MS_RF -> NNI_Substep_15] - Distance: 85.0000
((((16,2),((15,1),(4,24))),(((((27,5),(29,7)),((((9,14),(23,19)),(3,(30,(22,12)))),((6,21),((28,13),20)))),(10,11)),(18,26))),25,(8,17));

STEP 30 [2sECR_ClassicHeuristic_MS_RF -> NNI_Substep_16] - Distance: 81.0000
(((18,26),(((((27,5),(29,7)),((((9,14),(23,19)),(3,(30,(22,12)))),((6,21),((28,13),20)))),(10,11)),((16,2),((15,1),(4,24))))),25,(8,17));

STEP 31 [2sECR_ClassicHeuristic_MS_RF -> NNI_Substep_17] - Distance: 82.0000
(((18,26),(((((27,5),(29,7)),((((9,14),(23,19)),(3,(30,(22,12)))),((6,21),((28,13),20)))),(10,11)),((16,2),(4,((15,1),24))))),25,(8,17));

STEP 32 [2sECR_ClassicHeuristic_MS_RF -> NNI_Substep_18] - Distance: 79.0000
(((18,26),(((((27,5),(29,7)),((((9,14),(23,19)),(3,(30,(22,12)))),((6,21),((28,13),20)))),(10,11)),(((16,2),4),((15,1),24)))),25,(8,17));

STEP 33 [2sECR_ClassicHeuristic_MS_RF -> NNI_Substep_19] - Distance: 79.0000
((18,26),25,((((((27,5),(29,7)),((((9,14),(23,19)),(3,(30,(22,12)))),((6,21),((28,13),20)))),(10,11)),(((16,2),4),((15,1),24))),(8,17)));

STEP 34 [2sECR_ClassicHeuristic_MS_RF -> NNI_Substep_20] - Distance: 79.0000
((18,26),25,(8,((((((27,5),(29,7)),((((9,14),(23,19)),(3,(30,(22,12)))),((6,21),((28,13),20)))),(10,11)),(((16,2),4),((15,1),24))),17)));

STEP 35 [2sECR_ClassicHeuristic_MS_RF -> NNI_Substep_21] - Distance: 77.0000
(((18,26),8),25,((((((27,5),(29,7)),((((9,14),(23,19)),(3,(30,(22,12)))),((6,21),((28,13),20)))),(10,11)),(((16,2),4),((15,1),24))),17));

STEP 36 [2sECR_ClassicHeuristic_MS_RF -> NNI_Substep_22] - Distance: 78.0000
(((18,26),8),25,(((((27,5),(29,7)),((((9,14),(23,19)),(3,(30,(22,12)))),((6,21),((28,13),20)))),((((16,2),4),((15,1),24)),(10,11))),17));

STEP 37 [2sECR_ClassicHeuristic_MS_RF -> NNI_Substep_23] - Distance: 81.0000
(((18,26),8),25,(((((16,2),4),((15,1),24)),(10,11)),(17,(((27,5),(29,7)),((((9,14),(23,19)),(3,(30,(22,12)))),((6,21),((28,13),20)))))));

STEP 38 [2sECR_ClassicHeuristic_MS_RF -> NNI_Substep_24] - Distance: 75.0000
(((18,26),8),25,(((((16,2),4),((15,1),24)),(17,(((27,5),(29,7)),((((9,14),(23,19)),(3,(30,(22,12)))),((6,21),((28,13),20)))))),(10,11)));

STEP 39 [2sECR_ClassicHeuristic_MS_RF -> NNI_Substep_25] - Distance: 80.0000
(((18,26),8),25,((((15,1),24),(((16,2),4),(17,(((27,5),(29,7)),((((9,14),(23,19)),(3,(30,(22,12)))),((6,21),((28,13),20))))))),(10,11)));

STEP 40 [2sECR_ClassicHeuristic_MS_RF -> NNI_Substep_26] - Distance: 72.0000
(((18,26),8),25,((((15,1),24),((((27,5),(29,7)),((((9,14),(23,19)),(3,(30,(22,12)))),((6,21),((28,13),20)))),(((16,2),4),17))),(10,11)));

STEP 41 [2sECR_ClassicHeuristic_MS_RF -> NNI_Substep_27] - Distance: 73.0000
(((18,26),8),25,(11,((((15,1),24),((((27,5),(29,7)),((((9,14),(23,19)),(3,(30,(22,12)))),((6,21),((28,13),20)))),(((16,2),4),17))),10)));

STEP 42 [2sECR_ClassicHeuristic_MS_RF -> NNI_Substep_28] - Distance: 69.0000
(11,25,(((18,26),8),((((15,1),24),((((27,5),(29,7)),((((9,14),(23,19)),(3,(30,(22,12)))),((6,21),((28,13),20)))),(((16,2),4),17))),10)));

STEP 43 [2sECR_ClassicHeuristic_MS_RF -> NNI_Substep_29] - Distance: 69.0000
(11,25,(((18,26),8),((((15,1),24),((((27,5),(29,7)),((((9,14),(23,19)),(3,(30,(22,12)))),((6,21),((28,13),20)))),((2,(4,16)),17))),10)));

STEP 44 [2sECR_ClassicHeuristic_MS_RF -> NNI_Substep_30] - Distance: 68.0000
(11,25,(((18,26),8),((((15,1),24),((((27,5),(29,7)),((((9,14),(23,19)),(3,(30,(22,12)))),((6,21),((28,13),20)))),((4,16),(17,2)))),10)));

STEP 45 [3sECR_ClassicHeuristic_MS_RF -> NNI_Substep_1] - Distance: 69.0000
(11,25,(((18,26),8),((((15,1),24),((((27,5),(29,7)),(((((23,19),14),9),(3,(30,(22,12)))),((6,21),((28,13),20)))),((4,16),(17,2)))),10)));

STEP 46 [3sECR_ClassicHeuristic_MS_RF -> NNI_Substep_2] - Distance: 68.0000
(11,25,(((18,26),8),((((15,1),24),((((27,5),(29,7)),((((23,19),14),(9,(3,(30,(22,12))))),((6,21),((28,13),20)))),((4,16),(17,2)))),10)));

STEP 47 [3sECR_ClassicHeuristic_MS_RF -> NNI_Substep_3] - Distance: 66.0000
(11,25,(((18,26),8),((((15,1),24),((((27,5),(29,7)),((((23,19),14),((9,3),(30,(22,12)))),((6,21),((28,13),20)))),((4,16),(17,2)))),10)));

STEP 48 [3sECR_ClassicHeuristic_MS_RF -> NNI_Substep_4] - Distance: 68.0000
(11,25,(((18,26),8),((((15,1),24),(((4,16),(17,2)),(((27,5),(29,7)),((((6,21),((28,13),20)),((9,3),(30,(22,12)))),((23,19),14))))),10)));

STEP 49 [3sECR_ClassicHeuristic_MS_RF -> NNI_Substep_5] - Distance: 65.0000
(11,25,(((18,26),8),((((15,1),24),(((4,16),(17,2)),((((27,5),(29,7)),(((6,21),((28,13),20)),((9,3),(30,(22,12))))),((23,19),14)))),10)));

STEP 50 [3sECR_ClassicHeuristic_MS_RF -> NNI_Substep_6] - Distance: 59.0000
(11,25,(((18,26),8),((((15,1),24),((((4,16),(17,2)),((23,19),14)),(((27,5),(29,7)),(((6,21),((28,13),20)),((9,3),(30,(22,12))))))),10)));

STEP 51 [3sECR_ClassicHeuristic_MS_RF -> NNI_Substep_7] - Distance: 60.0000
(11,25,(((18,26),8),((((15,1),24),(((4,16),((17,2),(14,(23,19)))),(((27,5),(29,7)),(((6,21),((28,13),20)),((9,3),(30,(22,12))))))),10)));

STEP 52 [3sECR_ClassicHeuristic_MS_RF -> NNI_Substep_8] - Distance: 58.0000
(11,25,(((18,26),8),((((15,1),24),(((4,16),(((17,2),14),(23,19))),(((27,5),(29,7)),(((6,21),((28,13),20)),((9,3),(30,(22,12))))))),10)));

STEP 53 [3sECR_ClassicHeuristic_MS_RF -> NNI_Substep_9] - Distance: 60.0000
(11,25,(((18,26),8),((((15,1),24),(((4,16),((((17,2),14),19),23)),(((27,5),(29,7)),(((6,21),((28,13),20)),((9,3),(30,(22,12))))))),10)));

STEP 54 [3sECR_ClassicHeuristic_MS_RF -> NNI_Substep_10] - Distance: 54.0000
(11,25,(((18,26),8),((((15,1),24),((((4,16),23),(((17,2),14),19)),(((27,5),(29,7)),(((6,21),((28,13),20)),((9,3),(30,(22,12))))))),10)));

STEP 55 [3sECR_ClassicHeuristic_MS_RF -> NNI_Substep_11] - Distance: 58.0000
(11,25,(((18,26),8),(10,(((15,1),24),(((((27,5),(29,7)),(((6,21),((28,13),20)),((9,3),(30,(22,12))))),((4,16),23)),(((17,2),14),19))))));

STEP 56 [3sECR_ClassicHeuristic_MS_RF -> NNI_Substep_12] - Distance: 53.0000
(11,25,(((18,26),8),(10,((((15,1),24),((((27,5),(29,7)),(((6,21),((28,13),20)),((9,3),(30,(22,12))))),((4,16),23))),(((17,2),14),19)))));

STEP 57 [3sECR_ClassicHeuristic_MS_RF -> NNI_Substep_13] - Distance: 56.0000
(11,25,(((18,26),8),((10,(((15,1),24),((((27,5),(29,7)),(((6,21),((28,13),20)),((9,3),(30,(22,12))))),((4,16),23)))),(((17,2),14),19))));

STEP 58 [3sECR_ClassicHeuristic_MS_RF -> NNI_Substep_14] - Distance: 58.0000
(11,25,(((18,26),8),(((10,((((27,5),(29,7)),(((6,21),((28,13),20)),((9,3),(30,(22,12))))),((4,16),23))),((15,1),24)),(((17,2),14),19))));

STEP 59 [3sECR_ClassicHeuristic_MS_RF -> NNI_Substep_15] - Distance: 47.0000
(11,25,(((18,26),8),((((10,((4,16),23)),(((27,5),(29,7)),(((6,21),((28,13),20)),((9,3),(30,(22,12)))))),((15,1),24)),(((17,2),14),19))));

STEP 60 [3sECR_ClassicHeuristic_MS_RF -> NNI_Substep_16] - Distance: 51.0000
(11,25,(((18,26),8),((((10,((4,16),23)),(((27,5),(((6,21),((28,13),20)),((9,3),(30,(22,12))))),(29,7))),((15,1),24)),(((17,2),14),19))));

STEP 61 [3sECR_ClassicHeuristic_MS_RF -> NNI_Substep_17] - Distance: 46.0000
(11,25,(((18,26),8),((((10,((4,16),23)),((((27,5),((9,3),(30,(22,12)))),((6,21),((28,13),20))),(29,7))),((15,1),24)),(((17,2),14),19))));

STEP 62 [3sECR_ClassicHeuristic_MS_RF -> NNI_Substep_18] - Distance: 44.0000
(11,25,(((18,26),8),((((10,((4,16),23)),(((((27,5),(30,(22,12))),(9,3)),((6,21),((28,13),20))),(29,7))),((15,1),24)),(((17,2),14),19))));

STEP 63 [3sECR_ClassicHeuristic_MS_RF -> NNI_Substep_19] - Distance: 53.0000
(11,25,(((18,26),8),((((15,1),24),((10,((4,16),23)),((((((27,5),(30,(22,12))),(9,3)),((6,21),((28,13),20))),29),7))),(((17,2),14),19))));

STEP 64 [3sECR_ClassicHeuristic_MS_RF -> NNI_Substep_20] - Distance: 50.0000
(11,25,(((18,26),8),((((15,1),24),(((10,((4,16),23)),(((((27,5),(30,(22,12))),(9,3)),((6,21),((28,13),20))),29)),7)),(((17,2),14),19))));

STEP 65 [3sECR_ClassicHeuristic_MS_RF -> NNI_Substep_21] - Distance: 40.0000
(11,25,(((18,26),8),(((((15,1),24),7),((10,((4,16),23)),(((((27,5),(30,(22,12))),(9,3)),((6,21),((28,13),20))),29))),(((17,2),14),19))));

STEP 66 [3sECR_ClassicHeuristic_MS_RF -> NNI_Substep_22] - Distance: 40.0000
(11,25,(((18,26),8),((((10,((4,16),23)),(((((27,5),(30,(22,12))),(9,3)),((6,21),((28,13),20))),29)),(7,((24,15),1))),(((17,2),14),19))));

STEP 67 [3sECR_ClassicHeuristic_MS_RF -> NNI_Substep_23] - Distance: 38.0000
(11,25,(((18,26),8),((((10,((4,16),23)),(((((27,5),(30,(22,12))),(9,3)),((6,21),((28,13),20))),29)),((7,(24,15)),1)),(((17,2),14),19))));

STEP 68 [3sECR_ClassicHeuristic_MS_RF -> NNI_Substep_24] - Distance: 36.0000
(11,25,(((18,26),8),((((10,((4,16),23)),(((((27,5),(30,(22,12))),(9,3)),((6,21),((28,13),20))),29)),(((7,15),24),1)),(((17,2),14),19))));

STEP 69 [3sECR_ClassicHeuristic_MS_RF -> NNI_Substep_25] - Distance: 45.0000
(11,25,(((18,26),8),(((((((27,5),(30,(22,12))),(9,3)),((6,21),((28,13),20))),29),((10,((4,16),23)),(((7,15),24),1))),(((17,2),14),19))));

STEP 70 [3sECR_ClassicHeuristic_MS_RF -> NNI_Substep_26] - Distance: 46.0000
(11,25,(((18,26),8),(((((((27,5),(30,(22,12))),(9,3)),((6,21),((28,13),20))),29),(10,(((4,16),23),(((7,15),24),1)))),(((17,2),14),19))));

STEP 71 [3sECR_ClassicHeuristic_MS_RF -> NNI_Substep_27] - Distance: 46.0000
(11,25,(((18,26),8),(((((((27,5),(30,(22,12))),(9,3)),((6,21),((28,13),20))),29),(10,((((4,16),23),1),((7,15),24)))),(((17,2),14),19))));

STEP 72 [3sECR_ClassicHeuristic_MS_RF -> NNI_Substep_28] - Distance: 43.0000
(11,25,(((18,26),8),(((((((27,5),(30,(22,12))),(9,3)),((6,21),((28,13),20))),29),((10,((7,15),24)),(((4,16),23),1))),(((17,2),14),19))));

STEP 73 [3sECR_ClassicHeuristic_MS_RF -> NNI_Substep_29] - Distance: 34.0000
(11,25,(((18,26),8),((((((((27,5),(30,(22,12))),(9,3)),((6,21),((28,13),20))),29),(((4,16),23),1)),(10,((7,15),24))),(((17,2),14),19))));

STEP 74 [3sECR_ClassicHeuristic_MS_RF -> NNI_Substep_30] - Distance: 33.0000
(11,25,(((18,26),8),(((((((((27,5),(22,12)),30),(9,3)),((6,21),((28,13),20))),29),(((4,16),23),1)),(10,((7,15),24))),(((17,2),14),19))));

STEP 75 [3sECR_ClassicHeuristic_MS_RF -> NNI_Substep_31] - Distance: 33.0000
(11,25,(((18,26),8),(((((((((27,5),(22,12)),30),(9,3)),((6,21),((28,13),20))),29),(((4,16),23),1)),(10,((7,15),24))),(19,((14,2),17)))));

STEP 76 [3sECR_ClassicHeuristic_MS_RF -> NNI_Substep_32] - Distance: 32.0000
(11,25,(((18,26),8),(((((((((27,5),(22,12)),30),(9,3)),((6,21),((28,13),20))),29),(((4,16),23),1)),(10,((7,15),24))),((19,17),(14,2)))));

STEP 77 [uSPR_ClassicHeuristic_null_MS_RF -> NNI_Substep_1] - Distance: 32.0000
(11,25,(((26,8),18),(((((((((27,5),(22,12)),30),(9,3)),((6,21),((28,13),20))),29),(((4,16),23),1)),(10,((7,15),24))),((19,17),(14,2)))));

STEP 78 [uSPR_ClassicHeuristic_null_MS_RF -> NNI_Substep_2] - Distance: 32.0000
(11,25,(((26,8),(((((((((27,5),(22,12)),30),(9,3)),((6,21),((28,13),20))),29),(((4,16),23),1)),(10,((7,15),24))),((19,17),(14,2)))),18));

STEP 79 [uSPR_ClassicHeuristic_null_MS_RF -> NNI_Substep_3] - Distance: 33.0000
(11,25,((26,8),((((((((((27,5),(22,12)),30),(9,3)),((6,21),((28,13),20))),29),(((4,16),23),1)),(10,((7,15),24))),((19,17),(14,2))),18)));

STEP 80 [uSPR_ClassicHeuristic_null_MS_RF -> NNI_Substep_4] - Distance: 36.0000
(11,25,((26,8),((((((((((27,5),(22,12)),30),(9,3)),((6,21),((28,13),20))),29),(((4,16),23),1)),(10,((7,15),24))),18),((19,17),(14,2)))));

STEP 81 [uSPR_ClassicHeuristic_null_MS_RF -> NNI_Substep_5] - Distance: 39.0000
(11,25,((26,8),((((((((((27,5),(22,12)),30),(9,3)),((6,21),((28,13),20))),29),(((4,16),23),1)),18),(10,((7,15),24))),((19,17),(14,2)))));

STEP 82 [uSPR_ClassicHeuristic_null_MS_RF -> NNI_Substep_6] - Distance: 38.0000
(11,25,((26,8),((((((((((27,5),(22,12)),30),(9,3)),((6,21),((28,13),20))),29),18),(((4,16),23),1)),(10,((7,15),24))),((19,17),(14,2)))));

STEP 83 [uSPR_ClassicHeuristic_null_MS_RF -> NNI_Substep_7] - Distance: 36.0000
(11,25,((26,8),((((((((((27,5),(22,12)),30),(9,3)),((6,21),((28,13),20))),18),29),(((4,16),23),1)),(10,((7,15),24))),((19,17),(14,2)))));

STEP 84 [uSPR_ClassicHeuristic_null_MS_RF -> NNI_Substep_8] - Distance: 30.0000
(11,25,((26,8),((((((((((27,5),(22,12)),30),(9,3)),18),((6,21),((28,13),20))),29),(((4,16),23),1)),(10,((7,15),24))),((19,17),(14,2)))));

STEP 85 [uSPR_ClassicHeuristic_null_MS_RF -> NNI_Substep_9] - Distance: 24.0000
(11,25,((26,8),(((((((((27,5),(22,12)),30),((9,3),18)),((6,21),((28,13),20))),29),(((4,16),23),1)),(10,((7,15),24))),((19,17),(14,2)))));

STEP 86 [uSPR_ClassicHeuristic_null_MS_RF -> NNI_Substep_10] - Distance: 22.0000
(11,25,((26,8),(((((((((27,5),(22,12)),30),(9,(3,18))),((6,21),((28,13),20))),29),(((4,16),23),1)),(10,((7,15),24))),((19,17),(14,2)))));

STEP 87 [uSPR_ClassicHeuristic_null_MS_RF -> NNI_Substep_11] - Distance: 23.0000
(11,25,((26,8),(((((((((27,5),(22,12)),30),(9,(3,18))),((6,21),((28,13),20))),29),(((4,16),23),1)),(10,((7,15),24))),((19,(14,2)),17))));

STEP 88 [uSPR_ClassicHeuristic_null_MS_RF -> NNI_Substep_12] - Distance: 24.0000
(11,25,((26,8),((((((((((27,5),(22,12)),30),(9,(3,18))),((6,21),((28,13),20))),29),(((4,16),23),1)),(10,((7,15),24))),(19,(14,2))),17)));

STEP 89 [uSPR_ClassicHeuristic_null_MS_RF -> NNI_Substep_13] - Distance: 26.0000
(11,25,((26,8),((((((((((27,5),(22,12)),30),(9,(3,18))),((6,21),((28,13),20))),29),(((4,16),23),1)),(10,((7,15),24))),17),(19,(14,2)))));

STEP 90 [uSPR_ClassicHeuristic_null_MS_RF -> NNI_Substep_14] - Distance: 29.0000
(11,25,((26,8),((((((((((27,5),(22,12)),30),(9,(3,18))),((6,21),((28,13),20))),29),(((4,16),23),1)),17),(10,((7,15),24))),(19,(14,2)))));

STEP 91 [uSPR_ClassicHeuristic_null_MS_RF -> NNI_Substep_15] - Distance: 20.0000
(11,25,((26,8),(((((((((27,5),(22,12)),30),(9,(3,18))),((6,21),((28,13),20))),29),((((4,16),23),1),17)),(10,((7,15),24))),(19,(14,2)))));

STEP 92 [uSPR_ClassicHeuristic_null_MS_RF -> NNI_Substep_16] - Distance: 16.0000
(11,25,((26,8),(((((((((27,5),(22,12)),30),(9,(3,18))),((6,21),((28,13),20))),29),(((4,16),23),(1,17))),(10,((7,15),24))),(19,(14,2)))));

STEP 93 [uSPR_ClassicHeuristic_null_MS_RF -> NNI_Substep_17] - Distance: 24.0000
(11,25,((26,8),((((((((((27,5),(22,12)),30),(9,(3,18))),((6,21),((28,13),20))),29),(((4,16),23),(1,17))),((7,15),24)),10),(19,(14,2)))));

STEP 94 [uSPR_ClassicHeuristic_null_MS_RF -> NNI_Substep_18] - Distance: 22.0000
(11,25,((26,8),((((((((((27,5),(22,12)),30),(9,(3,18))),((6,21),((28,13),20))),29),(((4,16),23),(1,17))),10),((7,15),24)),(19,(14,2)))));

STEP 95 [uSPR_ClassicHeuristic_null_MS_RF -> NNI_Substep_19] - Distance: 26.0000
(11,25,((26,8),((((((((((27,5),(22,12)),30),(9,(3,18))),((6,21),((28,13),20))),29),10),(((4,16),23),(1,17))),((7,15),24)),(19,(14,2)))));

STEP 96 [uSPR_ClassicHeuristic_null_MS_RF -> NNI_Substep_20] - Distance: 26.0000
(11,25,((26,8),((((((((((27,5),(22,12)),30),(9,(3,18))),((6,21),((28,13),20))),10),29),(((4,16),23),(1,17))),((7,15),24)),(19,(14,2)))));

STEP 97 [uSPR_ClassicHeuristic_null_MS_RF -> NNI_Substep_21] - Distance: 20.0000
(11,25,((26,8),((((((((((27,5),(22,12)),30),(9,(3,18))),10),((6,21),((28,13),20))),29),(((4,16),23),(1,17))),((7,15),24)),(19,(14,2)))));

STEP 98 [uSPR_ClassicHeuristic_null_MS_RF -> NNI_Substep_22] - Distance: 16.0000
(11,25,((26,8),((((((((((27,5),(22,12)),30),10),(9,(3,18))),((6,21),((28,13),20))),29),(((4,16),23),(1,17))),((7,15),24)),(19,(14,2)))));

STEP 99 [uSPR_ClassicHeuristic_null_MS_RF -> NNI_Substep_23] - Distance: 14.0000
(11,25,((26,8),((((((((((27,5),(22,12)),10),30),(9,(3,18))),((6,21),((28,13),20))),29),(((4,16),23),(1,17))),((7,15),24)),(19,(14,2)))));

STEP 100 [uSPR_ClassicHeuristic_null_MS_RF -> NNI_Substep_24] - Distance: 11.0000
(11,25,((26,8),((((((((((27,5),10),(22,12)),30),(9,(3,18))),((6,21),((28,13),20))),29),(((4,16),23),(1,17))),((7,15),24)),(19,(14,2)))));

STEP 101 [uSPR_ClassicHeuristic_null_MS_RF -> NNI_Substep_25] - Distance: 11.0000
(11,25,((26,8),(((((((((27,(5,10)),(22,12)),30),(9,(3,18))),((6,21),((28,13),20))),29),(((4,16),23),(1,17))),((7,15),24)),(19,(14,2)))));

STEP 102 [uSPR_ClassicHeuristic_null_MS_RF -> NNI_Substep_26] - Distance: 12.0000
(11,25,((26,8),((((((((((5,10),(22,12)),27),30),(9,(3,18))),((6,21),((28,13),20))),29),(((4,16),23),(1,17))),((7,15),24)),(19,(14,2)))));

STEP 103 [uSPR_ClassicHeuristic_null_MS_RF -> NNI_Substep_27] - Distance: 12.0000
(11,25,((26,8),((((((((((5,10),(22,12)),30),27),(9,(3,18))),((6,21),((28,13),20))),29),(((4,16),23),(1,17))),((7,15),24)),(19,(14,2)))));

STEP 104 [uSPR_ClassicHeuristic_null_MS_RF -> NNI_Substep_28] - Distance: 14.0000
(11,25,((26,8),((((((((((5,10),(22,12)),30),(9,(3,18))),27),((6,21),((28,13),20))),29),(((4,16),23),(1,17))),((7,15),24)),(19,(14,2)))));

STEP 105 [uSPR_ClassicHeuristic_null_MS_RF -> NNI_Substep_29] - Distance: 16.0000
(11,25,((26,8),((((((((((5,10),(22,12)),30),(9,(3,18))),((6,21),((28,13),20))),27),29),(((4,16),23),(1,17))),((7,15),24)),(19,(14,2)))));

STEP 106 [uSPR_ClassicHeuristic_null_MS_RF -> NNI_Substep_30] - Distance: 14.0000
(11,25,((26,8),((((((((((5,10),(22,12)),30),(9,(3,18))),((6,21),((28,13),20))),29),27),(((4,16),23),(1,17))),((7,15),24)),(19,(14,2)))));

STEP 107 [uSPR_ClassicHeuristic_null_MS_RF -> NNI_Substep_31] - Distance: 8.0000
(11,25,((26,8),((((((((((5,10),(22,12)),30),(9,(3,18))),((6,21),((28,13),20))),29),(((4,16),23),(1,17))),27),((7,15),24)),(19,(14,2)))));

STEP 108 [uSPR_ClassicHeuristic_null_MS_RF -> NNI_Substep_32] - Distance: 10.0000
(11,25,((26,8),((((((((((5,10),(22,12)),30),(9,(3,18))),((6,21),((28,13),20))),29),(((4,16),23),(1,17))),((7,15),24)),27),(19,(14,2)))));

STEP 109 [uSPR_ClassicHeuristic_null_MS_RF -> NNI_Substep_33] - Distance: 0.0000
(11,25,((26,8),(((((((((5,10),(22,12)),30),(9,(3,18))),((6,21),((28,13),20))),29),(((4,16),23),(1,17))),(((7,15),24),27)),(19,(14,2)))));

========================================================
[FINAL] Total Steps: 109 | Final Distance: 0.0000
========================================================
