========================================================
HEURISTIC TRAJECTORY: VND Classic (MS_RF)
========================================================
STEP 0 [START] - Distance: 124.0000
((19,((18,(29,21)),(8,15))),(30,(3,(22,(13,9)))),(((16,2),((26,(12,(23,6))),(20,7))),(((27,(28,(10,1))),(4,(14,11))),((17,5),(24,25)))));

STEP 1 [NNI_ClassicHeuristic_MS_RF -> NNI_Substep_1] - Distance: 120.0000
(((16,2),((26,(12,(23,6))),(20,7))),(30,(3,(22,(13,9)))),((19,((18,(29,21)),(8,15))),(((27,(28,(10,1))),(4,(14,11))),((17,5),(24,25)))));

STEP 2 [NNI_ClassicHeuristic_MS_RF -> NNI_Substep_2] - Distance: 116.0000
(((16,2),((26,(12,(23,6))),(20,7))),(30,(3,(22,(13,9)))),(((17,5),(24,25)),(((27,(28,(10,1))),(4,(14,11))),(19,((18,(29,21)),(8,15))))));

STEP 3 [NNI_ClassicHeuristic_MS_RF -> NNI_Substep_3] - Distance: 113.0000
(((16,2),((26,(20,7)),(12,(23,6)))),(30,(3,(22,(13,9)))),(((17,5),(24,25)),(((27,(28,(10,1))),(4,(14,11))),(19,((18,(29,21)),(8,15))))));

STEP 4 [NNI_ClassicHeuristic_MS_RF -> NNI_Substep_4] - Distance: 110.0000
(((12,(23,6)),((26,(20,7)),(16,2))),(30,(3,(22,(13,9)))),(((17,5),(24,25)),(((27,(28,(10,1))),(4,(14,11))),(19,((18,(29,21)),(8,15))))));

STEP 5 [NNI_ClassicHeuristic_MS_RF -> NNI_Substep_5] - Distance: 107.0000
(((12,(23,6)),((26,(20,7)),(16,2))),(30,(3,(22,(13,9)))),(((17,5),(24,25)),(((27,(28,(10,1))),(4,(14,11))),((8,15),((18,(29,21)),19)))));

STEP 6 [NNI_ClassicHeuristic_MS_RF -> NNI_Substep_6] - Distance: 104.0000
(((12,(23,6)),((26,(20,7)),(16,2))),(30,(3,(22,(13,9)))),(((17,5),(24,25)),(((27,(28,(10,1))),(4,(14,11))),((8,15),((18,19),(29,21))))));

STEP 7 [NNI_ClassicHeuristic_MS_RF -> NNI_Substep_7] - Distance: 102.0000
(((12,(23,6)),((26,(20,7)),(16,2))),((22,(13,9)),(3,30)),(((17,5),(24,25)),(((27,(28,(10,1))),(4,(14,11))),((8,15),((18,19),(29,21))))));

STEP 8 [NNI_ClassicHeuristic_MS_RF -> NNI_Substep_8] - Distance: 100.0000
((((22,(13,9)),(3,30)),((26,(20,7)),(16,2))),(12,(23,6)),(((17,5),(24,25)),(((27,(28,(10,1))),(4,(14,11))),((8,15),((18,19),(29,21))))));

STEP 9 [NNI_ClassicHeuristic_MS_RF -> NNI_Substep_9] - Distance: 99.0000
((((22,(13,9)),(3,30)),((26,(20,7)),(16,2))),(12,(23,6)),(((17,5),(24,25)),((((10,1),(28,27)),(4,(14,11))),((8,15),((18,19),(29,21))))));

STEP 10 [2sECR_ClassicHeuristic_MS_RF -> NNI_Substep_1] - Distance: 100.0000
(((3,30),(((26,(20,7)),(16,2)),(22,(13,9)))),(12,(23,6)),(((17,5),(24,25)),((((10,1),(28,27)),(4,(14,11))),((8,15),((18,19),(29,21))))));

STEP 11 [2sECR_ClassicHeuristic_MS_RF -> NNI_Substep_2] - Distance: 97.0000
((((26,(20,7)),(16,2)),(22,(13,9))),((12,(23,6)),(3,30)),(((17,5),(24,25)),((((10,1),(28,27)),(4,(14,11))),((8,15),((18,19),(29,21))))));

STEP 12 [2sECR_ClassicHeuristic_MS_RF -> NNI_Substep_3] - Distance: 97.0000
((((26,(20,7)),(16,2)),(22,(13,9))),((23,(12,6)),(3,30)),(((17,5),(24,25)),((((10,1),(28,27)),(4,(14,11))),((8,15),((18,19),(29,21))))));

STEP 13 [2sECR_ClassicHeuristic_MS_RF -> NNI_Substep_4] - Distance: 95.0000
((((26,(20,7)),(16,2)),(22,(13,9))),((12,6),((3,30),23)),(((17,5),(24,25)),((((10,1),(28,27)),(4,(14,11))),((8,15),((18,19),(29,21))))));

STEP 14 [2sECR_ClassicHeuristic_MS_RF -> NNI_Substep_5] - Distance: 96.0000
((((26,(20,7)),(16,2)),(22,(13,9))),(12,6),(((3,30),23),(((17,5),(24,25)),((((10,1),(28,27)),(4,(14,11))),((8,15),((18,19),(29,21)))))));

STEP 15 [2sECR_ClassicHeuristic_MS_RF -> NNI_Substep_6] - Distance: 92.0000
((((26,(20,7)),(16,2)),(22,(13,9))),(12,6),(((((10,1),(28,27)),(4,(14,11))),((8,15),((18,19),(29,21)))),(((3,30),23),((17,5),(24,25)))));

STEP 16 [2sECR_ClassicHeuristic_MS_RF -> NNI_Substep_7] - Distance: 94.0000
((((26,(20,7)),(16,2)),(22,(13,9))),(12,6),((((10,1),(28,27)),(((8,15),((18,19),(29,21))),(4,(14,11)))),(((3,30),23),((17,5),(24,25)))));

STEP 17 [2sECR_ClassicHeuristic_MS_RF -> NNI_Substep_8] - Distance: 92.0000
((((26,(20,7)),(16,2)),(22,(13,9))),(12,6),((((8,15),((18,19),(29,21))),(4,(14,11))),((((3,30),23),((17,5),(24,25))),((10,1),(28,27)))));

STEP 18 [2sECR_ClassicHeuristic_MS_RF -> NNI_Substep_9] - Distance: 88.0000
((((26,(20,7)),(16,2)),(22,(13,9))),(12,6),((((8,15),((18,19),(29,21))),((((3,30),23),((17,5),(24,25))),((10,1),(28,27)))),(4,(14,11))));

STEP 19 [2sECR_ClassicHeuristic_MS_RF -> NNI_Substep_10] - Distance: 88.0000
((((20,(26,7)),(16,2)),(22,(13,9))),(12,6),((((8,15),((18,19),(29,21))),((((3,30),23),((17,5),(24,25))),((10,1),(28,27)))),(4,(14,11))));

STEP 20 [2sECR_ClassicHeuristic_MS_RF -> NNI_Substep_11] - Distance: 88.0000
((((26,7),((16,2),20)),(22,(13,9))),(12,6),((((8,15),((18,19),(29,21))),((((3,30),23),((17,5),(24,25))),((10,1),(28,27)))),(4,(14,11))));

STEP 21 [2sECR_ClassicHeuristic_MS_RF -> NNI_Substep_12] - Distance: 86.0000
((((26,((16,2),20)),7),(22,(13,9))),(12,6),((((8,15),((18,19),(29,21))),((((3,30),23),((17,5),(24,25))),((10,1),(28,27)))),(4,(14,11))));

STEP 22 [2sECR_ClassicHeuristic_MS_RF -> NNI_Substep_13] - Distance: 87.0000
(((26,((16,2),20)),((22,(13,9)),7)),(12,6),((((8,15),((18,19),(29,21))),((((3,30),23),((17,5),(24,25))),((10,1),(28,27)))),(4,(14,11))));

STEP 23 [2sECR_ClassicHeuristic_MS_RF -> NNI_Substep_14] - Distance: 89.0000
(((22,(13,9)),7),((12,6),(26,((16,2),20))),((((8,15),((18,19),(29,21))),((((3,30),23),((17,5),(24,25))),((10,1),(28,27)))),(4,(14,11))));

STEP 24 [2sECR_ClassicHeuristic_MS_RF -> NNI_Substep_15] - Distance: 84.0000
(((22,(13,9)),((12,6),(26,((16,2),20)))),7,((((8,15),((18,19),(29,21))),((((3,30),23),((17,5),(24,25))),((10,1),(28,27)))),(4,(14,11))));

STEP 25 [2sECR_ClassicHeuristic_MS_RF -> NNI_Substep_16] - Distance: 88.0000
(((22,(13,9)),((12,6),(26,((16,2),20)))),7,(4,((((8,15),((18,19),(29,21))),((((3,30),23),((17,5),(24,25))),((10,1),(28,27)))),(14,11))));

STEP 26 [2sECR_ClassicHeuristic_MS_RF -> NNI_Substep_17] - Distance: 82.0000
(4,7,(((22,(13,9)),((12,6),(26,((16,2),20)))),((((8,15),((18,19),(29,21))),((((3,30),23),((17,5),(24,25))),((10,1),(28,27)))),(14,11))));

STEP 27 [2sECR_ClassicHeuristic_MS_RF -> NNI_Substep_18] - Distance: 86.0000
(((((8,15),((18,19),(29,21))),((((3,30),23),((17,5),(24,25))),((10,1),(28,27)))),(14,11)),7,(4,((22,(13,9)),((12,6),(26,((16,2),20))))));

STEP 28 [2sECR_ClassicHeuristic_MS_RF -> NNI_Substep_19] - Distance: 79.0000
(((((8,15),((18,19),(29,21))),((((3,30),23),((17,5),(24,25))),((10,1),(28,27)))),(14,11)),7,(((12,6),(26,((16,2),20))),(4,(22,(13,9)))));

STEP 29 [2sECR_ClassicHeuristic_MS_RF -> NNI_Substep_20] - Distance: 86.0000
((((8,15),(((((3,30),23),((17,5),(24,25))),((10,1),(28,27))),((18,19),(29,21)))),(14,11)),7,(((12,6),(26,((16,2),20))),(4,(22,(13,9)))));

STEP 30 [2sECR_ClassicHeuristic_MS_RF -> NNI_Substep_21] - Distance: 84.0000
((((14,11),(((((3,30),23),((17,5),(24,25))),((10,1),(28,27))),((18,19),(29,21)))),(8,15)),7,(((12,6),(26,((16,2),20))),(4,(22,(13,9)))));

STEP 31 [2sECR_ClassicHeuristic_MS_RF -> NNI_Substep_22] - Distance: 77.0000
(((((((3,30),23),((17,5),(24,25))),((10,1),(28,27))),((14,11),((18,19),(29,21)))),(8,15)),7,(((12,6),(26,((16,2),20))),(4,(22,(13,9)))));

STEP 32 [2sECR_ClassicHeuristic_MS_RF -> NNI_Substep_23] - Distance: 78.0000
(((((((3,30),23),((17,5),(24,25))),((10,1),(28,27))),(11,(14,((18,19),(29,21))))),(8,15)),7,(((12,6),(26,((16,2),20))),(4,(22,(13,9)))));

STEP 33 [2sECR_ClassicHeuristic_MS_RF -> NNI_Substep_24] - Distance: 75.0000
(((((((3,30),23),((17,5),(24,25))),((10,1),(28,27))),(11,((29,21),(14,(18,19))))),(8,15)),7,(((12,6),(26,((16,2),20))),(4,(22,(13,9)))));

STEP 34 [2sECR_ClassicHeuristic_MS_RF -> NNI_Substep_25] - Distance: 73.0000
(((((((3,30),23),((17,5),(24,25))),((10,1),(28,27))),(11,((29,21),(18,(14,19))))),(8,15)),7,(((12,6),(26,((16,2),20))),(4,(22,(13,9)))));

STEP 35 [2sECR_ClassicHeuristic_MS_RF -> NNI_Substep_26] - Distance: 72.0000
((((((((3,30),23),(24,25)),(17,5)),((10,1),(28,27))),(11,((29,21),(18,(14,19))))),(8,15)),7,(((12,6),(26,((16,2),20))),(4,(22,(13,9)))));

STEP 36 [2sECR_ClassicHeuristic_MS_RF -> NNI_Substep_27] - Distance: 78.0000
((8,(((((((3,30),23),(24,25)),(17,5)),((10,1),(28,27))),(11,((29,21),(18,(14,19))))),15)),7,(((12,6),(26,((16,2),20))),(4,(22,(13,9)))));

STEP 37 [2sECR_ClassicHeuristic_MS_RF -> NNI_Substep_28] - Distance: 71.0000
((((((((3,30),23),(24,25)),(17,5)),((10,1),(28,27))),(11,((29,21),(18,(14,19))))),15),(7,8),(((12,6),(26,((16,2),20))),(4,(22,(13,9)))));

STEP 38 [2sECR_ClassicHeuristic_MS_RF -> NNI_Substep_29] - Distance: 76.0000
((((((((3,30),23),(24,25)),(17,5)),((10,1),(28,27))),(11,((29,21),(18,(14,19))))),15),7,(8,(((12,6),(26,((16,2),20))),(4,(22,(13,9))))));

STEP 39 [2sECR_ClassicHeuristic_MS_RF -> NNI_Substep_30] - Distance: 69.0000
((((((((3,30),23),(24,25)),(17,5)),((10,1),(28,27))),(11,((29,21),(18,(14,19))))),15),7,(((12,6),(26,((16,2),20))),(8,(4,(22,(13,9))))));

STEP 40 [2sECR_ClassicHeuristic_MS_RF -> NNI_Substep_31] - Distance: 67.0000
((((((((3,30),23),(24,25)),(17,5)),((10,1),(28,27))),(11,((29,21),(18,(14,19))))),15),7,(((12,6),(26,((16,2),20))),(4,(8,(22,(13,9))))));

STEP 41 [2sECR_ClassicHeuristic_MS_RF -> NNI_Substep_32] - Distance: 73.0000
(((11,((((((3,30),23),(24,25)),(17,5)),((10,1),(28,27))),((29,21),(18,(14,19))))),15),7,(((12,6),(26,((16,2),20))),(4,(8,(22,(13,9))))));

STEP 42 [2sECR_ClassicHeuristic_MS_RF -> NNI_Substep_33] - Distance: 73.0000
(((15,((((((3,30),23),(24,25)),(17,5)),((10,1),(28,27))),((29,21),(18,(14,19))))),11),7,(((12,6),(26,((16,2),20))),(4,(8,(22,(13,9))))));

STEP 43 [2sECR_ClassicHeuristic_MS_RF -> NNI_Substep_34] - Distance: 65.0000
((((((((3,30),23),(24,25)),(17,5)),((10,1),(28,27))),(15,((29,21),(18,(14,19))))),11),7,(((12,6),(26,((16,2),20))),(4,(8,(22,(13,9))))));

STEP 44 [2sECR_ClassicHeuristic_MS_RF -> NNI_Substep_35] - Distance: 65.0000
((((((((3,30),23),(24,25)),(17,5)),((10,1),(28,27))),(15,((29,21),(18,(14,19))))),11),7,(((12,6),(26,(16,(20,2)))),(4,(8,(22,(13,9))))));

STEP 45 [2sECR_ClassicHeuristic_MS_RF -> NNI_Substep_36] - Distance: 64.0000
((((((((3,30),23),(24,25)),(17,5)),((10,1),(28,27))),(15,((29,21),(18,(14,19))))),11),7,(((12,6),((26,16),(20,2))),(4,(8,(22,(13,9))))));

STEP 46 [2sECR_ClassicHeuristic_MS_RF -> NNI_Substep_37] - Distance: 65.0000
((((((((3,30),23),(24,25)),(17,5)),((10,1),(28,27))),(15,((29,21),(18,(14,19))))),11),7,(((12,6),(16,((20,2),26))),(4,(8,(22,(13,9))))));

STEP 47 [2sECR_ClassicHeuristic_MS_RF -> NNI_Substep_38] - Distance: 62.0000
((((((((3,30),23),(24,25)),(17,5)),((10,1),(28,27))),(15,((29,21),(18,(14,19))))),11),7,((((12,6),16),((20,2),26)),(4,(8,(22,(13,9))))));

STEP 48 [2sECR_ClassicHeuristic_MS_RF -> NNI_Substep_39] - Distance: 62.0000
((((((((3,30),23),(24,25)),(17,5)),((10,1),(28,27))),(15,((29,21),(18,(14,19))))),11),7,((((12,6),16),((20,2),26)),(4,(8,(13,(22,9))))));

STEP 49 [2sECR_ClassicHeuristic_MS_RF -> NNI_Substep_40] - Distance: 61.0000
((((((((3,30),23),(24,25)),(17,5)),((10,1),(28,27))),(15,((29,21),(18,(14,19))))),11),7,((((12,6),16),((20,2),26)),(4,((8,13),(22,9)))));

STEP 50 [2sECR_ClassicHeuristic_MS_RF -> NNI_Substep_41] - Distance: 62.0000
((((((((3,30),23),(24,25)),(17,5)),((10,1),(28,27))),(15,((29,21),(18,(14,19))))),11),7,((((12,6),16),((20,2),26)),(4,(13,((22,9),8)))));

STEP 51 [2sECR_ClassicHeuristic_MS_RF -> NNI_Substep_42] - Distance: 60.0000
((((((((3,30),23),(24,25)),(17,5)),((10,1),(28,27))),(15,((29,21),(18,(14,19))))),11),7,((((12,6),16),((20,2),26)),((4,13),((22,9),8))));

STEP 52 [3sECR_ClassicHeuristic_MS_RF -> NNI_Substep_1] - Distance: 60.0000
((11,((15,((29,21),(18,(14,19)))),((((10,1),(28,27)),(((3,30),23),(24,25))),(17,5)))),7,((((12,6),16),((20,2),26)),((4,13),((22,9),8))));

STEP 53 [3sECR_ClassicHeuristic_MS_RF -> NNI_Substep_2] - Distance: 64.0000
((11,(((15,((29,21),(18,(14,19)))),(((10,1),(28,27)),(((3,30),23),(24,25)))),(17,5))),7,((((12,6),16),((20,2),26)),((4,13),((22,9),8))));

STEP 54 [3sECR_ClassicHeuristic_MS_RF -> NNI_Substep_3] - Distance: 61.0000
(((11,((15,((29,21),(18,(14,19)))),(((10,1),(28,27)),(((3,30),23),(24,25))))),(17,5)),7,((((12,6),16),((20,2),26)),((4,13),((22,9),8))));

STEP 55 [3sECR_ClassicHeuristic_MS_RF -> NNI_Substep_4] - Distance: 54.0000
((((11,(((10,1),(28,27)),(((3,30),23),(24,25)))),(15,((29,21),(18,(14,19))))),(17,5)),7,((((12,6),16),((20,2),26)),((4,13),((22,9),8))));

STEP 56 [3sECR_ClassicHeuristic_MS_RF -> NNI_Substep_5] - Distance: 51.0000
(((((11,(((3,30),23),(24,25))),((10,1),(28,27))),(15,((29,21),(18,(14,19))))),(17,5)),7,((((12,6),16),((20,2),26)),((4,13),((22,9),8))));

STEP 57 [3sECR_ClassicHeuristic_MS_RF -> NNI_Substep_6] - Distance: 51.0000
(((((11,((24,25),((23,30),3))),((10,1),(28,27))),(15,((29,21),(18,(14,19))))),(17,5)),7,((((12,6),16),((20,2),26)),((4,13),((22,9),8))));

STEP 58 [3sECR_ClassicHeuristic_MS_RF -> NNI_Substep_7] - Distance: 51.0000
(((((11,(((24,25),3),(23,30))),((10,1),(28,27))),(15,((29,21),(18,(14,19))))),(17,5)),7,((((12,6),16),((20,2),26)),((4,13),((22,9),8))));

STEP 59 [3sECR_ClassicHeuristic_MS_RF -> NNI_Substep_8] - Distance: 48.0000
((((((11,((24,25),3)),(23,30)),((10,1),(28,27))),(15,((29,21),(18,(14,19))))),(17,5)),7,((((12,6),16),((20,2),26)),((4,13),((22,9),8))));

STEP 60 [3sECR_ClassicHeuristic_MS_RF -> NNI_Substep_9] - Distance: 45.0000
(((((((11,3),(24,25)),(23,30)),((10,1),(28,27))),(15,((29,21),(18,(14,19))))),(17,5)),7,((((12,6),16),((20,2),26)),((4,13),((22,9),8))));

STEP 61 [3sECR_ClassicHeuristic_MS_RF -> NNI_Substep_10] - Distance: 46.0000
(((((((11,3),(24,25)),(23,30)),(((10,1),27),28)),(15,((29,21),(18,(14,19))))),(17,5)),7,((((12,6),16),((20,2),26)),((4,13),((22,9),8))));

STEP 62 [3sECR_ClassicHeuristic_MS_RF -> NNI_Substep_11] - Distance: 47.0000
((((((((11,3),(24,25)),(23,30)),28),((10,1),27)),(15,((29,21),(18,(14,19))))),(17,5)),7,((((12,6),16),((20,2),26)),((4,13),((22,9),8))));

STEP 63 [3sECR_ClassicHeuristic_MS_RF -> NNI_Substep_12] - Distance: 42.0000
(((((((11,3),(24,25)),((23,30),28)),((10,1),27)),(15,((29,21),(18,(14,19))))),(17,5)),7,((((12,6),16),((20,2),26)),((4,13),((22,9),8))));

STEP 64 [3sECR_ClassicHeuristic_MS_RF -> NNI_Substep_13] - Distance: 48.0000
((((((((11,3),(24,25)),((23,30),28)),(10,1)),27),(15,((29,21),(18,(14,19))))),(17,5)),7,((((12,6),16),((20,2),26)),((4,13),((22,9),8))));

STEP 65 [3sECR_ClassicHeuristic_MS_RF -> NNI_Substep_14] - Distance: 43.0000
(((((((11,3),(24,25)),((23,30),28)),(10,1)),(27,(15,((29,21),(18,(14,19)))))),(17,5)),7,((((12,6),16),((20,2),26)),((4,13),((22,9),8))));

STEP 66 [3sECR_ClassicHeuristic_MS_RF -> NNI_Substep_15] - Distance: 37.0000
(((((((11,3),(24,25)),((23,30),28)),(10,1)),((27,15),((29,21),(18,(14,19))))),(17,5)),7,((((12,6),16),((20,2),26)),((4,13),((22,9),8))));

STEP 67 [3sECR_ClassicHeuristic_MS_RF -> NNI_Substep_16] - Distance: 35.0000
(((((((11,3),(24,25)),((28,30),23)),(10,1)),((27,15),((29,21),(18,(14,19))))),(17,5)),7,((((12,6),16),((20,2),26)),((4,13),((22,9),8))));

STEP 68 [3sECR_ClassicHeuristic_MS_RF -> NNI_Substep_17] - Distance: 37.0000
(((((((11,3),(24,25)),((28,30),23)),(10,1)),((27,15),((29,21),(18,(14,19))))),(17,5)),7,((((12,6),16),((20,2),26)),((((22,9),8),4),13)));

STEP 69 [3sECR_ClassicHeuristic_MS_RF -> NNI_Substep_18] - Distance: 37.0000
(((((((11,3),(24,25)),((28,30),23)),(10,1)),((27,15),((29,21),(18,(14,19))))),(17,5)),7,(((((12,6),16),((20,2),26)),13),(((22,9),8),4)));

STEP 70 [3sECR_ClassicHeuristic_MS_RF -> NNI_Substep_19] - Distance: 33.0000
(((((((11,3),(24,25)),((28,30),23)),(10,1)),((27,15),((29,21),(18,(14,19))))),(17,5)),7,((((12,6),16),(((20,2),26),13)),(((22,9),8),4)));

STEP 71 [3sECR_ClassicHeuristic_MS_RF -> NNI_Substep_20] - Distance: 30.0000
(((((((11,3),(24,25)),((28,30),23)),(10,1)),((27,15),((29,21),(18,(14,19))))),(17,5)),7,((((12,6),16),((13,26),(20,2))),(((22,9),8),4)));

STEP 72 [3sECR_ClassicHeuristic_MS_RF -> NNI_Substep_21] - Distance: 31.0000
(((((10,1),(((28,30),23),(((11,3),25),24))),((27,15),((29,21),(18,(14,19))))),(17,5)),7,((((12,6),16),((13,26),(20,2))),(((22,9),8),4)));

STEP 73 [3sECR_ClassicHeuristic_MS_RF -> NNI_Substep_22] - Distance: 33.0000
(((((10,1),((((28,30),23),((11,3),25)),24)),((27,15),((29,21),(18,(14,19))))),(17,5)),7,((((12,6),16),((13,26),(20,2))),(((22,9),8),4)));

STEP 74 [3sECR_ClassicHeuristic_MS_RF -> NNI_Substep_23] - Distance: 29.0000
((((((10,1),24),(((28,30),23),((11,3),25))),((27,15),((29,21),(18,(14,19))))),(17,5)),7,((((12,6),16),((13,26),(20,2))),(((22,9),8),4)));

STEP 75 [3sECR_ClassicHeuristic_MS_RF -> NNI_Substep_24] - Distance: 34.0000
((((((((28,30),23),((11,3),25)),(10,1)),24),((27,15),((29,21),(18,(14,19))))),(17,5)),7,((((12,6),16),((13,26),(20,2))),(((22,9),8),4)));

STEP 76 [3sECR_ClassicHeuristic_MS_RF -> NNI_Substep_25] - Distance: 31.0000
(((((((28,30),23),((11,3),25)),(10,1)),(24,((27,15),((29,21),(18,(14,19)))))),(17,5)),7,((((12,6),16),((13,26),(20,2))),(((22,9),8),4)));

STEP 77 [3sECR_ClassicHeuristic_MS_RF -> NNI_Substep_26] - Distance: 27.0000
(((((((28,30),23),((11,3),25)),(10,1)),((24,(27,15)),((29,21),(18,(14,19))))),(17,5)),7,((((12,6),16),((13,26),(20,2))),(((22,9),8),4)));

STEP 78 [3sECR_ClassicHeuristic_MS_RF -> NNI_Substep_27] - Distance: 28.0000
(((((((28,30),23),((11,3),25)),(10,1)),((24,((29,21),(18,(14,19)))),(27,15))),(17,5)),7,((((12,6),16),((13,26),(20,2))),(((22,9),8),4)));

STEP 79 [3sECR_ClassicHeuristic_MS_RF -> NNI_Substep_28] - Distance: 25.0000
(((((((28,30),23),((11,3),25)),(10,1)),(((24,(18,(14,19))),(29,21)),(27,15))),(17,5)),7,((((12,6),16),((13,26),(20,2))),(((22,9),8),4)));

STEP 80 [3sECR_ClassicHeuristic_MS_RF -> NNI_Substep_29] - Distance: 22.0000
(((((((28,30),23),((11,3),25)),(10,1)),((((24,18),(14,19)),(29,21)),(27,15))),(17,5)),7,((((12,6),16),((13,26),(20,2))),(((22,9),8),4)));

STEP 81 [3sECR_ClassicHeuristic_MS_RF -> NNI_Substep_30] - Distance: 27.0000
(((17,5),(((((24,18),(14,19)),(29,21)),(27,15)),(((((28,30),23),((11,3),25)),1),10))),7,((((12,6),16),((13,26),(20,2))),(((22,9),8),4)));

STEP 82 [3sECR_ClassicHeuristic_MS_RF -> NNI_Substep_31] - Distance: 30.0000
(((17,5),((((((24,18),(14,19)),(29,21)),(27,15)),((((28,30),23),((11,3),25)),1)),10)),7,((((12,6),16),((13,26),(20,2))),(((22,9),8),4)));

STEP 83 [3sECR_ClassicHeuristic_MS_RF -> NNI_Substep_32] - Distance: 21.0000
((((17,5),10),(((((24,18),(14,19)),(29,21)),(27,15)),((((28,30),23),((11,3),25)),1))),7,((((12,6),16),((13,26),(20,2))),(((22,9),8),4)));

STEP 84 [2sECR_ClassicHeuristic_MS_RF -> NNI_Substep_1] - Distance: 29.0000
((10,((((((24,18),(14,19)),(29,21)),(27,15)),((((28,30),23),((11,3),25)),1)),(17,5))),7,((((12,6),16),((13,26),(20,2))),(((22,9),8),4)));

STEP 85 [2sECR_ClassicHeuristic_MS_RF -> NNI_Substep_2] - Distance: 19.0000
(((((((24,18),(14,19)),(29,21)),(27,15)),((((28,30),23),((11,3),25)),1)),(17,5)),(7,10),((((12,6),16),((13,26),(20,2))),(((22,9),8),4)));

STEP 86 [2sECR_ClassicHeuristic_MS_RF -> NNI_Substep_3] - Distance: 27.0000
((17,((((((24,18),(14,19)),(29,21)),(27,15)),((((28,30),23),((11,3),25)),1)),5)),(7,10),((((12,6),16),((13,26),(20,2))),(((22,9),8),4)));

STEP 87 [2sECR_ClassicHeuristic_MS_RF -> NNI_Substep_4] - Distance: 17.0000
(((((((24,18),(14,19)),(29,21)),(27,15)),((((28,30),23),((11,3),25)),1)),5),((7,10),17),((((12,6),16),((13,26),(20,2))),(((22,9),8),4)));

STEP 88 [uSPR_ClassicHeuristic_null_MS_RF -> NNI_Substep_1] - Distance: 17.0000
(((((((24,18),(14,19)),(29,21)),(27,15)),((((28,30),23),((11,3),25)),1)),5),((7,10),17),((((6,16),12),((13,26),(20,2))),(((22,9),8),4)));

STEP 89 [uSPR_ClassicHeuristic_null_MS_RF -> NNI_Substep_2] - Distance: 20.0000
(((((((24,18),(14,19)),(29,21)),(27,15)),((((28,30),23),((11,3),25)),1)),5),((7,10),17),((((6,16),((13,26),(20,2))),12),(((22,9),8),4)));

STEP 90 [uSPR_ClassicHeuristic_null_MS_RF -> NNI_Substep_3] - Distance: 23.0000
(((((((24,18),(14,19)),(29,21)),(27,15)),((((28,30),23),((11,3),25)),1)),5),((7,10),17),((((6,16),((13,26),(20,2))),(((22,9),8),4)),12));

STEP 91 [uSPR_ClassicHeuristic_null_MS_RF -> NNI_Substep_4] - Distance: 25.0000
((((((((24,18),(14,19)),(29,21)),(27,15)),((((28,30),23),((11,3),25)),1)),5),12),((7,10),17),(((6,16),((13,26),(20,2))),(((22,9),8),4)));

STEP 92 [uSPR_ClassicHeuristic_null_MS_RF -> NNI_Substep_5] - Distance: 23.0000
((((((((24,18),(14,19)),(29,21)),(27,15)),((((28,30),23),((11,3),25)),1)),12),5),((7,10),17),(((6,16),((13,26),(20,2))),(((22,9),8),4)));

STEP 93 [uSPR_ClassicHeuristic_null_MS_RF -> NNI_Substep_6] - Distance: 15.0000
((((((((24,18),(14,19)),(29,21)),(27,15)),12),((((28,30),23),((11,3),25)),1)),5),((7,10),17),(((6,16),((13,26),(20,2))),(((22,9),8),4)));

STEP 94 [uSPR_ClassicHeuristic_null_MS_RF -> NNI_Substep_7] - Distance: 12.0000
((((((((24,18),(14,19)),(29,21)),12),(27,15)),((((28,30),23),((11,3),25)),1)),5),((7,10),17),(((6,16),((13,26),(20,2))),(((22,9),8),4)));

STEP 95 [uSPR_ClassicHeuristic_null_MS_RF -> NNI_Substep_8] - Distance: 7.0000
(((((((24,18),(14,19)),((29,21),12)),(27,15)),((((28,30),23),((11,3),25)),1)),5),((7,10),17),(((6,16),((13,26),(20,2))),(((22,9),8),4)));

STEP 96 [uSPR_ClassicHeuristic_null_MS_RF -> NNI_Substep_9] - Distance: 7.0000
(((((((24,18),(14,19)),((29,21),12)),(27,15)),((((28,30),23),((11,3),25)),1)),5),((7,17),10),(((6,16),((13,26),(20,2))),(((22,9),8),4)));

STEP 97 [uSPR_ClassicHeuristic_null_MS_RF -> NNI_Substep_10] - Distance: 13.0000
(((((((24,18),(14,19)),((29,21),12)),(27,15)),((((28,30),23),((11,3),25)),1)),5),(7,17),((((6,16),((13,26),(20,2))),(((22,9),8),4)),10));

STEP 98 [uSPR_ClassicHeuristic_null_MS_RF -> NNI_Substep_11] - Distance: 8.0000
(((((((24,18),(14,19)),((29,21),12)),(27,15)),((((28,30),23),((11,3),25)),1)),5),(7,17),((((6,16),((13,26),(20,2))),10),(((22,9),8),4)));

STEP 99 [uSPR_ClassicHeuristic_null_MS_RF -> NNI_Substep_12] - Distance: 5.0000
(((((((24,18),(14,19)),((29,21),12)),(27,15)),((((28,30),23),((11,3),25)),1)),5),(7,17),(((6,16),(((13,26),(20,2)),10)),(((22,9),8),4)));

STEP 100 [uSPR_ClassicHeuristic_null_MS_RF -> NNI_Substep_13] - Distance: 2.0000
(((((((24,18),(14,19)),((29,21),12)),(27,15)),((((28,30),23),((11,3),25)),1)),5),(7,17),(((6,16),((13,26),((20,2),10))),(((22,9),8),4)));

STEP 101 [uSPR_ClassicHeuristic_null_MS_RF -> NNI_Substep_14] - Distance: 0.0000
(((((((24,18),(14,19)),((29,21),12)),(27,15)),((((28,30),23),((11,3),25)),1)),5),(7,17),(((6,16),((13,26),((20,10),2))),(((22,9),8),4)));

========================================================
[FINAL] Total Steps: 101 | Final Distance: 0.0000
========================================================
