========================================================
HEURISTIC TRAJECTORY: VND Classic (RF)
========================================================
STEP 0 [START] - Distance: 26.0000
((((15,(2,(18,21))),(4,8)),(22,(5,(9,(10,29))))),(28,(14,30)),((17,(1,3)),((26,((6,16),(13,(25,27)))),((7,(20,(24,(11,19)))),(12,23)))));

STEP 1 [NNI_ClassicHeuristic_RF] - Distance: 25.0000
((((15,(2,(18,21))),(4,8)),(22,(5,(9,(10,29))))),(28,(14,30)),((17,(1,3)),((26,((6,16),(25,(13,27)))),((7,(20,(24,(11,19)))),(12,23)))));

STEP 2 [2sECR_ClassicHeuristic_RF -> NNI_Substep_1] - Distance: 25.0000
((((15,(2,(18,21))),(4,8)),(22,(9,(5,(10,29))))),(28,(14,30)),((17,(1,3)),((26,((6,16),(25,(13,27)))),((7,(20,(24,(11,19)))),(12,23)))));

STEP 3 [2sECR_ClassicHeuristic_RF -> NNI_Substep_2] - Distance: 24.0000
((((15,(2,(18,21))),(4,8)),(22,(9,(10,(5,29))))),(28,(14,30)),((17,(1,3)),((26,((6,16),(25,(13,27)))),((7,(20,(24,(11,19)))),(12,23)))));

STEP 4 [3sECR_ClassicHeuristic_RF -> NNI_Substep_1] - Distance: 24.0000
(((4,8),((15,(2,(18,21))),(22,(9,(10,(5,29)))))),(28,(14,30)),((17,(1,3)),((26,((6,16),(25,(13,27)))),((7,(20,(24,(11,19)))),(12,23)))));

STEP 5 [3sECR_ClassicHeuristic_RF -> NNI_Substep_2] - Distance: 24.0000
(((4,8),(((15,(2,(18,21))),22),(9,(10,(5,29))))),(28,(14,30)),((17,(1,3)),((26,((6,16),(25,(13,27)))),((7,(20,(24,(11,19)))),(12,23)))));

STEP 6 [3sECR_ClassicHeuristic_RF -> NNI_Substep_3] - Distance: 23.0000
(((4,8),(((15,22),(2,(18,21))),(9,(10,(5,29))))),(28,(14,30)),((17,(1,3)),((26,((6,16),(25,(13,27)))),((7,(20,(24,(11,19)))),(12,23)))));

STEP 7 [3sECR_ClassicHeuristic_RF -> NNI_Substep_4] - Distance: 23.0000
(((4,8),(((15,22),(2,(18,21))),((9,10),(5,29)))),(28,(14,30)),((17,(1,3)),((26,((6,16),(25,(13,27)))),((7,(20,(24,(11,19)))),(12,23)))));

STEP 8 [3sECR_ClassicHeuristic_RF -> NNI_Substep_5] - Distance: 23.0000
(((4,8),((((15,22),(2,(18,21))),(5,29)),(9,10))),(28,(14,30)),((17,(1,3)),((26,((6,16),(25,(13,27)))),((7,(20,(24,(11,19)))),(12,23)))));

STEP 9 [3sECR_ClassicHeuristic_RF -> NNI_Substep_6] - Distance: 22.0000
(((4,8),((((15,22),(5,29)),(2,(18,21))),(9,10))),(28,(14,30)),((17,(1,3)),((26,((6,16),(25,(13,27)))),((7,(20,(24,(11,19)))),(12,23)))));

STEP 10 [3sECR_ClassicHeuristic_RF -> NNI_Substep_7] - Distance: 22.0000
(((4,8),((((15,22),(5,29)),(2,(18,21))),(9,10))),(28,(14,30)),((17,(1,3)),((((7,(20,(24,(11,19)))),(12,23)),((6,16),(25,(13,27)))),26)));

STEP 11 [3sECR_ClassicHeuristic_RF -> NNI_Substep_8] - Distance: 22.0000
(((4,8),((((15,22),(5,29)),(2,(18,21))),(9,10))),(28,(14,30)),(((17,(1,3)),26),(((7,(20,(24,(11,19)))),(12,23)),((6,16),(25,(13,27))))));

STEP 12 [3sECR_ClassicHeuristic_RF -> NNI_Substep_9] - Distance: 21.0000
(((4,8),((((15,22),(5,29)),(2,(18,21))),(9,10))),(28,(14,30)),(((17,26),(1,3)),(((7,(20,(24,(11,19)))),(12,23)),((6,16),(25,(13,27))))));

STEP 13 [uSPR_ClassicHeuristic_RF -> NNI_Substep_1] - Distance: 21.0000
(((4,((((15,22),(5,29)),(2,(18,21))),(9,10))),8),(28,(14,30)),(((17,26),(1,3)),(((7,(20,(24,(11,19)))),(12,23)),((6,16),(25,(13,27))))));

STEP 14 [uSPR_ClassicHeuristic_RF -> NNI_Substep_2] - Distance: 21.0000
(((((((15,22),(5,29)),(2,(18,21))),(9,10)),8),4),(28,(14,30)),(((17,26),(1,3)),(((7,(20,(24,(11,19)))),(12,23)),((6,16),(25,(13,27))))));

STEP 15 [uSPR_ClassicHeuristic_RF -> NNI_Substep_3] - Distance: 21.0000
(((((((15,22),(5,29)),(2,(18,21))),8),(9,10)),4),(28,(14,30)),(((17,26),(1,3)),(((7,(20,(24,(11,19)))),(12,23)),((6,16),(25,(13,27))))));

STEP 16 [uSPR_ClassicHeuristic_RF -> NNI_Substep_4] - Distance: 21.0000
((4,((((15,22),(5,29)),((2,(18,21)),8)),(9,10))),(28,(14,30)),(((17,26),(1,3)),(((7,(20,(24,(11,19)))),(12,23)),((6,16),(25,(13,27))))));

STEP 17 [uSPR_ClassicHeuristic_RF -> NNI_Substep_5] - Distance: 21.0000
((4,((((15,22),(5,29)),(2,((18,21),8))),(9,10))),(28,(14,30)),(((17,26),(1,3)),(((7,(20,(24,(11,19)))),(12,23)),((6,16),(25,(13,27))))));

STEP 18 [uSPR_ClassicHeuristic_RF -> NNI_Substep_6] - Distance: 20.0000
((4,((((15,22),(5,29)),(2,((18,8),21))),(9,10))),(28,(14,30)),(((17,26),(1,3)),(((7,(20,(24,(11,19)))),(12,23)),((6,16),(25,(13,27))))));

STEP 19 [uSPR_ClassicHeuristic_RF -> NNI_Substep_7] - Distance: 20.0000
((4,((((15,22),(5,29)),(2,((18,8),21))),(9,10))),(28,(14,30)),(((17,26),(1,3)),((((7,(20,(24,(11,19)))),(12,23)),(25,(13,27))),(6,16))));

STEP 20 [uSPR_ClassicHeuristic_RF -> NNI_Substep_8] - Distance: 20.0000
((4,((((15,22),(5,29)),(2,((18,8),21))),(9,10))),(28,(14,30)),((((17,26),(1,3)),(((7,(20,(24,(11,19)))),(12,23)),(25,(13,27)))),(6,16)));

STEP 21 [uSPR_ClassicHeuristic_RF -> NNI_Substep_9] - Distance: 20.0000
(((4,((((15,22),(5,29)),(2,((18,8),21))),(9,10))),(6,16)),(28,(14,30)),(((17,26),(1,3)),(((7,(20,(24,(11,19)))),(12,23)),(25,(13,27)))));

STEP 22 [uSPR_ClassicHeuristic_RF -> NNI_Substep_10] - Distance: 19.0000
(((4,(6,16)),((((15,22),(5,29)),(2,((18,8),21))),(9,10))),(28,(14,30)),(((17,26),(1,3)),(((7,(20,(24,(11,19)))),(12,23)),(25,(13,27)))));

STEP 23 [uSPR_ClassicHeuristic_RF -> NNI_Substep_11] - Distance: 19.0000
(((((15,22),(5,29)),(2,((18,8),21))),(9,10)),(28,(14,30)),((((17,26),(1,3)),(((7,(20,(24,(11,19)))),(12,23)),(25,(13,27)))),(4,(6,16))));

STEP 24 [uSPR_ClassicHeuristic_RF -> NNI_Substep_12] - Distance: 19.0000
(((((15,22),(5,29)),(2,((18,8),21))),(9,10)),(28,(14,30)),((((17,26),(1,3)),(4,(6,16))),(((7,(20,(24,(11,19)))),(12,23)),(25,(13,27)))));

STEP 25 [uSPR_ClassicHeuristic_RF -> NNI_Substep_13] - Distance: 18.0000
(((((15,22),(5,29)),(2,((18,8),21))),(9,10)),(28,(14,30)),((((17,26),(4,(6,16))),(1,3)),(((7,(20,(24,(11,19)))),(12,23)),(25,(13,27)))));

STEP 26 [uSPR_ClassicHeuristic_RF -> NNI_Substep_14] - Distance: 18.0000
(((((15,22),(5,29)),(2,((18,8),21))),(9,10)),((28,30),14),((((17,26),(4,(6,16))),(1,3)),(((7,(20,(24,(11,19)))),(12,23)),(25,(13,27)))));

STEP 27 [uSPR_ClassicHeuristic_RF -> NNI_Substep_15] - Distance: 18.0000
(((((15,22),(5,29)),(2,((18,8),21))),(9,10)),(28,30),(((((17,26),(4,(6,16))),(1,3)),(((7,(20,(24,(11,19)))),(12,23)),(25,(13,27)))),14));

STEP 28 [uSPR_ClassicHeuristic_RF -> NNI_Substep_16] - Distance: 18.0000
(((((15,22),(5,29)),(2,((18,8),21))),(9,10)),(28,30),(((((17,26),(4,(6,16))),(1,3)),14),(((7,(20,(24,(11,19)))),(12,23)),(25,(13,27)))));

STEP 29 [uSPR_ClassicHeuristic_RF -> NNI_Substep_17] - Distance: 18.0000
(((((15,22),(5,29)),(2,((18,8),21))),(9,10)),(28,30),((((17,26),(4,(6,16))),((1,3),14)),(((7,(20,(24,(11,19)))),(12,23)),(25,(13,27)))));

STEP 30 [uSPR_ClassicHeuristic_RF -> NNI_Substep_18] - Distance: 17.0000
(((((15,22),(5,29)),(2,((18,8),21))),(9,10)),(28,30),((((17,26),(4,(6,16))),(1,(3,14))),(((7,(20,(24,(11,19)))),(12,23)),(25,(13,27)))));

STEP 31 [uSPR_ClassicHeuristic_RF -> NNI_Substep_19] - Distance: 17.0000
(((((15,22),(5,29)),(2,((18,8),21))),(9,10)),28,(((((17,26),(4,(6,16))),(1,(3,14))),(((7,(20,(24,(11,19)))),(12,23)),(25,(13,27)))),30));

STEP 32 [uSPR_ClassicHeuristic_RF -> NNI_Substep_20] - Distance: 17.0000
(((((15,22),(5,29)),(2,((18,8),21))),(9,10)),28,((((17,26),(4,(6,16))),(1,(3,14))),((((7,(20,(24,(11,19)))),(12,23)),(25,(13,27))),30)));

STEP 33 [uSPR_ClassicHeuristic_RF -> NNI_Substep_21] - Distance: 17.0000
(((((15,22),(5,29)),(2,((18,8),21))),(9,10)),28,((((17,26),(4,(6,16))),(1,(3,14))),(((7,(20,(24,(11,19)))),(12,23)),((25,(13,27)),30))));

STEP 34 [uSPR_ClassicHeuristic_RF -> NNI_Substep_22] - Distance: 16.0000
(((((15,22),(5,29)),(2,((18,8),21))),(9,10)),28,((((17,26),(4,(6,16))),(1,(3,14))),(((7,(20,(24,(11,19)))),(12,23)),((25,30),(13,27)))));

STEP 35 [uSPR_ClassicHeuristic_RF -> NNI_Substep_23] - Distance: 16.0000
(((((15,22),(5,29)),(2,((18,8),21))),(9,10)),28,(((((17,26),(4,(6,16))),1),(3,14)),(((7,(20,(24,(11,19)))),(12,23)),((25,30),(13,27)))));

STEP 36 [uSPR_ClassicHeuristic_RF -> NNI_Substep_24] - Distance: 16.0000
(((((15,22),(5,29)),(2,((18,8),21))),(9,10)),28,(((((17,26),(4,(6,16))),1),(((7,(20,(24,(11,19)))),(12,23)),((25,30),(13,27)))),(3,14)));

STEP 37 [uSPR_ClassicHeuristic_RF -> NNI_Substep_25] - Distance: 16.0000
(((((15,22),(5,29)),(2,((18,8),21))),(9,10)),28,((((17,26),(4,(6,16))),1),((((7,(20,(24,(11,19)))),(12,23)),((25,30),(13,27))),(3,14))));

STEP 38 [uSPR_ClassicHeuristic_RF -> NNI_Substep_26] - Distance: 16.0000
(((((15,22),(5,29)),(2,((18,8),21))),(9,10)),28,((((17,26),(4,(6,16))),1),(((7,(20,(24,(11,19)))),(12,23)),(((25,30),(13,27)),(3,14)))));

STEP 39 [uSPR_ClassicHeuristic_RF -> NNI_Substep_27] - Distance: 15.0000
(((((15,22),(5,29)),(2,((18,8),21))),(9,10)),28,((((17,26),(4,(6,16))),1),(((7,(20,(24,(11,19)))),(12,23)),((25,30),((13,27),(3,14))))));

STEP 40 [uSPR_ClassicHeuristic_RF -> NNI_Substep_28] - Distance: 15.0000
((((15,22),(5,29)),(2,((18,8),21))),(9,10),((((17,26),(4,(6,16))),1),((((7,(20,(24,(11,19)))),(12,23)),((25,30),((13,27),(3,14)))),28)));

STEP 41 [uSPR_ClassicHeuristic_RF -> NNI_Substep_29] - Distance: 15.0000
((((15,22),(5,29)),(2,((18,8),21))),(9,10),((((17,26),(4,(6,16))),1),((((7,(20,(24,(11,19)))),(12,23)),28),((25,30),((13,27),(3,14))))));

STEP 42 [uSPR_ClassicHeuristic_RF -> NNI_Substep_30] - Distance: 15.0000
((((15,22),(5,29)),(2,((18,8),21))),(9,10),((((17,26),(4,(6,16))),1),((((7,(20,(24,(11,19)))),28),(12,23)),((25,30),((13,27),(3,14))))));

STEP 43 [uSPR_ClassicHeuristic_RF -> NNI_Substep_31] - Distance: 15.0000
((((15,22),(5,29)),(2,((18,8),21))),(9,10),((((17,26),(4,(6,16))),1),(((7,((20,(24,(11,19))),28)),(12,23)),((25,30),((13,27),(3,14))))));

STEP 44 [uSPR_ClassicHeuristic_RF -> NNI_Substep_32] - Distance: 14.0000
((((15,22),(5,29)),(2,((18,8),21))),(9,10),((((17,26),(4,(6,16))),1),(((7,((20,28),(24,(11,19)))),(12,23)),((25,30),((13,27),(3,14))))));

STEP 45 [uSPR_ClassicHeuristic_RF -> NNI_Substep_33] - Distance: 14.0000
((((15,22),(5,29)),(2,((18,8),21))),(9,10),((((17,26),(4,(6,16))),1),(((7,((20,28),((24,11),19))),(12,23)),((25,30),((13,27),(3,14))))));

STEP 46 [uSPR_ClassicHeuristic_RF -> NNI_Substep_34] - Distance: 14.0000
((((15,22),(5,29)),(2,((18,8),21))),(9,10),((((17,26),(4,(6,16))),1),(((7,(((20,28),(24,11)),19)),(12,23)),((25,30),((13,27),(3,14))))));

STEP 47 [uSPR_ClassicHeuristic_RF -> NNI_Substep_35] - Distance: 14.0000
((((15,22),(5,29)),(2,((18,8),21))),(9,10),((((17,26),(4,(6,16))),1),((((7,((20,28),(24,11))),19),(12,23)),((25,30),((13,27),(3,14))))));

STEP 48 [uSPR_ClassicHeuristic_RF -> NNI_Substep_36] - Distance: 14.0000
((((15,22),(5,29)),(2,((18,8),21))),(9,10),((((17,26),(4,(6,16))),1),((((7,((20,28),(24,11))),(12,23)),19),((25,30),((13,27),(3,14))))));

STEP 49 [uSPR_ClassicHeuristic_RF -> NNI_Substep_37] - Distance: 14.0000
((((15,22),(5,29)),(2,((18,8),21))),(9,10),((((17,26),(4,(6,16))),1),(((7,((20,28),(24,11))),((12,23),19)),((25,30),((13,27),(3,14))))));

STEP 50 [uSPR_ClassicHeuristic_RF -> NNI_Substep_38] - Distance: 13.0000
((((15,22),(5,29)),(2,((18,8),21))),(9,10),((((17,26),(4,(6,16))),1),(((7,((20,28),(24,11))),((12,19),23)),((25,30),((13,27),(3,14))))));

STEP 51 [uSPR_ClassicHeuristic_RF -> NNI_Substep_39] - Distance: 13.0000
((((15,22),(5,29)),(2,((18,8),21))),(9,10),((((17,26),(4,(6,16))),1),((((7,((20,28),(24,11))),23),(12,19)),((25,30),((13,27),(3,14))))));

STEP 52 [uSPR_ClassicHeuristic_RF -> NNI_Substep_40] - Distance: 13.0000
((((15,22),(5,29)),(2,((18,8),21))),(9,10),((((17,26),(4,(6,16))),1),((((7,((20,28),(24,11))),23),((25,30),((13,27),(3,14)))),(12,19))));

STEP 53 [uSPR_ClassicHeuristic_RF -> NNI_Substep_41] - Distance: 13.0000
((((15,22),(5,29)),(2,((18,8),21))),(9,10),((((17,26),(4,(6,16))),1),(((7,((20,28),(24,11))),23),(((25,30),((13,27),(3,14))),(12,19)))));

STEP 54 [uSPR_ClassicHeuristic_RF -> NNI_Substep_42] - Distance: 12.0000
((((15,22),(5,29)),(2,((18,8),21))),(9,10),((((17,26),(4,(6,16))),1),(((7,((20,28),(24,11))),23),((25,30),(((13,27),(3,14)),(12,19))))));

STEP 55 [uSPR_ClassicHeuristic_RF -> NNI_Substep_43] - Distance: 12.0000
((((15,22),(5,29)),(2,((18,8),21))),(9,10),((((17,26),(4,(6,16))),1),((((7,((20,28),(24,11))),23),(((13,27),(3,14)),(12,19))),(25,30))));

STEP 56 [uSPR_ClassicHeuristic_RF -> NNI_Substep_44] - Distance: 12.0000
((((15,22),(5,29)),(2,((18,8),21))),(9,10),((((17,26),(4,(6,16))),1),((((7,((20,28),(24,11))),23),(25,30)),(((13,27),(3,14)),(12,19)))));

STEP 57 [uSPR_ClassicHeuristic_RF -> NNI_Substep_45] - Distance: 12.0000
((((15,22),(5,29)),(2,((18,8),21))),(9,10),((((17,26),(4,(6,16))),1),((((7,((20,28),(24,11))),(25,30)),23),(((13,27),(3,14)),(12,19)))));

STEP 58 [uSPR_ClassicHeuristic_RF -> NNI_Substep_46] - Distance: 12.0000
((((15,22),(5,29)),(2,((18,8),21))),(9,10),((((17,26),(4,(6,16))),1),(((7,(((20,28),(24,11)),(25,30))),23),(((13,27),(3,14)),(12,19)))));

STEP 59 [uSPR_ClassicHeuristic_RF -> NNI_Substep_47] - Distance: 12.0000
((((15,22),(5,29)),(2,((18,8),21))),(9,10),((((17,26),(4,(6,16))),1),(((7,((20,28),((24,11),(25,30)))),23),(((13,27),(3,14)),(12,19)))));

STEP 60 [uSPR_ClassicHeuristic_RF -> NNI_Substep_48] - Distance: 11.0000
((((15,22),(5,29)),(2,((18,8),21))),(9,10),((((17,26),(4,(6,16))),1),(((7,((20,28),((24,(25,30)),11))),23),(((13,27),(3,14)),(12,19)))));

STEP 61 [uSPR_ClassicHeuristic_RF -> NNI_Substep_49] - Distance: 11.0000
((((15,22),(5,29)),((2,(18,8)),21)),(9,10),((((17,26),(4,(6,16))),1),(((7,((20,28),((24,(25,30)),11))),23),(((13,27),(3,14)),(12,19)))));

STEP 62 [uSPR_ClassicHeuristic_RF -> NNI_Substep_50] - Distance: 11.0000
(((((15,22),(5,29)),(2,(18,8))),21),(9,10),((((17,26),(4,(6,16))),1),(((7,((20,28),((24,(25,30)),11))),23),(((13,27),(3,14)),(12,19)))));

STEP 63 [uSPR_ClassicHeuristic_RF -> NNI_Substep_51] - Distance: 11.0000
((((15,22),(5,29)),(2,(18,8))),(9,10),(((((17,26),(4,(6,16))),1),(((7,((20,28),((24,(25,30)),11))),23),(((13,27),(3,14)),(12,19)))),21));

STEP 64 [uSPR_ClassicHeuristic_RF -> NNI_Substep_52] - Distance: 11.0000
((((15,22),(5,29)),(2,(18,8))),(9,10),((((17,26),(4,(6,16))),1),((((7,((20,28),((24,(25,30)),11))),23),(((13,27),(3,14)),(12,19))),21)));

STEP 65 [uSPR_ClassicHeuristic_RF -> NNI_Substep_53] - Distance: 11.0000
((((15,22),(5,29)),(2,(18,8))),(9,10),((((17,26),(4,(6,16))),1),((((7,((20,28),((24,(25,30)),11))),23),21),(((13,27),(3,14)),(12,19)))));

STEP 66 [uSPR_ClassicHeuristic_RF -> NNI_Substep_54] - Distance: 10.0000
((((15,22),(5,29)),(2,(18,8))),(9,10),((((17,26),(4,(6,16))),1),(((7,((20,28),((24,(25,30)),11))),(23,21)),(((13,27),(3,14)),(12,19)))));

STEP 67 [uSPR_ClassicHeuristic_RF -> NNI_Substep_55] - Distance: 10.0000
((((15,22),(5,29)),(2,(18,8))),(9,10),((((17,26),(4,(6,16))),1),(((7,((20,28),((24,(25,30)),11))),(((13,27),(3,14)),(12,19))),(23,21))));

STEP 68 [uSPR_ClassicHeuristic_RF -> NNI_Substep_56] - Distance: 10.0000
((((15,22),(5,29)),(2,(18,8))),(9,10),(((((17,26),(4,(6,16))),1),((7,((20,28),((24,(25,30)),11))),(((13,27),(3,14)),(12,19)))),(23,21)));

STEP 69 [uSPR_ClassicHeuristic_RF -> NNI_Substep_57] - Distance: 10.0000
((((15,22),(5,29)),(2,(18,8))),((9,10),(23,21)),((((17,26),(4,(6,16))),1),((7,((20,28),((24,(25,30)),11))),(((13,27),(3,14)),(12,19)))));

STEP 70 [uSPR_ClassicHeuristic_RF -> NNI_Substep_58] - Distance: 9.0000
((((15,22),(5,29)),(2,(18,8))),((9,(23,21)),10),((((17,26),(4,(6,16))),1),((7,((20,28),((24,(25,30)),11))),(((13,27),(3,14)),(12,19)))));

STEP 71 [uSPR_ClassicHeuristic_RF -> NNI_Substep_59] - Distance: 9.0000
((((15,22),(5,29)),(2,(18,8))),10,(((((17,26),(4,(6,16))),1),((7,((20,28),((24,(25,30)),11))),(((13,27),(3,14)),(12,19)))),(9,(23,21))));

STEP 72 [uSPR_ClassicHeuristic_RF -> NNI_Substep_60] - Distance: 9.0000
((((15,22),(5,29)),(2,(18,8))),10,(((((17,26),(4,(6,16))),1),(9,(23,21))),((7,((20,28),((24,(25,30)),11))),(((13,27),(3,14)),(12,19)))));

STEP 73 [uSPR_ClassicHeuristic_RF -> NNI_Substep_61] - Distance: 8.0000
((((15,22),(5,29)),(2,(18,8))),10,(((((17,26),(4,(6,16))),(9,(23,21))),1),((7,((20,28),((24,(25,30)),11))),(((13,27),(3,14)),(12,19)))));

STEP 74 [uSPR_ClassicHeuristic_RF -> NNI_Substep_62] - Distance: 8.0000
((((15,22),(5,29)),(2,(18,8))),10,((1,((7,((20,28),((24,(25,30)),11))),(((13,27),(3,14)),(12,19)))),(((17,26),(4,(6,16))),(9,(23,21)))));

STEP 75 [uSPR_ClassicHeuristic_RF -> NNI_Substep_63] - Distance: 8.0000
((((15,22),(5,29)),(2,(18,8))),10,((((7,((20,28),((24,(25,30)),11))),(((13,27),(3,14)),(12,19))),(((17,26),(4,(6,16))),(9,(23,21)))),1));

STEP 76 [uSPR_ClassicHeuristic_RF -> NNI_Substep_64] - Distance: 8.0000
((((15,22),(5,29)),(2,(18,8))),10,((((7,((20,28),((24,(25,30)),11))),(((17,26),(4,(6,16))),(9,(23,21)))),(((13,27),(3,14)),(12,19))),1));

STEP 77 [uSPR_ClassicHeuristic_RF -> NNI_Substep_65] - Distance: 7.0000
((((15,22),(5,29)),(2,(18,8))),10,(1,(((7,(((17,26),(4,(6,16))),(9,(23,21)))),((20,28),((24,(25,30)),11))),(((13,27),(3,14)),(12,19)))));

STEP 78 [uSPR_ClassicHeuristic_RF -> NNI_Substep_66] - Distance: 7.0000
((((15,22),(5,29)),(2,(18,8))),10,((((7,(((17,26),(4,(6,16))),(9,(23,21)))),((20,28),((24,(25,30)),11))),1),(((13,27),(3,14)),(12,19))));

STEP 79 [uSPR_ClassicHeuristic_RF -> NNI_Substep_67] - Distance: 7.0000
((((15,22),(5,29)),(2,(18,8))),10,(((((20,28),((24,(25,30)),11)),1),(7,(((17,26),(4,(6,16))),(9,(23,21))))),(((13,27),(3,14)),(12,19))));

STEP 80 [uSPR_ClassicHeuristic_RF -> NNI_Substep_68] - Distance: 7.0000
((((15,22),(5,29)),(2,(18,8))),10,(((7,(((17,26),(4,(6,16))),(9,(23,21)))),((20,28),(((24,(25,30)),11),1))),(((13,27),(3,14)),(12,19))));

STEP 81 [uSPR_ClassicHeuristic_RF -> NNI_Substep_69] - Distance: 6.0000
((((15,22),(5,29)),(2,(18,8))),10,(((7,(((17,26),(4,(6,16))),(9,(23,21)))),((20,28),((24,(25,30)),(11,1)))),(((13,27),(3,14)),(12,19))));

STEP 82 [uSPR_ClassicHeuristic_RF -> NNI_Substep_70] - Distance: 6.0000
((((15,22),(5,29)),(2,(18,8))),10,((((7,(((17,26),(4,(6,16))),(9,(23,21)))),((24,(25,30)),(11,1))),(20,28)),(((13,27),(3,14)),(12,19))));

STEP 83 [uSPR_ClassicHeuristic_RF -> NNI_Substep_71] - Distance: 6.0000
((((15,22),(5,29)),(2,(18,8))),10,((((7,(((17,26),(4,(6,16))),(9,(23,21)))),((24,(25,30)),(11,1))),(((13,27),(3,14)),(12,19))),(20,28)));

STEP 84 [uSPR_ClassicHeuristic_RF -> NNI_Substep_72] - Distance: 5.0000
((((15,22),(5,29)),(2,(18,8))),(10,(20,28)),(((7,(((17,26),(4,(6,16))),(9,(23,21)))),((24,(25,30)),(11,1))),(((13,27),(3,14)),(12,19))));

STEP 85 [uSPR_ClassicHeuristic_RF -> NNI_Substep_73] - Distance: 5.0000
(((15,22),(5,29)),((2,(18,8)),(10,(20,28))),(((7,(((17,26),(4,(6,16))),(9,(23,21)))),((24,(25,30)),(11,1))),(((13,27),(3,14)),(12,19))));

STEP 86 [uSPR_ClassicHeuristic_RF -> NNI_Substep_74] - Distance: 4.0000
(((15,22),(5,29)),((2,(10,(20,28))),(18,8)),(((7,(((17,26),(4,(6,16))),(9,(23,21)))),((24,(25,30)),(11,1))),(((13,27),(3,14)),(12,19))));

STEP 87 [uSPR_ClassicHeuristic_RF -> NNI_Substep_75] - Distance: 4.0000
(((15,22),(5,29)),(18,8),((((7,(((17,26),(4,(6,16))),(9,(23,21)))),((24,(25,30)),(11,1))),(((13,27),(3,14)),(12,19))),(2,(10,(20,28)))));

STEP 88 [uSPR_ClassicHeuristic_RF -> NNI_Substep_76] - Distance: 3.0000
(((15,22),(5,29)),(18,8),(((7,(((17,26),(4,(6,16))),(9,(23,21)))),((24,(25,30)),(11,1))),((((13,27),(3,14)),(12,19)),(2,(10,(20,28))))));

STEP 89 [uSPR_ClassicHeuristic_RF -> NNI_Substep_77] - Distance: 3.0000
(((15,22),(5,29)),(18,8),((((7,(((17,26),(4,(6,16))),(9,(23,21)))),(24,(25,30))),(11,1)),((((13,27),(3,14)),(12,19)),(2,(10,(20,28))))));

STEP 90 [uSPR_ClassicHeuristic_RF -> NNI_Substep_78] - Distance: 2.0000
(((15,22),(5,29)),(18,8),((((7,(((17,26),(4,(6,16))),(9,(23,21)))),(24,(25,30))),((((13,27),(3,14)),(12,19)),(2,(10,(20,28))))),(11,1)));

STEP 91 [uSPR_ClassicHeuristic_RF -> NNI_Substep_79] - Distance: 1.0000
(((15,22),(5,29)),((18,8),(11,1)),(((7,(((17,26),(4,(6,16))),(9,(23,21)))),(24,(25,30))),((((13,27),(3,14)),(12,19)),(2,(10,(20,28))))));

STEP 92 [uSPR_ClassicHeuristic_RF -> NNI_Substep_80] - Distance: 1.0000
(((15,22),(5,29)),((18,8),(11,1)),(((24,(25,30)),((((13,27),(3,14)),(12,19)),(2,(10,(20,28))))),(7,(((17,26),(4,(6,16))),(9,(23,21))))));

STEP 93 [uSPR_ClassicHeuristic_RF -> NNI_Substep_81] - Distance: 0.0000
(((15,22),(5,29)),((18,8),(11,1)),((24,(25,30)),(((((13,27),(3,14)),(12,19)),(2,(10,(20,28)))),(7,(((17,26),(4,(6,16))),(9,(23,21)))))));

========================================================
[FINAL] Total Steps: 93 | Final Distance: 0.0000
========================================================
