========================================================
HEURISTIC TRAJECTORY: VND Classic (RFC)
========================================================
STEP 0 [START] - Distance: 27.0000
(((2,((16,18),(9,(4,21)))),((5,(7,(19,12))),(3,20))),(((17,((15,(11,13)),(29,14))),((28,1),(26,10))),(((30,(24,22)),(27,8)),(25,(6,23)))));

STEP 1 [TBR_ClassicHeuristic_RFC -> NNI_Substep_1] - Distance: 27.0000
(((2,((16,18),(9,(4,21)))),((7,((19,12),5)),(3,20))),(((17,((15,(11,13)),(29,14))),((28,1),(26,10))),(((30,(24,22)),(27,8)),(25,(6,23)))));

STEP 2 [TBR_ClassicHeuristic_RFC -> NNI_Substep_2] - Distance: 26.0000
(((2,((16,18),(9,(4,21)))),((7,(19,(12,5))),(3,20))),(((17,((15,(11,13)),(29,14))),((28,1),(26,10))),(((30,(24,22)),(27,8)),(25,(6,23)))));

STEP 3 [TBR_ClassicHeuristic_RFC -> NNI_Substep_3] - Distance: 26.0000
(((2,((16,18),(9,(4,21)))),((7,(19,(12,5))),(3,20))),(((17,((15,(11,13)),(29,14))),(((28,1),26),10)),(((30,(24,22)),(27,8)),(25,(6,23)))));

STEP 4 [TBR_ClassicHeuristic_RFC -> NNI_Substep_4] - Distance: 26.0000
(((2,((16,18),(9,(4,21)))),((7,(19,(12,5))),(3,20))),((((17,((15,(11,13)),(29,14))),((28,1),26)),10),(((30,(24,22)),(27,8)),(25,(6,23)))));

STEP 5 [TBR_ClassicHeuristic_RFC -> NNI_Substep_5] - Distance: 26.0000
(((2,((16,18),(9,(4,21)))),((7,(19,(12,5))),(3,20))),((((17,((15,(11,13)),(29,14))),((28,1),26)),(((30,(24,22)),(27,8)),(25,(6,23)))),10));

STEP 6 [TBR_ClassicHeuristic_RFC -> NNI_Substep_6] - Distance: 25.0000
((((2,((16,18),(9,(4,21)))),((7,(19,(12,5))),(3,20))),(((17,((15,(11,13)),(29,14))),((28,1),26)),((((30,24),22),(27,8)),(25,(6,23))))),10);

STEP 7 [TBR_ClassicHeuristic_RFC -> NNI_Substep_7] - Distance: 25.0000
((((2,((16,18),(9,(4,21)))),((7,(19,(12,5))),(3,20))),(((17,((15,(11,13)),(29,14))),((28,1),26)),((((30,24),(27,8)),22),(25,(6,23))))),10);

STEP 8 [TBR_ClassicHeuristic_RFC -> NNI_Substep_8] - Distance: 25.0000
((((2,((16,18),(9,(4,21)))),((7,(19,(12,5))),(3,20))),(((17,((15,(11,13)),(29,14))),((28,1),26)),((((30,24),(27,8)),(25,(6,23))),22))),10);

STEP 9 [TBR_ClassicHeuristic_RFC -> NNI_Substep_9] - Distance: 25.0000
((((2,((16,18),(9,(4,21)))),((7,(19,(12,5))),(3,20))),(((17,((15,(11,13)),(29,14))),((28,1),26)),(((30,24),(27,8)),((25,(6,23)),22)))),10);

STEP 10 [TBR_ClassicHeuristic_RFC -> NNI_Substep_10] - Distance: 24.0000
((((2,((16,18),(9,(4,21)))),((7,(19,(12,5))),(3,20))),(((17,((15,(11,13)),(29,14))),((28,1),26)),(((30,24),(27,8)),((25,22),(6,23))))),10);

STEP 11 [TBR_ClassicHeuristic_RFC -> NNI_Substep_11] - Distance: 24.0000
((((2,((16,18),(9,(4,21)))),((7,(19,(12,5))),(3,20))),(((17,((15,(11,13)),(29,14))),((28,1),26)),((((30,24),27),8),((25,22),(6,23))))),10);

STEP 12 [TBR_ClassicHeuristic_RFC -> NNI_Substep_12] - Distance: 24.0000
((((2,((16,18),(9,(4,21)))),((7,(19,(12,5))),(3,20))),(((17,((15,(11,13)),(29,14))),((28,1),26)),((((30,24),27),((25,22),(6,23))),8))),10);

STEP 13 [TBR_ClassicHeuristic_RFC -> NNI_Substep_13] - Distance: 24.0000
((((2,((16,18),(9,(4,21)))),((7,(19,(12,5))),(3,20))),(((17,((15,(11,13)),(29,14))),((28,1),26)),(((30,24),27),(((25,22),(6,23)),8)))),10);

STEP 14 [TBR_ClassicHeuristic_RFC -> NNI_Substep_14] - Distance: 24.0000
((((2,((16,18),(9,(4,21)))),((7,(19,(12,5))),(3,20))),(((17,((15,(11,13)),(29,14))),((28,1),26)),(((30,24),27),((25,22),((6,23),8))))),10);

STEP 15 [TBR_ClassicHeuristic_RFC -> NNI_Substep_15] - Distance: 23.0000
((((2,((16,18),(9,(4,21)))),((7,(19,(12,5))),(3,20))),(((17,((15,(11,13)),(29,14))),((28,1),26)),(((30,24),27),((25,22),((6,8),23))))),10);

STEP 16 [TBR_ClassicHeuristic_RFC -> NNI_Substep_16] - Distance: 23.0000
((((2,((16,18),(9,(4,21)))),((7,(19,(12,5))),(3,20))),(((((15,(11,13)),(29,14)),((28,1),26)),17),(((30,24),27),((25,22),((6,8),23))))),10);

STEP 17 [TBR_ClassicHeuristic_RFC -> NNI_Substep_17] - Distance: 23.0000
((((2,((16,18),(9,(4,21)))),((7,(19,(12,5))),(3,20))),(((((15,(11,13)),(29,14)),((28,1),26)),(((30,24),27),((25,22),((6,8),23)))),17)),10);

STEP 18 [TBR_ClassicHeuristic_RFC -> NNI_Substep_18] - Distance: 23.0000
((((2,((16,18),(9,(4,21)))),((7,(19,(12,5))),(3,20))),((((15,(11,13)),(29,14)),((28,1),26)),((((30,24),27),((25,22),((6,8),23))),17))),10);

STEP 19 [TBR_ClassicHeuristic_RFC -> NNI_Substep_19] - Distance: 23.0000
((((2,((16,18),(9,(4,21)))),((7,(19,(12,5))),(3,20))),((((15,(11,13)),(29,14)),((28,1),26)),(((30,24),27),(((25,22),((6,8),23)),17)))),10);

STEP 20 [TBR_ClassicHeuristic_RFC -> NNI_Substep_20] - Distance: 23.0000
((((2,((16,18),(9,(4,21)))),((7,(19,(12,5))),(3,20))),((((15,(11,13)),(29,14)),((28,1),26)),(((30,24),27),((25,22),(((6,8),23),17))))),10);

STEP 21 [TBR_ClassicHeuristic_RFC -> NNI_Substep_21] - Distance: 22.0000
((((2,((16,18),(9,(4,21)))),((7,(19,(12,5))),(3,20))),((((15,(11,13)),(29,14)),((28,1),26)),(((30,24),27),((25,22),(((6,8),17),23))))),10);

STEP 22 [TBR_ClassicHeuristic_RFC -> NNI_Substep_22] - Distance: 22.0000
((((2,((16,18),(9,(4,21)))),((7,(19,(12,5))),(3,20))),(((((15,(11,13)),(29,14)),26),(28,1)),(((30,24),27),((25,22),(((6,8),17),23))))),10);

STEP 23 [TBR_ClassicHeuristic_RFC -> NNI_Substep_23] - Distance: 22.0000
((((2,((16,18),(9,(4,21)))),((7,(19,(12,5))),(3,20))),(((((15,(11,13)),(29,14)),26),(((30,24),27),((25,22),(((6,8),17),23)))),(28,1))),10);

STEP 24 [TBR_ClassicHeuristic_RFC -> NNI_Substep_24] - Distance: 22.0000
((((2,((16,18),(9,(4,21)))),((7,(19,(12,5))),(3,20))),((((15,(11,13)),(29,14)),26),((((30,24),27),((25,22),(((6,8),17),23))),(28,1)))),10);

STEP 25 [TBR_ClassicHeuristic_RFC -> NNI_Substep_25] - Distance: 22.0000
((((2,((16,18),(9,(4,21)))),((7,(19,(12,5))),(3,20))),((((15,(11,13)),(29,14)),26),((((30,24),27),(28,1)),((25,22),(((6,8),17),23))))),10);

STEP 26 [TBR_ClassicHeuristic_RFC -> NNI_Substep_26] - Distance: 22.0000
((((2,((16,18),(9,(4,21)))),((7,(19,(12,5))),(3,20))),((((15,(11,13)),(29,14)),26),((((30,24),(28,1)),27),((25,22),(((6,8),17),23))))),10);

STEP 27 [TBR_ClassicHeuristic_RFC -> NNI_Substep_27] - Distance: 21.0000
((((2,((16,18),(9,(4,21)))),((7,(19,(12,5))),(3,20))),((((15,(11,13)),(29,14)),26),(((30,(24,(28,1))),27),((25,22),(((6,8),17),23))))),10);

STEP 28 [TBR_ClassicHeuristic_RFC -> NNI_Substep_28] - Distance: 21.0000
((((((16,18),(9,(4,21))),((7,(19,(12,5))),(3,20))),2),((((15,(11,13)),(29,14)),26),(((30,(24,(28,1))),27),((25,22),(((6,8),17),23))))),10);

STEP 29 [TBR_ClassicHeuristic_RFC -> NNI_Substep_29] - Distance: 21.0000
((((((16,18),(9,(4,21))),((7,(19,(12,5))),(3,20))),((((15,(11,13)),(29,14)),26),(((30,(24,(28,1))),27),((25,22),(((6,8),17),23))))),2),10);

STEP 30 [TBR_ClassicHeuristic_RFC -> NNI_Substep_30] - Distance: 21.0000
(((((16,18),(9,(4,21))),((7,(19,(12,5))),(3,20))),(((((15,(11,13)),(29,14)),26),(((30,(24,(28,1))),27),((25,22),(((6,8),17),23)))),2)),10);

STEP 31 [TBR_ClassicHeuristic_RFC -> NNI_Substep_31] - Distance: 21.0000
(((((16,18),(9,(4,21))),((7,(19,(12,5))),(3,20))),(((((15,(11,13)),(29,14)),26),2),(((30,(24,(28,1))),27),((25,22),(((6,8),17),23))))),10);

STEP 32 [TBR_ClassicHeuristic_RFC -> NNI_Substep_32] - Distance: 21.0000
(((((16,18),(9,(4,21))),((7,(19,(12,5))),(3,20))),(((((15,(11,13)),(29,14)),2),26),(((30,(24,(28,1))),27),((25,22),(((6,8),17),23))))),10);

STEP 33 [TBR_ClassicHeuristic_RFC -> NNI_Substep_33] - Distance: 21.0000
(((((16,18),(9,(4,21))),((7,(19,(12,5))),(3,20))),((((15,(11,13)),((29,14),2)),26),(((30,(24,(28,1))),27),((25,22),(((6,8),17),23))))),10);

STEP 34 [TBR_ClassicHeuristic_RFC -> NNI_Substep_34] - Distance: 20.0000
(((((16,18),(9,(4,21))),((7,(19,(12,5))),(3,20))),((((15,(11,13)),(29,(14,2))),26),(((30,(24,(28,1))),27),((25,22),(((6,8),17),23))))),10);

STEP 35 [TBR_ClassicHeuristic_RFC -> NNI_Substep_35] - Distance: 20.0000
(((((18,(9,(4,21))),16),((7,(19,(12,5))),(3,20))),((((15,(11,13)),(29,(14,2))),26),(((30,(24,(28,1))),27),((25,22),(((6,8),17),23))))),10);

STEP 36 [TBR_ClassicHeuristic_RFC -> NNI_Substep_36] - Distance: 20.0000
(((((18,(9,(4,21))),((7,(19,(12,5))),(3,20))),16),((((15,(11,13)),(29,(14,2))),26),(((30,(24,(28,1))),27),((25,22),(((6,8),17),23))))),10);

STEP 37 [TBR_ClassicHeuristic_RFC -> NNI_Substep_37] - Distance: 20.0000
((((18,(9,(4,21))),(((7,(19,(12,5))),(3,20)),16)),((((15,(11,13)),(29,(14,2))),26),(((30,(24,(28,1))),27),((25,22),(((6,8),17),23))))),10);

STEP 38 [TBR_ClassicHeuristic_RFC -> NNI_Substep_38] - Distance: 20.0000
((((18,(9,(4,21))),(((7,(19,(12,5))),16),(3,20))),((((15,(11,13)),(29,(14,2))),26),(((30,(24,(28,1))),27),((25,22),(((6,8),17),23))))),10);

STEP 39 [TBR_ClassicHeuristic_RFC -> NNI_Substep_39] - Distance: 20.0000
((((18,(9,(4,21))),((7,((19,(12,5)),16)),(3,20))),((((15,(11,13)),(29,(14,2))),26),(((30,(24,(28,1))),27),((25,22),(((6,8),17),23))))),10);

STEP 40 [TBR_ClassicHeuristic_RFC -> NNI_Substep_40] - Distance: 19.0000
((((18,(9,(4,21))),((7,((19,16),(12,5))),(3,20))),((((15,(11,13)),(29,(14,2))),26),(((30,(24,(28,1))),27),((25,22),(((6,8),17),23))))),10);

STEP 41 [TBR_ClassicHeuristic_RFC -> NNI_Substep_41] - Distance: 19.0000
((((18,(9,(4,21))),(((7,(12,5)),(19,16)),(3,20))),((((15,(11,13)),(29,(14,2))),26),(((30,(24,(28,1))),27),((25,22),(((6,8),17),23))))),10);

STEP 42 [TBR_ClassicHeuristic_RFC -> NNI_Substep_42] - Distance: 19.0000
((((18,(9,(4,21))),(((7,(12,5)),(3,20)),(19,16))),((((15,(11,13)),(29,(14,2))),26),(((30,(24,(28,1))),27),((25,22),(((6,8),17),23))))),10);

STEP 43 [TBR_ClassicHeuristic_RFC -> NNI_Substep_43] - Distance: 19.0000
(((((18,(9,(4,21))),((7,(12,5)),(3,20))),(19,16)),((((15,(11,13)),(29,(14,2))),26),(((30,(24,(28,1))),27),((25,22),(((6,8),17),23))))),10);

STEP 44 [TBR_ClassicHeuristic_RFC -> NNI_Substep_44] - Distance: 19.0000
(((((18,(9,(4,21))),((7,(12,5)),(3,20))),((((15,(11,13)),(29,(14,2))),26),(((30,(24,(28,1))),27),((25,22),(((6,8),17),23))))),(19,16)),10);

STEP 45 [TBR_ClassicHeuristic_RFC -> NNI_Substep_45] - Distance: 19.0000
((((18,(9,(4,21))),((7,(12,5)),(3,20))),(((((15,(11,13)),(29,(14,2))),26),(((30,(24,(28,1))),27),((25,22),(((6,8),17),23)))),(19,16))),10);

STEP 46 [TBR_ClassicHeuristic_RFC -> NNI_Substep_46] - Distance: 19.0000
((((18,(9,(4,21))),((7,(12,5)),(3,20))),(((((15,(11,13)),(29,(14,2))),26),(19,16)),(((30,(24,(28,1))),27),((25,22),(((6,8),17),23))))),10);

STEP 47 [TBR_ClassicHeuristic_RFC -> NNI_Substep_47] - Distance: 18.0000
((((18,(9,(4,21))),((7,(12,5)),(3,20))),((((15,(11,13)),(29,(14,2))),(26,(19,16))),(((30,(24,(28,1))),27),((25,22),(((6,8),17),23))))),10);

STEP 48 [TBR_ClassicHeuristic_RFC -> NNI_Substep_48] - Distance: 18.0000
((((18,(9,(4,21))),(((7,(12,5)),20),3)),((((15,(11,13)),(29,(14,2))),(26,(19,16))),(((30,(24,(28,1))),27),((25,22),(((6,8),17),23))))),10);

STEP 49 [TBR_ClassicHeuristic_RFC -> NNI_Substep_49] - Distance: 18.0000
(((((18,(9,(4,21))),((7,(12,5)),20)),3),((((15,(11,13)),(29,(14,2))),(26,(19,16))),(((30,(24,(28,1))),27),((25,22),(((6,8),17),23))))),10);

STEP 50 [TBR_ClassicHeuristic_RFC -> NNI_Substep_50] - Distance: 18.0000
(((((18,(9,(4,21))),((7,(12,5)),20)),((((15,(11,13)),(29,(14,2))),(26,(19,16))),(((30,(24,(28,1))),27),((25,22),(((6,8),17),23))))),3),10);

STEP 51 [TBR_ClassicHeuristic_RFC -> NNI_Substep_51] - Distance: 18.0000
((((18,(9,(4,21))),((7,(12,5)),20)),(((((15,(11,13)),(29,(14,2))),(26,(19,16))),(((30,(24,(28,1))),27),((25,22),(((6,8),17),23)))),3)),10);

STEP 52 [TBR_ClassicHeuristic_RFC -> NNI_Substep_52] - Distance: 18.0000
((((18,(9,(4,21))),((7,(12,5)),20)),(((((15,(11,13)),(29,(14,2))),(26,(19,16))),3),(((30,(24,(28,1))),27),((25,22),(((6,8),17),23))))),10);

STEP 53 [TBR_ClassicHeuristic_RFC -> NNI_Substep_53] - Distance: 17.0000
((((18,(9,(4,21))),((7,(12,5)),20)),((((15,(11,13)),(29,(14,2))),((26,(19,16)),3)),(((30,(24,(28,1))),27),((25,22),(((6,8),17),23))))),10);

STEP 54 [TBR_ClassicHeuristic_RFC -> NNI_Substep_54] - Distance: 17.0000
((((18,(9,(4,21))),((7,(12,5)),20)),(((((15,(11,13)),(14,2)),29),((26,(19,16)),3)),(((30,(24,(28,1))),27),((25,22),(((6,8),17),23))))),10);

STEP 55 [TBR_ClassicHeuristic_RFC -> NNI_Substep_55] - Distance: 17.0000
((((18,(9,(4,21))),((7,(12,5)),20)),(((((15,(11,13)),(14,2)),((26,(19,16)),3)),29),(((30,(24,(28,1))),27),((25,22),(((6,8),17),23))))),10);

STEP 56 [TBR_ClassicHeuristic_RFC -> NNI_Substep_56] - Distance: 17.0000
((((18,(9,(4,21))),((7,(12,5)),20)),(((((15,(11,13)),(14,2)),((26,(19,16)),3)),(((30,(24,(28,1))),27),((25,22),(((6,8),17),23)))),29)),10);

STEP 57 [TBR_ClassicHeuristic_RFC -> NNI_Substep_57] - Distance: 17.0000
((((18,(9,(4,21))),((7,(12,5)),20)),((((15,(11,13)),(14,2)),((26,(19,16)),3)),((((30,(24,(28,1))),27),((25,22),(((6,8),17),23))),29))),10);

STEP 58 [TBR_ClassicHeuristic_RFC -> NNI_Substep_58] - Distance: 17.0000
((((18,(9,(4,21))),((7,(12,5)),20)),((((15,(11,13)),(14,2)),((26,(19,16)),3)),((((30,(24,(28,1))),27),29),((25,22),(((6,8),17),23))))),10);

STEP 59 [TBR_ClassicHeuristic_RFC -> NNI_Substep_59] - Distance: 17.0000
((((18,(9,(4,21))),((7,(12,5)),20)),((((15,(11,13)),(14,2)),((26,(19,16)),3)),((((30,(24,(28,1))),29),27),((25,22),(((6,8),17),23))))),10);

STEP 60 [TBR_ClassicHeuristic_RFC -> NNI_Substep_60] - Distance: 16.0000
((((18,(9,(4,21))),((7,(12,5)),20)),((((15,(11,13)),(14,2)),((26,(19,16)),3)),((((30,29),(24,(28,1))),27),((25,22),(((6,8),17),23))))),10);

STEP 61 [TBR_ClassicHeuristic_RFC -> NNI_Substep_61] - Distance: 16.0000
((((18,(9,(4,21))),((7,(12,5)),20)),((((15,(11,13)),((26,(19,16)),3)),(14,2)),((((30,29),(24,(28,1))),27),((25,22),(((6,8),17),23))))),10);

STEP 62 [TBR_ClassicHeuristic_RFC -> NNI_Substep_62] - Distance: 16.0000
((((18,(9,(4,21))),((7,(12,5)),20)),((((15,(11,13)),((26,(19,16)),3)),((((30,29),(24,(28,1))),27),((25,22),(((6,8),17),23)))),(14,2))),10);

STEP 63 [TBR_ClassicHeuristic_RFC -> NNI_Substep_63] - Distance: 16.0000
((((18,(9,(4,21))),((7,(12,5)),20)),(((15,(11,13)),((26,(19,16)),3)),(((((30,29),(24,(28,1))),27),((25,22),(((6,8),17),23))),(14,2)))),10);

STEP 64 [TBR_ClassicHeuristic_RFC -> NNI_Substep_64] - Distance: 16.0000
((((18,(9,(4,21))),((7,(12,5)),20)),(((15,(11,13)),((26,(19,16)),3)),((((30,29),(24,(28,1))),27),(((25,22),(((6,8),17),23)),(14,2))))),10);

STEP 65 [TBR_ClassicHeuristic_RFC -> NNI_Substep_65] - Distance: 16.0000
((((18,(9,(4,21))),((7,(12,5)),20)),(((15,(11,13)),((26,(19,16)),3)),((((30,29),(24,(28,1))),27),((25,22),((((6,8),17),23),(14,2)))))),10);

STEP 66 [TBR_ClassicHeuristic_RFC -> NNI_Substep_66] - Distance: 15.0000
((((18,(9,(4,21))),((7,(12,5)),20)),(((15,(11,13)),((26,(19,16)),3)),((((30,29),(24,(28,1))),27),((25,22),((((6,8),17),(14,2)),23))))),10);

STEP 67 [TBR_ClassicHeuristic_RFC -> NNI_Substep_67] - Distance: 15.0000
((((18,(9,(4,21))),((7,(12,5)),20)),((((11,13),((26,(19,16)),3)),15),((((30,29),(24,(28,1))),27),((25,22),((((6,8),17),(14,2)),23))))),10);

STEP 68 [TBR_ClassicHeuristic_RFC -> NNI_Substep_68] - Distance: 15.0000
((((18,(9,(4,21))),((7,(12,5)),20)),((((11,13),((26,(19,16)),3)),((((30,29),(24,(28,1))),27),((25,22),((((6,8),17),(14,2)),23)))),15)),10);

STEP 69 [TBR_ClassicHeuristic_RFC -> NNI_Substep_69] - Distance: 15.0000
((((18,(9,(4,21))),((7,(12,5)),20)),(((11,13),((26,(19,16)),3)),(((((30,29),(24,(28,1))),27),((25,22),((((6,8),17),(14,2)),23))),15))),10);

STEP 70 [TBR_ClassicHeuristic_RFC -> NNI_Substep_70] - Distance: 15.0000
((((18,(9,(4,21))),((7,(12,5)),20)),(((11,13),((26,(19,16)),3)),(((((30,29),(24,(28,1))),27),15),((25,22),((((6,8),17),(14,2)),23))))),10);

STEP 71 [TBR_ClassicHeuristic_RFC -> NNI_Substep_71] - Distance: 15.0000
((((18,(9,(4,21))),((7,(12,5)),20)),(((11,13),((26,(19,16)),3)),(((((30,29),(24,(28,1))),15),27),((25,22),((((6,8),17),(14,2)),23))))),10);

STEP 72 [TBR_ClassicHeuristic_RFC -> NNI_Substep_72] - Distance: 14.0000
((((18,(9,(4,21))),((7,(12,5)),20)),(((11,13),((26,(19,16)),3)),(((((30,29),15),(24,(28,1))),27),((25,22),((((6,8),17),(14,2)),23))))),10);

STEP 73 [TBR_ClassicHeuristic_RFC -> NNI_Substep_73] - Distance: 13.0000
((((18,(9,(4,21))),((7,(12,5)),20)),(((11,13),((26,(19,16)),3)),(((((30,29),15),27),(24,(28,1))),((25,22),((((6,8),17),(14,2)),23))))),10);

STEP 74 [TBR_ClassicHeuristic_RFC -> NNI_Substep_74] - Distance: 13.0000
((((18,(9,(4,21))),((7,(12,5)),20)),(((11,13),((26,(19,16)),3)),(((((30,29),15),27),((25,22),((((6,8),17),(14,2)),23))),(24,(28,1))))),10);

STEP 75 [TBR_ClassicHeuristic_RFC -> NNI_Substep_75] - Distance: 13.0000
(((((18,(9,(4,21))),(7,(12,5))),20),(((11,13),((26,(19,16)),3)),(((((30,29),15),27),((25,22),((((6,8),17),(14,2)),23))),(24,(28,1))))),10);

STEP 76 [TBR_ClassicHeuristic_RFC -> NNI_Substep_76] - Distance: 13.0000
(((((18,(9,(4,21))),(7,(12,5))),(((11,13),((26,(19,16)),3)),(((((30,29),15),27),((25,22),((((6,8),17),(14,2)),23))),(24,(28,1))))),20),10);

STEP 77 [TBR_ClassicHeuristic_RFC -> NNI_Substep_77] - Distance: 13.0000
((((18,(9,(4,21))),(7,(12,5))),((((11,13),((26,(19,16)),3)),(((((30,29),15),27),((25,22),((((6,8),17),(14,2)),23))),(24,(28,1)))),20)),10);

STEP 78 [TBR_ClassicHeuristic_RFC -> NNI_Substep_78] - Distance: 13.0000
((((18,(9,(4,21))),(7,(12,5))),((((11,13),((26,(19,16)),3)),20),(((((30,29),15),27),((25,22),((((6,8),17),(14,2)),23))),(24,(28,1))))),10);

STEP 79 [TBR_ClassicHeuristic_RFC -> NNI_Substep_79] - Distance: 13.0000
((((18,(9,(4,21))),(7,(12,5))),((((11,13),20),((26,(19,16)),3)),(((((30,29),15),27),((25,22),((((6,8),17),(14,2)),23))),(24,(28,1))))),10);

STEP 80 [TBR_ClassicHeuristic_RFC -> NNI_Substep_80] - Distance: 12.0000
((((18,(9,(4,21))),(7,(12,5))),((((11,20),13),((26,(19,16)),3)),(((((30,29),15),27),((25,22),((((6,8),17),(14,2)),23))),(24,(28,1))))),10);

STEP 81 [TBR_ClassicHeuristic_RFC -> NNI_Substep_81] - Distance: 12.0000
(((((9,(4,21)),(7,(12,5))),18),((((11,20),13),((26,(19,16)),3)),(((((30,29),15),27),((25,22),((((6,8),17),(14,2)),23))),(24,(28,1))))),10);

STEP 82 [TBR_ClassicHeuristic_RFC -> NNI_Substep_82] - Distance: 12.0000
(((((9,(4,21)),(7,(12,5))),((((11,20),13),((26,(19,16)),3)),(((((30,29),15),27),((25,22),((((6,8),17),(14,2)),23))),(24,(28,1))))),18),10);

STEP 83 [TBR_ClassicHeuristic_RFC -> NNI_Substep_83] - Distance: 12.0000
((((9,(4,21)),(7,(12,5))),(((((11,20),13),((26,(19,16)),3)),(((((30,29),15),27),((25,22),((((6,8),17),(14,2)),23))),(24,(28,1)))),18)),10);

STEP 84 [TBR_ClassicHeuristic_RFC -> NNI_Substep_84] - Distance: 12.0000
((((9,(4,21)),(7,(12,5))),(((((11,20),13),((26,(19,16)),3)),18),(((((30,29),15),27),((25,22),((((6,8),17),(14,2)),23))),(24,(28,1))))),10);

STEP 85 [TBR_ClassicHeuristic_RFC -> NNI_Substep_85] - Distance: 12.0000
((((9,(4,21)),(7,(12,5))),(((((11,20),13),18),((26,(19,16)),3)),(((((30,29),15),27),((25,22),((((6,8),17),(14,2)),23))),(24,(28,1))))),10);

STEP 86 [TBR_ClassicHeuristic_RFC -> NNI_Substep_86] - Distance: 11.0000
((((9,(4,21)),(7,(12,5))),(((((11,20),18),13),((26,(19,16)),3)),(((((30,29),15),27),((25,22),((((6,8),17),(14,2)),23))),(24,(28,1))))),10);

STEP 87 [TBR_ClassicHeuristic_RFC -> NNI_Substep_87] - Distance: 11.0000
(((((4,21),(7,(12,5))),9),(((((11,20),18),13),((26,(19,16)),3)),(((((30,29),15),27),((25,22),((((6,8),17),(14,2)),23))),(24,(28,1))))),10);

STEP 88 [TBR_ClassicHeuristic_RFC -> NNI_Substep_88] - Distance: 11.0000
(((((4,21),(7,(12,5))),(((((11,20),18),13),((26,(19,16)),3)),(((((30,29),15),27),((25,22),((((6,8),17),(14,2)),23))),(24,(28,1))))),9),10);

STEP 89 [TBR_ClassicHeuristic_RFC -> NNI_Substep_89] - Distance: 11.0000
((((4,21),(7,(12,5))),((((((11,20),18),13),((26,(19,16)),3)),(((((30,29),15),27),((25,22),((((6,8),17),(14,2)),23))),(24,(28,1)))),9)),10);

STEP 90 [TBR_ClassicHeuristic_RFC -> NNI_Substep_90] - Distance: 11.0000
((((4,21),(7,(12,5))),((((((11,20),18),13),((26,(19,16)),3)),9),(((((30,29),15),27),((25,22),((((6,8),17),(14,2)),23))),(24,(28,1))))),10);

STEP 91 [TBR_ClassicHeuristic_RFC -> NNI_Substep_91] - Distance: 11.0000
((((4,21),(7,(12,5))),((((((11,20),18),13),9),((26,(19,16)),3)),(((((30,29),15),27),((25,22),((((6,8),17),(14,2)),23))),(24,(28,1))))),10);

STEP 92 [TBR_ClassicHeuristic_RFC -> NNI_Substep_92] - Distance: 10.0000
((((4,21),(7,(12,5))),(((((11,20),18),(13,9)),((26,(19,16)),3)),(((((30,29),15),27),((25,22),((((6,8),17),(14,2)),23))),(24,(28,1))))),10);

STEP 93 [TBR_ClassicHeuristic_RFC -> NNI_Substep_93] - Distance: 10.0000
(((((4,21),(12,5)),7),(((((11,20),18),(13,9)),((26,(19,16)),3)),(((((30,29),15),27),((25,22),((((6,8),17),(14,2)),23))),(24,(28,1))))),10);

STEP 94 [TBR_ClassicHeuristic_RFC -> NNI_Substep_94] - Distance: 10.0000
(((((4,21),(12,5)),(((((11,20),18),(13,9)),((26,(19,16)),3)),(((((30,29),15),27),((25,22),((((6,8),17),(14,2)),23))),(24,(28,1))))),7),10);

STEP 95 [TBR_ClassicHeuristic_RFC -> NNI_Substep_95] - Distance: 10.0000
((((4,21),(12,5)),((((((11,20),18),(13,9)),((26,(19,16)),3)),(((((30,29),15),27),((25,22),((((6,8),17),(14,2)),23))),(24,(28,1)))),7)),10);

STEP 96 [TBR_ClassicHeuristic_RFC -> NNI_Substep_96] - Distance: 10.0000
((((4,21),(12,5)),((((((11,20),18),(13,9)),((26,(19,16)),3)),7),(((((30,29),15),27),((25,22),((((6,8),17),(14,2)),23))),(24,(28,1))))),10);

STEP 97 [TBR_ClassicHeuristic_RFC -> NNI_Substep_97] - Distance: 10.0000
((((4,21),(12,5)),((((((11,20),18),(13,9)),7),((26,(19,16)),3)),(((((30,29),15),27),((25,22),((((6,8),17),(14,2)),23))),(24,(28,1))))),10);

STEP 98 [TBR_ClassicHeuristic_RFC -> NNI_Substep_98] - Distance: 9.0000
((((4,21),(12,5)),(((((11,20),18),((13,9),7)),((26,(19,16)),3)),(((((30,29),15),27),((25,22),((((6,8),17),(14,2)),23))),(24,(28,1))))),10);

STEP 99 [TBR_ClassicHeuristic_RFC -> NNI_Substep_99] - Distance: 9.0000
((((4,(12,5)),21),(((((11,20),18),((13,9),7)),((26,(19,16)),3)),(((((30,29),15),27),((25,22),((((6,8),17),(14,2)),23))),(24,(28,1))))),10);

STEP 100 [TBR_ClassicHeuristic_RFC -> NNI_Substep_100] - Distance: 9.0000
((((4,(12,5)),(((((11,20),18),((13,9),7)),((26,(19,16)),3)),(((((30,29),15),27),((25,22),((((6,8),17),(14,2)),23))),(24,(28,1))))),21),10);

STEP 101 [TBR_ClassicHeuristic_RFC -> NNI_Substep_101] - Distance: 9.0000
(((4,(12,5)),((((((11,20),18),((13,9),7)),((26,(19,16)),3)),(((((30,29),15),27),((25,22),((((6,8),17),(14,2)),23))),(24,(28,1)))),21)),10);

STEP 102 [TBR_ClassicHeuristic_RFC -> NNI_Substep_102] - Distance: 9.0000
(((4,(12,5)),(((((11,20),18),((13,9),7)),((26,(19,16)),3)),((((((30,29),15),27),((25,22),((((6,8),17),(14,2)),23))),(24,(28,1))),21))),10);

STEP 103 [TBR_ClassicHeuristic_RFC -> NNI_Substep_103] - Distance: 9.0000
(((4,(12,5)),(((((11,20),18),((13,9),7)),((26,(19,16)),3)),((((((30,29),15),27),((25,22),((((6,8),17),(14,2)),23))),21),(24,(28,1))))),10);

STEP 104 [TBR_ClassicHeuristic_RFC -> NNI_Substep_104] - Distance: 9.0000
(((4,(12,5)),(((((11,20),18),((13,9),7)),((26,(19,16)),3)),(((((30,29),15),27),(((25,22),((((6,8),17),(14,2)),23)),21)),(24,(28,1))))),10);

STEP 105 [TBR_ClassicHeuristic_RFC -> NNI_Substep_105] - Distance: 8.0000
(((4,(12,5)),(((((11,20),18),((13,9),7)),((26,(19,16)),3)),(((((30,29),15),27),(((25,22),21),((((6,8),17),(14,2)),23))),(24,(28,1))))),10);

STEP 106 [TBR_ClassicHeuristic_RFC -> NNI_Substep_106] - Distance: 7.0000
(((4,(12,5)),(((((11,20),18),((13,9),7)),((26,(19,16)),3)),(((((30,29),15),27),((((25,22),21),23),(((6,8),17),(14,2)))),(24,(28,1))))),10);

STEP 107 [TBR_ClassicHeuristic_RFC -> NNI_Substep_107] - Distance: 6.0000
(((4,(12,5)),(((((11,20),18),((13,9),7)),((26,(19,16)),3)),((((((30,29),15),27),(((25,22),21),23)),(((6,8),17),(14,2))),(24,(28,1))))),10);

STEP 108 [TBR_ClassicHeuristic_RFC -> NNI_Substep_108] - Distance: 6.0000
(((4,(12,5)),(((((11,20),18),((13,9),7)),((26,(19,16)),3)),((((((30,29),15),27),(((25,22),21),23)),(24,(28,1))),(((6,8),17),(14,2))))),10);

STEP 109 [TBR_ClassicHeuristic_RFC -> NNI_Substep_109] - Distance: 6.0000
(((4,(12,5)),((((((11,20),18),((13,9),7)),((26,(19,16)),3)),(((((30,29),15),27),(((25,22),21),23)),(24,(28,1)))),(((6,8),17),(14,2)))),10);

STEP 110 [TBR_ClassicHeuristic_RFC -> NNI_Substep_110] - Distance: 6.0000
((((4,(12,5)),(((((11,20),18),((13,9),7)),((26,(19,16)),3)),(((((30,29),15),27),(((25,22),21),23)),(24,(28,1))))),(((6,8),17),(14,2))),10);

STEP 111 [TBR_ClassicHeuristic_RFC -> NNI_Substep_111] - Distance: 6.0000
((((4,(12,5)),(((6,8),17),(14,2))),(((((11,20),18),((13,9),7)),((26,(19,16)),3)),(((((30,29),15),27),(((25,22),21),23)),(24,(28,1))))),10);

STEP 112 [TBR_ClassicHeuristic_RFC -> NNI_Substep_112] - Distance: 5.0000
((((4,(((6,8),17),(14,2))),(12,5)),(((((11,20),18),((13,9),7)),((26,(19,16)),3)),(((((30,29),15),27),(((25,22),21),23)),(24,(28,1))))),10);

STEP 113 [TBR_ClassicHeuristic_RFC -> NNI_Substep_113] - Distance: 5.0000
((((4,(((6,8),17),(14,2))),(12,5)),(((((11,20),18),((26,(19,16)),3)),((13,9),7)),(((((30,29),15),27),(((25,22),21),23)),(24,(28,1))))),10);

STEP 114 [TBR_ClassicHeuristic_RFC -> NNI_Substep_114] - Distance: 5.0000
((((4,(((6,8),17),(14,2))),(12,5)),(((((11,20),18),((26,(19,16)),3)),(((((30,29),15),27),(((25,22),21),23)),(24,(28,1)))),((13,9),7))),10);

STEP 115 [TBR_ClassicHeuristic_RFC -> NNI_Substep_115] - Distance: 5.0000
((((4,(((6,8),17),(14,2))),(12,5)),((((11,20),18),((26,(19,16)),3)),((((((30,29),15),27),(((25,22),21),23)),(24,(28,1))),((13,9),7)))),10);

STEP 116 [TBR_ClassicHeuristic_RFC -> NNI_Substep_116] - Distance: 4.0000
((((4,(((6,8),17),(14,2))),(12,5)),((((11,20),18),((26,(19,16)),3)),((((((30,29),15),27),(((25,22),21),23)),((13,9),7)),(24,(28,1))))),10);

STEP 117 [TBR_ClassicHeuristic_RFC -> NNI_Substep_117] - Distance: 4.0000
((((12,5),((((11,20),18),((26,(19,16)),3)),((((((30,29),15),27),(((25,22),21),23)),((13,9),7)),(24,(28,1))))),(4,(((6,8),17),(14,2)))),10);

STEP 118 [TBR_ClassicHeuristic_RFC -> NNI_Substep_118] - Distance: 4.0000
(((12,5),(((((11,20),18),((26,(19,16)),3)),((((((30,29),15),27),(((25,22),21),23)),((13,9),7)),(24,(28,1)))),(4,(((6,8),17),(14,2))))),10);

STEP 119 [TBR_ClassicHeuristic_RFC -> NNI_Substep_119] - Distance: 4.0000
(((12,5),(((((11,20),18),((26,(19,16)),3)),(4,(((6,8),17),(14,2)))),((((((30,29),15),27),(((25,22),21),23)),((13,9),7)),(24,(28,1))))),10);

STEP 120 [TBR_ClassicHeuristic_RFC -> NNI_Substep_120] - Distance: 3.0000
(((12,5),(((((11,20),18),(4,(((6,8),17),(14,2)))),((26,(19,16)),3)),((((((30,29),15),27),(((25,22),21),23)),((13,9),7)),(24,(28,1))))),10);

STEP 121 [TBR_ClassicHeuristic_RFC -> NNI_Substep_121] - Distance: 3.0000
((((((11,20),18),(4,(((6,8),17),(14,2)))),((26,(19,16)),3)),(((((((30,29),15),27),(((25,22),21),23)),((13,9),7)),(24,(28,1))),(12,5))),10);

STEP 122 [TBR_ClassicHeuristic_RFC -> NNI_Substep_122] - Distance: 2.0000
((((((11,20),18),(4,(((6,8),17),(14,2)))),((26,(19,16)),3)),(((((((30,29),15),27),(((25,22),21),23)),((13,9),7)),(12,5)),(24,(28,1)))),10);

STEP 123 [TBR_ClassicHeuristic_RFC -> NNI_Substep_123] - Distance: 2.0000
(((((26,(19,16)),3),(((((((30,29),15),27),(((25,22),21),23)),((13,9),7)),(12,5)),(24,(28,1)))),(((11,20),18),(4,(((6,8),17),(14,2))))),10);

STEP 124 [TBR_ClassicHeuristic_RFC -> NNI_Substep_124] - Distance: 2.0000
((((26,(19,16)),3),((((((((30,29),15),27),(((25,22),21),23)),((13,9),7)),(12,5)),(24,(28,1))),(((11,20),18),(4,(((6,8),17),(14,2)))))),10);

STEP 125 [TBR_ClassicHeuristic_RFC -> NNI_Substep_125] - Distance: 1.0000
((((26,(19,16)),3),(((((((30,29),15),27),(((25,22),21),23)),((13,9),7)),(12,5)),((24,(28,1)),(((11,20),18),(4,(((6,8),17),(14,2))))))),10);

STEP 126 [TBR_ClassicHeuristic_RFC -> NNI_Substep_126] - Distance: 0.0000
(10,(((24,(28,1)),(((11,20),18),(4,(((6,8),17),(14,2))))),(((((((30,29),15),27),(((25,22),21),23)),((13,9),7)),(12,5)),((26,(19,16)),3))));

========================================================
[FINAL] Total Steps: 126 | Final Distance: 0.0000
========================================================
