========================================================
HEURISTIC TRAJECTORY: VND Incremental (MS)
========================================================
STEP 0 [START] - Distance: 137.0000
(17,(20,((8,2),(29,11))),(((3,(6,(26,(((21,(19,(25,13))),(5,(14,30))),(27,(1,28)))))),((12,(4,15)),((22,23),(16,7)))),(10,(18,(24,9)))));

STEP 1 [NNI_IncrementalHeuristic_MS -> NNI_Substep_1] - Distance: 129.0000
(17,(20,((8,2),(29,11))),(((3,(6,(((21,(19,(25,13))),(5,(14,30))),(26,(27,(1,28)))))),((12,(4,15)),((22,23),(16,7)))),(10,(18,(24,9)))));

STEP 2 [NNI_IncrementalHeuristic_MS -> NNI_Substep_2] - Distance: 123.0000
(17,(20,((8,2),(29,11))),((((((21,(19,(25,13))),(5,(14,30))),(26,(27,(1,28)))),(6,3)),((12,(4,15)),((22,23),(16,7)))),(10,(18,(24,9)))));

STEP 3 [NNI_IncrementalHeuristic_MS -> NNI_Substep_3] - Distance: 118.0000
(17,(20,((8,2),(29,11))),(((((6,3),(26,(27,(1,28)))),((21,(19,(25,13))),(5,(14,30)))),((12,(4,15)),((22,23),(16,7)))),(10,(18,(24,9)))));

STEP 4 [NNI_IncrementalHeuristic_MS -> NNI_Substep_4] - Distance: 111.0000
(17,(20,((8,2),(29,11))),(((((12,(4,15)),((22,23),(16,7))),((21,(19,(25,13))),(5,(14,30)))),((6,3),(26,(27,(1,28))))),(10,(18,(24,9)))));

STEP 5 [NNI_IncrementalHeuristic_MS -> NNI_Substep_5] - Distance: 103.0000
(17,(20,((8,2),(29,11))),(((10,(18,(24,9))),((6,3),(26,(27,(1,28))))),(((12,(4,15)),((22,23),(16,7))),((21,(19,(25,13))),(5,(14,30))))));

STEP 6 [NNI_IncrementalHeuristic_MS -> NNI_Substep_6] - Distance: 98.0000
((((12,(4,15)),((22,23),(16,7))),((21,(19,(25,13))),(5,(14,30)))),(20,((8,2),(29,11))),(((10,(18,(24,9))),((6,3),(26,(27,(1,28))))),17));

STEP 7 [NNI_IncrementalHeuristic_MS -> NNI_Substep_7] - Distance: 95.0000
((((16,7),((22,23),(12,(4,15)))),((21,(19,(25,13))),(5,(14,30)))),(20,((8,2),(29,11))),(((10,(18,(24,9))),((6,3),(26,(27,(1,28))))),17));

STEP 8 [NNI_IncrementalHeuristic_MS -> NNI_Substep_8] - Distance: 93.0000
((((16,7),((22,23),(12,(4,15)))),((21,(19,(25,13))),(5,(14,30)))),(20,((8,2),(29,11))),(((6,3),((10,(18,(24,9))),(26,(27,(1,28))))),17));

STEP 9 [NNI_IncrementalHeuristic_MS -> NNI_Substep_9] - Distance: 92.0000
((((16,7),((22,23),(12,(4,15)))),(((25,13),(19,21)),(5,(14,30)))),(20,((8,2),(29,11))),(((6,3),((10,(18,(24,9))),(26,(27,(1,28))))),17));

STEP 10 [NNI_IncrementalHeuristic_MS -> NNI_Substep_10] - Distance: 91.0000
((((16,7),((22,23),(12,(4,15)))),(((25,13),(5,(14,30))),(19,21))),(20,((8,2),(29,11))),(((6,3),((10,(18,(24,9))),(26,(27,(1,28))))),17));

STEP 11 [uTBR_IncrementalHeuristic_MS -> NNI_Substep_1] - Distance: 94.0000
(((((16,7),((22,23),(12,(4,15)))),(((25,13),(5,(14,30))),(19,21))),((8,2),(29,11))),20,(((6,3),((10,(18,(24,9))),(26,(27,(1,28))))),17));

STEP 12 [uTBR_IncrementalHeuristic_MS -> NNI_Substep_2] - Distance: 89.0000
(((((16,7),((22,23),(12,(4,15)))),((8,2),(29,11))),(((25,13),(5,(14,30))),(19,21))),20,(((6,3),((10,(18,(24,9))),(26,(27,(1,28))))),17));

STEP 13 [uTBR_IncrementalHeuristic_MS -> NNI_Substep_3] - Distance: 85.0000
((((16,7),(((22,23),(12,(4,15))),((8,2),(29,11)))),(((25,13),(5,(14,30))),(19,21))),20,(((6,3),((10,(18,(24,9))),(26,(27,(1,28))))),17));

STEP 14 [uTBR_IncrementalHeuristic_MS -> NNI_Substep_4] - Distance: 82.0000
((((16,7),(((22,23),((8,2),(29,11))),(12,(4,15)))),(((25,13),(5,(14,30))),(19,21))),20,(((6,3),((10,(18,(24,9))),(26,(27,(1,28))))),17));

STEP 15 [uTBR_IncrementalHeuristic_MS -> NNI_Substep_5] - Distance: 81.0000
((((16,7),(((22,((8,2),(29,11))),23),(12,(4,15)))),(((25,13),(5,(14,30))),(19,21))),20,(((6,3),((10,(18,(24,9))),(26,(27,(1,28))))),17));

STEP 16 [uTBR_IncrementalHeuristic_MS -> NNI_Substep_6] - Distance: 81.0000
((((16,7),(((22,((8,2),(29,11))),23),(12,(4,15)))),(((25,13),((5,30),14)),(19,21))),20,(((6,3),((10,(18,(24,9))),(26,(27,(1,28))))),17));

STEP 17 [uTBR_IncrementalHeuristic_MS -> NNI_Substep_7] - Distance: 82.0000
((((16,7),(((22,((8,2),(29,11))),23),(12,(4,15)))),((((25,13),(5,30)),14),(19,21))),20,(((6,3),((10,(18,(24,9))),(26,(27,(1,28))))),17));

STEP 18 [uTBR_IncrementalHeuristic_MS -> NNI_Substep_8] - Distance: 83.0000
((((16,7),(((22,((8,2),(29,11))),23),(12,(4,15)))),((((25,13),(5,30)),(19,21)),14)),20,(((6,3),((10,(18,(24,9))),(26,(27,(1,28))))),17));

STEP 19 [uTBR_IncrementalHeuristic_MS -> NNI_Substep_9] - Distance: 83.0000
(((((16,7),(((22,((8,2),(29,11))),23),(12,(4,15)))),(((25,13),(5,30)),(19,21))),14),20,(((6,3),((10,(18,(24,9))),(26,(27,(1,28))))),17));

STEP 20 [uTBR_IncrementalHeuristic_MS -> NNI_Substep_10] - Distance: 83.0000
((((16,7),(((22,((8,2),(29,11))),23),(12,(4,15)))),(((25,13),(5,30)),(19,21))),20,((((6,3),((10,(18,(24,9))),(26,(27,(1,28))))),17),14));

STEP 21 [uTBR_IncrementalHeuristic_MS -> NNI_Substep_11] - Distance: 74.0000
((((16,7),(((22,((8,2),(29,11))),23),(12,(4,15)))),(((25,13),(5,30)),(19,21))),20,(((6,3),((10,(18,(24,9))),(26,(27,(1,28))))),(17,14)));

STEP 22 [uTBR_IncrementalHeuristic_MS -> NNI_Substep_12] - Distance: 75.0000
((((16,7),(((22,((8,(29,11)),2)),23),(12,(4,15)))),(((25,13),(5,30)),(19,21))),20,(((6,3),((10,(18,(24,9))),(26,(27,(1,28))))),(17,14)));

STEP 23 [uTBR_IncrementalHeuristic_MS -> NNI_Substep_13] - Distance: 75.0000
((((16,7),((((22,(8,(29,11))),2),23),(12,(4,15)))),(((25,13),(5,30)),(19,21))),20,(((6,3),((10,(18,(24,9))),(26,(27,(1,28))))),(17,14)));

STEP 24 [uTBR_IncrementalHeuristic_MS -> NNI_Substep_14] - Distance: 75.0000
((((16,7),((((22,(8,(29,11))),23),2),(12,(4,15)))),(((25,13),(5,30)),(19,21))),20,(((6,3),((10,(18,(24,9))),(26,(27,(1,28))))),(17,14)));

STEP 25 [uTBR_IncrementalHeuristic_MS -> NNI_Substep_15] - Distance: 77.0000
((((16,7),((((22,(8,(29,11))),23),(12,(4,15))),2)),(((25,13),(5,30)),(19,21))),20,(((6,3),((10,(18,(24,9))),(26,(27,(1,28))))),(17,14)));

STEP 26 [uTBR_IncrementalHeuristic_MS -> NNI_Substep_16] - Distance: 78.0000
(((((16,7),(((22,(8,(29,11))),23),(12,(4,15)))),2),(((25,13),(5,30)),(19,21))),20,(((6,3),((10,(18,(24,9))),(26,(27,(1,28))))),(17,14)));

STEP 27 [uTBR_IncrementalHeuristic_MS -> NNI_Substep_17] - Distance: 75.0000
(((((16,7),(((22,(8,(29,11))),23),(12,(4,15)))),(((25,13),(5,30)),(19,21))),2),20,(((6,3),((10,(18,(24,9))),(26,(27,(1,28))))),(17,14)));

STEP 28 [uTBR_IncrementalHeuristic_MS -> NNI_Substep_18] - Distance: 72.0000
((((16,7),(((22,(8,(29,11))),23),(12,(4,15)))),((((25,13),(5,30)),(19,21)),2)),20,(((6,3),((10,(18,(24,9))),(26,(27,(1,28))))),(17,14)));

STEP 29 [uTBR_IncrementalHeuristic_MS -> NNI_Substep_19] - Distance: 67.0000
((((16,7),(((22,(8,(29,11))),23),(12,(4,15)))),(((25,13),(5,30)),((19,21),2))),20,(((6,3),((10,(18,(24,9))),(26,(27,(1,28))))),(17,14)));

STEP 30 [uTBR_IncrementalHeuristic_MS -> NNI_Substep_20] - Distance: 71.0000
((((16,7),((((22,(8,(29,11))),23),(4,15)),12)),(((25,13),(5,30)),((19,21),2))),20,(((6,3),((10,(18,(24,9))),(26,(27,(1,28))))),(17,14)));

STEP 31 [uTBR_IncrementalHeuristic_MS -> NNI_Substep_21] - Distance: 68.0000
((((16,7),((((22,(8,(29,11))),23),12),(4,15))),(((25,13),(5,30)),((19,21),2))),20,(((6,3),((10,(18,(24,9))),(26,(27,(1,28))))),(17,14)));

STEP 32 [uTBR_IncrementalHeuristic_MS -> NNI_Substep_22] - Distance: 66.0000
((((16,7),((((22,(8,(29,11))),12),23),(4,15))),(((25,13),(5,30)),((19,21),2))),20,(((6,3),((10,(18,(24,9))),(26,(27,(1,28))))),(17,14)));

STEP 33 [uTBR_IncrementalHeuristic_MS -> NNI_Substep_23] - Distance: 64.0000
((((16,7),(((22,((8,(29,11)),12)),23),(4,15))),(((25,13),(5,30)),((19,21),2))),20,(((6,3),((10,(18,(24,9))),(26,(27,(1,28))))),(17,14)));

STEP 34 [uTBR_IncrementalHeuristic_MS -> NNI_Substep_24] - Distance: 62.0000
((((16,7),(((22,(8,((29,11),12))),23),(4,15))),(((25,13),(5,30)),((19,21),2))),20,(((6,3),((10,(18,(24,9))),(26,(27,(1,28))))),(17,14)));

STEP 35 [uTBR_IncrementalHeuristic_MS -> NNI_Substep_25] - Distance: 69.0000
((((7,(((22,(8,((29,11),12))),23),(4,15))),16),(((25,13),(5,30)),((19,21),2))),20,(((6,3),((10,(18,(24,9))),(26,(27,(1,28))))),(17,14)));

STEP 36 [uTBR_IncrementalHeuristic_MS -> NNI_Substep_26] - Distance: 65.0000
((((7,(((22,(8,((29,11),12))),23),(4,15))),(((25,13),(5,30)),((19,21),2))),16),20,(((6,3),((10,(18,(24,9))),(26,(27,(1,28))))),(17,14)));

STEP 37 [uTBR_IncrementalHeuristic_MS -> NNI_Substep_27] - Distance: 65.0000
(((7,(((22,(8,((29,11),12))),23),(4,15))),(((25,13),(5,30)),((19,21),2))),20,((((6,3),((10,(18,(24,9))),(26,(27,(1,28))))),(17,14)),16));

STEP 38 [uTBR_IncrementalHeuristic_MS -> NNI_Substep_28] - Distance: 62.0000
(((7,(((22,(8,((29,11),12))),23),(4,15))),(((25,13),(5,30)),((19,21),2))),20,((((6,3),((10,(18,(24,9))),(26,(27,(1,28))))),16),(17,14)));

STEP 39 [uTBR_IncrementalHeuristic_MS -> NNI_Substep_29] - Distance: 59.0000
(((7,(((22,(8,((29,11),12))),23),(4,15))),(((25,13),(5,30)),((19,21),2))),20,(((6,3),(((10,(18,(24,9))),(26,(27,(1,28)))),16)),(17,14)));

STEP 40 [uTBR_IncrementalHeuristic_MS -> NNI_Substep_30] - Distance: 58.0000
(((7,(((22,(8,((29,11),12))),23),(4,15))),(((25,13),(5,30)),((19,21),2))),20,(((6,3),((10,(18,(24,9))),((26,(27,(1,28))),16))),(17,14)));

STEP 41 [uTBR_IncrementalHeuristic_MS -> NNI_Substep_31] - Distance: 59.0000
((7,(((22,(8,((29,11),12))),23),(4,15))),(((25,13),(5,30)),((19,21),2)),((((6,3),((10,(18,(24,9))),((26,(27,(1,28))),16))),20),(17,14)));

STEP 42 [uTBR_IncrementalHeuristic_MS -> NNI_Substep_32] - Distance: 58.0000
((7,(((22,(8,((29,11),12))),23),(4,15))),(((25,13),(5,30)),((19,21),2)),(((6,3),(((10,(18,(24,9))),((26,(27,(1,28))),16)),20)),(17,14)));

STEP 43 [uTBR_IncrementalHeuristic_MS -> NNI_Substep_33] - Distance: 57.0000
((7,(((22,(8,((29,11),12))),23),(4,15))),(((25,13),(5,30)),((19,21),2)),(((6,3),((10,(18,(24,9))),(((26,(27,(1,28))),16),20))),(17,14)));

STEP 44 [uTBR_IncrementalHeuristic_MS -> NNI_Substep_34] - Distance: 57.0000
((7,(((22,(8,((29,11),12))),23),(4,15))),(((25,13),(5,30)),((19,21),2)),(((6,3),((10,(18,(24,9))),(((26,(27,(1,28))),20),16))),(17,14)));

STEP 45 [uTBR_IncrementalHeuristic_MS -> NNI_Substep_35] - Distance: 55.0000
((7,(((22,(8,((29,11),12))),23),(4,15))),(((25,13),(5,30)),((19,21),2)),(((6,3),((10,(18,(24,9))),((26,((27,(1,28)),20)),16))),(17,14)));

STEP 46 [uTBR_IncrementalHeuristic_MS -> NNI_Substep_36] - Distance: 53.0000
((7,(((22,(8,((29,11),12))),23),(4,15))),(((25,13),(5,30)),((19,21),2)),(((6,3),((10,(18,(24,9))),((26,(27,((1,28),20))),16))),(17,14)));

STEP 47 [uTBR_IncrementalHeuristic_MS -> NNI_Substep_37] - Distance: 53.0000
((7,(((22,(8,((29,11),12))),23),(4,15))),(((25,13),(5,30)),((19,21),2)),(((6,3),((10,(18,(24,9))),((26,(27,((28,20),1))),16))),(17,14)));

STEP 48 [uTBR_IncrementalHeuristic_MS -> NNI_Substep_38] - Distance: 53.0000
((7,(((22,(8,((29,11),12))),23),(4,15))),(((25,13),(5,30)),((19,21),2)),(((6,3),((10,(18,(24,9))),((26,((27,(28,20)),1)),16))),(17,14)));

STEP 49 [uTBR_IncrementalHeuristic_MS -> NNI_Substep_39] - Distance: 53.0000
((7,(((22,(8,((29,11),12))),23),(4,15))),(((25,13),(5,30)),((19,21),2)),(((6,3),((10,(18,(24,9))),(((26,(27,(28,20))),1),16))),(17,14)));

STEP 50 [uTBR_IncrementalHeuristic_MS -> NNI_Substep_40] - Distance: 53.0000
((7,(((22,(8,((29,11),12))),23),(4,15))),(((25,13),(5,30)),((19,21),2)),(((6,3),((10,(18,(24,9))),(((26,(27,(28,20))),16),1))),(17,14)));

STEP 51 [uTBR_IncrementalHeuristic_MS -> NNI_Substep_41] - Distance: 48.0000
((7,(((22,(8,((29,11),12))),23),(4,15))),(((25,13),(5,30)),((19,21),2)),(((6,3),((10,(18,(24,9))),((26,(27,(28,20))),(16,1)))),(17,14)));

STEP 52 [uTBR_IncrementalHeuristic_MS -> NNI_Substep_42] - Distance: 48.0000
((7,(((22,(8,((29,11),12))),23),(4,15))),(((25,13),(5,30)),((19,21),2)),(((6,3),(((10,(24,9)),18),((26,(27,(28,20))),(16,1)))),(17,14)));

STEP 53 [uTBR_IncrementalHeuristic_MS -> NNI_Substep_43] - Distance: 53.0000
((7,(((22,(8,((29,11),12))),23),(4,15))),(((25,13),(5,30)),((19,21),2)),(((6,3),(((10,(24,9)),((26,(27,(28,20))),(16,1))),18)),(17,14)));

STEP 54 [uTBR_IncrementalHeuristic_MS -> NNI_Substep_44] - Distance: 51.0000
((7,(((22,(8,((29,11),12))),23),(4,15))),(((25,13),(5,30)),((19,21),2)),(((6,3),((10,(24,9)),(((26,(27,(28,20))),(16,1)),18))),(17,14)));

STEP 55 [uTBR_IncrementalHeuristic_MS -> NNI_Substep_45] - Distance: 48.0000
((7,(((22,(8,((29,11),12))),23),(4,15))),(((25,13),(5,30)),((19,21),2)),(((6,3),((10,(24,9)),(((26,(27,(28,20))),18),(16,1)))),(17,14)));

STEP 56 [uTBR_IncrementalHeuristic_MS -> NNI_Substep_46] - Distance: 44.0000
((7,(((22,(8,((29,11),12))),23),(4,15))),(((25,13),(5,30)),((19,21),2)),(((6,3),((10,(24,9)),(((26,18),(27,(28,20))),(16,1)))),(17,14)));

STEP 57 [uTBR_IncrementalHeuristic_MS -> NNI_Substep_47] - Distance: 44.0000
((7,(((22,(8,((29,11),12))),23),(4,15))),(((25,13),(5,30)),((19,21),2)),(((6,3),(((10,9),24),(((26,18),(27,(28,20))),(16,1)))),(17,14)));

STEP 58 [uTBR_IncrementalHeuristic_MS -> NNI_Substep_48] - Distance: 50.0000
((7,(((22,(8,((29,11),12))),23),(4,15))),(((25,13),(5,30)),((19,21),2)),(((6,3),(((10,9),(((26,18),(27,(28,20))),(16,1))),24)),(17,14)));

STEP 59 [uTBR_IncrementalHeuristic_MS -> NNI_Substep_49] - Distance: 47.0000
((7,(((22,(8,((29,11),12))),23),(4,15))),(((25,13),(5,30)),((19,21),2)),(((6,3),((10,9),((((26,18),(27,(28,20))),(16,1)),24))),(17,14)));

STEP 60 [uTBR_IncrementalHeuristic_MS -> NNI_Substep_50] - Distance: 44.0000
((7,(((22,(8,((29,11),12))),23),(4,15))),(((25,13),(5,30)),((19,21),2)),(((6,3),((10,9),((((26,18),(27,(28,20))),24),(16,1)))),(17,14)));

STEP 61 [uTBR_IncrementalHeuristic_MS -> NNI_Substep_51] - Distance: 40.0000
((7,(((22,(8,((29,11),12))),23),(4,15))),(((25,13),(5,30)),((19,21),2)),(((6,3),((10,9),((((26,18),24),(27,(28,20))),(16,1)))),(17,14)));

STEP 62 [uTBR_IncrementalHeuristic_MS -> NNI_Substep_52] - Distance: 38.0000
((7,(((22,(8,((29,11),12))),23),(4,15))),(((25,13),(5,30)),((19,21),2)),(((6,3),((10,9),((((26,24),18),(27,(28,20))),(16,1)))),(17,14)));

STEP 63 [uTBR_IncrementalHeuristic_MS -> NNI_Substep_53] - Distance: 45.0000
((7,(((22,(8,((29,11),12))),23),(4,15))),(((25,13),(5,30)),((19,21),2)),(((3,((10,9),((((26,24),18),(27,(28,20))),(16,1)))),6),(17,14)));

STEP 64 [uTBR_IncrementalHeuristic_MS -> NNI_Substep_54] - Distance: 43.0000
((7,(((22,(8,((29,11),12))),23),(4,15))),(((25,13),(5,30)),((19,21),2)),(((((10,9),((((26,24),18),(27,(28,20))),(16,1))),6),3),(17,14)));

STEP 65 [uTBR_IncrementalHeuristic_MS -> NNI_Substep_55] - Distance: 34.0000
((7,(((22,(8,((29,11),12))),23),(4,15))),(((25,13),(5,30)),((19,21),2)),(((((10,9),6),((((26,24),18),(27,(28,20))),(16,1))),3),(17,14)));

STEP 66 [uTBR_IncrementalHeuristic_MS -> NNI_Substep_56] - Distance: 31.0000
((7,(((22,(8,((29,11),12))),23),(4,15))),(((25,13),(5,30)),((19,21),2)),(((((10,9),6),((((26,24),18),(27,(28,20))),(16,1))),(17,14)),3));

STEP 67 [uTBR_IncrementalHeuristic_MS -> NNI_Substep_57] - Distance: 35.0000
(((7,(((22,(8,((29,11),12))),23),(4,15))),3),(((25,13),(5,30)),((19,21),2)),((((10,9),6),((((26,24),18),(27,(28,20))),(16,1))),(17,14)));

STEP 68 [uTBR_IncrementalHeuristic_MS -> NNI_Substep_58] - Distance: 33.0000
((7,((((22,(8,((29,11),12))),23),(4,15)),3)),(((25,13),(5,30)),((19,21),2)),((((10,9),6),((((26,24),18),(27,(28,20))),(16,1))),(17,14)));

STEP 69 [uTBR_IncrementalHeuristic_MS -> NNI_Substep_59] - Distance: 32.0000
((7,((((22,(8,((29,11),12))),23),3),(4,15))),(((25,13),(5,30)),((19,21),2)),((((10,9),6),((((26,24),18),(27,(28,20))),(16,1))),(17,14)));

STEP 70 [uTBR_IncrementalHeuristic_MS -> NNI_Substep_60] - Distance: 30.0000
((7,((((22,(8,((29,11),12))),3),23),(4,15))),(((25,13),(5,30)),((19,21),2)),((((10,9),6),((((26,24),18),(27,(28,20))),(16,1))),(17,14)));

STEP 71 [uTBR_IncrementalHeuristic_MS -> NNI_Substep_61] - Distance: 24.0000
(((((22,(8,((29,11),12))),3),23),(4,15)),(((25,13),(5,30)),((19,21),2)),(((((10,9),6),((((26,24),18),(27,(28,20))),(16,1))),(17,14)),7));

STEP 72 [uTBR_IncrementalHeuristic_MS -> NNI_Substep_62] - Distance: 24.0000
(((((22,(8,((11,12),29))),3),23),(4,15)),(((25,13),(5,30)),((19,21),2)),(((((10,9),6),((((26,24),18),(27,(28,20))),(16,1))),(17,14)),7));

STEP 73 [uTBR_IncrementalHeuristic_MS -> NNI_Substep_63] - Distance: 24.0000
(((((22,((8,(11,12)),29)),3),23),(4,15)),(((25,13),(5,30)),((19,21),2)),(((((10,9),6),((((26,24),18),(27,(28,20))),(16,1))),(17,14)),7));

STEP 74 [uTBR_IncrementalHeuristic_MS -> NNI_Substep_64] - Distance: 24.0000
((((((22,(8,(11,12))),29),3),23),(4,15)),(((25,13),(5,30)),((19,21),2)),(((((10,9),6),((((26,24),18),(27,(28,20))),(16,1))),(17,14)),7));

STEP 75 [uTBR_IncrementalHeuristic_MS -> NNI_Substep_65] - Distance: 24.0000
((((((22,(8,(11,12))),3),29),23),(4,15)),(((25,13),(5,30)),((19,21),2)),(((((10,9),6),((((26,24),18),(27,(28,20))),(16,1))),(17,14)),7));

STEP 76 [uTBR_IncrementalHeuristic_MS -> NNI_Substep_66] - Distance: 19.0000
(((((22,(8,(11,12))),(3,29)),23),(4,15)),(((25,13),(5,30)),((19,21),2)),(((((10,9),6),((((26,24),18),(27,(28,20))),(16,1))),(17,14)),7));

STEP 77 [uTBR_IncrementalHeuristic_MS -> NNI_Substep_67] - Distance: 19.0000
(((((22,(8,(11,12))),(3,29)),23),(4,15)),(((25,13),(5,30)),((19,2),21)),(((((10,9),6),((((26,24),18),(27,(28,20))),(16,1))),(17,14)),7));

STEP 78 [uTBR_IncrementalHeuristic_MS -> NNI_Substep_68] - Distance: 22.0000
(((((22,(8,(11,12))),(3,29)),23),(4,15)),((((25,13),(5,30)),(19,2)),21),(((((10,9),6),((((26,24),18),(27,(28,20))),(16,1))),(17,14)),7));

STEP 79 [uTBR_IncrementalHeuristic_MS -> NNI_Substep_69] - Distance: 26.0000
(((((22,(8,(11,12))),(3,29)),23),(4,15)),(((25,13),(5,30)),(19,2)),((((((10,9),6),((((26,24),18),(27,(28,20))),(16,1))),(17,14)),7),21));

STEP 80 [uTBR_IncrementalHeuristic_MS -> NNI_Substep_70] - Distance: 14.0000
(((((22,(8,(11,12))),(3,29)),23),(4,15)),(((25,13),(5,30)),(19,2)),(((((10,9),6),((((26,24),18),(27,(28,20))),(16,1))),(17,14)),(7,21)));

STEP 81 [uTBR_IncrementalHeuristic_MS -> NNI_Substep_71] - Distance: 13.0000
(((((22,(8,(11,12))),(3,29)),23),(4,15)),(((13,(5,30)),25),(19,2)),(((((10,9),6),((((26,24),18),(27,(28,20))),(16,1))),(17,14)),(7,21)));

STEP 82 [uTBR_IncrementalHeuristic_MS -> NNI_Substep_72] - Distance: 14.0000
(((((22,(8,(11,12))),(3,29)),23),(4,15)),(((13,(5,30)),(19,2)),25),(((((10,9),6),((((26,24),18),(27,(28,20))),(16,1))),(17,14)),(7,21)));

STEP 83 [uTBR_IncrementalHeuristic_MS -> NNI_Substep_73] - Distance: 16.0000
((((((22,(8,(11,12))),(3,29)),23),(4,15)),25),((13,(5,30)),(19,2)),(((((10,9),6),((((26,24),18),(27,(28,20))),(16,1))),(17,14)),(7,21)));

STEP 84 [uTBR_IncrementalHeuristic_MS -> NNI_Substep_74] - Distance: 10.0000
(((((22,(8,(11,12))),(3,29)),23),((4,15),25)),((13,(5,30)),(19,2)),(((((10,9),6),((((26,24),18),(27,(28,20))),(16,1))),(17,14)),(7,21)));

STEP 85 [uTBR_IncrementalHeuristic_MS -> NNI_Substep_75] - Distance: 10.0000
(((((22,(8,(11,12))),(3,29)),23),((4,15),25)),(((13,30),5),(19,2)),(((((10,9),6),((((26,24),18),(27,(28,20))),(16,1))),(17,14)),(7,21)));

STEP 86 [uTBR_IncrementalHeuristic_MS -> NNI_Substep_76] - Distance: 11.0000
(((((22,(8,(11,12))),(3,29)),23),((4,15),25)),(((13,30),(19,2)),5),(((((10,9),6),((((26,24),18),(27,(28,20))),(16,1))),(17,14)),(7,21)));

STEP 87 [uTBR_IncrementalHeuristic_MS -> NNI_Substep_77] - Distance: 13.0000
((((((22,(8,(11,12))),(3,29)),23),((4,15),25)),5),((13,30),(19,2)),(((((10,9),6),((((26,24),18),(27,(28,20))),(16,1))),(17,14)),(7,21)));

STEP 88 [uTBR_IncrementalHeuristic_MS -> NNI_Substep_78] - Distance: 7.0000
(((((22,(8,(11,12))),(3,29)),23),(((4,15),25),5)),((13,30),(19,2)),(((((10,9),6),((((26,24),18),(27,(28,20))),(16,1))),(17,14)),(7,21)));

STEP 89 [uTBR_IncrementalHeuristic_MS -> NNI_Substep_79] - Distance: 5.0000
(((((22,(8,(11,12))),(3,29)),23),(((4,15),5),25)),((13,30),(19,2)),(((((10,9),6),((((26,24),18),(27,(28,20))),(16,1))),(17,14)),(7,21)));

STEP 90 [uTBR_IncrementalHeuristic_MS -> NNI_Substep_80] - Distance: 5.0000
(((((22,(8,(11,12))),(3,29)),23),(((15,5),4),25)),((13,30),(19,2)),(((((10,9),6),((((26,24),18),(27,(28,20))),(16,1))),(17,14)),(7,21)));

STEP 91 [uTBR_IncrementalHeuristic_MS -> NNI_Substep_81] - Distance: 5.0000
(((((22,(8,(11,12))),(3,29)),23),(((15,5),25),4)),((13,30),(19,2)),(((((10,9),6),((((26,24),18),(27,(28,20))),(16,1))),(17,14)),(7,21)));

STEP 92 [uTBR_IncrementalHeuristic_MS -> NNI_Substep_82] - Distance: 11.0000
((((((22,(8,(11,12))),(3,29)),23),((15,5),25)),4),((13,30),(19,2)),(((((10,9),6),((((26,24),18),(27,(28,20))),(16,1))),(17,14)),(7,21)));

STEP 93 [uTBR_IncrementalHeuristic_MS -> NNI_Substep_83] - Distance: 7.0000
((((((22,(8,(11,12))),(3,29)),23),4),((15,5),25)),((13,30),(19,2)),(((((10,9),6),((((26,24),18),(27,(28,20))),(16,1))),(17,14)),(7,21)));

STEP 94 [uTBR_IncrementalHeuristic_MS -> NNI_Substep_84] - Distance: 0.0000
(((((22,(8,(11,12))),(3,29)),(23,4)),((15,5),25)),((13,30),(19,2)),(((((10,9),6),((((26,24),18),(27,(28,20))),(16,1))),(17,14)),(7,21)));

========================================================
[FINAL] Total Steps: 94 | Final Distance: 0.0000
========================================================
