========================================================
HEURISTIC TRAJECTORY: VND Incremental (MS_RF)
========================================================
STEP 0 [START] - Distance: 132.0000
((((13,(12,8)),(19,(18,6))),((15,26),(7,25))),(30,(29,((3,22),(5,24)))),(((11,17),((21,(28,14)),(1,(4,23)))),(((16,27),(20,9)),(2,10))));

STEP 1 [NNI_IncrementalHeuristic_MS_RF -> NNI_Substep_1] - Distance: 129.0000
((((13,(12,8)),((15,26),(7,25))),(19,(18,6))),(30,(29,((3,22),(5,24)))),(((11,17),((21,(28,14)),(1,(4,23)))),(((16,27),(20,9)),(2,10))));

STEP 2 [NNI_IncrementalHeuristic_MS_RF -> NNI_Substep_2] - Distance: 126.0000
((((13,(12,8)),((15,26),(7,25))),(30,(29,((3,22),(5,24))))),(19,(18,6)),(((11,17),((21,(28,14)),(1,(4,23)))),(((16,27),(20,9)),(2,10))));

STEP 3 [NNI_IncrementalHeuristic_MS_RF -> NNI_Substep_3] - Distance: 123.0000
((((13,(12,8)),((15,26),(7,25))),(((3,22),(5,24)),(29,30))),(19,(18,6)),(((11,17),((21,(28,14)),(1,(4,23)))),(((16,27),(20,9)),(2,10))));

STEP 4 [NNI_IncrementalHeuristic_MS_RF -> NNI_Substep_4] - Distance: 120.0000
((((16,27),(20,9)),(2,10)),(19,(18,6)),(((11,17),((21,(28,14)),(1,(4,23)))),(((13,(12,8)),((15,26),(7,25))),(((3,22),(5,24)),(29,30)))));

STEP 5 [NNI_IncrementalHeuristic_MS_RF -> NNI_Substep_5] - Distance: 118.0000
((((16,27),(20,9)),(2,10)),(19,(18,6)),(((11,17),((21,(28,14)),(1,(4,23)))),(((13,(12,8)),((15,26),(7,25))),(((3,22),(29,30)),(5,24)))));

STEP 6 [NNI_IncrementalHeuristic_MS_RF -> NNI_Substep_6] - Distance: 117.0000
((((16,27),(20,9)),(2,10)),(19,(18,6)),(((((13,(12,8)),((15,26),(7,25))),(((3,22),(29,30)),(5,24))),((21,(28,14)),(1,(4,23)))),(11,17)));

STEP 7 [NNI_IncrementalHeuristic_MS_RF -> NNI_Substep_7] - Distance: 115.0000
((((2,10),(20,9)),(16,27)),(19,(18,6)),(((((13,(12,8)),((15,26),(7,25))),(((3,22),(29,30)),(5,24))),((21,(28,14)),(1,(4,23)))),(11,17)));

STEP 8 [NNI_IncrementalHeuristic_MS_RF -> NNI_Substep_8] - Distance: 114.0000
(((((20,9),10),2),(16,27)),(19,(18,6)),(((((13,(12,8)),((15,26),(7,25))),(((3,22),(29,30)),(5,24))),((21,(28,14)),(1,(4,23)))),(11,17)));

STEP 9 [NNI_IncrementalHeuristic_MS_RF -> NNI_Substep_9] - Distance: 113.0000
(((((20,9),10),2),(16,27)),(19,(18,6)),(((((15,26),((13,(12,8)),(7,25))),(((3,22),(29,30)),(5,24))),((21,(28,14)),(1,(4,23)))),(11,17)));

STEP 10 [NNI_IncrementalHeuristic_MS_RF -> NNI_Substep_10] - Distance: 111.0000
(((((20,9),10),2),(16,27)),(19,(18,6)),(((((15,26),((13,(7,25)),(12,8))),(((3,22),(29,30)),(5,24))),((21,(28,14)),(1,(4,23)))),(11,17)));

STEP 11 [NNI_IncrementalHeuristic_MS_RF -> NNI_Substep_11] - Distance: 109.0000
(((((20,9),10),2),(16,27)),(19,(18,6)),(((((15,26),((25,(7,13)),(12,8))),(((3,22),(29,30)),(5,24))),((21,(28,14)),(1,(4,23)))),(11,17)));

STEP 12 [NNI_IncrementalHeuristic_MS_RF -> NNI_Substep_12] - Distance: 108.0000
(((((20,9),10),2),(16,27)),(19,(18,6)),(((((15,26),(((3,22),(29,30)),(5,24))),((25,(7,13)),(12,8))),((21,(28,14)),(1,(4,23)))),(11,17)));

STEP 13 [2sECR_IncrementalHeuristic_MS_RF -> NNI_Substep_1] - Distance: 111.0000
(((((20,9),10),2),(16,27)),(19,(18,6)),((((15,(26,(((3,22),(29,30)),(5,24)))),((25,(7,13)),(12,8))),((21,(28,14)),(1,(4,23)))),(11,17)));

STEP 14 [2sECR_IncrementalHeuristic_MS_RF -> NNI_Substep_2] - Distance: 110.0000
(((((20,9),10),2),(16,27)),(19,(18,6)),((((15,((5,24),(26,((3,22),(29,30))))),((25,(7,13)),(12,8))),((21,(28,14)),(1,(4,23)))),(11,17)));

STEP 15 [2sECR_IncrementalHeuristic_MS_RF -> NNI_Substep_3] - Distance: 106.0000
(((((20,9),10),2),(16,27)),(19,(18,6)),(((((15,(5,24)),(26,((3,22),(29,30)))),((25,(7,13)),(12,8))),((21,(28,14)),(1,(4,23)))),(11,17)));

STEP 16 [2sECR_IncrementalHeuristic_MS_RF -> NNI_Substep_4] - Distance: 106.0000
(((((20,9),10),2),(16,27)),(19,(18,6)),((((15,(5,24)),(((25,(7,13)),(12,8)),(26,((3,22),(29,30))))),((21,(28,14)),(1,(4,23)))),(11,17)));

STEP 17 [2sECR_IncrementalHeuristic_MS_RF -> NNI_Substep_5] - Distance: 104.0000
(((((20,9),10),2),(16,27)),(19,(18,6)),(((((25,(7,13)),(12,8)),(26,((3,22),(29,30)))),(((21,(28,14)),(1,(4,23))),(15,(5,24)))),(11,17)));

STEP 18 [2sECR_IncrementalHeuristic_MS_RF -> NNI_Substep_6] - Distance: 102.0000
(((((20,9),10),2),(16,27)),(19,(18,6)),(((((25,(7,13)),(12,8)),(((21,(28,14)),(1,(4,23))),(15,(5,24)))),(26,((3,22),(29,30)))),(11,17)));

STEP 19 [2sECR_IncrementalHeuristic_MS_RF -> NNI_Substep_7] - Distance: 103.0000
(((((20,9),10),2),(16,27)),(19,(18,6)),((((25,((7,13),(12,8))),(((21,(28,14)),(1,(4,23))),(15,(5,24)))),(26,((3,22),(29,30)))),(11,17)));

STEP 20 [2sECR_IncrementalHeuristic_MS_RF -> NNI_Substep_8] - Distance: 104.0000
(((((20,9),10),2),(16,27)),(19,(18,6)),((((25,(8,((7,13),12))),(((21,(28,14)),(1,(4,23))),(15,(5,24)))),(26,((3,22),(29,30)))),(11,17)));

STEP 21 [2sECR_IncrementalHeuristic_MS_RF -> NNI_Substep_9] - Distance: 100.0000
(((((20,9),10),2),(16,27)),(19,(18,6)),(((((25,8),((7,13),12)),(((21,(28,14)),(1,(4,23))),(15,(5,24)))),(26,((3,22),(29,30)))),(11,17)));

STEP 22 [2sECR_IncrementalHeuristic_MS_RF -> NNI_Substep_10] - Distance: 99.0000
(((((20,9),10),2),(16,27)),(19,(18,6)),(((((25,8),((7,13),12)),(((28,14),(21,(1,(4,23)))),(15,(5,24)))),(26,((3,22),(29,30)))),(11,17)));

STEP 23 [2sECR_IncrementalHeuristic_MS_RF -> NNI_Substep_11] - Distance: 98.0000
(((((20,9),10),2),(16,27)),(19,(18,6)),(((((25,8),((7,13),12)),(((28,14),((4,23),(21,1))),(15,(5,24)))),(26,((3,22),(29,30)))),(11,17)));

STEP 24 [2sECR_IncrementalHeuristic_MS_RF -> NNI_Substep_12] - Distance: 99.0000
(((((20,9),10),2),(16,27)),(19,(18,6)),(((((25,8),((7,13),12)),(((28,14),((4,23),(21,1))),(15,(5,24)))),(26,(3,(22,(29,30))))),(11,17)));

STEP 25 [2sECR_IncrementalHeuristic_MS_RF -> NNI_Substep_13] - Distance: 97.0000
(((((20,9),10),2),(16,27)),(19,(18,6)),(((((25,8),((7,13),12)),(((28,14),((4,23),(21,1))),(15,(5,24)))),(26,(3,(29,(22,30))))),(11,17)));

STEP 26 [2sECR_IncrementalHeuristic_MS_RF -> NNI_Substep_14] - Distance: 96.0000
(((((20,9),10),2),(16,27)),(19,(18,6)),(((((25,8),((7,13),12)),(((28,14),((4,23),(21,1))),(15,(5,24)))),(26,((3,29),(22,30)))),(11,17)));

STEP 27 [2sECR_IncrementalHeuristic_MS_RF -> NNI_Substep_15] - Distance: 95.0000
(((((20,9),10),2),(16,27)),(19,(18,6)),((26,((3,29),(22,30))),((11,17),(((25,8),((7,13),12)),(((28,14),((4,23),(21,1))),(15,(5,24)))))));

STEP 28 [2sECR_IncrementalHeuristic_MS_RF -> NNI_Substep_16] - Distance: 94.0000
((26,((3,29),(22,30))),(19,(18,6)),(((((20,9),10),2),(16,27)),((11,17),(((25,8),((7,13),12)),(((28,14),((4,23),(21,1))),(15,(5,24)))))));

STEP 29 [2sECR_IncrementalHeuristic_MS_RF -> NNI_Substep_17] - Distance: 93.0000
(((3,29),(26,(22,30))),(19,(18,6)),(((((20,9),10),2),(16,27)),((11,17),(((25,8),((7,13),12)),(((28,14),((4,23),(21,1))),(15,(5,24)))))));

STEP 30 [2sECR_IncrementalHeuristic_MS_RF -> NNI_Substep_18] - Distance: 92.0000
(((19,(18,6)),(26,(22,30))),(3,29),(((((20,9),10),2),(16,27)),((11,17),(((25,8),((7,13),12)),(((28,14),((4,23),(21,1))),(15,(5,24)))))));

STEP 31 [2sECR_IncrementalHeuristic_MS_RF -> NNI_Substep_19] - Distance: 94.0000
((((19,(18,6)),(26,(22,30))),((((20,9),10),2),(16,27))),(3,29),((11,17),(((25,8),((7,13),12)),(((28,14),((4,23),(21,1))),(15,(5,24))))));

STEP 32 [2sECR_IncrementalHeuristic_MS_RF -> NNI_Substep_20] - Distance: 88.0000
((11,17),(3,29),((((25,8),((7,13),12)),(((28,14),((4,23),(21,1))),(15,(5,24)))),(((19,(18,6)),(26,(22,30))),((((20,9),10),2),(16,27)))));

STEP 33 [2sECR_IncrementalHeuristic_MS_RF -> NNI_Substep_21] - Distance: 85.0000
((11,17),(3,29),((((25,8),((7,13),12)),(((28,14),((4,23),(21,1))),(15,(5,24)))),(((18,6),(19,(26,(22,30)))),((((20,9),10),2),(16,27)))));

STEP 34 [2sECR_IncrementalHeuristic_MS_RF -> NNI_Substep_22] - Distance: 83.0000
((11,17),(3,29),((((25,8),((7,13),12)),(((28,14),((4,23),(21,1))),(15,(5,24)))),(((18,6),(26,(19,(22,30)))),((((20,9),10),2),(16,27)))));

STEP 35 [2sECR_IncrementalHeuristic_MS_RF -> NNI_Substep_23] - Distance: 84.0000
((11,17),(3,29),((((25,8),((7,13),12)),(((28,14),(1,((4,23),21))),(15,(5,24)))),(((18,6),(26,(19,(22,30)))),((((20,9),10),2),(16,27)))));

STEP 36 [2sECR_IncrementalHeuristic_MS_RF -> NNI_Substep_24] - Distance: 81.0000
((11,17),(3,29),((((25,8),((7,13),12)),((((28,14),1),((4,23),21)),(15,(5,24)))),(((18,6),(26,(19,(22,30)))),((((20,9),10),2),(16,27)))));

STEP 37 [2sECR_IncrementalHeuristic_MS_RF -> NNI_Substep_25] - Distance: 79.0000
((11,17),(3,29),((((25,8),((7,13),12)),(((28,(1,14)),((4,23),21)),(15,(5,24)))),(((18,6),(26,(19,(22,30)))),((((20,9),10),2),(16,27)))));

STEP 38 [2sECR_IncrementalHeuristic_MS_RF -> NNI_Substep_26] - Distance: 80.0000
((11,17),(3,29),((((25,8),((7,13),12)),(((1,14),(((4,23),21),28)),(15,(5,24)))),(((18,6),(26,(19,(22,30)))),((((20,9),10),2),(16,27)))));

STEP 39 [2sECR_IncrementalHeuristic_MS_RF -> NNI_Substep_27] - Distance: 77.0000
((11,17),(3,29),((((25,8),((7,13),12)),((((4,23),21),28),((15,(5,24)),(1,14)))),(((18,6),(26,(19,(22,30)))),((((20,9),10),2),(16,27)))));

STEP 40 [2sECR_IncrementalHeuristic_MS_RF -> NNI_Substep_28] - Distance: 82.0000
((11,17),(3,29),(((((4,23),21),28),(((25,8),((7,13),12)),((15,(5,24)),(1,14)))),(((18,6),(26,(19,(22,30)))),((((20,9),10),2),(16,27)))));

STEP 41 [2sECR_IncrementalHeuristic_MS_RF -> NNI_Substep_29] - Distance: 80.0000
((11,17),(3,29),(((((18,6),(26,(19,(22,30)))),((((20,9),10),2),(16,27))),(((25,8),((7,13),12)),((15,(5,24)),(1,14)))),(((4,23),21),28)));

STEP 42 [2sECR_IncrementalHeuristic_MS_RF -> NNI_Substep_30] - Distance: 75.0000
((11,17),(3,29),((((25,8),((7,13),12)),((((18,6),(26,(19,(22,30)))),((((20,9),10),2),(16,27))),((15,(5,24)),(1,14)))),(((4,23),21),28)));

STEP 43 [2sECR_IncrementalHeuristic_MS_RF -> NNI_Substep_31] - Distance: 78.0000
((11,17),(3,29),((((25,8),((7,13),12)),((15,(5,24)),((1,14),(((18,6),(26,(19,(22,30)))),((((20,9),10),2),(16,27)))))),(((4,23),21),28)));

STEP 44 [2sECR_IncrementalHeuristic_MS_RF -> NNI_Substep_32] - Distance: 72.0000
((11,17),(3,29),((((25,8),((7,13),12)),((15,(5,24)),(((18,6),(26,(19,(22,30)))),(((((20,9),10),2),(16,27)),(1,14))))),(((4,23),21),28)));

STEP 45 [2sECR_IncrementalHeuristic_MS_RF -> NNI_Substep_33] - Distance: 76.0000
((11,17),(3,29),(((15,(5,24)),(((25,8),((7,13),12)),(((18,6),(26,(19,(22,30)))),(((((20,9),10),2),(16,27)),(1,14))))),(((4,23),21),28)));

STEP 46 [2sECR_IncrementalHeuristic_MS_RF -> NNI_Substep_34] - Distance: 73.0000
((11,17),(3,29),((((25,8),((7,13),12)),(((18,6),(26,(19,(22,30)))),(((((20,9),10),2),(16,27)),(1,14)))),((((4,23),21),28),(15,(5,24)))));

STEP 47 [2sECR_IncrementalHeuristic_MS_RF -> NNI_Substep_35] - Distance: 70.0000
((11,17),(3,29),((((25,8),((7,13),12)),((((4,23),21),28),(15,(5,24)))),(((18,6),(26,(19,(22,30)))),(((((20,9),10),2),(16,27)),(1,14)))));

STEP 48 [2sECR_IncrementalHeuristic_MS_RF -> NNI_Substep_36] - Distance: 70.0000
((11,17),(3,29),((((25,8),((7,13),12)),(((4,(21,23)),28),(15,(5,24)))),(((18,6),(26,(19,(22,30)))),(((((20,9),10),2),(16,27)),(1,14)))));

STEP 49 [2sECR_IncrementalHeuristic_MS_RF -> NNI_Substep_37] - Distance: 69.0000
((11,17),(3,29),((((25,8),((7,13),12)),(((21,23),(28,4)),(15,(5,24)))),(((18,6),(26,(19,(22,30)))),(((((20,9),10),2),(16,27)),(1,14)))));

STEP 50 [2sECR_IncrementalHeuristic_MS_RF -> NNI_Substep_38] - Distance: 75.0000
(((11,17),(((18,6),(26,(19,(22,30)))),(((((20,9),10),2),(16,27)),(1,14)))),(3,29),(((25,8),((7,13),12)),(((21,23),(28,4)),(15,(5,24)))));

STEP 51 [2sECR_IncrementalHeuristic_MS_RF -> NNI_Substep_39] - Distance: 68.0000
(((25,8),((7,13),12)),(3,29),((((21,23),(28,4)),(15,(5,24))),((11,17),(((18,6),(26,(19,(22,30)))),(((((20,9),10),2),(16,27)),(1,14))))));

STEP 52 [2sECR_IncrementalHeuristic_MS_RF -> NNI_Substep_40] - Distance: 66.0000
(((3,29),((7,13),12)),(25,8),((((21,23),(28,4)),(15,(5,24))),((11,17),(((18,6),(26,(19,(22,30)))),(((((20,9),10),2),(16,27)),(1,14))))));

STEP 53 [2sECR_IncrementalHeuristic_MS_RF -> NNI_Substep_41] - Distance: 65.0000
((12,((3,29),(7,13))),(25,8),((((21,23),(28,4)),(15,(5,24))),((11,17),(((18,6),(26,(19,(22,30)))),(((((20,9),10),2),(16,27)),(1,14))))));

STEP 54 [2sECR_IncrementalHeuristic_MS_RF -> NNI_Substep_42] - Distance: 66.0000
((12,(29,((7,13),3))),(25,8),((((21,23),(28,4)),(15,(5,24))),((11,17),(((18,6),(26,(19,(22,30)))),(((((20,9),10),2),(16,27)),(1,14))))));

STEP 55 [2sECR_IncrementalHeuristic_MS_RF -> NNI_Substep_43] - Distance: 64.0000
(((12,29),((7,13),3)),(25,8),((((21,23),(28,4)),(15,(5,24))),((11,17),(((18,6),(26,(19,(22,30)))),(((((20,9),10),2),(16,27)),(1,14))))));

STEP 56 [2sECR_IncrementalHeuristic_MS_RF -> NNI_Substep_44] - Distance: 64.0000
(((12,29),((7,13),3)),(25,8),((((21,23),(28,4)),(15,(5,24))),((11,17),(((18,6),(26,(19,(22,30)))),((((20,(10,9)),2),(16,27)),(1,14))))));

STEP 57 [2sECR_IncrementalHeuristic_MS_RF -> NNI_Substep_45] - Distance: 63.0000
(((12,29),((7,13),3)),(25,8),((((21,23),(28,4)),(15,(5,24))),((11,17),(((18,6),(26,(19,(22,30)))),((((10,9),(2,20)),(16,27)),(1,14))))));

STEP 58 [3sECR_IncrementalHeuristic_MS_RF -> NNI_Substep_1] - Distance: 70.0000
(((12,29),((7,13),3)),(25,8),((((21,23),(28,4)),(15,(5,24))),((11,(((((10,9),(2,20)),(16,27)),(1,14)),((18,6),(26,(19,(22,30)))))),17)));

STEP 59 [3sECR_IncrementalHeuristic_MS_RF -> NNI_Substep_2] - Distance: 65.0000
(((12,29),((7,13),3)),(25,8),((((21,23),(28,4)),(15,(5,24))),(((11,((18,6),(26,(19,(22,30))))),((((10,9),(2,20)),(16,27)),(1,14))),17)));

STEP 60 [3sECR_IncrementalHeuristic_MS_RF -> NNI_Substep_3] - Distance: 60.0000
(((12,29),((7,13),3)),(25,8),((((21,23),(28,4)),(15,(5,24))),((((11,(18,6)),(26,(19,(22,30)))),((((10,9),(2,20)),(16,27)),(1,14))),17)));

STEP 61 [3sECR_IncrementalHeuristic_MS_RF -> NNI_Substep_4] - Distance: 63.0000
(((12,29),((7,13),3)),(25,8),((((21,23),(28,4)),(15,(5,24))),((((11,(18,6)),(26,(19,(22,30)))),((1,14),((((10,9),(2,20)),27),16))),17)));

STEP 62 [3sECR_IncrementalHeuristic_MS_RF -> NNI_Substep_5] - Distance: 62.0000
(((12,29),((7,13),3)),(25,8),((((21,23),(28,4)),(15,(5,24))),((((11,(18,6)),(26,(19,(22,30)))),((1,14),((((10,9),27),(2,20)),16))),17)));

STEP 63 [3sECR_IncrementalHeuristic_MS_RF -> NNI_Substep_6] - Distance: 59.0000
(((12,29),((7,13),3)),(25,8),((((21,23),(28,4)),(15,(5,24))),((((11,(18,6)),(26,(19,(22,30)))),(((1,14),16),(((10,9),27),(2,20)))),17)));

STEP 64 [3sECR_IncrementalHeuristic_MS_RF -> NNI_Substep_7] - Distance: 63.0000
(((12,29),((7,13),3)),(25,8),((((21,23),(28,4)),(15,(5,24))),(17,(((11,(18,6)),(26,(19,(22,30)))),(((((10,9),27),(2,20)),(1,14)),16)))));

STEP 65 [3sECR_IncrementalHeuristic_MS_RF -> NNI_Substep_8] - Distance: 63.0000
(((12,29),((7,13),3)),(25,8),((((21,23),(28,4)),(15,(5,24))),(17,((((11,(18,6)),(26,(19,(22,30)))),((((10,9),27),(2,20)),(1,14))),16))));

STEP 66 [3sECR_IncrementalHeuristic_MS_RF -> NNI_Substep_9] - Distance: 56.0000
(((12,29),((7,13),3)),(25,8),((((21,23),(28,4)),(15,(5,24))),((17,16),(((11,(18,6)),(26,(19,(22,30)))),((((10,9),27),(2,20)),(1,14))))));

STEP 67 [3sECR_IncrementalHeuristic_MS_RF -> NNI_Substep_10] - Distance: 63.0000
(((12,29),((7,13),3)),(25,8),((((21,23),(28,4)),(15,(5,24))),(((((11,(18,6)),(26,(19,(22,30)))),((((10,9),27),(2,20)),(1,14))),17),16)));

STEP 68 [3sECR_IncrementalHeuristic_MS_RF -> NNI_Substep_11] - Distance: 59.0000
(((12,29),((7,13),3)),(25,8),(((((21,23),(28,4)),(15,(5,24))),16),((((11,(18,6)),(26,(19,(22,30)))),((((10,9),27),(2,20)),(1,14))),17)));

STEP 69 [3sECR_IncrementalHeuristic_MS_RF -> NNI_Substep_12] - Distance: 54.0000
(((12,29),((7,13),3)),(25,8),((((21,23),(28,4)),((15,(5,24)),16)),((((11,(18,6)),(26,(19,(22,30)))),((((10,9),27),(2,20)),(1,14))),17)));

STEP 70 [3sECR_IncrementalHeuristic_MS_RF -> NNI_Substep_13] - Distance: 51.0000
(((12,29),((7,13),3)),(25,8),((((21,23),(28,4)),((16,15),(5,24))),((((11,(18,6)),(26,(19,(22,30)))),((((10,9),27),(2,20)),(1,14))),17)));

STEP 71 [3sECR_IncrementalHeuristic_MS_RF -> NNI_Substep_14] - Distance: 57.0000
(((12,29),((7,13),3)),(25,8),((((21,23),(28,4)),((16,15),(5,24))),(((11,(18,6)),((26,(19,(22,30))),((1,14),(((10,9),27),(2,20))))),17)));

STEP 72 [3sECR_IncrementalHeuristic_MS_RF -> NNI_Substep_15] - Distance: 57.0000
(((12,29),((7,13),3)),(25,8),((((21,23),(28,4)),((16,15),(5,24))),(((11,(18,6)),((26,(19,(22,30))),(((1,14),((10,9),27)),(2,20)))),17)));

STEP 73 [3sECR_IncrementalHeuristic_MS_RF -> NNI_Substep_16] - Distance: 56.0000
(((12,29),((7,13),3)),(25,8),((((21,23),(28,4)),((16,15),(5,24))),(((11,(18,6)),(((26,(19,(22,30))),(2,20)),((1,14),((10,9),27)))),17)));

STEP 74 [3sECR_IncrementalHeuristic_MS_RF -> NNI_Substep_17] - Distance: 51.0000
(((12,29),((7,13),3)),(25,8),((((21,23),(28,4)),((16,15),(5,24))),((((11,(18,6)),((1,14),((10,9),27))),((26,(19,(22,30))),(2,20))),17)));

STEP 75 [3sECR_IncrementalHeuristic_MS_RF -> NNI_Substep_18] - Distance: 50.0000
(((12,29),((7,13),3)),(25,8),((((21,23),(28,4)),((16,15),(5,24))),(((((11,(18,6)),((10,9),27)),(1,14)),((26,(19,(22,30))),(2,20))),17)));

STEP 76 [3sECR_IncrementalHeuristic_MS_RF -> NNI_Substep_19] - Distance: 50.0000
(((12,29),((7,13),3)),(25,8),((((21,23),(28,4)),((16,15),(5,24))),((((((11,18),6),((10,9),27)),(1,14)),((26,(19,(22,30))),(2,20))),17)));

STEP 77 [3sECR_IncrementalHeuristic_MS_RF -> NNI_Substep_20] - Distance: 49.0000
(((12,29),((7,13),3)),(25,8),((((21,23),(28,4)),((16,15),(5,24))),(((((11,18),(6,((10,9),27))),(1,14)),((26,(19,(22,30))),(2,20))),17)));

STEP 78 [3sECR_IncrementalHeuristic_MS_RF -> NNI_Substep_21] - Distance: 47.0000
(((12,29),((7,13),3)),(25,8),((((21,23),(28,4)),((16,15),(5,24))),(((((11,18),((6,(10,9)),27)),(1,14)),((26,(19,(22,30))),(2,20))),17)));

STEP 79 [3sECR_IncrementalHeuristic_MS_RF -> NNI_Substep_22] - Distance: 48.0000
(((12,29),((7,13),3)),(25,8),((((21,23),(28,4)),((16,15),(5,24))),(((((11,18),((6,(10,9)),27)),(1,14)),(((26,(19,(22,30))),20),2)),17)));

STEP 80 [3sECR_IncrementalHeuristic_MS_RF -> NNI_Substep_23] - Distance: 46.0000
(((12,29),((7,13),3)),(25,8),((((21,23),(28,4)),((16,15),(5,24))),(((((11,18),((6,(10,9)),27)),(1,14)),((26,((19,(22,30)),20)),2)),17)));

STEP 81 [3sECR_IncrementalHeuristic_MS_RF -> NNI_Substep_24] - Distance: 44.0000
(((12,29),((7,13),3)),(25,8),((((21,23),(28,4)),((16,15),(5,24))),(((((11,18),((6,(10,9)),27)),(1,14)),((26,(19,((22,30),20))),2)),17)));

STEP 82 [3sECR_IncrementalHeuristic_MS_RF -> NNI_Substep_25] - Distance: 50.0000
(((12,29),((7,13),3)),(25,8),((((21,23),(28,4)),((16,15),(5,24))),(((1,14),(((11,18),((6,(10,9)),27)),((26,(19,((22,30),20))),2))),17)));

STEP 83 [3sECR_IncrementalHeuristic_MS_RF -> NNI_Substep_26] - Distance: 54.0000
(((12,29),((7,13),3)),(25,8),((((21,23),(28,4)),((16,15),(5,24))),(((1,14),((11,18),(((6,(10,9)),27),((26,(19,((22,30),20))),2)))),17)));

STEP 84 [3sECR_IncrementalHeuristic_MS_RF -> NNI_Substep_27] - Distance: 51.0000
(((12,29),((7,13),3)),(25,8),((((21,23),(28,4)),((16,15),(5,24))),(((1,14),((11,18),((((6,(10,9)),27),2),(26,(19,((22,30),20)))))),17)));

STEP 85 [3sECR_IncrementalHeuristic_MS_RF -> NNI_Substep_28] - Distance: 48.0000
(((12,29),((7,13),3)),(25,8),((((21,23),(28,4)),((16,15),(5,24))),(((1,14),(((11,18),(26,(19,((22,30),20)))),(((6,(10,9)),27),2))),17)));

STEP 86 [3sECR_IncrementalHeuristic_MS_RF -> NNI_Substep_29] - Distance: 39.0000
(((12,29),((7,13),3)),(25,8),((((21,23),(28,4)),((16,15),(5,24))),((((1,14),(((6,(10,9)),27),2)),((11,18),(26,(19,((22,30),20))))),17)));

STEP 87 [3sECR_IncrementalHeuristic_MS_RF -> NNI_Substep_30] - Distance: 37.0000
(((12,29),((7,13),3)),(25,8),((((21,23),(28,4)),((16,15),(5,24))),((((1,14),(2,(27,((6,10),9)))),((11,18),(26,(19,((22,30),20))))),17)));

STEP 88 [3sECR_IncrementalHeuristic_MS_RF -> NNI_Substep_31] - Distance: 35.0000
(((12,29),((7,13),3)),(25,8),((((21,23),(28,4)),((16,15),(5,24))),((((1,14),(2,(27,((6,10),9)))),((11,18),(26,(19,((20,22),30))))),17)));

STEP 89 [Heur. uSPR MS_RF -> NNI_Substep_1] - Distance: 36.0000
(((12,29),((7,13),3)),(25,8),(((((21,23),28),4),((16,15),(5,24))),((((1,14),(2,(27,((6,10),9)))),((11,18),(26,(19,((20,22),30))))),17)));

STEP 90 [Heur. uSPR MS_RF -> NNI_Substep_2] - Distance: 39.0000
(((12,29),((7,13),3)),(25,8),(((((21,23),28),((16,15),(5,24))),4),((((1,14),(2,(27,((6,10),9)))),((11,18),(26,(19,((20,22),30))))),17)));

STEP 91 [Heur. uSPR MS_RF -> NNI_Substep_3] - Distance: 39.0000
(((12,29),((7,13),3)),(25,8),(((((21,23),28),((16,15),(5,24))),((((1,14),(2,(27,((6,10),9)))),((11,18),(26,(19,((20,22),30))))),17)),4));

STEP 92 [Heur. uSPR MS_RF -> NNI_Substep_4] - Distance: 43.0000
(((12,29),((7,13),3)),(25,8),((((21,23),28),((16,15),(5,24))),(((((1,14),(2,(27,((6,10),9)))),((11,18),(26,(19,((20,22),30))))),17),4)));

STEP 93 [Heur. uSPR MS_RF -> NNI_Substep_5] - Distance: 41.0000
(((12,29),((7,13),3)),(25,8),((((21,23),28),((16,15),(5,24))),(((((1,14),(2,(27,((6,10),9)))),((11,18),(26,(19,((20,22),30))))),4),17)));

STEP 94 [Heur. uSPR MS_RF -> NNI_Substep_6] - Distance: 35.0000
(((12,29),((7,13),3)),(25,8),((((21,23),28),((16,15),(5,24))),((((1,14),(2,(27,((6,10),9)))),(((11,18),(26,(19,((20,22),30)))),4)),17)));

STEP 95 [Heur. uSPR MS_RF -> NNI_Substep_7] - Distance: 29.0000
(((12,29),((7,13),3)),(25,8),((((21,23),28),((16,15),(5,24))),((((1,14),(2,(27,((6,10),9)))),(((11,18),4),(26,(19,((20,22),30))))),17)));

STEP 96 [Heur. uSPR MS_RF -> NNI_Substep_8] - Distance: 27.0000
(((12,29),((7,13),3)),(25,8),((((21,23),28),((16,15),(5,24))),((((1,14),(2,(27,((6,10),9)))),(((11,4),18),(26,(19,((20,22),30))))),17)));

STEP 97 [Heur. uSPR MS_RF -> NNI_Substep_9] - Distance: 29.0000
(((12,((7,13),3)),29),(25,8),((((21,23),28),((16,15),(5,24))),((((1,14),(2,(27,((6,10),9)))),(((11,4),18),(26,(19,((20,22),30))))),17)));

STEP 98 [Heur. uSPR MS_RF -> NNI_Substep_10] - Distance: 30.0000
((12,((7,13),3)),(25,8),(((((21,23),28),((16,15),(5,24))),((((1,14),(2,(27,((6,10),9)))),(((11,4),18),(26,(19,((20,22),30))))),17)),29));

STEP 99 [Heur. uSPR MS_RF -> NNI_Substep_11] - Distance: 29.0000
((12,((7,13),3)),(25,8),(((((21,23),28),((16,15),(5,24))),29),((((1,14),(2,(27,((6,10),9)))),(((11,4),18),(26,(19,((20,22),30))))),17)));

STEP 100 [Heur. uSPR MS_RF -> NNI_Substep_12] - Distance: 24.0000
((12,((7,13),3)),(25,8),(((((21,23),28),29),((16,15),(5,24))),((((1,14),(2,(27,((6,10),9)))),(((11,4),18),(26,(19,((20,22),30))))),17)));

STEP 101 [Heur. uSPR MS_RF -> NNI_Substep_13] - Distance: 22.0000
((12,((7,13),3)),(25,8),(((((21,23),29),28),((16,15),(5,24))),((((1,14),(2,(27,((6,10),9)))),(((11,4),18),(26,(19,((20,22),30))))),17)));

STEP 102 [Heur. uSPR MS_RF -> NNI_Substep_14] - Distance: 20.0000
((12,((7,13),3)),(25,8),(((((21,29),23),28),((16,15),(5,24))),((((1,14),(2,(27,((6,10),9)))),(((11,4),18),(26,(19,((20,22),30))))),17)));

STEP 103 [Heur. uSPR MS_RF -> NNI_Substep_15] - Distance: 21.0000
((12,((7,13),3)),(25,8),(((((21,29),23),28),(((16,15),24),5)),((((1,14),(2,(27,((6,10),9)))),(((11,4),18),(26,(19,((20,22),30))))),17)));

STEP 104 [Heur. uSPR MS_RF -> NNI_Substep_16] - Distance: 24.0000
((12,((7,13),3)),(25,8),((((((21,29),23),28),((16,15),24)),5),((((1,14),(2,(27,((6,10),9)))),(((11,4),18),(26,(19,((20,22),30))))),17)));

STEP 105 [Heur. uSPR MS_RF -> NNI_Substep_17] - Distance: 23.0000
((12,((7,13),3)),(25,8),((((((21,29),23),28),((16,15),24)),((((1,14),(2,(27,((6,10),9)))),(((11,4),18),(26,(19,((20,22),30))))),17)),5));

STEP 106 [Heur. uSPR MS_RF -> NNI_Substep_18] - Distance: 27.0000
((12,((7,13),3)),(25,8),(((((21,29),23),28),((16,15),24)),(((((1,14),(2,(27,((6,10),9)))),(((11,4),18),(26,(19,((20,22),30))))),17),5)));

STEP 107 [Heur. uSPR MS_RF -> NNI_Substep_19] - Distance: 25.0000
((12,((7,13),3)),(25,8),(((((21,29),23),28),((16,15),24)),(((((1,14),(2,(27,((6,10),9)))),(((11,4),18),(26,(19,((20,22),30))))),5),17)));

STEP 108 [Heur. uSPR MS_RF -> NNI_Substep_20] - Distance: 22.0000
((12,((7,13),3)),(25,8),(((((21,29),23),28),((16,15),24)),(((((1,14),(2,(27,((6,10),9)))),5),(((11,4),18),(26,(19,((20,22),30))))),17)));

STEP 109 [Heur. uSPR MS_RF -> NNI_Substep_21] - Distance: 19.0000
((12,((7,13),3)),(25,8),(((((21,29),23),28),((16,15),24)),((((1,14),((2,(27,((6,10),9))),5)),(((11,4),18),(26,(19,((20,22),30))))),17)));

STEP 110 [Heur. uSPR MS_RF -> NNI_Substep_22] - Distance: 17.0000
((12,((7,13),3)),(25,8),(((((21,29),23),28),((16,15),24)),((((1,14),(2,((27,((6,10),9)),5))),(((11,4),18),(26,(19,((20,22),30))))),17)));

STEP 111 [Heur. uSPR MS_RF -> NNI_Substep_23] - Distance: 17.0000
((12,((7,13),3)),(25,8),(((((21,29),23),28),((16,15),24)),((((1,14),(2,(27,(((6,10),9),5)))),(((11,4),18),(26,(19,((20,22),30))))),17)));

STEP 112 [Heur. uSPR MS_RF -> NNI_Substep_24] - Distance: 18.0000
(((7,13),3),(25,8),((((((21,29),23),28),((16,15),24)),((((1,14),(2,(27,(((6,10),9),5)))),(((11,4),18),(26,(19,((20,22),30))))),17)),12));

STEP 113 [Heur. uSPR MS_RF -> NNI_Substep_25] - Distance: 22.0000
(((7,13),3),(25,8),((((((21,29),23),28),((16,15),24)),12),((((1,14),(2,(27,(((6,10),9),5)))),(((11,4),18),(26,(19,((20,22),30))))),17)));

STEP 114 [Heur. uSPR MS_RF -> NNI_Substep_26] - Distance: 17.0000
(((7,13),3),(25,8),(((((21,29),23),28),(((16,15),24),12)),((((1,14),(2,(27,(((6,10),9),5)))),(((11,4),18),(26,(19,((20,22),30))))),17)));

STEP 115 [Heur. uSPR MS_RF -> NNI_Substep_27] - Distance: 14.0000
(((7,13),3),(25,8),(((((21,29),23),28),((16,15),(24,12))),((((1,14),(2,(27,(((6,10),9),5)))),(((11,4),18),(26,(19,((20,22),30))))),17)));

STEP 116 [Heur. uSPR MS_RF -> NNI_Substep_28] - Distance: 15.0000
(((7,13),3),(25,8),(((((21,29),23),28),((16,15),(24,12))),(((((1,14),(27,(((6,10),9),5))),2),(((11,4),18),(26,(19,((20,22),30))))),17)));

STEP 117 [Heur. uSPR MS_RF -> NNI_Substep_29] - Distance: 12.0000
(((7,13),3),(25,8),(((((21,29),23),28),((16,15),(24,12))),(((((1,14),(27,(((6,10),9),5))),(((11,4),18),(26,(19,((20,22),30))))),2),17)));

STEP 118 [Heur. uSPR MS_RF -> NNI_Substep_30] - Distance: 3.0000
(((7,13),3),(25,8),((((((21,29),23),28),((16,15),(24,12))),((((1,14),(27,(((6,10),9),5))),(((11,4),18),(26,(19,((20,22),30))))),2)),17));

STEP 119 [Heur. uSPR MS_RF -> NNI_Substep_31] - Distance: 0.0000
((((7,13),3),17),(25,8),(((((21,29),23),28),((16,15),(24,12))),((((1,14),(27,(((6,10),9),5))),(((11,4),18),(26,(19,((20,22),30))))),2)));

========================================================
[FINAL] Total Steps: 119 | Final Distance: 0.0000
========================================================
