========================================================
HEURISTIC TRAJECTORY: VND Incremental (MS_RF)
========================================================
STEP 0 [START] - Distance: 131.0000
(4,10,(((((((16,18),(5,25)),(26,(9,(14,13)))),(23,((12,(3,24)),(2,(8,(1,19)))))),((6,(29,17)),(11,30))),(22,(28,(15,(21,20))))),(27,7)));

STEP 1 [NNI_IncrementalHeuristic_MS_RF -> NNI_Substep_1] - Distance: 129.0000
(4,10,(((((((16,18),(5,25)),(26,(9,(14,13)))),(23,((12,(3,24)),(2,(8,(1,19)))))),(22,(28,(15,(21,20))))),((6,(29,17)),(11,30))),(27,7)));

STEP 2 [NNI_IncrementalHeuristic_MS_RF -> NNI_Substep_2] - Distance: 125.0000
(4,10,(((((((16,18),(5,25)),(26,(9,(14,13)))),((12,(3,24)),(23,(2,(8,(1,19)))))),(22,(28,(15,(21,20))))),((6,(29,17)),(11,30))),(27,7)));

STEP 3 [NNI_IncrementalHeuristic_MS_RF -> NNI_Substep_3] - Distance: 122.0000
(4,10,(((((((16,18),(5,25)),(26,(9,(14,13)))),(22,(28,(15,(21,20))))),((12,(3,24)),(23,(2,(8,(1,19)))))),((6,(29,17)),(11,30))),(27,7)));

STEP 4 [NNI_IncrementalHeuristic_MS_RF -> NNI_Substep_4] - Distance: 120.0000
(4,10,(((((((16,18),(26,(9,(14,13)))),(5,25)),(22,(28,(15,(21,20))))),((12,(3,24)),(23,(2,(8,(1,19)))))),((6,(29,17)),(11,30))),(27,7)));

STEP 5 [NNI_IncrementalHeuristic_MS_RF -> NNI_Substep_5] - Distance: 118.0000
(4,10,(((((((16,18),(9,(26,(14,13)))),(5,25)),(22,(28,(15,(21,20))))),((12,(3,24)),(23,(2,(8,(1,19)))))),((6,(29,17)),(11,30))),(27,7)));

STEP 6 [NNI_IncrementalHeuristic_MS_RF -> NNI_Substep_6] - Distance: 116.0000
(4,10,(((((((16,18),(9,(13,(14,26)))),(5,25)),(22,(28,(15,(21,20))))),((12,(3,24)),(23,(2,(8,(1,19)))))),((6,(29,17)),(11,30))),(27,7)));

STEP 7 [NNI_IncrementalHeuristic_MS_RF -> NNI_Substep_7] - Distance: 114.0000
(4,10,(((((((16,18),(9,(13,(14,26)))),(5,25)),(28,(22,(15,(21,20))))),((12,(3,24)),(23,(2,(8,(1,19)))))),((6,(29,17)),(11,30))),(27,7)));

STEP 8 [NNI_IncrementalHeuristic_MS_RF -> NNI_Substep_8] - Distance: 113.0000
(4,10,(((((((16,18),(9,(13,(14,26)))),(28,(22,(15,(21,20))))),(5,25)),((12,(3,24)),(23,(2,(8,(1,19)))))),((6,(29,17)),(11,30))),(27,7)));

STEP 9 [NNI_IncrementalHeuristic_MS_RF -> NNI_Substep_9] - Distance: 111.0000
(4,10,((((((22,(15,(21,20))),(28,((16,18),(9,(13,(14,26)))))),(5,25)),((12,(3,24)),(23,(2,(8,(1,19)))))),((6,(29,17)),(11,30))),(27,7)));

STEP 10 [NNI_IncrementalHeuristic_MS_RF -> NNI_Substep_10] - Distance: 108.0000
(4,10,(((((((21,20),(15,22)),(28,((16,18),(9,(13,(14,26)))))),(5,25)),((12,(3,24)),(23,(2,(8,(1,19)))))),((6,(29,17)),(11,30))),(27,7)));

STEP 11 [NNI_IncrementalHeuristic_MS_RF -> NNI_Substep_11] - Distance: 107.0000
(4,10,((((((12,(3,24)),(23,(2,(8,(1,19))))),(5,25)),(((21,20),(15,22)),(28,((16,18),(9,(13,(14,26))))))),((6,(29,17)),(11,30))),(27,7)));

STEP 12 [NNI_IncrementalHeuristic_MS_RF -> NNI_Substep_12] - Distance: 106.0000
(4,10,(((((6,(29,17)),(11,30)),(((21,20),(15,22)),(28,((16,18),(9,(13,(14,26))))))),(((12,(3,24)),(23,(2,(8,(1,19))))),(5,25))),(27,7)));

STEP 13 [NNI_IncrementalHeuristic_MS_RF -> NNI_Substep_13] - Distance: 103.0000
(4,10,(((((6,(29,17)),(11,30)),(((21,20),(15,22)),(28,((16,18),(9,(13,(14,26))))))),(((5,25),(23,(2,(8,(1,19))))),(12,(3,24)))),(27,7)));

STEP 14 [NNI_IncrementalHeuristic_MS_RF -> NNI_Substep_14] - Distance: 102.0000
(4,10,(((((6,(29,17)),(((21,20),(15,22)),(28,((16,18),(9,(13,(14,26))))))),(11,30)),(((5,25),(23,(2,(8,(1,19))))),(12,(3,24)))),(27,7)));

STEP 15 [NNI_IncrementalHeuristic_MS_RF -> NNI_Substep_15] - Distance: 101.0000
(4,10,((((((21,20),(15,22)),((6,(29,17)),(28,((16,18),(9,(13,(14,26))))))),(11,30)),(((5,25),(23,(2,(8,(1,19))))),(12,(3,24)))),(27,7)));

STEP 16 [NNI_IncrementalHeuristic_MS_RF -> NNI_Substep_16] - Distance: 99.0000
(4,10,((((((21,20),(15,22)),((6,(29,17)),(28,((16,18),(9,(13,(14,26))))))),(((5,25),(23,(2,(8,(1,19))))),(12,(3,24)))),(11,30)),(27,7)));

STEP 17 [NNI_IncrementalHeuristic_MS_RF -> NNI_Substep_17] - Distance: 95.0000
(4,10,((((((21,20),(15,22)),((6,(29,17)),(28,((16,18),(9,(13,(14,26))))))),(((2,(8,(1,19))),(23,(5,25))),(12,(3,24)))),(11,30)),(27,7)));

STEP 18 [NNI_IncrementalHeuristic_MS_RF -> NNI_Substep_18] - Distance: 92.0000
(4,10,(((((2,(8,(1,19))),(23,(5,25))),((((21,20),(15,22)),((6,(29,17)),(28,((16,18),(9,(13,(14,26))))))),(12,(3,24)))),(11,30)),(27,7)));

STEP 19 [NNI_IncrementalHeuristic_MS_RF -> NNI_Substep_19] - Distance: 91.0000
(4,10,(((((2,(8,(1,19))),(23,(5,25))),(11,30)),((((21,20),(15,22)),((6,(29,17)),(28,((16,18),(9,(13,(14,26))))))),(12,(3,24)))),(27,7)));

STEP 20 [NNI_IncrementalHeuristic_MS_RF -> NNI_Substep_20] - Distance: 90.0000
(4,10,((((((1,19),(8,2)),(23,(5,25))),(11,30)),((((21,20),(15,22)),((6,(29,17)),(28,((16,18),(9,(13,(14,26))))))),(12,(3,24)))),(27,7)));

STEP 21 [NNI_IncrementalHeuristic_MS_RF -> NNI_Substep_21] - Distance: 89.0000
(4,10,((((((1,19),(8,2)),(23,(5,25))),(11,30)),((((21,20),(15,22)),((6,(28,((16,18),(9,(13,(14,26)))))),(29,17))),(12,(3,24)))),(27,7)));

STEP 22 [NNI_IncrementalHeuristic_MS_RF -> NNI_Substep_22] - Distance: 88.0000
(4,10,((((((1,19),(8,2)),(23,(5,25))),(11,30)),((((21,20),(15,22)),((((16,18),(9,(13,(14,26)))),(28,6)),(29,17))),(12,(3,24)))),(27,7)));

STEP 23 [NNI_IncrementalHeuristic_MS_RF -> NNI_Substep_23] - Distance: 86.0000
(4,10,((((((1,19),(8,2)),(23,(5,25))),(11,30)),((((21,20),(15,22)),((((28,6),(9,(13,(14,26)))),(16,18)),(29,17))),(12,(3,24)))),(27,7)));

STEP 24 [NNI_IncrementalHeuristic_MS_RF -> NNI_Substep_24] - Distance: 85.0000
(4,10,((((((1,19),(8,2)),(23,(5,25))),(11,30)),((((21,20),(15,22)),(((9,((28,6),(13,(14,26)))),(16,18)),(29,17))),(12,(3,24)))),(27,7)));

STEP 25 [NNI_IncrementalHeuristic_MS_RF -> NNI_Substep_25] - Distance: 84.0000
(4,10,((((((1,19),(8,2)),(23,(5,25))),(11,30)),((((21,20),(15,22)),((((16,18),((28,6),(13,(14,26)))),9),(29,17))),(12,(3,24)))),(27,7)));

STEP 26 [uTBR_IncrementalHeuristic_MS_RF -> NNI_Substep_1] - Distance: 87.0000
(4,10,((((((1,19),(8,2)),(23,(5,25))),(11,30)),((((21,20),(15,22)),(((((16,18),((28,6),(13,(14,26)))),9),17),29)),(12,(3,24)))),(27,7)));

STEP 27 [uTBR_IncrementalHeuristic_MS_RF -> NNI_Substep_2] - Distance: 88.0000
(4,10,((((((1,19),(8,2)),(23,(5,25))),(11,30)),(((((21,20),(15,22)),((((16,18),((28,6),(13,(14,26)))),9),17)),29),(12,(3,24)))),(27,7)));

STEP 28 [uTBR_IncrementalHeuristic_MS_RF -> NNI_Substep_3] - Distance: 84.0000
(4,10,((((((1,19),(8,2)),(23,(5,25))),(11,30)),(((((21,20),(15,22)),29),((((16,18),((28,6),(13,(14,26)))),9),17)),(12,(3,24)))),(27,7)));

STEP 29 [uTBR_IncrementalHeuristic_MS_RF -> NNI_Substep_4] - Distance: 81.0000
(4,10,((((((1,19),(8,2)),(23,(5,25))),(11,30)),((((21,20),((15,22),29)),((((16,18),((28,6),(13,(14,26)))),9),17)),(12,(3,24)))),(27,7)));

STEP 30 [uTBR_IncrementalHeuristic_MS_RF -> NNI_Substep_5] - Distance: 79.0000
(4,10,((((((1,19),(8,2)),(23,(5,25))),(11,30)),((((21,20),(15,(22,29))),((((16,18),((28,6),(13,(14,26)))),9),17)),(12,(3,24)))),(27,7)));

STEP 31 [uTBR_IncrementalHeuristic_MS_RF -> NNI_Substep_6] - Distance: 81.0000
(4,10,((((((1,19),(8,2)),(23,(5,25))),(11,30)),((((21,(15,(22,29))),20),((((16,18),((28,6),(13,(14,26)))),9),17)),(12,(3,24)))),(27,7)));

STEP 32 [uTBR_IncrementalHeuristic_MS_RF -> NNI_Substep_7] - Distance: 85.0000
(4,10,((((((1,19),(8,2)),(23,(5,25))),(11,30)),((((21,(15,(22,29))),((((16,18),((28,6),(13,(14,26)))),9),17)),20),(12,(3,24)))),(27,7)));

STEP 33 [uTBR_IncrementalHeuristic_MS_RF -> NNI_Substep_8] - Distance: 85.0000
(4,10,((((((1,19),(8,2)),(23,(5,25))),(11,30)),((((21,(15,(22,29))),((((16,18),((28,6),(13,(14,26)))),9),17)),(12,(3,24))),20)),(27,7)));

STEP 34 [uTBR_IncrementalHeuristic_MS_RF -> NNI_Substep_9] - Distance: 83.0000
(4,10,(((((((1,19),(8,2)),(23,(5,25))),(11,30)),(((21,(15,(22,29))),((((16,18),((28,6),(13,(14,26)))),9),17)),(12,(3,24)))),20),(27,7)));

STEP 35 [uTBR_IncrementalHeuristic_MS_RF -> NNI_Substep_10] - Distance: 86.0000
(4,10,(((((((1,19),(8,2)),(23,(5,25))),(11,30)),20),(((21,(15,(22,29))),((((16,18),((28,6),(13,(14,26)))),9),17)),(12,(3,24)))),(27,7)));

STEP 36 [uTBR_IncrementalHeuristic_MS_RF -> NNI_Substep_11] - Distance: 85.0000
(4,10,(((((((1,19),(8,2)),(23,(5,25))),20),(11,30)),(((21,(15,(22,29))),((((16,18),((28,6),(13,(14,26)))),9),17)),(12,(3,24)))),(27,7)));

STEP 37 [uTBR_IncrementalHeuristic_MS_RF -> NNI_Substep_12] - Distance: 83.0000
(4,10,(((((((1,19),(8,2)),20),(23,(5,25))),(11,30)),(((21,(15,(22,29))),((((16,18),((28,6),(13,(14,26)))),9),17)),(12,(3,24)))),(27,7)));

STEP 38 [uTBR_IncrementalHeuristic_MS_RF -> NNI_Substep_13] - Distance: 82.0000
(4,10,(((((((1,19),20),(8,2)),(23,(5,25))),(11,30)),(((21,(15,(22,29))),((((16,18),((28,6),(13,(14,26)))),9),17)),(12,(3,24)))),(27,7)));

STEP 39 [uTBR_IncrementalHeuristic_MS_RF -> NNI_Substep_14] - Distance: 80.0000
(4,10,(((((((1,20),19),(8,2)),(23,(5,25))),(11,30)),(((21,(15,(22,29))),((((16,18),((28,6),(13,(14,26)))),9),17)),(12,(3,24)))),(27,7)));

STEP 40 [uTBR_IncrementalHeuristic_MS_RF -> NNI_Substep_15] - Distance: 83.0000
(4,10,((((((((1,20),19),(8,2)),(23,(5,25))),(11,30)),(((21,(15,(22,29))),((((16,18),((28,6),(13,(14,26)))),9),17)),(12,(3,24)))),27),7));

STEP 41 [uTBR_IncrementalHeuristic_MS_RF -> NNI_Substep_16] - Distance: 81.0000
(4,10,((((((((1,20),19),(8,2)),(23,(5,25))),(11,30)),(((21,(15,(22,29))),((((16,18),((28,6),(13,(14,26)))),9),17)),(12,(3,24)))),7),27));

STEP 42 [uTBR_IncrementalHeuristic_MS_RF -> NNI_Substep_17] - Distance: 84.0000
(4,10,((((((21,(15,(22,29))),((((16,18),((28,6),(13,(14,26)))),9),17)),(12,(3,24))),7),(((((1,20),19),(8,2)),(23,(5,25))),(11,30))),27));

STEP 43 [uTBR_IncrementalHeuristic_MS_RF -> NNI_Substep_18] - Distance: 84.0000
(4,10,(((((((1,20),19),(8,2)),(23,(5,25))),(11,30)),((((21,(15,(22,29))),((((16,18),((28,6),(13,(14,26)))),9),17)),7),(12,(3,24)))),27));

STEP 44 [uTBR_IncrementalHeuristic_MS_RF -> NNI_Substep_19] - Distance: 79.0000
(4,10,(((((((1,20),19),(8,2)),(23,(5,25))),(11,30)),(((21,(15,(22,29))),(((((16,18),((28,6),(13,(14,26)))),9),17),7)),(12,(3,24)))),27));

STEP 45 [uTBR_IncrementalHeuristic_MS_RF -> NNI_Substep_20] - Distance: 77.0000
(4,10,(((((((1,20),19),(8,2)),(23,(5,25))),(11,30)),(((21,(15,(22,29))),(((((16,18),((28,6),(13,(14,26)))),9),7),17)),(12,(3,24)))),27));

STEP 46 [uTBR_IncrementalHeuristic_MS_RF -> NNI_Substep_21] - Distance: 75.0000
(4,10,(((((((1,20),19),(8,2)),(23,(5,25))),(11,30)),(((21,(15,(22,29))),(((((16,18),((28,6),(13,(14,26)))),7),9),17)),(12,(3,24)))),27));

STEP 47 [uTBR_IncrementalHeuristic_MS_RF -> NNI_Substep_22] - Distance: 74.0000
(4,10,(((((((1,20),19),(8,2)),(23,(5,25))),(11,30)),(((21,(15,(22,29))),((((16,18),(((28,6),(13,(14,26))),7)),9),17)),(12,(3,24)))),27));

STEP 48 [uTBR_IncrementalHeuristic_MS_RF -> NNI_Substep_23] - Distance: 73.0000
(4,10,(((((((1,20),19),(8,2)),(23,(5,25))),(11,30)),(((21,(15,(22,29))),((((16,18),((28,6),((13,(14,26)),7))),9),17)),(12,(3,24)))),27));

STEP 49 [uTBR_IncrementalHeuristic_MS_RF -> NNI_Substep_24] - Distance: 73.0000
(4,10,(((((((1,20),19),(8,2)),(23,(5,25))),(11,30)),(((21,(15,(22,29))),((((16,18),((28,6),(13,((14,26),7)))),9),17)),(12,(3,24)))),27));

STEP 50 [uTBR_IncrementalHeuristic_MS_RF -> NNI_Substep_25] - Distance: 73.0000
(4,10,(((((((1,20),19),(8,2)),(23,(5,25))),(11,30)),(((21,(15,(22,29))),((((16,18),((28,6),(13,((14,26),7)))),9),17)),((12,24),3))),27));

STEP 51 [uTBR_IncrementalHeuristic_MS_RF -> NNI_Substep_26] - Distance: 78.0000
(4,10,(((((((1,20),19),(8,2)),(23,(5,25))),(11,30)),((((21,(15,(22,29))),((((16,18),((28,6),(13,((14,26),7)))),9),17)),(12,24)),3)),27));

STEP 52 [uTBR_IncrementalHeuristic_MS_RF -> NNI_Substep_27] - Distance: 77.0000
(4,10,(((((((1,20),19),(8,2)),(23,(5,25))),(11,30)),((((21,(15,(22,29))),((((16,18),((28,6),(13,((14,26),7)))),9),17)),3),(12,24))),27));

STEP 53 [uTBR_IncrementalHeuristic_MS_RF -> NNI_Substep_28] - Distance: 76.0000
(4,10,(((((((1,20),19),(8,2)),(23,(5,25))),(11,30)),(((21,(15,(22,29))),(((((16,18),((28,6),(13,((14,26),7)))),9),17),3)),(12,24))),27));

STEP 54 [uTBR_IncrementalHeuristic_MS_RF -> NNI_Substep_29] - Distance: 74.0000
(4,10,(((((((1,20),19),(8,2)),(23,(5,25))),(11,30)),(((21,(15,(22,29))),(((((16,18),((28,6),(13,((14,26),7)))),9),3),17)),(12,24))),27));

STEP 55 [uTBR_IncrementalHeuristic_MS_RF -> NNI_Substep_30] - Distance: 67.0000
(4,10,(((((((1,20),19),(8,2)),(23,(5,25))),(11,30)),(((21,(15,(22,29))),((((16,18),((28,6),(13,((14,26),7)))),(9,3)),17)),(12,24))),27));

STEP 56 [uTBR_IncrementalHeuristic_MS_RF -> NNI_Substep_31] - Distance: 71.0000
(4,10,(((((((1,20),19),(8,2)),(23,(5,25))),(11,30)),27),(((21,(15,(22,29))),((((16,18),((28,6),(13,((14,26),7)))),(9,3)),17)),(12,24))));

STEP 57 [uTBR_IncrementalHeuristic_MS_RF -> NNI_Substep_32] - Distance: 70.0000
(4,10,(((((((1,20),19),(8,2)),(23,(5,25))),27),(11,30)),(((21,(15,(22,29))),((((16,18),((28,6),(13,((14,26),7)))),(9,3)),17)),(12,24))));

STEP 58 [uTBR_IncrementalHeuristic_MS_RF -> NNI_Substep_33] - Distance: 66.0000
(4,10,(((((((1,20),19),(8,2)),27),(23,(5,25))),(11,30)),(((21,(15,(22,29))),((((16,18),((28,6),(13,((14,26),7)))),(9,3)),17)),(12,24))));

STEP 59 [uTBR_IncrementalHeuristic_MS_RF -> NNI_Substep_34] - Distance: 63.0000
(4,10,(((((((1,20),19),27),(8,2)),(23,(5,25))),(11,30)),(((21,(15,(22,29))),((((16,18),((28,6),(13,((14,26),7)))),(9,3)),17)),(12,24))));

STEP 60 [uTBR_IncrementalHeuristic_MS_RF -> NNI_Substep_35] - Distance: 62.0000
(4,10,((((((1,20),(19,27)),(8,2)),(23,(5,25))),(11,30)),(((21,(15,(22,29))),((((16,18),((28,6),(13,((14,26),7)))),(9,3)),17)),(12,24))));

STEP 61 [uTBR_IncrementalHeuristic_MS_RF -> NNI_Substep_36] - Distance: 66.0000
(((((((1,20),(19,27)),(8,2)),(23,(5,25))),(11,30)),10),(((21,(15,(22,29))),((((16,18),((28,6),(13,((14,26),7)))),(9,3)),17)),(12,24)),4);

STEP 62 [uTBR_IncrementalHeuristic_MS_RF -> NNI_Substep_37] - Distance: 65.0000
(((((((1,20),(19,27)),(8,2)),(23,(5,25))),10),(11,30)),(((21,(15,(22,29))),((((16,18),((28,6),(13,((14,26),7)))),(9,3)),17)),(12,24)),4);

STEP 63 [uTBR_IncrementalHeuristic_MS_RF -> NNI_Substep_38] - Distance: 61.0000
(((((((1,20),(19,27)),(8,2)),10),(23,(5,25))),(11,30)),(((21,(15,(22,29))),((((16,18),((28,6),(13,((14,26),7)))),(9,3)),17)),(12,24)),4);

STEP 64 [uTBR_IncrementalHeuristic_MS_RF -> NNI_Substep_39] - Distance: 58.0000
(((((((1,20),(19,27)),10),(8,2)),(23,(5,25))),(11,30)),(((21,(15,(22,29))),((((16,18),((28,6),(13,((14,26),7)))),(9,3)),17)),(12,24)),4);

STEP 65 [uTBR_IncrementalHeuristic_MS_RF -> NNI_Substep_40] - Distance: 57.0000
((((((1,20),((19,27),10)),(8,2)),(23,(5,25))),(11,30)),(((21,(15,(22,29))),((((16,18),((28,6),(13,((14,26),7)))),(9,3)),17)),(12,24)),4);

STEP 66 [uTBR_IncrementalHeuristic_MS_RF -> NNI_Substep_41] - Distance: 57.0000
((((((1,20),((19,27),10)),(8,2)),((23,5),25)),(11,30)),(((21,(15,(22,29))),((((16,18),((28,6),(13,((14,26),7)))),(9,3)),17)),(12,24)),4);

STEP 67 [uTBR_IncrementalHeuristic_MS_RF -> NNI_Substep_42] - Distance: 63.0000
(((((((1,20),((19,27),10)),(8,2)),(23,5)),25),(11,30)),(((21,(15,(22,29))),((((16,18),((28,6),(13,((14,26),7)))),(9,3)),17)),(12,24)),4);

STEP 68 [uTBR_IncrementalHeuristic_MS_RF -> NNI_Substep_43] - Distance: 62.0000
(((((((1,20),((19,27),10)),(8,2)),(23,5)),(11,30)),25),(((21,(15,(22,29))),((((16,18),((28,6),(13,((14,26),7)))),(9,3)),17)),(12,24)),4);

STEP 69 [uTBR_IncrementalHeuristic_MS_RF -> NNI_Substep_44] - Distance: 52.0000
((((((1,20),((19,27),10)),(8,2)),(23,5)),(11,30)),(((21,(15,(22,29))),((((16,18),((28,6),(13,((14,26),7)))),(9,3)),17)),(12,24)),(4,25));

STEP 70 [uTBR_IncrementalHeuristic_MS_RF -> NNI_Substep_45] - Distance: 60.0000
(((((((1,20),((19,27),10)),(8,2)),(23,5)),30),11),(((21,(15,(22,29))),((((16,18),((28,6),(13,((14,26),7)))),(9,3)),17)),(12,24)),(4,25));

STEP 71 [uTBR_IncrementalHeuristic_MS_RF -> NNI_Substep_46] - Distance: 58.0000
(((((((1,20),((19,27),10)),(8,2)),(23,5)),11),30),(((21,(15,(22,29))),((((16,18),((28,6),(13,((14,26),7)))),(9,3)),17)),(12,24)),(4,25));

STEP 72 [uTBR_IncrementalHeuristic_MS_RF -> NNI_Substep_47] - Distance: 50.0000
(((((23,5),11),(((1,20),((19,27),10)),(8,2))),30),(((21,(15,(22,29))),((((16,18),((28,6),(13,((14,26),7)))),(9,3)),17)),(12,24)),(4,25));

STEP 73 [uTBR_IncrementalHeuristic_MS_RF -> NNI_Substep_48] - Distance: 48.0000
((((((1,20),((19,27),10)),(8,2)),((23,11),5)),30),(((21,(15,(22,29))),((((16,18),((28,6),(13,((14,26),7)))),(9,3)),17)),(12,24)),(4,25));

STEP 74 [uTBR_IncrementalHeuristic_MS_RF -> NNI_Substep_49] - Distance: 51.0000
((((((1,20),((19,27),10)),(8,2)),((23,11),5)),30),(((21,(15,(22,29))),((((16,((28,6),(13,((14,26),7)))),18),(9,3)),17)),(12,24)),(4,25));

STEP 75 [uTBR_IncrementalHeuristic_MS_RF -> NNI_Substep_50] - Distance: 52.0000
((((((1,20),((19,27),10)),(8,2)),((23,11),5)),30),(((21,(15,(22,29))),((((16,((28,6),(13,((14,26),7)))),(9,3)),18),17)),(12,24)),(4,25));

STEP 76 [uTBR_IncrementalHeuristic_MS_RF -> NNI_Substep_51] - Distance: 52.0000
((((((1,20),((19,27),10)),(8,2)),((23,11),5)),30),(((21,(15,(22,29))),((((16,((28,6),(13,((14,26),7)))),(9,3)),17),18)),(12,24)),(4,25));

STEP 77 [uTBR_IncrementalHeuristic_MS_RF -> NNI_Substep_52] - Distance: 44.0000
((((((1,20),((19,27),10)),(8,2)),((23,11),5)),30),(((21,(15,(22,29))),(((16,((28,6),(13,((14,26),7)))),(9,3)),(17,18))),(12,24)),(4,25));

STEP 78 [uTBR_IncrementalHeuristic_MS_RF -> NNI_Substep_53] - Distance: 44.0000
(((((((19,27),10),(8,2)),(1,20)),((23,11),5)),30),(((21,(15,(22,29))),(((16,((28,6),(13,((14,26),7)))),(9,3)),(17,18))),(12,24)),(4,25));

STEP 79 [uTBR_IncrementalHeuristic_MS_RF -> NNI_Substep_54] - Distance: 45.0000
(((((((19,27),10),(8,2)),((23,11),5)),(1,20)),30),(((21,(15,(22,29))),(((16,((28,6),(13,((14,26),7)))),(9,3)),(17,18))),(12,24)),(4,25));

STEP 80 [uTBR_IncrementalHeuristic_MS_RF -> NNI_Substep_55] - Distance: 44.0000
(((((((19,27),10),(8,2)),((23,11),5)),30),(1,20)),(((21,(15,(22,29))),(((16,((28,6),(13,((14,26),7)))),(9,3)),(17,18))),(12,24)),(4,25));

STEP 81 [uTBR_IncrementalHeuristic_MS_RF -> NNI_Substep_56] - Distance: 44.0000
((((((19,27),10),(8,2)),((23,11),5)),30),((((21,(15,(22,29))),(((16,((28,6),(13,((14,26),7)))),(9,3)),(17,18))),(12,24)),(1,20)),(4,25));

STEP 82 [uTBR_IncrementalHeuristic_MS_RF -> NNI_Substep_57] - Distance: 42.0000
((((((19,27),10),(8,2)),((23,11),5)),30),((((21,(15,(22,29))),(((16,((28,6),(13,((14,26),7)))),(9,3)),(17,18))),(1,20)),(12,24)),(4,25));

STEP 83 [uTBR_IncrementalHeuristic_MS_RF -> NNI_Substep_58] - Distance: 36.0000
((((((19,27),10),(8,2)),((23,11),5)),30),(((21,(15,(22,29))),((((16,((28,6),(13,((14,26),7)))),(9,3)),(17,18)),(1,20))),(12,24)),(4,25));

STEP 84 [uTBR_IncrementalHeuristic_MS_RF -> NNI_Substep_59] - Distance: 32.0000
((((((19,27),10),(8,2)),((23,11),5)),30),(((21,(15,(22,29))),((((16,((28,6),(13,((14,26),7)))),(9,3)),(1,20)),(17,18))),(12,24)),(4,25));

STEP 85 [uTBR_IncrementalHeuristic_MS_RF -> NNI_Substep_60] - Distance: 28.0000
((((((19,27),10),(8,2)),((23,11),5)),30),(((21,(15,(22,29))),((((16,((28,6),(13,((14,26),7)))),(1,20)),(9,3)),(17,18))),(12,24)),(4,25));

STEP 86 [uTBR_IncrementalHeuristic_MS_RF -> NNI_Substep_61] - Distance: 24.0000
((((((19,27),10),(8,2)),((23,11),5)),30),(((21,(15,(22,29))),((((16,(1,20)),((28,6),(13,((14,26),7)))),(9,3)),(17,18))),(12,24)),(4,25));

STEP 87 [uTBR_IncrementalHeuristic_MS_RF -> NNI_Substep_62] - Distance: 26.0000
(((((((19,27),10),2),8),((23,11),5)),30),(((21,(15,(22,29))),((((16,(1,20)),((28,6),(13,((14,26),7)))),(9,3)),(17,18))),(12,24)),(4,25));

STEP 88 [uTBR_IncrementalHeuristic_MS_RF -> NNI_Substep_63] - Distance: 28.0000
(((((((19,27),10),2),((23,11),5)),8),30),(((21,(15,(22,29))),((((16,(1,20)),((28,6),(13,((14,26),7)))),(9,3)),(17,18))),(12,24)),(4,25));

STEP 89 [uTBR_IncrementalHeuristic_MS_RF -> NNI_Substep_64] - Distance: 28.0000
(((((((19,27),10),2),((23,11),5)),30),8),(((21,(15,(22,29))),((((16,(1,20)),((28,6),(13,((14,26),7)))),(9,3)),(17,18))),(12,24)),(4,25));

STEP 90 [uTBR_IncrementalHeuristic_MS_RF -> NNI_Substep_65] - Distance: 31.0000
((((((19,27),10),2),((23,11),5)),30),((((21,(15,(22,29))),((((16,(1,20)),((28,6),(13,((14,26),7)))),(9,3)),(17,18))),(12,24)),8),(4,25));

STEP 91 [uTBR_IncrementalHeuristic_MS_RF -> NNI_Substep_66] - Distance: 21.0000
((((((19,27),10),2),((23,11),5)),30),(((21,(15,(22,29))),((((16,(1,20)),((28,6),(13,((14,26),7)))),(9,3)),(17,18))),((12,24),8)),(4,25));

STEP 92 [uTBR_IncrementalHeuristic_MS_RF -> NNI_Substep_67] - Distance: 21.0000
((((((19,27),10),2),((23,11),5)),30),(((21,(15,(22,29))),((((16,(1,20)),((28,6),(13,((14,26),7)))),(9,3)),(17,18))),((12,8),24)),(4,25));

STEP 93 [uTBR_IncrementalHeuristic_MS_RF -> NNI_Substep_68] - Distance: 29.0000
((((((19,27),10),2),((23,11),5)),30),((((21,(15,(22,29))),((((16,(1,20)),((28,6),(13,((14,26),7)))),(9,3)),(17,18))),(12,8)),24),(4,25));

STEP 94 [uTBR_IncrementalHeuristic_MS_RF -> NNI_Substep_69] - Distance: 28.0000
((((((19,27),10),2),((23,11),5)),30),((((21,(15,(22,29))),((((16,(1,20)),((28,6),(13,((14,26),7)))),(9,3)),(17,18))),24),(12,8)),(4,25));

STEP 95 [uTBR_IncrementalHeuristic_MS_RF -> NNI_Substep_70] - Distance: 27.0000
((((((19,27),10),2),((23,11),5)),30),(((((((16,(1,20)),((28,6),(13,((14,26),7)))),(9,3)),(17,18)),24),(21,(15,(22,29)))),(12,8)),(4,25));

STEP 96 [uTBR_IncrementalHeuristic_MS_RF -> NNI_Substep_71] - Distance: 15.0000
((((((19,27),10),2),((23,11),5)),30),(((21,(15,(22,29))),((((16,(1,20)),((28,6),(13,((14,26),7)))),(9,3)),((17,18),24))),(12,8)),(4,25));

STEP 97 [uTBR_IncrementalHeuristic_MS_RF -> NNI_Substep_72] - Distance: 11.0000
(((21,(15,(22,29))),((((16,(1,20)),((28,6),(13,((14,26),7)))),(9,3)),((17,18),24))),((12,8),(((((19,27),10),2),((23,11),5)),30)),(4,25));

STEP 98 [uTBR_IncrementalHeuristic_MS_RF -> NNI_Substep_73] - Distance: 14.0000
(((21,(15,(22,29))),((((16,(1,20)),((28,(13,((14,26),7))),6)),(9,3)),((17,18),24))),((12,8),(((((19,27),10),2),((23,11),5)),30)),(4,25));

STEP 99 [uTBR_IncrementalHeuristic_MS_RF -> NNI_Substep_74] - Distance: 14.0000
(((21,(15,(22,29))),(((((16,(1,20)),(28,(13,((14,26),7)))),6),(9,3)),((17,18),24))),((12,8),(((((19,27),10),2),((23,11),5)),30)),(4,25));

STEP 100 [uTBR_IncrementalHeuristic_MS_RF -> NNI_Substep_75] - Distance: 10.0000
(((21,(15,(22,29))),(((((16,(1,20)),6),(28,(13,((14,26),7)))),(9,3)),((17,18),24))),((12,8),(((((19,27),10),2),((23,11),5)),30)),(4,25));

STEP 101 [uTBR_IncrementalHeuristic_MS_RF -> NNI_Substep_76] - Distance: 7.0000
(((21,(15,(22,29))),(((((16,6),(1,20)),(28,(13,((14,26),7)))),(9,3)),((17,18),24))),((12,8),(((((19,27),10),2),((23,11),5)),30)),(4,25));

STEP 102 [uTBR_IncrementalHeuristic_MS_RF -> NNI_Substep_77] - Distance: 7.0000
(((21,(15,(22,29))),(((((16,6),(1,20)),((28,((14,26),7)),13)),(9,3)),((17,18),24))),((12,8),(((((19,27),10),2),((23,11),5)),30)),(4,25));

STEP 103 [uTBR_IncrementalHeuristic_MS_RF -> NNI_Substep_78] - Distance: 8.0000
(((21,(15,(22,29))),((((((16,6),(1,20)),(28,((14,26),7))),13),(9,3)),((17,18),24))),((12,8),(((((19,27),10),2),((23,11),5)),30)),(4,25));

STEP 104 [uTBR_IncrementalHeuristic_MS_RF -> NNI_Substep_79] - Distance: 3.0000
(((21,(15,(22,29))),((((((16,6),(1,20)),13),(28,((14,26),7))),(9,3)),((17,18),24))),((12,8),(((((19,27),10),2),((23,11),5)),30)),(4,25));

STEP 105 [uTBR_IncrementalHeuristic_MS_RF -> NNI_Substep_80] - Distance: 0.0000
(((21,(15,(22,29))),((((((16,6),13),(1,20)),(28,((14,26),7))),(9,3)),((17,18),24))),((12,8),(((((19,27),10),2),((23,11),5)),30)),(4,25));

========================================================
[FINAL] Total Steps: 105 | Final Distance: 0.0000
========================================================
