========================================================
HEURISTIC TRAJECTORY: VND Classic (M3)
========================================================
STEP 0 [START] - Distance: 3408.0000
(((15,16),((8,5),((13,10),(28,22)))),(29,18),((((6,(3,20)),(25,(19,(30,2)))),(((14,(27,(7,17))),(21,9)),(1,(11,26)))),((24,12),(23,4))));

STEP 1 [NNI_ClassicHeuristic_M3 -> NNI_Substep_1] - Distance: 3380.0000
(18,(29,((15,16),((8,5),((13,10),(28,22))))),((((6,(3,20)),(25,(19,(30,2)))),(((14,(27,(7,17))),(21,9)),(1,(11,26)))),((24,12),(23,4))));

STEP 2 [NNI_ClassicHeuristic_M3 -> NNI_Substep_2] - Distance: 3354.0000
(18,(((8,5),((13,10),(28,22))),((15,16),29)),((((6,(3,20)),(25,(19,(30,2)))),(((14,(27,(7,17))),(21,9)),(1,(11,26)))),((24,12),(23,4))));

STEP 3 [NNI_ClassicHeuristic_M3 -> NNI_Substep_3] - Distance: 3329.0000
(18,(((8,5),((13,10),(28,22))),((15,29),16)),((((6,(3,20)),(25,(19,(30,2)))),(((14,(27,(7,17))),(21,9)),(1,(11,26)))),((24,12),(23,4))));

STEP 4 [NNI_ClassicHeuristic_M3 -> NNI_Substep_4] - Distance: 3306.0000
(18,(((8,5),((13,10),(28,22))),((15,29),16)),(((((25,(19,(30,2))),(3,20)),6),(((14,(27,(7,17))),(21,9)),(1,(11,26)))),((24,12),(23,4))));

STEP 5 [NNI_ClassicHeuristic_M3 -> NNI_Substep_5] - Distance: 3287.0000
(18,(((8,5),((13,10),(28,22))),((15,29),16)),(((1,(11,26)),(((14,(27,(7,17))),(21,9)),(((25,(19,(30,2))),(3,20)),6))),((24,12),(23,4))));

STEP 6 [NNI_ClassicHeuristic_M3 -> NNI_Substep_6] - Distance: 3253.0000
(18,(((8,5),((13,10),(28,22))),((15,29),16)),(((1,(11,26)),((24,12),(23,4))),(((14,(27,(7,17))),(21,9)),(((25,(19,(30,2))),(3,20)),6))));

STEP 7 [NNI_ClassicHeuristic_M3 -> NNI_Substep_7] - Distance: 3231.0000
(18,(((8,5),((13,10),(28,22))),((15,29),16)),(((1,((24,12),(23,4))),(11,26)),(((14,(27,(7,17))),(21,9)),(((25,(19,(30,2))),(3,20)),6))));

STEP 8 [NNI_ClassicHeuristic_M3 -> NNI_Substep_8] - Distance: 3211.0000
(18,(((8,5),((13,10),(28,22))),((15,29),16)),((11,((1,((24,12),(23,4))),26)),(((14,(27,(7,17))),(21,9)),(((25,(19,(30,2))),(3,20)),6))));

STEP 9 [NNI_ClassicHeuristic_M3 -> NNI_Substep_9] - Distance: 3193.0000
(18,(((8,5),((13,10),(28,22))),((15,29),16)),((11,((1,((24,12),(23,4))),26)),(((14,(27,(7,17))),(21,9)),(((19,(25,(30,2))),(3,20)),6))));

STEP 10 [NNI_ClassicHeuristic_M3 -> NNI_Substep_10] - Distance: 3178.0000
((11,((1,((24,12),(23,4))),26)),(((8,5),((13,10),(28,22))),((15,29),16)),(18,(((14,(27,(7,17))),(21,9)),(((19,(25,(30,2))),(3,20)),6))));

STEP 11 [NNI_ClassicHeuristic_M3 -> NNI_Substep_11] - Distance: 3171.0000
((11,((1,((24,12),(23,4))),26)),(((8,5),((13,10),(28,22))),((15,29),16)),(18,((21,((14,(27,(7,17))),9)),(((19,(25,(30,2))),(3,20)),6))));

STEP 12 [NNI_ClassicHeuristic_M3 -> NNI_Substep_12] - Distance: 3164.0000
((11,((1,((24,12),(23,4))),26)),(((8,5),((13,10),(28,22))),((15,29),16)),((((19,(25,(30,2))),(3,20)),6),((21,((14,(27,(7,17))),9)),18)));

STEP 13 [NNI_ClassicHeuristic_M3 -> NNI_Substep_13] - Distance: 3159.0000
((11,((1,((24,12),(23,4))),26)),(((8,5),((13,10),(28,22))),((15,29),16)),((((19,(2,(30,25))),(3,20)),6),((21,((14,(27,(7,17))),9)),18)));

STEP 14 [NNI_ClassicHeuristic_M3 -> NNI_Substep_14] - Distance: 3154.0000
((11,((1,((24,12),(23,4))),26)),(((8,5),((13,10),(28,22))),((15,29),16)),(((3,((19,(2,(30,25))),20)),6),((21,((14,(27,(7,17))),9)),18)));

STEP 15 [NNI_ClassicHeuristic_M3 -> NNI_Substep_15] - Distance: 3151.0000
((11,(((23,4),((24,12),1)),26)),(((8,5),((13,10),(28,22))),((15,29),16)),(((3,((19,(2,(30,25))),20)),6),((21,((14,(27,(7,17))),9)),18)));

STEP 16 [NNI_ClassicHeuristic_M3 -> NNI_Substep_16] - Distance: 3144.0000
((11,(((23,4),26),((24,12),1))),(((8,5),((13,10),(28,22))),((15,29),16)),(((3,((19,(2,(30,25))),20)),6),((21,((14,(27,(7,17))),9)),18)));

STEP 17 [NNI_ClassicHeuristic_M3 -> NNI_Substep_17] - Distance: 3139.0000
((((24,12),1),(((23,4),26),11)),(((8,5),((13,10),(28,22))),((15,29),16)),(((3,((19,(2,(30,25))),20)),6),((21,((14,(27,(7,17))),9)),18)));

STEP 18 [NNI_ClassicHeuristic_M3 -> NNI_Substep_18] - Distance: 3135.0000
((((24,12),1),(((23,4),26),11)),(((((13,10),(28,22)),5),8),((15,29),16)),(((3,((19,(2,(30,25))),20)),6),((21,((14,(27,(7,17))),9)),18)));

STEP 19 [NNI_ClassicHeuristic_M3 -> NNI_Substep_19] - Distance: 3132.0000
((((24,12),1),(((23,4),26),11)),(((((13,(28,22)),10),5),8),((15,29),16)),(((3,((19,(2,(30,25))),20)),6),((21,((14,(27,(7,17))),9)),18)));

STEP 20 [NNI_ClassicHeuristic_M3 -> NNI_Substep_20] - Distance: 3129.0000
((((24,12),1),(((23,4),26),11)),(((((13,(28,22)),5),10),8),((15,29),16)),(((3,((19,(2,(30,25))),20)),6),((21,((14,(27,(7,17))),9)),18)));

STEP 21 [NNI_ClassicHeuristic_M3 -> NNI_Substep_21] - Distance: 3127.0000
((((24,1),12),(((23,4),26),11)),(((((13,(28,22)),5),10),8),((15,29),16)),(((3,((19,(2,(30,25))),20)),6),((21,((14,(27,(7,17))),9)),18)));

STEP 22 [NNI_ClassicHeuristic_M3 -> NNI_Substep_22] - Distance: 3120.0000
((((24,1),(((23,4),26),11)),12),(((((13,(28,22)),5),10),8),((15,29),16)),(((3,((19,(2,(30,25))),20)),6),((21,((14,(27,(7,17))),9)),18)));

STEP 23 [NNI_ClassicHeuristic_M3 -> NNI_Substep_23] - Distance: 3086.0000
(((((((13,(28,22)),5),10),8),((15,29),16)),12),((24,1),(((23,4),26),11)),(((3,((19,(2,(30,25))),20)),6),((21,((14,(27,(7,17))),9)),18)));

STEP 24 [NNI_ClassicHeuristic_M3 -> NNI_Substep_24] - Distance: 3047.0000
(((((((13,(28,22)),5),10),8),12),((15,29),16)),((24,1),(((23,4),26),11)),(((3,((19,(2,(30,25))),20)),6),((21,((14,(27,(7,17))),9)),18)));

STEP 25 [NNI_ClassicHeuristic_M3 -> NNI_Substep_25] - Distance: 3045.0000
(((((((28,(13,22)),5),10),8),12),((15,29),16)),((24,1),(((23,4),26),11)),(((3,((19,(2,(30,25))),20)),6),((21,((14,(27,(7,17))),9)),18)));

STEP 26 [NNI_ClassicHeuristic_M3 -> NNI_Substep_26] - Distance: 3043.0000
(((((((5,(13,22)),28),10),8),12),((15,29),16)),((24,1),(((23,4),26),11)),(((3,((19,(2,(30,25))),20)),6),((21,((14,(27,(7,17))),9)),18)));

STEP 27 [NNI_ClassicHeuristic_M3 -> NNI_Substep_27] - Distance: 3041.0000
(((((((5,(13,22)),28),8),10),12),((15,29),16)),((24,1),(((23,4),26),11)),(((3,((19,(2,(30,25))),20)),6),((21,((14,(27,(7,17))),9)),18)));

STEP 28 [NNI_ClassicHeuristic_M3 -> NNI_Substep_28] - Distance: 3038.0000
(((((((5,(13,22)),28),8),12),10),((15,29),16)),((24,1),(((23,4),26),11)),(((3,((19,(2,(30,25))),20)),6),((21,((14,(27,(7,17))),9)),18)));

STEP 29 [NNI_ClassicHeuristic_M3 -> NNI_Substep_29] - Distance: 2963.0000
(((((15,29),16),10),((((5,(13,22)),28),8),12)),((24,1),(((23,4),26),11)),(((3,((19,(2,(30,25))),20)),6),((21,((14,(27,(7,17))),9)),18)));

STEP 30 [NNI_ClassicHeuristic_M3 -> NNI_Substep_30] - Distance: 2937.0000
(((((15,29),10),16),((((5,(13,22)),28),8),12)),((24,1),(((23,4),26),11)),(((3,((19,(2,(30,25))),20)),6),((21,((14,(27,(7,17))),9)),18)));

STEP 31 [NNI_ClassicHeuristic_M3 -> NNI_Substep_31] - Distance: 2935.0000
(((((15,29),10),16),((((5,(13,22)),28),8),12)),((24,1),(((23,4),11),26)),(((3,((19,(2,(30,25))),20)),6),((21,((14,(27,(7,17))),9)),18)));

STEP 32 [NNI_ClassicHeuristic_M3 -> NNI_Substep_32] - Distance: 2933.0000
(((((15,29),10),16),((((5,(13,22)),28),8),12)),((24,1),(((23,11),4),26)),(((3,((19,(2,(30,25))),20)),6),((21,((14,(27,(7,17))),9)),18)));

STEP 33 [NNI_ClassicHeuristic_M3 -> NNI_Substep_33] - Distance: 2932.0000
(((((15,29),10),16),((((13,(5,22)),28),8),12)),((24,1),(((23,11),4),26)),(((3,((19,(2,(30,25))),20)),6),((21,((14,(27,(7,17))),9)),18)));

STEP 34 [NNI_ClassicHeuristic_M3 -> NNI_Substep_34] - Distance: 2931.0000
(((((15,29),10),16),((((13,(5,22)),8),28),12)),((24,1),(((23,11),4),26)),(((3,((19,(2,(30,25))),20)),6),((21,((14,(27,(7,17))),9)),18)));

STEP 35 [NNI_ClassicHeuristic_M3 -> NNI_Substep_35] - Distance: 2929.0000
(((((15,29),10),16),((((13,(5,22)),8),12),28)),((24,1),(((23,11),4),26)),(((3,((19,(2,(30,25))),20)),6),((21,((14,(27,(7,17))),9)),18)));

STEP 36 [NNI_ClassicHeuristic_M3 -> NNI_Substep_36] - Distance: 2921.0000
((28,((((13,(5,22)),8),12),(((15,29),10),16))),((24,1),(((23,11),4),26)),(((3,((19,(2,(30,25))),20)),6),((21,((14,(27,(7,17))),9)),18)));

STEP 37 [NNI_ClassicHeuristic_M3 -> NNI_Substep_37] - Distance: 2852.0000
((28,((24,1),(((23,11),4),26))),((((13,(5,22)),8),12),(((15,29),10),16)),(((3,((19,(2,(30,25))),20)),6),((21,((14,(27,(7,17))),9)),18)));

STEP 38 [NNI_ClassicHeuristic_M3 -> NNI_Substep_38] - Distance: 2814.0000
(((24,1),(28,(((23,11),4),26))),((((13,(5,22)),8),12),(((15,29),10),16)),(((3,((19,(2,(30,25))),20)),6),((21,((14,(27,(7,17))),9)),18)));

STEP 39 [NNI_ClassicHeuristic_M3 -> NNI_Substep_39] - Distance: 2813.0000
(((24,1),(28,(((23,11),4),26))),((((13,(5,22)),12),8),(((15,29),10),16)),(((3,((19,(2,(30,25))),20)),6),((21,((14,(27,(7,17))),9)),18)));

STEP 40 [NNI_ClassicHeuristic_M3 -> NNI_Substep_40] - Distance: 2809.0000
(((24,1),(28,(((23,11),4),26))),((((13,(5,22)),12),(((15,29),10),16)),8),(((3,((19,(2,(30,25))),20)),6),((21,((14,(27,(7,17))),9)),18)));

STEP 41 [NNI_ClassicHeuristic_M3 -> NNI_Substep_41] - Distance: 2791.0000
(8,((((13,(5,22)),12),(((15,29),10),16)),((24,1),(28,(((23,11),4),26)))),(((3,((19,(2,(30,25))),20)),6),((21,((14,(27,(7,17))),9)),18)));

STEP 42 [NNI_ClassicHeuristic_M3 -> NNI_Substep_42] - Distance: 2767.0000
(((3,((19,(2,(30,25))),20)),6),((((13,(5,22)),12),(((15,29),10),16)),((24,1),(28,(((23,11),4),26)))),(8,((21,((14,(27,(7,17))),9)),18)));

STEP 43 [NNI_ClassicHeuristic_M3 -> NNI_Substep_43] - Distance: 2751.0000
(((3,((19,(2,(30,25))),20)),6),((((13,(5,22)),12),(((15,29),10),16)),((24,1),(28,(((23,11),4),26)))),(18,((21,((14,(27,(7,17))),9)),8)));

STEP 44 [NNI_ClassicHeuristic_M3 -> NNI_Substep_44] - Distance: 2749.0000
(((3,((19,(2,(30,25))),20)),6),((((13,(5,22)),12),(((15,29),10),16)),((24,1),(28,(((23,11),4),26)))),(18,((8,((14,(27,(7,17))),9)),21)));

STEP 45 [NNI_ClassicHeuristic_M3 -> NNI_Substep_45] - Distance: 2736.0000
(((3,((19,(2,(30,25))),20)),6),((((13,(5,22)),12),(((15,29),10),16)),((24,1),(28,(((23,11),4),26)))),(18,(((14,(27,(7,17))),(8,9)),21)));

STEP 46 [NNI_ClassicHeuristic_M3 -> NNI_Substep_46] - Distance: 2733.0000
(((3,((2,(19,(30,25))),20)),6),((((13,(5,22)),12),(((15,29),10),16)),((24,1),(28,(((23,11),4),26)))),(18,(((14,(27,(7,17))),(8,9)),21)));

STEP 47 [NNI_ClassicHeuristic_M3 -> NNI_Substep_47] - Distance: 2730.0000
(((3,((2,(25,(30,19))),20)),6),((((13,(5,22)),12),(((15,29),10),16)),((24,1),(28,(((23,11),4),26)))),(18,(((14,(27,(7,17))),(8,9)),21)));

STEP 48 [NNI_ClassicHeuristic_M3 -> NNI_Substep_48] - Distance: 2728.0000
(((3,((20,(25,(30,19))),2)),6),((((13,(5,22)),12),(((15,29),10),16)),((24,1),(28,(((23,11),4),26)))),(18,(((14,(27,(7,17))),(8,9)),21)));

STEP 49 [NNI_ClassicHeuristic_M3 -> NNI_Substep_49] - Distance: 2726.0000
(((3,((25,(20,(30,19))),2)),6),((((13,(5,22)),12),(((15,29),10),16)),((24,1),(28,(((23,11),4),26)))),(18,(((14,(27,(7,17))),(8,9)),21)));

STEP 50 [NNI_ClassicHeuristic_M3 -> NNI_Substep_50] - Distance: 2724.0000
(((2,((25,(20,(30,19))),3)),6),((((13,(5,22)),12),(((15,29),10),16)),((24,1),(28,(((23,11),4),26)))),(18,(((14,(27,(7,17))),(8,9)),21)));

STEP 51 [NNI_ClassicHeuristic_M3 -> NNI_Substep_51] - Distance: 2721.0000
(((6,((25,(20,(30,19))),3)),2),((((13,(5,22)),12),(((15,29),10),16)),((24,1),(28,(((23,11),4),26)))),(18,(((14,(27,(7,17))),(8,9)),21)));

STEP 52 [NNI_ClassicHeuristic_M3 -> NNI_Substep_52] - Distance: 2677.0000
(((6,((25,(20,(30,19))),3)),((((13,(5,22)),12),(((15,29),10),16)),((24,1),(28,(((23,11),4),26))))),2,(18,(((14,(27,(7,17))),(8,9)),21)));

STEP 53 [NNI_ClassicHeuristic_M3 -> NNI_Substep_53] - Distance: 2675.0000
(((6,((3,(20,(30,19))),25)),((((13,(5,22)),12),(((15,29),10),16)),((24,1),(28,(((23,11),4),26))))),2,(18,(((14,(27,(7,17))),(8,9)),21)));

STEP 54 [NNI_ClassicHeuristic_M3 -> NNI_Substep_54] - Distance: 2672.0000
(((25,((3,(20,(30,19))),6)),((((13,(5,22)),12),(((15,29),10),16)),((24,1),(28,(((23,11),4),26))))),2,(18,(((14,(27,(7,17))),(8,9)),21)));

STEP 55 [NNI_ClassicHeuristic_M3 -> NNI_Substep_55] - Distance: 2626.0000
(((((((13,(5,22)),12),(((15,29),10),16)),((24,1),(28,(((23,11),4),26)))),((3,(20,(30,19))),6)),25),2,(18,(((14,(27,(7,17))),(8,9)),21)));

STEP 56 [NNI_ClassicHeuristic_M3 -> NNI_Substep_56] - Distance: 2611.0000
(((((((13,(5,22)),12),(((15,29),10),16)),((24,1),(28,(((23,11),4),26)))),((3,(20,(30,19))),6)),2),25,(18,(((14,(27,(7,17))),(8,9)),21)));

STEP 57 [NNI_ClassicHeuristic_M3 -> NNI_Substep_57] - Distance: 2595.0000
((((14,(27,(7,17))),(8,9)),21),25,(18,((((((13,(5,22)),12),(((15,29),10),16)),((24,1),(28,(((23,11),4),26)))),((3,(20,(30,19))),6)),2)));

STEP 58 [NNI_ClassicHeuristic_M3 -> NNI_Substep_58] - Distance: 2593.0000
((((14,(27,(7,17))),21),(8,9)),25,(18,((((((13,(5,22)),12),(((15,29),10),16)),((24,1),(28,(((23,11),4),26)))),((3,(20,(30,19))),6)),2)));

STEP 59 [NNI_ClassicHeuristic_M3 -> NNI_Substep_59] - Distance: 2560.0000
((25,(8,9)),((14,(27,(7,17))),21),(18,((((((13,(5,22)),12),(((15,29),10),16)),((24,1),(28,(((23,11),4),26)))),((3,(20,(30,19))),6)),2)));

STEP 60 [NNI_ClassicHeuristic_M3 -> NNI_Substep_60] - Distance: 2522.0000
(((((((13,(5,22)),12),(((15,29),10),16)),((24,1),(28,(((23,11),4),26)))),((3,(20,(30,19))),6)),2),((14,(27,(7,17))),21),(18,(25,(8,9))));

STEP 61 [NNI_ClassicHeuristic_M3 -> NNI_Substep_61] - Distance: 2479.0000
(((((((13,(5,22)),12),(((15,29),10),16)),((24,1),(28,(((23,11),4),26)))),((3,(20,(30,19))),6)),((14,(27,(7,17))),21)),2,(18,(25,(8,9))));

STEP 62 [NNI_ClassicHeuristic_M3 -> NNI_Substep_62] - Distance: 2478.0000
(((((((13,(5,22)),12),(((15,29),10),16)),((24,1),(28,(((23,11),4),26)))),((6,(20,(30,19))),3)),((14,(27,(7,17))),21)),2,(18,(25,(8,9))));

STEP 63 [NNI_ClassicHeuristic_M3 -> NNI_Substep_63] - Distance: 2464.0000
((((6,(20,(30,19))),(((((13,(5,22)),12),(((15,29),10),16)),((24,1),(28,(((23,11),4),26)))),3)),((14,(27,(7,17))),21)),2,(18,(25,(8,9))));

STEP 64 [NNI_ClassicHeuristic_M3 -> NNI_Substep_64] - Distance: 2418.0000
((((6,(20,(30,19))),(((((13,(5,22)),12),(((15,29),10),16)),3),((24,1),(28,(((23,11),4),26))))),((14,(27,(7,17))),21)),2,(18,(25,(8,9))));

STEP 65 [NNI_ClassicHeuristic_M3 -> NNI_Substep_65] - Distance: 2346.0000
((((6,(20,(30,19))),(((((13,(5,22)),12),3),(((15,29),10),16)),((24,1),(28,(((23,11),4),26))))),((14,(27,(7,17))),21)),2,(18,(25,(8,9))));

STEP 66 [NNI_ClassicHeuristic_M3 -> NNI_Substep_66] - Distance: 2323.0000
((((6,(20,(30,19))),(((((13,(5,22)),3),12),(((15,29),10),16)),((24,1),(28,(((23,11),4),26))))),((14,(27,(7,17))),21)),2,(18,(25,(8,9))));

STEP 67 [NNI_ClassicHeuristic_M3 -> NNI_Substep_67] - Distance: 2322.0000
((((6,(20,(30,19))),(((((3,(5,22)),13),12),(((15,29),10),16)),((24,1),(28,(((23,11),4),26))))),((14,(27,(7,17))),21)),2,(18,(25,(8,9))));

STEP 68 [NNI_ClassicHeuristic_M3 -> NNI_Substep_68] - Distance: 2320.0000
((((6,(20,(30,19))),(((((5,(3,22)),13),12),(((15,29),10),16)),((24,1),(28,(((23,11),4),26))))),((14,(27,(7,17))),21)),2,(18,(25,(8,9))));

STEP 69 [NNI_ClassicHeuristic_M3 -> NNI_Substep_69] - Distance: 2318.0000
((((6,(20,(30,19))),(((((5,(3,22)),12),13),(((15,29),10),16)),((24,1),(28,(((23,11),4),26))))),((14,(27,(7,17))),21)),2,(18,(25,(8,9))));

STEP 70 [NNI_ClassicHeuristic_M3 -> NNI_Substep_70] - Distance: 2310.0000
((((6,(20,(30,19))),(((((5,(3,22)),12),(((15,29),10),16)),13),((24,1),(28,(((23,11),4),26))))),((14,(27,(7,17))),21)),2,(18,(25,(8,9))));

STEP 71 [NNI_ClassicHeuristic_M3 -> NNI_Substep_71] - Distance: 2290.0000
((((6,(20,(30,19))),(((((5,(3,22)),12),(((15,29),10),16)),((24,1),(28,(((23,11),4),26)))),13)),((14,(27,(7,17))),21)),2,(18,(25,(8,9))));

STEP 72 [NNI_ClassicHeuristic_M3 -> NNI_Substep_72] - Distance: 2270.0000
(((13,(((((5,(3,22)),12),(((15,29),10),16)),((24,1),(28,(((23,11),4),26)))),(6,(20,(30,19))))),((14,(27,(7,17))),21)),2,(18,(25,(8,9))));

STEP 73 [NNI_ClassicHeuristic_M3 -> NNI_Substep_73] - Distance: 2205.0000
(((13,((14,(27,(7,17))),21)),(((((5,(3,22)),12),(((15,29),10),16)),((24,1),(28,(((23,11),4),26)))),(6,(20,(30,19))))),2,(18,(25,(8,9))));

STEP 74 [NNI_ClassicHeuristic_M3 -> NNI_Substep_74] - Distance: 2202.0000
(((13,((14,(27,(7,17))),21)),(((((12,(3,22)),5),(((15,29),10),16)),((24,1),(28,(((23,11),4),26)))),(6,(20,(30,19))))),2,(18,(25,(8,9))));

STEP 75 [NNI_ClassicHeuristic_M3 -> NNI_Substep_75] - Distance: 2189.0000
(((13,((14,(27,(7,17))),21)),(((((12,(3,22)),(((15,29),10),16)),5),((24,1),(28,(((23,11),4),26)))),(6,(20,(30,19))))),2,(18,(25,(8,9))));

STEP 76 [NNI_ClassicHeuristic_M3 -> NNI_Substep_76] - Distance: 2155.0000
(((13,((14,(27,(7,17))),21)),(((((12,(3,22)),(((15,29),10),16)),((24,1),(28,(((23,11),4),26)))),5),(6,(20,(30,19))))),2,(18,(25,(8,9))));

STEP 77 [NNI_ClassicHeuristic_M3 -> NNI_Substep_77] - Distance: 2125.0000
(((13,((14,(27,(7,17))),21)),(((((12,(3,22)),(((15,29),10),16)),((24,1),(28,(((23,11),4),26)))),(6,(20,(30,19)))),5)),2,(18,(25,(8,9))));

STEP 78 [NNI_ClassicHeuristic_M3 -> NNI_Substep_78] - Distance: 2055.0000
((((((12,(3,22)),(((15,29),10),16)),((24,1),(28,(((23,11),4),26)))),(6,(20,(30,19)))),((13,((14,(27,(7,17))),21)),5)),2,(18,(25,(8,9))));

STEP 79 [NNI_ClassicHeuristic_M3 -> NNI_Substep_79] - Distance: 2053.0000
((((((12,(3,22)),(((15,29),10),16)),((24,1),(28,(((23,11),4),26)))),(6,(20,(30,19)))),((21,((14,(27,(7,17))),13)),5)),2,(18,(25,(8,9))));

STEP 80 [NNI_ClassicHeuristic_M3 -> NNI_Substep_80] - Distance: 2049.0000
((((((12,(3,22)),(((15,29),10),16)),((24,1),(28,(((23,11),4),26)))),(6,(20,(30,19)))),((21,((14,13),(27,(7,17)))),5)),2,(18,(25,(8,9))));

STEP 81 [NNI_ClassicHeuristic_M3 -> NNI_Substep_81] - Distance: 2046.0000
((((((12,(3,22)),(((15,29),10),16)),((24,1),(28,(((23,11),4),26)))),(6,(20,(30,19)))),((5,((14,13),(27,(7,17)))),21)),2,(18,(25,(8,9))));

STEP 82 [NNI_ClassicHeuristic_M3 -> NNI_Substep_82] - Distance: 2031.0000
(((5,((14,13),(27,(7,17)))),(((((12,(3,22)),(((15,29),10),16)),((24,1),(28,(((23,11),4),26)))),(6,(20,(30,19)))),21)),2,(18,(25,(8,9))));

STEP 83 [NNI_ClassicHeuristic_M3 -> NNI_Substep_83] - Distance: 2007.0000
(((5,((14,13),(27,(7,17)))),(((((12,(3,22)),(((15,29),10),16)),((24,1),(28,(((23,11),4),26)))),21),(6,(20,(30,19))))),2,(18,(25,(8,9))));

STEP 84 [NNI_ClassicHeuristic_M3 -> NNI_Substep_84] - Distance: 1945.0000
(((5,((14,13),(27,(7,17)))),(((((12,(3,22)),(((15,29),10),16)),21),((24,1),(28,(((23,11),4),26)))),(6,(20,(30,19))))),2,(18,(25,(8,9))));

STEP 85 [NNI_ClassicHeuristic_M3 -> NNI_Substep_85] - Distance: 1857.0000
(((5,((14,13),(27,(7,17)))),(((((12,(3,22)),21),(((15,29),10),16)),((24,1),(28,(((23,11),4),26)))),(6,(20,(30,19))))),2,(18,(25,(8,9))));

STEP 86 [NNI_ClassicHeuristic_M3 -> NNI_Substep_86] - Distance: 1803.0000
(((5,((14,13),(27,(7,17)))),(((((12,21),(3,22)),(((15,29),10),16)),((24,1),(28,(((23,11),4),26)))),(6,(20,(30,19))))),2,(18,(25,(8,9))));

STEP 87 [NNI_ClassicHeuristic_M3 -> NNI_Substep_87] - Distance: 1795.0000
((((14,13),(5,(27,(7,17)))),(((((12,21),(3,22)),(((15,29),10),16)),((24,1),(28,(((23,11),4),26)))),(6,(20,(30,19))))),2,(18,(25,(8,9))));

STEP 88 [2sECR_ClassicHeuristic_M3 -> NNI_Substep_1] - Distance: 1795.0000
((((27,(7,17)),((14,13),5)),(((((12,21),(3,22)),(((15,29),10),16)),((24,1),(28,(((23,11),4),26)))),(6,(20,(30,19))))),2,(18,(25,(8,9))));

STEP 89 [2sECR_ClassicHeuristic_M3 -> NNI_Substep_2] - Distance: 1761.0000
((((14,13),5),((((((12,21),(3,22)),(((15,29),10),16)),((24,1),(28,(((23,11),4),26)))),(6,(20,(30,19)))),(27,(7,17)))),2,(18,(25,(8,9))));

STEP 90 [2sECR_ClassicHeuristic_M3 -> NNI_Substep_3] - Distance: 1640.0000
((((14,13),5),(((27,(7,17)),(6,(20,(30,19)))),((((12,21),(3,22)),(((15,29),10),16)),((24,1),(28,(((23,11),4),26)))))),2,(18,(25,(8,9))));

STEP 91 [2sECR_ClassicHeuristic_M3 -> NNI_Substep_4] - Distance: 1597.0000
((((14,13),5),(((20,(30,19)),((27,(7,17)),6)),((((12,21),(3,22)),(((15,29),10),16)),((24,1),(28,(((23,11),4),26)))))),2,(18,(25,(8,9))));

STEP 92 [2sECR_ClassicHeuristic_M3 -> NNI_Substep_5] - Distance: 1596.0000
((((14,13),5),(((20,(30,19)),((27,(7,17)),6)),((((12,21),(3,22)),(((15,29),10),16)),((24,1),(((23,11),4),(28,26)))))),2,(18,(25,(8,9))));

STEP 93 [2sECR_ClassicHeuristic_M3 -> NNI_Substep_6] - Distance: 1586.0000
((((14,13),5),(((20,(30,19)),((27,(7,17)),6)),((((12,21),(3,22)),(((15,29),10),16)),(((23,11),4),((24,1),(28,26)))))),2,(18,(25,(8,9))));

STEP 94 [2sECR_ClassicHeuristic_M3 -> NNI_Substep_7] - Distance: 1498.0000
((((14,13),5),(((20,(30,19)),((27,(7,17)),6)),(((23,11),4),((((12,21),(3,22)),(((15,29),10),16)),((24,1),(28,26)))))),2,(18,(25,(8,9))));

STEP 95 [2sECR_ClassicHeuristic_M3 -> NNI_Substep_8] - Distance: 1322.0000
((((14,13),5),((((20,(30,19)),((27,(7,17)),6)),((23,11),4)),((((12,21),(3,22)),(((15,29),10),16)),((24,1),(28,26))))),2,(18,(25,(8,9))));

STEP 96 [2sECR_ClassicHeuristic_M3 -> NNI_Substep_9] - Distance: 1242.0000
((((14,13),5),(((((23,11),4),(20,(30,19))),((27,(7,17)),6)),((((12,21),(3,22)),(((15,29),10),16)),((24,1),(28,26))))),2,(18,(25,(8,9))));

STEP 97 [2sECR_ClassicHeuristic_M3 -> NNI_Substep_10] - Distance: 1195.0000
((((14,13),5),(((20,(((23,11),4),(30,19))),((27,(7,17)),6)),((((12,21),(3,22)),(((15,29),10),16)),((24,1),(28,26))))),2,(18,(25,(8,9))));

STEP 98 [2sECR_ClassicHeuristic_M3 -> NNI_Substep_11] - Distance: 1193.0000
((((14,13),5),(((20,(((23,11),4),(30,19))),(27,(6,(7,17)))),((((12,21),(3,22)),(((15,29),10),16)),((24,1),(28,26))))),2,(18,(25,(8,9))));

STEP 99 [2sECR_ClassicHeuristic_M3 -> NNI_Substep_12] - Distance: 1179.0000
((((14,13),5),((27,((20,(((23,11),4),(30,19))),(6,(7,17)))),((((12,21),(3,22)),(((15,29),10),16)),((24,1),(28,26))))),2,(18,(25,(8,9))));

STEP 100 [2sECR_ClassicHeuristic_M3 -> NNI_Substep_13] - Distance: 1123.0000
((((14,13),5),(((20,(((23,11),4),(30,19))),(6,(7,17))),(27,((((12,21),(3,22)),(((15,29),10),16)),((24,1),(28,26)))))),2,(18,(25,(8,9))));

STEP 101 [2sECR_ClassicHeuristic_M3 -> NNI_Substep_14] - Distance: 1055.0000
((((14,13),5),(((20,(((23,11),4),(30,19))),(6,(7,17))),(((24,1),(28,26)),(27,(((12,21),(3,22)),(((15,29),10),16)))))),2,(18,(25,(8,9))));

STEP 102 [2sECR_ClassicHeuristic_M3 -> NNI_Substep_15] - Distance: 967.0000
((((14,13),5),(((20,(((23,11),4),(30,19))),(6,(7,17))),(((24,1),(28,26)),(((12,21),(3,22)),(27,(((15,29),10),16)))))),2,(18,(25,(8,9))));

STEP 103 [2sECR_ClassicHeuristic_M3 -> NNI_Substep_16] - Distance: 941.0000
((((14,13),5),(((20,(((23,11),4),(30,19))),(6,(7,17))),(((24,1),(28,26)),(((12,21),(3,22)),(16,(27,((15,29),10))))))),2,(18,(25,(8,9))));

STEP 104 [2sECR_ClassicHeuristic_M3 -> NNI_Substep_17] - Distance: 914.0000
((((14,13),5),(((20,(((23,11),4),(30,19))),(6,(7,17))),(((24,1),(28,26)),(((12,21),(3,22)),(16,(10,(27,(15,29)))))))),2,(18,(25,(8,9))));

STEP 105 [2sECR_ClassicHeuristic_M3 -> NNI_Substep_18] - Distance: 886.0000
((((14,13),5),(((20,(((23,11),4),(30,19))),(6,(7,17))),(((24,1),(28,26)),(((12,21),(3,22)),(16,(10,(29,(27,15)))))))),2,(18,(25,(8,9))));

STEP 106 [2sECR_ClassicHeuristic_M3 -> NNI_Substep_19] - Distance: 884.0000
((((14,13),5),(((20,(((23,11),4),(30,19))),(7,(6,17))),(((24,1),(28,26)),(((12,21),(3,22)),(16,(10,(29,(27,15)))))))),2,(18,(25,(8,9))));

STEP 107 [2sECR_ClassicHeuristic_M3 -> NNI_Substep_20] - Distance: 870.0000
((((14,13),5),((7,((20,(((23,11),4),(30,19))),(6,17))),(((24,1),(28,26)),(((12,21),(3,22)),(16,(10,(29,(27,15)))))))),2,(18,(25,(8,9))));

STEP 108 [2sECR_ClassicHeuristic_M3 -> NNI_Substep_21] - Distance: 814.0000
((((14,13),5),(((20,(((23,11),4),(30,19))),(6,17)),(7,(((24,1),(28,26)),(((12,21),(3,22)),(16,(10,(29,(27,15))))))))),2,(18,(25,(8,9))));

STEP 109 [2sECR_ClassicHeuristic_M3 -> NNI_Substep_22] - Distance: 661.0000
((((14,13),5),(((20,(((23,11),4),(30,19))),(6,17)),((((12,21),(3,22)),(16,(10,(29,(27,15))))),(7,((24,1),(28,26)))))),2,(18,(25,(8,9))));

STEP 110 [2sECR_ClassicHeuristic_M3 -> NNI_Substep_23] - Distance: 609.0000
((((14,13),5),(((20,(((23,11),4),(30,19))),(6,17)),((((12,21),(3,22)),(16,(10,(29,(27,15))))),((24,1),(7,(28,26)))))),2,(18,(25,(8,9))));

STEP 111 [2sECR_ClassicHeuristic_M3 -> NNI_Substep_24] - Distance: 581.0000
((((14,13),5),(((20,(((23,11),4),(30,19))),(6,17)),((((12,21),(3,22)),(16,(10,(29,(27,15))))),((24,1),(28,(7,26)))))),2,(18,(25,(8,9))));

STEP 112 [2sECR_ClassicHeuristic_M3 -> NNI_Substep_25] - Distance: 576.0000
((((14,13),5),(((20,(19,(((23,11),4),30))),(6,17)),((((12,21),(3,22)),(16,(10,(29,(27,15))))),((24,1),(28,(7,26)))))),2,(18,(25,(8,9))));

STEP 113 [2sECR_ClassicHeuristic_M3 -> NNI_Substep_26] - Distance: 572.0000
((((14,13),5),(((19,(20,(((23,11),4),30))),(6,17)),((((12,21),(3,22)),(16,(10,(29,(27,15))))),((24,1),(28,(7,26)))))),2,(18,(25,(8,9))));

STEP 114 [2sECR_ClassicHeuristic_M3 -> NNI_Substep_27] - Distance: 562.0000
((((14,13),5),((19,((6,17),(20,(((23,11),4),30)))),((((12,21),(3,22)),(16,(10,(29,(27,15))))),((24,1),(28,(7,26)))))),2,(18,(25,(8,9))));

STEP 115 [2sECR_ClassicHeuristic_M3 -> NNI_Substep_28] - Distance: 464.0000
((((14,13),5),((((((12,21),(3,22)),(16,(10,(29,(27,15))))),((24,1),(28,(7,26)))),((6,17),(20,(((23,11),4),30)))),19)),2,(18,(25,(8,9))));

STEP 116 [2sECR_ClassicHeuristic_M3 -> NNI_Substep_29] - Distance: 359.0000
(((((((12,21),(3,22)),(16,(10,(29,(27,15))))),((24,1),(28,(7,26)))),((6,17),(20,(((23,11),4),30)))),(19,((14,13),5))),2,(18,(25,(8,9))));

STEP 117 [2sECR_ClassicHeuristic_M3 -> NNI_Substep_30] - Distance: 305.0000
(((((((12,21),(3,22)),(16,(10,(29,(27,15))))),((24,1),(28,(7,26)))),((6,17),(20,(((23,11),4),30)))),((14,13),(5,19))),2,(18,(25,(8,9))));

STEP 118 [2sECR_ClassicHeuristic_M3 -> NNI_Substep_31] - Distance: 302.0000
(((((((12,21),(3,22)),(16,(10,(29,(27,15))))),((24,1),(28,(7,26)))),((6,17),(20,(4,(30,(23,11)))))),((14,13),(5,19))),2,(18,(25,(8,9))));

STEP 119 [2sECR_ClassicHeuristic_M3 -> NNI_Substep_32] - Distance: 298.0000
(((((((12,21),(3,22)),(16,(10,(29,(27,15))))),((24,1),(28,(7,26)))),((6,17),(4,(20,(30,(23,11)))))),((14,13),(5,19))),2,(18,(25,(8,9))));

STEP 120 [2sECR_ClassicHeuristic_M3 -> NNI_Substep_33] - Distance: 288.0000
(((((((12,21),(3,22)),(16,(10,(29,(27,15))))),((24,1),(28,(7,26)))),(4,((6,17),(20,(30,(23,11)))))),((14,13),(5,19))),2,(18,(25,(8,9))));

STEP 121 [2sECR_ClassicHeuristic_M3 -> NNI_Substep_34] - Distance: 190.0000
(((4,(((((12,21),(3,22)),(16,(10,(29,(27,15))))),((24,1),(28,(7,26)))),((6,17),(20,(30,(23,11)))))),((14,13),(5,19))),2,(18,(25,(8,9))));

STEP 122 [2sECR_ClassicHeuristic_M3 -> NNI_Substep_35] - Distance: 106.0000
((4,(((14,13),(5,19)),(((((12,21),(3,22)),(16,(10,(29,(27,15))))),((24,1),(28,(7,26)))),((6,17),(20,(30,(23,11))))))),2,(18,(25,(8,9))));

STEP 123 [2sECR_ClassicHeuristic_M3 -> NNI_Substep_36] - Distance: 81.0000
((2,(((14,13),(5,19)),(((((12,21),(3,22)),(16,(10,(29,(27,15))))),((24,1),(28,(7,26)))),((6,17),(20,(30,(23,11))))))),4,(18,(25,(8,9))));

STEP 124 [2sECR_ClassicHeuristic_M3 -> NNI_Substep_37] - Distance: 55.0000
(((2,(((14,13),(5,19)),(((((12,21),(3,22)),(16,(10,(29,(27,15))))),((24,1),(28,(7,26)))),((6,17),(20,(30,(23,11))))))),18),4,(25,(8,9)));

STEP 125 [2sECR_ClassicHeuristic_M3 -> NNI_Substep_38] - Distance: 28.0000
((8,9),4,(25,((2,(((14,13),(5,19)),(((((12,21),(3,22)),(16,(10,(29,(27,15))))),((24,1),(28,(7,26)))),((6,17),(20,(30,(23,11))))))),18)));

STEP 126 [2sECR_ClassicHeuristic_M3 -> NNI_Substep_39] - Distance: 0.0000
(8,4,(9,(25,((2,(((14,13),(5,19)),(((((12,21),(3,22)),(16,(10,(29,(27,15))))),((24,1),(28,(7,26)))),((6,17),(20,(30,(23,11))))))),18))));

========================================================
[FINAL] Total Steps: 126 | Final Distance: 0.0000
========================================================
