========================================================
HEURISTIC TRAJECTORY: VND Incremental (MC)
========================================================
STEP 0 [START] - Distance: 150.0000
((((25,(((19,(16,23)),(26,9)),(24,12))),(17,(30,14))),(27,10)),(((20,3),((21,(8,((2,(15,5)),(1,6)))),(28,((4,22),(11,18))))),(13,(7,29))));

STEP 1 [NNI_IncrementalHeuristic_MC -> NNI_Substep_1] - Distance: 146.0000
((((((19,(16,23)),(26,9)),(25,(24,12))),(17,(30,14))),(27,10)),(((20,3),((21,(8,((2,(15,5)),(1,6)))),(28,((4,22),(11,18))))),(13,(7,29))));

STEP 2 [NNI_IncrementalHeuristic_MC -> NNI_Substep_2] - Distance: 142.0000
((((((19,(16,23)),(26,9)),(25,(24,12))),(17,(30,14))),(27,10)),(((20,3),((((2,(15,5)),(1,6)),(8,21)),(28,((4,22),(11,18))))),(13,(7,29))));

STEP 3 [NNI_IncrementalHeuristic_MC -> NNI_Substep_3] - Distance: 139.0000
((((((19,(16,23)),(26,9)),(25,(24,12))),(17,(30,14))),(27,10)),(((20,3),((((8,21),(1,6)),(2,(15,5))),(28,((4,22),(11,18))))),(13,(7,29))));

STEP 4 [NNI_IncrementalHeuristic_MC -> NNI_Substep_4] - Distance: 136.0000
(((((20,3),(13,(7,29))),((((8,21),(1,6)),(2,(15,5))),(28,((4,22),(11,18))))),(27,10)),((((19,(16,23)),(26,9)),(25,(24,12))),(17,(30,14))));

STEP 5 [NNI_IncrementalHeuristic_MC -> NNI_Substep_5] - Distance: 135.0000
(((((20,3),(13,(7,29))),((((8,21),(1,6)),(2,(15,5))),((4,22),(28,(11,18))))),(27,10)),((((19,(16,23)),(26,9)),(25,(24,12))),(17,(30,14))));

STEP 6 [Heur. rSPR MC -> NNI_Substep_1] - Distance: 135.0000
(((((20,3),(13,(7,29))),((((8,21),(1,6)),(2,(15,5))),((4,22),(28,(11,18))))),(27,10)),(((((19,16),23),(26,9)),(25,(24,12))),(17,(30,14))));

STEP 7 [Heur. rSPR MC -> NNI_Substep_2] - Distance: 136.0000
(((((20,3),(13,(7,29))),((((8,21),(1,6)),(2,(15,5))),((4,22),(28,(11,18))))),(27,10)),(((((19,16),(26,9)),23),(25,(24,12))),(17,(30,14))));

STEP 8 [Heur. rSPR MC -> NNI_Substep_3] - Distance: 136.0000
(((((20,3),(13,(7,29))),((((8,21),(1,6)),(2,(15,5))),((4,22),(28,(11,18))))),(27,10)),(((((19,16),(26,9)),(25,(24,12))),23),(17,(30,14))));

STEP 9 [Heur. rSPR MC -> NNI_Substep_4] - Distance: 136.0000
(((((20,3),(13,(7,29))),((((8,21),(1,6)),(2,(15,5))),((4,22),(28,(11,18))))),(27,10)),(((((19,16),(26,9)),(25,(24,12))),(17,(30,14))),23));

STEP 10 [Heur. rSPR MC -> NNI_Substep_5] - Distance: 134.0000
((((((20,3),(13,(7,29))),((((8,21),(1,6)),(2,(15,5))),((4,22),(28,(11,18))))),23),(27,10)),((((19,16),(26,9)),(25,(24,12))),(17,(30,14))));

STEP 11 [Heur. rSPR MC -> NNI_Substep_6] - Distance: 132.0000
(((((20,3),(13,(7,29))),(((((8,21),(1,6)),(2,(15,5))),((4,22),(28,(11,18)))),23)),(27,10)),((((19,16),(26,9)),(25,(24,12))),(17,(30,14))));

STEP 12 [Heur. rSPR MC -> NNI_Substep_7] - Distance: 132.0000
(((((20,3),(13,(7,29))),(((((8,21),(1,6)),(2,(15,5))),23),((4,22),(28,(11,18))))),(27,10)),((((19,16),(26,9)),(25,(24,12))),(17,(30,14))));

STEP 13 [Heur. rSPR MC -> NNI_Substep_8] - Distance: 128.0000
(((((20,3),(13,(7,29))),(((((8,21),(1,6)),23),(2,(15,5))),((4,22),(28,(11,18))))),(27,10)),((((19,16),(26,9)),(25,(24,12))),(17,(30,14))));

STEP 14 [Heur. rSPR MC -> NNI_Substep_9] - Distance: 125.0000
(((((20,3),(13,(7,29))),((((8,21),((1,6),23)),(2,(15,5))),((4,22),(28,(11,18))))),(27,10)),((((19,16),(26,9)),(25,(24,12))),(17,(30,14))));

STEP 15 [Heur. rSPR MC -> NNI_Substep_10] - Distance: 123.0000
(((((20,3),(13,(7,29))),((((8,21),((1,23),6)),(2,(15,5))),((4,22),(28,(11,18))))),(27,10)),((((19,16),(26,9)),(25,(24,12))),(17,(30,14))));

STEP 16 [Heur. rSPR MC -> NNI_Substep_11] - Distance: 123.0000
(((((20,3),(13,(7,29))),((((8,21),((1,23),6)),((2,5),15)),((4,22),(28,(11,18))))),(27,10)),((((19,16),(26,9)),(25,(24,12))),(17,(30,14))));

STEP 17 [Heur. rSPR MC -> NNI_Substep_12] - Distance: 127.0000
(((((20,3),(13,(7,29))),(((((8,21),((1,23),6)),(2,5)),15),((4,22),(28,(11,18))))),(27,10)),((((19,16),(26,9)),(25,(24,12))),(17,(30,14))));

STEP 18 [Heur. rSPR MC -> NNI_Substep_13] - Distance: 125.0000
(((((20,3),(13,(7,29))),(((((8,21),((1,23),6)),(2,5)),((4,22),(28,(11,18)))),15)),(27,10)),((((19,16),(26,9)),(25,(24,12))),(17,(30,14))));

STEP 19 [Heur. rSPR MC -> NNI_Substep_14] - Distance: 125.0000
((((((20,3),(13,(7,29))),((((8,21),((1,23),6)),(2,5)),((4,22),(28,(11,18))))),15),(27,10)),((((19,16),(26,9)),(25,(24,12))),(17,(30,14))));

STEP 20 [Heur. rSPR MC -> NNI_Substep_15] - Distance: 124.0000
((((((20,3),(13,(7,29))),((((8,21),((1,23),6)),(2,5)),((4,22),(28,(11,18))))),(27,10)),15),((((19,16),(26,9)),(25,(24,12))),(17,(30,14))));

STEP 21 [Heur. rSPR MC -> NNI_Substep_16] - Distance: 119.0000
(((((20,3),(13,(7,29))),((((8,21),((1,23),6)),(2,5)),((4,22),(28,(11,18))))),(27,10)),(((((19,16),(26,9)),(25,(24,12))),15),(17,(30,14))));

STEP 22 [Heur. rSPR MC -> NNI_Substep_17] - Distance: 117.0000
(((((20,3),(13,(7,29))),((((8,21),((1,23),6)),(2,5)),((4,22),(28,(11,18))))),(27,10)),(((((19,16),(26,9)),15),(25,(24,12))),(17,(30,14))));

STEP 23 [Heur. rSPR MC -> NNI_Substep_18] - Distance: 114.0000
(((((20,3),(13,(7,29))),((((8,21),((1,23),6)),(2,5)),((4,22),(28,(11,18))))),(27,10)),(((((19,16),15),(26,9)),(25,(24,12))),(17,(30,14))));

STEP 24 [Heur. rSPR MC -> NNI_Substep_19] - Distance: 114.0000
(((((20,3),(13,(7,29))),((((8,21),((1,23),6)),(2,5)),((4,22),(28,(11,18))))),(27,10)),(((((16,15),19),(26,9)),(25,(24,12))),(17,(30,14))));

STEP 25 [Heur. rSPR MC -> NNI_Substep_20] - Distance: 115.0000
(((((20,3),(13,(7,29))),((((8,21),((1,23),6)),(2,5)),((4,22),(28,(11,18))))),(27,10)),(((((16,15),(26,9)),19),(25,(24,12))),(17,(30,14))));

STEP 26 [Heur. rSPR MC -> NNI_Substep_21] - Distance: 115.0000
(((((20,3),(13,(7,29))),((((8,21),((1,23),6)),(2,5)),((4,22),(28,(11,18))))),(27,10)),(((((16,15),(26,9)),(25,(24,12))),19),(17,(30,14))));

STEP 27 [Heur. rSPR MC -> NNI_Substep_22] - Distance: 117.0000
(((((20,3),(13,(7,29))),((((8,21),((1,23),6)),(2,5)),((4,22),(28,(11,18))))),(27,10)),(((((16,15),(26,9)),(25,(24,12))),(17,(30,14))),19));

STEP 28 [Heur. rSPR MC -> NNI_Substep_23] - Distance: 113.0000
((((((20,3),(13,(7,29))),((((8,21),((1,23),6)),(2,5)),((4,22),(28,(11,18))))),19),(27,10)),((((16,15),(26,9)),(25,(24,12))),(17,(30,14))));

STEP 29 [Heur. rSPR MC -> NNI_Substep_24] - Distance: 111.0000
(((((20,3),(13,(7,29))),(((((8,21),((1,23),6)),(2,5)),((4,22),(28,(11,18)))),19)),(27,10)),((((16,15),(26,9)),(25,(24,12))),(17,(30,14))));

STEP 30 [Heur. rSPR MC -> NNI_Substep_25] - Distance: 111.0000
(((((20,3),(13,(7,29))),(((((8,21),((1,23),6)),(2,5)),19),((4,22),(28,(11,18))))),(27,10)),((((16,15),(26,9)),(25,(24,12))),(17,(30,14))));

STEP 31 [Heur. rSPR MC -> NNI_Substep_26] - Distance: 105.0000
(((((20,3),(13,(7,29))),((((8,21),((1,23),6)),((2,5),19)),((4,22),(28,(11,18))))),(27,10)),((((16,15),(26,9)),(25,(24,12))),(17,(30,14))));

STEP 32 [Heur. rSPR MC -> NNI_Substep_27] - Distance: 107.0000
(((((3,(13,(7,29))),20),((((8,21),((1,23),6)),((2,5),19)),((4,22),(28,(11,18))))),(27,10)),((((16,15),(26,9)),(25,(24,12))),(17,(30,14))));

STEP 33 [Heur. rSPR MC -> NNI_Substep_28] - Distance: 109.0000
(((((3,(13,(7,29))),((((8,21),((1,23),6)),((2,5),19)),((4,22),(28,(11,18))))),20),(27,10)),((((16,15),(26,9)),(25,(24,12))),(17,(30,14))));

STEP 34 [Heur. rSPR MC -> NNI_Substep_29] - Distance: 106.0000
((((3,(13,(7,29))),(((((8,21),((1,23),6)),((2,5),19)),((4,22),(28,(11,18)))),20)),(27,10)),((((16,15),(26,9)),(25,(24,12))),(17,(30,14))));

STEP 35 [Heur. rSPR MC -> NNI_Substep_30] - Distance: 106.0000
((((3,(13,(7,29))),(((((8,21),((1,23),6)),((2,5),19)),20),((4,22),(28,(11,18))))),(27,10)),((((16,15),(26,9)),(25,(24,12))),(17,(30,14))));

STEP 36 [Heur. rSPR MC -> NNI_Substep_31] - Distance: 104.0000
((((3,(13,(7,29))),(((((8,21),((1,23),6)),20),((2,5),19)),((4,22),(28,(11,18))))),(27,10)),((((16,15),(26,9)),(25,(24,12))),(17,(30,14))));

STEP 37 [Heur. rSPR MC -> NNI_Substep_32] - Distance: 101.0000
((((3,(13,(7,29))),((((8,21),(((1,23),6),20)),((2,5),19)),((4,22),(28,(11,18))))),(27,10)),((((16,15),(26,9)),(25,(24,12))),(17,(30,14))));

STEP 38 [Heur. rSPR MC -> NNI_Substep_33] - Distance: 99.0000
((((3,(13,(7,29))),((((8,21),(((1,23),20),6)),((2,5),19)),((4,22),(28,(11,18))))),(27,10)),((((16,15),(26,9)),(25,(24,12))),(17,(30,14))));

STEP 39 [Heur. rSPR MC -> NNI_Substep_34] - Distance: 97.0000
((((3,(13,(7,29))),((((8,21),(((1,20),23),6)),((2,5),19)),((4,22),(28,(11,18))))),(27,10)),((((16,15),(26,9)),(25,(24,12))),(17,(30,14))));

STEP 40 [Heur. rSPR MC -> NNI_Substep_35] - Distance: 96.0000
(((((13,(7,29)),((((8,21),(((1,20),23),6)),((2,5),19)),((4,22),(28,(11,18))))),3),(27,10)),((((16,15),(26,9)),(25,(24,12))),(17,(30,14))));

STEP 41 [Heur. rSPR MC -> NNI_Substep_36] - Distance: 95.0000
(((((13,(7,29)),((((8,21),(((1,20),23),6)),((2,5),19)),((4,22),(28,(11,18))))),(27,10)),3),((((16,15),(26,9)),(25,(24,12))),(17,(30,14))));

STEP 42 [Heur. rSPR MC -> NNI_Substep_37] - Distance: 96.0000
((((13,(7,29)),((((8,21),(((1,20),23),6)),((2,5),19)),((4,22),(28,(11,18))))),(27,10)),(((((16,15),(26,9)),(25,(24,12))),3),(17,(30,14))));

STEP 43 [Heur. rSPR MC -> NNI_Substep_38] - Distance: 92.0000
((((13,(7,29)),((((8,21),(((1,20),23),6)),((2,5),19)),((4,22),(28,(11,18))))),(27,10)),(((((16,15),(26,9)),3),(25,(24,12))),(17,(30,14))));

STEP 44 [Heur. rSPR MC -> NNI_Substep_39] - Distance: 89.0000
((((13,(7,29)),((((8,21),(((1,20),23),6)),((2,5),19)),((4,22),(28,(11,18))))),(27,10)),((((16,15),((26,9),3)),(25,(24,12))),(17,(30,14))));

STEP 45 [Heur. rSPR MC -> NNI_Substep_40] - Distance: 90.0000
((((13,(7,29)),((((21,(((1,20),23),6)),8),((2,5),19)),((4,22),(28,(11,18))))),(27,10)),((((16,15),((26,9),3)),(25,(24,12))),(17,(30,14))));

STEP 46 [Heur. rSPR MC -> NNI_Substep_41] - Distance: 90.0000
((((13,(7,29)),((((21,(((1,20),23),6)),((2,5),19)),8),((4,22),(28,(11,18))))),(27,10)),((((16,15),((26,9),3)),(25,(24,12))),(17,(30,14))));

STEP 47 [Heur. rSPR MC -> NNI_Substep_42] - Distance: 88.0000
((((13,(7,29)),((((21,(((1,20),23),6)),((2,5),19)),((4,22),(28,(11,18)))),8)),(27,10)),((((16,15),((26,9),3)),(25,(24,12))),(17,(30,14))));

STEP 48 [Heur. rSPR MC -> NNI_Substep_43] - Distance: 88.0000
(((((13,(7,29)),(((21,(((1,20),23),6)),((2,5),19)),((4,22),(28,(11,18))))),8),(27,10)),((((16,15),((26,9),3)),(25,(24,12))),(17,(30,14))));

STEP 49 [Heur. rSPR MC -> NNI_Substep_44] - Distance: 87.0000
(((((13,(7,29)),(((21,(((1,20),23),6)),((2,5),19)),((4,22),(28,(11,18))))),(27,10)),8),((((16,15),((26,9),3)),(25,(24,12))),(17,(30,14))));

STEP 50 [Heur. rSPR MC -> NNI_Substep_45] - Distance: 90.0000
((((13,(7,29)),(((21,(((1,20),23),6)),((2,5),19)),((4,22),(28,(11,18))))),(27,10)),(((((16,15),((26,9),3)),(25,(24,12))),8),(17,(30,14))));

STEP 51 [Heur. rSPR MC -> NNI_Substep_46] - Distance: 84.0000
((((13,(7,29)),(((21,(((1,20),23),6)),((2,5),19)),((4,22),(28,(11,18))))),(27,10)),((((16,15),((26,9),3)),((25,(24,12)),8)),(17,(30,14))));

STEP 52 [Heur. rSPR MC -> NNI_Substep_47] - Distance: 81.0000
((((13,(7,29)),(((21,(((1,20),23),6)),((2,5),19)),((4,22),(28,(11,18))))),(27,10)),((((16,15),((26,9),3)),((25,8),(24,12))),(17,(30,14))));

STEP 53 [Heur. rSPR MC -> NNI_Substep_48] - Distance: 82.0000
(((((13,(7,29)),(((21,(((1,20),23),6)),((2,5),19)),((4,22),(28,(11,18))))),10),27),((((16,15),((26,9),3)),((25,8),(24,12))),(17,(30,14))));

STEP 54 [Heur. rSPR MC -> NNI_Substep_49] - Distance: 85.0000
((((13,(7,29)),(((21,(((1,20),23),6)),((2,5),19)),((4,22),(28,(11,18))))),10),(((((16,15),((26,9),3)),((25,8),(24,12))),27),(17,(30,14))));

STEP 55 [Heur. rSPR MC -> NNI_Substep_50] - Distance: 80.0000
((((13,(7,29)),(((21,(((1,20),23),6)),((2,5),19)),((4,22),(28,(11,18))))),10),(((((16,15),((26,9),3)),27),((25,8),(24,12))),(17,(30,14))));

STEP 56 [Heur. rSPR MC -> NNI_Substep_51] - Distance: 77.0000
((((13,(7,29)),(((21,(((1,20),23),6)),((2,5),19)),((4,22),(28,(11,18))))),10),((((16,15),(((26,9),3),27)),((25,8),(24,12))),(17,(30,14))));

STEP 57 [Heur. rSPR MC -> NNI_Substep_52] - Distance: 74.0000
((((13,(7,29)),(((21,(((1,20),23),6)),((2,5),19)),((4,22),(28,(11,18))))),10),((((16,15),((26,9),(3,27))),((25,8),(24,12))),(17,(30,14))));

STEP 58 [Heur. rSPR MC -> NNI_Substep_53] - Distance: 69.0000
((((13,(7,29)),((((21,(((1,20),23),6)),((2,5),19)),(4,22)),(28,(11,18)))),10),((((16,15),((26,9),(3,27))),((25,8),(24,12))),(17,(30,14))));

STEP 59 [Heur. rSPR MC -> NNI_Substep_54] - Distance: 69.0000
(((((13,(7,29)),(((21,(((1,20),23),6)),((2,5),19)),(4,22))),(28,(11,18))),10),((((16,15),((26,9),(3,27))),((25,8),(24,12))),(17,(30,14))));

STEP 60 [Heur. rSPR MC -> NNI_Substep_55] - Distance: 67.0000
(((((13,(7,29)),(((21,(((1,20),23),6)),((2,5),19)),(4,22))),10),(28,(11,18))),((((16,15),((26,9),(3,27))),((25,8),(24,12))),(17,(30,14))));

STEP 61 [Heur. rSPR MC -> NNI_Substep_56] - Distance: 68.0000
(((((13,(7,29)),(((21,(((1,20),23),6)),((2,5),19)),(4,22))),10),(28,(11,18))),((((16,15),((26,9),(3,27))),((8,(24,12)),25)),(17,(30,14))));

STEP 62 [Heur. rSPR MC -> NNI_Substep_57] - Distance: 73.0000
(((((13,(7,29)),(((21,(((1,20),23),6)),((2,5),19)),(4,22))),10),(28,(11,18))),(((((16,15),((26,9),(3,27))),(8,(24,12))),25),(17,(30,14))));

STEP 63 [Heur. rSPR MC -> NNI_Substep_58] - Distance: 73.0000
(((((13,(7,29)),(((21,(((1,20),23),6)),((2,5),19)),(4,22))),10),(28,(11,18))),(((((16,15),((26,9),(3,27))),(8,(24,12))),(17,(30,14))),25));

STEP 64 [Heur. rSPR MC -> NNI_Substep_59] - Distance: 66.0000
((((((13,(7,29)),(((21,(((1,20),23),6)),((2,5),19)),(4,22))),10),25),(28,(11,18))),((((16,15),((26,9),(3,27))),(8,(24,12))),(17,(30,14))));

STEP 65 [Heur. rSPR MC -> NNI_Substep_60] - Distance: 66.0000
((((((13,(7,29)),(((21,(((1,20),23),6)),((2,5),19)),(4,22))),25),10),(28,(11,18))),((((16,15),((26,9),(3,27))),(8,(24,12))),(17,(30,14))));

STEP 66 [Heur. rSPR MC -> NNI_Substep_61] - Distance: 62.0000
(((((13,(7,29)),((((21,(((1,20),23),6)),((2,5),19)),(4,22)),25)),10),(28,(11,18))),((((16,15),((26,9),(3,27))),(8,(24,12))),(17,(30,14))));

STEP 67 [Heur. rSPR MC -> NNI_Substep_62] - Distance: 63.0000
(((((13,(7,29)),((((21,(((1,20),23),6)),((2,5),19)),25),(4,22))),10),(28,(11,18))),((((16,15),((26,9),(3,27))),(8,(24,12))),(17,(30,14))));

STEP 68 [Heur. rSPR MC -> NNI_Substep_63] - Distance: 61.0000
(((((13,(7,29)),(((21,(((1,20),23),6)),(((2,5),19),25)),(4,22))),10),(28,(11,18))),((((16,15),((26,9),(3,27))),(8,(24,12))),(17,(30,14))));

STEP 69 [Heur. rSPR MC -> NNI_Substep_64] - Distance: 59.0000
(((((13,(7,29)),(((21,(((1,20),23),6)),(((2,5),25),19)),(4,22))),10),(28,(11,18))),((((16,15),((26,9),(3,27))),(8,(24,12))),(17,(30,14))));

STEP 70 [Heur. rSPR MC -> NNI_Substep_65] - Distance: 59.0000
(((((13,(7,29)),(((21,(((1,20),23),6)),(((2,25),5),19)),(4,22))),10),(28,(11,18))),((((16,15),((26,9),(3,27))),(8,(24,12))),(17,(30,14))));

STEP 71 [Heur. rSPR MC -> NNI_Substep_66] - Distance: 59.0000
(((((13,(7,29)),(((21,(((1,20),23),6)),(((2,25),19),5)),(4,22))),10),(28,(11,18))),((((16,15),((26,9),(3,27))),(8,(24,12))),(17,(30,14))));

STEP 72 [Heur. rSPR MC -> NNI_Substep_67] - Distance: 59.0000
(((((13,(7,29)),((((21,(((1,20),23),6)),((2,25),19)),5),(4,22))),10),(28,(11,18))),((((16,15),((26,9),(3,27))),(8,(24,12))),(17,(30,14))));

STEP 73 [Heur. rSPR MC -> NNI_Substep_68] - Distance: 56.0000
(((((13,(7,29)),((((21,(((1,20),23),6)),((2,25),19)),(4,22)),5)),10),(28,(11,18))),((((16,15),((26,9),(3,27))),(8,(24,12))),(17,(30,14))));

STEP 74 [Heur. rSPR MC -> NNI_Substep_69] - Distance: 58.0000
((((((13,(7,29)),(((21,(((1,20),23),6)),((2,25),19)),(4,22))),5),10),(28,(11,18))),((((16,15),((26,9),(3,27))),(8,(24,12))),(17,(30,14))));

STEP 75 [Heur. rSPR MC -> NNI_Substep_70] - Distance: 56.0000
((((((13,(7,29)),(((21,(((1,20),23),6)),((2,25),19)),(4,22))),10),5),(28,(11,18))),((((16,15),((26,9),(3,27))),(8,(24,12))),(17,(30,14))));

STEP 76 [Heur. rSPR MC -> NNI_Substep_71] - Distance: 56.0000
((((((13,(7,29)),(((21,(((1,20),23),6)),((2,25),19)),(4,22))),10),(28,(11,18))),5),((((16,15),((26,9),(3,27))),(8,(24,12))),(17,(30,14))));

STEP 77 [Heur. rSPR MC -> NNI_Substep_72] - Distance: 53.0000
(((((13,(7,29)),(((21,(((1,20),23),6)),((2,25),19)),(4,22))),10),((28,(11,18)),5)),((((16,15),((26,9),(3,27))),(8,(24,12))),(17,(30,14))));

STEP 78 [Heur. rSPR MC -> NNI_Substep_73] - Distance: 51.0000
(((((13,(7,29)),(((21,(((1,20),23),6)),((2,25),19)),(4,22))),10),(28,((11,18),5))),((((16,15),((26,9),(3,27))),(8,(24,12))),(17,(30,14))));

STEP 79 [Heur. rSPR MC -> NNI_Substep_74] - Distance: 59.0000
(((((13,(7,29)),(((21,(((1,20),23),6)),((2,25),19)),(4,22))),10),(28,((11,18),5))),(((((16,15),((26,9),(3,27))),(8,(24,12))),(30,14)),17));

STEP 80 [Heur. rSPR MC -> NNI_Substep_75] - Distance: 56.0000
(((((13,(7,29)),(((21,(((1,20),23),6)),((2,25),19)),(4,22))),10),(28,((11,18),5))),(((((16,15),((26,9),(3,27))),(8,(24,12))),17),(30,14)));

STEP 81 [Heur. rSPR MC -> NNI_Substep_76] - Distance: 49.0000
(((((13,(7,29)),(((21,(((1,20),23),6)),((2,25),19)),(4,22))),10),(28,((11,18),5))),((((16,15),((26,9),(3,27))),((8,(24,12)),17)),(30,14)));

STEP 82 [Heur. rSPR MC -> NNI_Substep_77] - Distance: 46.0000
(((((13,(7,29)),(((21,(((1,20),23),6)),((2,25),19)),(4,22))),10),(28,((11,18),5))),((((16,15),((26,9),(3,27))),((8,17),(24,12))),(30,14)));

STEP 83 [Heur. rSPR MC -> NNI_Substep_78] - Distance: 47.0000
(((((13,(7,29)),((((21,(((1,20),23),6)),((2,25),19)),22),4)),10),(28,((11,18),5))),((((16,15),((26,9),(3,27))),((8,17),(24,12))),(30,14)));

STEP 84 [Heur. rSPR MC -> NNI_Substep_79] - Distance: 47.0000
(((((13,(7,29)),((((21,(((1,20),23),6)),((2,25),19)),4),22)),10),(28,((11,18),5))),((((16,15),((26,9),(3,27))),((8,17),(24,12))),(30,14)));

STEP 85 [Heur. rSPR MC -> NNI_Substep_80] - Distance: 43.0000
(((((13,(7,29)),((((21,(((1,20),23),6)),4),((2,25),19)),22)),10),(28,((11,18),5))),((((16,15),((26,9),(3,27))),((8,17),(24,12))),(30,14)));

STEP 86 [Heur. rSPR MC -> NNI_Substep_81] - Distance: 43.0000
(((((13,(7,29)),(((21,((((1,20),23),6),4)),((2,25),19)),22)),10),(28,((11,18),5))),((((16,15),((26,9),(3,27))),((8,17),(24,12))),(30,14)));

STEP 87 [Heur. rSPR MC -> NNI_Substep_82] - Distance: 41.0000
(((((13,(7,29)),(((21,((((1,20),23),4),6)),((2,25),19)),22)),10),(28,((11,18),5))),((((16,15),((26,9),(3,27))),((8,17),(24,12))),(30,14)));

STEP 88 [Heur. rSPR MC -> NNI_Substep_83] - Distance: 41.0000
(((((13,(7,29)),(((21,((((1,20),23),4),6)),((2,25),19)),22)),10),(28,((18,5),11))),((((16,15),((26,9),(3,27))),((8,17),(24,12))),(30,14)));

STEP 89 [Heur. rSPR MC -> NNI_Substep_84] - Distance: 41.0000
(((((13,(7,29)),(((21,((((1,20),23),4),6)),((2,25),19)),22)),10),((28,(18,5)),11)),((((16,15),((26,9),(3,27))),((8,17),(24,12))),(30,14)));

STEP 90 [Heur. rSPR MC -> NNI_Substep_85] - Distance: 50.0000
((((((13,(7,29)),(((21,((((1,20),23),4),6)),((2,25),19)),22)),10),(28,(18,5))),11),((((16,15),((26,9),(3,27))),((8,17),(24,12))),(30,14)));

STEP 91 [Heur. rSPR MC -> NNI_Substep_86] - Distance: 46.0000
((((((13,(7,29)),(((21,((((1,20),23),4),6)),((2,25),19)),22)),10),11),(28,(18,5))),((((16,15),((26,9),(3,27))),((8,17),(24,12))),(30,14)));

STEP 92 [Heur. rSPR MC -> NNI_Substep_87] - Distance: 36.0000
(((((13,(7,29)),(((21,((((1,20),23),4),6)),((2,25),19)),22)),(10,11)),(28,(18,5))),((((16,15),((26,9),(3,27))),((8,17),(24,12))),(30,14)));

STEP 93 [Heur. rSPR MC -> NNI_Substep_88] - Distance: 33.0000
((((13,(7,29)),((((21,((((1,20),23),4),6)),((2,25),19)),22),(10,11))),(28,(18,5))),((((16,15),((26,9),(3,27))),((8,17),(24,12))),(30,14)));

STEP 94 [Heur. rSPR MC -> NNI_Substep_89] - Distance: 32.0000
((((13,(7,29)),((((21,((((1,20),23),4),6)),((2,25),19)),(10,11)),22)),(28,(18,5))),((((16,15),((26,9),(3,27))),((8,17),(24,12))),(30,14)));

STEP 95 [Heur. rSPR MC -> NNI_Substep_90] - Distance: 32.0000
(((((13,7),29),((((21,((((1,20),23),4),6)),((2,25),19)),(10,11)),22)),(28,(18,5))),((((16,15),((26,9),(3,27))),((8,17),(24,12))),(30,14)));

STEP 96 [Heur. rSPR MC -> NNI_Substep_91] - Distance: 39.0000
(((((13,7),((((21,((((1,20),23),4),6)),((2,25),19)),(10,11)),22)),29),(28,(18,5))),((((16,15),((26,9),(3,27))),((8,17),(24,12))),(30,14)));

STEP 97 [Heur. rSPR MC -> NNI_Substep_92] - Distance: 41.0000
(((((13,7),((((21,((((1,20),23),4),6)),((2,25),19)),(10,11)),22)),(28,(18,5))),29),((((16,15),((26,9),(3,27))),((8,17),(24,12))),(30,14)));

STEP 98 [Heur. rSPR MC -> NNI_Substep_93] - Distance: 30.0000
((((13,7),((((21,((((1,20),23),4),6)),((2,25),19)),(10,11)),22)),((28,(18,5)),29)),((((16,15),((26,9),(3,27))),((8,17),(24,12))),(30,14)));

STEP 99 [Heur. rSPR MC -> NNI_Substep_94] - Distance: 29.0000
((((13,7),((((21,((((1,20),23),4),6)),((2,25),19)),(10,11)),22)),((28,29),(18,5))),((((16,15),((26,9),(3,27))),((8,17),(24,12))),(30,14)));

STEP 100 [Heur. rSPR MC -> NNI_Substep_95] - Distance: 39.0000
(((((13,7),((((21,((((1,20),23),4),6)),((2,25),19)),(10,11)),22)),(18,5)),(28,29)),((((16,15),((26,9),(3,27))),((8,17),(24,12))),(30,14)));

STEP 101 [Heur. rSPR MC -> NNI_Substep_96] - Distance: 25.0000
((((13,7),((((21,((((1,20),23),4),6)),((2,25),19)),(10,11)),22)),(18,5)),((((16,15),((26,9),(3,27))),((8,17),(24,12))),((30,14),(28,29))));

STEP 102 [Heur. rSPR MC -> NNI_Substep_97] - Distance: 33.0000
((((13,7),((((21,((((1,20),23),4),6)),((2,25),19)),(10,11)),22)),(18,5)),(((((16,15),((26,9),(3,27))),((8,17),(24,12))),(28,29)),(30,14)));

STEP 103 [Heur. rSPR MC -> NNI_Substep_98] - Distance: 17.0000
((((13,7),((((21,((((1,20),23),4),6)),((2,25),19)),(10,11)),22)),((18,5),(30,14))),((((16,15),((26,9),(3,27))),((8,17),(24,12))),(28,29)));

STEP 104 [Heur. rSPR MC -> NNI_Substep_99] - Distance: 18.0000
((((13,7),((((21,((((1,20),23),4),6)),((2,25),19)),(10,11)),22)),((18,5),(30,14))),((((16,15),((26,(3,27)),9)),((8,17),(24,12))),(28,29)));

STEP 105 [Heur. rSPR MC -> NNI_Substep_100] - Distance: 19.0000
((((13,7),((((21,((((1,20),23),4),6)),((2,25),19)),(10,11)),22)),((18,5),(30,14))),(((((16,15),(26,(3,27))),9),((8,17),(24,12))),(28,29)));

STEP 106 [Heur. rSPR MC -> NNI_Substep_101] - Distance: 22.0000
((((13,7),((((21,((((1,20),23),4),6)),((2,25),19)),(10,11)),22)),((18,5),(30,14))),(((((16,15),(26,(3,27))),((8,17),(24,12))),9),(28,29)));

STEP 107 [Heur. rSPR MC -> NNI_Substep_102] - Distance: 23.0000
((((13,7),((((21,((((1,20),23),4),6)),((2,25),19)),(10,11)),22)),((18,5),(30,14))),(((((16,15),(26,(3,27))),((8,17),(24,12))),(28,29)),9));

STEP 108 [Heur. rSPR MC -> NNI_Substep_103] - Distance: 13.0000
((((13,7),((((21,((((1,20),23),4),6)),((2,25),19)),(10,11)),22)),((18,5),(30,14))),((((16,15),(26,(3,27))),((8,17),(24,12))),((28,29),9)));

STEP 109 [Heur. rSPR MC -> NNI_Substep_104] - Distance: 11.0000
((((13,7),((((21,((((1,20),23),4),6)),((2,25),19)),(10,11)),22)),((18,5),(30,14))),((((16,15),(26,(3,27))),((8,17),(24,12))),((28,9),29)));

STEP 110 [Heur. rSPR MC -> NNI_Substep_105] - Distance: 9.0000
((((13,7),(((((21,(((1,20),23),4)),6),((2,25),19)),(10,11)),22)),((18,5),(30,14))),((((16,15),(26,(3,27))),((8,17),(24,12))),((28,9),29)));

STEP 111 [Heur. rSPR MC -> NNI_Substep_106] - Distance: 18.0000
((((13,(((((21,(((1,20),23),4)),6),((2,25),19)),(10,11)),22)),7),((18,5),(30,14))),((((16,15),(26,(3,27))),((8,17),(24,12))),((28,9),29)));

STEP 112 [Heur. rSPR MC -> NNI_Substep_107] - Distance: 16.0000
(((13,((((((21,(((1,20),23),4)),6),((2,25),19)),(10,11)),22),7)),((18,5),(30,14))),((((16,15),(26,(3,27))),((8,17),(24,12))),((28,9),29)));

STEP 113 [Heur. rSPR MC -> NNI_Substep_108] - Distance: 8.0000
(((13,(((((21,(((1,20),23),4)),6),((2,25),19)),(10,11)),(22,7))),((18,5),(30,14))),((((16,15),(26,(3,27))),((8,17),(24,12))),((28,9),29)));

STEP 114 [Heur. rSPR MC -> NNI_Substep_109] - Distance: 16.0000
(((13,((((((21,(((1,20),23),4)),6),((2,25),19)),(10,11)),7),22)),((18,5),(30,14))),((((16,15),(26,(3,27))),((8,17),(24,12))),((28,9),29)));

STEP 115 [Heur. rSPR MC -> NNI_Substep_110] - Distance: 16.0000
(((13,((((((21,(((1,20),23),4)),6),((2,25),19)),(10,11)),22),7)),((18,5),(30,14))),((((16,15),(26,(3,27))),((8,17),(24,12))),((28,9),29)));

STEP 116 [Heur. rSPR MC -> NNI_Substep_111] - Distance: 13.0000
(((13,((((((21,(((1,20),23),4)),6),((2,25),19)),22),(10,11)),7)),((18,5),(30,14))),((((16,15),(26,(3,27))),((8,17),(24,12))),((28,9),29)));

STEP 117 [Heur. rSPR MC -> NNI_Substep_112] - Distance: 9.0000
(((13,((((((21,(((1,20),23),4)),6),22),((2,25),19)),(10,11)),7)),((18,5),(30,14))),((((16,15),(26,(3,27))),((8,17),(24,12))),((28,9),29)));

STEP 118 [Heur. rSPR MC -> NNI_Substep_113] - Distance: 5.0000
(((13,(((((21,(((1,20),23),4)),(6,22)),((2,25),19)),(10,11)),7)),((18,5),(30,14))),((((16,15),(26,(3,27))),((8,17),(24,12))),((28,9),29)));

STEP 119 [Heur. rSPR MC -> NNI_Substep_114] - Distance: 9.0000
(((13,((((((21,(((1,20),23),4)),22),6),((2,25),19)),(10,11)),7)),((18,5),(30,14))),((((16,15),(26,(3,27))),((8,17),(24,12))),((28,9),29)));

STEP 120 [Heur. rSPR MC -> NNI_Substep_115] - Distance: 11.0000
(((13,((((((21,(((1,20),23),4)),22),((2,25),19)),6),(10,11)),7)),((18,5),(30,14))),((((16,15),(26,(3,27))),((8,17),(24,12))),((28,9),29)));

STEP 121 [Heur. rSPR MC -> NNI_Substep_116] - Distance: 12.0000
(((13,((((((21,(((1,20),23),4)),22),((2,25),19)),(10,11)),6),7)),((18,5),(30,14))),((((16,15),(26,(3,27))),((8,17),(24,12))),((28,9),29)));

STEP 122 [Heur. rSPR MC -> NNI_Substep_117] - Distance: 12.0000
(((13,((((((21,(((1,20),23),4)),22),((2,25),19)),(10,11)),7),6)),((18,5),(30,14))),((((16,15),(26,(3,27))),((8,17),(24,12))),((28,9),29)));

STEP 123 [Heur. rSPR MC -> NNI_Substep_118] - Distance: 0.0000
(((13,(((((21,(((1,20),23),4)),22),((2,25),19)),(10,11)),(7,6))),((18,5),(30,14))),((((16,15),(26,(3,27))),((8,17),(24,12))),((28,9),29)));

========================================================
[FINAL] Total Steps: 123 | Final Distance: 0.0000
========================================================
