========================================================
HEURISTIC TRAJECTORY: VND Incremental (MC_RF)
========================================================
STEP 0 [START] - Distance: 144.0000
((((11,(20,24)),(12,(21,8))),(((((18,(10,28)),(17,16)),(3,(5,4))),(15,7)),((29,(9,(6,(27,23)))),(19,1)))),(26,(22,(30,((25,14),(2,13))))));

STEP 1 [NNI_IncrementalHeuristic_MC_RF -> NNI_Substep_1] - Distance: 133.0000
((26,(((11,(20,24)),(12,(21,8))),(22,(30,((25,14),(2,13)))))),(((((18,(10,28)),(17,16)),(3,(5,4))),(15,7)),((29,(9,(6,(27,23)))),(19,1))));

STEP 2 [NNI_IncrementalHeuristic_MC_RF -> NNI_Substep_2] - Distance: 131.0000
((26,(((20,(11,24)),(12,(21,8))),(22,(30,((25,14),(2,13)))))),(((((18,(10,28)),(17,16)),(3,(5,4))),(15,7)),((29,(9,(6,(27,23)))),(19,1))));

STEP 3 [NNI_IncrementalHeuristic_MC_RF -> NNI_Substep_3] - Distance: 129.0000
((26,(((20,(11,24)),(12,(21,8))),(22,(30,((25,14),(2,13)))))),(((((18,(10,28)),(17,16)),(3,(5,4))),(15,7)),(((6,(27,23)),(9,29)),(19,1))));

STEP 4 [NNI_IncrementalHeuristic_MC_RF -> NNI_Substep_4] - Distance: 128.0000
((26,(((22,(30,((25,14),(2,13)))),(12,(21,8))),(20,(11,24)))),(((((18,(10,28)),(17,16)),(3,(5,4))),(15,7)),(((6,(27,23)),(9,29)),(19,1))));

STEP 5 [NNI_IncrementalHeuristic_MC_RF -> NNI_Substep_5] - Distance: 126.0000
((26,((((12,(21,8)),(30,((25,14),(2,13)))),22),(20,(11,24)))),(((((18,(10,28)),(17,16)),(3,(5,4))),(15,7)),(((6,(27,23)),(9,29)),(19,1))));

STEP 6 [NNI_IncrementalHeuristic_MC_RF -> NNI_Substep_6] - Distance: 125.0000
((26,(((((25,14),(2,13)),(30,(12,(21,8)))),22),(20,(11,24)))),(((((18,(10,28)),(17,16)),(3,(5,4))),(15,7)),(((6,(27,23)),(9,29)),(19,1))));

STEP 7 [NNI_IncrementalHeuristic_MC_RF -> NNI_Substep_7] - Distance: 121.0000
((((15,7),(3,(5,4))),((18,(10,28)),(17,16))),((26,(((((25,14),(2,13)),(30,(12,(21,8)))),22),(20,(11,24)))),(((6,(27,23)),(9,29)),(19,1))));

STEP 8 [NNI_IncrementalHeuristic_MC_RF -> NNI_Substep_8] - Distance: 119.0000
((((15,7),(3,(5,4))),((18,(10,28)),(17,16))),((26,(((((25,14),(2,13)),(30,(12,(21,8)))),22),(20,(11,24)))),(((6,(9,29)),(27,23)),(19,1))));

STEP 9 [NNI_IncrementalHeuristic_MC_RF -> NNI_Substep_9] - Distance: 118.0000
((((15,7),(3,(5,4))),((18,(10,28)),(17,16))),((26,(((((25,14),(2,13)),((21,8),(12,30))),22),(20,(11,24)))),(((6,(9,29)),(27,23)),(19,1))));

STEP 10 [NNI_IncrementalHeuristic_MC_RF -> NNI_Substep_10] - Distance: 117.0000
((((15,7),(3,(5,4))),((18,(10,28)),(17,16))),((26,(((((25,14),(2,13)),(((12,30),8),21)),22),(20,(11,24)))),(((6,(9,29)),(27,23)),(19,1))));

STEP 11 [NNI_IncrementalHeuristic_MC_RF -> NNI_Substep_11] - Distance: 116.0000
((((15,7),(3,(5,4))),((18,(10,28)),(17,16))),((26,(((((25,14),(2,13)),(((12,30),8),21)),22),(20,(11,24)))),(((19,1),(27,23)),(6,(9,29)))));

STEP 12 [2sECR_IncrementalHeuristic_MC_RF -> NNI_Substep_1] - Distance: 118.0000
((((15,7),(3,(5,4))),((18,(10,28)),(17,16))),(26,((((((25,14),(2,13)),(((12,30),8),21)),22),(20,(11,24))),(((19,1),(27,23)),(6,(9,29))))));

STEP 13 [2sECR_IncrementalHeuristic_MC_RF -> NNI_Substep_2] - Distance: 123.0000
((((15,7),(3,(5,4))),((18,(10,28)),(17,16))),(26,((6,(9,29)),((((((25,14),(2,13)),(((12,30),8),21)),22),(20,(11,24))),((19,1),(27,23))))));

STEP 14 [2sECR_IncrementalHeuristic_MC_RF -> NNI_Substep_3] - Distance: 112.0000
((((15,7),(3,(5,4))),((18,(10,28)),(17,16))),((26,(6,(9,29))),((((((25,14),(2,13)),(((12,30),8),21)),22),(20,(11,24))),((19,1),(27,23)))));

STEP 15 [2sECR_IncrementalHeuristic_MC_RF -> NNI_Substep_4] - Distance: 112.0000
(((15,(7,(3,(5,4)))),((18,(10,28)),(17,16))),((26,(6,(9,29))),((((((25,14),(2,13)),(((12,30),8),21)),22),(20,(11,24))),((19,1),(27,23)))));

STEP 16 [2sECR_IncrementalHeuristic_MC_RF -> NNI_Substep_5] - Distance: 112.0000
(((15,(3,(7,(5,4)))),((18,(10,28)),(17,16))),((26,(6,(9,29))),((((((25,14),(2,13)),(((12,30),8),21)),22),(20,(11,24))),((19,1),(27,23)))));

STEP 17 [2sECR_IncrementalHeuristic_MC_RF -> NNI_Substep_6] - Distance: 110.0000
((((15,3),(7,(5,4))),((18,(10,28)),(17,16))),((26,(6,(9,29))),((((((25,14),(2,13)),(((12,30),8),21)),22),(20,(11,24))),((19,1),(27,23)))));

STEP 18 [2sECR_IncrementalHeuristic_MC_RF -> NNI_Substep_7] - Distance: 111.0000
(((15,3),((7,(5,4)),((18,(10,28)),(17,16)))),((26,(6,(9,29))),((((((25,14),(2,13)),(((12,30),8),21)),22),(20,(11,24))),((19,1),(27,23)))));

STEP 19 [2sECR_IncrementalHeuristic_MC_RF -> NNI_Substep_8] - Distance: 111.0000
(((15,3),((18,(10,28)),((7,(5,4)),(17,16)))),((26,(6,(9,29))),((((((25,14),(2,13)),(((12,30),8),21)),22),(20,(11,24))),((19,1),(27,23)))));

STEP 20 [2sECR_IncrementalHeuristic_MC_RF -> NNI_Substep_9] - Distance: 108.0000
((((15,3),(18,(10,28))),((7,(5,4)),(17,16))),((26,(6,(9,29))),((((((25,14),(2,13)),(((12,30),8),21)),22),(20,(11,24))),((19,1),(27,23)))));

STEP 21 [2sECR_IncrementalHeuristic_MC_RF -> NNI_Substep_10] - Distance: 107.0000
((((15,3),(18,(10,28))),(7,((5,4),(17,16)))),((26,(6,(9,29))),((((((25,14),(2,13)),(((12,30),8),21)),22),(20,(11,24))),((19,1),(27,23)))));

STEP 22 [2sECR_IncrementalHeuristic_MC_RF -> NNI_Substep_11] - Distance: 108.0000
((((15,3),(18,(10,28))),(7,(16,((5,4),17)))),((26,(6,(9,29))),((((((25,14),(2,13)),(((12,30),8),21)),22),(20,(11,24))),((19,1),(27,23)))));

STEP 23 [2sECR_IncrementalHeuristic_MC_RF -> NNI_Substep_12] - Distance: 106.0000
((((15,3),(18,(10,28))),((7,16),((5,4),17))),((26,(6,(9,29))),((((((25,14),(2,13)),(((12,30),8),21)),22),(20,(11,24))),((19,1),(27,23)))));

STEP 24 [2sECR_IncrementalHeuristic_MC_RF -> NNI_Substep_13] - Distance: 112.0000
((((15,3),(18,(10,28))),((7,16),((5,4),17))),((26,(6,(9,29))),((20,((11,24),((((25,14),(2,13)),(((12,30),8),21)),22))),((19,1),(27,23)))));

STEP 25 [2sECR_IncrementalHeuristic_MC_RF -> NNI_Substep_14] - Distance: 104.0000
((((15,3),(18,(10,28))),((7,16),((5,4),17))),((26,(6,(9,29))),((20,((((25,14),(2,13)),(((12,30),8),21)),(22,(11,24)))),((19,1),(27,23)))));

STEP 26 [2sECR_IncrementalHeuristic_MC_RF -> NNI_Substep_15] - Distance: 102.0000
((((15,3),(18,(10,28))),((7,16),((5,4),17))),((26,(6,(9,29))),((20,((((25,14),(2,13)),(((12,30),8),21)),(24,(22,11)))),((19,1),(27,23)))));

STEP 27 [2sECR_IncrementalHeuristic_MC_RF -> NNI_Substep_16] - Distance: 108.0000
((((15,3),(18,(10,28))),((7,16),((5,4),17))),((26,(6,(9,29))),((20,((22,11),((((25,14),(2,13)),(((12,30),8),21)),24))),((19,1),(27,23)))));

STEP 28 [2sECR_IncrementalHeuristic_MC_RF -> NNI_Substep_17] - Distance: 100.0000
((((15,3),(18,(10,28))),((7,16),((5,4),17))),((26,(6,(9,29))),(((20,(22,11)),((((25,14),(2,13)),(((12,30),8),21)),24)),((19,1),(27,23)))));

STEP 29 [2sECR_IncrementalHeuristic_MC_RF -> NNI_Substep_18] - Distance: 102.0000
(((15,3),(18,(10,28))),((((20,(22,11)),((((25,14),(2,13)),(((12,30),8),21)),24)),((19,1),(27,23))),(((7,16),((5,4),17)),(26,(6,(9,29))))));

STEP 30 [2sECR_IncrementalHeuristic_MC_RF -> NNI_Substep_19] - Distance: 104.0000
(((15,3),((18,(10,28)),(((20,(22,11)),((((25,14),(2,13)),(((12,30),8),21)),24)),((19,1),(27,23))))),(((7,16),((5,4),17)),(26,(6,(9,29)))));

STEP 31 [2sECR_IncrementalHeuristic_MC_RF -> NNI_Substep_20] - Distance: 95.0000
(((15,3),(((20,(22,11)),((((25,14),(2,13)),(((12,30),8),21)),24)),((18,(10,28)),((19,1),(27,23))))),(((7,16),((5,4),17)),(26,(6,(9,29)))));

STEP 32 [2sECR_IncrementalHeuristic_MC_RF -> NNI_Substep_21] - Distance: 106.0000
((15,3),(((7,16),((5,4),17)),((((20,(22,11)),((((25,14),(2,13)),(((12,30),8),21)),24)),((18,(10,28)),((19,1),(27,23)))),(26,(6,(9,29))))));

STEP 33 [2sECR_IncrementalHeuristic_MC_RF -> NNI_Substep_22] - Distance: 93.0000
(((15,3),(16,(((5,4),17),7))),((((20,(22,11)),((((25,14),(2,13)),(((12,30),8),21)),24)),((18,(10,28)),((19,1),(27,23)))),(26,(6,(9,29)))));

STEP 34 [2sECR_IncrementalHeuristic_MC_RF -> NNI_Substep_23] - Distance: 89.0000
((((15,3),16),(((5,4),17),7)),((((20,(22,11)),((((25,14),(2,13)),(((12,30),8),21)),24)),((18,(10,28)),((19,1),(27,23)))),(26,(6,(9,29)))));

STEP 35 [2sECR_IncrementalHeuristic_MC_RF -> NNI_Substep_24] - Distance: 87.0000
(((3,(16,15)),(((5,4),17),7)),((((20,(22,11)),((((25,14),(2,13)),(((12,30),8),21)),24)),((18,(10,28)),((19,1),(27,23)))),(26,(6,(9,29)))));

STEP 36 [2sECR_IncrementalHeuristic_MC_RF -> NNI_Substep_25] - Distance: 95.0000
(((3,(16,15)),(((5,4),17),7)),((((19,1),(27,23)),((18,(10,28)),((20,(22,11)),((((25,14),(2,13)),(((12,30),8),21)),24)))),(26,(6,(9,29)))));

STEP 37 [2sECR_IncrementalHeuristic_MC_RF -> NNI_Substep_26] - Distance: 85.0000
(((3,(16,15)),(((5,4),17),7)),((((19,1),(27,23)),(((((25,14),(2,13)),(((12,30),8),21)),24),((20,(22,11)),(18,(10,28))))),(26,(6,(9,29)))));

STEP 38 [2sECR_IncrementalHeuristic_MC_RF -> NNI_Substep_27] - Distance: 85.0000
(((3,(16,15)),(((5,4),17),7)),((((19,1),(27,23)),(((((25,14),(2,13)),(((12,30),8),21)),24),(20,((22,11),(18,(10,28)))))),(26,(6,(9,29)))));

STEP 39 [2sECR_IncrementalHeuristic_MC_RF -> NNI_Substep_28] - Distance: 81.0000
(((3,(16,15)),(((5,4),17),7)),((((19,1),(27,23)),(((((25,14),(2,13)),(((12,30),8),21)),24),(20,((10,28),((22,11),18))))),(26,(6,(9,29)))));

STEP 40 [2sECR_IncrementalHeuristic_MC_RF -> NNI_Substep_29] - Distance: 81.0000
(((3,(16,15)),(((5,4),17),7)),((((19,1),(27,23)),(((((25,14),(2,13)),(((12,30),8),21)),24),(20,(28,(((22,11),18),10))))),(26,(6,(9,29)))));

STEP 41 [2sECR_IncrementalHeuristic_MC_RF -> NNI_Substep_30] - Distance: 78.0000
(((3,(16,15)),(((5,4),17),7)),((((19,1),(27,23)),(((((25,14),(2,13)),(((12,30),8),21)),24),((20,28),(((22,11),18),10)))),(26,(6,(9,29)))));

STEP 42 [2sECR_IncrementalHeuristic_MC_RF -> NNI_Substep_31] - Distance: 85.0000
(((3,(16,15)),(((5,4),17),7)),((((19,1),(27,23)),((20,28),(((((25,14),(2,13)),(((12,30),8),21)),24),(((22,11),18),10)))),(26,(6,(9,29)))));

STEP 43 [2sECR_IncrementalHeuristic_MC_RF -> NNI_Substep_32] - Distance: 83.0000
(((3,(16,15)),(((5,4),17),7)),(((20,28),(((19,1),(27,23)),(((((25,14),(2,13)),(((12,30),8),21)),24),(((22,11),18),10)))),(26,(6,(9,29)))));

STEP 44 [2sECR_IncrementalHeuristic_MC_RF -> NNI_Substep_33] - Distance: 74.0000
(((3,(16,15)),(((5,4),17),7)),(((20,28),(((((25,14),(2,13)),(((12,30),8),21)),24),(((19,1),(27,23)),(((22,11),18),10)))),(26,(6,(9,29)))));

STEP 45 [2sECR_IncrementalHeuristic_MC_RF -> NNI_Substep_34] - Distance: 86.0000
(((3,(16,15)),(((5,4),17),7)),((6,(9,29)),(26,((20,28),(((((25,14),(2,13)),(((12,30),8),21)),24),(((19,1),(27,23)),(((22,11),18),10)))))));

STEP 46 [2sECR_IncrementalHeuristic_MC_RF -> NNI_Substep_35] - Distance: 72.0000
(((3,(16,15)),(((5,4),17),7)),((6,(9,29)),((((((25,14),(2,13)),(((12,30),8),21)),24),(((19,1),(27,23)),(((22,11),18),10))),((20,28),26))));

STEP 47 [2sECR_IncrementalHeuristic_MC_RF -> NNI_Substep_36] - Distance: 87.0000
(((3,(16,15)),(((5,4),17),7)),(6,((9,29),((((((25,14),(2,13)),(((12,30),8),21)),24),(((19,1),(27,23)),(((22,11),18),10))),((20,28),26)))));

STEP 48 [2sECR_IncrementalHeuristic_MC_RF -> NNI_Substep_37] - Distance: 74.0000
(((3,(16,15)),(((5,4),17),7)),(6,((((((25,14),(2,13)),(((12,30),8),21)),24),(((19,1),(27,23)),(((22,11),18),10))),((9,29),((20,28),26)))));

STEP 49 [2sECR_IncrementalHeuristic_MC_RF -> NNI_Substep_38] - Distance: 70.0000
(((3,(16,15)),(((5,4),17),7)),((6,(((((25,14),(2,13)),(((12,30),8),21)),24),(((19,1),(27,23)),(((22,11),18),10)))),((9,29),((20,28),26))));

STEP 50 [2sECR_IncrementalHeuristic_MC_RF -> NNI_Substep_39] - Distance: 72.0000
(((3,(16,15)),(((5,4),17),7)),((6,(((((25,14),(2,13)),(((12,30),8),21)),24),(((19,1),(27,23)),(((22,11),18),10)))),(9,(29,((20,28),26)))));

STEP 51 [2sECR_IncrementalHeuristic_MC_RF -> NNI_Substep_40] - Distance: 71.0000
(((3,(16,15)),(((5,4),17),7)),((6,(((((25,14),(2,13)),(((12,30),8),21)),24),(((19,1),(27,23)),(((22,11),18),10)))),(9,((20,28),(29,26)))));

STEP 52 [2sECR_IncrementalHeuristic_MC_RF -> NNI_Substep_41] - Distance: 68.0000
(((3,(16,15)),(((5,4),17),7)),((6,(((((25,14),(2,13)),(((12,30),8),21)),24),(((19,1),(27,23)),(((22,11),18),10)))),((9,(20,28)),(29,26))));

STEP 53 [2sECR_IncrementalHeuristic_MC_RF -> NNI_Substep_42] - Distance: 68.0000
(((3,(16,15)),(((5,4),17),7)),((6,(((((25,14),(2,13)),((12,(8,30)),21)),24),(((19,1),(27,23)),(((22,11),18),10)))),((9,(20,28)),(29,26))));

STEP 54 [2sECR_IncrementalHeuristic_MC_RF -> NNI_Substep_43] - Distance: 67.0000
(((3,(16,15)),(((5,4),17),7)),((6,(((((25,14),(2,13)),((8,30),(21,12))),24),(((19,1),(27,23)),(((22,11),18),10)))),((9,(20,28)),(29,26))));

STEP 55 [3sECR_IncrementalHeuristic_MC_RF -> NNI_Substep_1] - Distance: 68.0000
(((3,(16,15)),(((5,4),17),7)),((6,((24,(((25,14),(2,13)),(((8,30),21),12))),(((19,1),(27,23)),(((22,11),18),10)))),((9,(20,28)),(29,26))));

STEP 56 [3sECR_IncrementalHeuristic_MC_RF -> NNI_Substep_2] - Distance: 71.0000
(((3,(16,15)),(((5,4),17),7)),((6,((24,((((25,14),(2,13)),((8,30),21)),12)),(((19,1),(27,23)),(((22,11),18),10)))),((9,(20,28)),(29,26))));

STEP 57 [3sECR_IncrementalHeuristic_MC_RF -> NNI_Substep_3] - Distance: 65.0000
(((3,(16,15)),(((5,4),17),7)),((6,(((24,12),(((25,14),(2,13)),((8,30),21))),(((19,1),(27,23)),(((22,11),18),10)))),((9,(20,28)),(29,26))));

STEP 58 [3sECR_IncrementalHeuristic_MC_RF -> NNI_Substep_4] - Distance: 71.0000
(((3,(16,15)),(((5,4),17),7)),((6,((((19,1),(27,23)),(((22,11),18),10)),(((((25,14),(2,13)),((8,30),21)),24),12))),((9,(20,28)),(29,26))));

STEP 59 [3sECR_IncrementalHeuristic_MC_RF -> NNI_Substep_5] - Distance: 74.0000
(((3,(16,15)),(((5,4),17),7)),((6,(((((19,1),(27,23)),(((22,11),18),10)),((((25,14),(2,13)),((8,30),21)),24)),12)),((9,(20,28)),(29,26))));

STEP 60 [3sECR_IncrementalHeuristic_MC_RF -> NNI_Substep_6] - Distance: 61.0000
(((3,(16,15)),(((5,4),17),7)),(((6,12),((((19,1),(27,23)),(((22,11),18),10)),((((25,14),(2,13)),((8,30),21)),24))),((9,(20,28)),(29,26))));

STEP 61 [3sECR_IncrementalHeuristic_MC_RF -> NNI_Substep_7] - Distance: 64.0000
(((3,(16,15)),(((5,4),17),7)),((6,12),(((((19,1),(27,23)),(((22,11),18),10)),((((25,14),(2,13)),((8,30),21)),24)),((9,(20,28)),(29,26)))));

STEP 62 [3sECR_IncrementalHeuristic_MC_RF -> NNI_Substep_8] - Distance: 66.0000
(((3,(16,15)),(((5,4),17),7)),((6,12),(((((19,1),(27,23)),(((22,11),18),10)),((((25,14),(2,13)),((8,30),21)),24)),(((9,(20,28)),26),29))));

STEP 63 [3sECR_IncrementalHeuristic_MC_RF -> NNI_Substep_9] - Distance: 78.0000
(((3,(16,15)),(((5,4),17),7)),((6,12),((((((19,1),(27,23)),(((22,11),18),10)),((((25,14),(2,13)),((8,30),21)),24)),29),((9,(20,28)),26))));

STEP 64 [3sECR_IncrementalHeuristic_MC_RF -> NNI_Substep_10] - Distance: 61.0000
(((3,(16,15)),(((5,4),17),7)),(((6,12),((9,(20,28)),26)),(((((19,1),(27,23)),(((22,11),18),10)),((((25,14),(2,13)),((8,30),21)),24)),29)));

STEP 65 [3sECR_IncrementalHeuristic_MC_RF -> NNI_Substep_11] - Distance: 58.0000
(((3,(16,15)),(((5,4),17),7)),((((6,12),26),(9,(20,28))),(((((19,1),(27,23)),(((22,11),18),10)),((((25,14),(2,13)),((8,30),21)),24)),29)));

STEP 66 [3sECR_IncrementalHeuristic_MC_RF -> NNI_Substep_12] - Distance: 59.0000
(((3,(16,15)),(((5,4),17),7)),((((6,12),26),(9,(20,28))),(((((19,1),(27,23)),(((22,11),18),10)),(24,(((8,30),21),(((2,13),25),14)))),29)));

STEP 67 [3sECR_IncrementalHeuristic_MC_RF -> NNI_Substep_13] - Distance: 61.0000
(((3,(16,15)),(((5,4),17),7)),((((6,12),26),(9,(20,28))),(((((19,1),(27,23)),(((22,11),18),10)),(24,((((8,30),21),((2,13),25)),14))),29)));

STEP 68 [3sECR_IncrementalHeuristic_MC_RF -> NNI_Substep_14] - Distance: 56.0000
(((3,(16,15)),(((5,4),17),7)),((((6,12),26),(9,(20,28))),(((((19,1),(27,23)),(((22,11),18),10)),((24,14),(((8,30),21),((2,13),25)))),29)));

STEP 69 [3sECR_IncrementalHeuristic_MC_RF -> NNI_Substep_15] - Distance: 61.0000
(((3,(16,15)),(((5,4),17),7)),((((6,12),26),(9,(20,28))),(29,((((19,1),(27,23)),(((22,11),18),10)),(((((8,30),21),((2,13),25)),24),14)))));

STEP 70 [3sECR_IncrementalHeuristic_MC_RF -> NNI_Substep_16] - Distance: 68.0000
(((3,(16,15)),(((5,4),17),7)),((((6,12),26),(9,(20,28))),(29,(((((19,1),(27,23)),(((22,11),18),10)),((((8,30),21),((2,13),25)),24)),14))));

STEP 71 [3sECR_IncrementalHeuristic_MC_RF -> NNI_Substep_17] - Distance: 54.0000
(((3,(16,15)),(((5,4),17),7)),((((6,12),26),(9,(20,28))),((29,14),((((19,1),(27,23)),(((22,11),18),10)),((((8,30),21),((2,13),25)),24)))));

STEP 72 [Heur. rSPR MC_RF -> NNI_Substep_1] - Distance: 54.0000
(((3,(16,15)),(((5,4),17),7)),((((12,26),6),(9,(20,28))),((29,14),((((19,1),(27,23)),(((22,11),18),10)),((((8,30),21),((2,13),25)),24)))));

STEP 73 [Heur. rSPR MC_RF -> NNI_Substep_2] - Distance: 56.0000
(((3,(16,15)),(((5,4),17),7)),((((12,26),(9,(20,28))),6),((29,14),((((19,1),(27,23)),(((22,11),18),10)),((((8,30),21),((2,13),25)),24)))));

STEP 74 [Heur. rSPR MC_RF -> NNI_Substep_3] - Distance: 70.0000
(((3,(16,15)),(((5,4),17),7)),((((12,26),(9,(20,28))),((29,14),((((19,1),(27,23)),(((22,11),18),10)),((((8,30),21),((2,13),25)),24)))),6));

STEP 75 [Heur. rSPR MC_RF -> NNI_Substep_4] - Distance: 50.0000
((((3,(16,15)),6),(((5,4),17),7)),(((12,26),(9,(20,28))),((29,14),((((19,1),(27,23)),(((22,11),18),10)),((((8,30),21),((2,13),25)),24)))));

STEP 76 [Heur. rSPR MC_RF -> NNI_Substep_5] - Distance: 48.0000
(((3,((16,15),6)),(((5,4),17),7)),(((12,26),(9,(20,28))),((29,14),((((19,1),(27,23)),(((22,11),18),10)),((((8,30),21),((2,13),25)),24)))));

STEP 77 [Heur. rSPR MC_RF -> NNI_Substep_6] - Distance: 46.0000
(((3,((16,6),15)),(((5,4),17),7)),(((12,26),(9,(20,28))),((29,14),((((19,1),(27,23)),(((22,11),18),10)),((((8,30),21),((2,13),25)),24)))));

STEP 78 [Heur. rSPR MC_RF -> NNI_Substep_7] - Distance: 47.0000
(((3,((16,6),15)),(((5,4),17),7)),(((12,26),(9,(20,28))),((29,14),(((((19,1),23),27),(((22,11),18),10)),((((8,30),21),((2,13),25)),24)))));

STEP 79 [Heur. rSPR MC_RF -> NNI_Substep_8] - Distance: 50.0000
(((3,((16,6),15)),(((5,4),17),7)),(((12,26),(9,(20,28))),((29,14),(((((19,1),23),(((22,11),18),10)),27),((((8,30),21),((2,13),25)),24)))));

STEP 80 [Heur. rSPR MC_RF -> NNI_Substep_9] - Distance: 56.0000
(((3,((16,6),15)),(((5,4),17),7)),(((12,26),(9,(20,28))),((29,14),(((((19,1),23),(((22,11),18),10)),((((8,30),21),((2,13),25)),24)),27))));

STEP 81 [Heur. rSPR MC_RF -> NNI_Substep_10] - Distance: 57.0000
(((3,((16,6),15)),(((5,4),17),7)),(((12,26),(9,(20,28))),(((29,14),((((19,1),23),(((22,11),18),10)),((((8,30),21),((2,13),25)),24))),27)));

STEP 82 [Heur. rSPR MC_RF -> NNI_Substep_11] - Distance: 61.0000
(((3,((16,6),15)),(((5,4),17),7)),((((12,26),(9,(20,28))),((29,14),((((19,1),23),(((22,11),18),10)),((((8,30),21),((2,13),25)),24)))),27));

STEP 83 [Heur. rSPR MC_RF -> NNI_Substep_12] - Distance: 41.0000
(((3,((16,6),15)),((((5,4),17),7),27)),(((12,26),(9,(20,28))),((29,14),((((19,1),23),(((22,11),18),10)),((((8,30),21),((2,13),25)),24)))));

STEP 84 [Heur. rSPR MC_RF -> NNI_Substep_13] - Distance: 39.0000
(((3,((16,6),15)),((((5,4),17),27),7)),(((12,26),(9,(20,28))),((29,14),((((19,1),23),(((22,11),18),10)),((((8,30),21),((2,13),25)),24)))));

STEP 85 [Heur. rSPR MC_RF -> NNI_Substep_14] - Distance: 36.0000
(((3,((16,6),15)),(((5,4),(17,27)),7)),(((12,26),(9,(20,28))),((29,14),((((19,1),23),(((22,11),18),10)),((((8,30),21),((2,13),25)),24)))));

STEP 86 [Heur. rSPR MC_RF -> NNI_Substep_15] - Distance: 36.0000
(((3,((16,6),15)),(((5,4),(17,27)),7)),(((12,26),(9,(20,28))),((29,14),((((19,23),1),(((22,11),18),10)),((((8,30),21),((2,13),25)),24)))));

STEP 87 [Heur. rSPR MC_RF -> NNI_Substep_16] - Distance: 39.0000
(((3,((16,6),15)),(((5,4),(17,27)),7)),(((12,26),(9,(20,28))),((29,14),((((19,23),(((22,11),18),10)),1),((((8,30),21),((2,13),25)),24)))));

STEP 88 [Heur. rSPR MC_RF -> NNI_Substep_17] - Distance: 45.0000
(((3,((16,6),15)),(((5,4),(17,27)),7)),(((12,26),(9,(20,28))),((29,14),((((19,23),(((22,11),18),10)),((((8,30),21),((2,13),25)),24)),1))));

STEP 89 [Heur. rSPR MC_RF -> NNI_Substep_18] - Distance: 46.0000
(((3,((16,6),15)),(((5,4),(17,27)),7)),(((12,26),(9,(20,28))),(((29,14),(((19,23),(((22,11),18),10)),((((8,30),21),((2,13),25)),24))),1)));

STEP 90 [Heur. rSPR MC_RF -> NNI_Substep_19] - Distance: 50.0000
(((3,((16,6),15)),(((5,4),(17,27)),7)),((((12,26),(9,(20,28))),((29,14),(((19,23),(((22,11),18),10)),((((8,30),21),((2,13),25)),24)))),1));

STEP 91 [Heur. rSPR MC_RF -> NNI_Substep_20] - Distance: 29.0000
((((3,((16,6),15)),1),(((5,4),(17,27)),7)),(((12,26),(9,(20,28))),((29,14),(((19,23),(((22,11),18),10)),((((8,30),21),((2,13),25)),24)))));

STEP 92 [Heur. rSPR MC_RF -> NNI_Substep_21] - Distance: 27.0000
(((3,(((16,6),15),1)),(((5,4),(17,27)),7)),(((12,26),(9,(20,28))),((29,14),(((19,23),(((22,11),18),10)),((((8,30),21),((2,13),25)),24)))));

STEP 93 [Heur. rSPR MC_RF -> NNI_Substep_22] - Distance: 25.0000
(((3,(((16,6),1),15)),(((5,4),(17,27)),7)),(((12,26),(9,(20,28))),((29,14),(((19,23),(((22,11),18),10)),((((8,30),21),((2,13),25)),24)))));

STEP 94 [Heur. rSPR MC_RF -> NNI_Substep_23] - Distance: 37.0000
(((3,(((16,6),1),15)),(((5,4),(17,27)),7)),(((12,26),(9,(20,28))),((29,(((19,23),(((22,11),18),10)),((((8,30),21),((2,13),25)),24))),14)));

STEP 95 [Heur. rSPR MC_RF -> NNI_Substep_24] - Distance: 41.0000
(((3,(((16,6),1),15)),(((5,4),(17,27)),7)),((((12,26),(9,(20,28))),(29,(((19,23),(((22,11),18),10)),((((8,30),21),((2,13),25)),24)))),14));

STEP 96 [Heur. rSPR MC_RF -> NNI_Substep_25] - Distance: 24.0000
((((3,(((16,6),1),15)),14),(((5,4),(17,27)),7)),(((12,26),(9,(20,28))),(29,(((19,23),(((22,11),18),10)),((((8,30),21),((2,13),25)),24)))));

STEP 97 [Heur. rSPR MC_RF -> NNI_Substep_26] - Distance: 22.0000
(((3,((((16,6),1),15),14)),(((5,4),(17,27)),7)),(((12,26),(9,(20,28))),(29,(((19,23),(((22,11),18),10)),((((8,30),21),((2,13),25)),24)))));

STEP 98 [Heur. rSPR MC_RF -> NNI_Substep_27] - Distance: 18.0000
(((3,(((16,6),1),(15,14))),(((5,4),(17,27)),7)),(((12,26),(9,(20,28))),(29,(((19,23),(((22,11),18),10)),((((8,30),21),((2,13),25)),24)))));

STEP 99 [Heur. rSPR MC_RF -> NNI_Substep_28] - Distance: 23.0000
((((3,(((16,6),1),(15,14))),((5,4),(17,27))),7),(((12,26),(9,(20,28))),(29,(((19,23),(((22,11),18),10)),((((8,30),21),((2,13),25)),24)))));

STEP 100 [Heur. rSPR MC_RF -> NNI_Substep_29] - Distance: 30.0000
(((3,(((16,6),1),(15,14))),((5,4),(17,27))),(((12,26),(9,(20,28))),((29,(((19,23),(((22,11),18),10)),((((8,30),21),((2,13),25)),24))),7)));

STEP 101 [Heur. rSPR MC_RF -> NNI_Substep_30] - Distance: 30.0000
(((3,(((16,6),1),(15,14))),((5,4),(17,27))),(((12,26),(9,(20,28))),(29,((((19,23),(((22,11),18),10)),((((8,30),21),((2,13),25)),24)),7))));

STEP 102 [Heur. rSPR MC_RF -> NNI_Substep_31] - Distance: 23.0000
(((3,(((16,6),1),(15,14))),((5,4),(17,27))),(((12,26),(9,(20,28))),(29,(((19,23),(((22,11),18),10)),(((((8,30),21),((2,13),25)),24),7)))));

STEP 103 [Heur. rSPR MC_RF -> NNI_Substep_32] - Distance: 21.0000
(((3,(((16,6),1),(15,14))),((5,4),(17,27))),(((12,26),(9,(20,28))),(29,(((19,23),(((22,11),18),10)),(((((8,30),21),((2,13),25)),7),24)))));

STEP 104 [Heur. rSPR MC_RF -> NNI_Substep_33] - Distance: 17.0000
(((3,(((16,6),1),(15,14))),((5,4),(17,27))),(((12,26),(9,(20,28))),(29,(((19,23),(((22,11),18),10)),((((8,30),21),(((2,13),25),7)),24)))));

STEP 105 [Heur. rSPR MC_RF -> NNI_Substep_34] - Distance: 15.0000
(((3,(((16,6),1),(15,14))),((5,4),(17,27))),(((12,26),(9,(20,28))),(29,(((19,23),(((22,11),18),10)),((((8,30),21),(((2,13),7),25)),24)))));

STEP 106 [Heur. rSPR MC_RF -> NNI_Substep_35] - Distance: 15.0000
(((3,(((16,6),1),(15,14))),((5,4),(17,27))),(((12,26),(9,(20,28))),(29,(((19,23),(((22,11),18),10)),((((8,30),21),((2,(13,7)),25)),24)))));

STEP 107 [Heur. rSPR MC_RF -> NNI_Substep_36] - Distance: 15.0000
(((3,(((16,6),1),(15,14))),((5,4),(17,27))),(((12,26),(9,(20,28))),(29,(((19,23),(((22,11),18),10)),((((8,30),21),(((13,7),25),2)),24)))));

STEP 108 [Heur. rSPR MC_RF -> NNI_Substep_37] - Distance: 17.0000
(((3,(((16,6),1),(15,14))),((5,4),(17,27))),(((12,26),(9,(20,28))),(29,(((19,23),(((22,11),18),10)),(((((8,30),21),((13,7),25)),2),24)))));

STEP 109 [Heur. rSPR MC_RF -> NNI_Substep_38] - Distance: 17.0000
(((3,(((16,6),1),(15,14))),((5,4),(17,27))),(((12,26),(9,(20,28))),(29,(((19,23),(((22,11),18),10)),(((((8,30),21),((13,7),25)),24),2)))));

STEP 110 [Heur. rSPR MC_RF -> NNI_Substep_39] - Distance: 20.0000
(((3,(((16,6),1),(15,14))),((5,4),(17,27))),(((12,26),(9,(20,28))),(29,((((19,23),(((22,11),18),10)),((((8,30),21),((13,7),25)),24)),2))));

STEP 111 [Heur. rSPR MC_RF -> NNI_Substep_40] - Distance: 24.0000
(((3,(((16,6),1),(15,14))),((5,4),(17,27))),((((12,26),(9,(20,28))),((((19,23),(((22,11),18),10)),((((8,30),21),((13,7),25)),24)),2)),29));

STEP 112 [Heur. rSPR MC_RF -> NNI_Substep_41] - Distance: 0.0000
(((3,(((16,6),1),(15,14))),(((5,4),(17,27)),29)),(((12,26),(9,(20,28))),((((19,23),(((22,11),18),10)),((((8,30),21),((13,7),25)),24)),2)));

========================================================
[FINAL] Total Steps: 112 | Final Distance: 0.0000
========================================================
