========================================================
HEURISTIC TRAJECTORY: VND Classic (MP)
========================================================
STEP 0 [START] - Distance: 271.0000
(((15,(9,(5,(2,18)))),((12,(24,(19,17))),(7,16))),(23,(((((11,(14,29)),((26,13),((25,(27,(30,3))),(22,(1,6))))),(28,21)),(20,10)),(4,8))));

STEP 1 [NNI_ClassicHeuristic_MP -> NNI_Substep_1] - Distance: 268.0000
(((12,(24,(19,17))),((15,(9,(5,(2,18)))),(7,16))),(23,(((((11,(14,29)),((26,13),((25,(27,(30,3))),(22,(1,6))))),(28,21)),(20,10)),(4,8))));

STEP 2 [NNI_ClassicHeuristic_MP -> NNI_Substep_2] - Distance: 265.0000
(((12,(24,(19,17))),((15,(9,(5,(2,18)))),(7,16))),(23,(((((11,(14,29)),(28,21)),((26,13),((25,(27,(30,3))),(22,(1,6))))),(20,10)),(4,8))));

STEP 3 [NNI_ClassicHeuristic_MP -> NNI_Substep_3] - Distance: 258.0000
(((12,(24,(19,17))),((15,(9,(5,(2,18)))),(7,16))),(23,((((20,10),((26,13),((25,(27,(30,3))),(22,(1,6))))),((11,(14,29)),(28,21))),(4,8))));

STEP 4 [NNI_ClassicHeuristic_MP -> NNI_Substep_4] - Distance: 254.0000
(((12,(24,(19,17))),((15,(9,(5,(2,18)))),(7,16))),(23,(((4,8),((11,(14,29)),(28,21))),((20,10),((26,13),((25,(27,(30,3))),(22,(1,6))))))));

STEP 5 [NNI_ClassicHeuristic_MP -> NNI_Substep_5] - Distance: 248.0000
(((12,(24,(19,17))),((15,(9,(5,(2,18)))),(7,16))),(((20,10),((26,13),((25,(27,(30,3))),(22,(1,6))))),(((4,8),((11,(14,29)),(28,21))),23)));

STEP 6 [NNI_ClassicHeuristic_MP -> NNI_Substep_6] - Distance: 246.0000
(((12,(24,(19,17))),((15,(9,(5,(2,18)))),(7,16))),((((25,(27,(30,3))),(22,(1,6))),((26,13),(20,10))),(((4,8),((11,(14,29)),(28,21))),23)));

STEP 7 [NNI_ClassicHeuristic_MP -> NNI_Substep_7] - Distance: 245.0000
(((12,(24,(19,17))),(((7,16),(9,(5,(2,18)))),15)),((((25,(27,(30,3))),(22,(1,6))),((26,13),(20,10))),(((4,8),((11,(14,29)),(28,21))),23)));

STEP 8 [NNI_ClassicHeuristic_MP -> NNI_Substep_8] - Distance: 244.0000
(((12,(24,(19,17))),(((7,16),(9,(5,(2,18)))),15)),(((((22,(1,6)),(27,(30,3))),25),((26,13),(20,10))),(((4,8),((11,(14,29)),(28,21))),23)));

STEP 9 [NNI_ClassicHeuristic_MP -> NNI_Substep_9] - Distance: 243.0000
(((12,(24,(19,17))),(((7,16),(9,(5,(2,18)))),15)),((((27,((22,(1,6)),(30,3))),25),((26,13),(20,10))),(((4,8),((11,(14,29)),(28,21))),23)));

STEP 10 [NNI_ClassicHeuristic_MP -> NNI_Substep_10] - Distance: 242.0000
(((12,(24,(19,17))),(((7,16),(9,(5,(2,18)))),15)),((((27,((22,(1,6)),(30,3))),25),((26,13),(20,10))),(((4,8),((11,(28,21)),(14,29))),23)));

STEP 11 [NNI_ClassicHeuristic_MP -> NNI_Substep_11] - Distance: 239.0000
(((12,(24,(19,17))),(((7,16),(9,(5,(2,18)))),15)),((((27,((22,(1,6)),(30,3))),25),((26,13),(20,10))),(((11,(28,21)),((4,8),(14,29))),23)));

STEP 12 [NNI_ClassicHeuristic_MP -> NNI_Substep_12] - Distance: 237.0000
(((12,(24,(19,17))),(((7,16),(9,(5,(2,18)))),15)),((((27,((22,(1,6)),(30,3))),25),((26,13),(20,10))),(((11,(28,21)),23),((4,8),(14,29)))));

STEP 13 [NNI_ClassicHeuristic_MP -> NNI_Substep_13] - Distance: 235.0000
(((12,(24,(19,17))),(((7,16),(9,(5,(2,18)))),15)),((((27,((22,(1,6)),(30,3))),25),((26,13),(20,10))),(((11,23),(28,21)),((4,8),(14,29)))));

STEP 14 [SPR_ClassicHeuristic_MP -> NNI_Substep_1] - Distance: 235.0000
(((12,(24,(19,17))),(((7,16),(9,(5,(2,18)))),15)),((((((22,(1,6)),(30,3)),25),27),((26,13),(20,10))),(((11,23),(28,21)),((4,8),(14,29)))));

STEP 15 [SPR_ClassicHeuristic_MP -> NNI_Substep_2] - Distance: 235.0000
(((12,(24,(19,17))),(((7,16),(9,(5,(2,18)))),15)),((((((22,(1,6)),(30,3)),25),((26,13),(20,10))),27),(((11,23),(28,21)),((4,8),(14,29)))));

STEP 16 [SPR_ClassicHeuristic_MP -> NNI_Substep_3] - Distance: 234.0000
(((12,(24,(19,17))),(((7,16),(9,(5,(2,18)))),15)),((((((22,(1,6)),(30,3)),25),((26,13),(20,10))),(((11,23),(28,21)),((4,8),(14,29)))),27));

STEP 17 [SPR_ClassicHeuristic_MP -> NNI_Substep_4] - Distance: 219.0000
((((12,((24,19),17)),(((7,16),(9,(5,(2,18)))),15)),27),(((((22,(1,6)),(30,3)),25),((26,13),(20,10))),(((11,23),(28,21)),((4,8),(14,29)))));

STEP 18 [SPR_ClassicHeuristic_MP -> NNI_Substep_5] - Distance: 219.0000
(((((12,(24,19)),17),(((7,16),(9,(5,(2,18)))),15)),27),(((((22,(1,6)),(30,3)),25),((26,13),(20,10))),(((11,23),(28,21)),((4,8),(14,29)))));

STEP 19 [SPR_ClassicHeuristic_MP -> NNI_Substep_6] - Distance: 218.0000
(((((12,(24,19)),(((7,16),(9,(5,(2,18)))),15)),17),27),(((((22,(1,6)),(30,3)),25),((26,13),(20,10))),(((11,23),(28,21)),((4,8),(14,29)))));

STEP 20 [SPR_ClassicHeuristic_MP -> NNI_Substep_7] - Distance: 218.0000
(((((12,(24,19)),(((7,16),(9,(5,(2,18)))),15)),27),17),(((((22,(1,6)),(30,3)),25),((26,13),(20,10))),(((11,23),(28,21)),((4,8),(14,29)))));

STEP 21 [SPR_ClassicHeuristic_MP -> NNI_Substep_8] - Distance: 207.0000
((((12,(24,19)),(((7,16),(9,(5,(2,18)))),15)),27),(((((22,(1,6)),(30,3)),25),((26,13),(20,10))),((((11,23),(28,21)),((4,8),(14,29))),17)));

STEP 22 [SPR_ClassicHeuristic_MP -> NNI_Substep_9] - Distance: 205.0000
((((12,(24,19)),(((7,16),(9,(5,(2,18)))),15)),27),(((((22,(1,6)),(30,3)),25),((26,13),(20,10))),((((11,23),(28,21)),17),((4,8),(14,29)))));

STEP 23 [SPR_ClassicHeuristic_MP -> NNI_Substep_10] - Distance: 203.0000
((((12,(24,19)),(((7,16),(9,(5,(2,18)))),15)),27),(((((22,(1,6)),(30,3)),25),((26,13),(20,10))),((((11,23),17),(28,21)),((4,8),(14,29)))));

STEP 24 [SPR_ClassicHeuristic_MP -> NNI_Substep_11] - Distance: 202.0000
((((12,(24,19)),(((7,16),(9,(5,(2,18)))),15)),27),(((((22,(1,6)),(30,3)),25),((26,13),(20,10))),((((11,17),23),(28,21)),((4,8),(14,29)))));

STEP 25 [SPR_ClassicHeuristic_MP -> NNI_Substep_12] - Distance: 202.0000
((((12,(24,19)),(((7,16),(9,(5,(2,18)))),15)),27),(((((22,(1,6)),(30,3)),25),((26,13),(20,10))),((((11,17),23),(28,21)),((4,(14,29)),8))));

STEP 26 [SPR_ClassicHeuristic_MP -> NNI_Substep_13] - Distance: 202.0000
((((12,(24,19)),(((7,16),(9,(5,(2,18)))),15)),27),(((((22,(1,6)),(30,3)),25),((26,13),(20,10))),(((((11,17),23),(28,21)),(4,(14,29))),8)));

STEP 27 [SPR_ClassicHeuristic_MP -> NNI_Substep_14] - Distance: 201.0000
((((12,(24,19)),(((7,16),(9,(5,(2,18)))),15)),27),((((((22,(1,6)),(30,3)),25),((26,13),(20,10))),((((11,17),23),(28,21)),(4,(14,29)))),8));

STEP 28 [SPR_ClassicHeuristic_MP -> NNI_Substep_15] - Distance: 187.0000
(((((12,(24,19)),(((7,16),(9,(5,(2,18)))),15)),8),27),(((((22,(1,6)),(30,3)),25),((26,13),(20,10))),((((11,17),23),(28,21)),(4,(14,29)))));

STEP 29 [SPR_ClassicHeuristic_MP -> NNI_Substep_16] - Distance: 185.0000
((((12,(24,19)),((((7,16),(9,(5,(2,18)))),15),8)),27),(((((22,(1,6)),(30,3)),25),((26,13),(20,10))),((((11,17),23),(28,21)),(4,(14,29)))));

STEP 30 [SPR_ClassicHeuristic_MP -> NNI_Substep_17] - Distance: 184.0000
((((12,(24,19)),((((7,16),(9,(5,(2,18)))),8),15)),27),(((((22,(1,6)),(30,3)),25),((26,13),(20,10))),((((11,17),23),(28,21)),(4,(14,29)))));

STEP 31 [SPR_ClassicHeuristic_MP -> NNI_Substep_18] - Distance: 184.0000
((((12,(24,19)),(((7,16),((9,(5,(2,18))),8)),15)),27),(((((22,(1,6)),(30,3)),25),((26,13),(20,10))),((((11,17),23),(28,21)),(4,(14,29)))));

STEP 32 [SPR_ClassicHeuristic_MP -> NNI_Substep_19] - Distance: 184.0000
((((12,(24,19)),(((7,16),(9,((5,(2,18)),8))),15)),27),(((((22,(1,6)),(30,3)),25),((26,13),(20,10))),((((11,17),23),(28,21)),(4,(14,29)))));

STEP 33 [SPR_ClassicHeuristic_MP -> NNI_Substep_20] - Distance: 183.0000
((((12,(24,19)),(((7,16),(9,(5,((2,18),8)))),15)),27),(((((22,(1,6)),(30,3)),25),((26,13),(20,10))),((((11,17),23),(28,21)),(4,(14,29)))));

STEP 34 [SPR_ClassicHeuristic_MP -> NNI_Substep_21] - Distance: 183.0000
((((12,(24,19)),(((7,16),(9,(5,((18,8),2)))),15)),27),(((((22,(1,6)),(30,3)),25),((26,13),(20,10))),((((11,17),23),(28,21)),(4,(14,29)))));

STEP 35 [SPR_ClassicHeuristic_MP -> NNI_Substep_22] - Distance: 183.0000
((((12,(24,19)),(((7,16),(9,((5,(18,8)),2))),15)),27),(((((22,(1,6)),(30,3)),25),((26,13),(20,10))),((((11,17),23),(28,21)),(4,(14,29)))));

STEP 36 [SPR_ClassicHeuristic_MP -> NNI_Substep_23] - Distance: 183.0000
((((12,(24,19)),(((7,16),((9,(5,(18,8))),2)),15)),27),(((((22,(1,6)),(30,3)),25),((26,13),(20,10))),((((11,17),23),(28,21)),(4,(14,29)))));

STEP 37 [SPR_ClassicHeuristic_MP -> NNI_Substep_24] - Distance: 183.0000
((((12,(24,19)),((((7,16),(9,(5,(18,8)))),2),15)),27),(((((22,(1,6)),(30,3)),25),((26,13),(20,10))),((((11,17),23),(28,21)),(4,(14,29)))));

STEP 38 [SPR_ClassicHeuristic_MP -> NNI_Substep_25] - Distance: 183.0000
((((12,(24,19)),((((7,16),(9,(5,(18,8)))),15),2)),27),(((((22,(1,6)),(30,3)),25),((26,13),(20,10))),((((11,17),23),(28,21)),(4,(14,29)))));

STEP 39 [SPR_ClassicHeuristic_MP -> NNI_Substep_26] - Distance: 183.0000
(((((12,(24,19)),(((7,16),(9,(5,(18,8)))),15)),2),27),(((((22,(1,6)),(30,3)),25),((26,13),(20,10))),((((11,17),23),(28,21)),(4,(14,29)))));

STEP 40 [SPR_ClassicHeuristic_MP -> NNI_Substep_27] - Distance: 183.0000
(((((12,(24,19)),(((7,16),(9,(5,(18,8)))),15)),27),2),(((((22,(1,6)),(30,3)),25),((26,13),(20,10))),((((11,17),23),(28,21)),(4,(14,29)))));

STEP 41 [SPR_ClassicHeuristic_MP -> NNI_Substep_28] - Distance: 168.0000
((((12,(24,19)),(((7,16),(9,(5,(18,8)))),15)),27),(((((22,(1,6)),(30,3)),25),((26,13),(20,10))),(((((11,17),23),(28,21)),(4,(14,29))),2)));

STEP 42 [SPR_ClassicHeuristic_MP -> NNI_Substep_29] - Distance: 166.0000
((((12,(24,19)),(((7,16),(9,(5,(18,8)))),15)),27),(((((22,(1,6)),(30,3)),25),((26,13),(20,10))),(((((11,17),23),(28,21)),2),(4,(14,29)))));

STEP 43 [SPR_ClassicHeuristic_MP -> NNI_Substep_30] - Distance: 164.0000
((((12,(24,19)),(((7,16),(9,(5,(18,8)))),15)),27),(((((22,(1,6)),(30,3)),25),((26,13),(20,10))),(((((11,17),23),2),(28,21)),(4,(14,29)))));

STEP 44 [SPR_ClassicHeuristic_MP -> NNI_Substep_31] - Distance: 163.0000
((((12,(24,19)),(((7,16),(9,(5,(18,8)))),15)),27),(((((22,(1,6)),(30,3)),25),((26,13),(20,10))),(((((11,17),2),23),(28,21)),(4,(14,29)))));

STEP 45 [SPR_ClassicHeuristic_MP -> NNI_Substep_32] - Distance: 163.0000
((((12,(24,19)),(((7,16),(9,(5,(18,8)))),15)),27),((((((22,(1,6)),3),30),25),((26,13),(20,10))),(((((11,17),2),23),(28,21)),(4,(14,29)))));

STEP 46 [SPR_ClassicHeuristic_MP -> NNI_Substep_33] - Distance: 163.0000
((((12,(24,19)),(((7,16),(9,(5,(18,8)))),15)),27),((((((22,(1,6)),3),25),30),((26,13),(20,10))),(((((11,17),2),23),(28,21)),(4,(14,29)))));

STEP 47 [SPR_ClassicHeuristic_MP -> NNI_Substep_34] - Distance: 163.0000
((((12,(24,19)),(((7,16),(9,(5,(18,8)))),15)),27),((((((22,(1,6)),3),25),((26,13),(20,10))),30),(((((11,17),2),23),(28,21)),(4,(14,29)))));

STEP 48 [SPR_ClassicHeuristic_MP -> NNI_Substep_35] - Distance: 163.0000
((((12,(24,19)),(((7,16),(9,(5,(18,8)))),15)),27),((((((22,(1,6)),3),25),((26,13),(20,10))),(((((11,17),2),23),(28,21)),(4,(14,29)))),30));

STEP 49 [SPR_ClassicHeuristic_MP -> NNI_Substep_36] - Distance: 146.0000
(((((12,(24,19)),(((7,16),(9,(5,(18,8)))),15)),30),27),(((((22,(1,6)),3),25),((26,13),(20,10))),(((((11,17),2),23),(28,21)),(4,(14,29)))));

STEP 50 [SPR_ClassicHeuristic_MP -> NNI_Substep_37] - Distance: 144.0000
((((12,(24,19)),((((7,16),(9,(5,(18,8)))),15),30)),27),(((((22,(1,6)),3),25),((26,13),(20,10))),(((((11,17),2),23),(28,21)),(4,(14,29)))));

STEP 51 [SPR_ClassicHeuristic_MP -> NNI_Substep_38] - Distance: 143.0000
((((12,(24,19)),((((7,16),(9,(5,(18,8)))),30),15)),27),(((((22,(1,6)),3),25),((26,13),(20,10))),(((((11,17),2),23),(28,21)),(4,(14,29)))));

STEP 52 [SPR_ClassicHeuristic_MP -> NNI_Substep_39] - Distance: 143.0000
((((12,(24,19)),(((7,16),((9,(5,(18,8))),30)),15)),27),(((((22,(1,6)),3),25),((26,13),(20,10))),(((((11,17),2),23),(28,21)),(4,(14,29)))));

STEP 53 [SPR_ClassicHeuristic_MP -> NNI_Substep_40] - Distance: 143.0000
((((12,(24,19)),(((7,16),(9,((5,(18,8)),30))),15)),27),(((((22,(1,6)),3),25),((26,13),(20,10))),(((((11,17),2),23),(28,21)),(4,(14,29)))));

STEP 54 [SPR_ClassicHeuristic_MP -> NNI_Substep_41] - Distance: 142.0000
((((12,(24,19)),(((7,16),(9,(5,((18,8),30)))),15)),27),(((((22,(1,6)),3),25),((26,13),(20,10))),(((((11,17),2),23),(28,21)),(4,(14,29)))));

STEP 55 [SPR_ClassicHeuristic_MP -> NNI_Substep_42] - Distance: 142.0000
((((12,(24,19)),(((7,16),(9,(5,((18,8),30)))),15)),27),((((((22,6),1),3),25),((26,13),(20,10))),(((((11,17),2),23),(28,21)),(4,(14,29)))));

STEP 56 [SPR_ClassicHeuristic_MP -> NNI_Substep_43] - Distance: 142.0000
((((12,(24,19)),(((7,16),(9,(5,((18,8),30)))),15)),27),((((((22,6),3),1),25),((26,13),(20,10))),(((((11,17),2),23),(28,21)),(4,(14,29)))));

STEP 57 [SPR_ClassicHeuristic_MP -> NNI_Substep_44] - Distance: 142.0000
((((12,(24,19)),(((7,16),(9,(5,((18,8),30)))),15)),27),((((((22,6),3),25),1),((26,13),(20,10))),(((((11,17),2),23),(28,21)),(4,(14,29)))));

STEP 58 [SPR_ClassicHeuristic_MP -> NNI_Substep_45] - Distance: 142.0000
((((12,(24,19)),(((7,16),(9,(5,((18,8),30)))),15)),27),((((((22,6),3),25),((26,13),(20,10))),1),(((((11,17),2),23),(28,21)),(4,(14,29)))));

STEP 59 [SPR_ClassicHeuristic_MP -> NNI_Substep_46] - Distance: 142.0000
((((12,(24,19)),(((7,16),(9,(5,((18,8),30)))),15)),27),((((((22,6),3),25),((26,13),(20,10))),(((((11,17),2),23),(28,21)),(4,(14,29)))),1));

STEP 60 [SPR_ClassicHeuristic_MP -> NNI_Substep_47] - Distance: 125.0000
(((((12,(24,19)),(((7,16),(9,(5,((18,8),30)))),15)),1),27),(((((22,6),3),25),((26,13),(20,10))),(((((11,17),2),23),(28,21)),(4,(14,29)))));

STEP 61 [SPR_ClassicHeuristic_MP -> NNI_Substep_48] - Distance: 123.0000
((((12,(24,19)),((((7,16),(9,(5,((18,8),30)))),15),1)),27),(((((22,6),3),25),((26,13),(20,10))),(((((11,17),2),23),(28,21)),(4,(14,29)))));

STEP 62 [SPR_ClassicHeuristic_MP -> NNI_Substep_49] - Distance: 122.0000
((((12,(24,19)),((((7,16),(9,(5,((18,8),30)))),1),15)),27),(((((22,6),3),25),((26,13),(20,10))),(((((11,17),2),23),(28,21)),(4,(14,29)))));

STEP 63 [SPR_ClassicHeuristic_MP -> NNI_Substep_50] - Distance: 122.0000
((((12,(24,19)),(((7,16),((9,(5,((18,8),30))),1)),15)),27),(((((22,6),3),25),((26,13),(20,10))),(((((11,17),2),23),(28,21)),(4,(14,29)))));

STEP 64 [SPR_ClassicHeuristic_MP -> NNI_Substep_51] - Distance: 122.0000
((((12,(24,19)),(((7,16),(9,((5,((18,8),30)),1))),15)),27),(((((22,6),3),25),((26,13),(20,10))),(((((11,17),2),23),(28,21)),(4,(14,29)))));

STEP 65 [SPR_ClassicHeuristic_MP -> NNI_Substep_52] - Distance: 121.0000
((((12,(24,19)),(((7,16),(9,(5,(((18,8),30),1)))),15)),27),(((((22,6),3),25),((26,13),(20,10))),(((((11,17),2),23),(28,21)),(4,(14,29)))));

STEP 66 [SPR_ClassicHeuristic_MP -> NNI_Substep_53] - Distance: 120.0000
((((12,(24,19)),(((7,16),(9,(5,(((18,8),1),30)))),15)),27),(((((22,6),3),25),((26,13),(20,10))),(((((11,17),2),23),(28,21)),(4,(14,29)))));

STEP 67 [SPR_ClassicHeuristic_MP -> NNI_Substep_54] - Distance: 119.0000
((((12,(24,19)),(((7,16),(9,(5,(((18,1),8),30)))),15)),27),(((((22,6),3),25),((26,13),(20,10))),(((((11,17),2),23),(28,21)),(4,(14,29)))));

STEP 68 [SPR_ClassicHeuristic_MP -> NNI_Substep_55] - Distance: 119.0000
((((12,(24,19)),((((7,16),(5,(((18,1),8),30))),9),15)),27),(((((22,6),3),25),((26,13),(20,10))),(((((11,17),2),23),(28,21)),(4,(14,29)))));

STEP 69 [SPR_ClassicHeuristic_MP -> NNI_Substep_56] - Distance: 119.0000
((((12,(24,19)),((((7,16),(5,(((18,1),8),30))),15),9)),27),(((((22,6),3),25),((26,13),(20,10))),(((((11,17),2),23),(28,21)),(4,(14,29)))));

STEP 70 [SPR_ClassicHeuristic_MP -> NNI_Substep_57] - Distance: 119.0000
(((((12,(24,19)),(((7,16),(5,(((18,1),8),30))),15)),9),27),(((((22,6),3),25),((26,13),(20,10))),(((((11,17),2),23),(28,21)),(4,(14,29)))));

STEP 71 [SPR_ClassicHeuristic_MP -> NNI_Substep_58] - Distance: 119.0000
(((((12,(24,19)),(((7,16),(5,(((18,1),8),30))),15)),27),9),(((((22,6),3),25),((26,13),(20,10))),(((((11,17),2),23),(28,21)),(4,(14,29)))));

STEP 72 [SPR_ClassicHeuristic_MP -> NNI_Substep_59] - Distance: 98.0000
((((12,(24,19)),(((7,16),(5,(((18,1),8),30))),15)),27),((((((22,6),3),25),((26,13),(20,10))),9),(((((11,17),2),23),(28,21)),(4,(14,29)))));

STEP 73 [SPR_ClassicHeuristic_MP -> NNI_Substep_60] - Distance: 95.0000
((((12,(24,19)),(((7,16),(5,(((18,1),8),30))),15)),27),(((((22,6),3),25),(((26,13),(20,10)),9)),(((((11,17),2),23),(28,21)),(4,(14,29)))));

STEP 74 [SPR_ClassicHeuristic_MP -> NNI_Substep_61] - Distance: 95.0000
((((12,(24,19)),(((7,(5,(((18,1),8),30))),16),15)),27),(((((22,6),3),25),(((26,13),(20,10)),9)),(((((11,17),2),23),(28,21)),(4,(14,29)))));

STEP 75 [SPR_ClassicHeuristic_MP -> NNI_Substep_62] - Distance: 95.0000
((((12,(24,19)),(((7,(5,(((18,1),8),30))),15),16)),27),(((((22,6),3),25),(((26,13),(20,10)),9)),(((((11,17),2),23),(28,21)),(4,(14,29)))));

STEP 76 [SPR_ClassicHeuristic_MP -> NNI_Substep_63] - Distance: 95.0000
(((((12,(24,19)),((7,(5,(((18,1),8),30))),15)),16),27),(((((22,6),3),25),(((26,13),(20,10)),9)),(((((11,17),2),23),(28,21)),(4,(14,29)))));

STEP 77 [SPR_ClassicHeuristic_MP -> NNI_Substep_64] - Distance: 95.0000
(((((12,(24,19)),((7,(5,(((18,1),8),30))),15)),27),16),(((((22,6),3),25),(((26,13),(20,10)),9)),(((((11,17),2),23),(28,21)),(4,(14,29)))));

STEP 78 [SPR_ClassicHeuristic_MP -> NNI_Substep_65] - Distance: 74.0000
((((12,(24,19)),((7,(5,(((18,1),8),30))),15)),27),((((((22,6),3),25),(((26,13),(20,10)),9)),16),(((((11,17),2),23),(28,21)),(4,(14,29)))));

STEP 79 [SPR_ClassicHeuristic_MP -> NNI_Substep_66] - Distance: 71.0000
((((12,(24,19)),((7,(5,(((18,1),8),30))),15)),27),((((((22,6),3),25),16),(((26,13),(20,10)),9)),(((((11,17),2),23),(28,21)),(4,(14,29)))));

STEP 80 [SPR_ClassicHeuristic_MP -> NNI_Substep_67] - Distance: 71.0000
((((12,(24,19)),((7,(5,(((18,1),8),30))),15)),27),((((((22,6),25),3),16),(((26,13),(20,10)),9)),(((((11,17),2),23),(28,21)),(4,(14,29)))));

STEP 81 [SPR_ClassicHeuristic_MP -> NNI_Substep_68] - Distance: 71.0000
((((12,(24,19)),((7,(5,(((18,1),8),30))),15)),27),((((((22,6),25),16),3),(((26,13),(20,10)),9)),(((((11,17),2),23),(28,21)),(4,(14,29)))));

STEP 82 [SPR_ClassicHeuristic_MP -> NNI_Substep_69] - Distance: 70.0000
((((12,(24,19)),((7,(5,(((18,1),8),30))),15)),27),((((((22,6),25),16),(((26,13),(20,10)),9)),3),(((((11,17),2),23),(28,21)),(4,(14,29)))));

STEP 83 [SPR_ClassicHeuristic_MP -> NNI_Substep_70] - Distance: 70.0000
((((12,(24,19)),((7,(5,(((18,1),8),30))),15)),27),((((((22,6),25),16),(((26,13),(20,10)),9)),(((((11,17),2),23),(28,21)),(4,(14,29)))),3));

STEP 84 [SPR_ClassicHeuristic_MP -> NNI_Substep_71] - Distance: 63.0000
((((12,(24,19)),((7,(5,(((18,1),8),30))),15)),27),(((((22,6),25),16),(((26,13),(20,10)),9)),((((((11,17),2),23),(28,21)),(4,(14,29))),3)));

STEP 85 [SPR_ClassicHeuristic_MP -> NNI_Substep_72] - Distance: 61.0000
((((12,(24,19)),((7,(5,(((18,1),8),30))),15)),27),(((((22,6),25),16),(((26,13),(20,10)),9)),((((((11,17),2),23),(28,21)),3),(4,(14,29)))));

STEP 86 [SPR_ClassicHeuristic_MP -> NNI_Substep_73] - Distance: 59.0000
((((12,(24,19)),((7,(5,(((18,1),8),30))),15)),27),(((((22,6),25),16),(((26,13),(20,10)),9)),((((((11,17),2),23),3),(28,21)),(4,(14,29)))));

STEP 87 [SPR_ClassicHeuristic_MP -> NNI_Substep_74] - Distance: 56.0000
((((12,(24,19)),((7,(5,(((18,1),8),30))),15)),27),(((((22,6),25),16),(((26,13),(20,10)),9)),(((((11,17),2),(23,3)),(28,21)),(4,(14,29)))));

STEP 88 [SPR_ClassicHeuristic_MP -> NNI_Substep_75] - Distance: 56.0000
((((12,(24,19)),((7,(5,(((18,1),8),30))),15)),27),(((((22,6),25),16),(((26,(20,10)),13),9)),(((((11,17),2),(23,3)),(28,21)),(4,(14,29)))));

STEP 89 [SPR_ClassicHeuristic_MP -> NNI_Substep_76] - Distance: 56.0000
((((12,(24,19)),((7,(5,(((18,1),8),30))),15)),27),(((((22,6),25),16),(((26,(20,10)),9),13)),(((((11,17),2),(23,3)),(28,21)),(4,(14,29)))));

STEP 90 [SPR_ClassicHeuristic_MP -> NNI_Substep_77] - Distance: 56.0000
((((12,(24,19)),((7,(5,(((18,1),8),30))),15)),27),((((((22,6),25),16),((26,(20,10)),9)),13),(((((11,17),2),(23,3)),(28,21)),(4,(14,29)))));

STEP 91 [SPR_ClassicHeuristic_MP -> NNI_Substep_78] - Distance: 56.0000
((((12,(24,19)),((7,(5,(((18,1),8),30))),15)),27),((((((22,6),25),16),((26,(20,10)),9)),(((((11,17),2),(23,3)),(28,21)),(4,(14,29)))),13));

STEP 92 [SPR_ClassicHeuristic_MP -> NNI_Substep_79] - Distance: 48.0000
((((12,(24,19)),((7,(5,(((18,1),8),30))),15)),27),(((((22,6),25),16),((26,(20,10)),9)),((((((11,17),2),(23,3)),(28,21)),(4,(14,29))),13)));

STEP 93 [SPR_ClassicHeuristic_MP -> NNI_Substep_80] - Distance: 46.0000
((((12,(24,19)),((7,(5,(((18,1),8),30))),15)),27),(((((22,6),25),16),((26,(20,10)),9)),((((((11,17),2),(23,3)),(28,21)),13),(4,(14,29)))));

STEP 94 [SPR_ClassicHeuristic_MP -> NNI_Substep_81] - Distance: 44.0000
((((12,(24,19)),((7,(5,(((18,1),8),30))),15)),27),(((((22,6),25),16),((26,(20,10)),9)),((((((11,17),2),(23,3)),13),(28,21)),(4,(14,29)))));

STEP 95 [SPR_ClassicHeuristic_MP -> NNI_Substep_82] - Distance: 41.0000
((((12,(24,19)),((7,(5,(((18,1),8),30))),15)),27),(((((22,6),25),16),((26,(20,10)),9)),(((((11,17),2),((23,3),13)),(28,21)),(4,(14,29)))));

STEP 96 [SPR_ClassicHeuristic_MP -> NNI_Substep_83] - Distance: 40.0000
((((12,(24,19)),((7,(5,(((18,1),8),30))),15)),27),(((((22,6),25),16),((26,(20,10)),9)),(((((11,17),2),((23,13),3)),(28,21)),(4,(14,29)))));

STEP 97 [SPR_ClassicHeuristic_MP -> NNI_Substep_84] - Distance: 40.0000
((((12,(24,19)),((7,(5,(((18,1),8),30))),15)),27),(((((22,6),25),16),((26,(20,10)),9)),(((((11,17),2),((23,13),3)),(28,21)),((4,29),14))));

STEP 98 [SPR_ClassicHeuristic_MP -> NNI_Substep_85] - Distance: 40.0000
((((12,(24,19)),((7,(5,(((18,1),8),30))),15)),27),(((((22,6),25),16),((26,(20,10)),9)),((((((11,17),2),((23,13),3)),(28,21)),(4,29)),14)));

STEP 99 [SPR_ClassicHeuristic_MP -> NNI_Substep_86] - Distance: 37.0000
((((12,(24,19)),((7,(5,(((18,1),8),30))),15)),27),((((((22,6),25),16),((26,(20,10)),9)),(((((11,17),2),((23,13),3)),(28,21)),(4,29))),14));

STEP 100 [SPR_ClassicHeuristic_MP -> NNI_Substep_87] - Distance: 27.0000
((((12,(24,19)),((7,(5,(((18,1),8),30))),15)),27),((((((22,6),25),16),((26,(20,10)),9)),14),(((((11,17),2),((23,13),3)),(28,21)),(4,29))));

STEP 101 [SPR_ClassicHeuristic_MP -> NNI_Substep_88] - Distance: 24.0000
((((12,(24,19)),((7,(5,(((18,1),8),30))),15)),27),((((((22,6),25),16),14),((26,(20,10)),9)),(((((11,17),2),((23,13),3)),(28,21)),(4,29))));

STEP 102 [SPR_ClassicHeuristic_MP -> NNI_Substep_89] - Distance: 24.0000
(((((12,19),24),((7,(5,(((18,1),8),30))),15)),27),((((((22,6),25),16),14),((26,(20,10)),9)),(((((11,17),2),((23,13),3)),(28,21)),(4,29))));

STEP 103 [SPR_ClassicHeuristic_MP -> NNI_Substep_90] - Distance: 23.0000
(((((12,19),((7,(5,(((18,1),8),30))),15)),24),27),((((((22,6),25),16),14),((26,(20,10)),9)),(((((11,17),2),((23,13),3)),(28,21)),(4,29))));

STEP 104 [SPR_ClassicHeuristic_MP -> NNI_Substep_91] - Distance: 21.0000
((((12,19),(((7,(5,(((18,1),8),30))),15),24)),27),((((((22,6),25),16),14),((26,(20,10)),9)),(((((11,17),2),((23,13),3)),(28,21)),(4,29))));

STEP 105 [SPR_ClassicHeuristic_MP -> NNI_Substep_92] - Distance: 15.0000
((((12,19),((7,(5,(((18,1),8),30))),(15,24))),27),((((((22,6),25),16),14),((26,(20,10)),9)),(((((11,17),2),((23,13),3)),(28,21)),(4,29))));

STEP 106 [SPR_ClassicHeuristic_MP -> NNI_Substep_93] - Distance: 15.0000
((((12,19),((7,(5,(((18,1),8),30))),(15,24))),27),((((((22,6),25),16),14),(((26,20),10),9)),(((((11,17),2),((23,13),3)),(28,21)),(4,29))));

STEP 107 [SPR_ClassicHeuristic_MP -> NNI_Substep_94] - Distance: 15.0000
((((12,19),((7,(5,(((18,1),8),30))),(15,24))),27),((((((22,6),25),16),14),(((26,20),9),10)),(((((11,17),2),((23,13),3)),(28,21)),(4,29))));

STEP 108 [SPR_ClassicHeuristic_MP -> NNI_Substep_95] - Distance: 12.0000
((((12,19),((7,(5,(((18,1),8),30))),(15,24))),27),(((((((22,6),25),16),14),((26,20),9)),10),(((((11,17),2),((23,13),3)),(28,21)),(4,29))));

STEP 109 [SPR_ClassicHeuristic_MP -> NNI_Substep_96] - Distance: 9.0000
((((12,19),((7,(5,(((18,1),8),30))),(15,24))),27),(((((((22,6),25),16),14),10),((26,20),9)),(((((11,17),2),((23,13),3)),(28,21)),(4,29))));

STEP 110 [SPR_ClassicHeuristic_MP -> NNI_Substep_97] - Distance: 9.0000
((((12,19),((7,(5,(((18,1),8),30))),(15,24))),27),(((((((22,25),6),16),14),10),((26,20),9)),(((((11,17),2),((23,13),3)),(28,21)),(4,29))));

STEP 111 [SPR_ClassicHeuristic_MP -> NNI_Substep_98] - Distance: 9.0000
((((12,19),((7,(5,(((18,1),8),30))),(15,24))),27),(((((((22,25),16),6),14),10),((26,20),9)),(((((11,17),2),((23,13),3)),(28,21)),(4,29))));

STEP 112 [SPR_ClassicHeuristic_MP -> NNI_Substep_99] - Distance: 8.0000
((((12,19),((7,(5,(((18,1),8),30))),(15,24))),27),(((((((22,25),16),14),6),10),((26,20),9)),(((((11,17),2),((23,13),3)),(28,21)),(4,29))));

STEP 113 [SPR_ClassicHeuristic_MP -> NNI_Substep_100] - Distance: 8.0000
((((12,19),((7,(5,(((18,1),8),30))),(15,24))),27),(((((((22,25),16),14),10),6),((26,20),9)),(((((11,17),2),((23,13),3)),(28,21)),(4,29))));

STEP 114 [SPR_ClassicHeuristic_MP -> NNI_Substep_101] - Distance: 4.0000
((((12,19),((7,(5,(((18,1),8),30))),(15,24))),27),((((((22,25),16),14),(10,6)),((26,20),9)),(((((11,17),2),((23,13),3)),(28,21)),(4,29))));

STEP 115 [SPR_ClassicHeuristic_MP -> NNI_Substep_102] - Distance: 0.0000
((((12,19),(((5,7),(((18,1),8),30)),(15,24))),27),((((((22,25),16),14),(10,6)),((26,20),9)),(((((11,17),2),((23,13),3)),(28,21)),(4,29))));

========================================================
[FINAL] Total Steps: 115 | Final Distance: 0.0000
========================================================
