========================================================
HEURISTIC TRAJECTORY: VND Classic (MS)
========================================================
STEP 0 [START] - Distance: 139.0000
(((12,8),((21,(27,(22,20))),(4,26))),(((28,29),(7,((10,1),(13,2)))),(6,(9,17))),(((23,(24,25)),((5,(16,(14,15))),(19,30))),(18,(3,11))));

STEP 1 [NNI_ClassicHeuristic_MS -> NNI_Substep_1] - Distance: 136.0000
(((12,8),((21,(27,(22,20))),(4,26))),(((28,29),(7,((10,1),(13,2)))),(6,(9,17))),(((23,(24,25)),(18,(3,11))),((5,(16,(14,15))),(19,30))));

STEP 2 [NNI_ClassicHeuristic_MS -> NNI_Substep_2] - Distance: 134.0000
(((21,(27,(22,20))),((12,8),(4,26))),(((28,29),(7,((10,1),(13,2)))),(6,(9,17))),(((23,(24,25)),(18,(3,11))),((5,(16,(14,15))),(19,30))));

STEP 3 [NNI_ClassicHeuristic_MS -> NNI_Substep_3] - Distance: 132.0000
(((21,(27,(22,20))),((12,8),(4,26))),(((28,29),(6,(9,17))),(7,((10,1),(13,2)))),(((23,(24,25)),(18,(3,11))),((5,(16,(14,15))),(19,30))));

STEP 4 [NNI_ClassicHeuristic_MS -> NNI_Substep_4] - Distance: 131.0000
((((22,20),(27,21)),((12,8),(4,26))),(((28,29),(6,(9,17))),(7,((10,1),(13,2)))),(((23,(24,25)),(18,(3,11))),((5,(16,(14,15))),(19,30))));

STEP 5 [NNI_ClassicHeuristic_MS -> NNI_Substep_5] - Distance: 130.0000
((((22,20),(27,21)),(((4,26),8),12)),(((28,29),(6,(9,17))),(7,((10,1),(13,2)))),(((23,(24,25)),(18,(3,11))),((5,(16,(14,15))),(19,30))));

STEP 6 [NNI_ClassicHeuristic_MS -> NNI_Substep_6] - Distance: 128.0000
((((22,20),(27,21)),(((4,8),26),12)),(((28,29),(6,(9,17))),(7,((10,1),(13,2)))),(((23,(24,25)),(18,(3,11))),((5,(16,(14,15))),(19,30))));

STEP 7 [NNI_ClassicHeuristic_MS -> NNI_Substep_7] - Distance: 127.0000
((((22,20),(27,21)),(((4,8),26),12)),(((28,29),(6,(9,17))),(7,(((13,2),1),10))),(((23,(24,25)),(18,(3,11))),((5,(16,(14,15))),(19,30))));

STEP 8 [NNI_ClassicHeuristic_MS -> NNI_Substep_8] - Distance: 126.0000
((((22,20),(27,21)),(((4,8),26),12)),(((28,29),(6,(9,17))),(7,(((13,2),1),10))),(((23,(24,25)),(18,(3,11))),(((14,15),(16,5)),(19,30))));

STEP 9 [uTBR_ClassicHeuristic_MS -> NNI_Substep_1] - Distance: 126.0000
((((22,20),(((4,8),26),12)),(27,21)),(((28,29),(6,(9,17))),(7,(((13,2),1),10))),(((23,(24,25)),(18,(3,11))),(((14,15),(16,5)),(19,30))));

STEP 10 [uTBR_ClassicHeuristic_MS -> NNI_Substep_2] - Distance: 126.0000
(((22,20),(((4,8),26),12)),((((28,29),(6,(9,17))),(7,(((13,2),1),10))),(27,21)),(((23,(24,25)),(18,(3,11))),(((14,15),(16,5)),(19,30))));

STEP 11 [uTBR_ClassicHeuristic_MS -> NNI_Substep_3] - Distance: 123.0000
(((22,20),(((4,8),26),12)),((((28,29),(6,(9,17))),(27,21)),(7,(((13,2),1),10))),(((23,(24,25)),(18,(3,11))),(((14,15),(16,5)),(19,30))));

STEP 12 [uTBR_ClassicHeuristic_MS -> NNI_Substep_4] - Distance: 120.0000
(((22,20),(((4,8),26),12)),((((28,29),(27,21)),(6,(9,17))),(7,(((13,2),1),10))),(((23,(24,25)),(18,(3,11))),(((14,15),(16,5)),(19,30))));

STEP 13 [uTBR_ClassicHeuristic_MS -> NNI_Substep_5] - Distance: 119.0000
(((22,20),(((4,8),26),12)),((((28,(27,21)),29),(6,(9,17))),(7,(((13,2),1),10))),(((23,(24,25)),(18,(3,11))),(((14,15),(16,5)),(19,30))));

STEP 14 [uTBR_ClassicHeuristic_MS -> NNI_Substep_6] - Distance: 121.0000
(((22,20),(((4,8),26),12)),((((28,(27,21)),29),(6,(9,17))),(7,(((13,2),1),10))),((((23,(24,25)),(18,(3,11))),((14,15),(16,5))),(19,30)));

STEP 15 [uTBR_ClassicHeuristic_MS -> NNI_Substep_7] - Distance: 117.0000
(((22,20),(((4,8),26),12)),(((((28,(27,21)),29),(6,(9,17))),(7,(((13,2),1),10))),(19,30)),(((23,(24,25)),(18,(3,11))),((14,15),(16,5))));

STEP 16 [uTBR_ClassicHeuristic_MS -> NNI_Substep_8] - Distance: 114.0000
(((22,20),(((4,8),26),12)),(((((28,(27,21)),29),(6,(9,17))),(19,30)),(7,(((13,2),1),10))),(((23,(24,25)),(18,(3,11))),((14,15),(16,5))));

STEP 17 [uTBR_ClassicHeuristic_MS -> NNI_Substep_9] - Distance: 112.0000
(((22,20),(((4,8),26),12)),((((28,(27,21)),29),((6,(9,17)),(19,30))),(7,(((13,2),1),10))),(((23,(24,25)),(18,(3,11))),((14,15),(16,5))));

STEP 18 [uTBR_ClassicHeuristic_MS -> NNI_Substep_10] - Distance: 111.0000
(((22,20),((26,12),(4,8))),((((28,(27,21)),29),((6,(9,17)),(19,30))),(7,(((13,2),1),10))),(((23,(24,25)),(18,(3,11))),((14,15),(16,5))));

STEP 19 [uTBR_ClassicHeuristic_MS -> NNI_Substep_11] - Distance: 111.0000
((((22,20),(26,12)),(4,8)),((((28,(27,21)),29),((6,(9,17)),(19,30))),(7,(((13,2),1),10))),(((23,(24,25)),(18,(3,11))),((14,15),(16,5))));

STEP 20 [uTBR_ClassicHeuristic_MS -> NNI_Substep_12] - Distance: 111.0000
(((22,20),(26,12)),((((28,(27,21)),29),((6,(9,17)),(19,30))),(7,(((13,2),1),10))),((((23,(24,25)),(18,(3,11))),((14,15),(16,5))),(4,8)));

STEP 21 [uTBR_ClassicHeuristic_MS -> NNI_Substep_13] - Distance: 107.0000
(((22,20),(26,12)),((((28,(27,21)),29),((6,(9,17)),(19,30))),(7,(((13,2),1),10))),((((23,(24,25)),(18,(3,11))),(4,8)),((14,15),(16,5))));

STEP 22 [uTBR_ClassicHeuristic_MS -> NNI_Substep_14] - Distance: 104.0000
(((22,20),(26,12)),((((28,(27,21)),29),((6,(9,17)),(19,30))),(7,(((13,2),1),10))),(((23,(24,25)),((18,(3,11)),(4,8))),((14,15),(16,5))));

STEP 23 [uTBR_ClassicHeuristic_MS -> NNI_Substep_15] - Distance: 102.0000
(((22,20),(26,12)),((((28,(27,21)),29),((6,(9,17)),(19,30))),(7,(((13,2),1),10))),(((23,(24,25)),((18,(4,8)),(3,11))),((14,15),(16,5))));

STEP 24 [uTBR_ClassicHeuristic_MS -> NNI_Substep_16] - Distance: 102.0000
(((22,20),(26,12)),((((28,(27,21)),29),((6,(9,17)),(19,30))),(7,(((13,2),1),10))),((((23,25),24),((18,(4,8)),(3,11))),((14,15),(16,5))));

STEP 25 [uTBR_ClassicHeuristic_MS -> NNI_Substep_17] - Distance: 104.0000
(((22,20),(26,12)),((((28,(27,21)),29),((6,(9,17)),(19,30))),(7,(((13,2),1),10))),((((23,25),((18,(4,8)),(3,11))),24),((14,15),(16,5))));

STEP 26 [uTBR_ClassicHeuristic_MS -> NNI_Substep_18] - Distance: 105.0000
(((22,20),(26,12)),((((28,(27,21)),29),((6,(9,17)),(19,30))),(7,(((13,2),1),10))),((((23,25),((18,(4,8)),(3,11))),((14,15),(16,5))),24));

STEP 27 [uTBR_ClassicHeuristic_MS -> NNI_Substep_19] - Distance: 106.0000
(((22,20),(26,12)),(((((28,(27,21)),29),((6,(9,17)),(19,30))),(7,(((13,2),1),10))),24),(((23,25),((18,(4,8)),(3,11))),((14,15),(16,5))));

STEP 28 [uTBR_ClassicHeuristic_MS -> NNI_Substep_20] - Distance: 102.0000
(((22,20),(26,12)),((((28,(27,21)),29),((6,(9,17)),(19,30))),((7,(((13,2),1),10)),24)),(((23,25),((18,(4,8)),(3,11))),((14,15),(16,5))));

STEP 29 [uTBR_ClassicHeuristic_MS -> NNI_Substep_21] - Distance: 100.0000
(((22,20),(26,12)),((((28,(27,21)),29),((6,(9,17)),(19,30))),(7,((((13,2),1),10),24))),(((23,25),((18,(4,8)),(3,11))),((14,15),(16,5))));

STEP 30 [uTBR_ClassicHeuristic_MS -> NNI_Substep_22] - Distance: 98.0000
(((22,20),(26,12)),((((28,(27,21)),29),((6,(9,17)),(19,30))),(7,((((13,2),1),24),10))),(((23,25),((18,(4,8)),(3,11))),((14,15),(16,5))));

STEP 31 [uTBR_ClassicHeuristic_MS -> NNI_Substep_23] - Distance: 95.0000
(((22,20),(26,12)),((((28,(27,21)),29),((6,(9,17)),(19,30))),(7,(((13,2),(1,24)),10))),(((23,25),((18,(4,8)),(3,11))),((14,15),(16,5))));

STEP 32 [uTBR_ClassicHeuristic_MS -> NNI_Substep_24] - Distance: 93.0000
(((22,20),(26,12)),((((28,(27,21)),29),((6,(9,17)),(19,30))),(7,(((13,2),(1,24)),10))),(((14,15),(16,5)),((3,11),((18,(4,8)),(23,25)))));

STEP 33 [uTBR_ClassicHeuristic_MS -> NNI_Substep_25] - Distance: 94.0000
(((22,20),(26,12)),(((((28,(27,21)),29),((6,(9,17)),(19,30))),(7,(((13,2),(1,24)),10))),((3,11),((18,(4,8)),(23,25)))),((14,15),(16,5)));

STEP 34 [uTBR_ClassicHeuristic_MS -> NNI_Substep_26] - Distance: 89.0000
(((22,20),(26,12)),(((((28,(27,21)),29),((6,(9,17)),(19,30))),((3,11),((18,(4,8)),(23,25)))),(7,(((13,2),(1,24)),10))),((14,15),(16,5)));

STEP 35 [uTBR_ClassicHeuristic_MS -> NNI_Substep_27] - Distance: 90.0000
(((22,20),(26,12)),(((((28,(27,21)),29),((6,(9,17)),(19,30))),((3,11),((18,(4,8)),(23,25)))),(7,(((13,2),(1,24)),10))),((15,(16,5)),14));

STEP 36 [uTBR_ClassicHeuristic_MS -> NNI_Substep_28] - Distance: 91.0000
(((22,20),(26,12)),((((((28,(27,21)),29),((6,(9,17)),(19,30))),((3,11),((18,(4,8)),(23,25)))),(7,(((13,2),(1,24)),10))),14),(15,(16,5)));

STEP 37 [uTBR_ClassicHeuristic_MS -> NNI_Substep_29] - Distance: 90.0000
(((22,20),(26,12)),((((((28,(27,21)),29),((6,(9,17)),(19,30))),((3,11),((18,(4,8)),(23,25)))),14),(7,(((13,2),(1,24)),10))),(15,(16,5)));

STEP 38 [uTBR_ClassicHeuristic_MS -> NNI_Substep_30] - Distance: 84.0000
(((22,20),(26,12)),(((((28,(27,21)),29),((6,(9,17)),(19,30))),(((3,11),((18,(4,8)),(23,25))),14)),(7,(((13,2),(1,24)),10))),(15,(16,5)));

STEP 39 [uTBR_ClassicHeuristic_MS -> NNI_Substep_31] - Distance: 81.0000
(((22,20),(26,12)),(((((28,(27,21)),29),((6,(9,17)),(19,30))),((3,11),(((18,(4,8)),(23,25)),14))),(7,(((13,2),(1,24)),10))),(15,(16,5)));

STEP 40 [uTBR_ClassicHeuristic_MS -> NNI_Substep_32] - Distance: 80.0000
(((22,20),(26,12)),(((((28,(27,21)),29),((6,(9,17)),(19,30))),((3,11),(((18,(4,8)),14),(23,25)))),(7,(((13,2),(1,24)),10))),(15,(16,5)));

STEP 41 [uTBR_ClassicHeuristic_MS -> NNI_Substep_33] - Distance: 80.0000
(((22,20),(26,12)),((((((28,(27,21)),29),((6,(9,17)),(19,30))),((3,11),(((18,(4,8)),14),(23,25)))),(7,(((13,2),(1,24)),10))),(16,5)),15);

STEP 42 [uTBR_ClassicHeuristic_MS -> NNI_Substep_34] - Distance: 79.0000
(((22,20),(26,12)),(((((28,(27,21)),29),((6,(9,17)),(19,30))),((3,11),(((18,(4,8)),14),(23,25)))),((7,(((13,2),(1,24)),10)),(16,5))),15);

STEP 43 [uTBR_ClassicHeuristic_MS -> NNI_Substep_35] - Distance: 78.0000
(((22,20),(26,12)),(((((28,(27,21)),29),((6,(9,17)),(19,30))),((3,11),(((18,(4,8)),14),(23,25)))),(7,((((13,2),(1,24)),10),(16,5)))),15);

STEP 44 [uTBR_ClassicHeuristic_MS -> NNI_Substep_36] - Distance: 74.0000
(((22,20),(26,12)),(((((28,(27,21)),29),((6,(9,17)),(19,30))),((3,11),(((18,(4,8)),14),(23,25)))),(7,(((13,2),(1,24)),(10,(16,5))))),15);

STEP 45 [uTBR_ClassicHeuristic_MS -> NNI_Substep_37] - Distance: 74.0000
(((22,20),(26,12)),((((((28,27),21),29),((6,(9,17)),(19,30))),((3,11),(((18,(4,8)),14),(23,25)))),(7,(((13,2),(1,24)),(10,(16,5))))),15);

STEP 46 [uTBR_ClassicHeuristic_MS -> NNI_Substep_38] - Distance: 74.0000
(((22,20),(26,12)),((((((28,27),29),21),((6,(9,17)),(19,30))),((3,11),(((18,(4,8)),14),(23,25)))),(7,(((13,2),(1,24)),(10,(16,5))))),15);

STEP 47 [uTBR_ClassicHeuristic_MS -> NNI_Substep_39] - Distance: 76.0000
(((22,20),(26,12)),((((((28,27),29),((6,(9,17)),(19,30))),21),((3,11),(((18,(4,8)),14),(23,25)))),(7,(((13,2),(1,24)),(10,(16,5))))),15);

STEP 48 [uTBR_ClassicHeuristic_MS -> NNI_Substep_40] - Distance: 74.0000
(((22,20),(26,12)),(((((28,27),29),(((6,(9,17)),(19,30)),21)),((3,11),(((18,(4,8)),14),(23,25)))),(7,(((13,2),(1,24)),(10,(16,5))))),15);

STEP 49 [uTBR_ClassicHeuristic_MS -> NNI_Substep_41] - Distance: 71.0000
(((22,20),(26,12)),(((((28,27),29),(((6,(9,17)),21),(19,30))),((3,11),(((18,(4,8)),14),(23,25)))),(7,(((13,2),(1,24)),(10,(16,5))))),15);

STEP 50 [uTBR_ClassicHeuristic_MS -> NNI_Substep_42] - Distance: 68.0000
(((22,20),(26,12)),(((((28,27),29),(((6,21),(9,17)),(19,30))),((3,11),(((18,(4,8)),14),(23,25)))),(7,(((13,2),(1,24)),(10,(16,5))))),15);

STEP 51 [uTBR_ClassicHeuristic_MS -> NNI_Substep_43] - Distance: 69.0000
(((22,20),(26,12)),(((((28,27),29),(((6,21),(9,17)),(19,30))),((3,11),(((18,(4,8)),14),(23,25)))),(7,(((13,(1,24)),2),(10,(16,5))))),15);

STEP 52 [uTBR_ClassicHeuristic_MS -> NNI_Substep_44] - Distance: 69.0000
(((22,20),(26,12)),(((((28,27),29),(((6,21),(9,17)),(19,30))),((3,11),(((18,(4,8)),14),(23,25)))),(7,(((13,(1,24)),(10,(16,5))),2))),15);

STEP 53 [uTBR_ClassicHeuristic_MS -> NNI_Substep_45] - Distance: 69.0000
(((22,20),(26,12)),(((((28,27),29),(((6,21),(9,17)),(19,30))),((3,11),(((18,(4,8)),14),(23,25)))),((7,((13,(1,24)),(10,(16,5)))),2)),15);

STEP 54 [uTBR_ClassicHeuristic_MS -> NNI_Substep_46] - Distance: 67.0000
(((22,20),(26,12)),((((((28,27),29),(((6,21),(9,17)),(19,30))),((3,11),(((18,(4,8)),14),(23,25)))),(7,((13,(1,24)),(10,(16,5))))),2),15);

STEP 55 [uTBR_ClassicHeuristic_MS -> NNI_Substep_47] - Distance: 69.0000
(((22,20),(26,12)),((((((28,27),29),(((6,21),(9,17)),(19,30))),((3,11),(((18,(4,8)),14),(23,25)))),2),(7,((13,(1,24)),(10,(16,5))))),15);

STEP 56 [uTBR_ClassicHeuristic_MS -> NNI_Substep_48] - Distance: 68.0000
(((22,20),(26,12)),((((((28,27),29),(((6,21),(9,17)),(19,30))),2),((3,11),(((18,(4,8)),14),(23,25)))),(7,((13,(1,24)),(10,(16,5))))),15);

STEP 57 [uTBR_ClassicHeuristic_MS -> NNI_Substep_49] - Distance: 63.0000
(((22,20),(26,12)),((((((28,27),29),2),(((6,21),(9,17)),(19,30))),((3,11),(((18,(4,8)),14),(23,25)))),(7,((13,(1,24)),(10,(16,5))))),15);

STEP 58 [uTBR_ClassicHeuristic_MS -> NNI_Substep_50] - Distance: 61.0000
(((22,20),(26,12)),((((((28,27),2),29),(((6,21),(9,17)),(19,30))),((3,11),(((18,(4,8)),14),(23,25)))),(7,((13,(1,24)),(10,(16,5))))),15);

STEP 59 [uTBR_ClassicHeuristic_MS -> NNI_Substep_51] - Distance: 60.0000
(((22,(26,12)),20),((((((28,27),2),29),(((6,21),(9,17)),(19,30))),((3,11),(((18,(4,8)),14),(23,25)))),(7,((13,(1,24)),(10,(16,5))))),15);

STEP 60 [uTBR_ClassicHeuristic_MS -> NNI_Substep_52] - Distance: 60.0000
((22,(26,12)),(((((((28,27),2),29),(((6,21),(9,17)),(19,30))),((3,11),(((18,(4,8)),14),(23,25)))),(7,((13,(1,24)),(10,(16,5))))),20),15);

STEP 61 [uTBR_ClassicHeuristic_MS -> NNI_Substep_53] - Distance: 61.0000
((22,(26,12)),((((((28,27),2),29),(((6,21),(9,17)),(19,30))),((3,11),(((18,(4,8)),14),(23,25)))),((7,((13,(1,24)),(10,(16,5)))),20)),15);

STEP 62 [uTBR_ClassicHeuristic_MS -> NNI_Substep_54] - Distance: 59.0000
((22,(26,12)),((((((28,27),2),29),(((6,21),(9,17)),(19,30))),((3,11),(((18,(4,8)),14),(23,25)))),(7,(((13,(1,24)),(10,(16,5))),20))),15);

STEP 63 [uTBR_ClassicHeuristic_MS -> NNI_Substep_55] - Distance: 57.0000
((22,(26,12)),((((((28,27),2),29),(((6,21),(9,17)),(19,30))),((3,11),(((18,(4,8)),14),(23,25)))),(7,(((13,(1,24)),20),(10,(16,5))))),15);

STEP 64 [uTBR_ClassicHeuristic_MS -> NNI_Substep_56] - Distance: 54.0000
((22,(26,12)),((((((28,27),2),29),(((6,21),(9,17)),(19,30))),((3,11),(((18,(4,8)),14),(23,25)))),(7,(((13,20),(1,24)),(10,(16,5))))),15);

STEP 65 [uTBR_ClassicHeuristic_MS -> NNI_Substep_57] - Distance: 57.0000
((22,(26,12)),((((((28,27),2),(((6,21),(9,17)),(19,30))),29),((3,11),(((18,(4,8)),14),(23,25)))),(7,(((13,20),(1,24)),(10,(16,5))))),15);

STEP 66 [uTBR_ClassicHeuristic_MS -> NNI_Substep_58] - Distance: 58.0000
((22,(26,12)),((((((28,27),2),(((6,21),(9,17)),(19,30))),((3,11),(((18,(4,8)),14),(23,25)))),29),(7,(((13,20),(1,24)),(10,(16,5))))),15);

STEP 67 [uTBR_ClassicHeuristic_MS -> NNI_Substep_59] - Distance: 51.0000
((22,(26,12)),((((((28,27),2),(((6,21),(9,17)),(19,30))),((3,11),(((18,(4,8)),14),(23,25)))),(7,(((13,20),(1,24)),(10,(16,5))))),29),15);

STEP 68 [uTBR_ClassicHeuristic_MS -> NNI_Substep_60] - Distance: 49.0000
(((22,(26,12)),29),(((((28,27),2),(((6,21),(9,17)),(19,30))),((3,11),(((18,(4,8)),14),(23,25)))),(7,(((13,20),(1,24)),(10,(16,5))))),15);

STEP 69 [uTBR_ClassicHeuristic_MS -> NNI_Substep_61] - Distance: 52.0000
(((22,(26,12)),29),(((((28,27),2),(((6,21),(9,17)),(19,30))),((3,(((18,(4,8)),14),(23,25))),11)),(7,(((13,20),(1,24)),(10,(16,5))))),15);

STEP 70 [uTBR_ClassicHeuristic_MS -> NNI_Substep_62] - Distance: 56.0000
(((22,(26,12)),29),((((((28,27),2),(((6,21),(9,17)),(19,30))),(3,(((18,(4,8)),14),(23,25)))),11),(7,(((13,20),(1,24)),(10,(16,5))))),15);

STEP 71 [uTBR_ClassicHeuristic_MS -> NNI_Substep_63] - Distance: 49.0000
(((22,(26,12)),29),((((((28,27),2),(((6,21),(9,17)),(19,30))),(3,(((18,(4,8)),14),(23,25)))),(7,(((13,20),(1,24)),(10,(16,5))))),11),15);

STEP 72 [uTBR_ClassicHeuristic_MS -> NNI_Substep_64] - Distance: 47.0000
((((22,(26,12)),29),11),(((((28,27),2),(((6,21),(9,17)),(19,30))),(3,(((18,(4,8)),14),(23,25)))),(7,(((13,20),(1,24)),(10,(16,5))))),15);

STEP 73 [uTBR_ClassicHeuristic_MS -> NNI_Substep_65] - Distance: 43.0000
(((22,(26,12)),(29,11)),(((((28,27),2),(((6,21),(9,17)),(19,30))),(3,(((18,(4,8)),14),(23,25)))),(7,(((13,20),(1,24)),(10,(16,5))))),15);

STEP 74 [uTBR_ClassicHeuristic_MS -> NNI_Substep_66] - Distance: 46.0000
(((22,(26,12)),(29,11)),(((((28,27),2),((((6,21),(9,17)),19),30)),(3,(((18,(4,8)),14),(23,25)))),(7,(((13,20),(1,24)),(10,(16,5))))),15);

STEP 75 [uTBR_ClassicHeuristic_MS -> NNI_Substep_67] - Distance: 44.0000
(((22,(26,12)),(29,11)),((((((28,27),2),(((6,21),(9,17)),19)),30),(3,(((18,(4,8)),14),(23,25)))),(7,(((13,20),(1,24)),(10,(16,5))))),15);

STEP 76 [uTBR_ClassicHeuristic_MS -> NNI_Substep_68] - Distance: 38.0000
(((22,(26,12)),(29,11)),((((((28,27),2),30),(((6,21),(9,17)),19)),(3,(((18,(4,8)),14),(23,25)))),(7,(((13,20),(1,24)),(10,(16,5))))),15);

STEP 77 [uTBR_ClassicHeuristic_MS -> NNI_Substep_69] - Distance: 38.0000
(((22,(26,12)),(29,11)),((((((28,27),2),30),(((6,21),(9,17)),19)),(3,(((18,(4,8)),14),(23,25)))),(7,(((13,20),(1,24)),((10,5),16)))),15);

STEP 78 [uTBR_ClassicHeuristic_MS -> NNI_Substep_70] - Distance: 41.0000
(((22,(26,12)),(29,11)),((((((28,27),2),30),(((6,21),(9,17)),19)),(3,(((18,(4,8)),14),(23,25)))),(7,((((13,20),(1,24)),(10,5)),16))),15);

STEP 79 [uTBR_ClassicHeuristic_MS -> NNI_Substep_71] - Distance: 38.0000
(((22,(26,12)),(29,11)),((((((28,27),2),30),(((6,21),(9,17)),19)),(3,(((18,(4,8)),14),(23,25)))),(7,((((13,20),(1,24)),16),(10,5)))),15);

STEP 80 [uTBR_ClassicHeuristic_MS -> NNI_Substep_72] - Distance: 35.0000
(((22,(26,12)),(29,11)),((((((28,27),2),30),(((6,21),(9,17)),19)),(3,(((18,(4,8)),14),(23,25)))),(7,((((13,20),16),(1,24)),(10,5)))),15);

STEP 81 [uTBR_ClassicHeuristic_MS -> NNI_Substep_73] - Distance: 33.0000
(((22,(26,12)),(29,11)),((((((28,27),2),30),(((6,21),(9,17)),19)),(3,(((18,(4,8)),14),(23,25)))),(7,(((13,(20,16)),(1,24)),(10,5)))),15);

STEP 82 [uTBR_ClassicHeuristic_MS -> NNI_Substep_74] - Distance: 33.0000
((((22,26),12),(29,11)),((((((28,27),2),30),(((6,21),(9,17)),19)),(3,(((18,(4,8)),14),(23,25)))),(7,(((13,(20,16)),(1,24)),(10,5)))),15);

STEP 83 [uTBR_ClassicHeuristic_MS -> NNI_Substep_75] - Distance: 34.0000
((((22,26),(29,11)),12),((((((28,27),2),30),(((6,21),(9,17)),19)),(3,(((18,(4,8)),14),(23,25)))),(7,(((13,(20,16)),(1,24)),(10,5)))),15);

STEP 84 [uTBR_ClassicHeuristic_MS -> NNI_Substep_76] - Distance: 34.0000
(((22,26),(29,11)),(((((((28,27),2),30),(((6,21),(9,17)),19)),(3,(((18,(4,8)),14),(23,25)))),(7,(((13,(20,16)),(1,24)),(10,5)))),12),15);

STEP 85 [uTBR_ClassicHeuristic_MS -> NNI_Substep_77] - Distance: 35.0000
(((22,26),(29,11)),((((((28,27),2),30),(((6,21),(9,17)),19)),(3,(((18,(4,8)),14),(23,25)))),((7,(((13,(20,16)),(1,24)),(10,5))),12)),15);

STEP 86 [uTBR_ClassicHeuristic_MS -> NNI_Substep_78] - Distance: 33.0000
(((22,26),(29,11)),((((((28,27),2),30),(((6,21),(9,17)),19)),(3,(((18,(4,8)),14),(23,25)))),(7,((((13,(20,16)),(1,24)),(10,5)),12))),15);

STEP 87 [uTBR_ClassicHeuristic_MS -> NNI_Substep_79] - Distance: 29.0000
(((22,26),(29,11)),((((((28,27),2),30),(((6,21),(9,17)),19)),(3,(((18,(4,8)),14),(23,25)))),(7,(((13,(20,16)),(1,24)),((10,5),12)))),15);

STEP 88 [uTBR_ClassicHeuristic_MS -> NNI_Substep_80] - Distance: 27.0000
(((22,26),(29,11)),((((((28,27),2),30),(((6,21),(9,17)),19)),(3,(((18,(4,8)),14),(23,25)))),(7,(((13,(20,16)),(1,24)),(10,(5,12))))),15);

STEP 89 [uTBR_ClassicHeuristic_MS -> NNI_Substep_81] - Distance: 28.0000
(((22,26),(29,11)),((((((28,27),2),30),(((6,21),(9,17)),19)),(3,((((18,(4,8)),14),23),25))),(7,(((13,(20,16)),(1,24)),(10,(5,12))))),15);

STEP 90 [uTBR_ClassicHeuristic_MS -> NNI_Substep_82] - Distance: 26.0000
(((22,26),(29,11)),((((((28,27),2),30),(((6,21),(9,17)),19)),(3,((((18,(4,8)),14),25),23))),(7,(((13,(20,16)),(1,24)),(10,(5,12))))),15);

STEP 91 [uTBR_ClassicHeuristic_MS -> NNI_Substep_83] - Distance: 24.0000
(((22,26),(29,11)),((((((28,27),2),30),(((6,21),(9,17)),19)),(3,((((18,(4,8)),25),14),23))),(7,(((13,(20,16)),(1,24)),(10,(5,12))))),15);

STEP 92 [uTBR_ClassicHeuristic_MS -> NNI_Substep_84] - Distance: 23.0000
(((22,26),(29,11)),((((((28,27),2),30),(((6,21),(9,17)),19)),(3,((((18,25),(4,8)),14),23))),(7,(((13,(20,16)),(1,24)),(10,(5,12))))),15);

STEP 93 [uTBR_ClassicHeuristic_MS -> NNI_Substep_85] - Distance: 24.0000
(((22,26),(29,11)),((((((28,27),2),30),(((6,21),(9,17)),19)),(3,(((((18,25),8),4),14),23))),(7,(((13,(20,16)),(1,24)),(10,(5,12))))),15);

STEP 94 [uTBR_ClassicHeuristic_MS -> NNI_Substep_86] - Distance: 22.0000
(((22,26),(29,11)),((((((28,27),2),30),(((6,21),(9,17)),19)),(3,(((((18,25),4),8),14),23))),(7,(((13,(20,16)),(1,24)),(10,(5,12))))),15);

STEP 95 [uTBR_ClassicHeuristic_MS -> NNI_Substep_87] - Distance: 20.0000
(((22,26),(29,11)),((((((28,27),2),30),(((6,21),(9,17)),19)),(3,(((((18,4),25),8),14),23))),(7,(((13,(20,16)),(1,24)),(10,(5,12))))),15);

STEP 96 [uTBR_ClassicHeuristic_MS -> NNI_Substep_88] - Distance: 21.0000
(((22,26),(29,11)),((((((28,27),2),30),((((6,21),17),9),19)),(3,(((((18,4),25),8),14),23))),(7,(((13,(20,16)),(1,24)),(10,(5,12))))),15);

STEP 97 [uTBR_ClassicHeuristic_MS -> NNI_Substep_89] - Distance: 21.0000
(((22,26),(29,11)),((((((28,27),2),30),((((6,21),17),19),9)),(3,(((((18,4),25),8),14),23))),(7,(((13,(20,16)),(1,24)),(10,(5,12))))),15);

STEP 98 [uTBR_ClassicHeuristic_MS -> NNI_Substep_90] - Distance: 24.0000
(((22,26),(29,11)),(((((((28,27),2),30),(((6,21),17),19)),9),(3,(((((18,4),25),8),14),23))),(7,(((13,(20,16)),(1,24)),(10,(5,12))))),15);

STEP 99 [uTBR_ClassicHeuristic_MS -> NNI_Substep_91] - Distance: 30.0000
(((22,26),(29,11)),(((((((28,27),2),30),(((6,21),17),19)),(3,(((((18,4),25),8),14),23))),9),(7,(((13,(20,16)),(1,24)),(10,(5,12))))),15);

STEP 100 [uTBR_ClassicHeuristic_MS -> NNI_Substep_92] - Distance: 23.0000
(((22,26),(29,11)),((((((28,27),2),30),(((6,21),17),19)),((3,(((((18,4),25),8),14),23)),9)),(7,(((13,(20,16)),(1,24)),(10,(5,12))))),15);

STEP 101 [uTBR_ClassicHeuristic_MS -> NNI_Substep_93] - Distance: 21.0000
(((22,26),(29,11)),((((((28,27),2),30),(((6,21),17),19)),(3,((((((18,4),25),8),14),23),9))),(7,(((13,(20,16)),(1,24)),(10,(5,12))))),15);

STEP 102 [uTBR_ClassicHeuristic_MS -> NNI_Substep_94] - Distance: 17.0000
(((22,26),(29,11)),((((((28,27),2),30),(((6,21),17),19)),(3,(((((18,4),25),8),14),(23,9)))),(7,(((13,(20,16)),(1,24)),(10,(5,12))))),15);

STEP 103 [uTBR_ClassicHeuristic_MS -> NNI_Substep_95] - Distance: 22.0000
(((22,26),(29,11)),(((((((28,27),2),30),(((6,21),17),19)),(3,(((((18,4),25),8),14),(23,9)))),(((13,(20,16)),(1,24)),(10,(5,12)))),7),15);

STEP 104 [uTBR_ClassicHeuristic_MS -> NNI_Substep_96] - Distance: 21.0000
(((22,26),(29,11)),(((((((28,27),2),30),(((6,21),17),19)),(3,(((((18,4),25),8),14),(23,9)))),7),(((13,(20,16)),(1,24)),(10,(5,12)))),15);

STEP 105 [uTBR_ClassicHeuristic_MS -> NNI_Substep_97] - Distance: 22.0000
(((22,26),(29,11)),(((((((28,27),2),30),(((6,21),17),19)),7),(3,(((((18,4),25),8),14),(23,9)))),(((13,(20,16)),(1,24)),(10,(5,12)))),15);

STEP 106 [uTBR_ClassicHeuristic_MS -> NNI_Substep_98] - Distance: 17.0000
(((22,26),(29,11)),((((((28,27),2),30),((((6,21),17),19),7)),(3,(((((18,4),25),8),14),(23,9)))),(((13,(20,16)),(1,24)),(10,(5,12)))),15);

STEP 107 [uTBR_ClassicHeuristic_MS -> NNI_Substep_99] - Distance: 15.0000
(((22,26),(29,11)),((((((28,27),2),30),((((6,21),17),7),19)),(3,(((((18,4),25),8),14),(23,9)))),(((13,(20,16)),(1,24)),(10,(5,12)))),15);

STEP 108 [uTBR_ClassicHeuristic_MS -> NNI_Substep_100] - Distance: 12.0000
(((22,26),(29,11)),((((((28,27),2),30),(((6,21),(17,7)),19)),(3,(((((18,4),25),8),14),(23,9)))),(((13,(20,16)),(1,24)),(10,(5,12)))),15);

STEP 109 [uTBR_ClassicHeuristic_MS -> NNI_Substep_101] - Distance: 16.0000
(((22,26),(29,11)),(((((((28,27),2),30),(((6,21),(17,7)),19)),(((((18,4),25),8),14),(23,9))),3),(((13,(20,16)),(1,24)),(10,(5,12)))),15);

STEP 110 [uTBR_ClassicHeuristic_MS -> NNI_Substep_102] - Distance: 17.0000
(((22,26),(29,11)),(((((((28,27),2),30),(((6,21),(17,7)),19)),(((((18,4),25),8),14),(23,9))),(((13,(20,16)),(1,24)),(10,(5,12)))),3),15);

STEP 111 [uTBR_ClassicHeuristic_MS -> NNI_Substep_103] - Distance: 10.0000
(((22,26),(29,11)),((((((28,27),2),30),(((6,21),(17,7)),19)),(((((18,4),25),8),14),(23,9))),((((13,(20,16)),(1,24)),(10,(5,12))),3)),15);

STEP 112 [uTBR_ClassicHeuristic_MS -> NNI_Substep_104] - Distance: 6.0000
(((22,26),(29,11)),((((((28,27),2),30),(((6,21),(17,7)),19)),(((((18,4),25),8),14),(23,9))),((((13,(20,16)),(1,24)),3),(10,(5,12)))),15);

STEP 113 [uTBR_ClassicHeuristic_MS -> NNI_Substep_105] - Distance: 0.0000
(((22,26),(29,11)),((((((28,27),2),30),(((6,21),(17,7)),19)),(23,(9,((((18,4),25),8),14)))),((((13,(20,16)),(1,24)),3),(10,(5,12)))),15);

========================================================
[FINAL] Total Steps: 113 | Final Distance: 0.0000
========================================================
