========================================================
HEURISTIC TRAJECTORY: VND Incremental (MS_RF)
========================================================
STEP 0 [START] - Distance: 132.0000
((7,(15,9)),(25,(2,27)),(((10,((21,(12,(1,(14,(29,6))))),(19,30))),(3,(16,(11,(8,(22,17)))))),((20,(5,(26,(13,(24,(23,18)))))),(4,28))));

STEP 1 [NNI_IncrementalHeuristic_MS_RF -> NNI_Substep_1] - Distance: 128.0000
((7,(15,9)),(25,(2,27)),(((10,((21,(12,(1,(14,(29,6))))),(19,30))),(3,(16,(11,(8,(22,17)))))),(((26,(13,(24,(23,18)))),(5,20)),(4,28))));

STEP 2 [NNI_IncrementalHeuristic_MS_RF -> NNI_Substep_2] - Distance: 125.0000
((7,(15,9)),(25,(2,27)),((((21,(12,(1,(14,(29,6))))),(10,(19,30))),(3,(16,(11,(8,(22,17)))))),(((26,(13,(24,(23,18)))),(5,20)),(4,28))));

STEP 3 [NNI_IncrementalHeuristic_MS_RF -> NNI_Substep_3] - Distance: 122.0000
((7,(15,9)),(25,(2,27)),((((21,(12,(1,(14,(29,6))))),(10,(19,30))),((11,(8,(22,17))),(16,3))),(((26,(13,(24,(23,18)))),(5,20)),(4,28))));

STEP 4 [NNI_IncrementalHeuristic_MS_RF -> NNI_Substep_4] - Distance: 119.0000
((7,(15,9)),(25,(2,27)),((((21,(12,(1,(14,(29,6))))),(10,(19,30))),((11,(8,(22,17))),(16,3))),(((4,28),(5,20)),(26,(13,(24,(23,18)))))));

STEP 5 [NNI_IncrementalHeuristic_MS_RF -> NNI_Substep_5] - Distance: 117.0000
((7,(15,9)),(25,(2,27)),((((21,((14,(29,6)),(1,12))),(10,(19,30))),((11,(8,(22,17))),(16,3))),(((4,28),(5,20)),(26,(13,(24,(23,18)))))));

STEP 6 [NNI_IncrementalHeuristic_MS_RF -> NNI_Substep_6] - Distance: 115.0000
((7,(15,9)),(25,(2,27)),((((21,((14,(29,6)),(1,12))),(10,(19,30))),((11,(8,(22,17))),(16,3))),(((4,28),(5,20)),((24,(23,18)),(13,26)))));

STEP 7 [NNI_IncrementalHeuristic_MS_RF -> NNI_Substep_7] - Distance: 113.0000
((7,(15,9)),(25,(2,27)),((((21,((14,(29,6)),(1,12))),(10,(19,30))),((11,(8,(22,17))),(16,3))),((13,26),((24,(23,18)),((4,28),(5,20))))));

STEP 8 [NNI_IncrementalHeuristic_MS_RF -> NNI_Substep_8] - Distance: 112.0000
((7,(15,9)),(25,(2,27)),(((((1,12),((14,(29,6)),21)),(10,(19,30))),((11,(8,(22,17))),(16,3))),((13,26),((24,(23,18)),((4,28),(5,20))))));

STEP 9 [NNI_IncrementalHeuristic_MS_RF -> NNI_Substep_9] - Distance: 111.0000
((7,(15,9)),(25,(2,27)),(((((1,12),((14,(29,6)),21)),(10,(19,30))),((11,(16,3)),(8,(22,17)))),((13,26),((24,(23,18)),((4,28),(5,20))))));

STEP 10 [uTBR_IncrementalHeuristic_MS_RF -> NNI_Substep_1] - Distance: 114.0000
((7,(15,9)),(25,(2,27)),(((((12,((14,(29,6)),21)),1),(10,(19,30))),((11,(16,3)),(8,(22,17)))),((13,26),((24,(23,18)),((4,28),(5,20))))));

STEP 11 [uTBR_IncrementalHeuristic_MS_RF -> NNI_Substep_2] - Distance: 114.0000
((7,(15,9)),(25,(2,27)),(((((12,((14,(29,6)),21)),(10,(19,30))),1),((11,(16,3)),(8,(22,17)))),((13,26),((24,(23,18)),((4,28),(5,20))))));

STEP 12 [uTBR_IncrementalHeuristic_MS_RF -> NNI_Substep_3] - Distance: 115.0000
((7,(15,9)),(25,(2,27)),(((((12,((14,(29,6)),21)),(10,(19,30))),((11,(16,3)),(8,(22,17)))),1),((13,26),((24,(23,18)),((4,28),(5,20))))));

STEP 13 [uTBR_IncrementalHeuristic_MS_RF -> NNI_Substep_4] - Distance: 111.0000
((7,(15,9)),(25,(2,27)),(((((12,((14,(29,6)),21)),(10,(19,30))),((11,(16,3)),(8,(22,17)))),((13,26),((24,(23,18)),((4,28),(5,20))))),1));

STEP 14 [uTBR_IncrementalHeuristic_MS_RF -> NNI_Substep_5] - Distance: 107.0000
((7,(15,9)),((25,(2,27)),1),((((12,((14,(29,6)),21)),(10,(19,30))),((11,(16,3)),(8,(22,17)))),((13,26),((24,(23,18)),((4,28),(5,20))))));

STEP 15 [uTBR_IncrementalHeuristic_MS_RF -> NNI_Substep_6] - Distance: 104.0000
((7,(15,9)),((25,1),(2,27)),((((12,((14,(29,6)),21)),(10,(19,30))),((11,(16,3)),(8,(22,17)))),((13,26),((24,(23,18)),((4,28),(5,20))))));

STEP 16 [uTBR_IncrementalHeuristic_MS_RF -> NNI_Substep_7] - Distance: 104.0000
((7,(15,9)),((25,1),(2,27)),((((12,((14,(29,6)),21)),(10,(19,30))),(((11,16),3),(8,(22,17)))),((13,26),((24,(23,18)),((4,28),(5,20))))));

STEP 17 [uTBR_IncrementalHeuristic_MS_RF -> NNI_Substep_8] - Distance: 106.0000
((7,(15,9)),((25,1),(2,27)),((((12,((14,(29,6)),21)),(10,(19,30))),(((11,16),(8,(22,17))),3)),((13,26),((24,(23,18)),((4,28),(5,20))))));

STEP 18 [uTBR_IncrementalHeuristic_MS_RF -> NNI_Substep_9] - Distance: 109.0000
((7,(15,9)),((25,1),(2,27)),(((((12,((14,(29,6)),21)),(10,(19,30))),((11,16),(8,(22,17)))),3),((13,26),((24,(23,18)),((4,28),(5,20))))));

STEP 19 [uTBR_IncrementalHeuristic_MS_RF -> NNI_Substep_10] - Distance: 107.0000
((7,(15,9)),((25,1),(2,27)),(((((12,((14,(29,6)),21)),(10,(19,30))),3),((11,16),(8,(22,17)))),((13,26),((24,(23,18)),((4,28),(5,20))))));

STEP 20 [uTBR_IncrementalHeuristic_MS_RF -> NNI_Substep_11] - Distance: 103.0000
((7,(15,9)),((25,1),(2,27)),(((((12,((14,(29,6)),21)),3),(10,(19,30))),((11,16),(8,(22,17)))),((13,26),((24,(23,18)),((4,28),(5,20))))));

STEP 21 [uTBR_IncrementalHeuristic_MS_RF -> NNI_Substep_12] - Distance: 98.0000
((7,(15,9)),((25,1),(2,27)),(((((12,3),((14,(29,6)),21)),(10,(19,30))),((11,16),(8,(22,17)))),((13,26),((24,(23,18)),((4,28),(5,20))))));

STEP 22 [uTBR_IncrementalHeuristic_MS_RF -> NNI_Substep_13] - Distance: 102.0000
((7,(15,9)),((25,1),(2,27)),(((((12,3),((14,(29,6)),21)),(10,(19,30))),((11,16),(8,(22,17)))),((13,((24,(23,18)),((4,28),(5,20)))),26)));

STEP 23 [uTBR_IncrementalHeuristic_MS_RF -> NNI_Substep_14] - Distance: 103.0000
((7,(15,9)),((25,1),(2,27)),((((((12,3),((14,(29,6)),21)),(10,(19,30))),((11,16),(8,(22,17)))),(13,((24,(23,18)),((4,28),(5,20))))),26));

STEP 24 [uTBR_IncrementalHeuristic_MS_RF -> NNI_Substep_15] - Distance: 102.0000
((7,(15,9)),((25,1),(2,27)),((((((12,3),((14,(29,6)),21)),(10,(19,30))),((11,16),(8,(22,17)))),26),(13,((24,(23,18)),((4,28),(5,20))))));

STEP 25 [uTBR_IncrementalHeuristic_MS_RF -> NNI_Substep_16] - Distance: 98.0000
((7,(15,9)),((25,1),(2,27)),(((((12,3),((14,(29,6)),21)),(10,(19,30))),(((11,16),(8,(22,17))),26)),(13,((24,(23,18)),((4,28),(5,20))))));

STEP 26 [uTBR_IncrementalHeuristic_MS_RF -> NNI_Substep_17] - Distance: 94.0000
((7,(15,9)),((25,1),(2,27)),(((((12,3),((14,(29,6)),21)),(10,(19,30))),(((11,16),26),(8,(22,17)))),(13,((24,(23,18)),((4,28),(5,20))))));

STEP 27 [uTBR_IncrementalHeuristic_MS_RF -> NNI_Substep_18] - Distance: 92.0000
((7,(15,9)),((25,1),(2,27)),(((((12,3),((14,(29,6)),21)),(10,(19,30))),((11,(16,26)),(8,(22,17)))),(13,((24,(23,18)),((4,28),(5,20))))));

STEP 28 [uTBR_IncrementalHeuristic_MS_RF -> NNI_Substep_19] - Distance: 93.0000
((7,(15,9)),((25,1),(2,27)),(((((12,3),((14,(29,6)),21)),(10,(19,30))),((11,(16,26)),(8,(22,17)))),(13,((24,(23,18)),(((4,28),5),20)))));

STEP 29 [uTBR_IncrementalHeuristic_MS_RF -> NNI_Substep_20] - Distance: 95.0000
((7,(15,9)),((25,1),(2,27)),(((((12,3),((14,(29,6)),21)),(10,(19,30))),((11,(16,26)),(8,(22,17)))),(13,(((24,(23,18)),((4,28),5)),20))));

STEP 30 [uTBR_IncrementalHeuristic_MS_RF -> NNI_Substep_21] - Distance: 91.0000
((7,(15,9)),((25,1),(2,27)),(((((12,3),((14,(29,6)),21)),(10,(19,30))),((11,(16,26)),(8,(22,17)))),(13,(((24,(23,18)),20),((4,28),5)))));

STEP 31 [uTBR_IncrementalHeuristic_MS_RF -> NNI_Substep_22] - Distance: 89.0000
((7,(15,9)),((25,1),(2,27)),(((((12,3),((14,(29,6)),21)),(10,(19,30))),((11,(16,26)),(8,(22,17)))),(13,((24,((23,18),20)),((4,28),5)))));

STEP 32 [uTBR_IncrementalHeuristic_MS_RF -> NNI_Substep_23] - Distance: 87.0000
((7,(15,9)),((25,1),(2,27)),(((((12,3),((14,(29,6)),21)),(10,(19,30))),((11,(16,26)),(8,(22,17)))),(13,((24,((23,20),18)),((4,28),5)))));

STEP 33 [uTBR_IncrementalHeuristic_MS_RF -> NNI_Substep_24] - Distance: 89.0000
((7,(15,9)),((25,1),(2,27)),(((((12,3),((14,(29,6)),21)),(10,(19,30))),(((16,26),(8,(22,17))),11)),(13,((24,((23,20),18)),((4,28),5)))));

STEP 34 [uTBR_IncrementalHeuristic_MS_RF -> NNI_Substep_25] - Distance: 91.0000
((7,(15,9)),((25,1),(2,27)),((((((12,3),((14,(29,6)),21)),(10,(19,30))),((16,26),(8,(22,17)))),11),(13,((24,((23,20),18)),((4,28),5)))));

STEP 35 [uTBR_IncrementalHeuristic_MS_RF -> NNI_Substep_26] - Distance: 92.0000
((7,(15,9)),((25,1),(2,27)),((((((12,3),((14,(29,6)),21)),(10,(19,30))),((16,26),(8,(22,17)))),(13,((24,((23,20),18)),((4,28),5)))),11));

STEP 36 [uTBR_IncrementalHeuristic_MS_RF -> NNI_Substep_27] - Distance: 89.0000
((7,(15,9)),((25,1),(2,27)),(((((12,3),((14,(29,6)),21)),(10,(19,30))),((16,26),(8,(22,17)))),((13,((24,((23,20),18)),((4,28),5))),11)));

STEP 37 [uTBR_IncrementalHeuristic_MS_RF -> NNI_Substep_28] - Distance: 87.0000
((7,(15,9)),((25,1),(2,27)),(((((12,3),((14,(29,6)),21)),(10,(19,30))),((16,26),(8,(22,17)))),(13,(((24,((23,20),18)),((4,28),5)),11))));

STEP 38 [uTBR_IncrementalHeuristic_MS_RF -> NNI_Substep_29] - Distance: 85.0000
((7,(15,9)),((25,1),(2,27)),(((((12,3),((14,(29,6)),21)),(10,(19,30))),((16,26),(8,(22,17)))),(13,(((24,((23,20),18)),11),((4,28),5)))));

STEP 39 [uTBR_IncrementalHeuristic_MS_RF -> NNI_Substep_30] - Distance: 85.0000
((7,(15,9)),((25,1),(2,27)),(((((12,3),((14,(29,6)),21)),(10,(19,30))),((16,26),(8,(22,17)))),(13,((24,(((23,20),18),11)),((4,28),5)))));

STEP 40 [uTBR_IncrementalHeuristic_MS_RF -> NNI_Substep_31] - Distance: 83.0000
((7,(15,9)),((25,1),(2,27)),(((((12,3),((14,(29,6)),21)),(10,(19,30))),((16,26),(8,(22,17)))),(13,((24,(((23,20),11),18)),((4,28),5)))));

STEP 41 [uTBR_IncrementalHeuristic_MS_RF -> NNI_Substep_32] - Distance: 83.0000
((7,(15,9)),((25,1),(2,27)),(((((12,3),((14,(29,6)),21)),(10,(19,30))),((16,26),(8,(22,17)))),(13,((24,(((23,20),11),18)),((28,5),4)))));

STEP 42 [uTBR_IncrementalHeuristic_MS_RF -> NNI_Substep_33] - Distance: 87.0000
((7,(15,9)),((25,1),(2,27)),(((((12,3),((14,(29,6)),21)),(10,(19,30))),((16,26),(8,(22,17)))),(13,(((24,(((23,20),11),18)),(28,5)),4))));

STEP 43 [uTBR_IncrementalHeuristic_MS_RF -> NNI_Substep_34] - Distance: 86.0000
((7,(15,9)),((25,1),(2,27)),(((((12,3),((14,(29,6)),21)),(10,(19,30))),((16,26),(8,(22,17)))),(13,(((24,(((23,20),11),18)),4),(28,5)))));

STEP 44 [uTBR_IncrementalHeuristic_MS_RF -> NNI_Substep_35] - Distance: 81.0000
((7,(15,9)),((25,1),(2,27)),(((((12,3),((14,(29,6)),21)),(10,(19,30))),((16,26),(8,(22,17)))),(13,(((24,4),(((23,20),11),18)),(28,5)))));

STEP 45 [uTBR_IncrementalHeuristic_MS_RF -> NNI_Substep_36] - Distance: 80.0000
((7,(15,9)),((25,1),(2,27)),((((((12,3),((14,(29,6)),21)),(10,(19,30))),((16,26),(8,(22,17)))),(((24,4),(((23,20),11),18)),(28,5))),13));

STEP 46 [uTBR_IncrementalHeuristic_MS_RF -> NNI_Substep_37] - Distance: 76.0000
((7,(15,9)),(((25,1),(2,27)),13),(((((12,3),((14,(29,6)),21)),(10,(19,30))),((16,26),(8,(22,17)))),(((24,4),(((23,20),11),18)),(28,5))));

STEP 47 [uTBR_IncrementalHeuristic_MS_RF -> NNI_Substep_38] - Distance: 75.0000
((7,(15,9)),(((25,1),13),(2,27)),(((((12,3),((14,(29,6)),21)),(10,(19,30))),((16,26),(8,(22,17)))),(((24,4),(((23,20),11),18)),(28,5))));

STEP 48 [uTBR_IncrementalHeuristic_MS_RF -> NNI_Substep_39] - Distance: 75.0000
(((7,15),9),(((25,1),13),(2,27)),(((((12,3),((14,(29,6)),21)),(10,(19,30))),((16,26),(8,(22,17)))),(((24,4),(((23,20),11),18)),(28,5))));

STEP 49 [uTBR_IncrementalHeuristic_MS_RF -> NNI_Substep_40] - Distance: 79.0000
((7,15),(((25,1),13),(2,27)),((((((12,3),((14,(29,6)),21)),(10,(19,30))),((16,26),(8,(22,17)))),(((24,4),(((23,20),11),18)),(28,5))),9));

STEP 50 [uTBR_IncrementalHeuristic_MS_RF -> NNI_Substep_41] - Distance: 76.0000
((7,15),(((25,1),13),(2,27)),((((((12,3),((14,(29,6)),21)),(10,(19,30))),((16,26),(8,(22,17)))),9),(((24,4),(((23,20),11),18)),(28,5))));

STEP 51 [uTBR_IncrementalHeuristic_MS_RF -> NNI_Substep_42] - Distance: 76.0000
((7,15),(((25,1),13),(2,27)),((((((12,3),((14,(29,6)),21)),(10,(19,30))),9),((16,26),(8,(22,17)))),(((24,4),(((23,20),11),18)),(28,5))));

STEP 52 [uTBR_IncrementalHeuristic_MS_RF -> NNI_Substep_43] - Distance: 73.0000
((7,15),(((25,1),13),(2,27)),(((((12,3),((14,(29,6)),21)),((10,(19,30)),9)),((16,26),(8,(22,17)))),(((24,4),(((23,20),11),18)),(28,5))));

STEP 53 [uTBR_IncrementalHeuristic_MS_RF -> NNI_Substep_44] - Distance: 70.0000
((7,15),(((25,1),13),(2,27)),(((((12,3),((14,(29,6)),21)),((10,9),(19,30))),((16,26),(8,(22,17)))),(((24,4),(((23,20),11),18)),(28,5))));

STEP 54 [uTBR_IncrementalHeuristic_MS_RF -> NNI_Substep_45] - Distance: 70.0000
((7,15),(((25,1),13),(2,27)),(((((12,3),(((14,29),6),21)),((10,9),(19,30))),((16,26),(8,(22,17)))),(((24,4),(((23,20),11),18)),(28,5))));

STEP 55 [uTBR_IncrementalHeuristic_MS_RF -> NNI_Substep_46] - Distance: 70.0000
((7,15),(((25,1),13),(2,27)),(((((12,3),(((14,29),21),6)),((10,9),(19,30))),((16,26),(8,(22,17)))),(((24,4),(((23,20),11),18)),(28,5))));

STEP 56 [uTBR_IncrementalHeuristic_MS_RF -> NNI_Substep_47] - Distance: 71.0000
((7,15),(((25,1),13),(2,27)),((((((12,3),((14,29),21)),6),((10,9),(19,30))),((16,26),(8,(22,17)))),(((24,4),(((23,20),11),18)),(28,5))));

STEP 57 [uTBR_IncrementalHeuristic_MS_RF -> NNI_Substep_48] - Distance: 72.0000
((7,15),(((25,1),13),(2,27)),((((((12,3),((14,29),21)),((10,9),(19,30))),6),((16,26),(8,(22,17)))),(((24,4),(((23,20),11),18)),(28,5))));

STEP 58 [uTBR_IncrementalHeuristic_MS_RF -> NNI_Substep_49] - Distance: 72.0000
((7,15),(((25,1),13),(2,27)),((((((12,3),((14,29),21)),((10,9),(19,30))),((16,26),(8,(22,17)))),6),(((24,4),(((23,20),11),18)),(28,5))));

STEP 59 [uTBR_IncrementalHeuristic_MS_RF -> NNI_Substep_50] - Distance: 66.0000
((7,15),(((25,1),13),(2,27)),(((((12,3),((14,29),21)),((10,9),(19,30))),(((16,26),(8,(22,17))),6)),(((24,4),(((23,20),11),18)),(28,5))));

STEP 60 [uTBR_IncrementalHeuristic_MS_RF -> NNI_Substep_51] - Distance: 65.0000
((7,15),(((25,1),13),(2,27)),(((((12,3),((14,29),21)),((10,9),(19,30))),((16,26),((8,(22,17)),6))),(((24,4),(((23,20),11),18)),(28,5))));

STEP 61 [uTBR_IncrementalHeuristic_MS_RF -> NNI_Substep_52] - Distance: 65.0000
((7,15),(((25,1),13),(2,27)),(((((12,3),((14,29),21)),((10,9),(19,30))),((16,26),(8,((22,17),6)))),(((24,4),(((23,20),11),18)),(28,5))));

STEP 62 [uTBR_IncrementalHeuristic_MS_RF -> NNI_Substep_53] - Distance: 65.0000
((7,15),(((25,1),13),(2,27)),(((((12,3),((14,29),21)),((10,9),(19,30))),((16,26),(8,(22,(17,6))))),(((24,4),(((23,20),11),18)),(28,5))));

STEP 63 [uTBR_IncrementalHeuristic_MS_RF -> NNI_Substep_54] - Distance: 68.0000
((7,15),(((25,1),13),(2,27)),(((((12,3),((14,29),21)),(((10,9),30),19)),((16,26),(8,(22,(17,6))))),(((24,4),(((23,20),11),18)),(28,5))));

STEP 64 [uTBR_IncrementalHeuristic_MS_RF -> NNI_Substep_55] - Distance: 72.0000
((7,15),(((25,1),13),(2,27)),((((((12,3),((14,29),21)),((10,9),30)),19),((16,26),(8,(22,(17,6))))),(((24,4),(((23,20),11),18)),(28,5))));

STEP 65 [uTBR_IncrementalHeuristic_MS_RF -> NNI_Substep_56] - Distance: 71.0000
((7,15),(((25,1),13),(2,27)),((((((12,3),((14,29),21)),((10,9),30)),((16,26),(8,(22,(17,6))))),19),(((24,4),(((23,20),11),18)),(28,5))));

STEP 66 [uTBR_IncrementalHeuristic_MS_RF -> NNI_Substep_57] - Distance: 66.0000
((7,15),(((25,1),13),(2,27)),(((((12,3),((14,29),21)),((10,9),30)),(((16,26),(8,(22,(17,6)))),19)),(((24,4),(((23,20),11),18)),(28,5))));

STEP 67 [uTBR_IncrementalHeuristic_MS_RF -> NNI_Substep_58] - Distance: 61.0000
((7,15),(((25,1),13),(2,27)),(((((12,3),((14,29),21)),((10,9),30)),(((16,26),19),(8,(22,(17,6))))),(((24,4),(((23,20),11),18)),(28,5))));

STEP 68 [uTBR_IncrementalHeuristic_MS_RF -> NNI_Substep_59] - Distance: 61.0000
((7,15),(((25,1),13),(2,27)),(((((12,3),((14,29),21)),((10,9),30)),(((16,26),19),((8,(17,6)),22))),(((24,4),(((23,20),11),18)),(28,5))));

STEP 69 [uTBR_IncrementalHeuristic_MS_RF -> NNI_Substep_60] - Distance: 59.0000
((7,15),(((25,1),13),(2,27)),(((((12,3),((14,29),21)),((10,9),30)),((((16,26),19),(8,(17,6))),22)),(((24,4),(((23,20),11),18)),(28,5))));

STEP 70 [uTBR_IncrementalHeuristic_MS_RF -> NNI_Substep_61] - Distance: 62.0000
((7,15),(((25,1),13),(2,27)),((((((12,3),((14,29),21)),((10,9),30)),(((16,26),19),(8,(17,6)))),22),(((24,4),(((23,20),11),18)),(28,5))));

STEP 71 [uTBR_IncrementalHeuristic_MS_RF -> NNI_Substep_62] - Distance: 63.0000
((7,15),(((25,1),13),(2,27)),((((((12,3),((14,29),21)),((10,9),30)),22),(((16,26),19),(8,(17,6)))),(((24,4),(((23,20),11),18)),(28,5))));

STEP 72 [uTBR_IncrementalHeuristic_MS_RF -> NNI_Substep_63] - Distance: 57.0000
((7,15),(((25,1),13),(2,27)),(((((12,3),((14,29),21)),(((10,9),30),22)),(((16,26),19),(8,(17,6)))),(((24,4),(((23,20),11),18)),(28,5))));

STEP 73 [uTBR_IncrementalHeuristic_MS_RF -> NNI_Substep_64] - Distance: 54.0000
((7,15),(((25,1),13),(2,27)),(((((12,3),((14,29),21)),((10,9),(30,22))),(((16,26),19),(8,(17,6)))),(((24,4),(((23,20),11),18)),(28,5))));

STEP 74 [uTBR_IncrementalHeuristic_MS_RF -> NNI_Substep_65] - Distance: 50.0000
((7,15),(((25,1),13),(2,27)),(((((12,3),((14,29),21)),((10,9),(30,22))),((((16,26),19),(17,6)),8)),(((24,4),(((23,20),11),18)),(28,5))));

STEP 75 [uTBR_IncrementalHeuristic_MS_RF -> NNI_Substep_66] - Distance: 54.0000
((7,15),(((25,1),13),(2,27)),((((((12,3),((14,29),21)),((10,9),(30,22))),(((16,26),19),(17,6))),8),(((24,4),(((23,20),11),18)),(28,5))));

STEP 76 [uTBR_IncrementalHeuristic_MS_RF -> NNI_Substep_67] - Distance: 61.0000
((7,15),(((25,1),13),(2,27)),((((((12,3),((14,29),21)),((10,9),(30,22))),(((16,26),19),(17,6))),(((24,4),(((23,20),11),18)),(28,5))),8));

STEP 77 [uTBR_IncrementalHeuristic_MS_RF -> NNI_Substep_68] - Distance: 60.0000
((7,15),((((25,1),13),(2,27)),8),(((((12,3),((14,29),21)),((10,9),(30,22))),(((16,26),19),(17,6))),(((24,4),(((23,20),11),18)),(28,5))));

STEP 78 [uTBR_IncrementalHeuristic_MS_RF -> NNI_Substep_69] - Distance: 56.0000
((7,15),(((25,1),13),((2,27),8)),(((((12,3),((14,29),21)),((10,9),(30,22))),(((16,26),19),(17,6))),(((24,4),(((23,20),11),18)),(28,5))));

STEP 79 [uTBR_IncrementalHeuristic_MS_RF -> NNI_Substep_70] - Distance: 56.0000
((7,15),(((25,1),13),((2,8),27)),(((((12,3),((14,29),21)),((10,9),(30,22))),(((16,26),19),(17,6))),(((24,4),(((23,20),11),18)),(28,5))));

STEP 80 [uTBR_IncrementalHeuristic_MS_RF -> NNI_Substep_71] - Distance: 59.0000
((7,15),(((25,1),13),((2,8),27)),((((((12,3),((14,29),21)),(30,22)),(10,9)),(((16,26),19),(17,6))),(((24,4),(((23,20),11),18)),(28,5))));

STEP 81 [uTBR_IncrementalHeuristic_MS_RF -> NNI_Substep_72] - Distance: 56.0000
((7,15),(((25,1),13),((2,8),27)),((((((12,3),((14,29),21)),(30,22)),(((16,26),19),(17,6))),(10,9)),(((24,4),(((23,20),11),18)),(28,5))));

STEP 82 [uTBR_IncrementalHeuristic_MS_RF -> NNI_Substep_73] - Distance: 47.0000
((7,15),(((25,1),13),((2,8),27)),(((((12,3),((14,29),21)),(30,22)),((((16,26),19),(17,6)),(10,9))),(((24,4),(((23,20),11),18)),(28,5))));

STEP 83 [uTBR_IncrementalHeuristic_MS_RF -> NNI_Substep_74] - Distance: 49.0000
((7,15),((((25,1),13),(2,8)),27),(((((12,3),((14,29),21)),(30,22)),((((16,26),19),(17,6)),(10,9))),(((24,4),(((23,20),11),18)),(28,5))));

STEP 84 [uTBR_IncrementalHeuristic_MS_RF -> NNI_Substep_75] - Distance: 50.0000
((7,15),(((25,1),13),(2,8)),((((((12,3),((14,29),21)),(30,22)),((((16,26),19),(17,6)),(10,9))),(((24,4),(((23,20),11),18)),(28,5))),27));

STEP 85 [uTBR_IncrementalHeuristic_MS_RF -> NNI_Substep_76] - Distance: 49.0000
((7,15),(((25,1),13),(2,8)),(((((12,3),((14,29),21)),(30,22)),((((16,26),19),(17,6)),(10,9))),((((24,4),(((23,20),11),18)),(28,5)),27)));

STEP 86 [uTBR_IncrementalHeuristic_MS_RF -> NNI_Substep_77] - Distance: 44.0000
((7,15),(((25,1),13),(2,8)),(((((12,3),((14,29),21)),(30,22)),((((16,26),19),(17,6)),(10,9))),(((24,4),(((23,20),11),18)),((28,5),27))));

STEP 87 [uTBR_IncrementalHeuristic_MS_RF -> NNI_Substep_78] - Distance: 42.0000
((7,15),(((25,1),13),(2,8)),(((((12,3),((14,29),21)),(30,22)),((((16,26),19),(17,6)),(10,9))),(((24,4),(((23,20),11),18)),(28,(5,27)))));

STEP 88 [uTBR_IncrementalHeuristic_MS_RF -> NNI_Substep_79] - Distance: 45.0000
((7,15),(((25,1),13),(2,8)),(((((12,3),((14,29),21)),((((16,26),19),(17,6)),(10,9))),(30,22)),(((24,4),(((23,20),11),18)),(28,(5,27)))));

STEP 89 [uTBR_IncrementalHeuristic_MS_RF -> NNI_Substep_80] - Distance: 46.0000
((7,15),(((25,1),13),(2,8)),(((((12,3),((14,29),21)),((((16,26),19),(17,6)),(10,9))),(((24,4),(((23,20),11),18)),(28,(5,27)))),(30,22)));

STEP 90 [uTBR_IncrementalHeuristic_MS_RF -> NNI_Substep_81] - Distance: 44.0000
((7,15),(((25,1),13),(2,8)),((((12,3),((14,29),21)),((((16,26),19),(17,6)),(10,9))),((((24,4),(((23,20),11),18)),(28,(5,27))),(30,22))));

STEP 91 [uTBR_IncrementalHeuristic_MS_RF -> NNI_Substep_82] - Distance: 40.0000
((7,15),(((25,1),13),(2,8)),((((12,3),((14,29),21)),((((16,26),19),(17,6)),(10,9))),(((24,4),(((23,20),11),18)),((28,(5,27)),(30,22)))));

STEP 92 [uTBR_IncrementalHeuristic_MS_RF -> NNI_Substep_83] - Distance: 38.0000
((7,15),(((25,1),13),(2,8)),((((12,3),((14,29),21)),((((16,26),19),(17,6)),(10,9))),(((24,4),(((23,20),11),18)),((28,(30,22)),(5,27)))));

STEP 93 [uTBR_IncrementalHeuristic_MS_RF -> NNI_Substep_84] - Distance: 36.0000
((7,15),((25,1),13),(((((12,3),((14,29),21)),((((16,26),19),(17,6)),(10,9))),(((24,4),(((23,20),11),18)),((28,(30,22)),(5,27)))),(2,8)));

STEP 94 [uTBR_IncrementalHeuristic_MS_RF -> NNI_Substep_85] - Distance: 33.0000
((7,15),((25,1),13),(((((12,3),((14,29),21)),((((16,26),19),(17,6)),(10,9))),(2,8)),(((24,4),(((23,20),11),18)),((28,(30,22)),(5,27)))));

STEP 95 [uTBR_IncrementalHeuristic_MS_RF -> NNI_Substep_86] - Distance: 34.0000
((7,15),((25,1),13),(((((12,3),((14,29),21)),(2,8)),((((16,26),19),(17,6)),(10,9))),(((24,4),(((23,20),11),18)),((28,(30,22)),(5,27)))));

STEP 96 [uTBR_IncrementalHeuristic_MS_RF -> NNI_Substep_87] - Distance: 34.0000
((7,15),((25,1),13),((((12,3),(((14,29),21),(2,8))),((((16,26),19),(17,6)),(10,9))),(((24,4),(((23,20),11),18)),((28,(30,22)),(5,27)))));

STEP 97 [uTBR_IncrementalHeuristic_MS_RF -> NNI_Substep_88] - Distance: 31.0000
((7,15),((25,1),13),((((12,3),(((14,29),(2,8)),21)),((((16,26),19),(17,6)),(10,9))),(((24,4),(((23,20),11),18)),((28,(30,22)),(5,27)))));

STEP 98 [uTBR_IncrementalHeuristic_MS_RF -> NNI_Substep_89] - Distance: 32.0000
((7,15),((25,1),13),((((12,3),((14,(29,(2,8))),21)),((((16,26),19),(17,6)),(10,9))),(((24,4),(((23,20),11),18)),((28,(30,22)),(5,27)))));

STEP 99 [uTBR_IncrementalHeuristic_MS_RF -> NNI_Substep_90] - Distance: 32.0000
(7,((25,1),13),(((((12,3),((14,(29,(2,8))),21)),((((16,26),19),(17,6)),(10,9))),(((24,4),(((23,20),11),18)),((28,(30,22)),(5,27)))),15));

STEP 100 [uTBR_IncrementalHeuristic_MS_RF -> NNI_Substep_91] - Distance: 30.0000
(7,((25,1),13),(((((12,3),((14,(29,(2,8))),21)),((((16,26),19),(17,6)),(10,9))),15),(((24,4),(((23,20),11),18)),((28,(30,22)),(5,27)))));

STEP 101 [uTBR_IncrementalHeuristic_MS_RF -> NNI_Substep_92] - Distance: 34.0000
(7,((25,1),13),(((((12,3),((14,(29,(2,8))),21)),15),((((16,26),19),(17,6)),(10,9))),(((24,4),(((23,20),11),18)),((28,(30,22)),(5,27)))));

STEP 102 [uTBR_IncrementalHeuristic_MS_RF -> NNI_Substep_93] - Distance: 33.0000
(7,((25,1),13),((((12,3),(((14,(29,(2,8))),21),15)),((((16,26),19),(17,6)),(10,9))),(((24,4),(((23,20),11),18)),((28,(30,22)),(5,27)))));

STEP 103 [uTBR_IncrementalHeuristic_MS_RF -> NNI_Substep_94] - Distance: 28.0000
(7,((25,1),13),((((12,3),((14,(29,(2,8))),(21,15))),((((16,26),19),(17,6)),(10,9))),(((24,4),(((23,20),11),18)),((28,(30,22)),(5,27)))));

STEP 104 [uTBR_IncrementalHeuristic_MS_RF -> NNI_Substep_95] - Distance: 27.0000
(7,((25,1),13),((((12,3),(((29,(2,8)),(21,15)),14)),((((16,26),19),(17,6)),(10,9))),(((24,4),(((23,20),11),18)),((28,(30,22)),(5,27)))));

STEP 105 [uTBR_IncrementalHeuristic_MS_RF -> NNI_Substep_96] - Distance: 28.0000
(7,((25,1),13),(((((12,3),((29,(2,8)),(21,15))),14),((((16,26),19),(17,6)),(10,9))),(((24,4),(((23,20),11),18)),((28,(30,22)),(5,27)))));

STEP 106 [uTBR_IncrementalHeuristic_MS_RF -> NNI_Substep_97] - Distance: 22.0000
(7,((25,1),13),(((((12,3),14),((29,(2,8)),(21,15))),((((16,26),19),(17,6)),(10,9))),(((24,4),(((23,20),11),18)),((28,(30,22)),(5,27)))));

STEP 107 [uTBR_IncrementalHeuristic_MS_RF -> NNI_Substep_98] - Distance: 14.0000
(7,((25,1),13),(((((29,(2,8)),(21,15)),((((16,26),19),(17,6)),(10,9))),((12,3),14)),(((24,4),(((23,20),11),18)),((28,(30,22)),(5,27)))));

STEP 108 [uTBR_IncrementalHeuristic_MS_RF -> NNI_Substep_99] - Distance: 18.0000
(7,((25,1),13),(((((29,(2,8)),(21,15)),((((16,26),19),(17,6)),(10,9))),(((24,4),(((23,20),11),18)),((28,(30,22)),(5,27)))),((12,3),14)));

STEP 109 [uTBR_IncrementalHeuristic_MS_RF -> NNI_Substep_100] - Distance: 15.0000
(7,((25,1),13),((((29,(2,8)),(21,15)),((((16,26),19),(17,6)),(10,9))),((((24,4),(((23,20),11),18)),((28,(30,22)),(5,27))),((12,3),14))));

STEP 110 [uTBR_IncrementalHeuristic_MS_RF -> NNI_Substep_101] - Distance: 12.0000
(7,((25,1),13),((((29,(2,8)),(21,15)),((((16,26),19),(17,6)),(10,9))),(((24,4),(((23,20),11),18)),(((28,(30,22)),(5,27)),((12,3),14)))));

STEP 111 [uTBR_IncrementalHeuristic_MS_RF -> NNI_Substep_102] - Distance: 0.0000
(7,((25,1),13),(((((29,(2,8)),(21,15)),((((16,26),19),(17,6)),(10,9))),(((28,(30,22)),(5,27)),((12,3),14))),((24,4),(((23,20),11),18))));

========================================================
[FINAL] Total Steps: 111 | Final Distance: 0.0000
========================================================
