========================================================
HEURISTIC TRAJECTORY: VND Incremental (MP_RF)
========================================================
STEP 0 [START] - Distance: 296.0000
((((18,(17,25)),((4,(21,(24,12))),(26,(9,22)))),((6,(8,(28,7))),(13,27))),(((23,((10,(20,(3,15))),(5,(16,(1,30))))),(19,(14,11))),(2,29)));

STEP 1 [NNI_IncrementalHeuristic_MP_RF -> NNI_Substep_1] - Distance: 281.0000
((((19,((23,((10,(20,(3,15))),(5,(16,(1,30))))),(14,11))),(2,29)),((6,(8,(28,7))),(13,27))),((18,(17,25)),((4,(21,(24,12))),(26,(9,22)))));

STEP 2 [NNI_IncrementalHeuristic_MP_RF -> NNI_Substep_2] - Distance: 275.0000
((((19,((23,(14,11)),((10,(20,(3,15))),(5,(16,(1,30)))))),(2,29)),((6,(8,(28,7))),(13,27))),((18,(17,25)),((4,(21,(24,12))),(26,(9,22)))));

STEP 3 [NNI_IncrementalHeuristic_MP_RF -> NNI_Substep_3] - Distance: 273.0000
(((((2,29),((23,(14,11)),((10,(20,(3,15))),(5,(16,(1,30)))))),19),((6,(8,(28,7))),(13,27))),((18,(17,25)),((4,(21,(24,12))),(26,(9,22)))));

STEP 4 [NNI_IncrementalHeuristic_MP_RF -> NNI_Substep_4] - Distance: 267.0000
(((((2,29),((23,(14,11)),((10,(20,(3,15))),(5,(16,(1,30)))))),((6,(8,(28,7))),(13,27))),19),((18,(17,25)),((4,(21,(24,12))),(26,(9,22)))));

STEP 5 [NNI_IncrementalHeuristic_MP_RF -> NNI_Substep_5] - Distance: 255.0000
(((((23,(14,11)),((2,29),((10,(20,(3,15))),(5,(16,(1,30)))))),((6,(8,(28,7))),(13,27))),((18,(17,25)),((4,(21,(24,12))),(26,(9,22))))),19);

STEP 6 [NNI_IncrementalHeuristic_MP_RF -> NNI_Substep_6] - Distance: 252.0000
((((((6,(8,(28,7))),(13,27)),((2,29),((10,(20,(3,15))),(5,(16,(1,30)))))),(23,(14,11))),((18,(17,25)),((4,(21,(24,12))),(26,(9,22))))),19);

STEP 7 [NNI_IncrementalHeuristic_MP_RF -> NNI_Substep_7] - Distance: 250.0000
((((((6,(8,(28,7))),(13,27)),((5,(16,(1,30))),((10,(20,(3,15))),(2,29)))),(23,(14,11))),((18,(17,25)),((4,(21,(24,12))),(26,(9,22))))),19);

STEP 8 [NNI_IncrementalHeuristic_MP_RF -> NNI_Substep_8] - Distance: 249.0000
(((((((5,(16,(1,30))),((10,(20,(3,15))),(2,29))),(13,27)),(6,(8,(28,7)))),(23,(14,11))),((18,(17,25)),((4,(21,(24,12))),(26,(9,22))))),19);

STEP 9 [NNI_IncrementalHeuristic_MP_RF -> NNI_Substep_9] - Distance: 248.0000
(((((((5,(16,(1,30))),((10,(2,29)),(20,(3,15)))),(13,27)),(6,(8,(28,7)))),(23,(14,11))),((18,(17,25)),((4,(21,(24,12))),(26,(9,22))))),19);

STEP 10 [NNI_IncrementalHeuristic_MP_RF -> NNI_Substep_10] - Distance: 247.0000
(((((((10,(2,29)),((5,(16,(1,30))),(20,(3,15)))),(13,27)),(6,(8,(28,7)))),(23,(14,11))),((18,(17,25)),((4,(21,(24,12))),(26,(9,22))))),19);

STEP 11 [NNI_IncrementalHeuristic_MP_RF -> NNI_Substep_11] - Distance: 246.0000
(((((13,(((10,(2,29)),((5,(16,(1,30))),(20,(3,15)))),27)),(6,(8,(28,7)))),(23,(14,11))),((18,(17,25)),((4,(21,(24,12))),(26,(9,22))))),19);

STEP 12 [NNI_IncrementalHeuristic_MP_RF -> NNI_Substep_12] - Distance: 245.0000
(((((8,(28,7)),(6,(13,(((10,(2,29)),((5,(16,(1,30))),(20,(3,15)))),27)))),(23,(14,11))),((18,(17,25)),((4,(21,(24,12))),(26,(9,22))))),19);

STEP 13 [NNI_IncrementalHeuristic_MP_RF -> NNI_Substep_13] - Distance: 243.0000
((((((6,(13,(((10,(2,29)),((5,(16,(1,30))),(20,(3,15)))),27))),(28,7)),8),(23,(14,11))),((18,(17,25)),((4,(21,(24,12))),(26,(9,22))))),19);

STEP 14 [NNI_IncrementalHeuristic_MP_RF -> NNI_Substep_14] - Distance: 240.0000
((((((6,(13,(((10,(2,29)),((5,(16,(1,30))),(20,(3,15)))),27))),(28,7)),(23,(14,11))),8),((18,(17,25)),((4,(21,(24,12))),(26,(9,22))))),19);

STEP 15 [NNI_IncrementalHeuristic_MP_RF -> NNI_Substep_15] - Distance: 238.0000
(((((7,(28,(6,(13,(((10,(2,29)),((5,(16,(1,30))),(20,(3,15)))),27))))),(23,(14,11))),8),((18,(17,25)),((4,(21,(24,12))),(26,(9,22))))),19);

STEP 16 [TBR_IncrementalHeuristic_MP_RF -> NNI_Substep_1] - Distance: 238.0000
(((((7,(28,(6,(13,(((10,(2,29)),((5,(16,(1,30))),(20,(3,15)))),27))))),(23,(14,11))),8),(((18,25),17),((4,(21,(24,12))),(26,(9,22))))),19);

STEP 17 [TBR_IncrementalHeuristic_MP_RF -> NNI_Substep_2] - Distance: 238.0000
(((((7,(28,(6,(13,(((10,(2,29)),((5,(16,(1,30))),(20,(3,15)))),27))))),(23,(14,11))),8),(((18,25),((4,(21,(24,12))),(26,(9,22)))),17)),19);

STEP 18 [TBR_IncrementalHeuristic_MP_RF -> NNI_Substep_3] - Distance: 237.0000
((((((7,(28,(6,(13,(((10,(2,29)),((5,(16,(1,30))),(20,(3,15)))),27))))),(23,(14,11))),8),((18,25),((4,(21,(24,12))),(26,(9,22))))),17),19);

STEP 19 [TBR_IncrementalHeuristic_MP_RF -> NNI_Substep_4] - Distance: 209.0000
(((((7,(28,(6,(13,((((10,29),2),((5,(16,(1,30))),(20,(3,15)))),27))))),(23,(14,11))),8),((18,25),((4,(21,(24,12))),(26,(9,22))))),(19,17));

STEP 20 [TBR_IncrementalHeuristic_MP_RF -> NNI_Substep_5] - Distance: 209.0000
(((((7,(28,(6,(13,((((10,29),((5,(16,(1,30))),(20,(3,15)))),2),27))))),(23,(14,11))),8),((18,25),((4,(21,(24,12))),(26,(9,22))))),(19,17));

STEP 21 [TBR_IncrementalHeuristic_MP_RF -> NNI_Substep_6] - Distance: 209.0000
(((((7,(28,(6,(13,((((10,29),((5,(16,(1,30))),(20,(3,15)))),27),2))))),(23,(14,11))),8),((18,25),((4,(21,(24,12))),(26,(9,22))))),(19,17));

STEP 22 [TBR_IncrementalHeuristic_MP_RF -> NNI_Substep_7] - Distance: 209.0000
(((((7,(28,(6,((13,(((10,29),((5,(16,(1,30))),(20,(3,15)))),27)),2)))),(23,(14,11))),8),((18,25),((4,(21,(24,12))),(26,(9,22))))),(19,17));

STEP 23 [TBR_IncrementalHeuristic_MP_RF -> NNI_Substep_8] - Distance: 209.0000
(((((7,(28,((6,(13,(((10,29),((5,(16,(1,30))),(20,(3,15)))),27))),2))),(23,(14,11))),8),((18,25),((4,(21,(24,12))),(26,(9,22))))),(19,17));

STEP 24 [TBR_IncrementalHeuristic_MP_RF -> NNI_Substep_9] - Distance: 209.0000
(((((7,((28,(6,(13,(((10,29),((5,(16,(1,30))),(20,(3,15)))),27)))),2)),(23,(14,11))),8),((18,25),((4,(21,(24,12))),(26,(9,22))))),(19,17));

STEP 25 [TBR_IncrementalHeuristic_MP_RF -> NNI_Substep_10] - Distance: 209.0000
((((((7,(28,(6,(13,(((10,29),((5,(16,(1,30))),(20,(3,15)))),27))))),2),(23,(14,11))),8),((18,25),((4,(21,(24,12))),(26,(9,22))))),(19,17));

STEP 26 [TBR_IncrementalHeuristic_MP_RF -> NNI_Substep_11] - Distance: 209.0000
((((((7,(28,(6,(13,(((10,29),((5,(16,(1,30))),(20,(3,15)))),27))))),(23,(14,11))),2),8),((18,25),((4,(21,(24,12))),(26,(9,22))))),(19,17));

STEP 27 [TBR_IncrementalHeuristic_MP_RF -> NNI_Substep_12] - Distance: 209.0000
((((((7,(28,(6,(13,(((10,29),((5,(16,(1,30))),(20,(3,15)))),27))))),(23,(14,11))),8),2),((18,25),((4,(21,(24,12))),(26,(9,22))))),(19,17));

STEP 28 [TBR_IncrementalHeuristic_MP_RF -> NNI_Substep_13] - Distance: 212.0000
((((((7,(28,(6,(13,(((10,29),((5,(16,(1,30))),(20,(3,15)))),27))))),(23,(14,11))),8),((18,25),((4,(21,(24,12))),(26,(9,22))))),2),(19,17));

STEP 29 [TBR_IncrementalHeuristic_MP_RF -> NNI_Substep_14] - Distance: 197.0000
(((((7,(28,(6,(13,(((10,29),((5,(16,(1,30))),(20,(3,15)))),27))))),(23,(14,11))),8),(((18,25),((4,(21,(24,12))),(26,(9,22)))),2)),(19,17));

STEP 30 [TBR_IncrementalHeuristic_MP_RF -> NNI_Substep_15] - Distance: 195.0000
(((((7,(28,(6,(13,(((10,29),((5,(16,(1,30))),(20,(3,15)))),27))))),(23,(14,11))),8),((18,25),(((4,(21,(24,12))),(26,(9,22))),2))),(19,17));

STEP 31 [TBR_IncrementalHeuristic_MP_RF -> NNI_Substep_16] - Distance: 195.0000
(((((7,(28,(6,(13,(((10,29),((5,(16,(1,30))),(20,(3,15)))),27))))),(23,(14,11))),8),((18,25),((4,(21,(24,12))),((26,(9,22)),2)))),(19,17));

STEP 32 [TBR_IncrementalHeuristic_MP_RF -> NNI_Substep_17] - Distance: 195.0000
(((((7,(28,(6,(13,(((10,29),((5,(16,(1,30))),(20,(3,15)))),27))))),(23,(14,11))),8),((18,25),((4,(21,(24,12))),(26,((9,22),2))))),(19,17));

STEP 33 [TBR_IncrementalHeuristic_MP_RF -> NNI_Substep_18] - Distance: 194.0000
(((((7,(28,(6,(13,(((10,29),((5,(16,(1,30))),(20,(3,15)))),27))))),(23,(14,11))),8),((18,25),((4,(21,(24,12))),(26,(9,(22,2)))))),(19,17));

STEP 34 [TBR_IncrementalHeuristic_MP_RF -> NNI_Substep_19] - Distance: 194.0000
(((((7,(28,(6,(13,(((10,29),((5,(16,(1,30))),(20,(3,15)))),27))))),(23,(14,11))),8),((18,25),(((21,(24,12)),(26,(9,(22,2)))),4))),(19,17));

STEP 35 [TBR_IncrementalHeuristic_MP_RF -> NNI_Substep_20] - Distance: 194.0000
(((((7,(28,(6,(13,(((10,29),((5,(16,(1,30))),(20,(3,15)))),27))))),(23,(14,11))),8),((18,25),((21,(24,12)),((26,(9,(22,2))),4)))),(19,17));

STEP 36 [TBR_IncrementalHeuristic_MP_RF -> NNI_Substep_21] - Distance: 194.0000
(((((7,(28,(6,(13,(((10,29),((5,(16,(1,30))),(20,(3,15)))),27))))),(23,(14,11))),8),((18,25),((21,(24,12)),(26,((9,(22,2)),4))))),(19,17));

STEP 37 [TBR_IncrementalHeuristic_MP_RF -> NNI_Substep_22] - Distance: 192.0000
(((((7,(28,(6,(13,(((10,29),((5,(16,(1,30))),(20,(3,15)))),27))))),(23,(14,11))),8),((18,25),((21,(24,12)),(26,((9,4),(22,2)))))),(19,17));

STEP 38 [TBR_IncrementalHeuristic_MP_RF -> NNI_Substep_23] - Distance: 192.0000
(((((7,(28,(6,((13,((10,29),((5,(16,(1,30))),(20,(3,15))))),27)))),(23,(14,11))),8),((18,25),((21,(24,12)),(26,((9,4),(22,2)))))),(19,17));

STEP 39 [TBR_IncrementalHeuristic_MP_RF -> NNI_Substep_24] - Distance: 192.0000
(((((7,(28,((6,(13,((10,29),((5,(16,(1,30))),(20,(3,15)))))),27))),(23,(14,11))),8),((18,25),((21,(24,12)),(26,((9,4),(22,2)))))),(19,17));

STEP 40 [TBR_IncrementalHeuristic_MP_RF -> NNI_Substep_25] - Distance: 192.0000
(((((7,((28,(6,(13,((10,29),((5,(16,(1,30))),(20,(3,15))))))),27)),(23,(14,11))),8),((18,25),((21,(24,12)),(26,((9,4),(22,2)))))),(19,17));

STEP 41 [TBR_IncrementalHeuristic_MP_RF -> NNI_Substep_26] - Distance: 192.0000
((((((7,(28,(6,(13,((10,29),((5,(16,(1,30))),(20,(3,15)))))))),27),(23,(14,11))),8),((18,25),((21,(24,12)),(26,((9,4),(22,2)))))),(19,17));

STEP 42 [TBR_IncrementalHeuristic_MP_RF -> NNI_Substep_27] - Distance: 192.0000
((((((7,(28,(6,(13,((10,29),((5,(16,(1,30))),(20,(3,15)))))))),(23,(14,11))),27),8),((18,25),((21,(24,12)),(26,((9,4),(22,2)))))),(19,17));

STEP 43 [TBR_IncrementalHeuristic_MP_RF -> NNI_Substep_28] - Distance: 192.0000
((((((7,(28,(6,(13,((10,29),((5,(16,(1,30))),(20,(3,15)))))))),(23,(14,11))),8),27),((18,25),((21,(24,12)),(26,((9,4),(22,2)))))),(19,17));

STEP 44 [TBR_IncrementalHeuristic_MP_RF -> NNI_Substep_29] - Distance: 191.0000
((((((7,(28,(6,(13,((10,29),((5,(16,(1,30))),(20,(3,15)))))))),(23,(14,11))),8),((18,25),((21,(24,12)),(26,((9,4),(22,2)))))),27),(19,17));

STEP 45 [TBR_IncrementalHeuristic_MP_RF -> NNI_Substep_30] - Distance: 176.0000
(((((7,(28,(6,(13,((10,29),((5,(16,(1,30))),(20,(3,15)))))))),(23,(14,11))),8),(((18,25),((21,(24,12)),(26,((9,4),(22,2))))),27)),(19,17));

STEP 46 [TBR_IncrementalHeuristic_MP_RF -> NNI_Substep_31] - Distance: 174.0000
(((((7,(28,(6,(13,((10,29),((5,(16,(1,30))),(20,(3,15)))))))),(23,(14,11))),8),((18,25),(((21,(24,12)),(26,((9,4),(22,2)))),27))),(19,17));

STEP 47 [TBR_IncrementalHeuristic_MP_RF -> NNI_Substep_32] - Distance: 174.0000
(((((7,(28,(6,(13,((10,29),((5,(16,(1,30))),(20,(3,15)))))))),(23,(14,11))),8),((18,25),((21,(24,12)),((26,((9,4),(22,2))),27)))),(19,17));

STEP 48 [TBR_IncrementalHeuristic_MP_RF -> NNI_Substep_33] - Distance: 174.0000
(((((7,(28,(6,(13,((10,29),((5,(16,(1,30))),(20,(3,15)))))))),(23,(14,11))),8),((18,25),((21,(24,12)),(26,(((9,4),(22,2)),27))))),(19,17));

STEP 49 [TBR_IncrementalHeuristic_MP_RF -> NNI_Substep_34] - Distance: 174.0000
(((((7,(28,(6,(13,((10,29),((5,(16,(1,30))),(20,(3,15)))))))),(23,(14,11))),8),((18,25),(((24,12),(26,(((9,4),(22,2)),27))),21))),(19,17));

STEP 50 [TBR_IncrementalHeuristic_MP_RF -> NNI_Substep_35] - Distance: 174.0000
(((((7,(28,(6,(13,((10,29),((5,(16,(1,30))),(20,(3,15)))))))),(23,(14,11))),8),(((18,25),((24,12),(26,(((9,4),(22,2)),27)))),21)),(19,17));

STEP 51 [TBR_IncrementalHeuristic_MP_RF -> NNI_Substep_36] - Distance: 175.0000
((((((7,(28,(6,(13,((10,29),((5,(16,(1,30))),(20,(3,15)))))))),(23,(14,11))),8),((18,25),((24,12),(26,(((9,4),(22,2)),27))))),21),(19,17));

STEP 52 [TBR_IncrementalHeuristic_MP_RF -> NNI_Substep_37] - Distance: 167.0000
((((((7,(28,(6,(13,((10,29),((5,(16,(1,30))),(20,(3,15)))))))),(23,(14,11))),8),21),((18,25),((24,12),(26,(((9,4),(22,2)),27))))),(19,17));

STEP 53 [TBR_IncrementalHeuristic_MP_RF -> NNI_Substep_38] - Distance: 166.0000
((((((7,(28,(6,(13,((10,29),((5,(16,(1,30))),(20,(3,15)))))))),(23,(14,11))),21),8),((18,25),((24,12),(26,(((9,4),(22,2)),27))))),(19,17));

STEP 54 [TBR_IncrementalHeuristic_MP_RF -> NNI_Substep_39] - Distance: 163.0000
((((((7,(28,(6,(13,((10,29),((5,(16,(1,30))),(20,(3,15)))))))),21),(23,(14,11))),8),((18,25),((24,12),(26,(((9,4),(22,2)),27))))),(19,17));

STEP 55 [TBR_IncrementalHeuristic_MP_RF -> NNI_Substep_40] - Distance: 162.0000
(((((7,((28,(6,(13,((10,29),((5,(16,(1,30))),(20,(3,15))))))),21)),(23,(14,11))),8),((18,25),((24,12),(26,(((9,4),(22,2)),27))))),(19,17));

STEP 56 [TBR_IncrementalHeuristic_MP_RF -> NNI_Substep_41] - Distance: 163.0000
(((((7,(28,((6,(13,((10,29),((5,(16,(1,30))),(20,(3,15)))))),21))),(23,(14,11))),8),((18,25),((24,12),(26,(((9,4),(22,2)),27))))),(19,17));

STEP 57 [TBR_IncrementalHeuristic_MP_RF -> NNI_Substep_42] - Distance: 163.0000
(((((7,(28,(6,((13,((10,29),((5,(16,(1,30))),(20,(3,15))))),21)))),(23,(14,11))),8),((18,25),((24,12),(26,(((9,4),(22,2)),27))))),(19,17));

STEP 58 [TBR_IncrementalHeuristic_MP_RF -> NNI_Substep_43] - Distance: 163.0000
(((((7,(28,(6,(13,(((10,29),((5,(16,(1,30))),(20,(3,15)))),21))))),(23,(14,11))),8),((18,25),((24,12),(26,(((9,4),(22,2)),27))))),(19,17));

STEP 59 [TBR_IncrementalHeuristic_MP_RF -> NNI_Substep_44] - Distance: 163.0000
(((((7,(28,(6,(13,((10,29),(((5,(16,(1,30))),(20,(3,15))),21)))))),(23,(14,11))),8),((18,25),((24,12),(26,(((9,4),(22,2)),27))))),(19,17));

STEP 60 [TBR_IncrementalHeuristic_MP_RF -> NNI_Substep_45] - Distance: 163.0000
(((((7,(28,(6,(13,((10,29),((5,(16,(1,30))),((20,(3,15)),21))))))),(23,(14,11))),8),((18,25),((24,12),(26,(((9,4),(22,2)),27))))),(19,17));

STEP 61 [TBR_IncrementalHeuristic_MP_RF -> NNI_Substep_46] - Distance: 163.0000
(((((7,(28,(6,(13,((10,29),((5,(16,(1,30))),(20,((3,15),21)))))))),(23,(14,11))),8),((18,25),((24,12),(26,(((9,4),(22,2)),27))))),(19,17));

STEP 62 [TBR_IncrementalHeuristic_MP_RF -> NNI_Substep_47] - Distance: 163.0000
(((((7,(28,(6,(13,((10,29),((5,(16,(1,30))),(20,((3,21),15)))))))),(23,(14,11))),8),((18,25),((24,12),(26,(((9,4),(22,2)),27))))),(19,17));

STEP 63 [TBR_IncrementalHeuristic_MP_RF -> NNI_Substep_48] - Distance: 163.0000
(((((7,(28,(6,(13,((10,29),((5,(16,(1,30))),((20,15),(3,21)))))))),(23,(14,11))),8),((18,25),((24,12),(26,(((9,4),(22,2)),27))))),(19,17));

STEP 64 [TBR_IncrementalHeuristic_MP_RF -> NNI_Substep_49] - Distance: 160.0000
(((((7,(28,(6,(13,((10,29),(((5,(16,(1,30))),(20,15)),(3,21))))))),(23,(14,11))),8),((18,25),((24,12),(26,(((9,4),(22,2)),27))))),(19,17));

STEP 65 [TBR_IncrementalHeuristic_MP_RF -> NNI_Substep_50] - Distance: 160.0000
(((((7,(28,(6,(13,(((10,29),((5,(16,(1,30))),(20,15))),(3,21)))))),(23,(14,11))),8),((18,25),((24,12),(26,(((9,4),(22,2)),27))))),(19,17));

STEP 66 [TBR_IncrementalHeuristic_MP_RF -> NNI_Substep_51] - Distance: 160.0000
(((((7,(28,(6,((13,((10,29),((5,(16,(1,30))),(20,15)))),(3,21))))),(23,(14,11))),8),((18,25),((24,12),(26,(((9,4),(22,2)),27))))),(19,17));

STEP 67 [TBR_IncrementalHeuristic_MP_RF -> NNI_Substep_52] - Distance: 160.0000
(((((7,(28,((6,(13,((10,29),((5,(16,(1,30))),(20,15))))),(3,21)))),(23,(14,11))),8),((18,25),((24,12),(26,(((9,4),(22,2)),27))))),(19,17));

STEP 68 [TBR_IncrementalHeuristic_MP_RF -> NNI_Substep_53] - Distance: 158.0000
(((((7,((28,(6,(13,((10,29),((5,(16,(1,30))),(20,15)))))),(3,21))),(23,(14,11))),8),((18,25),((24,12),(26,(((9,4),(22,2)),27))))),(19,17));

STEP 69 [TBR_IncrementalHeuristic_MP_RF -> NNI_Substep_54] - Distance: 160.0000
((((((7,(28,(6,(13,((10,29),((5,(16,(1,30))),(20,15))))))),(3,21)),(23,(14,11))),8),((18,25),((24,12),(26,(((9,4),(22,2)),27))))),(19,17));

STEP 70 [TBR_IncrementalHeuristic_MP_RF -> NNI_Substep_55] - Distance: 155.0000
((((((7,(3,21)),(28,(6,(13,((10,29),((5,(16,(1,30))),(20,15))))))),(23,(14,11))),8),((18,25),((24,12),(26,(((9,4),(22,2)),27))))),(19,17));

STEP 71 [TBR_IncrementalHeuristic_MP_RF -> NNI_Substep_56] - Distance: 155.0000
((((((7,(3,21)),(28,(6,(13,((10,29),((5,(16,(1,30))),(20,15))))))),(23,(14,11))),8),((18,25),(((24,12),(((9,4),(22,2)),27)),26))),(19,17));

STEP 72 [TBR_IncrementalHeuristic_MP_RF -> NNI_Substep_57] - Distance: 154.0000
((((((7,(3,21)),(28,(6,(13,((10,29),((5,(16,(1,30))),(20,15))))))),(23,(14,11))),8),(((18,25),((24,12),(((9,4),(22,2)),27))),26)),(19,17));

STEP 73 [TBR_IncrementalHeuristic_MP_RF -> NNI_Substep_58] - Distance: 149.0000
((((((7,(3,21)),(28,(6,(13,((10,29),((5,(16,(1,30))),(20,15))))))),(23,(14,11))),8),(((18,25),26),((24,12),(((9,4),(22,2)),27)))),(19,17));

STEP 74 [TBR_IncrementalHeuristic_MP_RF -> NNI_Substep_59] - Distance: 148.0000
((((((7,(3,21)),(28,(6,(13,((10,29),((5,(16,(1,30))),(20,15))))))),(23,(14,11))),8),(((18,26),25),((24,12),(((9,4),(22,2)),27)))),(19,17));

STEP 75 [TBR_IncrementalHeuristic_MP_RF -> NNI_Substep_60] - Distance: 148.0000
((((((7,(3,21)),(28,(6,(13,((10,29),((5,(16,(1,30))),(20,15))))))),(23,(14,11))),8),(((18,26),25),((24,(((9,4),(22,2)),27)),12))),(19,17));

STEP 76 [TBR_IncrementalHeuristic_MP_RF -> NNI_Substep_61] - Distance: 148.0000
((((((7,(3,21)),(28,(6,(13,((10,29),((5,(16,(1,30))),(20,15))))))),(23,(14,11))),8),((((18,26),25),(24,(((9,4),(22,2)),27))),12)),(19,17));

STEP 77 [TBR_IncrementalHeuristic_MP_RF -> NNI_Substep_62] - Distance: 148.0000
(((((((7,(3,21)),(28,(6,(13,((10,29),((5,(16,(1,30))),(20,15))))))),(23,(14,11))),8),(((18,26),25),(24,(((9,4),(22,2)),27)))),12),(19,17));

STEP 78 [TBR_IncrementalHeuristic_MP_RF -> NNI_Substep_63] - Distance: 141.0000
(((((((7,(3,21)),(28,(6,(13,((10,29),((5,(16,(1,30))),(20,15))))))),(23,(14,11))),8),12),(((18,26),25),(24,(((9,4),(22,2)),27)))),(19,17));

STEP 79 [TBR_IncrementalHeuristic_MP_RF -> NNI_Substep_64] - Distance: 140.0000
(((((((7,(3,21)),(28,(6,(13,((10,29),((5,(16,(1,30))),(20,15))))))),(23,(14,11))),12),8),(((18,26),25),(24,(((9,4),(22,2)),27)))),(19,17));

STEP 80 [TBR_IncrementalHeuristic_MP_RF -> NNI_Substep_65] - Distance: 141.0000
(((((((7,(3,21)),(28,(6,(13,((10,29),((5,(16,(1,30))),(20,15))))))),12),(23,(14,11))),8),(((18,26),25),(24,(((9,4),(22,2)),27)))),(19,17));

STEP 81 [TBR_IncrementalHeuristic_MP_RF -> NNI_Substep_66] - Distance: 141.0000
((((((7,(3,21)),((28,(6,(13,((10,29),((5,(16,(1,30))),(20,15)))))),12)),(23,(14,11))),8),(((18,26),25),(24,(((9,4),(22,2)),27)))),(19,17));

STEP 82 [TBR_IncrementalHeuristic_MP_RF -> NNI_Substep_67] - Distance: 141.0000
((((((7,(3,21)),(28,((6,(13,((10,29),((5,(16,(1,30))),(20,15))))),12))),(23,(14,11))),8),(((18,26),25),(24,(((9,4),(22,2)),27)))),(19,17));

STEP 83 [TBR_IncrementalHeuristic_MP_RF -> NNI_Substep_68] - Distance: 141.0000
((((((7,(3,21)),(28,(6,((13,((10,29),((5,(16,(1,30))),(20,15)))),12)))),(23,(14,11))),8),(((18,26),25),(24,(((9,4),(22,2)),27)))),(19,17));

STEP 84 [TBR_IncrementalHeuristic_MP_RF -> NNI_Substep_69] - Distance: 141.0000
((((((7,(3,21)),(28,(6,(13,(((10,29),((5,(16,(1,30))),(20,15))),12))))),(23,(14,11))),8),(((18,26),25),(24,(((9,4),(22,2)),27)))),(19,17));

STEP 85 [TBR_IncrementalHeuristic_MP_RF -> NNI_Substep_70] - Distance: 141.0000
((((((7,(3,21)),(28,(6,(13,((10,29),(((5,(16,(1,30))),(20,15)),12)))))),(23,(14,11))),8),(((18,26),25),(24,(((9,4),(22,2)),27)))),(19,17));

STEP 86 [TBR_IncrementalHeuristic_MP_RF -> NNI_Substep_71] - Distance: 141.0000
((((((7,(3,21)),(28,(6,(13,((10,29),((5,(16,(1,30))),((20,15),12))))))),(23,(14,11))),8),(((18,26),25),(24,(((9,4),(22,2)),27)))),(19,17));

STEP 87 [TBR_IncrementalHeuristic_MP_RF -> NNI_Substep_72] - Distance: 141.0000
((((((7,(3,21)),(28,(6,(13,((10,29),((5,(16,(1,30))),(20,(15,12)))))))),(23,(14,11))),8),(((18,26),25),(24,(((9,4),(22,2)),27)))),(19,17));

STEP 88 [TBR_IncrementalHeuristic_MP_RF -> NNI_Substep_73] - Distance: 141.0000
((((((7,(3,21)),(28,(6,(13,((10,29),(((5,(16,(1,30))),20),(15,12))))))),(23,(14,11))),8),(((18,26),25),(24,(((9,4),(22,2)),27)))),(19,17));

STEP 89 [TBR_IncrementalHeuristic_MP_RF -> NNI_Substep_74] - Distance: 141.0000
((((((7,(3,21)),(28,(6,(13,(((10,29),((5,(16,(1,30))),20)),(15,12)))))),(23,(14,11))),8),(((18,26),25),(24,(((9,4),(22,2)),27)))),(19,17));

STEP 90 [TBR_IncrementalHeuristic_MP_RF -> NNI_Substep_75] - Distance: 141.0000
((((((7,(3,21)),(28,(6,((13,((10,29),((5,(16,(1,30))),20))),(15,12))))),(23,(14,11))),8),(((18,26),25),(24,(((9,4),(22,2)),27)))),(19,17));

STEP 91 [TBR_IncrementalHeuristic_MP_RF -> NNI_Substep_76] - Distance: 139.0000
((((((7,(3,21)),(28,((6,(13,((10,29),((5,(16,(1,30))),20)))),(15,12)))),(23,(14,11))),8),(((18,26),25),(24,(((9,4),(22,2)),27)))),(19,17));

STEP 92 [TBR_IncrementalHeuristic_MP_RF -> NNI_Substep_77] - Distance: 137.0000
((((((7,(3,21)),((28,(6,(13,((10,29),((5,(16,(1,30))),20))))),(15,12))),(23,(14,11))),8),(((18,26),25),(24,(((9,4),(22,2)),27)))),(19,17));

STEP 93 [TBR_IncrementalHeuristic_MP_RF -> NNI_Substep_78] - Distance: 131.0000
(((((((7,(3,21)),(28,(6,(13,((10,29),((5,(16,(1,30))),20)))))),(15,12)),(23,(14,11))),8),(((18,26),25),(24,(((9,4),(22,2)),27)))),(19,17));

STEP 94 [TBR_IncrementalHeuristic_MP_RF -> NNI_Substep_79] - Distance: 125.0000
(((((((7,(3,21)),(28,(6,(13,((10,29),((5,(16,(1,30))),20)))))),(23,(14,11))),(15,12)),8),(((18,26),25),(24,(((9,4),(22,2)),27)))),(19,17));

STEP 95 [TBR_IncrementalHeuristic_MP_RF -> NNI_Substep_80] - Distance: 127.0000
(((((((7,(3,21)),(28,(6,(13,((10,29),((5,(16,(1,30))),20)))))),(23,(14,11))),8),(15,12)),(((18,26),25),(24,(((9,4),(22,2)),27)))),(19,17));

STEP 96 [TBR_IncrementalHeuristic_MP_RF -> NNI_Substep_81] - Distance: 111.0000
((((((7,(3,21)),(28,(6,(13,((10,29),((5,(16,(1,30))),20)))))),(23,(14,11))),(8,(15,12))),(((18,26),25),(24,(((9,4),(22,2)),27)))),(19,17));

STEP 97 [TBR_IncrementalHeuristic_MP_RF -> NNI_Substep_82] - Distance: 111.0000
((((((7,(3,21)),(6,((13,((10,29),((5,(16,(1,30))),20))),28))),(23,(14,11))),(8,(15,12))),(((18,26),25),(24,(((9,4),(22,2)),27)))),(19,17));

STEP 98 [TBR_IncrementalHeuristic_MP_RF -> NNI_Substep_83] - Distance: 111.0000
((((((7,(3,21)),(6,(13,(((10,29),((5,(16,(1,30))),20)),28)))),(23,(14,11))),(8,(15,12))),(((18,26),25),(24,(((9,4),(22,2)),27)))),(19,17));

STEP 99 [TBR_IncrementalHeuristic_MP_RF -> NNI_Substep_84] - Distance: 108.0000
((((((7,(3,21)),(6,(13,(((10,29),28),((5,(16,(1,30))),20))))),(23,(14,11))),(8,(15,12))),(((18,26),25),(24,(((9,4),(22,2)),27)))),(19,17));

STEP 100 [TBR_IncrementalHeuristic_MP_RF -> NNI_Substep_85] - Distance: 108.0000
(((((6,((13,(((10,29),28),((5,(16,(1,30))),20))),(7,(3,21)))),(23,(14,11))),(8,(15,12))),(((18,26),25),(24,(((9,4),(22,2)),27)))),(19,17));

STEP 101 [TBR_IncrementalHeuristic_MP_RF -> NNI_Substep_86] - Distance: 108.0000
(((((6,(13,((((10,29),28),((5,(16,(1,30))),20)),(7,(3,21))))),(23,(14,11))),(8,(15,12))),(((18,26),25),(24,(((9,4),(22,2)),27)))),(19,17));

STEP 102 [TBR_IncrementalHeuristic_MP_RF -> NNI_Substep_87] - Distance: 99.0000
(((((6,(13,((((10,29),28),(7,(3,21))),((5,(16,(1,30))),20)))),(23,(14,11))),(8,(15,12))),(((18,26),25),(24,(((9,4),(22,2)),27)))),(19,17));

STEP 103 [TBR_IncrementalHeuristic_MP_RF -> NNI_Substep_88] - Distance: 99.0000
(((((6,(13,((((10,29),28),(7,(3,21))),(((5,16),(1,30)),20)))),(23,(14,11))),(8,(15,12))),(((18,26),25),(24,(((9,4),(22,2)),27)))),(19,17));

STEP 104 [TBR_IncrementalHeuristic_MP_RF -> NNI_Substep_89] - Distance: 99.0000
(((((6,(13,((((10,29),28),(7,(3,21))),(((5,16),20),(1,30))))),(23,(14,11))),(8,(15,12))),(((18,26),25),(24,(((9,4),(22,2)),27)))),(19,17));

STEP 105 [TBR_IncrementalHeuristic_MP_RF -> NNI_Substep_90] - Distance: 99.0000
(((((6,(13,((((10,29),28),(7,(3,21))),((5,16),(20,(1,30)))))),(23,(14,11))),(8,(15,12))),(((18,26),25),(24,(((9,4),(22,2)),27)))),(19,17));

STEP 106 [TBR_IncrementalHeuristic_MP_RF -> NNI_Substep_91] - Distance: 99.0000
(((((6,(13,(((((10,29),28),(7,(3,21))),(20,(1,30))),(5,16)))),(23,(14,11))),(8,(15,12))),(((18,26),25),(24,(((9,4),(22,2)),27)))),(19,17));

STEP 107 [TBR_IncrementalHeuristic_MP_RF -> NNI_Substep_92] - Distance: 99.0000
(((((6,((13,((((10,29),28),(7,(3,21))),(20,(1,30)))),(5,16))),(23,(14,11))),(8,(15,12))),(((18,26),25),(24,(((9,4),(22,2)),27)))),(19,17));

STEP 108 [TBR_IncrementalHeuristic_MP_RF -> NNI_Substep_93] - Distance: 100.0000
((((((6,(13,((((10,29),28),(7,(3,21))),(20,(1,30))))),(5,16)),(23,(14,11))),(8,(15,12))),(((18,26),25),(24,(((9,4),(22,2)),27)))),(19,17));

STEP 109 [TBR_IncrementalHeuristic_MP_RF -> NNI_Substep_94] - Distance: 99.0000
((((((6,(13,((((10,29),28),(7,(3,21))),(20,(1,30))))),(23,(14,11))),(5,16)),(8,(15,12))),(((18,26),25),(24,(((9,4),(22,2)),27)))),(19,17));

STEP 110 [TBR_IncrementalHeuristic_MP_RF -> NNI_Substep_95] - Distance: 102.0000
((((((6,(13,((((10,29),28),(7,(3,21))),(20,(1,30))))),(23,(14,11))),(8,(15,12))),(5,16)),(((18,26),25),(24,(((9,4),(22,2)),27)))),(19,17));

STEP 111 [TBR_IncrementalHeuristic_MP_RF -> NNI_Substep_96] - Distance: 111.0000
((((((6,(13,((((10,29),28),(7,(3,21))),(20,(1,30))))),(23,(14,11))),(8,(15,12))),(((18,26),25),(24,(((9,4),(22,2)),27)))),(5,16)),(19,17));

STEP 112 [TBR_IncrementalHeuristic_MP_RF -> NNI_Substep_97] - Distance: 95.0000
(((((6,(13,((((10,29),28),(7,(3,21))),(20,(1,30))))),(23,(14,11))),(8,(15,12))),((((18,26),25),(24,(((9,4),(22,2)),27))),(5,16))),(19,17));

STEP 113 [TBR_IncrementalHeuristic_MP_RF -> NNI_Substep_98] - Distance: 90.0000
(((((6,(13,((((10,29),28),(7,(3,21))),(20,(1,30))))),(23,(14,11))),(8,(15,12))),((((18,26),25),(5,16)),(24,(((9,4),(22,2)),27)))),(19,17));

STEP 114 [TBR_IncrementalHeuristic_MP_RF -> NNI_Substep_99] - Distance: 88.0000
(((((6,(13,((((10,29),28),(7,(3,21))),(20,(1,30))))),(23,(14,11))),(8,(15,12))),(((18,26),(25,(5,16))),(24,(((9,4),(22,2)),27)))),(19,17));

STEP 115 [TBR_IncrementalHeuristic_MP_RF -> NNI_Substep_100] - Distance: 88.0000
((((((6,((((10,29),28),(7,(3,21))),(20,(1,30)))),13),(23,(14,11))),(8,(15,12))),(((18,26),(25,(5,16))),(24,(((9,4),(22,2)),27)))),(19,17));

STEP 116 [TBR_IncrementalHeuristic_MP_RF -> NNI_Substep_101] - Distance: 88.0000
((((((6,((((10,29),28),(7,(3,21))),(20,(1,30)))),(23,(14,11))),13),(8,(15,12))),(((18,26),(25,(5,16))),(24,(((9,4),(22,2)),27)))),(19,17));

STEP 117 [TBR_IncrementalHeuristic_MP_RF -> NNI_Substep_102] - Distance: 88.0000
((((((6,((((10,29),28),(7,(3,21))),(20,(1,30)))),(23,(14,11))),(8,(15,12))),13),(((18,26),(25,(5,16))),(24,(((9,4),(22,2)),27)))),(19,17));

STEP 118 [TBR_IncrementalHeuristic_MP_RF -> NNI_Substep_103] - Distance: 89.0000
((((((6,((((10,29),28),(7,(3,21))),(20,(1,30)))),(23,(14,11))),(8,(15,12))),(((18,26),(25,(5,16))),(24,(((9,4),(22,2)),27)))),13),(19,17));

STEP 119 [TBR_IncrementalHeuristic_MP_RF -> NNI_Substep_104] - Distance: 73.0000
(((((6,((((10,29),28),(7,(3,21))),(20,(1,30)))),(23,(14,11))),(8,(15,12))),((((18,26),(25,(5,16))),(24,(((9,4),(22,2)),27))),13)),(19,17));

STEP 120 [TBR_IncrementalHeuristic_MP_RF -> NNI_Substep_105] - Distance: 68.0000
(((((6,((((10,29),28),(7,(3,21))),(20,(1,30)))),(23,(14,11))),(8,(15,12))),((((18,26),(25,(5,16))),13),(24,(((9,4),(22,2)),27)))),(19,17));

STEP 121 [TBR_IncrementalHeuristic_MP_RF -> NNI_Substep_106] - Distance: 66.0000
(((((6,((((10,29),28),(7,(3,21))),(20,(1,30)))),(23,(14,11))),(8,(15,12))),(((18,26),((25,(5,16)),13)),(24,(((9,4),(22,2)),27)))),(19,17));

STEP 122 [TBR_IncrementalHeuristic_MP_RF -> NNI_Substep_107] - Distance: 65.0000
(((((6,((((10,29),28),(7,(3,21))),(20,(1,30)))),(23,(14,11))),(8,(15,12))),(((18,26),(25,((5,16),13))),(24,(((9,4),(22,2)),27)))),(19,17));

STEP 123 [TBR_IncrementalHeuristic_MP_RF -> NNI_Substep_108] - Distance: 65.0000
(((((6,((((10,29),28),(7,(3,21))),(20,(1,30)))),(23,(14,11))),(8,(15,12))),(((18,26),(25,((5,13),16))),(24,(((9,4),(22,2)),27)))),(19,17));

STEP 124 [TBR_IncrementalHeuristic_MP_RF -> NNI_Substep_109] - Distance: 65.0000
(((((6,((((10,29),28),(7,(3,21))),(20,(1,30)))),(23,(14,11))),(8,(15,12))),(((18,26),((25,(5,13)),16)),(24,(((9,4),(22,2)),27)))),(19,17));

STEP 125 [TBR_IncrementalHeuristic_MP_RF -> NNI_Substep_110] - Distance: 65.0000
(((((6,((((10,29),28),(7,(3,21))),(20,(1,30)))),(23,(14,11))),(8,(15,12))),((((18,26),(25,(5,13))),16),(24,(((9,4),(22,2)),27)))),(19,17));

STEP 126 [TBR_IncrementalHeuristic_MP_RF -> NNI_Substep_111] - Distance: 64.0000
(((((6,((((10,29),28),(7,(3,21))),(20,(1,30)))),(23,(14,11))),(8,(15,12))),((((18,26),(25,(5,13))),(24,(((9,4),(22,2)),27))),16)),(19,17));

STEP 127 [TBR_IncrementalHeuristic_MP_RF -> NNI_Substep_112] - Distance: 63.0000
((((((6,((((10,29),28),(7,(3,21))),(20,(1,30)))),(23,(14,11))),(8,(15,12))),(((18,26),(25,(5,13))),(24,(((9,4),(22,2)),27)))),16),(19,17));

STEP 128 [TBR_IncrementalHeuristic_MP_RF -> NNI_Substep_113] - Distance: 53.0000
((((((6,((((10,29),28),(7,(3,21))),(20,(1,30)))),(23,(14,11))),(8,(15,12))),16),(((18,26),(25,(5,13))),(24,(((9,4),(22,2)),27)))),(19,17));

STEP 129 [TBR_IncrementalHeuristic_MP_RF -> NNI_Substep_114] - Distance: 50.0000
((((((6,((((10,29),28),(7,(3,21))),(20,(1,30)))),(23,(14,11))),16),(8,(15,12))),(((18,26),(25,(5,13))),(24,(((9,4),(22,2)),27)))),(19,17));

STEP 130 [TBR_IncrementalHeuristic_MP_RF -> NNI_Substep_115] - Distance: 51.0000
((((((6,((((10,29),28),(7,(3,21))),(20,(1,30)))),16),(23,(14,11))),(8,(15,12))),(((18,26),(25,(5,13))),(24,(((9,4),(22,2)),27)))),(19,17));

STEP 131 [TBR_IncrementalHeuristic_MP_RF -> NNI_Substep_116] - Distance: 51.0000
((((((6,16),((((10,29),28),(7,(3,21))),(20,(1,30)))),(23,(14,11))),(8,(15,12))),(((18,26),(25,(5,13))),(24,(((9,4),(22,2)),27)))),(19,17));

STEP 132 [TBR_IncrementalHeuristic_MP_RF -> NNI_Substep_117] - Distance: 51.0000
((((((6,16),((((10,29),28),(7,(3,21))),(20,(1,30)))),(23,(14,11))),(8,(15,12))),((((18,26),(25,(5,13))),(((9,4),(22,2)),27)),24)),(19,17));

STEP 133 [TBR_IncrementalHeuristic_MP_RF -> NNI_Substep_118] - Distance: 46.0000
(((((((6,16),((((10,29),28),(7,(3,21))),(20,(1,30)))),(23,(14,11))),(8,(15,12))),(((18,26),(25,(5,13))),(((9,4),(22,2)),27))),24),(19,17));

STEP 134 [TBR_IncrementalHeuristic_MP_RF -> NNI_Substep_119] - Distance: 36.0000
(((((((6,16),((((10,29),28),(7,(3,21))),(20,(1,30)))),(23,(14,11))),(8,(15,12))),24),(((18,26),(25,(5,13))),(((9,4),(22,2)),27))),(19,17));

STEP 135 [TBR_IncrementalHeuristic_MP_RF -> NNI_Substep_120] - Distance: 33.0000
(((((((6,16),((((10,29),28),(7,(3,21))),(20,(1,30)))),(23,(14,11))),24),(8,(15,12))),(((18,26),(25,(5,13))),(((9,4),(22,2)),27))),(19,17));

STEP 136 [TBR_IncrementalHeuristic_MP_RF -> NNI_Substep_121] - Distance: 26.0000
((((((6,16),((((10,29),28),(7,(3,21))),(20,(1,30)))),((23,(14,11)),24)),(8,(15,12))),(((18,26),(25,(5,13))),(((9,4),(22,2)),27))),(19,17));

STEP 137 [TBR_IncrementalHeuristic_MP_RF -> NNI_Substep_122] - Distance: 22.0000
(((((((((10,29),28),(7,(3,21))),(20,(1,30))),((23,(14,11)),24)),(6,16)),(8,(15,12))),(((18,26),(25,(5,13))),(((9,4),(22,2)),27))),(19,17));

STEP 138 [TBR_IncrementalHeuristic_MP_RF -> NNI_Substep_123] - Distance: 4.0000
((((((((10,29),28),(7,(3,21))),(20,(1,30))),(((23,(14,11)),24),(6,16))),(8,(15,12))),(((18,26),(25,(5,13))),(((9,4),(22,2)),27))),(19,17));

STEP 139 [TBR_IncrementalHeuristic_MP_RF -> NNI_Substep_124] - Distance: 2.0000
((((((((10,29),28),(7,(3,21))),(20,(1,30))),(((23,(14,11)),(6,16)),24)),(8,(15,12))),(((18,26),(25,(5,13))),(((9,4),(22,2)),27))),(19,17));

STEP 140 [TBR_IncrementalHeuristic_MP_RF -> NNI_Substep_125] - Distance: 0.0000
((((((((10,29),28),(7,(3,21))),(20,(1,30))),((23,((14,11),(6,16))),24)),(8,(15,12))),(((18,26),(25,(5,13))),(((9,4),(22,2)),27))),(19,17));

========================================================
[FINAL] Total Steps: 140 | Final Distance: 0.0000
========================================================
