========================================================
HEURISTIC TRAJECTORY: VND Classic (MP_RF)
========================================================
STEP 0 [START] - Distance: 334.0000
(((((((11,10),(5,(9,23))),((3,(((24,(19,17)),(14,15)),(12,16))),(21,(1,(26,20))))),((4,(27,13)),(28,(25,22)))),(29,(2,30))),(18,7)),(8,6));

STEP 1 [NNI_ClassicHeuristic_MP_RF -> NNI_Substep_1] - Distance: 315.0000
(((((29,(2,30)),((4,(27,13)),(28,(25,22)))),(((11,10),(5,(9,23))),((3,(((24,(19,17)),(14,15)),(12,16))),(21,(1,(26,20)))))),(18,7)),(8,6));

STEP 2 [NNI_ClassicHeuristic_MP_RF -> NNI_Substep_2] - Distance: 305.0000
(((((29,(2,30)),((4,(27,13)),(28,(25,22)))),(18,7)),(((11,10),(5,(9,23))),((3,(((24,(19,17)),(14,15)),(12,16))),(21,(1,(26,20)))))),(8,6));

STEP 3 [NNI_ClassicHeuristic_MP_RF -> NNI_Substep_3] - Distance: 289.0000
(((((29,(2,30)),((4,(27,13)),(28,(25,22)))),(18,7)),(8,6)),((((3,(((24,(19,17)),(14,15)),(12,16))),(21,(1,(26,20)))),(5,(9,23))),(11,10)));

STEP 4 [NNI_ClassicHeuristic_MP_RF -> NNI_Substep_4] - Distance: 286.0000
(((((29,(2,30)),((4,(27,13)),(28,(25,22)))),(18,7)),(8,6)),(11,((((3,(((24,(19,17)),(14,15)),(12,16))),(21,(1,(26,20)))),(5,(9,23))),10)));

STEP 5 [NNI_ClassicHeuristic_MP_RF -> NNI_Substep_5] - Distance: 284.0000
(((((29,(2,30)),(18,7)),((4,(27,13)),(28,(25,22)))),(8,6)),(11,((((3,(((24,(19,17)),(14,15)),(12,16))),(21,(1,(26,20)))),(5,(9,23))),10)));

STEP 6 [NNI_ClassicHeuristic_MP_RF -> NNI_Substep_6] - Distance: 282.0000
(((((29,(2,30)),(18,7)),((4,(27,13)),(28,(25,22)))),(8,6)),(11,((((3,(((12,16),(14,15)),(24,(19,17)))),(21,(1,(26,20)))),(5,(9,23))),10)));

STEP 7 [NNI_ClassicHeuristic_MP_RF -> NNI_Substep_7] - Distance: 281.0000
(((((29,(2,30)),(18,7)),(((28,(25,22)),(27,13)),4)),(8,6)),(11,((((3,(((12,16),(14,15)),(24,(19,17)))),(21,(1,(26,20)))),(5,(9,23))),10)));

STEP 8 [NNI_ClassicHeuristic_MP_RF -> NNI_Substep_8] - Distance: 280.0000
(((((28,(25,22)),(27,13)),(((29,(2,30)),(18,7)),4)),(8,6)),(11,((((3,(((12,16),(14,15)),(24,(19,17)))),(21,(1,(26,20)))),(5,(9,23))),10)));

STEP 9 [NNI_ClassicHeuristic_MP_RF -> NNI_Substep_9] - Distance: 279.0000
((((8,6),(((29,(2,30)),(18,7)),4)),((28,(25,22)),(27,13))),(11,((((3,(((12,16),(14,15)),(24,(19,17)))),(21,(1,(26,20)))),(5,(9,23))),10)));

STEP 10 [NNI_ClassicHeuristic_MP_RF -> NNI_Substep_10] - Distance: 277.0000
(((((29,(2,30)),(18,7)),((8,6),4)),((28,(25,22)),(27,13))),(11,((((3,(((12,16),(14,15)),(24,(19,17)))),(21,(1,(26,20)))),(5,(9,23))),10)));

STEP 11 [NNI_ClassicHeuristic_MP_RF -> NNI_Substep_11] - Distance: 276.0000
(((((29,(2,30)),(18,7)),((8,6),4)),((28,(25,22)),(27,13))),(11,((((3,((((14,15),16),12),(24,(19,17)))),(21,(1,(26,20)))),(5,(9,23))),10)));

STEP 12 [NNI_ClassicHeuristic_MP_RF -> NNI_Substep_12] - Distance: 275.0000
(((((29,(2,30)),(18,7)),((8,6),4)),((28,(25,22)),(27,13))),(11,((((3,((((14,15),16),12),(24,(19,17)))),((26,20),(1,21))),(5,(9,23))),10)));

STEP 13 [NNI_ClassicHeuristic_MP_RF -> NNI_Substep_13] - Distance: 273.0000
(((((29,(2,30)),(18,7)),((8,6),4)),((28,(25,22)),(27,13))),(11,((((1,21),((26,20),(3,((((14,15),16),12),(24,(19,17)))))),(5,(9,23))),10)));

STEP 14 [NNI_ClassicHeuristic_MP_RF -> NNI_Substep_14] - Distance: 270.0000
(((((29,(2,30)),(18,7)),((8,6),4)),((28,(25,22)),(27,13))),(11,((((1,21),(5,(9,23))),((26,20),(3,((((14,15),16),12),(24,(19,17)))))),10)));

STEP 15 [NNI_ClassicHeuristic_MP_RF -> NNI_Substep_15] - Distance: 268.0000
(((((29,(2,30)),(18,7)),((8,6),4)),((28,(25,22)),(27,13))),(11,(((((5,(9,23)),21),1),((26,20),(3,((((14,15),16),12),(24,(19,17)))))),10)));

STEP 16 [NNI_ClassicHeuristic_MP_RF -> NNI_Substep_16] - Distance: 267.0000
(((((29,(2,30)),(18,7)),((8,6),4)),((28,(25,22)),(27,13))),(11,(((((5,(9,23)),21),1),(((3,((((14,15),16),12),(24,(19,17)))),20),26)),10)));

STEP 17 [TBR_ClassicHeuristic_MP_RF -> NNI_Substep_1] - Distance: 267.0000
(((((29,(2,30)),(18,7)),((8,6),4)),((28,(25,22)),(27,13))),(11,((((((5,23),9),21),1),(((3,((((14,15),16),12),(24,(19,17)))),20),26)),10)));

STEP 18 [TBR_ClassicHeuristic_MP_RF -> NNI_Substep_2] - Distance: 267.0000
(((((29,(2,30)),(18,7)),((8,6),4)),((28,(25,22)),(27,13))),(11,((((((5,23),21),9),1),(((3,((((14,15),16),12),(24,(19,17)))),20),26)),10)));

STEP 19 [TBR_ClassicHeuristic_MP_RF -> NNI_Substep_3] - Distance: 267.0000
(((((29,(2,30)),(18,7)),((8,6),4)),((28,(25,22)),(27,13))),(11,((((((5,23),21),1),9),(((3,((((14,15),16),12),(24,(19,17)))),20),26)),10)));

STEP 20 [TBR_ClassicHeuristic_MP_RF -> NNI_Substep_4] - Distance: 267.0000
(((((29,(2,30)),(18,7)),((8,6),4)),((28,(25,22)),(27,13))),(11,((((((5,23),21),1),(((3,((((14,15),16),12),(24,(19,17)))),20),26)),9),10)));

STEP 21 [TBR_ClassicHeuristic_MP_RF -> NNI_Substep_5] - Distance: 267.0000
(((((29,(2,30)),(18,7)),((8,6),4)),((28,(25,22)),(27,13))),(11,((((((5,23),21),1),(((3,((((14,15),16),12),(24,(19,17)))),20),26)),10),9)));

STEP 22 [TBR_ClassicHeuristic_MP_RF -> NNI_Substep_6] - Distance: 267.0000
(((((29,(2,30)),(18,7)),((8,6),4)),((28,(25,22)),(27,13))),((11,(((((5,23),21),1),(((3,((((14,15),16),12),(24,(19,17)))),20),26)),10)),9));

STEP 23 [TBR_ClassicHeuristic_MP_RF -> NNI_Substep_7] - Distance: 255.0000
(((((29,(2,30)),(18,7)),((8,6),4)),(((28,(25,22)),(27,13)),9)),(11,(((((5,23),21),1),(((3,((((14,15),16),12),(24,(19,17)))),20),26)),10)));

STEP 24 [TBR_ClassicHeuristic_MP_RF -> NNI_Substep_8] - Distance: 254.0000
(((((29,(2,30)),(18,7)),((8,6),4)),((28,(25,22)),((27,13),9))),(11,(((((5,23),21),1),(((3,((((14,15),16),12),(24,(19,17)))),20),26)),10)));

STEP 25 [TBR_ClassicHeuristic_MP_RF -> NNI_Substep_9] - Distance: 254.0000
(((((29,(2,30)),(18,7)),((8,6),4)),((28,(25,22)),((27,9),13))),(11,(((((5,23),21),1),(((3,((((14,15),16),12),(24,(19,17)))),20),26)),10)));

STEP 26 [TBR_ClassicHeuristic_MP_RF -> NNI_Substep_10] - Distance: 254.0000
(((((29,(2,30)),(18,7)),((8,6),4)),((28,(25,22)),((27,9),13))),(11,(((((5,23),21),1),(((3,((((14,16),15),12),(24,(19,17)))),20),26)),10)));

STEP 27 [TBR_ClassicHeuristic_MP_RF -> NNI_Substep_11] - Distance: 254.0000
(((((29,(2,30)),(18,7)),((8,6),4)),((28,(25,22)),((27,9),13))),(11,(((((5,23),21),1),(((3,((((14,16),12),15),(24,(19,17)))),20),26)),10)));

STEP 28 [TBR_ClassicHeuristic_MP_RF -> NNI_Substep_12] - Distance: 254.0000
(((((29,(2,30)),(18,7)),((8,6),4)),((28,(25,22)),((27,9),13))),(11,(((((5,23),21),1),(((3,((((14,16),12),(24,(19,17))),15)),20),26)),10)));

STEP 29 [TBR_ClassicHeuristic_MP_RF -> NNI_Substep_13] - Distance: 254.0000
(((((29,(2,30)),(18,7)),((8,6),4)),((28,(25,22)),((27,9),13))),(11,(((((5,23),21),1),((((3,(((14,16),12),(24,(19,17)))),15),20),26)),10)));

STEP 30 [TBR_ClassicHeuristic_MP_RF -> NNI_Substep_14] - Distance: 254.0000
(((((29,(2,30)),(18,7)),((8,6),4)),((28,(25,22)),((27,9),13))),(11,(((((5,23),21),1),((((3,(((14,16),12),(24,(19,17)))),20),15),26)),10)));

STEP 31 [TBR_ClassicHeuristic_MP_RF -> NNI_Substep_15] - Distance: 254.0000
(((((29,(2,30)),(18,7)),((8,6),4)),((28,(25,22)),((27,9),13))),(11,(((((5,23),21),1),((((3,(((14,16),12),(24,(19,17)))),20),26),15)),10)));

STEP 32 [TBR_ClassicHeuristic_MP_RF -> NNI_Substep_16] - Distance: 253.0000
(((((29,(2,30)),(18,7)),((8,6),4)),((28,(25,22)),((27,9),13))),(11,((((((5,23),21),1),(((3,(((14,16),12),(24,(19,17)))),20),26)),15),10)));

STEP 33 [TBR_ClassicHeuristic_MP_RF -> NNI_Substep_17] - Distance: 251.0000
(((((29,(2,30)),(18,7)),((8,6),4)),((28,(25,22)),((27,9),13))),(11,((((((5,23),21),1),15),(((3,(((14,16),12),(24,(19,17)))),20),26)),10)));

STEP 34 [TBR_ClassicHeuristic_MP_RF -> NNI_Substep_18] - Distance: 248.0000
(((((29,(2,30)),(18,7)),((8,6),4)),((28,(25,22)),((27,9),13))),(11,(((((5,23),21),(1,15)),(((3,(((14,16),12),(24,(19,17)))),20),26)),10)));

STEP 35 [TBR_ClassicHeuristic_MP_RF -> NNI_Substep_19] - Distance: 248.0000
((((((29,2),30),(18,7)),((8,6),4)),((28,(25,22)),((27,9),13))),(11,(((((5,23),21),(1,15)),(((3,(((14,16),12),(24,(19,17)))),20),26)),10)));

STEP 36 [TBR_ClassicHeuristic_MP_RF -> NNI_Substep_20] - Distance: 248.0000
((((((29,2),(18,7)),30),((8,6),4)),((28,(25,22)),((27,9),13))),(11,(((((5,23),21),(1,15)),(((3,(((14,16),12),(24,(19,17)))),20),26)),10)));

STEP 37 [TBR_ClassicHeuristic_MP_RF -> NNI_Substep_21] - Distance: 248.0000
((((((29,2),(18,7)),((8,6),4)),30),((28,(25,22)),((27,9),13))),(11,(((((5,23),21),(1,15)),(((3,(((14,16),12),(24,(19,17)))),20),26)),10)));

STEP 38 [TBR_ClassicHeuristic_MP_RF -> NNI_Substep_22] - Distance: 248.0000
((((((29,2),(18,7)),((8,6),4)),((28,(25,22)),((27,9),13))),30),(11,(((((5,23),21),(1,15)),(((3,(((14,16),12),(24,(19,17)))),20),26)),10)));

STEP 39 [TBR_ClassicHeuristic_MP_RF -> NNI_Substep_23] - Distance: 242.0000
(((((29,2),(18,7)),((8,6),4)),((28,(25,22)),((27,9),13))),(11,((((((5,23),21),(1,15)),(((3,(((14,16),12),(24,(19,17)))),20),26)),10),30)));

STEP 40 [TBR_ClassicHeuristic_MP_RF -> NNI_Substep_24] - Distance: 242.0000
(((((29,2),(18,7)),((8,6),4)),((28,(25,22)),((27,9),13))),(11,((((((5,23),21),(1,15)),(((3,(((14,16),12),(24,(19,17)))),20),26)),30),10)));

STEP 41 [TBR_ClassicHeuristic_MP_RF -> NNI_Substep_25] - Distance: 240.0000
(((((29,2),(18,7)),((8,6),4)),((28,(25,22)),((27,9),13))),(11,((((((5,23),21),(1,15)),30),(((3,(((14,16),12),(24,(19,17)))),20),26)),10)));

STEP 42 [TBR_ClassicHeuristic_MP_RF -> NNI_Substep_26] - Distance: 237.0000
(((((29,2),(18,7)),((8,6),4)),((28,(25,22)),((27,9),13))),(11,(((((5,23),21),((1,15),30)),(((3,(((14,16),12),(24,(19,17)))),20),26)),10)));

STEP 43 [TBR_ClassicHeuristic_MP_RF -> NNI_Substep_27] - Distance: 236.0000
(((((29,2),(18,7)),((8,6),4)),((28,(25,22)),((27,9),13))),(11,(((((5,23),21),((1,30),15)),(((3,(((14,16),12),(24,(19,17)))),20),26)),10)));

STEP 44 [TBR_ClassicHeuristic_MP_RF -> NNI_Substep_28] - Distance: 236.0000
(((((29,2),(18,7)),((8,6),4)),(((28,(25,22)),(27,9)),13)),(11,(((((5,23),21),((1,30),15)),(((3,(((14,16),12),(24,(19,17)))),20),26)),10)));

STEP 45 [TBR_ClassicHeuristic_MP_RF -> NNI_Substep_29] - Distance: 235.0000
((((((29,2),(18,7)),((8,6),4)),((28,(25,22)),(27,9))),13),(11,(((((5,23),21),((1,30),15)),(((3,(((14,16),12),(24,(19,17)))),20),26)),10)));

STEP 46 [TBR_ClassicHeuristic_MP_RF -> NNI_Substep_30] - Distance: 230.0000
(((((29,2),(18,7)),((8,6),4)),((28,(25,22)),(27,9))),(11,((((((5,23),21),((1,30),15)),(((3,(((14,16),12),(24,(19,17)))),20),26)),10),13)));

STEP 47 [TBR_ClassicHeuristic_MP_RF -> NNI_Substep_31] - Distance: 230.0000
(((((29,2),(18,7)),((8,6),4)),((28,(25,22)),(27,9))),(11,((((((5,23),21),((1,30),15)),(((3,(((14,16),12),(24,(19,17)))),20),26)),13),10)));

STEP 48 [TBR_ClassicHeuristic_MP_RF -> NNI_Substep_32] - Distance: 224.0000
(((((29,2),(18,7)),((8,6),4)),((28,(25,22)),(27,9))),(11,(((((5,23),21),((1,30),15)),((((3,(((14,16),12),(24,(19,17)))),20),26),13)),10)));

STEP 49 [TBR_ClassicHeuristic_MP_RF -> NNI_Substep_33] - Distance: 224.0000
(((((29,2),(18,7)),((8,6),4)),((28,(25,22)),(27,9))),(11,(((((5,23),21),((1,30),15)),((((3,(((14,16),12),(24,(19,17)))),20),13),26)),10)));

STEP 50 [TBR_ClassicHeuristic_MP_RF -> NNI_Substep_34] - Distance: 223.0000
(((((29,2),(18,7)),((8,6),4)),((28,(25,22)),(27,9))),(11,(((((5,23),21),((1,30),15)),(((3,(((14,16),12),(24,(19,17)))),(20,13)),26)),10)));

STEP 51 [TBR_ClassicHeuristic_MP_RF -> NNI_Substep_35] - Distance: 223.0000
(((((29,2),(18,7)),((8,6),4)),((28,(25,22)),(27,9))),(11,(((((5,23),21),((1,30),15)),((((((14,16),12),(24,(19,17))),(20,13)),3),26)),10)));

STEP 52 [TBR_ClassicHeuristic_MP_RF -> NNI_Substep_36] - Distance: 223.0000
(((((29,2),(18,7)),((8,6),4)),((28,(25,22)),(27,9))),(11,(((((5,23),21),((1,30),15)),((((((14,16),12),(24,(19,17))),(20,13)),26),3)),10)));

STEP 53 [TBR_ClassicHeuristic_MP_RF -> NNI_Substep_37] - Distance: 222.0000
(((((29,2),(18,7)),((8,6),4)),((28,(25,22)),(27,9))),(11,((((((5,23),21),((1,30),15)),(((((14,16),12),(24,(19,17))),(20,13)),26)),3),10)));

STEP 54 [TBR_ClassicHeuristic_MP_RF -> NNI_Substep_38] - Distance: 222.0000
(((((29,2),(18,7)),((8,6),4)),((28,(25,22)),(27,9))),(11,((((((5,23),21),((1,30),15)),(((((14,16),12),(24,(19,17))),(20,13)),26)),10),3)));

STEP 55 [TBR_ClassicHeuristic_MP_RF -> NNI_Substep_39] - Distance: 222.0000
(((((29,2),(18,7)),((8,6),4)),((28,(25,22)),(27,9))),((11,(((((5,23),21),((1,30),15)),(((((14,16),12),(24,(19,17))),(20,13)),26)),10)),3));

STEP 56 [TBR_ClassicHeuristic_MP_RF -> NNI_Substep_40] - Distance: 213.0000
(((((29,2),(18,7)),((8,6),4)),((28,(25,22)),(27,9))),((11,3),(((((5,23),21),((1,30),15)),(((((14,16),12),(24,(19,17))),(20,13)),26)),10)));

STEP 57 [TBR_ClassicHeuristic_MP_RF -> NNI_Substep_41] - Distance: 213.0000
(((((29,2),(18,7)),((8,6),4)),(((25,22),(27,9)),28)),((11,3),(((((5,23),21),((1,30),15)),(((((14,16),12),(24,(19,17))),(20,13)),26)),10)));

STEP 58 [TBR_ClassicHeuristic_MP_RF -> NNI_Substep_42] - Distance: 213.0000
((((((29,2),(18,7)),((8,6),4)),((25,22),(27,9))),28),((11,3),(((((5,23),21),((1,30),15)),(((((14,16),12),(24,(19,17))),(20,13)),26)),10)));

STEP 59 [TBR_ClassicHeuristic_MP_RF -> NNI_Substep_43] - Distance: 210.0000
((((((29,2),(18,7)),((8,6),4)),28),((25,22),(27,9))),((11,3),(((((5,23),21),((1,30),15)),(((((14,16),12),(24,(19,17))),(20,13)),26)),10)));

STEP 60 [TBR_ClassicHeuristic_MP_RF -> NNI_Substep_44] - Distance: 208.0000
(((((29,2),(18,7)),(((8,6),4),28)),((25,22),(27,9))),((11,3),(((((5,23),21),((1,30),15)),(((((14,16),12),(24,(19,17))),(20,13)),26)),10)));

STEP 61 [TBR_ClassicHeuristic_MP_RF -> NNI_Substep_45] - Distance: 207.0000
(((((29,2),(18,7)),(((8,6),28),4)),((25,22),(27,9))),((11,3),(((((5,23),21),((1,30),15)),(((((14,16),12),(24,(19,17))),(20,13)),26)),10)));

STEP 62 [TBR_ClassicHeuristic_MP_RF -> NNI_Substep_46] - Distance: 207.0000
(((((29,2),(18,7)),((8,(6,28)),4)),((25,22),(27,9))),((11,3),(((((5,23),21),((1,30),15)),(((((14,16),12),(24,(19,17))),(20,13)),26)),10)));

STEP 63 [TBR_ClassicHeuristic_MP_RF -> NNI_Substep_47] - Distance: 207.0000
(((((29,2),(18,7)),((8,(6,28)),4)),((25,22),(27,9))),(((11,3),((((5,23),21),((1,30),15)),(((((14,16),12),(24,(19,17))),(20,13)),26))),10));

STEP 64 [TBR_ClassicHeuristic_MP_RF -> NNI_Substep_48] - Distance: 195.0000
((((((29,2),(18,7)),((8,(6,28)),4)),10),((25,22),(27,9))),((11,3),((((5,23),21),((1,30),15)),(((((14,16),12),(24,(19,17))),(20,13)),26))));

STEP 65 [TBR_ClassicHeuristic_MP_RF -> NNI_Substep_49] - Distance: 193.0000
(((((29,2),(18,7)),(((8,(6,28)),4),10)),((25,22),(27,9))),((11,3),((((5,23),21),((1,30),15)),(((((14,16),12),(24,(19,17))),(20,13)),26))));

STEP 66 [TBR_ClassicHeuristic_MP_RF -> NNI_Substep_50] - Distance: 192.0000
(((((29,2),(18,7)),(((8,(6,28)),10),4)),((25,22),(27,9))),((11,3),((((5,23),21),((1,30),15)),(((((14,16),12),(24,(19,17))),(20,13)),26))));

STEP 67 [TBR_ClassicHeuristic_MP_RF -> NNI_Substep_51] - Distance: 192.0000
(((((29,2),(18,7)),((8,((6,28),10)),4)),((25,22),(27,9))),((11,3),((((5,23),21),((1,30),15)),(((((14,16),12),(24,(19,17))),(20,13)),26))));

STEP 68 [TBR_ClassicHeuristic_MP_RF -> NNI_Substep_52] - Distance: 192.0000
(((((29,2),(18,7)),((8,((6,28),10)),4)),((25,22),(27,9))),((11,3),((((5,23),21),((1,30),15)),((((24,(19,17)),(20,13)),((14,16),12)),26))));

STEP 69 [TBR_ClassicHeuristic_MP_RF -> NNI_Substep_53] - Distance: 192.0000
(((((29,2),(18,7)),((8,((6,28),10)),4)),((25,22),(27,9))),((11,3),((((5,23),21),((1,30),15)),((((24,(19,17)),(20,13)),26),((14,16),12)))));

STEP 70 [TBR_ClassicHeuristic_MP_RF -> NNI_Substep_54] - Distance: 192.0000
(((((29,2),(18,7)),((8,((6,28),10)),4)),((25,22),(27,9))),((11,3),(((((5,23),21),((1,30),15)),(((24,(19,17)),(20,13)),26)),((14,16),12))));

STEP 71 [TBR_ClassicHeuristic_MP_RF -> NNI_Substep_55] - Distance: 192.0000
(((((29,2),(18,7)),((8,((6,28),10)),4)),((25,22),(27,9))),(((11,3),((((5,23),21),((1,30),15)),(((24,(19,17)),(20,13)),26))),((14,16),12)));

STEP 72 [TBR_ClassicHeuristic_MP_RF -> NNI_Substep_56] - Distance: 149.0000
((((((29,2),(18,7)),((8,((6,28),10)),4)),((14,16),12)),((25,22),(27,9))),((11,3),((((5,23),21),((1,30),15)),(((24,(19,17)),(20,13)),26))));

STEP 73 [TBR_ClassicHeuristic_MP_RF -> NNI_Substep_57] - Distance: 143.0000
(((((29,2),(18,7)),(((8,((6,28),10)),4),((14,16),12))),((25,22),(27,9))),((11,3),((((5,23),21),((1,30),15)),(((24,(19,17)),(20,13)),26))));

STEP 74 [TBR_ClassicHeuristic_MP_RF -> NNI_Substep_58] - Distance: 140.0000
(((((29,2),(18,7)),(((8,((6,28),10)),((14,16),12)),4)),((25,22),(27,9))),((11,3),((((5,23),21),((1,30),15)),(((24,(19,17)),(20,13)),26))));

STEP 75 [TBR_ClassicHeuristic_MP_RF -> NNI_Substep_59] - Distance: 140.0000
(((((29,2),(18,7)),((8,(((6,28),10),((14,16),12))),4)),((25,22),(27,9))),((11,3),((((5,23),21),((1,30),15)),(((24,(19,17)),(20,13)),26))));

STEP 76 [TBR_ClassicHeuristic_MP_RF -> NNI_Substep_60] - Distance: 140.0000
(((((29,2),(18,7)),((8,(((6,28),10),((14,16),12))),4)),((25,22),(27,9))),((11,3),((((5,23),21),((1,30),15)),(((24,(20,13)),(19,17)),26))));

STEP 77 [TBR_ClassicHeuristic_MP_RF -> NNI_Substep_61] - Distance: 140.0000
(((((29,2),(18,7)),((8,(((6,28),10),((14,16),12))),4)),((25,22),(27,9))),((11,3),((((5,23),21),((1,30),15)),(((24,(20,13)),26),(19,17)))));

STEP 78 [TBR_ClassicHeuristic_MP_RF -> NNI_Substep_62] - Distance: 140.0000
(((((29,2),(18,7)),((8,(((6,28),10),((14,16),12))),4)),((25,22),(27,9))),((11,3),(((((5,23),21),((1,30),15)),((24,(20,13)),26)),(19,17))));

STEP 79 [TBR_ClassicHeuristic_MP_RF -> NNI_Substep_63] - Distance: 140.0000
(((((29,2),(18,7)),((8,(((6,28),10),((14,16),12))),4)),((25,22),(27,9))),(((11,3),((((5,23),21),((1,30),15)),((24,(20,13)),26))),(19,17)));

STEP 80 [TBR_ClassicHeuristic_MP_RF -> NNI_Substep_64] - Distance: 109.0000
((((((29,2),(18,7)),((8,(((6,28),10),((14,16),12))),4)),(19,17)),((25,22),(27,9))),((11,3),((((5,23),21),((1,30),15)),((24,(20,13)),26))));

STEP 81 [TBR_ClassicHeuristic_MP_RF -> NNI_Substep_65] - Distance: 105.0000
(((((29,2),(18,7)),(((8,(((6,28),10),((14,16),12))),4),(19,17))),((25,22),(27,9))),((11,3),((((5,23),21),((1,30),15)),((24,(20,13)),26))));

STEP 82 [TBR_ClassicHeuristic_MP_RF -> NNI_Substep_66] - Distance: 103.0000
(((((29,2),(18,7)),(((8,(((6,28),10),((14,16),12))),(19,17)),4)),((25,22),(27,9))),((11,3),((((5,23),21),((1,30),15)),((24,(20,13)),26))));

STEP 83 [TBR_ClassicHeuristic_MP_RF -> NNI_Substep_67] - Distance: 103.0000
(((((29,2),(18,7)),((((((6,28),10),((14,16),12)),(19,17)),8),4)),((25,22),(27,9))),((11,3),((((5,23),21),((1,30),15)),((24,(20,13)),26))));

STEP 84 [TBR_ClassicHeuristic_MP_RF -> NNI_Substep_68] - Distance: 103.0000
(((((29,2),(18,7)),((((((6,28),10),((14,16),12)),(19,17)),4),8)),((25,22),(27,9))),((11,3),((((5,23),21),((1,30),15)),((24,(20,13)),26))));

STEP 85 [TBR_ClassicHeuristic_MP_RF -> NNI_Substep_69] - Distance: 103.0000
((((((29,2),(18,7)),(((((6,28),10),((14,16),12)),(19,17)),4)),8),((25,22),(27,9))),((11,3),((((5,23),21),((1,30),15)),((24,(20,13)),26))));

STEP 86 [TBR_ClassicHeuristic_MP_RF -> NNI_Substep_70] - Distance: 103.0000
((((((29,2),(18,7)),(((((6,28),10),((14,16),12)),(19,17)),4)),((25,22),(27,9))),8),((11,3),((((5,23),21),((1,30),15)),((24,(20,13)),26))));

STEP 87 [TBR_ClassicHeuristic_MP_RF -> NNI_Substep_71] - Distance: 82.0000
(((((29,2),(18,7)),(((((6,28),10),((14,16),12)),(19,17)),4)),((25,22),(27,9))),((11,3),(((((5,23),21),((1,30),15)),((24,(20,13)),26)),8)));

STEP 88 [TBR_ClassicHeuristic_MP_RF -> NNI_Substep_72] - Distance: 76.0000
(((((29,2),(18,7)),(((((6,28),10),((14,16),12)),(19,17)),4)),((25,22),(27,9))),((11,3),((((5,23),21),((1,30),15)),(((24,(20,13)),26),8))));

STEP 89 [TBR_ClassicHeuristic_MP_RF -> NNI_Substep_73] - Distance: 76.0000
(((((29,2),(18,7)),(((((6,28),10),((14,16),12)),(19,17)),4)),((25,22),(27,9))),((11,3),((((5,23),21),((1,30),15)),(((24,(20,13)),8),26))));

STEP 90 [TBR_ClassicHeuristic_MP_RF -> NNI_Substep_74] - Distance: 76.0000
(((((29,2),(18,7)),(((((6,28),10),((14,16),12)),(19,17)),4)),((25,22),(27,9))),((11,3),(((((5,23),21),((1,30),15)),((24,(20,13)),8)),26)));

STEP 91 [TBR_ClassicHeuristic_MP_RF -> NNI_Substep_75] - Distance: 76.0000
(((((29,2),(18,7)),(((((6,28),10),((14,16),12)),(19,17)),4)),((25,22),(27,9))),(((11,3),((((5,23),21),((1,30),15)),((24,(20,13)),8))),26));

STEP 92 [TBR_ClassicHeuristic_MP_RF -> NNI_Substep_76] - Distance: 54.0000
((((((29,2),(18,7)),(((((6,28),10),((14,16),12)),(19,17)),4)),26),((25,22),(27,9))),((11,3),((((5,23),21),((1,30),15)),((24,(20,13)),8))));

STEP 93 [TBR_ClassicHeuristic_MP_RF -> NNI_Substep_77] - Distance: 53.0000
(((((29,2),(18,7)),((((((6,28),10),((14,16),12)),(19,17)),4),26)),((25,22),(27,9))),((11,3),((((5,23),21),((1,30),15)),((24,(20,13)),8))));

STEP 94 [TBR_ClassicHeuristic_MP_RF -> NNI_Substep_78] - Distance: 52.0000
(((((29,2),(18,7)),((((((6,28),10),((14,16),12)),(19,17)),26),4)),((25,22),(27,9))),((11,3),((((5,23),21),((1,30),15)),((24,(20,13)),8))));

STEP 95 [TBR_ClassicHeuristic_MP_RF -> NNI_Substep_79] - Distance: 52.0000
(((((29,2),(18,7)),(((((6,28),10),((14,16),12)),((19,17),26)),4)),((25,22),(27,9))),((11,3),((((5,23),21),((1,30),15)),((24,(20,13)),8))));

STEP 96 [TBR_ClassicHeuristic_MP_RF -> NNI_Substep_80] - Distance: 52.0000
(((((29,2),(18,7)),(((((6,28),10),((14,16),12)),(19,(17,26))),4)),((25,22),(27,9))),((11,3),((((5,23),21),((1,30),15)),((24,(20,13)),8))));

STEP 97 [TBR_ClassicHeuristic_MP_RF -> NNI_Substep_81] - Distance: 52.0000
(((((29,(18,7)),2),(((((6,28),10),((14,16),12)),(19,(17,26))),4)),((25,22),(27,9))),((11,3),((((5,23),21),((1,30),15)),((24,(20,13)),8))));

STEP 98 [TBR_ClassicHeuristic_MP_RF -> NNI_Substep_82] - Distance: 45.0000
(((((29,(18,7)),(((((6,28),10),((14,16),12)),(19,(17,26))),4)),2),((25,22),(27,9))),((11,3),((((5,23),21),((1,30),15)),((24,(20,13)),8))));

STEP 99 [TBR_ClassicHeuristic_MP_RF -> NNI_Substep_83] - Distance: 43.0000
((((29,(18,7)),((((((6,28),10),((14,16),12)),(19,(17,26))),4),2)),((25,22),(27,9))),((11,3),((((5,23),21),((1,30),15)),((24,(20,13)),8))));

STEP 100 [TBR_ClassicHeuristic_MP_RF -> NNI_Substep_84] - Distance: 42.0000
((((29,(18,7)),((((((6,28),10),((14,16),12)),(19,(17,26))),2),4)),((25,22),(27,9))),((11,3),((((5,23),21),((1,30),15)),((24,(20,13)),8))));

STEP 101 [TBR_ClassicHeuristic_MP_RF -> NNI_Substep_85] - Distance: 41.0000
((((29,(18,7)),((((((6,28),10),((14,16),12)),2),(19,(17,26))),4)),((25,22),(27,9))),((11,3),((((5,23),21),((1,30),15)),((24,(20,13)),8))));

STEP 102 [TBR_ClassicHeuristic_MP_RF -> NNI_Substep_86] - Distance: 35.0000
((((29,(18,7)),(((((((6,28),10),((14,16),12)),2),(17,26)),19),4)),((25,22),(27,9))),((11,3),((((5,23),21),((1,30),15)),((24,(20,13)),8))));

STEP 103 [TBR_ClassicHeuristic_MP_RF -> NNI_Substep_87] - Distance: 33.0000
((((29,(18,7)),(((((((6,28),10),((14,16),12)),2),19),(17,26)),4)),((25,22),(27,9))),((11,3),((((5,23),21),((1,30),15)),((24,(20,13)),8))));

STEP 104 [TBR_ClassicHeuristic_MP_RF -> NNI_Substep_88] - Distance: 32.0000
((((29,(18,7)),(((((((6,28),10),((14,16),12)),19),2),(17,26)),4)),((25,22),(27,9))),((11,3),((((5,23),21),((1,30),15)),((24,(20,13)),8))));

STEP 105 [TBR_ClassicHeuristic_MP_RF -> NNI_Substep_89] - Distance: 32.0000
((((29,(18,7)),(((((((6,28),10),((14,16),12)),19),2),(17,26)),4)),((22,(27,9)),25)),((11,3),((((5,23),21),((1,30),15)),((24,(20,13)),8))));

STEP 106 [TBR_ClassicHeuristic_MP_RF -> NNI_Substep_90] - Distance: 32.0000
(((((29,(18,7)),(((((((6,28),10),((14,16),12)),19),2),(17,26)),4)),(22,(27,9))),25),((11,3),((((5,23),21),((1,30),15)),((24,(20,13)),8))));

STEP 107 [TBR_ClassicHeuristic_MP_RF -> NNI_Substep_91] - Distance: 29.0000
(((((29,(18,7)),(((((((6,28),10),((14,16),12)),19),2),(17,26)),4)),25),(22,(27,9))),((11,3),((((5,23),21),((1,30),15)),((24,(20,13)),8))));

STEP 108 [TBR_ClassicHeuristic_MP_RF -> NNI_Substep_92] - Distance: 18.0000
(((((29,(18,7)),25),(((((((6,28),10),((14,16),12)),19),2),(17,26)),4)),(22,(27,9))),((11,3),((((5,23),21),((1,30),15)),((24,(20,13)),8))));

STEP 109 [TBR_ClassicHeuristic_MP_RF -> NNI_Substep_93] - Distance: 17.0000
(((((29,25),(18,7)),(((((((6,28),10),((14,16),12)),19),2),(17,26)),4)),(22,(27,9))),((11,3),((((5,23),21),((1,30),15)),((24,(20,13)),8))));

STEP 110 [TBR_ClassicHeuristic_MP_RF -> NNI_Substep_94] - Distance: 17.0000
((((((29,25),7),18),(((((((6,28),10),((14,16),12)),19),2),(17,26)),4)),(22,(27,9))),((11,3),((((5,23),21),((1,30),15)),((24,(20,13)),8))));

STEP 111 [TBR_ClassicHeuristic_MP_RF -> NNI_Substep_95] - Distance: 17.0000
((((((29,25),7),(((((((6,28),10),((14,16),12)),19),2),(17,26)),4)),18),(22,(27,9))),((11,3),((((5,23),21),((1,30),15)),((24,(20,13)),8))));

STEP 112 [TBR_ClassicHeuristic_MP_RF -> NNI_Substep_96] - Distance: 16.0000
((((((29,25),7),(((((((6,28),10),((14,16),12)),19),2),(17,26)),4)),(22,(27,9))),18),((11,3),((((5,23),21),((1,30),15)),((24,(20,13)),8))));

STEP 113 [TBR_ClassicHeuristic_MP_RF -> NNI_Substep_97] - Distance: 2.0000
(((((29,25),7),(((((((6,28),10),((14,16),12)),19),2),(17,26)),4)),((22,(27,9)),18)),((11,3),((((5,23),21),((1,30),15)),((24,(20,13)),8))));

STEP 114 [TBR_ClassicHeuristic_MP_RF -> NNI_Substep_98] - Distance: 0.0000
(((((29,25),7),(((((((6,28),10),((14,16),12)),19),2),(17,26)),4)),((22,18),(27,9))),((11,3),((((5,23),21),((1,30),15)),((24,(20,13)),8))));

========================================================
[FINAL] Total Steps: 114 | Final Distance: 0.0000
========================================================
