========================================================
HEURISTIC TRAJECTORY: VND Incremental (RF)
========================================================
STEP 0 [START] - Distance: 27.0000
(10,(27,(2,(12,22))),((((((6,29),(24,15)),(28,(30,21))),(11,((8,(16,9)),(17,4)))),(5,(25,(26,1)))),(7,(23,(14,((13,(3,18)),(19,20)))))));

STEP 1 [NNI_IncrementalHeuristic_RF] - Distance: 26.0000
(10,(27,(2,(12,22))),((((((6,29),(24,15)),(28,(30,21))),(11,((8,(16,9)),(17,4)))),(5,(1,(26,25)))),(7,(23,(14,((13,(3,18)),(19,20)))))));

STEP 2 [Heur. uSPR RF -> NNI_Substep_1] - Distance: 26.0000
(10,(27,(2,(12,22))),((((((29,(24,15)),6),(28,(30,21))),(11,((8,(16,9)),(17,4)))),(5,(1,(26,25)))),(7,(23,(14,((13,(3,18)),(19,20)))))));

STEP 3 [Heur. uSPR RF -> NNI_Substep_2] - Distance: 26.0000
(10,(27,(2,(12,22))),((((((29,(24,15)),(28,(30,21))),6),(11,((8,(16,9)),(17,4)))),(5,(1,(26,25)))),(7,(23,(14,((13,(3,18)),(19,20)))))));

STEP 4 [Heur. uSPR RF -> NNI_Substep_3] - Distance: 26.0000
(10,(27,(2,(12,22))),(((((29,(24,15)),((28,(30,21)),6)),(11,((8,(16,9)),(17,4)))),(5,(1,(26,25)))),(7,(23,(14,((13,(3,18)),(19,20)))))));

STEP 5 [Heur. uSPR RF -> NNI_Substep_4] - Distance: 26.0000
(10,(27,(2,(12,22))),(((((29,(24,15)),(28,((30,21),6))),(11,((8,(16,9)),(17,4)))),(5,(1,(26,25)))),(7,(23,(14,((13,(3,18)),(19,20)))))));

STEP 6 [Heur. uSPR RF -> NNI_Substep_5] - Distance: 25.0000
(10,(27,(2,(12,22))),(((((29,(24,15)),(28,(30,(21,6)))),(11,((8,(16,9)),(17,4)))),(5,(1,(26,25)))),(7,(23,(14,((13,(3,18)),(19,20)))))));

STEP 7 [Heur. uSPR RF -> NNI_Substep_6] - Distance: 25.0000
(10,(27,(2,(12,22))),(((((29,(24,15)),(28,(30,(21,6)))),(11,((8,(16,9)),(17,4)))),(5,(1,(26,25)))),(7,((((13,(3,18)),(19,20)),23),14))));

STEP 8 [Heur. uSPR RF -> NNI_Substep_7] - Distance: 25.0000
(10,(27,(2,(12,22))),(((((29,(24,15)),(28,(30,(21,6)))),(11,((8,(16,9)),(17,4)))),(5,(1,(26,25)))),(7,((((13,(3,18)),23),(19,20)),14))));

STEP 9 [Heur. uSPR RF -> NNI_Substep_8] - Distance: 25.0000
(10,(27,(2,(12,22))),(((((29,(24,15)),(28,(30,(21,6)))),(11,((8,(16,9)),(17,4)))),(5,(1,(26,25)))),(7,(14,((13,((3,18),23)),(19,20))))));

STEP 10 [Heur. uSPR RF -> NNI_Substep_9] - Distance: 24.0000
(10,(27,(2,(12,22))),(((((29,(24,15)),(28,(30,(21,6)))),(11,((8,(16,9)),(17,4)))),(5,(1,(26,25)))),(7,(14,((13,((3,23),18)),(19,20))))));

STEP 11 [Heur. uSPR RF -> NNI_Substep_10] - Distance: 24.0000
(10,((27,(12,22)),2),(((((29,(24,15)),(28,(30,(21,6)))),(11,((8,(16,9)),(17,4)))),(5,(1,(26,25)))),(7,(14,((13,((3,23),18)),(19,20))))));

STEP 12 [Heur. uSPR RF -> NNI_Substep_11] - Distance: 24.0000
(10,(27,(12,22)),((((((29,(24,15)),(28,(30,(21,6)))),(11,((8,(16,9)),(17,4)))),(5,(1,(26,25)))),(7,(14,((13,((3,23),18)),(19,20))))),2));

STEP 13 [Heur. uSPR RF -> NNI_Substep_12] - Distance: 24.0000
(10,(27,(12,22)),(((((29,(24,15)),(28,(30,(21,6)))),(11,((8,(16,9)),(17,4)))),(5,(1,(26,25)))),((7,(14,((13,((3,23),18)),(19,20)))),2)));

STEP 14 [Heur. uSPR RF -> NNI_Substep_13] - Distance: 24.0000
(10,(27,(12,22)),(((((29,(24,15)),(28,(30,(21,6)))),(11,((8,(16,9)),(17,4)))),(5,(1,(26,25)))),(7,((14,((13,((3,23),18)),(19,20))),2))));

STEP 15 [Heur. uSPR RF -> NNI_Substep_14] - Distance: 23.0000
(10,(27,(12,22)),(((((29,(24,15)),(28,(30,(21,6)))),(11,((8,(16,9)),(17,4)))),(5,(1,(26,25)))),(7,((14,2),((13,((3,23),18)),(19,20))))));

STEP 16 [Heur. uSPR RF -> NNI_Substep_15] - Distance: 23.0000
(10,((27,22),12),(((((29,(24,15)),(28,(30,(21,6)))),(11,((8,(16,9)),(17,4)))),(5,(1,(26,25)))),(7,((14,2),((13,((3,23),18)),(19,20))))));

STEP 17 [Heur. uSPR RF -> NNI_Substep_16] - Distance: 23.0000
(10,(27,22),((((((29,(24,15)),(28,(30,(21,6)))),(11,((8,(16,9)),(17,4)))),(5,(1,(26,25)))),(7,((14,2),((13,((3,23),18)),(19,20))))),12));

STEP 18 [Heur. uSPR RF -> NNI_Substep_17] - Distance: 23.0000
(10,(27,22),(((((29,(24,15)),(28,(30,(21,6)))),(11,((8,(16,9)),(17,4)))),(5,(1,(26,25)))),((7,((14,2),((13,((3,23),18)),(19,20)))),12)));

STEP 19 [Heur. uSPR RF -> NNI_Substep_18] - Distance: 22.0000
(10,(27,22),(((((29,(24,15)),(28,(30,(21,6)))),(11,((8,(16,9)),(17,4)))),(5,(1,(26,25)))),((7,12),((14,2),((13,((3,23),18)),(19,20))))));

STEP 20 [Heur. uSPR RF -> NNI_Substep_19] - Distance: 22.0000
(10,(27,22),((((((29,(24,15)),(28,(30,(21,6)))),(11,((8,(16,9)),(17,4)))),(1,(26,25))),5),((7,12),((14,2),((13,((3,23),18)),(19,20))))));

STEP 21 [Heur. uSPR RF -> NNI_Substep_20] - Distance: 22.0000
(10,(27,22),((((((29,(24,15)),(28,(30,(21,6)))),(11,((8,(16,9)),(17,4)))),(1,(26,25))),((7,12),((14,2),((13,((3,23),18)),(19,20))))),5));

STEP 22 [Heur. uSPR RF -> NNI_Substep_21] - Distance: 22.0000
(10,(27,22),(((((29,(24,15)),(28,(30,(21,6)))),(11,((8,(16,9)),(17,4)))),(1,(26,25))),(((7,12),((14,2),((13,((3,23),18)),(19,20)))),5)));

STEP 23 [Heur. uSPR RF -> NNI_Substep_22] - Distance: 22.0000
(10,(27,22),(((((29,(24,15)),(28,(30,(21,6)))),(11,((8,(16,9)),(17,4)))),(1,(26,25))),((7,12),(((14,2),((13,((3,23),18)),(19,20))),5))));

STEP 24 [Heur. uSPR RF -> NNI_Substep_23] - Distance: 22.0000
(10,(27,22),(((((29,(24,15)),(28,(30,(21,6)))),(11,((8,(16,9)),(17,4)))),(1,(26,25))),((7,12),((14,2),(((13,((3,23),18)),(19,20)),5)))));

STEP 25 [Heur. uSPR RF -> NNI_Substep_24] - Distance: 22.0000
(10,(27,22),(((((29,(24,15)),(28,(30,(21,6)))),(11,((8,(16,9)),(17,4)))),(1,(26,25))),((7,12),((14,2),((13,((3,23),18)),((19,20),5))))));

STEP 26 [Heur. uSPR RF -> NNI_Substep_25] - Distance: 21.0000
(10,(27,22),(((((29,(24,15)),(28,(30,(21,6)))),(11,((8,(16,9)),(17,4)))),(1,(26,25))),((7,12),((14,2),((13,((3,23),18)),(19,(20,5)))))));

STEP 27 [Heur. uSPR RF -> NNI_Substep_26] - Distance: 21.0000
(10,27,((((((29,(24,15)),(28,(30,(21,6)))),(11,((8,(16,9)),(17,4)))),(1,(26,25))),((7,12),((14,2),((13,((3,23),18)),(19,(20,5)))))),22));

STEP 28 [Heur. uSPR RF -> NNI_Substep_27] - Distance: 21.0000
(10,27,((((((29,(24,15)),(28,(30,(21,6)))),(11,((8,(16,9)),(17,4)))),(1,(26,25))),22),((7,12),((14,2),((13,((3,23),18)),(19,(20,5)))))));

STEP 29 [Heur. uSPR RF -> NNI_Substep_28] - Distance: 21.0000
(10,27,((((((29,(24,15)),(28,(30,(21,6)))),(11,((8,(16,9)),(17,4)))),22),(1,(26,25))),((7,12),((14,2),((13,((3,23),18)),(19,(20,5)))))));

STEP 30 [Heur. uSPR RF -> NNI_Substep_29] - Distance: 21.0000
(10,27,((((((29,(24,15)),(28,(30,(21,6)))),22),(11,((8,(16,9)),(17,4)))),(1,(26,25))),((7,12),((14,2),((13,((3,23),18)),(19,(20,5)))))));

STEP 31 [Heur. uSPR RF -> NNI_Substep_30] - Distance: 21.0000
(10,27,((((((29,(24,15)),22),(28,(30,(21,6)))),(11,((8,(16,9)),(17,4)))),(1,(26,25))),((7,12),((14,2),((13,((3,23),18)),(19,(20,5)))))));

STEP 32 [Heur. uSPR RF -> NNI_Substep_31] - Distance: 21.0000
(10,27,(((((29,((24,15),22)),(28,(30,(21,6)))),(11,((8,(16,9)),(17,4)))),(1,(26,25))),((7,12),((14,2),((13,((3,23),18)),(19,(20,5)))))));

STEP 33 [Heur. uSPR RF -> NNI_Substep_32] - Distance: 20.0000
(10,27,(((((29,(24,(15,22))),(28,(30,(21,6)))),(11,((8,(16,9)),(17,4)))),(1,(26,25))),((7,12),((14,2),((13,((3,23),18)),(19,(20,5)))))));

STEP 34 [Heur. uSPR RF -> NNI_Substep_33] - Distance: 20.0000
(10,27,((((((29,24),(15,22)),(28,(30,(21,6)))),(11,((8,(16,9)),(17,4)))),(1,(26,25))),((7,12),((14,2),((13,((3,23),18)),(19,(20,5)))))));

STEP 35 [Heur. uSPR RF -> NNI_Substep_34] - Distance: 20.0000
(10,27,((((((29,24),(28,(30,(21,6)))),(15,22)),(11,((8,(16,9)),(17,4)))),(1,(26,25))),((7,12),((14,2),((13,((3,23),18)),(19,(20,5)))))));

STEP 36 [Heur. uSPR RF -> NNI_Substep_35] - Distance: 20.0000
(10,27,((((((29,24),(28,(30,(21,6)))),(11,((8,(16,9)),(17,4)))),(15,22)),(1,(26,25))),((7,12),((14,2),((13,((3,23),18)),(19,(20,5)))))));

STEP 37 [Heur. uSPR RF -> NNI_Substep_36] - Distance: 20.0000
(10,27,((((((29,24),(28,(30,(21,6)))),(11,((8,(16,9)),(17,4)))),(1,(26,25))),(15,22)),((7,12),((14,2),((13,((3,23),18)),(19,(20,5)))))));

STEP 38 [Heur. uSPR RF -> NNI_Substep_37] - Distance: 20.0000
(10,27,(((((29,24),(28,(30,(21,6)))),(11,((8,(16,9)),(17,4)))),((1,(26,25)),(15,22))),((7,12),((14,2),((13,((3,23),18)),(19,(20,5)))))));

STEP 39 [Heur. uSPR RF -> NNI_Substep_38] - Distance: 19.0000
(10,27,(((((29,24),(28,(30,(21,6)))),(11,((8,(16,9)),(17,4)))),(1,((26,25),(15,22)))),((7,12),((14,2),((13,((3,23),18)),(19,(20,5)))))));

STEP 40 [Heur. uSPR RF -> NNI_Substep_39] - Distance: 19.0000
(10,27,(((((29,(28,(30,(21,6)))),24),(11,((8,(16,9)),(17,4)))),(1,((26,25),(15,22)))),((7,12),((14,2),((13,((3,23),18)),(19,(20,5)))))));

STEP 41 [Heur. uSPR RF -> NNI_Substep_40] - Distance: 19.0000
(10,27,(((((29,(28,(30,(21,6)))),(11,((8,(16,9)),(17,4)))),24),(1,((26,25),(15,22)))),((7,12),((14,2),((13,((3,23),18)),(19,(20,5)))))));

STEP 42 [Heur. uSPR RF -> NNI_Substep_41] - Distance: 19.0000
(10,27,((((29,(28,(30,(21,6)))),((11,((8,(16,9)),(17,4))),24)),(1,((26,25),(15,22)))),((7,12),((14,2),((13,((3,23),18)),(19,(20,5)))))));

STEP 43 [Heur. uSPR RF -> NNI_Substep_42] - Distance: 19.0000
(10,27,((((29,(28,(30,(21,6)))),(11,(((8,(16,9)),(17,4)),24))),(1,((26,25),(15,22)))),((7,12),((14,2),((13,((3,23),18)),(19,(20,5)))))));

STEP 44 [Heur. uSPR RF -> NNI_Substep_43] - Distance: 19.0000
(10,27,((((29,(28,(30,(21,6)))),(11,(((8,(16,9)),24),(17,4)))),(1,((26,25),(15,22)))),((7,12),((14,2),((13,((3,23),18)),(19,(20,5)))))));

STEP 45 [Heur. uSPR RF -> NNI_Substep_44] - Distance: 19.0000
(10,27,((((29,(28,(30,(21,6)))),(11,((8,((16,9),24)),(17,4)))),(1,((26,25),(15,22)))),((7,12),((14,2),((13,((3,23),18)),(19,(20,5)))))));

STEP 46 [Heur. uSPR RF -> NNI_Substep_45] - Distance: 18.0000
(10,27,((((29,(28,(30,(21,6)))),(11,((8,((16,24),9)),(17,4)))),(1,((26,25),(15,22)))),((7,12),((14,2),((13,((3,23),18)),(19,(20,5)))))));

STEP 47 [Heur. uSPR RF -> NNI_Substep_46] - Distance: 18.0000
(10,27,((((29,((28,(21,6)),30)),(11,((8,((16,24),9)),(17,4)))),(1,((26,25),(15,22)))),((7,12),((14,2),((13,((3,23),18)),(19,(20,5)))))));

STEP 48 [Heur. uSPR RF -> NNI_Substep_47] - Distance: 18.0000
(10,27,(((((29,(28,(21,6))),30),(11,((8,((16,24),9)),(17,4)))),(1,((26,25),(15,22)))),((7,12),((14,2),((13,((3,23),18)),(19,(20,5)))))));

STEP 49 [Heur. uSPR RF -> NNI_Substep_48] - Distance: 18.0000
(10,27,(((((29,(28,(21,6))),(11,((8,((16,24),9)),(17,4)))),30),(1,((26,25),(15,22)))),((7,12),((14,2),((13,((3,23),18)),(19,(20,5)))))));

STEP 50 [Heur. uSPR RF -> NNI_Substep_49] - Distance: 18.0000
(10,27,((((29,(28,(21,6))),((11,((8,((16,24),9)),(17,4))),30)),(1,((26,25),(15,22)))),((7,12),((14,2),((13,((3,23),18)),(19,(20,5)))))));

STEP 51 [Heur. uSPR RF -> NNI_Substep_50] - Distance: 18.0000
(10,27,((((29,(28,(21,6))),(11,(((8,((16,24),9)),(17,4)),30))),(1,((26,25),(15,22)))),((7,12),((14,2),((13,((3,23),18)),(19,(20,5)))))));

STEP 52 [Heur. uSPR RF -> NNI_Substep_51] - Distance: 18.0000
(10,27,((((29,(28,(21,6))),(11,(((8,((16,24),9)),30),(17,4)))),(1,((26,25),(15,22)))),((7,12),((14,2),((13,((3,23),18)),(19,(20,5)))))));

STEP 53 [Heur. uSPR RF -> NNI_Substep_52] - Distance: 18.0000
(10,27,((((29,(28,(21,6))),(11,((8,(((16,24),9),30)),(17,4)))),(1,((26,25),(15,22)))),((7,12),((14,2),((13,((3,23),18)),(19,(20,5)))))));

STEP 54 [Heur. uSPR RF -> NNI_Substep_53] - Distance: 17.0000
(10,27,((((29,(28,(21,6))),(11,((8,(((16,24),30),9)),(17,4)))),(1,((26,25),(15,22)))),((7,12),((14,2),((13,((3,23),18)),(19,(20,5)))))));

STEP 55 [Heur. uSPR RF -> NNI_Substep_54] - Distance: 17.0000
(((((29,(28,(21,6))),(11,((8,(((16,24),30),9)),(17,4)))),(1,((26,25),(15,22)))),10),((7,12),((14,2),((13,((3,23),18)),(19,(20,5))))),27);

STEP 56 [Heur. uSPR RF -> NNI_Substep_55] - Distance: 17.0000
(((((29,(28,(21,6))),(11,((8,(((16,24),30),9)),(17,4)))),10),(1,((26,25),(15,22)))),((7,12),((14,2),((13,((3,23),18)),(19,(20,5))))),27);

STEP 57 [Heur. uSPR RF -> NNI_Substep_56] - Distance: 17.0000
((((29,(28,(21,6))),((11,((8,(((16,24),30),9)),(17,4))),10)),(1,((26,25),(15,22)))),((7,12),((14,2),((13,((3,23),18)),(19,(20,5))))),27);

STEP 58 [Heur. uSPR RF -> NNI_Substep_57] - Distance: 17.0000
((((29,(28,(21,6))),(11,(((8,(((16,24),30),9)),(17,4)),10))),(1,((26,25),(15,22)))),((7,12),((14,2),((13,((3,23),18)),(19,(20,5))))),27);

STEP 59 [Heur. uSPR RF -> NNI_Substep_58] - Distance: 17.0000
((((29,(28,(21,6))),(11,(((8,(((16,24),30),9)),10),(17,4)))),(1,((26,25),(15,22)))),((7,12),((14,2),((13,((3,23),18)),(19,(20,5))))),27);

STEP 60 [Heur. uSPR RF -> NNI_Substep_59] - Distance: 17.0000
((((29,(28,(21,6))),(11,((8,((((16,24),30),9),10)),(17,4)))),(1,((26,25),(15,22)))),((7,12),((14,2),((13,((3,23),18)),(19,(20,5))))),27);

STEP 61 [Heur. uSPR RF -> NNI_Substep_60] - Distance: 16.0000
((((29,(28,(21,6))),(11,((8,((((16,24),30),10),9)),(17,4)))),(1,((26,25),(15,22)))),((7,12),((14,2),((13,((3,23),18)),(19,(20,5))))),27);

STEP 62 [Heur. uSPR RF -> NNI_Substep_61] - Distance: 16.0000
((((29,(28,(21,6))),(11,(((8,9),(((16,24),30),10)),(17,4)))),(1,((26,25),(15,22)))),((7,12),((14,2),((13,((3,23),18)),(19,(20,5))))),27);

STEP 63 [Heur. uSPR RF -> NNI_Substep_62] - Distance: 16.0000
((((29,(28,(21,6))),(11,(((8,9),(17,4)),(((16,24),30),10)))),(1,((26,25),(15,22)))),((7,12),((14,2),((13,((3,23),18)),(19,(20,5))))),27);

STEP 64 [Heur. uSPR RF -> NNI_Substep_63] - Distance: 16.0000
((((29,(28,(21,6))),((11,((8,9),(17,4))),(((16,24),30),10))),(1,((26,25),(15,22)))),((7,12),((14,2),((13,((3,23),18)),(19,(20,5))))),27);

STEP 65 [Heur. uSPR RF -> NNI_Substep_64] - Distance: 16.0000
(((((29,(28,(21,6))),(11,((8,9),(17,4)))),(((16,24),30),10)),(1,((26,25),(15,22)))),((7,12),((14,2),((13,((3,23),18)),(19,(20,5))))),27);

STEP 66 [Heur. uSPR RF -> NNI_Substep_65] - Distance: 16.0000
(((((29,(28,(21,6))),(11,((8,9),(17,4)))),(1,((26,25),(15,22)))),(((16,24),30),10)),((7,12),((14,2),((13,((3,23),18)),(19,(20,5))))),27);

STEP 67 [Heur. uSPR RF -> NNI_Substep_66] - Distance: 16.0000
((((29,(28,(21,6))),(11,((8,9),(17,4)))),((1,((26,25),(15,22))),(((16,24),30),10))),((7,12),((14,2),((13,((3,23),18)),(19,(20,5))))),27);

STEP 68 [Heur. uSPR RF -> NNI_Substep_67] - Distance: 15.0000
((((29,(28,(21,6))),(11,((8,9),(17,4)))),(1,(((26,25),(15,22)),(((16,24),30),10)))),((7,12),((14,2),((13,((3,23),18)),(19,(20,5))))),27);

STEP 69 [Heur. uSPR RF -> NNI_Substep_68] - Distance: 15.0000
(((((29,(28,(21,6))),(11,((8,9),(17,4)))),1),(((26,25),(15,22)),(((16,24),30),10))),((7,12),((14,2),((13,((3,23),18)),(19,(20,5))))),27);

STEP 70 [Heur. uSPR RF -> NNI_Substep_69] - Distance: 15.0000
((((29,(28,(21,6))),(11,((8,9),(17,4)))),1),(((7,12),((14,2),((13,((3,23),18)),(19,(20,5))))),(((26,25),(15,22)),(((16,24),30),10))),27);

STEP 71 [Heur. uSPR RF -> NNI_Substep_70] - Distance: 14.0000
((((29,(28,(21,6))),(11,((8,9),(17,4)))),1),(((7,12),(((26,25),(15,22)),(((16,24),30),10))),((14,2),((13,((3,23),18)),(19,(20,5))))),27);

STEP 72 [Heur. uSPR RF -> NNI_Substep_71] - Distance: 14.0000
(((29,(28,(21,6))),(11,((8,9),(17,4)))),((((7,12),(((26,25),(15,22)),(((16,24),30),10))),((14,2),((13,((3,23),18)),(19,(20,5))))),1),27);

STEP 73 [Heur. uSPR RF -> NNI_Substep_72] - Distance: 14.0000
(((29,(28,(21,6))),(11,((8,9),(17,4)))),(((7,12),(((26,25),(15,22)),(((16,24),30),10))),(((14,2),((13,((3,23),18)),(19,(20,5)))),1)),27);

STEP 74 [Heur. uSPR RF -> NNI_Substep_73] - Distance: 14.0000
(((29,(28,(21,6))),(11,((8,9),(17,4)))),(((7,12),(((26,25),(15,22)),(((16,24),30),10))),((14,2),(((13,((3,23),18)),(19,(20,5))),1))),27);

STEP 75 [Heur. uSPR RF -> NNI_Substep_74] - Distance: 14.0000
(((29,(28,(21,6))),(11,((8,9),(17,4)))),(((7,12),(((26,25),(15,22)),(((16,24),30),10))),((14,2),(((13,((3,23),18)),1),(19,(20,5))))),27);

STEP 76 [Heur. uSPR RF -> NNI_Substep_75] - Distance: 14.0000
(((29,(28,(21,6))),(11,((8,9),(17,4)))),(((7,12),(((26,25),(15,22)),(((16,24),30),10))),((14,2),((13,(((3,23),18),1)),(19,(20,5))))),27);

STEP 77 [Heur. uSPR RF -> NNI_Substep_76] - Distance: 13.0000
(((29,(28,(21,6))),(11,((8,9),(17,4)))),(((7,12),(((26,25),(15,22)),(((16,24),30),10))),((14,2),((13,((3,23),(18,1))),(19,(20,5))))),27);

STEP 78 [Heur. uSPR RF -> NNI_Substep_77] - Distance: 13.0000
(((29,(28,(21,6))),(11,((8,9),(17,4)))),(((7,12),(((26,25),(15,22)),(((16,24),30),10))),((14,2),(((13,(3,23)),(18,1)),(19,(20,5))))),27);

STEP 79 [Heur. uSPR RF -> NNI_Substep_78] - Distance: 13.0000
(((29,(28,(21,6))),(11,((8,9),(17,4)))),(((7,12),(((26,25),(15,22)),(((16,24),30),10))),((14,2),(((13,(3,23)),(19,(20,5))),(18,1)))),27);

STEP 80 [Heur. uSPR RF -> NNI_Substep_79] - Distance: 13.0000
(((29,(28,(21,6))),(11,((8,9),(17,4)))),(((7,12),(((26,25),(15,22)),(((16,24),30),10))),(((14,2),((13,(3,23)),(19,(20,5)))),(18,1))),27);

STEP 81 [Heur. uSPR RF -> NNI_Substep_80] - Distance: 13.0000
(((29,(28,(21,6))),(11,((8,9),(17,4)))),((((7,12),(((26,25),(15,22)),(((16,24),30),10))),((14,2),((13,(3,23)),(19,(20,5))))),(18,1)),27);

STEP 82 [Heur. uSPR RF -> NNI_Substep_81] - Distance: 12.0000
(((29,(28,(21,6))),(11,((8,9),(17,4)))),(((7,12),(((26,25),(15,22)),(((16,24),30),10))),((14,2),((13,(3,23)),(19,(20,5))))),(27,(18,1)));

STEP 83 [Heur. uSPR RF -> NNI_Substep_82] - Distance: 12.0000
(((29,(28,(21,6))),(11,((9,(17,4)),8))),(((7,12),(((26,25),(15,22)),(((16,24),30),10))),((14,2),((13,(3,23)),(19,(20,5))))),(27,(18,1)));

STEP 84 [Heur. uSPR RF -> NNI_Substep_83] - Distance: 12.0000
(((29,(28,(21,6))),((11,(9,(17,4))),8)),(((7,12),(((26,25),(15,22)),(((16,24),30),10))),((14,2),((13,(3,23)),(19,(20,5))))),(27,(18,1)));

STEP 85 [Heur. uSPR RF -> NNI_Substep_84] - Distance: 12.0000
((((29,(28,(21,6))),(11,(9,(17,4)))),8),(((7,12),(((26,25),(15,22)),(((16,24),30),10))),((14,2),((13,(3,23)),(19,(20,5))))),(27,(18,1)));

STEP 86 [Heur. uSPR RF -> NNI_Substep_85] - Distance: 11.0000
(((29,(28,(21,6))),(11,(9,(17,4)))),(((7,12),(((26,25),(15,22)),(((16,24),30),10))),((14,2),((13,(3,23)),(19,(20,5))))),((27,(18,1)),8));

STEP 87 [Heur. uSPR RF -> NNI_Substep_86] - Distance: 11.0000
(((29,(28,(21,6))),((11,(17,4)),9)),(((7,12),(((26,25),(15,22)),(((16,24),30),10))),((14,2),((13,(3,23)),(19,(20,5))))),((27,(18,1)),8));

STEP 88 [Heur. uSPR RF -> NNI_Substep_87] - Distance: 11.0000
((((29,(28,(21,6))),(11,(17,4))),9),(((7,12),(((26,25),(15,22)),(((16,24),30),10))),((14,2),((13,(3,23)),(19,(20,5))))),((27,(18,1)),8));

STEP 89 [Heur. uSPR RF -> NNI_Substep_88] - Distance: 11.0000
(((29,(28,(21,6))),(11,(17,4))),((((7,12),(((26,25),(15,22)),(((16,24),30),10))),((14,2),((13,(3,23)),(19,(20,5))))),9),((27,(18,1)),8));

STEP 90 [Heur. uSPR RF -> NNI_Substep_89] - Distance: 11.0000
(((29,(28,(21,6))),(11,(17,4))),(((7,12),(((26,25),(15,22)),(((16,24),30),10))),(((14,2),((13,(3,23)),(19,(20,5)))),9)),((27,(18,1)),8));

STEP 91 [Heur. uSPR RF -> NNI_Substep_90] - Distance: 10.0000
(((29,(28,(21,6))),(11,(17,4))),(((7,12),(((26,25),(15,22)),(((16,24),30),10))),(((14,2),9),((13,(3,23)),(19,(20,5))))),((27,(18,1)),8));

STEP 92 [Heur. uSPR RF -> NNI_Substep_91] - Distance: 10.0000
((((29,(21,6)),28),(11,(17,4))),(((7,12),(((26,25),(15,22)),(((16,24),30),10))),(((14,2),9),((13,(3,23)),(19,(20,5))))),((27,(18,1)),8));

STEP 93 [Heur. uSPR RF -> NNI_Substep_92] - Distance: 10.0000
((((29,(21,6)),(11,(17,4))),28),(((7,12),(((26,25),(15,22)),(((16,24),30),10))),(((14,2),9),((13,(3,23)),(19,(20,5))))),((27,(18,1)),8));

STEP 94 [Heur. uSPR RF -> NNI_Substep_93] - Distance: 10.0000
(((29,(21,6)),(11,(17,4))),((((7,12),(((26,25),(15,22)),(((16,24),30),10))),(((14,2),9),((13,(3,23)),(19,(20,5))))),28),((27,(18,1)),8));

STEP 95 [Heur. uSPR RF -> NNI_Substep_94] - Distance: 10.0000
(((29,(21,6)),(11,(17,4))),(((7,12),(((26,25),(15,22)),(((16,24),30),10))),((((14,2),9),((13,(3,23)),(19,(20,5)))),28)),((27,(18,1)),8));

STEP 96 [Heur. uSPR RF -> NNI_Substep_95] - Distance: 9.0000
(((29,(21,6)),(11,(17,4))),(((7,12),(((26,25),(15,22)),(((16,24),30),10))),((((14,2),9),28),((13,(3,23)),(19,(20,5))))),((27,(18,1)),8));

STEP 97 [Heur. uSPR RF -> NNI_Substep_96] - Distance: 9.0000
(((29,(11,(17,4))),(21,6)),(((7,12),(((26,25),(15,22)),(((16,24),30),10))),((((14,2),9),28),((13,(3,23)),(19,(20,5))))),((27,(18,1)),8));

STEP 98 [Heur. uSPR RF -> NNI_Substep_97] - Distance: 9.0000
((29,(11,(17,4))),((((7,12),(((26,25),(15,22)),(((16,24),30),10))),((((14,2),9),28),((13,(3,23)),(19,(20,5))))),(21,6)),((27,(18,1)),8));

STEP 99 [Heur. uSPR RF -> NNI_Substep_98] - Distance: 9.0000
((29,(11,(17,4))),(((7,12),(((26,25),(15,22)),(((16,24),30),10))),(((((14,2),9),28),((13,(3,23)),(19,(20,5)))),(21,6))),((27,(18,1)),8));

STEP 100 [Heur. uSPR RF -> NNI_Substep_99] - Distance: 9.0000
((29,(11,(17,4))),(((7,12),(((26,25),(15,22)),(((16,24),30),10))),((((14,2),9),28),(((13,(3,23)),(19,(20,5))),(21,6)))),((27,(18,1)),8));

STEP 101 [Heur. uSPR RF -> NNI_Substep_100] - Distance: 9.0000
((29,(11,(17,4))),(((7,12),(((26,25),(15,22)),(((16,24),30),10))),((((14,2),9),28),(((13,(3,23)),(21,6)),(19,(20,5))))),((27,(18,1)),8));

STEP 102 [Heur. uSPR RF -> NNI_Substep_101] - Distance: 8.0000
((29,(11,(17,4))),(((7,12),(((26,25),(15,22)),(((16,24),30),10))),((((14,2),9),28),((13,((3,23),(21,6))),(19,(20,5))))),((27,(18,1)),8));

STEP 103 [Heur. uSPR RF -> NNI_Substep_102] - Distance: 8.0000
((29,(11,(17,4))),(((7,12),(((26,25),(15,22)),(((16,24),30),10))),(((13,((3,23),(21,6))),(((14,2),9),28)),(19,(20,5)))),((27,(18,1)),8));

STEP 104 [Heur. uSPR RF -> NNI_Substep_103] - Distance: 7.0000
((29,(11,(17,4))),(((7,12),(((26,25),(15,22)),(((16,24),30),10))),(((((3,23),(21,6)),(((14,2),9),28)),13),(19,(20,5)))),((27,(18,1)),8));

STEP 105 [Heur. uSPR RF -> NNI_Substep_104] - Distance: 7.0000
((29,(11,(17,4))),(((13,(((3,23),(21,6)),(((14,2),9),28))),((7,12),(((26,25),(15,22)),(((16,24),30),10)))),(19,(20,5))),((27,(18,1)),8));

STEP 106 [Heur. uSPR RF -> NNI_Substep_105] - Distance: 6.0000
((29,(11,(17,4))),((((((3,23),(21,6)),(((14,2),9),28)),((7,12),(((26,25),(15,22)),(((16,24),30),10)))),13),(19,(20,5))),((27,(18,1)),8));

STEP 107 [Heur. uSPR RF -> NNI_Substep_106] - Distance: 6.0000
(((29,(17,4)),11),((13,((((3,23),(21,6)),(((14,2),9),28)),((7,12),(((26,25),(15,22)),(((16,24),30),10))))),(19,(20,5))),((27,(18,1)),8));

STEP 108 [Heur. uSPR RF -> NNI_Substep_107] - Distance: 6.0000
((29,(17,4)),(((13,((((3,23),(21,6)),(((14,2),9),28)),((7,12),(((26,25),(15,22)),(((16,24),30),10))))),(19,(20,5))),11),((27,(18,1)),8));

STEP 109 [Heur. uSPR RF -> NNI_Substep_108] - Distance: 6.0000
((29,(17,4)),(((13,((((3,23),(21,6)),(((14,2),9),28)),((7,12),(((26,25),(15,22)),(((16,24),30),10))))),11),(19,(20,5))),((27,(18,1)),8));

STEP 110 [Heur. uSPR RF -> NNI_Substep_109] - Distance: 5.0000
((29,(17,4)),(((13,11),((((3,23),(21,6)),(((14,2),9),28)),((7,12),(((26,25),(15,22)),(((16,24),30),10))))),(19,(20,5))),((27,(18,1)),8));

STEP 111 [Heur. uSPR RF -> NNI_Substep_110] - Distance: 5.0000
((29,(17,4)),((((13,11),((((3,23),(21,6)),(((14,2),9),28)),((7,12),(((26,25),(15,22)),(((16,24),30),10))))),19),(20,5)),((27,(18,1)),8));

STEP 112 [Heur. uSPR RF -> NNI_Substep_111] - Distance: 4.0000
((29,(17,4)),((((13,11),((((3,23),(21,6)),(((14,2),9),28)),((7,12),(((26,25),(15,22)),(((16,24),30),10))))),(20,5)),19),((27,(18,1)),8));

STEP 113 [Heur. uSPR RF -> NNI_Substep_112] - Distance: 3.0000
((29,(17,4)),((((13,11),(20,5)),((((3,23),(21,6)),(((14,2),9),28)),((7,12),(((26,25),(15,22)),(((16,24),30),10))))),19),((27,(18,1)),8));

STEP 114 [Heur. uSPR RF -> NNI_Substep_113] - Distance: 3.0000
(((29,4),17),((((13,11),(20,5)),((((3,23),(21,6)),(((14,2),9),28)),((7,12),(((26,25),(15,22)),(((16,24),30),10))))),19),((27,(18,1)),8));

STEP 115 [Heur. uSPR RF -> NNI_Substep_114] - Distance: 3.0000
((29,4),(((((13,11),(20,5)),((((3,23),(21,6)),(((14,2),9),28)),((7,12),(((26,25),(15,22)),(((16,24),30),10))))),19),17),((27,(18,1)),8));

STEP 116 [Heur. uSPR RF -> NNI_Substep_115] - Distance: 2.0000
((29,4),(((((13,11),(20,5)),((((3,23),(21,6)),(((14,2),9),28)),((7,12),(((26,25),(15,22)),(((16,24),30),10))))),17),19),((27,(18,1)),8));

STEP 117 [Heur. uSPR RF -> NNI_Substep_116] - Distance: 1.0000
(((29,4),19),((((13,11),(20,5)),((((3,23),(21,6)),(((14,2),9),28)),((7,12),(((26,25),(15,22)),(((16,24),30),10))))),17),((27,(18,1)),8));

STEP 118 [Heur. uSPR RF -> NNI_Substep_117] - Distance: 0.0000
((29,(4,19)),((((13,11),(20,5)),((((3,23),(21,6)),(((14,2),9),28)),((7,12),(((26,25),(15,22)),(((16,24),30),10))))),17),((27,(18,1)),8));

========================================================
[FINAL] Total Steps: 118 | Final Distance: 0.0000
========================================================
