========================================================
HEURISTIC TRAJECTORY: VND Classic (MC)
========================================================
STEP 0 [START] - Distance: 150.0000
(4,(7,(((25,(((1,(19,(18,2))),(29,(23,20))),(15,(24,(13,17))))),(21,8)),(((6,(16,30)),(14,(9,28))),((11,(26,22)),(5,((3,12),(10,27))))))));

STEP 1 [NNI_ClassicHeuristic_MC -> NNI_Substep_1] - Distance: 138.0000
((((25,(21,8)),(((1,(19,(18,2))),(29,(23,20))),(15,(24,(13,17))))),(((6,(16,30)),(14,(9,28))),((11,(26,22)),(5,((3,12),(10,27)))))),(7,4));

STEP 2 [NNI_ClassicHeuristic_MC -> NNI_Substep_2] - Distance: 136.0000
((((25,(21,8)),(((1,(29,(23,20))),(19,(18,2))),(15,(24,(13,17))))),(((6,(16,30)),(14,(9,28))),((11,(26,22)),(5,((3,12),(10,27)))))),(7,4));

STEP 3 [NNI_ClassicHeuristic_MC -> NNI_Substep_3] - Distance: 134.0000
(((((1,(29,(23,20))),(19,(18,2))),((25,(21,8)),(15,(24,(13,17))))),(((6,(16,30)),(14,(9,28))),((11,(26,22)),(5,((3,12),(10,27)))))),(7,4));

STEP 4 [NNI_ClassicHeuristic_MC -> NNI_Substep_4] - Distance: 133.0000
(((((1,(29,(23,20))),(19,(18,2))),((25,(21,8)),((13,17),(24,15)))),(((6,(16,30)),(14,(9,28))),((11,(26,22)),(5,((3,12),(10,27)))))),(7,4));

STEP 5 [NNI_ClassicHeuristic_MC -> NNI_Substep_5] - Distance: 132.0000
(((((1,(29,(23,20))),(19,(18,2))),((24,15),((13,17),(25,(21,8))))),(((6,(16,30)),(14,(9,28))),((11,(26,22)),(5,((3,12),(10,27)))))),(7,4));

STEP 6 [NNI_ClassicHeuristic_MC -> NNI_Substep_6] - Distance: 131.0000
(((((1,(29,(23,20))),(19,(18,2))),((24,15),((13,17),(25,(21,8))))),(((6,(16,30)),(14,(9,28))),((11,(26,22)),((3,12),(5,(10,27)))))),(7,4));

STEP 7 [NNI_ClassicHeuristic_MC -> NNI_Substep_7] - Distance: 130.0000
(((((1,(29,(23,20))),(19,(18,2))),((24,15),((13,17),(25,(21,8))))),(((6,(16,30)),(14,(9,28))),((3,12),((11,(26,22)),(5,(10,27)))))),(7,4));

STEP 8 [NNI_ClassicHeuristic_MC -> NNI_Substep_8] - Distance: 128.0000
(((((1,(29,(23,20))),(19,(18,2))),((24,15),((13,17),(25,(21,8))))),(((11,(26,22)),(5,(10,27))),((3,12),((6,(16,30)),(14,(9,28)))))),(7,4));

STEP 9 [NNI_ClassicHeuristic_MC -> NNI_Substep_9] - Distance: 125.0000
(((((1,(29,(23,20))),(19,(18,2))),((24,15),((13,17),(25,(21,8))))),(((11,(26,22)),(5,(10,27))),((6,(16,30)),((3,12),(14,(9,28)))))),(7,4));

STEP 10 [NNI_ClassicHeuristic_MC -> NNI_Substep_10] - Distance: 123.0000
(((((1,(29,(23,20))),(19,(18,2))),((24,15),((13,17),(25,(21,8))))),(((11,(26,22)),(5,(10,27))),((6,(16,30)),((9,28),(14,(3,12)))))),(7,4));

STEP 11 [NNI_ClassicHeuristic_MC -> NNI_Substep_11] - Distance: 122.0000
(((((1,(29,(23,20))),(19,(18,2))),((24,15),((13,17),(25,(21,8))))),(((11,(5,(10,27))),(26,22)),((6,(16,30)),((9,28),(14,(3,12)))))),(7,4));

STEP 12 [NNI_ClassicHeuristic_MC -> NNI_Substep_12] - Distance: 121.0000
(((((1,(29,(23,20))),(19,(18,2))),((24,15),((13,17),(25,(21,8))))),(((11,(5,(10,27))),(26,22)),((9,28),((6,(16,30)),(14,(3,12)))))),(7,4));

STEP 13 [TBR_ClassicHeuristic_MC -> NNI_Substep_1] - Distance: 122.0000
(((((1,(29,(23,20))),(19,(18,2))),((24,15),(((13,17),(21,8)),25))),(((11,(5,(10,27))),(26,22)),((9,28),((6,(16,30)),(14,(3,12)))))),(7,4));

STEP 14 [TBR_ClassicHeuristic_MC -> NNI_Substep_2] - Distance: 123.0000
(((((1,(29,(23,20))),(19,(18,2))),(((24,15),((13,17),(21,8))),25)),(((11,(5,(10,27))),(26,22)),((9,28),((6,(16,30)),(14,(3,12)))))),(7,4));

STEP 15 [TBR_ClassicHeuristic_MC -> NNI_Substep_3] - Distance: 123.0000
((((((1,(29,(23,20))),(19,(18,2))),((24,15),((13,17),(21,8)))),25),(((11,(5,(10,27))),(26,22)),((9,28),((6,(16,30)),(14,(3,12)))))),(7,4));

STEP 16 [TBR_ClassicHeuristic_MC -> NNI_Substep_4] - Distance: 124.0000
((((((1,(29,(23,20))),(19,(18,2))),((24,15),((13,17),(21,8)))),(((11,(5,(10,27))),(26,22)),((9,28),((6,(16,30)),(14,(3,12)))))),25),(7,4));

STEP 17 [TBR_ClassicHeuristic_MC -> NNI_Substep_5] - Distance: 124.0000
(((((1,(29,(23,20))),(19,(18,2))),((24,15),((13,17),(21,8)))),((((11,(5,(10,27))),(26,22)),((9,28),((6,(16,30)),(14,(3,12))))),25)),(7,4));

STEP 18 [TBR_ClassicHeuristic_MC -> NNI_Substep_6] - Distance: 119.0000
(((((1,(29,(23,20))),(19,(18,2))),((24,15),((13,17),(21,8)))),(((11,(5,(10,27))),(26,22)),(((9,28),((6,(16,30)),(14,(3,12)))),25))),(7,4));

STEP 19 [TBR_ClassicHeuristic_MC -> NNI_Substep_7] - Distance: 116.0000
(((((1,(29,(23,20))),(19,(18,2))),((24,15),((13,17),(21,8)))),(((11,(5,(10,27))),(26,22)),((9,28),(((6,(16,30)),(14,(3,12))),25)))),(7,4));

STEP 20 [TBR_ClassicHeuristic_MC -> NNI_Substep_8] - Distance: 114.0000
(((((1,(29,(23,20))),(19,(18,2))),((24,15),((13,17),(21,8)))),(((11,(5,(10,27))),(26,22)),((9,28),((6,(16,30)),((14,(3,12)),25))))),(7,4));

STEP 21 [TBR_ClassicHeuristic_MC -> NNI_Substep_9] - Distance: 114.0000
(((((1,(29,(23,20))),(19,(18,2))),((24,15),((13,17),(21,8)))),(((11,(5,(10,27))),(26,22)),((9,28),((6,(16,30)),(14,((3,12),25)))))),(7,4));

STEP 22 [TBR_ClassicHeuristic_MC -> NNI_Substep_10] - Distance: 112.0000
(((((1,(29,(23,20))),(19,(18,2))),((24,15),((13,17),(21,8)))),(((11,(5,(10,27))),(26,22)),((9,28),((6,(16,30)),(14,(3,(12,25))))))),(7,4));

STEP 23 [TBR_ClassicHeuristic_MC -> NNI_Substep_11] - Distance: 115.0000
(((((1,(29,(23,20))),(19,(18,2))),((24,15),((13,17),(21,8)))),(((11,(5,(10,27))),(26,22)),((9,28),(((16,30),(14,(3,(12,25)))),6)))),(7,4));

STEP 24 [TBR_ClassicHeuristic_MC -> NNI_Substep_12] - Distance: 116.0000
(((((1,(29,(23,20))),(19,(18,2))),((24,15),((13,17),(21,8)))),(((11,(5,(10,27))),(26,22)),(((9,28),((16,30),(14,(3,(12,25))))),6))),(7,4));

STEP 25 [TBR_ClassicHeuristic_MC -> NNI_Substep_13] - Distance: 117.0000
(((((1,(29,(23,20))),(19,(18,2))),((24,15),((13,17),(21,8)))),((((11,(5,(10,27))),(26,22)),((9,28),((16,30),(14,(3,(12,25)))))),6)),(7,4));

STEP 26 [TBR_ClassicHeuristic_MC -> NNI_Substep_14] - Distance: 117.0000
((((((1,(29,(23,20))),(19,(18,2))),((24,15),((13,17),(21,8)))),(((11,(5,(10,27))),(26,22)),((9,28),((16,30),(14,(3,(12,25))))))),6),(7,4));

STEP 27 [TBR_ClassicHeuristic_MC -> NNI_Substep_15] - Distance: 112.0000
((((((1,(29,(23,20))),(19,(18,2))),((24,15),((13,17),(21,8)))),6),(((11,(5,(10,27))),(26,22)),((9,28),((16,30),(14,(3,(12,25))))))),(7,4));

STEP 28 [TBR_ClassicHeuristic_MC -> NNI_Substep_16] - Distance: 110.0000
(((((1,(29,(23,20))),(19,(18,2))),(((24,15),((13,17),(21,8))),6)),(((11,(5,(10,27))),(26,22)),((9,28),((16,30),(14,(3,(12,25))))))),(7,4));

STEP 29 [TBR_ClassicHeuristic_MC -> NNI_Substep_17] - Distance: 107.0000
(((((1,(29,(23,20))),(19,(18,2))),((24,15),(((13,17),(21,8)),6))),(((11,(5,(10,27))),(26,22)),((9,28),((16,30),(14,(3,(12,25))))))),(7,4));

STEP 30 [TBR_ClassicHeuristic_MC -> NNI_Substep_18] - Distance: 104.0000
(((((1,(29,(23,20))),(19,(18,2))),((24,15),(((13,17),6),(21,8)))),(((11,(5,(10,27))),(26,22)),((9,28),((16,30),(14,(3,(12,25))))))),(7,4));

STEP 31 [TBR_ClassicHeuristic_MC -> NNI_Substep_19] - Distance: 104.0000
(((((1,(29,(23,20))),((19,18),2)),((24,15),(((13,17),6),(21,8)))),(((11,(5,(10,27))),(26,22)),((9,28),((16,30),(14,(3,(12,25))))))),(7,4));

STEP 32 [TBR_ClassicHeuristic_MC -> NNI_Substep_20] - Distance: 105.0000
((((((1,(29,(23,20))),(19,18)),2),((24,15),(((13,17),6),(21,8)))),(((11,(5,(10,27))),(26,22)),((9,28),((16,30),(14,(3,(12,25))))))),(7,4));

STEP 33 [TBR_ClassicHeuristic_MC -> NNI_Substep_21] - Distance: 107.0000
((((((1,(29,(23,20))),(19,18)),((24,15),(((13,17),6),(21,8)))),2),(((11,(5,(10,27))),(26,22)),((9,28),((16,30),(14,(3,(12,25))))))),(7,4));

STEP 34 [TBR_ClassicHeuristic_MC -> NNI_Substep_22] - Distance: 110.0000
((((((1,(29,(23,20))),(19,18)),((24,15),(((13,17),6),(21,8)))),(((11,(5,(10,27))),(26,22)),((9,28),((16,30),(14,(3,(12,25))))))),2),(7,4));

STEP 35 [TBR_ClassicHeuristic_MC -> NNI_Substep_23] - Distance: 97.0000
(((((1,(29,(23,20))),(19,18)),((24,15),(((13,17),6),(21,8)))),(((11,(5,(10,27))),(26,22)),((9,28),((16,30),(14,(3,(12,25))))))),(7,(4,2)));

STEP 36 [TBR_ClassicHeuristic_MC -> NNI_Substep_24] - Distance: 97.0000
((((((1,(23,20)),29),(19,18)),((24,15),(((13,17),6),(21,8)))),(((11,(5,(10,27))),(26,22)),((9,28),((16,30),(14,(3,(12,25))))))),(7,(4,2)));

STEP 37 [TBR_ClassicHeuristic_MC -> NNI_Substep_25] - Distance: 98.0000
((((((1,(23,20)),(19,18)),29),((24,15),(((13,17),6),(21,8)))),(((11,(5,(10,27))),(26,22)),((9,28),((16,30),(14,(3,(12,25))))))),(7,(4,2)));

STEP 38 [TBR_ClassicHeuristic_MC -> NNI_Substep_26] - Distance: 100.0000
((((((1,(23,20)),(19,18)),((24,15),(((13,17),6),(21,8)))),29),(((11,(5,(10,27))),(26,22)),((9,28),((16,30),(14,(3,(12,25))))))),(7,(4,2)));

STEP 39 [TBR_ClassicHeuristic_MC -> NNI_Substep_27] - Distance: 103.0000
((((((1,(23,20)),(19,18)),((24,15),(((13,17),6),(21,8)))),(((11,(5,(10,27))),(26,22)),((9,28),((16,30),(14,(3,(12,25))))))),29),(7,(4,2)));

STEP 40 [TBR_ClassicHeuristic_MC -> NNI_Substep_28] - Distance: 90.0000
(((((1,(23,20)),(19,18)),((24,15),(((13,17),6),(21,8)))),(((11,(5,(10,27))),(26,22)),((9,28),((16,30),(14,(3,(12,25))))))),(7,((4,2),29)));

STEP 41 [TBR_ClassicHeuristic_MC -> NNI_Substep_29] - Distance: 94.0000
(((((1,(23,20)),(19,18)),((24,(((13,17),6),(21,8))),15)),(((11,(5,(10,27))),(26,22)),((9,28),((16,30),(14,(3,(12,25))))))),(7,((4,2),29)));

STEP 42 [TBR_ClassicHeuristic_MC -> NNI_Substep_30] - Distance: 94.0000
((((((1,(23,20)),(19,18)),(24,(((13,17),6),(21,8)))),15),(((11,(5,(10,27))),(26,22)),((9,28),((16,30),(14,(3,(12,25))))))),(7,((4,2),29)));

STEP 43 [TBR_ClassicHeuristic_MC -> NNI_Substep_31] - Distance: 97.0000
((((((1,(23,20)),(19,18)),(24,(((13,17),6),(21,8)))),(((11,(5,(10,27))),(26,22)),((9,28),((16,30),(14,(3,(12,25))))))),15),(7,((4,2),29)));

STEP 44 [TBR_ClassicHeuristic_MC -> NNI_Substep_32] - Distance: 86.0000
(((((1,(23,20)),(19,18)),(24,(((13,17),6),(21,8)))),(((11,(5,(10,27))),(26,22)),((9,28),((16,30),(14,(3,(12,25))))))),(7,(((4,2),29),15)));

STEP 45 [TBR_ClassicHeuristic_MC -> NNI_Substep_33] - Distance: 84.0000
(((((1,(23,20)),(19,18)),(24,(((13,17),6),(21,8)))),(((11,(5,(10,27))),(26,22)),((9,28),((16,30),(14,(3,(12,25))))))),(7,(((4,2),15),29)));

STEP 46 [TBR_ClassicHeuristic_MC -> NNI_Substep_34] - Distance: 82.0000
(((((1,(23,20)),(19,18)),(24,(((13,17),6),(21,8)))),(((11,(5,(10,27))),(26,22)),((9,28),((16,30),(14,(3,(12,25))))))),(7,((4,(2,15)),29)));

STEP 47 [TBR_ClassicHeuristic_MC -> NNI_Substep_35] - Distance: 87.0000
(((((1,(23,20)),(19,18)),(24,(((13,17),6),(21,8)))),(((11,(5,(10,27))),(26,22)),((28,((16,30),(14,(3,(12,25))))),9))),(7,((4,(2,15)),29)));

STEP 48 [TBR_ClassicHeuristic_MC -> NNI_Substep_36] - Distance: 92.0000
(((((1,(23,20)),(19,18)),(24,(((13,17),6),(21,8)))),((((11,(5,(10,27))),(26,22)),(28,((16,30),(14,(3,(12,25)))))),9)),(7,((4,(2,15)),29)));

STEP 49 [TBR_ClassicHeuristic_MC -> NNI_Substep_37] - Distance: 88.0000
((((((1,(23,20)),(19,18)),(24,(((13,17),6),(21,8)))),(((11,(5,(10,27))),(26,22)),(28,((16,30),(14,(3,(12,25))))))),9),(7,((4,(2,15)),29)));

STEP 50 [TBR_ClassicHeuristic_MC -> NNI_Substep_38] - Distance: 79.0000
(((((1,(23,20)),(19,18)),(24,(((13,17),6),(21,8)))),(((11,(5,(10,27))),(26,22)),(28,((16,30),(14,(3,(12,25))))))),(7,(((4,(2,15)),29),9)));

STEP 51 [TBR_ClassicHeuristic_MC -> NNI_Substep_39] - Distance: 75.0000
(((((1,(23,20)),(19,18)),(24,(((13,17),6),(21,8)))),(((11,(5,(10,27))),(26,22)),(28,((16,30),(14,(3,(12,25))))))),(7,((4,(2,15)),(29,9))));

STEP 52 [TBR_ClassicHeuristic_MC -> NNI_Substep_40] - Distance: 77.0000
((((((1,(23,20)),18),19),(24,(((13,17),6),(21,8)))),(((11,(5,(10,27))),(26,22)),(28,((16,30),(14,(3,(12,25))))))),(7,((4,(2,15)),(29,9))));

STEP 53 [TBR_ClassicHeuristic_MC -> NNI_Substep_41] - Distance: 78.0000
((((((1,(23,20)),18),(24,(((13,17),6),(21,8)))),19),(((11,(5,(10,27))),(26,22)),(28,((16,30),(14,(3,(12,25))))))),(7,((4,(2,15)),(29,9))));

STEP 54 [TBR_ClassicHeuristic_MC -> NNI_Substep_42] - Distance: 80.0000
((((((1,(23,20)),18),(24,(((13,17),6),(21,8)))),(((11,(5,(10,27))),(26,22)),(28,((16,30),(14,(3,(12,25))))))),19),(7,((4,(2,15)),(29,9))));

STEP 55 [TBR_ClassicHeuristic_MC -> NNI_Substep_43] - Distance: 83.0000
(((((1,(23,20)),18),(24,(((13,17),6),(21,8)))),((((11,(5,(10,27))),(26,22)),(28,((16,30),(14,(3,(12,25)))))),19)),(7,((4,(2,15)),(29,9))));

STEP 56 [TBR_ClassicHeuristic_MC -> NNI_Substep_44] - Distance: 76.0000
(((((1,(23,20)),18),(24,(((13,17),6),(21,8)))),(((11,(5,(10,27))),(26,22)),((28,((16,30),(14,(3,(12,25))))),19))),(7,((4,(2,15)),(29,9))));

STEP 57 [TBR_ClassicHeuristic_MC -> NNI_Substep_45] - Distance: 69.0000
(((((1,(23,20)),18),(24,(((13,17),6),(21,8)))),(((11,(5,(10,27))),(26,22)),((28,19),((16,30),(14,(3,(12,25))))))),(7,((4,(2,15)),(29,9))));

STEP 58 [TBR_ClassicHeuristic_MC -> NNI_Substep_46] - Distance: 72.0000
(((((1,(23,20)),18),(24,(((13,17),6),(21,8)))),(((11,(5,(10,27))),(26,22)),((28,19),((16,(14,(3,(12,25)))),30)))),(7,((4,(2,15)),(29,9))));

STEP 59 [TBR_ClassicHeuristic_MC -> NNI_Substep_47] - Distance: 73.0000
(((((1,(23,20)),18),(24,(((13,17),6),(21,8)))),(((11,(5,(10,27))),(26,22)),(((28,19),(16,(14,(3,(12,25))))),30))),(7,((4,(2,15)),(29,9))));

STEP 60 [TBR_ClassicHeuristic_MC -> NNI_Substep_48] - Distance: 76.0000
(((((1,(23,20)),18),(24,(((13,17),6),(21,8)))),((((11,(5,(10,27))),(26,22)),((28,19),(16,(14,(3,(12,25)))))),30)),(7,((4,(2,15)),(29,9))));

STEP 61 [TBR_ClassicHeuristic_MC -> NNI_Substep_49] - Distance: 70.0000
(((((1,(23,20)),18),(24,(((13,17),6),(21,8)))),((((11,(5,(10,27))),(26,22)),30),((28,19),(16,(14,(3,(12,25))))))),(7,((4,(2,15)),(29,9))));

STEP 62 [TBR_ClassicHeuristic_MC -> NNI_Substep_50] - Distance: 67.0000
(((((1,(23,20)),18),(24,(((13,17),6),(21,8)))),((((11,(5,(10,27))),30),(26,22)),((28,19),(16,(14,(3,(12,25))))))),(7,((4,(2,15)),(29,9))));

STEP 63 [TBR_ClassicHeuristic_MC -> NNI_Substep_51] - Distance: 63.0000
(((((1,(23,20)),18),(24,(((13,17),6),(21,8)))),((((11,30),(5,(10,27))),(26,22)),((28,19),(16,(14,(3,(12,25))))))),(7,((4,(2,15)),(29,9))));

STEP 64 [TBR_ClassicHeuristic_MC -> NNI_Substep_52] - Distance: 63.0000
((((((1,20),23),18),(24,(((13,17),6),(21,8)))),((((11,30),(5,(10,27))),(26,22)),((28,19),(16,(14,(3,(12,25))))))),(7,((4,(2,15)),(29,9))));

STEP 65 [TBR_ClassicHeuristic_MC -> NNI_Substep_53] - Distance: 63.0000
((((((1,20),18),23),(24,(((13,17),6),(21,8)))),((((11,30),(5,(10,27))),(26,22)),((28,19),(16,(14,(3,(12,25))))))),(7,((4,(2,15)),(29,9))));

STEP 66 [TBR_ClassicHeuristic_MC -> NNI_Substep_54] - Distance: 62.0000
((((((1,20),18),(24,(((13,17),6),(21,8)))),23),((((11,30),(5,(10,27))),(26,22)),((28,19),(16,(14,(3,(12,25))))))),(7,((4,(2,15)),(29,9))));

STEP 67 [TBR_ClassicHeuristic_MC -> NNI_Substep_55] - Distance: 65.0000
((((((1,20),18),(24,(((13,17),6),(21,8)))),((((11,30),(5,(10,27))),(26,22)),((28,19),(16,(14,(3,(12,25))))))),23),(7,((4,(2,15)),(29,9))));

STEP 68 [TBR_ClassicHeuristic_MC -> NNI_Substep_56] - Distance: 58.0000
(((((1,20),18),(24,(((13,17),6),(21,8)))),((((11,30),(5,(10,27))),(26,22)),((28,19),(16,(14,(3,(12,25))))))),((7,23),((4,(2,15)),(29,9))));

STEP 69 [TBR_ClassicHeuristic_MC -> NNI_Substep_57] - Distance: 62.0000
(((((1,20),18),(24,(((13,17),6),(21,8)))),(((((11,30),(5,(10,27))),26),22),((28,19),(16,(14,(3,(12,25))))))),((7,23),((4,(2,15)),(29,9))));

STEP 70 [TBR_ClassicHeuristic_MC -> NNI_Substep_58] - Distance: 68.0000
(((((1,20),18),(24,(((13,17),6),(21,8)))),(((((11,30),(5,(10,27))),26),((28,19),(16,(14,(3,(12,25)))))),22)),((7,23),((4,(2,15)),(29,9))));

STEP 71 [TBR_ClassicHeuristic_MC -> NNI_Substep_59] - Distance: 62.0000
((((((1,20),18),(24,(((13,17),6),(21,8)))),((((11,30),(5,(10,27))),26),((28,19),(16,(14,(3,(12,25))))))),22),((7,23),((4,(2,15)),(29,9))));

STEP 72 [TBR_ClassicHeuristic_MC -> NNI_Substep_60] - Distance: 56.0000
((((((1,20),18),(24,(((13,17),6),(21,8)))),22),((((11,30),(5,(10,27))),26),((28,19),(16,(14,(3,(12,25))))))),((7,23),((4,(2,15)),(29,9))));

STEP 73 [TBR_ClassicHeuristic_MC -> NNI_Substep_61] - Distance: 55.0000
((((((1,20),18),22),(24,(((13,17),6),(21,8)))),((((11,30),(5,(10,27))),26),((28,19),(16,(14,(3,(12,25))))))),((7,23),((4,(2,15)),(29,9))));

STEP 74 [TBR_ClassicHeuristic_MC -> NNI_Substep_62] - Distance: 53.0000
((((((1,20),22),18),(24,(((13,17),6),(21,8)))),((((11,30),(5,(10,27))),26),((28,19),(16,(14,(3,(12,25))))))),((7,23),((4,(2,15)),(29,9))));

STEP 75 [TBR_ClassicHeuristic_MC -> NNI_Substep_63] - Distance: 55.0000
((((((1,20),22),18),(24,((((13,17),6),21),8))),((((11,30),(5,(10,27))),26),((28,19),(16,(14,(3,(12,25))))))),((7,23),((4,(2,15)),(29,9))));

STEP 76 [TBR_ClassicHeuristic_MC -> NNI_Substep_64] - Distance: 55.0000
((((((1,20),22),18),((24,(((13,17),6),21)),8)),((((11,30),(5,(10,27))),26),((28,19),(16,(14,(3,(12,25))))))),((7,23),((4,(2,15)),(29,9))));

STEP 77 [TBR_ClassicHeuristic_MC -> NNI_Substep_65] - Distance: 54.0000
(((((((1,20),22),18),(24,(((13,17),6),21))),8),((((11,30),(5,(10,27))),26),((28,19),(16,(14,(3,(12,25))))))),((7,23),((4,(2,15)),(29,9))));

STEP 78 [TBR_ClassicHeuristic_MC -> NNI_Substep_66] - Distance: 58.0000
(((((((1,20),22),18),(24,(((13,17),6),21))),((((11,30),(5,(10,27))),26),((28,19),(16,(14,(3,(12,25))))))),8),((7,23),((4,(2,15)),(29,9))));

STEP 79 [TBR_ClassicHeuristic_MC -> NNI_Substep_67] - Distance: 47.0000
((((((1,20),22),18),(24,(((13,17),6),21))),((((11,30),(5,(10,27))),26),((28,19),(16,(14,(3,(12,25))))))),(((7,23),8),((4,(2,15)),(29,9))));

STEP 80 [TBR_ClassicHeuristic_MC -> NNI_Substep_68] - Distance: 49.0000
(((((((1,20),22),18),24),(((13,17),6),21)),((((11,30),(5,(10,27))),26),((28,19),(16,(14,(3,(12,25))))))),(((7,23),8),((4,(2,15)),(29,9))));

STEP 81 [TBR_ClassicHeuristic_MC -> NNI_Substep_69] - Distance: 46.0000
(((((((1,20),22),18),(((13,17),6),21)),24),((((11,30),(5,(10,27))),26),((28,19),(16,(14,(3,(12,25))))))),(((7,23),8),((4,(2,15)),(29,9))));

STEP 82 [TBR_ClassicHeuristic_MC -> NNI_Substep_70] - Distance: 43.0000
(((((((1,20),22),(((13,17),6),21)),18),24),((((11,30),(5,(10,27))),26),((28,19),(16,(14,(3,(12,25))))))),(((7,23),8),((4,(2,15)),(29,9))));

STEP 83 [TBR_ClassicHeuristic_MC -> NNI_Substep_71] - Distance: 41.0000
((((((1,20),(22,(((13,17),6),21))),18),24),((((11,30),(5,(10,27))),26),((28,19),(16,(14,(3,(12,25))))))),(((7,23),8),((4,(2,15)),(29,9))));

STEP 84 [TBR_ClassicHeuristic_MC -> NNI_Substep_72] - Distance: 41.0000
((((((1,20),(22,(((17,6),13),21))),18),24),((((11,30),(5,(10,27))),26),((28,19),(16,(14,(3,(12,25))))))),(((7,23),8),((4,(2,15)),(29,9))));

STEP 85 [TBR_ClassicHeuristic_MC -> NNI_Substep_73] - Distance: 41.0000
((((((1,20),(22,(((17,6),21),13))),18),24),((((11,30),(5,(10,27))),26),((28,19),(16,(14,(3,(12,25))))))),(((7,23),8),((4,(2,15)),(29,9))));

STEP 86 [TBR_ClassicHeuristic_MC -> NNI_Substep_74] - Distance: 41.0000
((((((1,20),((22,((17,6),21)),13)),18),24),((((11,30),(5,(10,27))),26),((28,19),(16,(14,(3,(12,25))))))),(((7,23),8),((4,(2,15)),(29,9))));

STEP 87 [TBR_ClassicHeuristic_MC -> NNI_Substep_75] - Distance: 42.0000
(((((((1,20),(22,((17,6),21))),13),18),24),((((11,30),(5,(10,27))),26),((28,19),(16,(14,(3,(12,25))))))),(((7,23),8),((4,(2,15)),(29,9))));

STEP 88 [TBR_ClassicHeuristic_MC -> NNI_Substep_76] - Distance: 42.0000
(((((((1,20),(22,((17,6),21))),18),13),24),((((11,30),(5,(10,27))),26),((28,19),(16,(14,(3,(12,25))))))),(((7,23),8),((4,(2,15)),(29,9))));

STEP 89 [TBR_ClassicHeuristic_MC -> NNI_Substep_77] - Distance: 42.0000
(((((((1,20),(22,((17,6),21))),18),24),13),((((11,30),(5,(10,27))),26),((28,19),(16,(14,(3,(12,25))))))),(((7,23),8),((4,(2,15)),(29,9))));

STEP 90 [TBR_ClassicHeuristic_MC -> NNI_Substep_78] - Distance: 48.0000
(((((((1,20),(22,((17,6),21))),18),24),((((11,30),(5,(10,27))),26),((28,19),(16,(14,(3,(12,25))))))),13),(((7,23),8),((4,(2,15)),(29,9))));

STEP 91 [TBR_ClassicHeuristic_MC -> NNI_Substep_79] - Distance: 47.0000
((((((1,20),(22,((17,6),21))),18),24),(((((11,30),(5,(10,27))),26),((28,19),(16,(14,(3,(12,25)))))),13)),(((7,23),8),((4,(2,15)),(29,9))));

STEP 92 [TBR_ClassicHeuristic_MC -> NNI_Substep_80] - Distance: 41.0000
((((((1,20),(22,((17,6),21))),18),24),(((((11,30),(5,(10,27))),26),13),((28,19),(16,(14,(3,(12,25))))))),(((7,23),8),((4,(2,15)),(29,9))));

STEP 93 [TBR_ClassicHeuristic_MC -> NNI_Substep_81] - Distance: 35.0000
((((((1,20),(22,((17,6),21))),18),24),((((11,30),(5,(10,27))),(26,13)),((28,19),(16,(14,(3,(12,25))))))),(((7,23),8),((4,(2,15)),(29,9))));

STEP 94 [TBR_ClassicHeuristic_MC -> NNI_Substep_82] - Distance: 35.0000
((((((1,20),(22,((17,6),21))),18),24),((((11,30),(5,(10,27))),(26,13)),((28,19),(16,(14,(3,(12,25))))))),(((23,8),7),((4,(2,15)),(29,9))));

STEP 95 [TBR_ClassicHeuristic_MC -> NNI_Substep_83] - Distance: 39.0000
((((((1,20),(22,((17,6),21))),18),24),((((11,30),(5,(10,27))),(26,13)),((28,19),(16,(14,(3,(12,25))))))),(((23,8),((4,(2,15)),(29,9))),7));

STEP 96 [TBR_ClassicHeuristic_MC -> NNI_Substep_84] - Distance: 43.0000
((((((1,20),(22,((17,6),21))),18),24),(((((11,30),(5,(10,27))),(26,13)),((28,19),(16,(14,(3,(12,25)))))),7)),((23,8),((4,(2,15)),(29,9))));

STEP 97 [TBR_ClassicHeuristic_MC -> NNI_Substep_85] - Distance: 37.0000
((((((1,20),(22,((17,6),21))),18),24),(((((11,30),(5,(10,27))),(26,13)),7),((28,19),(16,(14,(3,(12,25))))))),((23,8),((4,(2,15)),(29,9))));

STEP 98 [TBR_ClassicHeuristic_MC -> NNI_Substep_86] - Distance: 31.0000
((((((1,20),(22,((17,6),21))),18),24),((((11,30),(5,(10,27))),((26,13),7)),((28,19),(16,(14,(3,(12,25))))))),((23,8),((4,(2,15)),(29,9))));

STEP 99 [TBR_ClassicHeuristic_MC -> NNI_Substep_87] - Distance: 29.0000
((((((1,20),(22,((17,6),21))),18),24),((((11,30),(5,(10,27))),(26,(13,7))),((28,19),(16,(14,(3,(12,25))))))),((23,8),((4,(2,15)),(29,9))));

STEP 100 [TBR_ClassicHeuristic_MC -> NNI_Substep_88] - Distance: 33.0000
((((((1,20),(22,((17,6),21))),18),24),((((11,30),(5,(10,27))),((28,19),(16,(14,(3,(12,25)))))),(26,(13,7)))),((23,8),((4,(2,15)),(29,9))));

STEP 101 [TBR_ClassicHeuristic_MC -> NNI_Substep_89] - Distance: 42.0000
(((((((1,20),(22,((17,6),21))),18),24),(((11,30),(5,(10,27))),((28,19),(16,(14,(3,(12,25))))))),(26,(13,7))),((23,8),((4,(2,15)),(29,9))));

STEP 102 [TBR_ClassicHeuristic_MC -> NNI_Substep_90] - Distance: 33.0000
(((((((1,20),(22,((17,6),21))),18),24),(26,(13,7))),(((11,30),(5,(10,27))),((28,19),(16,(14,(3,(12,25))))))),((23,8),((4,(2,15)),(29,9))));

STEP 103 [TBR_ClassicHeuristic_MC -> NNI_Substep_91] - Distance: 23.0000
((((((1,20),(22,((17,6),21))),18),(24,(26,(13,7)))),(((11,30),(5,(10,27))),((28,19),(16,(14,(3,(12,25))))))),((23,8),((4,(2,15)),(29,9))));

STEP 104 [TBR_ClassicHeuristic_MC -> NNI_Substep_92] - Distance: 28.0000
((((((1,20),(22,((17,6),21))),18),(24,(26,(13,7)))),(((5,(10,27)),((28,19),(16,(14,(3,(12,25)))))),(11,30))),((23,8),((4,(2,15)),(29,9))));

STEP 105 [TBR_ClassicHeuristic_MC -> NNI_Substep_93] - Distance: 39.0000
(((((((1,20),(22,((17,6),21))),18),(24,(26,(13,7)))),((5,(10,27)),((28,19),(16,(14,(3,(12,25))))))),(11,30)),((23,8),((4,(2,15)),(29,9))));

STEP 106 [TBR_ClassicHeuristic_MC -> NNI_Substep_94] - Distance: 29.0000
(((((((1,20),(22,((17,6),21))),18),(24,(26,(13,7)))),(11,30)),((5,(10,27)),((28,19),(16,(14,(3,(12,25))))))),((23,8),((4,(2,15)),(29,9))));

STEP 107 [TBR_ClassicHeuristic_MC -> NNI_Substep_95] - Distance: 20.0000
((((((1,20),(22,((17,6),21))),18),((24,(26,(13,7))),(11,30))),((5,(10,27)),((28,19),(16,(14,(3,(12,25))))))),((23,8),((4,(2,15)),(29,9))));

STEP 108 [TBR_ClassicHeuristic_MC -> NNI_Substep_96] - Distance: 15.0000
((((((1,20),(22,((17,6),21))),18),((24,(11,30)),(26,(13,7)))),((5,(10,27)),((28,19),(16,(14,(3,(12,25))))))),((23,8),((4,(2,15)),(29,9))));

STEP 109 [TBR_ClassicHeuristic_MC -> NNI_Substep_97] - Distance: 15.0000
((((((1,20),(22,((17,6),21))),18),((24,(11,30)),(26,(13,7)))),(((5,27),10),((28,19),(16,(14,(3,(12,25))))))),((23,8),((4,(2,15)),(29,9))));

STEP 110 [TBR_ClassicHeuristic_MC -> NNI_Substep_98] - Distance: 21.0000
((((((1,20),(22,((17,6),21))),18),((24,(11,30)),(26,(13,7)))),(((5,27),((28,19),(16,(14,(3,(12,25)))))),10)),((23,8),((4,(2,15)),(29,9))));

STEP 111 [TBR_ClassicHeuristic_MC -> NNI_Substep_99] - Distance: 33.0000
(((((((1,20),(22,((17,6),21))),18),((24,(11,30)),(26,(13,7)))),((5,27),((28,19),(16,(14,(3,(12,25))))))),10),((23,8),((4,(2,15)),(29,9))));

STEP 112 [TBR_ClassicHeuristic_MC -> NNI_Substep_100] - Distance: 23.0000
(((((((1,20),(22,((17,6),21))),18),((24,(11,30)),(26,(13,7)))),10),((5,27),((28,19),(16,(14,(3,(12,25))))))),((23,8),((4,(2,15)),(29,9))));

STEP 113 [TBR_ClassicHeuristic_MC -> NNI_Substep_101] - Distance: 15.0000
((((((1,20),(22,((17,6),21))),18),(((24,(11,30)),(26,(13,7))),10)),((5,27),((28,19),(16,(14,(3,(12,25))))))),((23,8),((4,(2,15)),(29,9))));

STEP 114 [TBR_ClassicHeuristic_MC -> NNI_Substep_102] - Distance: 11.0000
((((((1,20),(22,((17,6),21))),18),(((24,(11,30)),10),(26,(13,7)))),((5,27),((28,19),(16,(14,(3,(12,25))))))),((23,8),((4,(2,15)),(29,9))));

STEP 115 [TBR_ClassicHeuristic_MC -> NNI_Substep_103] - Distance: 8.0000
((((((1,20),(22,((17,6),21))),18),(((24,10),(11,30)),(26,(13,7)))),((5,27),((28,19),(16,(14,(3,(12,25))))))),((23,8),((4,(2,15)),(29,9))));

STEP 116 [TBR_ClassicHeuristic_MC -> NNI_Substep_104] - Distance: 7.0000
((((((1,20),(22,((17,6),21))),18),(((24,10),(11,30)),(26,(13,7)))),((5,27),((28,19),(16,((14,3),(12,25)))))),((23,8),((4,(2,15)),(29,9))));

STEP 117 [TBR_ClassicHeuristic_MC -> NNI_Substep_105] - Distance: 8.0000
((((((1,20),(22,((17,6),21))),18),(((24,10),(11,30)),(26,(13,7)))),((5,27),((28,19),((16,(14,3)),(12,25))))),((23,8),((4,(2,15)),(29,9))));

STEP 118 [TBR_ClassicHeuristic_MC -> NNI_Substep_106] - Distance: 4.0000
((((((1,20),(22,((17,6),21))),18),(((24,10),(11,30)),(26,(13,7)))),((5,27),((28,19),((16,(12,25)),(14,3))))),((23,8),((4,(2,15)),(29,9))));

STEP 119 [TBR_ClassicHeuristic_MC -> NNI_Substep_107] - Distance: 7.0000
((((((20,(22,((17,6),21))),1),18),(((24,10),(11,30)),(26,(13,7)))),((5,27),((28,19),((16,(12,25)),(14,3))))),((23,8),((4,(2,15)),(29,9))));

STEP 120 [TBR_ClassicHeuristic_MC -> NNI_Substep_108] - Distance: 5.0000
(((((20,((22,((17,6),21)),1)),18),(((24,10),(11,30)),(26,(13,7)))),((5,27),((28,19),((16,(12,25)),(14,3))))),((23,8),((4,(2,15)),(29,9))));

STEP 121 [TBR_ClassicHeuristic_MC -> NNI_Substep_109] - Distance: 3.0000
(((((20,(22,(((17,6),21),1))),18),(((24,10),(11,30)),(26,(13,7)))),((5,27),((28,19),((16,(12,25)),(14,3))))),((23,8),((4,(2,15)),(29,9))));

STEP 122 [TBR_ClassicHeuristic_MC -> NNI_Substep_110] - Distance: 0.0000
(((((20,(22,((17,6),(21,1)))),18),(((24,10),(11,30)),(26,(13,7)))),((5,27),((28,19),((16,(12,25)),(14,3))))),((23,8),((4,(2,15)),(29,9))));

========================================================
[FINAL] Total Steps: 122 | Final Distance: 0.0000
========================================================
