========================================================
HEURISTIC TRAJECTORY: VND Incremental (MS_RF)
========================================================
STEP 0 [START] - Distance: 152.0000
(((((((15,12),(11,24)),(27,(((23,(9,26)),(25,10)),(5,(20,(22,(17,(28,16)))))))),(1,14)),(3,(30,13))),(4,(19,29))),((7,(8,2)),(6,18)),21);

STEP 1 [NNI_IncrementalHeuristic_MS_RF -> NNI_Substep_1] - Distance: 147.0000
(((((3,(30,13)),(1,14)),(((15,12),(11,24)),(27,(((23,(9,26)),(25,10)),(5,(20,(22,(17,(28,16))))))))),(4,(19,29))),((7,(8,2)),(6,18)),21);

STEP 2 [NNI_IncrementalHeuristic_MS_RF -> NNI_Substep_2] - Distance: 144.0000
(((((3,(30,13)),(1,14)),(27,(((15,12),(11,24)),(((23,(9,26)),(25,10)),(5,(20,(22,(17,(28,16))))))))),(4,(19,29))),((7,(8,2)),(6,18)),21);

STEP 3 [NNI_IncrementalHeuristic_MS_RF -> NNI_Substep_3] - Distance: 140.0000
((((((15,12),(11,24)),(((23,(9,26)),(25,10)),(5,(20,(22,(17,(28,16))))))),(27,((3,(30,13)),(1,14)))),(4,(19,29))),((7,(8,2)),(6,18)),21);

STEP 4 [NNI_IncrementalHeuristic_MS_RF -> NNI_Substep_4] - Distance: 137.0000
((((((23,(9,26)),(25,10)),(((15,12),(11,24)),(5,(20,(22,(17,(28,16))))))),(27,((3,(30,13)),(1,14)))),(4,(19,29))),((7,(8,2)),(6,18)),21);

STEP 5 [NNI_IncrementalHeuristic_MS_RF -> NNI_Substep_5] - Distance: 135.0000
((((((23,(9,26)),(25,10)),(((15,12),(11,24)),(5,(20,(22,(17,(28,16))))))),(27,((3,(30,13)),(1,14)))),((7,(8,2)),(6,18))),(4,(19,29)),21);

STEP 6 [NNI_IncrementalHeuristic_MS_RF -> NNI_Substep_6] - Distance: 133.0000
(((((7,(8,2)),(6,18)),(27,((3,(30,13)),(1,14)))),(((23,(9,26)),(25,10)),(((15,12),(11,24)),(5,(20,(22,(17,(28,16)))))))),(4,(19,29)),21);

STEP 7 [NNI_IncrementalHeuristic_MS_RF -> NNI_Substep_7] - Distance: 131.0000
(((((7,(8,2)),(6,18)),(27,((3,(30,13)),(1,14)))),(((23,(25,10)),(9,26)),(((15,12),(11,24)),(5,(20,(22,(17,(28,16)))))))),(4,(19,29)),21);

STEP 8 [NNI_IncrementalHeuristic_MS_RF -> NNI_Substep_8] - Distance: 128.0000
(((((7,(8,2)),(6,18)),(27,((3,(30,13)),(1,14)))),(((23,(25,10)),(9,26)),(((15,12),(11,24)),((22,(17,(28,16))),(20,5))))),(4,(19,29)),21);

STEP 9 [NNI_IncrementalHeuristic_MS_RF -> NNI_Substep_9] - Distance: 127.0000
(((((27,((3,(30,13)),(1,14))),(6,18)),(7,(8,2))),(((23,(25,10)),(9,26)),(((15,12),(11,24)),((22,(17,(28,16))),(20,5))))),(4,(19,29)),21);

STEP 10 [NNI_IncrementalHeuristic_MS_RF -> NNI_Substep_10] - Distance: 126.0000
((((((6,18),((3,(30,13)),(1,14))),27),(7,(8,2))),(((23,(25,10)),(9,26)),(((15,12),(11,24)),((22,(17,(28,16))),(20,5))))),(4,(19,29)),21);

STEP 11 [NNI_IncrementalHeuristic_MS_RF -> NNI_Substep_11] - Distance: 125.0000
((((((3,(30,13)),((6,18),(1,14))),27),(7,(8,2))),(((23,(25,10)),(9,26)),(((15,12),(11,24)),((22,(17,(28,16))),(20,5))))),(4,(19,29)),21);

STEP 12 [NNI_IncrementalHeuristic_MS_RF -> NNI_Substep_12] - Distance: 124.0000
(((((15,12),(11,24)),((22,(17,(28,16))),(20,5))),(((23,(25,10)),(9,26)),((((3,(30,13)),((6,18),(1,14))),27),(7,(8,2))))),(4,(19,29)),21);

STEP 13 [NNI_IncrementalHeuristic_MS_RF -> NNI_Substep_13] - Distance: 123.0000
(4,(((((15,12),(11,24)),((22,(17,(28,16))),(20,5))),(((23,(25,10)),(9,26)),((((3,(30,13)),((6,18),(1,14))),27),(7,(8,2))))),(19,29)),21);

STEP 14 [uTBR_IncrementalHeuristic_MS_RF -> NNI_Substep_1] - Distance: 123.0000
(4,(((((15,12),(11,24)),((22,((17,16),28)),(20,5))),(((23,(25,10)),(9,26)),((((3,(30,13)),((6,18),(1,14))),27),(7,(8,2))))),(19,29)),21);

STEP 15 [uTBR_IncrementalHeuristic_MS_RF -> NNI_Substep_2] - Distance: 123.0000
(4,(((((15,12),(11,24)),(((22,(17,16)),28),(20,5))),(((23,(25,10)),(9,26)),((((3,(30,13)),((6,18),(1,14))),27),(7,(8,2))))),(19,29)),21);

STEP 16 [uTBR_IncrementalHeuristic_MS_RF -> NNI_Substep_3] - Distance: 124.0000
(4,(((((15,12),(11,24)),(((22,(17,16)),(20,5)),28)),(((23,(25,10)),(9,26)),((((3,(30,13)),((6,18),(1,14))),27),(7,(8,2))))),(19,29)),21);

STEP 17 [uTBR_IncrementalHeuristic_MS_RF -> NNI_Substep_4] - Distance: 123.0000
(4,((((((15,12),(11,24)),((22,(17,16)),(20,5))),28),(((23,(25,10)),(9,26)),((((3,(30,13)),((6,18),(1,14))),27),(7,(8,2))))),(19,29)),21);

STEP 18 [uTBR_IncrementalHeuristic_MS_RF -> NNI_Substep_5] - Distance: 122.0000
(4,((((((15,12),(11,24)),((22,(17,16)),(20,5))),(((23,(25,10)),(9,26)),((((3,(30,13)),((6,18),(1,14))),27),(7,(8,2))))),28),(19,29)),21);

STEP 19 [uTBR_IncrementalHeuristic_MS_RF -> NNI_Substep_6] - Distance: 122.0000
(4,(((((15,12),(11,24)),((22,(17,16)),(20,5))),((((23,(25,10)),(9,26)),((((3,(30,13)),((6,18),(1,14))),27),(7,(8,2)))),28)),(19,29)),21);

STEP 20 [uTBR_IncrementalHeuristic_MS_RF -> NNI_Substep_7] - Distance: 122.0000
(4,(((((15,12),(11,24)),((22,(17,16)),(20,5))),(((23,(25,10)),(9,26)),(((((3,(30,13)),((6,18),(1,14))),27),(7,(8,2))),28))),(19,29)),21);

STEP 21 [uTBR_IncrementalHeuristic_MS_RF -> NNI_Substep_8] - Distance: 120.0000
(4,(((((15,12),(11,24)),((22,(17,16)),(20,5))),(((23,(25,10)),(9,26)),(((((3,(30,13)),((6,18),(1,14))),27),28),(7,(8,2))))),(19,29)),21);

STEP 22 [uTBR_IncrementalHeuristic_MS_RF -> NNI_Substep_9] - Distance: 118.0000
(4,(((((15,12),(11,24)),((22,(17,16)),(20,5))),(((23,(25,10)),(9,26)),(((((3,(30,13)),((6,18),(1,14))),28),27),(7,(8,2))))),(19,29)),21);

STEP 23 [uTBR_IncrementalHeuristic_MS_RF -> NNI_Substep_10] - Distance: 116.0000
(4,(((((15,12),(11,24)),((22,(17,16)),(20,5))),(((23,(25,10)),(9,26)),((((3,(30,13)),(((6,18),(1,14)),28)),27),(7,(8,2))))),(19,29)),21);

STEP 24 [uTBR_IncrementalHeuristic_MS_RF -> NNI_Substep_11] - Distance: 113.0000
(4,(((((15,12),(11,24)),((22,(17,16)),(20,5))),(((23,(25,10)),(9,26)),((((3,(30,13)),(((6,18),28),(1,14))),27),(7,(8,2))))),(19,29)),21);

STEP 25 [uTBR_IncrementalHeuristic_MS_RF -> NNI_Substep_12] - Distance: 113.0000
(4,(((((15,12),(11,24)),((22,(17,16)),(20,5))),(((23,(25,10)),(9,26)),((((3,(30,13)),(((6,28),18),(1,14))),27),(7,(8,2))))),(19,29)),21);

STEP 26 [uTBR_IncrementalHeuristic_MS_RF -> NNI_Substep_13] - Distance: 113.0000
(4,(((((15,12),(11,24)),((22,(17,16)),(20,5))),(((23,(25,10)),(9,26)),((((3,(30,13)),(((6,28),18),(1,14))),27),((7,2),8)))),(19,29)),21);

STEP 27 [uTBR_IncrementalHeuristic_MS_RF -> NNI_Substep_14] - Distance: 113.0000
(4,(((((15,12),(11,24)),((22,(17,16)),(20,5))),(((23,(25,10)),(9,26)),(((((3,(30,13)),(((6,28),18),(1,14))),27),(7,2)),8))),(19,29)),21);

STEP 28 [uTBR_IncrementalHeuristic_MS_RF -> NNI_Substep_15] - Distance: 111.0000
(4,(((((15,12),(11,24)),((22,(17,16)),(20,5))),((((23,(25,10)),(9,26)),((((3,(30,13)),(((6,28),18),(1,14))),27),(7,2))),8)),(19,29)),21);

STEP 29 [uTBR_IncrementalHeuristic_MS_RF -> NNI_Substep_16] - Distance: 111.0000
(4,((((((15,12),(11,24)),((22,(17,16)),(20,5))),(((23,(25,10)),(9,26)),((((3,(30,13)),(((6,28),18),(1,14))),27),(7,2)))),8),(19,29)),21);

STEP 30 [uTBR_IncrementalHeuristic_MS_RF -> NNI_Substep_17] - Distance: 110.0000
(4,((((((15,12),(11,24)),((22,(17,16)),(20,5))),8),(((23,(25,10)),(9,26)),((((3,(30,13)),(((6,28),18),(1,14))),27),(7,2)))),(19,29)),21);

STEP 31 [uTBR_IncrementalHeuristic_MS_RF -> NNI_Substep_18] - Distance: 110.0000
(4,((((((15,12),(11,24)),8),((22,(17,16)),(20,5))),(((23,(25,10)),(9,26)),((((3,(30,13)),(((6,28),18),(1,14))),27),(7,2)))),(19,29)),21);

STEP 32 [uTBR_IncrementalHeuristic_MS_RF -> NNI_Substep_19] - Distance: 107.0000
(4,((((((15,12),8),(11,24)),((22,(17,16)),(20,5))),(((23,(25,10)),(9,26)),((((3,(30,13)),(((6,28),18),(1,14))),27),(7,2)))),(19,29)),21);

STEP 33 [uTBR_IncrementalHeuristic_MS_RF -> NNI_Substep_20] - Distance: 105.0000
(4,(((((15,(12,8)),(11,24)),((22,(17,16)),(20,5))),(((23,(25,10)),(9,26)),((((3,(30,13)),(((6,28),18),(1,14))),27),(7,2)))),(19,29)),21);

STEP 34 [uTBR_IncrementalHeuristic_MS_RF -> NNI_Substep_21] - Distance: 105.0000
(4,(((((15,(12,8)),(11,24)),((22,(17,16)),(20,5))),(((23,(25,10)),(9,26)),((((3,(30,13)),((((6,28),18),1),14)),27),(7,2)))),(19,29)),21);

STEP 35 [uTBR_IncrementalHeuristic_MS_RF -> NNI_Substep_22] - Distance: 103.0000
(4,(((((15,(12,8)),(11,24)),((22,(17,16)),(20,5))),(((23,(25,10)),(9,26)),(((((3,(30,13)),(((6,28),18),1)),14),27),(7,2)))),(19,29)),21);

STEP 36 [uTBR_IncrementalHeuristic_MS_RF -> NNI_Substep_23] - Distance: 103.0000
(4,(((((15,(12,8)),(11,24)),((22,(17,16)),(20,5))),(((23,(25,10)),(9,26)),(((((3,(30,13)),(((6,28),18),1)),27),14),(7,2)))),(19,29)),21);

STEP 37 [uTBR_IncrementalHeuristic_MS_RF -> NNI_Substep_24] - Distance: 102.0000
(4,(((((15,(12,8)),(11,24)),((22,(17,16)),(20,5))),(((23,(25,10)),(9,26)),(((((3,(30,13)),(((6,28),18),1)),27),(7,2)),14))),(19,29)),21);

STEP 38 [uTBR_IncrementalHeuristic_MS_RF -> NNI_Substep_25] - Distance: 104.0000
(4,(((((15,(12,8)),(11,24)),((22,(17,16)),(20,5))),((((23,(25,10)),(9,26)),((((3,(30,13)),(((6,28),18),1)),27),(7,2))),14)),(19,29)),21);

STEP 39 [uTBR_IncrementalHeuristic_MS_RF -> NNI_Substep_26] - Distance: 103.0000
(4,(((((15,(12,8)),(11,24)),((22,(17,16)),(20,5))),((((23,(25,10)),(9,26)),14),((((3,(30,13)),(((6,28),18),1)),27),(7,2)))),(19,29)),21);

STEP 40 [uTBR_IncrementalHeuristic_MS_RF -> NNI_Substep_27] - Distance: 100.0000
(4,(((((15,(12,8)),(11,24)),((22,(17,16)),(20,5))),((((23,(25,10)),14),(9,26)),((((3,(30,13)),(((6,28),18),1)),27),(7,2)))),(19,29)),21);

STEP 41 [uTBR_IncrementalHeuristic_MS_RF -> NNI_Substep_28] - Distance: 98.0000
(4,(((((15,(12,8)),(11,24)),((22,(17,16)),(20,5))),(((23,((25,10),14)),(9,26)),((((3,(30,13)),(((6,28),18),1)),27),(7,2)))),(19,29)),21);

STEP 42 [uTBR_IncrementalHeuristic_MS_RF -> NNI_Substep_29] - Distance: 96.0000
(4,(((((15,(12,8)),(11,24)),((22,(17,16)),(20,5))),(((23,((25,10),14)),(9,26)),((((3,(30,13)),(((6,28),1),18)),27),(7,2)))),(19,29)),21);

STEP 43 [uTBR_IncrementalHeuristic_MS_RF -> NNI_Substep_30] - Distance: 94.0000
(4,(((((15,(12,8)),(11,24)),((22,(17,16)),(20,5))),(((23,((25,10),14)),(9,26)),(((((3,(30,13)),((6,28),1)),18),27),(7,2)))),(19,29)),21);

STEP 44 [uTBR_IncrementalHeuristic_MS_RF -> NNI_Substep_31] - Distance: 94.0000
(4,(((((15,(12,8)),(11,24)),((22,(17,16)),(20,5))),(((23,((25,10),14)),(9,26)),(((((3,(30,13)),((6,28),1)),27),18),(7,2)))),(19,29)),21);

STEP 45 [uTBR_IncrementalHeuristic_MS_RF -> NNI_Substep_32] - Distance: 93.0000
(4,(((((15,(12,8)),(11,24)),((22,(17,16)),(20,5))),(((23,((25,10),14)),(9,26)),(((((3,(30,13)),((6,28),1)),27),(7,2)),18))),(19,29)),21);

STEP 46 [uTBR_IncrementalHeuristic_MS_RF -> NNI_Substep_33] - Distance: 96.0000
(4,(((((15,(12,8)),(11,24)),((22,(17,16)),(20,5))),((((23,((25,10),14)),(9,26)),((((3,(30,13)),((6,28),1)),27),(7,2))),18)),(19,29)),21);

STEP 47 [uTBR_IncrementalHeuristic_MS_RF -> NNI_Substep_34] - Distance: 96.0000
(4,(((((15,(12,8)),(11,24)),((22,(17,16)),(20,5))),((((23,((25,10),14)),(9,26)),18),((((3,(30,13)),((6,28),1)),27),(7,2)))),(19,29)),21);

STEP 48 [uTBR_IncrementalHeuristic_MS_RF -> NNI_Substep_35] - Distance: 93.0000
(4,(((((15,(12,8)),(11,24)),((22,(17,16)),(20,5))),(((23,((25,10),14)),((9,26),18)),((((3,(30,13)),((6,28),1)),27),(7,2)))),(19,29)),21);

STEP 49 [uTBR_IncrementalHeuristic_MS_RF -> NNI_Substep_36] - Distance: 91.0000
(4,(((((15,(12,8)),(11,24)),((22,(17,16)),(20,5))),(((23,((25,10),14)),((9,18),26)),((((3,(30,13)),((6,28),1)),27),(7,2)))),(19,29)),21);

STEP 50 [uTBR_IncrementalHeuristic_MS_RF -> NNI_Substep_37] - Distance: 91.0000
(4,(((((15,(12,8)),(11,24)),((22,(17,16)),(20,5))),(((23,((25,10),14)),((9,18),26)),(((((3,13),30),((6,28),1)),27),(7,2)))),(19,29)),21);

STEP 51 [uTBR_IncrementalHeuristic_MS_RF -> NNI_Substep_38] - Distance: 87.0000
(4,(((((15,(12,8)),(11,24)),((22,(17,16)),(20,5))),(((23,((25,10),14)),((9,18),26)),(((((3,13),((6,28),1)),30),27),(7,2)))),(19,29)),21);

STEP 52 [uTBR_IncrementalHeuristic_MS_RF -> NNI_Substep_39] - Distance: 87.0000
(4,(((((15,(12,8)),(11,24)),((22,(17,16)),(20,5))),(((23,((25,10),14)),((9,18),26)),(((((3,13),((6,28),1)),27),30),(7,2)))),(19,29)),21);

STEP 53 [uTBR_IncrementalHeuristic_MS_RF -> NNI_Substep_40] - Distance: 86.0000
(4,(((((15,(12,8)),(11,24)),((22,(17,16)),(20,5))),(((23,((25,10),14)),((9,18),26)),(((((3,13),((6,28),1)),27),(7,2)),30))),(19,29)),21);

STEP 54 [uTBR_IncrementalHeuristic_MS_RF -> NNI_Substep_41] - Distance: 90.0000
(4,(((((15,(12,8)),(11,24)),((22,(17,16)),(20,5))),((((23,((25,10),14)),((9,18),26)),((((3,13),((6,28),1)),27),(7,2))),30)),(19,29)),21);

STEP 55 [uTBR_IncrementalHeuristic_MS_RF -> NNI_Substep_42] - Distance: 91.0000
(4,((((((15,(12,8)),(11,24)),((22,(17,16)),(20,5))),(((23,((25,10),14)),((9,18),26)),((((3,13),((6,28),1)),27),(7,2)))),30),(19,29)),21);

STEP 56 [uTBR_IncrementalHeuristic_MS_RF -> NNI_Substep_43] - Distance: 88.0000
(4,((((((15,(12,8)),(11,24)),((22,(17,16)),(20,5))),(((23,((25,10),14)),((9,18),26)),((((3,13),((6,28),1)),27),(7,2)))),(19,29)),30),21);

STEP 57 [uTBR_IncrementalHeuristic_MS_RF -> NNI_Substep_44] - Distance: 88.0000
(4,(((((15,(12,8)),(11,24)),((22,(17,16)),(20,5))),(((23,((25,10),14)),((9,18),26)),((((3,13),((6,28),1)),27),(7,2)))),(19,29)),(21,30));

STEP 58 [uTBR_IncrementalHeuristic_MS_RF -> NNI_Substep_45] - Distance: 86.0000
(4,(((((15,(12,8)),(11,24)),((22,(17,16)),(20,5))),(((23,((25,10),14)),((9,18),26)),((((3,((6,28),1)),13),27),(7,2)))),(19,29)),(21,30));

STEP 59 [uTBR_IncrementalHeuristic_MS_RF -> NNI_Substep_46] - Distance: 86.0000
(4,(((((15,(12,8)),(11,24)),((22,(17,16)),(20,5))),(((23,((25,10),14)),((9,18),26)),((((((6,28),1),13),3),27),(7,2)))),(19,29)),(21,30));

STEP 60 [uTBR_IncrementalHeuristic_MS_RF -> NNI_Substep_47] - Distance: 85.0000
(4,(((((15,(12,8)),(11,24)),((22,(17,16)),(20,5))),(((23,((25,10),14)),((9,18),26)),(((((1,13),(6,28)),3),27),(7,2)))),(19,29)),(21,30));

STEP 61 [uTBR_IncrementalHeuristic_MS_RF -> NNI_Substep_48] - Distance: 86.0000
((((((15,(12,8)),(11,24)),((22,(17,16)),(20,5))),(((23,((25,10),14)),((9,18),26)),(((3,((6,28),(1,13))),27),(7,2)))),4),(19,29),(21,30));

STEP 62 [uTBR_IncrementalHeuristic_MS_RF -> NNI_Substep_49] - Distance: 83.0000
(((((15,(12,8)),(11,24)),((22,(17,16)),(20,5))),((((23,((25,10),14)),((9,18),26)),(((3,((6,28),(1,13))),27),(7,2))),4)),(19,29),(21,30));

STEP 63 [uTBR_IncrementalHeuristic_MS_RF -> NNI_Substep_50] - Distance: 77.0000
(((((15,(12,8)),(11,24)),((22,(17,16)),(20,5))),(((23,((25,10),14)),((9,18),26)),((((3,((6,28),(1,13))),27),(7,2)),4))),(19,29),(21,30));

STEP 64 [uTBR_IncrementalHeuristic_MS_RF -> NNI_Substep_51] - Distance: 76.0000
(((((15,(12,8)),(11,24)),((22,(17,16)),(20,5))),(((23,((25,10),14)),((9,18),26)),((((3,((6,28),(1,13))),27),4),(7,2)))),(19,29),(21,30));

STEP 65 [uTBR_IncrementalHeuristic_MS_RF -> NNI_Substep_52] - Distance: 74.0000
(((((15,(12,8)),(11,24)),((22,(17,16)),(20,5))),(((23,((25,10),14)),((9,18),26)),((((3,((6,28),(1,13))),4),27),(7,2)))),(19,29),(21,30));

STEP 66 [uTBR_IncrementalHeuristic_MS_RF -> NNI_Substep_53] - Distance: 77.0000
(((((15,(12,8)),(11,24)),((22,(17,16)),(20,5))),((((23,((25,10),14)),(9,18)),26),((((3,((6,28),(1,13))),4),27),(7,2)))),(19,29),(21,30));

STEP 67 [uTBR_IncrementalHeuristic_MS_RF -> NNI_Substep_54] - Distance: 79.0000
(((((15,(12,8)),(11,24)),((22,(17,16)),(20,5))),((((23,((25,10),14)),(9,18)),((((3,((6,28),(1,13))),4),27),(7,2))),26)),(19,29),(21,30));

STEP 68 [uTBR_IncrementalHeuristic_MS_RF -> NNI_Substep_55] - Distance: 78.0000
(((((15,(12,8)),(11,24)),((22,(17,16)),(20,5))),(((23,((25,10),14)),(9,18)),(((((3,((6,28),(1,13))),4),27),(7,2)),26))),(19,29),(21,30));

STEP 69 [uTBR_IncrementalHeuristic_MS_RF -> NNI_Substep_56] - Distance: 77.0000
(((((15,(12,8)),(11,24)),((22,(17,16)),(20,5))),(((23,((25,10),14)),(9,18)),(((((3,((6,28),(1,13))),4),27),26),(7,2)))),(19,29),(21,30));

STEP 70 [uTBR_IncrementalHeuristic_MS_RF -> NNI_Substep_57] - Distance: 70.0000
(((((15,(12,8)),(11,24)),((22,(17,16)),(20,5))),(((23,((25,10),14)),(9,18)),((((3,((6,28),(1,13))),4),(27,26)),(7,2)))),(19,29),(21,30));

STEP 71 [uTBR_IncrementalHeuristic_MS_RF -> NNI_Substep_58] - Distance: 72.0000
(((((15,(12,8)),(11,24)),(((22,(17,16)),5),20)),(((23,((25,10),14)),(9,18)),((((3,((6,28),(1,13))),4),(27,26)),(7,2)))),(19,29),(21,30));

STEP 72 [uTBR_IncrementalHeuristic_MS_RF -> NNI_Substep_59] - Distance: 72.0000
((((((15,(12,8)),(11,24)),((22,(17,16)),5)),20),(((23,((25,10),14)),(9,18)),((((3,((6,28),(1,13))),4),(27,26)),(7,2)))),(19,29),(21,30));

STEP 73 [uTBR_IncrementalHeuristic_MS_RF -> NNI_Substep_60] - Distance: 71.0000
((((((15,(12,8)),(11,24)),((22,(17,16)),5)),(((23,((25,10),14)),(9,18)),((((3,((6,28),(1,13))),4),(27,26)),(7,2)))),20),(19,29),(21,30));

STEP 74 [uTBR_IncrementalHeuristic_MS_RF -> NNI_Substep_61] - Distance: 71.0000
(((((15,(12,8)),(11,24)),((22,(17,16)),5)),((((23,((25,10),14)),(9,18)),((((3,((6,28),(1,13))),4),(27,26)),(7,2))),20)),(19,29),(21,30));

STEP 75 [uTBR_IncrementalHeuristic_MS_RF -> NNI_Substep_62] - Distance: 70.0000
(((((15,(12,8)),(11,24)),((22,(17,16)),5)),(((23,((25,10),14)),(9,18)),(((((3,((6,28),(1,13))),4),(27,26)),(7,2)),20))),(19,29),(21,30));

STEP 76 [uTBR_IncrementalHeuristic_MS_RF -> NNI_Substep_63] - Distance: 69.0000
(((((15,(12,8)),(11,24)),((22,(17,16)),5)),(((23,((25,10),14)),(9,18)),(((((3,((6,28),(1,13))),4),(27,26)),20),(7,2)))),(19,29),(21,30));

STEP 77 [uTBR_IncrementalHeuristic_MS_RF -> NNI_Substep_64] - Distance: 62.0000
(((((15,(12,8)),(11,24)),((22,(17,16)),5)),(((23,((25,10),14)),(9,18)),((((3,((6,28),(1,13))),4),((27,26),20)),(7,2)))),(19,29),(21,30));

STEP 78 [uTBR_IncrementalHeuristic_MS_RF -> NNI_Substep_65] - Distance: 66.0000
(((((15,(12,8)),(11,24)),((22,(17,16)),5)),(((23,((25,10),14)),(9,18)),(((((3,((6,28),(1,13))),4),((27,26),20)),7),2))),(19,29),(21,30));

STEP 79 [uTBR_IncrementalHeuristic_MS_RF -> NNI_Substep_66] - Distance: 64.0000
(((((15,(12,8)),(11,24)),((22,(17,16)),5)),(((23,((25,10),14)),(9,18)),(((((3,((6,28),(1,13))),4),((27,26),20)),2),7))),(19,29),(21,30));

STEP 80 [uTBR_IncrementalHeuristic_MS_RF -> NNI_Substep_67] - Distance: 57.0000
(((((15,(12,8)),(11,24)),((22,(17,16)),5)),(((23,((25,10),14)),(9,18)),(((((27,26),20),2),((3,((6,28),(1,13))),4)),7))),(19,29),(21,30));

STEP 81 [uTBR_IncrementalHeuristic_MS_RF -> NNI_Substep_68] - Distance: 58.0000
((((((15,(12,8)),(11,24)),((22,(17,16)),5)),(((23,((25,10),14)),(9,18)),((((3,((6,28),(1,13))),4),(((27,26),20),2)),7))),19),29,(21,30));

STEP 82 [uTBR_IncrementalHeuristic_MS_RF -> NNI_Substep_69] - Distance: 58.0000
((((((15,(12,8)),(11,24)),((22,(17,16)),5)),19),(((23,((25,10),14)),(9,18)),((((3,((6,28),(1,13))),4),(((27,26),20),2)),7))),29,(21,30));

STEP 83 [uTBR_IncrementalHeuristic_MS_RF -> NNI_Substep_70] - Distance: 56.0000
(((((15,(12,8)),(11,24)),(((22,(17,16)),5),19)),(((23,((25,10),14)),(9,18)),((((3,((6,28),(1,13))),4),(((27,26),20),2)),7))),29,(21,30));

STEP 84 [uTBR_IncrementalHeuristic_MS_RF -> NNI_Substep_71] - Distance: 52.0000
(((((15,(12,8)),(11,24)),((22,(17,16)),(5,19))),(((23,((25,10),14)),(9,18)),((((3,((6,28),(1,13))),4),(((27,26),20),2)),7))),29,(21,30));

STEP 85 [uTBR_IncrementalHeuristic_MS_RF -> NNI_Substep_72] - Distance: 51.0000
(((((15,(12,8)),(11,24)),((22,(17,16)),(5,19))),(((23,((25,10),14)),((((3,((6,28),(1,13))),4),(((27,26),20),2)),7)),(9,18))),29,(21,30));

STEP 86 [uTBR_IncrementalHeuristic_MS_RF -> NNI_Substep_73] - Distance: 49.0000
((((((15,(12,8)),(11,24)),((22,(17,16)),(5,19))),((23,((25,10),14)),((((3,((6,28),(1,13))),4),(((27,26),20),2)),7))),(9,18)),29,(21,30));

STEP 87 [uTBR_IncrementalHeuristic_MS_RF -> NNI_Substep_74] - Distance: 48.0000
((((((15,(12,8)),(11,24)),((22,(17,16)),(5,19))),(9,18)),((23,((25,10),14)),((((3,((6,28),(1,13))),4),(((27,26),20),2)),7))),29,(21,30));

STEP 88 [uTBR_IncrementalHeuristic_MS_RF -> NNI_Substep_75] - Distance: 45.0000
(((((15,(12,8)),(11,24)),(((22,(17,16)),(5,19)),(9,18))),((23,((25,10),14)),((((3,((6,28),(1,13))),4),(((27,26),20),2)),7))),29,(21,30));

STEP 89 [uTBR_IncrementalHeuristic_MS_RF -> NNI_Substep_76] - Distance: 40.0000
(((((15,(12,8)),(11,24)),((22,(17,16)),((5,19),(9,18)))),((23,((25,10),14)),((((3,((6,28),(1,13))),4),(((27,26),20),2)),7))),29,(21,30));

STEP 90 [uTBR_IncrementalHeuristic_MS_RF -> NNI_Substep_77] - Distance: 41.0000
(((((15,(12,8)),(11,24)),(((17,16),((5,19),(9,18))),22)),((23,((25,10),14)),((((3,((6,28),(1,13))),4),(((27,26),20),2)),7))),29,(21,30));

STEP 91 [uTBR_IncrementalHeuristic_MS_RF -> NNI_Substep_78] - Distance: 39.0000
((((((15,(12,8)),(11,24)),((17,16),((5,19),(9,18)))),22),((23,((25,10),14)),((((3,((6,28),(1,13))),4),(((27,26),20),2)),7))),29,(21,30));

STEP 92 [uTBR_IncrementalHeuristic_MS_RF -> NNI_Substep_79] - Distance: 39.0000
((((((15,(12,8)),(11,24)),((17,16),((5,19),(9,18)))),((23,((25,10),14)),((((3,((6,28),(1,13))),4),(((27,26),20),2)),7))),22),29,(21,30));

STEP 93 [uTBR_IncrementalHeuristic_MS_RF -> NNI_Substep_80] - Distance: 37.0000
(((((15,(12,8)),(11,24)),((17,16),((5,19),(9,18)))),((23,((25,10),14)),((((3,((6,28),(1,13))),4),(((27,26),20),2)),7))),29,((21,30),22));

STEP 94 [uTBR_IncrementalHeuristic_MS_RF -> NNI_Substep_81] - Distance: 35.0000
((((15,(12,8)),(11,24)),((17,16),((5,19),(9,18)))),(((23,((25,10),14)),((((3,((6,28),(1,13))),4),(((27,26),20),2)),7)),((21,30),22)),29);

STEP 95 [uTBR_IncrementalHeuristic_MS_RF -> NNI_Substep_82] - Distance: 31.0000
((((15,(12,8)),(11,24)),((17,16),((5,19),(9,18)))),(((23,((25,10),14)),((21,30),22)),((((3,((6,28),(1,13))),4),(((27,26),20),2)),7)),29);

STEP 96 [uTBR_IncrementalHeuristic_MS_RF -> NNI_Substep_83] - Distance: 27.0000
((((15,(12,8)),(11,24)),((17,16),((5,19),(9,18)))),((23,(((25,10),14),((21,30),22))),((((3,((6,28),(1,13))),4),(((27,26),20),2)),7)),29);

STEP 97 [uTBR_IncrementalHeuristic_MS_RF -> NNI_Substep_84] - Distance: 29.0000
(((((15,(12,8)),11),24),((17,16),((5,19),(9,18)))),((23,(((25,10),14),((21,30),22))),((((3,((6,28),(1,13))),4),(((27,26),20),2)),7)),29);

STEP 98 [uTBR_IncrementalHeuristic_MS_RF -> NNI_Substep_85] - Distance: 22.0000
(((((15,(12,8)),11),((17,16),((5,19),(9,18)))),24),((23,(((25,10),14),((21,30),22))),((((3,((6,28),(1,13))),4),(((27,26),20),2)),7)),29);

STEP 99 [uTBR_IncrementalHeuristic_MS_RF -> NNI_Substep_86] - Distance: 20.0000
((((15,(12,8)),11),((17,16),((5,19),(9,18)))),(((23,(((25,10),14),((21,30),22))),((((3,((6,28),(1,13))),4),(((27,26),20),2)),7)),24),29);

STEP 100 [uTBR_IncrementalHeuristic_MS_RF -> NNI_Substep_87] - Distance: 28.0000
((((15,(12,8)),11),((17,16),((5,19),(9,18)))),(((23,(((25,10),14),((21,30),22))),24),((((3,((6,28),(1,13))),4),(((27,26),20),2)),7)),29);

STEP 101 [uTBR_IncrementalHeuristic_MS_RF -> NNI_Substep_88] - Distance: 28.0000
((((15,(12,8)),11),((17,16),((5,19),(9,18)))),((23,((((25,10),14),((21,30),22)),24)),((((3,((6,28),(1,13))),4),(((27,26),20),2)),7)),29);

STEP 102 [uTBR_IncrementalHeuristic_MS_RF -> NNI_Substep_89] - Distance: 16.0000
((((15,(12,8)),11),((17,16),((5,19),(9,18)))),(23,(((((25,10),14),((21,30),22)),24),((((3,((6,28),(1,13))),4),(((27,26),20),2)),7))),29);

STEP 103 [uTBR_IncrementalHeuristic_MS_RF -> NNI_Substep_90] - Distance: 17.0000
((((15,(12,8)),11),(23,(((((25,10),14),((21,30),22)),24),((((3,((6,28),(1,13))),4),(((27,26),20),2)),7)))),((17,16),((5,19),(9,18))),29);

STEP 104 [uTBR_IncrementalHeuristic_MS_RF -> NNI_Substep_91] - Distance: 13.0000
((((15,(12,8)),(23,(((((25,10),14),((21,30),22)),24),((((3,((6,28),(1,13))),4),(((27,26),20),2)),7)))),11),((17,16),((5,19),(9,18))),29);

STEP 105 [uTBR_IncrementalHeuristic_MS_RF -> NNI_Substep_92] - Distance: 14.0000
((((15,(23,(((((25,10),14),((21,30),22)),24),((((3,((6,28),(1,13))),4),(((27,26),20),2)),7)))),(12,8)),11),((17,16),((5,19),(9,18))),29);

STEP 106 [uTBR_IncrementalHeuristic_MS_RF -> NNI_Substep_93] - Distance: 11.0000
(((17,16),((5,19),(9,18))),((12,8),((15,(23,(((((25,10),14),((21,30),22)),24),((((3,((6,28),(1,13))),4),(((27,26),20),2)),7)))),11)),29);

STEP 107 [uTBR_IncrementalHeuristic_MS_RF -> NNI_Substep_94] - Distance: 6.0000
((17,16),(((5,19),(9,18)),((12,8),((15,(23,(((((25,10),14),((21,30),22)),24),((((3,((6,28),(1,13))),4),(((27,26),20),2)),7)))),11))),29);

STEP 108 [uTBR_IncrementalHeuristic_MS_RF -> NNI_Substep_95] - Distance: 0.0000
((17,16),((((5,19),(9,18)),((15,(23,(((((25,10),14),((21,30),22)),24),((((3,((6,28),(1,13))),4),(((27,26),20),2)),7)))),11)),(12,8)),29);

========================================================
[FINAL] Total Steps: 108 | Final Distance: 0.0000
========================================================
