========================================================
HEURISTIC TRAJECTORY: 1. NNI (Classic) (M3)
========================================================
STEP 0 [START] - Distance: 3294.0000
((((25,(1,14)),(17,(24,28))),((7,29),(11,5))),(26,(30,(6,3))),(((16,((23,20),(8,19))),((12,(13,10)),(15,27))),(((9,2),(4,22)),(18,21))));

STEP 1 [NNI_ClassicHeuristic_M3 -> NNI_Substep_1] - Distance: 3204.0000
((((25,(1,14)),(17,(24,28))),((7,29),(11,5))),(26,(30,(6,3))),((18,21),(((9,2),(4,22)),((16,((23,20),(8,19))),((12,(13,10)),(15,27))))));

STEP 2 [NNI_ClassicHeuristic_M3 -> NNI_Substep_2] - Distance: 3152.0000
((((25,(1,14)),(17,(24,28))),(26,(30,(6,3)))),((7,29),(11,5)),((18,21),(((9,2),(4,22)),((16,((23,20),(8,19))),((12,(13,10)),(15,27))))));

STEP 3 [NNI_ClassicHeuristic_M3 -> NNI_Substep_3] - Distance: 3107.0000
((((25,(1,14)),(17,(24,28))),(26,(30,(6,3)))),((7,29),(11,5)),((18,21),(((9,2),(4,22)),((15,27),((12,(13,10)),(16,((23,20),(8,19))))))));

STEP 4 [NNI_ClassicHeuristic_M3 -> NNI_Substep_4] - Distance: 3056.0000
((((25,(1,14)),(17,(24,28))),(26,(30,(6,3)))),((7,29),(11,5)),((18,21),(((9,2),(4,22)),((15,27),(((16,((23,20),(8,19))),(13,10)),12)))));

STEP 5 [NNI_ClassicHeuristic_M3 -> NNI_Substep_5] - Distance: 3015.0000
((((25,(1,14)),(17,(24,28))),(26,(30,(6,3)))),((7,29),(11,5)),((18,21),(((9,2),((15,27),(((16,((23,20),(8,19))),(13,10)),12))),(4,22))));

STEP 6 [NNI_ClassicHeuristic_M3 -> NNI_Substep_6] - Distance: 2982.0000
((((25,(1,14)),(17,(24,28))),(26,(30,(6,3)))),((7,29),(11,5)),((18,21),(4,(((9,2),((15,27),(((16,((23,20),(8,19))),(13,10)),12))),22))));

STEP 7 [NNI_ClassicHeuristic_M3 -> NNI_Substep_7] - Distance: 2954.0000
((((26,(30,(6,3))),(17,(24,28))),(25,(1,14))),((7,29),(11,5)),((18,21),(4,(((9,2),((15,27),(((16,((23,20),(8,19))),(13,10)),12))),22))));

STEP 8 [NNI_ClassicHeuristic_M3 -> NNI_Substep_8] - Distance: 2930.0000
((((26,(30,(6,3))),(17,(24,28))),(25,(1,14))),((7,(11,5)),29),((18,21),(4,(((9,2),((15,27),(((16,((23,20),(8,19))),(13,10)),12))),22))));

STEP 9 [NNI_ClassicHeuristic_M3 -> NNI_Substep_9] - Distance: 2912.0000
((((26,(30,(6,3))),(17,(24,28))),(25,(1,14))),((7,(11,5)),29),((18,21),(4,(((((15,27),(((16,((23,20),(8,19))),(13,10)),12)),2),9),22))));

STEP 10 [NNI_ClassicHeuristic_M3 -> NNI_Substep_10] - Distance: 2902.0000
((25,(((26,(30,(6,3))),(17,(24,28))),(1,14))),((7,(11,5)),29),((18,21),(4,(((((15,27),(((16,((23,20),(8,19))),(13,10)),12)),2),9),22))));

STEP 11 [NNI_ClassicHeuristic_M3 -> NNI_Substep_11] - Distance: 2826.0000
((25,((7,(11,5)),29)),(((26,(30,(6,3))),(17,(24,28))),(1,14)),((18,21),(4,(((((15,27),(((16,((23,20),(8,19))),(13,10)),12)),2),9),22))));

STEP 12 [NNI_ClassicHeuristic_M3 -> NNI_Substep_12] - Distance: 2774.0000
(((7,(11,5)),(25,29)),(((26,(30,(6,3))),(17,(24,28))),(1,14)),((18,21),(4,(((((15,27),(((16,((23,20),(8,19))),(13,10)),12)),2),9),22))));

STEP 13 [NNI_ClassicHeuristic_M3 -> NNI_Substep_13] - Distance: 2760.0000
(((7,(11,5)),(25,29)),(1,(((26,(30,(6,3))),(17,(24,28))),14)),((18,21),(4,(((((15,27),(((16,((23,20),(8,19))),(13,10)),12)),2),9),22))));

STEP 14 [NNI_ClassicHeuristic_M3 -> NNI_Substep_14] - Distance: 2749.0000
(1,(((7,(11,5)),(25,29)),(((26,(30,(6,3))),(17,(24,28))),14)),((18,21),(4,(((((15,27),(((16,((23,20),(8,19))),(13,10)),12)),2),9),22))));

STEP 15 [NNI_ClassicHeuristic_M3 -> NNI_Substep_15] - Distance: 2741.0000
(1,(((7,(11,5)),(25,29)),(((26,(30,(6,3))),(17,(24,28))),14)),((18,21),(4,(((((15,27),((10,(13,(16,((23,20),(8,19))))),12)),2),9),22))));

STEP 16 [NNI_ClassicHeuristic_M3 -> NNI_Substep_16] - Distance: 2735.0000
(1,(((7,(11,5)),(25,29)),(((26,(30,(6,3))),(17,(24,28))),14)),((18,21),(4,(((((15,27),((10,(13,(16,(((8,19),20),23)))),12)),2),9),22))));

STEP 17 [NNI_ClassicHeuristic_M3 -> NNI_Substep_17] - Distance: 2729.0000
(1,(((7,(11,5)),(25,29)),(((26,(30,(6,3))),(17,(24,28))),14)),((18,21),(4,((((2,((10,(13,(16,(((8,19),20),23)))),12)),(15,27)),9),22))));

STEP 18 [NNI_ClassicHeuristic_M3 -> NNI_Substep_18] - Distance: 2725.0000
(1,(((7,(11,5)),(25,29)),(((26,(30,(6,3))),(17,(24,28))),14)),((18,21),(4,((((2,((10,(13,(16,(((8,19),20),23)))),12)),9),(15,27)),22))));

STEP 19 [NNI_ClassicHeuristic_M3 -> NNI_Substep_19] - Distance: 2676.0000
(1,(((7,(11,5)),(25,29)),(((26,(30,(6,3))),(17,(24,28))),14)),((18,21),(4,((22,(15,27)),((2,((10,(13,(16,(((8,19),20),23)))),12)),9)))));

STEP 20 [NNI_ClassicHeuristic_M3 -> NNI_Substep_20] - Distance: 2673.0000
(1,(((7,(11,5)),(25,29)),(((26,(6,(30,3))),(17,(24,28))),14)),((18,21),(4,((22,(15,27)),((2,((10,(13,(16,(((8,19),20),23)))),12)),9)))));

STEP 21 [NNI_ClassicHeuristic_M3 -> NNI_Substep_21] - Distance: 2669.0000
(1,(((7,(11,5)),(25,29)),((((30,3),(6,26)),(17,(24,28))),14)),((18,21),(4,((22,(15,27)),((2,((10,(13,(16,(((8,19),20),23)))),12)),9)))));

STEP 22 [NNI_ClassicHeuristic_M3 -> NNI_Substep_22] - Distance: 2623.0000
(1,(((7,(11,5)),(25,29)),((((17,(24,28)),(6,26)),(30,3)),14)),((18,21),(4,((22,(15,27)),((2,((10,(13,(16,(((8,19),20),23)))),12)),9)))));

STEP 23 [NNI_ClassicHeuristic_M3 -> NNI_Substep_23] - Distance: 2620.0000
(1,(((7,(11,5)),(25,29)),((((28,(24,17)),(6,26)),(30,3)),14)),((18,21),(4,((22,(15,27)),((2,((10,(13,(16,(((8,19),20),23)))),12)),9)))));

STEP 24 [NNI_ClassicHeuristic_M3 -> NNI_Substep_24] - Distance: 2614.0000
(1,(((7,(11,5)),(25,29)),(((((6,26),(24,17)),28),(30,3)),14)),((18,21),(4,((22,(15,27)),((2,((10,(13,(16,(((8,19),20),23)))),12)),9)))));

STEP 25 [NNI_ClassicHeuristic_M3 -> NNI_Substep_25] - Distance: 2611.0000
(1,(((7,(11,5)),(25,29)),(((((6,26),(24,17)),28),(30,3)),14)),((18,21),((22,(15,27)),(4,((2,((10,(13,(16,(((8,19),20),23)))),12)),9)))));

STEP 26 [NNI_ClassicHeuristic_M3 -> NNI_Substep_26] - Distance: 2593.0000
(1,(((7,(11,5)),(25,29)),(((((6,26),(24,17)),28),(30,3)),14)),((22,(15,27)),((18,21),(4,((2,((10,(13,(16,(((8,19),20),23)))),12)),9)))));

STEP 27 [NNI_ClassicHeuristic_M3 -> NNI_Substep_27] - Distance: 2590.0000
((22,(15,27)),(((7,(11,5)),(25,29)),(((((6,26),(24,17)),28),(30,3)),14)),(1,((18,21),(4,((2,((10,(13,(16,(((8,19),20),23)))),12)),9)))));

STEP 28 [NNI_ClassicHeuristic_M3 -> NNI_Substep_28] - Distance: 2542.0000
(((7,(11,5)),(25,29)),((22,(15,27)),(((((6,26),(24,17)),28),(30,3)),14)),(1,((18,21),(4,((2,((10,(13,(16,(((8,19),20),23)))),12)),9)))));

STEP 29 [NNI_ClassicHeuristic_M3 -> NNI_Substep_29] - Distance: 2529.0000
(1,((22,(15,27)),(((((6,26),(24,17)),28),(30,3)),14)),(((7,(11,5)),(25,29)),((18,21),(4,((2,((10,(13,(16,(((8,19),20),23)))),12)),9)))));

STEP 30 [NNI_ClassicHeuristic_M3 -> NNI_Substep_30] - Distance: 2475.0000
(1,((22,(15,27)),(((((6,26),(24,17)),28),(30,3)),14)),((18,21),(((7,(11,5)),(25,29)),(4,((2,((10,(13,(16,(((8,19),20),23)))),12)),9)))));

STEP 31 [NNI_ClassicHeuristic_M3 -> NNI_Substep_31] - Distance: 2438.0000
(1,((22,(15,27)),(((((6,26),(24,17)),28),(30,3)),14)),((18,21),(4,(((7,(11,5)),(25,29)),((2,((10,(13,(16,(((8,19),20),23)))),12)),9)))));

STEP 32 [NNI_ClassicHeuristic_M3 -> NNI_Substep_32] - Distance: 2414.0000
((18,21),((22,(15,27)),(((((6,26),(24,17)),28),(30,3)),14)),(1,(4,(((7,(11,5)),(25,29)),((2,((10,(13,(16,(((8,19),20),23)))),12)),9)))));

STEP 33 [NNI_ClassicHeuristic_M3 -> NNI_Substep_33] - Distance: 2400.0000
((18,21),((22,(15,27)),(((((6,26),(24,17)),28),(30,3)),14)),(4,(1,(((7,(11,5)),(25,29)),((2,((10,(13,(16,(((8,19),20),23)))),12)),9)))));

STEP 34 [NNI_ClassicHeuristic_M3 -> NNI_Substep_34] - Distance: 2391.0000
((18,21),(14,(((((6,26),(24,17)),28),(30,3)),(22,(15,27)))),(4,(1,(((7,(11,5)),(25,29)),((2,((10,(13,(16,(((8,19),20),23)))),12)),9)))));

STEP 35 [NNI_ClassicHeuristic_M3 -> NNI_Substep_35] - Distance: 2373.0000
((18,21),(14,(((((6,26),(24,17)),28),(22,(15,27))),(30,3))),(4,(1,(((7,(11,5)),(25,29)),((2,((10,(13,(16,(((8,19),20),23)))),12)),9)))));

STEP 36 [NNI_ClassicHeuristic_M3 -> NNI_Substep_36] - Distance: 2361.0000
((18,21),(14,(((((6,26),(24,17)),(22,(15,27))),28),(30,3))),(4,(1,(((7,(11,5)),(25,29)),((2,((10,(13,(16,(((8,19),20),23)))),12)),9)))));

STEP 37 [NNI_ClassicHeuristic_M3 -> NNI_Substep_37] - Distance: 2349.0000
(14,((18,21),(((((6,26),(24,17)),(22,(15,27))),28),(30,3))),(4,(1,(((7,(11,5)),(25,29)),((2,((10,(13,(16,(((8,19),20),23)))),12)),9)))));

STEP 38 [NNI_ClassicHeuristic_M3 -> NNI_Substep_38] - Distance: 2325.0000
(14,((30,3),(((((6,26),(24,17)),(22,(15,27))),28),(18,21))),(4,(1,(((7,(11,5)),(25,29)),((2,((10,(13,(16,(((8,19),20),23)))),12)),9)))));

STEP 39 [NNI_ClassicHeuristic_M3 -> NNI_Substep_39] - Distance: 2311.0000
(14,((30,3),(((((6,26),(24,17)),(22,(15,27))),(18,21)),28)),(4,(1,(((7,(11,5)),(25,29)),((2,((10,(13,(16,(((8,19),20),23)))),12)),9)))));

STEP 40 [NNI_ClassicHeuristic_M3 -> NNI_Substep_40] - Distance: 2303.0000
(4,((30,3),(((((6,26),(24,17)),(22,(15,27))),(18,21)),28)),(14,(1,(((7,(11,5)),(25,29)),((2,((10,(13,(16,(((8,19),20),23)))),12)),9)))));

STEP 41 [NNI_ClassicHeuristic_M3 -> NNI_Substep_41] - Distance: 2287.0000
((30,3),(4,(((((6,26),(24,17)),(22,(15,27))),(18,21)),28)),(14,(1,(((7,(11,5)),(25,29)),((2,((10,(13,(16,(((8,19),20),23)))),12)),9)))));

STEP 42 [NNI_ClassicHeuristic_M3 -> NNI_Substep_42] - Distance: 2278.0000
((30,3),(28,(((((6,26),(24,17)),(22,(15,27))),(18,21)),4)),(14,(1,(((7,(11,5)),(25,29)),((2,((10,(13,(16,(((8,19),20),23)))),12)),9)))));

STEP 43 [NNI_ClassicHeuristic_M3 -> NNI_Substep_43] - Distance: 2270.0000
((30,3),(28,(((((6,26),(24,17)),(22,(15,27))),(18,21)),4)),(1,(14,(((7,(11,5)),(25,29)),((2,((10,(13,(16,(((8,19),20),23)))),12)),9)))));

STEP 44 [NNI_ClassicHeuristic_M3 -> NNI_Substep_44] - Distance: 2234.0000
((30,3),(28,(((((6,26),(24,17)),(22,(15,27))),(18,21)),4)),(1,(((7,(11,5)),(25,29)),(14,((2,((10,(13,(16,(((8,19),20),23)))),12)),9)))));

STEP 45 [NNI_ClassicHeuristic_M3 -> NNI_Substep_45] - Distance: 2218.0000
(1,(28,(((((6,26),(24,17)),(22,(15,27))),(18,21)),4)),((30,3),(((7,(11,5)),(25,29)),(14,((2,((10,(13,(16,(((8,19),20),23)))),12)),9)))));

STEP 46 [NNI_ClassicHeuristic_M3 -> NNI_Substep_46] - Distance: 2146.0000
(1,(28,(((((6,26),(24,17)),(22,(15,27))),(18,21)),4)),(((7,(11,5)),(25,29)),((30,3),(14,((2,((10,(13,(16,(((8,19),20),23)))),12)),9)))));

STEP 47 [NNI_ClassicHeuristic_M3 -> NNI_Substep_47] - Distance: 2124.0000
(1,(28,(((((6,26),(24,17)),(22,(15,27))),(18,21)),4)),(((7,(11,5)),(25,29)),(14,((30,3),((2,((10,(13,(16,(((8,19),20),23)))),12)),9)))));

STEP 48 [NNI_ClassicHeuristic_M3 -> NNI_Substep_48] - Distance: 2098.0000
(1,(28,(((((6,26),(24,17)),(22,(15,27))),(18,21)),4)),(((7,(11,5)),(25,29)),(14,(9,((2,((10,(13,(16,(((8,19),20),23)))),12)),(30,3))))));

STEP 49 [NNI_ClassicHeuristic_M3 -> NNI_Substep_49] - Distance: 2081.0000
(1,(28,(((((6,26),(24,17)),(22,(15,27))),(18,21)),4)),(((7,(11,5)),(25,29)),(9,(14,((2,((10,(13,(16,(((8,19),20),23)))),12)),(30,3))))));

STEP 50 [NNI_ClassicHeuristic_M3 -> NNI_Substep_50] - Distance: 2072.0000
(28,(1,(((((6,26),(24,17)),(22,(15,27))),(18,21)),4)),(((7,(11,5)),(25,29)),(9,(14,((2,((10,(13,(16,(((8,19),20),23)))),12)),(30,3))))));

STEP 51 [NNI_ClassicHeuristic_M3 -> NNI_Substep_51] - Distance: 2031.0000
(((7,(11,5)),(25,29)),(1,(((((6,26),(24,17)),(22,(15,27))),(18,21)),4)),(28,(9,(14,((2,((10,(13,(16,(((8,19),20),23)))),12)),(30,3))))));

STEP 52 [NNI_ClassicHeuristic_M3 -> NNI_Substep_52] - Distance: 2017.0000
(((7,(11,5)),(25,29)),(1,(((((6,26),(24,17)),(22,(15,27))),(18,21)),4)),(9,(28,(14,((2,((10,(13,(16,(((8,19),20),23)))),12)),(30,3))))));

STEP 53 [NNI_ClassicHeuristic_M3 -> NNI_Substep_53] - Distance: 2003.0000
(((7,(11,5)),(25,29)),(1,(((((6,26),(24,17)),(22,(15,27))),(18,21)),4)),(9,(14,(28,((2,((10,(13,(16,(((8,19),20),23)))),12)),(30,3))))));

STEP 54 [NNI_ClassicHeuristic_M3 -> NNI_Substep_54] - Distance: 1977.0000
(((7,(11,5)),(25,29)),(1,(((((6,26),(24,17)),(22,(15,27))),(18,21)),4)),(9,(14,((30,3),((2,((10,(13,(16,(((8,19),20),23)))),12)),28)))));

STEP 55 [NNI_ClassicHeuristic_M3 -> NNI_Substep_55] - Distance: 1975.0000
(((5,(11,7)),(25,29)),(1,(((((6,26),(24,17)),(22,(15,27))),(18,21)),4)),(9,(14,((30,3),((2,((10,(13,(16,(((8,19),20),23)))),12)),28)))));

STEP 56 [NNI_ClassicHeuristic_M3 -> NNI_Substep_56] - Distance: 1971.0000
((((25,29),(11,7)),5),(1,(((((6,26),(24,17)),(22,(15,27))),(18,21)),4)),(9,(14,((30,3),((2,((10,(13,(16,(((8,19),20),23)))),12)),28)))));

STEP 57 [NNI_ClassicHeuristic_M3 -> NNI_Substep_57] - Distance: 1917.0000
(((1,(((((6,26),(24,17)),(22,(15,27))),(18,21)),4)),5),((25,29),(11,7)),(9,(14,((30,3),((2,((10,(13,(16,(((8,19),20),23)))),12)),28)))));

STEP 58 [NNI_ClassicHeuristic_M3 -> NNI_Substep_58] - Distance: 1901.0000
(((5,(((((6,26),(24,17)),(22,(15,27))),(18,21)),4)),1),((25,29),(11,7)),(9,(14,((30,3),((2,((10,(13,(16,(((8,19),20),23)))),12)),28)))));

STEP 59 [NNI_ClassicHeuristic_M3 -> NNI_Substep_59] - Distance: 1883.0000
(((4,(((((6,26),(24,17)),(22,(15,27))),(18,21)),5)),1),((25,29),(11,7)),(9,(14,((30,3),((2,((10,(13,(16,(((8,19),20),23)))),12)),28)))));

STEP 60 [NNI_ClassicHeuristic_M3 -> NNI_Substep_60] - Distance: 1843.0000
(((4,(((((6,26),(24,17)),(22,(15,27))),5),(18,21))),1),((25,29),(11,7)),(9,(14,((30,3),((2,((10,(13,(16,(((8,19),20),23)))),12)),28)))));

STEP 61 [NNI_ClassicHeuristic_M3 -> NNI_Substep_61] - Distance: 1776.0000
(((4,(((5,(22,(15,27))),((6,26),(24,17))),(18,21))),1),((25,29),(11,7)),(9,(14,((30,3),((2,((10,(13,(16,(((8,19),20),23)))),12)),28)))));

STEP 62 [NNI_ClassicHeuristic_M3 -> NNI_Substep_62] - Distance: 1750.0000
(((4,(((22,(5,(15,27))),((6,26),(24,17))),(18,21))),1),((25,29),(11,7)),(9,(14,((30,3),((2,((10,(13,(16,(((8,19),20),23)))),12)),28)))));

STEP 63 [NNI_ClassicHeuristic_M3 -> NNI_Substep_63] - Distance: 1722.0000
(((4,(((22,(15,(5,27))),((6,26),(24,17))),(18,21))),1),((25,29),(11,7)),(9,(14,((30,3),((2,((10,(13,(16,(((8,19),20),23)))),12)),28)))));

STEP 64 [NNI_ClassicHeuristic_M3 -> NNI_Substep_64] - Distance: 1720.0000
(((4,(((22,(15,(5,27))),((6,(24,17)),26)),(18,21))),1),((25,29),(11,7)),(9,(14,((30,3),((2,((10,(13,(16,(((8,19),20),23)))),12)),28)))));

STEP 65 [NNI_ClassicHeuristic_M3 -> NNI_Substep_65] - Distance: 1635.0000
(((4,(((6,(24,17)),((22,(15,(5,27))),26)),(18,21))),1),((25,29),(11,7)),(9,(14,((30,3),((2,((10,(13,(16,(((8,19),20),23)))),12)),28)))));

STEP 66 [NNI_ClassicHeuristic_M3 -> NNI_Substep_66] - Distance: 1557.0000
(((4,(((6,(24,17)),((22,26),(15,(5,27)))),(18,21))),1),((25,29),(11,7)),(9,(14,((30,3),((2,((10,(13,(16,(((8,19),20),23)))),12)),28)))));

STEP 67 [NNI_ClassicHeuristic_M3 -> NNI_Substep_67] - Distance: 1555.0000
(((4,(((6,(24,17)),((22,26),(15,(5,27)))),(18,21))),1),((25,29),(11,7)),(9,(14,((30,3),((2,((10,(13,(23,(((8,19),20),16)))),12)),28)))));

STEP 68 [NNI_ClassicHeuristic_M3 -> NNI_Substep_68] - Distance: 1553.0000
(((4,(((6,(24,17)),((22,26),(15,(5,27)))),(18,21))),1),((25,29),(11,7)),(9,(14,((30,3),((2,((10,(23,(13,(((8,19),20),16)))),12)),28)))));

STEP 69 [NNI_ClassicHeuristic_M3 -> NNI_Substep_69] - Distance: 1551.0000
(((4,(((6,(24,17)),((22,26),(15,(5,27)))),(18,21))),1),((25,29),(11,7)),(9,(14,((30,3),((12,((10,(23,(13,(((8,19),20),16)))),2)),28)))));

STEP 70 [NNI_ClassicHeuristic_M3 -> NNI_Substep_70] - Distance: 1535.0000
(((4,(((6,(24,17)),((22,26),(15,(5,27)))),(18,21))),1),((25,29),(11,7)),(9,(14,((30,3),((12,((2,(23,(13,(((8,19),20),16)))),10)),28)))));

STEP 71 [NNI_ClassicHeuristic_M3 -> NNI_Substep_71] - Distance: 1518.0000
(((4,(((6,(24,17)),((22,26),(15,(5,27)))),(18,21))),1),((25,29),(11,7)),(9,(14,((30,3),((12,((23,(2,(13,(((8,19),20),16)))),10)),28)))));

STEP 72 [NNI_ClassicHeuristic_M3 -> NNI_Substep_72] - Distance: 1515.0000
(((4,(((6,(24,17)),((22,26),(15,(5,27)))),(18,21))),1),((25,29),(11,7)),(9,(14,((30,3),((28,((23,(2,(13,(((8,19),20),16)))),10)),12)))));

STEP 73 [NNI_ClassicHeuristic_M3 -> NNI_Substep_73] - Distance: 1498.0000
(((4,(((6,(24,17)),((22,26),(15,(5,27)))),(18,21))),1),((25,29),(11,7)),(9,(14,((30,3),((10,((23,(2,(13,(((8,19),20),16)))),28)),12)))));

STEP 74 [NNI_ClassicHeuristic_M3 -> NNI_Substep_74] - Distance: 1480.0000
(((4,(((6,(24,17)),((22,26),(15,(5,27)))),(18,21))),1),((25,29),(11,7)),(9,(14,((30,3),((10,((28,(2,(13,(((8,19),20),16)))),23)),12)))));

STEP 75 [NNI_ClassicHeuristic_M3 -> NNI_Substep_75] - Distance: 1472.0000
(((4,(((6,(24,17)),((22,26),(15,(5,27)))),(18,21))),1),((25,29),(11,7)),(9,(14,(12,((10,((28,(2,(13,(((8,19),20),16)))),23)),(30,3))))));

STEP 76 [NNI_ClassicHeuristic_M3 -> NNI_Substep_76] - Distance: 1436.0000
(((4,(((6,(24,17)),((22,26),(15,(5,27)))),(18,21))),1),((25,29),(11,7)),(9,(14,(12,(((30,3),((28,(2,(13,(((8,19),20),16)))),23)),10)))));

STEP 77 [NNI_ClassicHeuristic_M3 -> NNI_Substep_77] - Distance: 1398.0000
(((4,(((6,(24,17)),((22,26),(15,(5,27)))),(18,21))),1),((25,29),(11,7)),(9,(14,(12,((23,((28,(2,(13,(((8,19),20),16)))),(30,3))),10)))));

STEP 78 [NNI_ClassicHeuristic_M3 -> NNI_Substep_78] - Distance: 1390.0000
(((4,(((6,(24,17)),((22,26),(15,(5,27)))),(18,21))),1),((25,29),(11,7)),(9,(12,(14,((23,((28,(2,(13,(((8,19),20),16)))),(30,3))),10)))));

STEP 79 [NNI_ClassicHeuristic_M3 -> NNI_Substep_79] - Distance: 1381.0000
(((4,(((6,(24,17)),((22,26),(15,(5,27)))),(18,21))),1),((25,29),(11,7)),(12,(9,(14,((23,((28,(2,(13,(((8,19),20),16)))),(30,3))),10)))));

STEP 80 [NNI_ClassicHeuristic_M3 -> NNI_Substep_80] - Distance: 1337.0000
((9,(14,((23,((28,(2,(13,(((8,19),20),16)))),(30,3))),10))),((25,29),(11,7)),(12,((4,(((6,(24,17)),((22,26),(15,(5,27)))),(18,21))),1)));

STEP 81 [NNI_ClassicHeuristic_M3 -> NNI_Substep_81] - Distance: 1161.0000
((9,(14,((23,((28,(2,(13,(((8,19),20),16)))),(30,3))),10))),((25,29),(11,7)),((4,(((6,(24,17)),((22,26),(15,(5,27)))),(18,21))),(12,1)));

STEP 82 [NNI_ClassicHeuristic_M3 -> NNI_Substep_82] - Distance: 1159.0000
((9,(14,((23,((28,(13,(2,(((8,19),20),16)))),(30,3))),10))),((25,29),(11,7)),((4,(((6,(24,17)),((22,26),(15,(5,27)))),(18,21))),(12,1)));

STEP 83 [NNI_ClassicHeuristic_M3 -> NNI_Substep_83] - Distance: 1156.0000
((9,(14,((23,((13,(28,(2,(((8,19),20),16)))),(30,3))),10))),((25,29),(11,7)),((4,(((6,(24,17)),((22,26),(15,(5,27)))),(18,21))),(12,1)));

STEP 84 [NNI_ClassicHeuristic_M3 -> NNI_Substep_84] - Distance: 1148.0000
((9,(14,((23,(((30,3),(28,(2,(((8,19),20),16)))),13)),10))),((25,29),(11,7)),((4,(((6,(24,17)),((22,26),(15,(5,27)))),(18,21))),(12,1)));

STEP 85 [NNI_ClassicHeuristic_M3 -> NNI_Substep_85] - Distance: 1142.0000
((9,(14,((13,(((30,3),(28,(2,(((8,19),20),16)))),23)),10))),((25,29),(11,7)),((4,(((6,(24,17)),((22,26),(15,(5,27)))),(18,21))),(12,1)));

STEP 86 [NNI_ClassicHeuristic_M3 -> NNI_Substep_86] - Distance: 1135.0000
((9,(14,((10,(((30,3),(28,(2,(((8,19),20),16)))),23)),13))),((25,29),(11,7)),((4,(((6,(24,17)),((22,26),(15,(5,27)))),(18,21))),(12,1)));

STEP 87 [NNI_ClassicHeuristic_M3 -> NNI_Substep_87] - Distance: 1127.0000
((9,(13,((10,(((30,3),(28,(2,(((8,19),20),16)))),23)),14))),((25,29),(11,7)),((4,(((6,(24,17)),((22,26),(15,(5,27)))),(18,21))),(12,1)));

STEP 88 [NNI_ClassicHeuristic_M3 -> NNI_Substep_88] - Distance: 1118.0000
((13,(9,((10,(((30,3),(28,(2,(((8,19),20),16)))),23)),14))),((25,29),(11,7)),((4,(((6,(24,17)),((22,26),(15,(5,27)))),(18,21))),(12,1)));

STEP 89 [NNI_ClassicHeuristic_M3 -> NNI_Substep_89] - Distance: 975.0000
((13,((25,29),(11,7))),(9,((10,(((30,3),(28,(2,(((8,19),20),16)))),23)),14)),((4,(((6,(24,17)),((22,26),(15,(5,27)))),(18,21))),(12,1)));

STEP 90 [NNI_ClassicHeuristic_M3 -> NNI_Substep_90] - Distance: 923.0000
(((25,29),(13,(11,7))),(9,((10,(((30,3),(28,(2,(((8,19),20),16)))),23)),14)),((4,(((6,(24,17)),((22,26),(15,(5,27)))),(18,21))),(12,1)));

STEP 91 [NNI_ClassicHeuristic_M3 -> NNI_Substep_91] - Distance: 895.0000
(((25,29),(11,(13,7))),(9,((10,(((30,3),(28,(2,(((8,19),20),16)))),23)),14)),((4,(((6,(24,17)),((22,26),(15,(5,27)))),(18,21))),(12,1)));

STEP 92 [NNI_ClassicHeuristic_M3 -> NNI_Substep_92] - Distance: 893.0000
(((25,29),(11,(13,7))),(9,((10,(((30,3),(28,(16,(((8,19),20),2)))),23)),14)),((4,(((6,(24,17)),((22,26),(15,(5,27)))),(18,21))),(12,1)));

STEP 93 [NNI_ClassicHeuristic_M3 -> NNI_Substep_93] - Distance: 890.0000
(((25,29),(11,(13,7))),(9,((10,(((30,3),(28,(16,((2,20),(8,19))))),23)),14)),((4,(((6,(24,17)),((22,26),(15,(5,27)))),(18,21))),(12,1)));

STEP 94 [NNI_ClassicHeuristic_M3 -> NNI_Substep_94] - Distance: 887.0000
(((25,29),(11,(13,7))),(9,((10,(((30,3),(16,(28,((2,20),(8,19))))),23)),14)),((4,(((6,(24,17)),((22,26),(15,(5,27)))),(18,21))),(12,1)));

STEP 95 [NNI_ClassicHeuristic_M3 -> NNI_Substep_95] - Distance: 879.0000
(((25,29),(11,(13,7))),(9,((10,((16,((30,3),(28,((2,20),(8,19))))),23)),14)),((4,(((6,(24,17)),((22,26),(15,(5,27)))),(18,21))),(12,1)));

STEP 96 [NNI_ClassicHeuristic_M3 -> NNI_Substep_96] - Distance: 873.0000
(((25,29),(11,(13,7))),(9,((10,((23,((30,3),(28,((2,20),(8,19))))),16)),14)),((4,(((6,(24,17)),((22,26),(15,(5,27)))),(18,21))),(12,1)));

STEP 97 [NNI_ClassicHeuristic_M3 -> NNI_Substep_97] - Distance: 866.0000
(((25,29),(11,(13,7))),(9,((16,((23,((30,3),(28,((2,20),(8,19))))),10)),14)),((4,(((6,(24,17)),((22,26),(15,(5,27)))),(18,21))),(12,1)));

STEP 98 [NNI_ClassicHeuristic_M3 -> NNI_Substep_98] - Distance: 858.0000
(((25,29),(11,(13,7))),(9,((14,((23,((30,3),(28,((2,20),(8,19))))),10)),16)),((4,(((6,(24,17)),((22,26),(15,(5,27)))),(18,21))),(12,1)));

STEP 99 [NNI_ClassicHeuristic_M3 -> NNI_Substep_99] - Distance: 849.0000
(((25,29),(11,(13,7))),(16,((14,((23,((30,3),(28,((2,20),(8,19))))),10)),9)),((4,(((6,(24,17)),((22,26),(15,(5,27)))),(18,21))),(12,1)));

STEP 100 [NNI_ClassicHeuristic_M3 -> NNI_Substep_100] - Distance: 794.0000
(16,(((25,29),(11,(13,7))),((14,((23,((30,3),(28,((2,20),(8,19))))),10)),9)),((4,(((6,(24,17)),((22,26),(15,(5,27)))),(18,21))),(12,1)));

STEP 101 [NNI_ClassicHeuristic_M3 -> NNI_Substep_101] - Distance: 762.0000
((12,1),(((25,29),(11,(13,7))),((14,((23,((30,3),(28,((2,20),(8,19))))),10)),9)),((4,(((6,(24,17)),((22,26),(15,(5,27)))),(18,21))),16));

STEP 102 [NNI_ClassicHeuristic_M3 -> NNI_Substep_102] - Distance: 582.0000
((12,1),(((25,29),(11,(13,7))),((14,((23,((30,3),(28,((2,20),(8,19))))),10)),9)),((4,16),(((6,(24,17)),((22,26),(15,(5,27)))),(18,21))));

STEP 103 [NNI_ClassicHeuristic_M3 -> NNI_Substep_103] - Distance: 577.0000
((12,1),(((25,29),(11,(13,7))),((14,((23,((30,3),((8,19),((2,20),28)))),10)),9)),((4,16),(((6,(24,17)),((22,26),(15,(5,27)))),(18,21))));

STEP 104 [NNI_ClassicHeuristic_M3 -> NNI_Substep_104] - Distance: 563.0000
((12,1),(((25,29),(11,(13,7))),((14,((23,((8,19),((30,3),((2,20),28)))),10)),9)),((4,16),(((6,(24,17)),((22,26),(15,(5,27)))),(18,21))));

STEP 105 [NNI_ClassicHeuristic_M3 -> NNI_Substep_105] - Distance: 552.0000
((12,1),(((25,29),(11,(13,7))),((14,(((8,19),(23,((30,3),((2,20),28)))),10)),9)),((4,16),(((6,(24,17)),((22,26),(15,(5,27)))),(18,21))));

STEP 106 [NNI_ClassicHeuristic_M3 -> NNI_Substep_106] - Distance: 539.0000
((12,1),(((25,29),(11,(13,7))),((14,((10,(23,((30,3),((2,20),28)))),(8,19))),9)),((4,16),(((6,(24,17)),((22,26),(15,(5,27)))),(18,21))));

STEP 107 [NNI_ClassicHeuristic_M3 -> NNI_Substep_107] - Distance: 505.0000
((12,1),(((25,29),(11,(13,7))),(((8,19),((10,(23,((30,3),((2,20),28)))),14)),9)),((4,16),(((6,(24,17)),((22,26),(15,(5,27)))),(18,21))));

STEP 108 [NNI_ClassicHeuristic_M3 -> NNI_Substep_108] - Distance: 353.0000
((12,1),(((25,29),(11,(13,7))),(((8,19),9),((10,(23,((30,3),((2,20),28)))),14))),((4,16),(((6,(24,17)),((22,26),(15,(5,27)))),(18,21))));

STEP 109 [NNI_ClassicHeuristic_M3 -> NNI_Substep_109] - Distance: 351.0000
((12,1),(((25,29),(11,(13,7))),(((8,9),19),((10,(23,((30,3),((2,20),28)))),14))),((4,16),(((6,(24,17)),((22,26),(15,(5,27)))),(18,21))));

STEP 110 [NNI_ClassicHeuristic_M3 -> NNI_Substep_110] - Distance: 327.0000
((12,1),(((25,29),(11,(13,7))),(((8,9),((10,(23,((30,3),((2,20),28)))),14)),19)),((4,16),(((6,(24,17)),((22,26),(15,(5,27)))),(18,21))));

STEP 111 [NNI_ClassicHeuristic_M3 -> NNI_Substep_111] - Distance: 272.0000
((12,1),(19,(((8,9),((10,(23,((30,3),((2,20),28)))),14)),((25,29),(11,(13,7))))),((4,16),(((6,(24,17)),((22,26),(15,(5,27)))),(18,21))));

STEP 112 [NNI_ClassicHeuristic_M3 -> NNI_Substep_112] - Distance: 240.0000
(19,((12,1),(((8,9),((10,(23,((30,3),((2,20),28)))),14)),((25,29),(11,(13,7))))),((4,16),(((6,(24,17)),((22,26),(15,(5,27)))),(18,21))));

STEP 113 [NNI_ClassicHeuristic_M3 -> NNI_Substep_113] - Distance: 204.0000
((4,16),((12,1),(((8,9),((10,(23,((30,3),((2,20),28)))),14)),((25,29),(11,(13,7))))),(19,(((6,(24,17)),((22,26),(15,(5,27)))),(18,21))));

STEP 114 [NNI_ClassicHeuristic_M3 -> NNI_Substep_114] - Distance: 164.0000
((4,16),((12,1),(((8,9),((10,(23,((30,3),((2,20),28)))),14)),((25,29),(11,(13,7))))),((18,21),(((6,(24,17)),((22,26),(15,(5,27)))),19)));

STEP 115 [NNI_ClassicHeuristic_M3 -> NNI_Substep_115] - Distance: 54.0000
((4,16),((12,1),(((8,9),((10,(23,((30,3),((2,20),28)))),14)),((25,29),(11,(13,7))))),((18,21),(((6,(24,17)),19),((22,26),(15,(5,27))))));

STEP 116 [NNI_ClassicHeuristic_M3 -> NNI_Substep_116] - Distance: 0.0000
((4,16),((12,1),(((8,9),((10,(23,((30,3),((2,20),28)))),14)),((25,29),(11,(13,7))))),((18,21),(((6,19),(24,17)),((22,26),(15,(5,27))))));

========================================================
[FINAL] Total Steps: 116 | Final Distance: 0.0000
========================================================
