========================================================
HEURISTIC TRAJECTORY: VND Incremental (MS_RF)
========================================================
STEP 0 [START] - Distance: 145.0000
(((3,(4,29)),(23,22)),((26,(27,(7,(11,6)))),(25,(8,28))),(9,((((((30,(17,16)),(5,24)),(13,12)),(14,2)),((20,18),(15,19))),(10,(1,21)))));

STEP 1 [NNI_IncrementalHeuristic_MS_RF -> NNI_Substep_1] - Distance: 139.0000
(((3,(4,29)),(23,22)),((26,(27,(7,(11,6)))),(25,(8,28))),((((((30,(17,16)),(5,24)),(13,12)),(14,2)),((20,18),(15,19))),(9,(10,(1,21)))));

STEP 2 [NNI_IncrementalHeuristic_MS_RF -> NNI_Substep_2] - Distance: 133.0000
((((((30,(17,16)),(5,24)),(13,12)),(14,2)),((20,18),(15,19))),((26,(27,(7,(11,6)))),(25,(8,28))),(((3,(4,29)),(23,22)),(9,(10,(1,21)))));

STEP 3 [NNI_IncrementalHeuristic_MS_RF -> NNI_Substep_3] - Distance: 129.0000
((((((30,(17,16)),(5,24)),(13,12)),(14,2)),((26,(27,(7,(11,6)))),(25,(8,28)))),((20,18),(15,19)),(((3,(4,29)),(23,22)),(9,(10,(1,21)))));

STEP 4 [NNI_IncrementalHeuristic_MS_RF -> NNI_Substep_4] - Distance: 125.0000
((((((30,(17,16)),(5,24)),(13,12)),((26,(27,(7,(11,6)))),(25,(8,28)))),(14,2)),((20,18),(15,19)),(((3,(4,29)),(23,22)),(9,(10,(1,21)))));

STEP 5 [NNI_IncrementalHeuristic_MS_RF -> NNI_Substep_5] - Distance: 123.0000
((((((30,(17,16)),(5,24)),(13,12)),(((7,(11,6)),(27,26)),(25,(8,28)))),(14,2)),((20,18),(15,19)),(((3,(4,29)),(23,22)),(9,(10,(1,21)))));

STEP 6 [NNI_IncrementalHeuristic_MS_RF -> NNI_Substep_6] - Distance: 121.0000
((((((30,(17,16)),(5,24)),(13,12)),(((7,(11,6)),(27,26)),(25,(8,28)))),(14,2)),((20,18),(15,19)),(((3,(4,29)),(9,(10,(1,21)))),(23,22)));

STEP 7 [NNI_IncrementalHeuristic_MS_RF -> NNI_Substep_7] - Distance: 119.0000
((((((30,(17,16)),(5,24)),(13,12)),(((25,(8,28)),(27,26)),(7,(11,6)))),(14,2)),((20,18),(15,19)),(((3,(4,29)),(9,(10,(1,21)))),(23,22)));

STEP 8 [NNI_IncrementalHeuristic_MS_RF -> NNI_Substep_8] - Distance: 118.0000
((((((13,12),(5,24)),(30,(17,16))),(((25,(8,28)),(27,26)),(7,(11,6)))),(14,2)),((20,18),(15,19)),(((3,(4,29)),(9,(10,(1,21)))),(23,22)));

STEP 9 [NNI_IncrementalHeuristic_MS_RF -> NNI_Substep_9] - Distance: 116.0000
(((((((25,(8,28)),(27,26)),(7,(11,6))),(30,(17,16))),((13,12),(5,24))),(14,2)),((20,18),(15,19)),(((3,(4,29)),(9,(10,(1,21)))),(23,22)));

STEP 10 [NNI_IncrementalHeuristic_MS_RF -> NNI_Substep_10] - Distance: 114.0000
((((((30,(17,16)),(7,(11,6))),((25,(8,28)),(27,26))),((13,12),(5,24))),(14,2)),((20,18),(15,19)),(((3,(4,29)),(9,(10,(1,21)))),(23,22)));

STEP 11 [NNI_IncrementalHeuristic_MS_RF -> NNI_Substep_11] - Distance: 113.0000
((((20,18),(15,19)),(14,2)),((((30,(17,16)),(7,(11,6))),((25,(8,28)),(27,26))),((13,12),(5,24))),(((3,(4,29)),(9,(10,(1,21)))),(23,22)));

STEP 12 [NNI_IncrementalHeuristic_MS_RF -> NNI_Substep_12] - Distance: 111.0000
((((14,2),(15,19)),(20,18)),((((30,(17,16)),(7,(11,6))),((25,(8,28)),(27,26))),((13,12),(5,24))),(((3,(4,29)),(9,(10,(1,21)))),(23,22)));

STEP 13 [NNI_IncrementalHeuristic_MS_RF -> NNI_Substep_13] - Distance: 110.0000
((((14,2),(15,19)),(20,18)),((((11,6),(7,(30,(17,16)))),((25,(8,28)),(27,26))),((13,12),(5,24))),(((3,(4,29)),(9,(10,(1,21)))),(23,22)));

STEP 14 [NNI_IncrementalHeuristic_MS_RF -> NNI_Substep_14] - Distance: 108.0000
((((14,2),(15,19)),(20,18)),((((11,6),(30,(7,(17,16)))),((25,(8,28)),(27,26))),((13,12),(5,24))),(((3,(4,29)),(9,(10,(1,21)))),(23,22)));

STEP 15 [NNI_IncrementalHeuristic_MS_RF -> NNI_Substep_15] - Distance: 107.0000
((((14,2),(15,19)),(20,18)),((((11,6),(30,(7,(17,16)))),((25,(8,28)),(27,26))),((13,12),(5,24))),(((3,(4,29)),((1,21),(10,9))),(23,22)));

STEP 16 [NNI_IncrementalHeuristic_MS_RF -> NNI_Substep_16] - Distance: 106.0000
((((14,2),(15,19)),(20,18)),((((11,6),(30,(7,(17,16)))),((25,(8,28)),(27,26))),((13,12),(5,24))),(((1,21),((3,(4,29)),(10,9))),(23,22)));

STEP 17 [NNI_IncrementalHeuristic_MS_RF -> NNI_Substep_17] - Distance: 105.0000
((((14,2),(15,19)),(20,18)),((((11,6),(30,(7,(17,16)))),((25,(8,28)),(27,26))),((13,12),(5,24))),(((1,21),(((10,9),(4,29)),3)),(23,22)));

STEP 18 [NNI_IncrementalHeuristic_MS_RF -> NNI_Substep_18] - Distance: 104.0000
((((14,2),(15,19)),(20,18)),((((11,6),(30,(7,(17,16)))),((25,(8,28)),(27,26))),((13,12),(5,24))),(((1,21),((((4,29),9),10),3)),(23,22)));

STEP 19 [Heur. uSPR MS_RF -> NNI_Substep_1] - Distance: 104.0000
((((14,2),(15,19)),(20,18)),((((11,6),(30,((7,16),17))),((25,(8,28)),(27,26))),((13,12),(5,24))),(((1,21),((((4,29),9),10),3)),(23,22)));

STEP 20 [Heur. uSPR MS_RF -> NNI_Substep_2] - Distance: 106.0000
((((14,2),(15,19)),(20,18)),((((11,6),((30,(7,16)),17)),((25,(8,28)),(27,26))),((13,12),(5,24))),(((1,21),((((4,29),9),10),3)),(23,22)));

STEP 21 [Heur. uSPR MS_RF -> NNI_Substep_3] - Distance: 107.0000
((((14,2),(15,19)),(20,18)),(((((11,6),(30,(7,16))),17),((25,(8,28)),(27,26))),((13,12),(5,24))),(((1,21),((((4,29),9),10),3)),(23,22)));

STEP 22 [Heur. uSPR MS_RF -> NNI_Substep_4] - Distance: 109.0000
((((14,2),(15,19)),(20,18)),(((((11,6),(30,(7,16))),((25,(8,28)),(27,26))),17),((13,12),(5,24))),(((1,21),((((4,29),9),10),3)),(23,22)));

STEP 23 [Heur. uSPR MS_RF -> NNI_Substep_5] - Distance: 110.0000
((((14,2),(15,19)),(20,18)),(((((11,6),(30,(7,16))),((25,(8,28)),(27,26))),((13,12),(5,24))),17),(((1,21),((((4,29),9),10),3)),(23,22)));

STEP 24 [Heur. uSPR MS_RF -> NNI_Substep_6] - Distance: 110.0000
(((((14,2),(15,19)),(20,18)),17),((((11,6),(30,(7,16))),((25,(8,28)),(27,26))),((13,12),(5,24))),(((1,21),((((4,29),9),10),3)),(23,22)));

STEP 25 [Heur. uSPR MS_RF -> NNI_Substep_7] - Distance: 107.0000
(((((14,2),(15,19)),17),(20,18)),((((11,6),(30,(7,16))),((25,(8,28)),(27,26))),((13,12),(5,24))),(((1,21),((((4,29),9),10),3)),(23,22)));

STEP 26 [Heur. uSPR MS_RF -> NNI_Substep_8] - Distance: 106.0000
(((((14,2),17),(15,19)),(20,18)),((((11,6),(30,(7,16))),((25,(8,28)),(27,26))),((13,12),(5,24))),(((1,21),((((4,29),9),10),3)),(23,22)));

STEP 27 [Heur. uSPR MS_RF -> NNI_Substep_9] - Distance: 106.0000
((((14,(2,17)),(15,19)),(20,18)),((((11,6),(30,(7,16))),((25,(8,28)),(27,26))),((13,12),(5,24))),(((1,21),((((4,29),9),10),3)),(23,22)));

STEP 28 [Heur. uSPR MS_RF -> NNI_Substep_10] - Distance: 106.0000
((((14,(15,19)),(2,17)),(20,18)),((((11,6),(30,(7,16))),((25,(8,28)),(27,26))),((13,12),(5,24))),(((1,21),((((4,29),9),10),3)),(23,22)));

STEP 29 [Heur. uSPR MS_RF -> NNI_Substep_11] - Distance: 106.0000
((((14,(15,19)),(20,18)),(2,17)),((((11,6),(30,(7,16))),((25,(8,28)),(27,26))),((13,12),(5,24))),(((1,21),((((4,29),9),10),3)),(23,22)));

STEP 30 [Heur. uSPR MS_RF -> NNI_Substep_12] - Distance: 107.0000
(((14,(15,19)),(20,18)),(((((11,6),(30,(7,16))),((25,(8,28)),(27,26))),((13,12),(5,24))),(2,17)),(((1,21),((((4,29),9),10),3)),(23,22)));

STEP 31 [Heur. uSPR MS_RF -> NNI_Substep_13] - Distance: 105.0000
(((14,(15,19)),(20,18)),(((((11,6),(30,(7,16))),((25,(8,28)),(27,26))),(2,17)),((13,12),(5,24))),(((1,21),((((4,29),9),10),3)),(23,22)));

STEP 32 [Heur. uSPR MS_RF -> NNI_Substep_14] - Distance: 102.0000
(((14,(15,19)),(20,18)),((((11,6),(30,(7,16))),(((25,(8,28)),(27,26)),(2,17))),((13,12),(5,24))),(((1,21),((((4,29),9),10),3)),(23,22)));

STEP 33 [Heur. uSPR MS_RF -> NNI_Substep_15] - Distance: 100.0000
(((14,(15,19)),(20,18)),((((11,6),(30,(7,16))),(((25,(8,28)),(2,17)),(27,26))),((13,12),(5,24))),(((1,21),((((4,29),9),10),3)),(23,22)));

STEP 34 [Heur. uSPR MS_RF -> NNI_Substep_16] - Distance: 97.0000
(((14,(15,19)),(20,18)),((((11,6),(30,(7,16))),((25,((8,28),(2,17))),(27,26))),((13,12),(5,24))),(((1,21),((((4,29),9),10),3)),(23,22)));

STEP 35 [Heur. uSPR MS_RF -> NNI_Substep_17] - Distance: 98.0000
(((14,(15,19)),(20,18)),((((11,6),(30,(7,16))),((25,((8,(2,17)),28)),(27,26))),((13,12),(5,24))),(((1,21),((((4,29),9),10),3)),(23,22)));

STEP 36 [Heur. uSPR MS_RF -> NNI_Substep_18] - Distance: 97.0000
(((14,(15,19)),(20,18)),(((((11,6),(7,16)),30),((25,((8,(2,17)),28)),(27,26))),((13,12),(5,24))),(((1,21),((((4,29),9),10),3)),(23,22)));

STEP 37 [Heur. uSPR MS_RF -> NNI_Substep_19] - Distance: 95.0000
(((14,(15,19)),(20,18)),(((((11,6),(7,16)),((25,((8,(2,17)),28)),(27,26))),30),((13,12),(5,24))),(((1,21),((((4,29),9),10),3)),(23,22)));

STEP 38 [Heur. uSPR MS_RF -> NNI_Substep_20] - Distance: 94.0000
(((14,(15,19)),(20,18)),(((((11,6),(7,16)),((25,((8,(2,17)),28)),(27,26))),((13,12),(5,24))),30),(((1,21),((((4,29),9),10),3)),(23,22)));

STEP 39 [Heur. uSPR MS_RF -> NNI_Substep_21] - Distance: 94.0000
(((14,(15,19)),(20,18)),((((11,6),(7,16)),((25,((8,(2,17)),28)),(27,26))),((13,12),(5,24))),((((1,21),((((4,29),9),10),3)),(23,22)),30));

STEP 40 [Heur. uSPR MS_RF -> NNI_Substep_22] - Distance: 93.0000
(((14,(15,19)),(20,18)),((((11,6),(7,16)),((25,((8,(2,17)),28)),(27,26))),((13,12),(5,24))),((((1,21),((((4,29),9),10),3)),30),(23,22)));

STEP 41 [Heur. uSPR MS_RF -> NNI_Substep_23] - Distance: 91.0000
(((14,(15,19)),(20,18)),((((11,6),(7,16)),((25,((8,(2,17)),28)),(27,26))),((13,12),(5,24))),((((1,21),30),((((4,29),9),10),3)),(23,22)));

STEP 42 [Heur. uSPR MS_RF -> NNI_Substep_24] - Distance: 89.0000
(((14,(15,19)),(20,18)),((((11,6),(7,16)),((25,((8,(2,17)),28)),(27,26))),((13,12),(5,24))),(((1,(21,30)),((((4,29),9),10),3)),(23,22)));

STEP 43 [Heur. uSPR MS_RF -> NNI_Substep_25] - Distance: 87.0000
(((14,(15,19)),(20,18)),((((11,6),(7,16)),((25,((8,(2,17)),28)),(27,26))),((13,12),(5,24))),(((1,(21,30)),((((29,9),4),10),3)),(23,22)));

STEP 44 [Heur. uSPR MS_RF -> NNI_Substep_26] - Distance: 87.0000
(((14,(15,19)),(20,18)),((((11,6),(7,16)),((25,((8,(2,17)),28)),(27,26))),((13,12),(5,24))),(((1,(21,30)),((((29,9),10),4),3)),(23,22)));

STEP 45 [Heur. uSPR MS_RF -> NNI_Substep_27] - Distance: 87.0000
(((14,(15,19)),(20,18)),((((11,6),(7,16)),((25,((8,(2,17)),28)),(27,26))),((13,12),(5,24))),(((1,(21,30)),((((29,9),10),3),4)),(23,22)));

STEP 46 [Heur. uSPR MS_RF -> NNI_Substep_28] - Distance: 87.0000
(((14,(15,19)),(20,18)),((((11,6),(7,16)),((25,((8,(2,17)),28)),(27,26))),((13,12),(5,24))),((((1,(21,30)),(((29,9),10),3)),4),(23,22)));

STEP 47 [Heur. uSPR MS_RF -> NNI_Substep_29] - Distance: 86.0000
(((14,(15,19)),(20,18)),((((11,6),(7,16)),((25,((8,(2,17)),28)),(27,26))),((13,12),(5,24))),((((1,(21,30)),4),(((29,9),10),3)),(23,22)));

STEP 48 [Heur. uSPR MS_RF -> NNI_Substep_30] - Distance: 86.0000
(((14,(15,19)),(20,18)),((((11,6),(7,16)),((25,((8,(2,17)),28)),(27,26))),((13,12),(5,24))),(((1,((21,30),4)),(((29,9),10),3)),(23,22)));

STEP 49 [Heur. uSPR MS_RF -> NNI_Substep_31] - Distance: 88.0000
((((14,(15,19)),20),18),((((11,6),(7,16)),((25,((8,(2,17)),28)),(27,26))),((13,12),(5,24))),(((1,((21,30),4)),(((29,9),10),3)),(23,22)));

STEP 50 [Heur. uSPR MS_RF -> NNI_Substep_32] - Distance: 84.0000
(((14,(15,19)),20),((((11,6),(7,16)),((25,((8,(2,17)),28)),(27,26))),((13,12),(5,24))),((((1,((21,30),4)),(((29,9),10),3)),(23,22)),18));

STEP 51 [Heur. uSPR MS_RF -> NNI_Substep_33] - Distance: 83.0000
(((14,(15,19)),20),((((11,6),(7,16)),((25,((8,(2,17)),28)),(27,26))),((13,12),(5,24))),((((1,((21,30),4)),(((29,9),10),3)),18),(23,22)));

STEP 52 [Heur. uSPR MS_RF -> NNI_Substep_34] - Distance: 82.0000
(((14,(15,19)),20),((((11,6),(7,16)),((25,((8,(2,17)),28)),(27,26))),((13,12),(5,24))),(((1,((21,30),4)),((((29,9),10),3),18)),(23,22)));

STEP 53 [Heur. uSPR MS_RF -> NNI_Substep_35] - Distance: 82.0000
(((14,(15,19)),20),((((11,6),(7,16)),((25,((8,(2,17)),28)),(27,26))),((13,12),(5,24))),(((1,((21,30),4)),((((29,9),10),18),3)),(23,22)));

STEP 54 [Heur. uSPR MS_RF -> NNI_Substep_36] - Distance: 80.0000
(((14,(15,19)),20),((((11,6),(7,16)),((25,((8,(2,17)),28)),(27,26))),((13,12),(5,24))),(((1,((21,30),4)),((((29,9),18),10),3)),(23,22)));

STEP 55 [Heur. uSPR MS_RF -> NNI_Substep_37] - Distance: 80.0000
(((14,(15,19)),20),((((11,6),(7,16)),((25,((8,(2,17)),28)),(27,26))),((13,12),(5,24))),((((1,((21,30),4)),((((29,9),18),10),3)),23),22));

STEP 56 [Heur. uSPR MS_RF -> NNI_Substep_38] - Distance: 79.0000
(((14,(15,19)),20),(((((11,6),(7,16)),((25,((8,(2,17)),28)),(27,26))),((13,12),(5,24))),22),(((1,((21,30),4)),((((29,9),18),10),3)),23));

STEP 57 [Heur. uSPR MS_RF -> NNI_Substep_39] - Distance: 78.0000
(((14,(15,19)),20),(((((11,6),(7,16)),((25,((8,(2,17)),28)),(27,26))),22),((13,12),(5,24))),(((1,((21,30),4)),((((29,9),18),10),3)),23));

STEP 58 [Heur. uSPR MS_RF -> NNI_Substep_40] - Distance: 78.0000
(((14,(15,19)),20),(((((11,6),(7,16)),22),((25,((8,(2,17)),28)),(27,26))),((13,12),(5,24))),(((1,((21,30),4)),((((29,9),18),10),3)),23));

STEP 59 [Heur. uSPR MS_RF -> NNI_Substep_41] - Distance: 75.0000
(((14,(15,19)),20),(((((11,6),22),(7,16)),((25,((8,(2,17)),28)),(27,26))),((13,12),(5,24))),(((1,((21,30),4)),((((29,9),18),10),3)),23));

STEP 60 [Heur. uSPR MS_RF -> NNI_Substep_42] - Distance: 75.0000
(((14,(15,19)),20),(((((11,22),6),(7,16)),((25,((8,(2,17)),28)),(27,26))),((13,12),(5,24))),(((1,((21,30),4)),((((29,9),18),10),3)),23));

STEP 61 [Heur. uSPR MS_RF -> NNI_Substep_43] - Distance: 76.0000
(((14,(15,19)),20),(((((11,22),(7,16)),6),((25,((8,(2,17)),28)),(27,26))),((13,12),(5,24))),(((1,((21,30),4)),((((29,9),18),10),3)),23));

STEP 62 [Heur. uSPR MS_RF -> NNI_Substep_44] - Distance: 76.0000
(((14,(15,19)),20),(((((11,22),(7,16)),((25,((8,(2,17)),28)),(27,26))),6),((13,12),(5,24))),(((1,((21,30),4)),((((29,9),18),10),3)),23));

STEP 63 [Heur. uSPR MS_RF -> NNI_Substep_45] - Distance: 75.0000
(((14,(15,19)),20),(((((11,22),(7,16)),((25,((8,(2,17)),28)),(27,26))),((13,12),(5,24))),6),(((1,((21,30),4)),((((29,9),18),10),3)),23));

STEP 64 [Heur. uSPR MS_RF -> NNI_Substep_46] - Distance: 74.0000
(((14,(15,19)),20),((((11,22),(7,16)),((25,((8,(2,17)),28)),(27,26))),((13,12),(5,24))),((((1,((21,30),4)),((((29,9),18),10),3)),23),6));

STEP 65 [Heur. uSPR MS_RF -> NNI_Substep_47] - Distance: 76.0000
(((14,(15,19)),20),((((11,22),(7,16)),((25,((8,(2,17)),28)),(27,26))),((13,12),(5,24))),((((1,((21,30),4)),((((29,9),18),10),3)),6),23));

STEP 66 [Heur. uSPR MS_RF -> NNI_Substep_48] - Distance: 75.0000
(((14,(15,19)),20),((((11,22),(7,16)),((25,((8,(2,17)),28)),(27,26))),((13,12),(5,24))),(((1,((21,30),4)),(((((29,9),18),10),3),6)),23));

STEP 67 [Heur. uSPR MS_RF -> NNI_Substep_49] - Distance: 70.0000
(((14,(15,19)),20),((((11,22),(7,16)),((25,((8,(2,17)),28)),(27,26))),((13,12),(5,24))),(((1,((21,30),4)),((((29,9),18),10),(3,6))),23));

STEP 68 [Heur. uSPR MS_RF -> NNI_Substep_50] - Distance: 70.0000
((14,(15,19)),(((((11,22),(7,16)),((25,((8,(2,17)),28)),(27,26))),((13,12),(5,24))),20),(((1,((21,30),4)),((((29,9),18),10),(3,6))),23));

STEP 69 [Heur. uSPR MS_RF -> NNI_Substep_51] - Distance: 69.0000
((14,(15,19)),(((((11,22),(7,16)),((25,((8,(2,17)),28)),(27,26))),20),((13,12),(5,24))),(((1,((21,30),4)),((((29,9),18),10),(3,6))),23));

STEP 70 [Heur. uSPR MS_RF -> NNI_Substep_52] - Distance: 70.0000
((14,(15,19)),((((11,22),(7,16)),(((25,((8,(2,17)),28)),(27,26)),20)),((13,12),(5,24))),(((1,((21,30),4)),((((29,9),18),10),(3,6))),23));

STEP 71 [Heur. uSPR MS_RF -> NNI_Substep_53] - Distance: 66.0000
((14,(15,19)),((((11,22),(7,16)),((25,((8,(2,17)),28)),((27,26),20))),((13,12),(5,24))),(((1,((21,30),4)),((((29,9),18),10),(3,6))),23));

STEP 72 [Heur. uSPR MS_RF -> NNI_Substep_54] - Distance: 66.0000
((14,(15,19)),((((11,22),(7,16)),((25,((8,(2,17)),28)),((27,20),26))),((13,12),(5,24))),(((1,((21,30),4)),((((29,9),18),10),(3,6))),23));

STEP 73 [Heur. uSPR MS_RF -> NNI_Substep_55] - Distance: 66.0000
((14,(15,19)),((((11,22),(7,16)),(((25,28),(8,(2,17))),((27,20),26))),((13,12),(5,24))),(((1,((21,30),4)),((((29,9),18),10),(3,6))),23));

STEP 74 [Heur. uSPR MS_RF -> NNI_Substep_56] - Distance: 68.0000
((14,(15,19)),((((11,22),(7,16)),(((25,28),((27,20),26)),(8,(2,17)))),((13,12),(5,24))),(((1,((21,30),4)),((((29,9),18),10),(3,6))),23));

STEP 75 [Heur. uSPR MS_RF -> NNI_Substep_57] - Distance: 63.0000
((14,(15,19)),((((11,22),(7,16)),((25,28),(((27,20),26),(8,(2,17))))),((13,12),(5,24))),(((1,((21,30),4)),((((29,9),18),10),(3,6))),23));

STEP 76 [Heur. uSPR MS_RF -> NNI_Substep_58] - Distance: 59.0000
((14,(15,19)),((((11,22),(7,16)),((25,28),(((27,20),(8,(2,17))),26))),((13,12),(5,24))),(((1,((21,30),4)),((((29,9),18),10),(3,6))),23));

STEP 77 [Heur. uSPR MS_RF -> NNI_Substep_59] - Distance: 58.0000
(((14,(15,19)),23),((((11,22),(7,16)),((25,28),(((27,20),(8,(2,17))),26))),((13,12),(5,24))),((1,((21,30),4)),((((29,9),18),10),(3,6))));

STEP 78 [Heur. uSPR MS_RF -> NNI_Substep_60] - Distance: 55.0000
(((14,23),(15,19)),((((11,22),(7,16)),((25,28),(((27,20),(8,(2,17))),26))),((13,12),(5,24))),((1,((21,30),4)),((((29,9),18),10),(3,6))));

STEP 79 [Heur. uSPR MS_RF -> NNI_Substep_61] - Distance: 57.0000
(((14,23),(15,19)),((((11,22),(7,16)),((25,28),(((27,20),(8,(2,17))),26))),((13,12),(5,24))),(((1,((21,30),4)),(3,6)),(((29,9),18),10)));

STEP 80 [Heur. uSPR MS_RF -> NNI_Substep_62] - Distance: 51.0000
(((14,23),(15,19)),((((11,22),(7,16)),((25,28),(((27,20),(8,(2,17))),26))),((13,12),(5,24))),(((1,((21,30),4)),(((29,9),18),10)),(3,6)));

STEP 81 [Heur. uSPR MS_RF -> NNI_Substep_63] - Distance: 50.0000
(((14,23),(15,19)),((((11,22),(7,16)),((25,28),(((27,20),(8,(2,17))),26))),((13,12),(5,24))),(((((21,30),4),(((29,9),18),10)),1),(3,6)));

STEP 82 [Heur. uSPR MS_RF -> NNI_Substep_64] - Distance: 51.0000
(((14,23),(15,19)),((((11,22),(7,16)),((25,28),(((27,20),(8,(2,17))),26))),(((13,12),5),24)),((1,(((21,30),4),(((29,9),18),10))),(3,6)));

STEP 83 [Heur. uSPR MS_RF -> NNI_Substep_65] - Distance: 52.0000
(((14,23),(15,19)),(((((11,22),(7,16)),((25,28),(((27,20),(8,(2,17))),26))),((13,12),5)),24),((1,(((21,30),4),(((29,9),18),10))),(3,6)));

STEP 84 [Heur. uSPR MS_RF -> NNI_Substep_66] - Distance: 53.0000
(((14,23),(15,19)),((((11,22),(7,16)),((25,28),(((27,20),(8,(2,17))),26))),((13,12),5)),(((1,(((21,30),4),(((29,9),18),10))),(3,6)),24));

STEP 85 [Heur. uSPR MS_RF -> NNI_Substep_67] - Distance: 44.0000
(((14,23),(15,19)),((((11,22),(7,16)),((25,28),(((27,20),(8,(2,17))),26))),((13,12),5)),((1,(((21,30),4),(((29,9),18),10))),((3,6),24)));

STEP 86 [Heur. uSPR MS_RF -> NNI_Substep_68] - Distance: 45.0000
(((14,23),(15,19)),((((11,22),(7,16)),(((25,28),((27,20),(8,(2,17)))),26)),((13,12),5)),((1,(((21,30),4),(((29,9),18),10))),((3,6),24)));

STEP 87 [Heur. uSPR MS_RF -> NNI_Substep_69] - Distance: 44.0000
(((14,23),(15,19)),(((((11,22),(7,16)),((25,28),((27,20),(8,(2,17))))),26),((13,12),5)),((1,(((21,30),4),(((29,9),18),10))),((3,6),24)));

STEP 88 [Heur. uSPR MS_RF -> NNI_Substep_70] - Distance: 46.0000
(((14,23),(15,19)),(((((11,22),(7,16)),((25,28),((27,20),(8,(2,17))))),((13,12),5)),26),((1,(((21,30),4),(((29,9),18),10))),((3,6),24)));

STEP 89 [Heur. uSPR MS_RF -> NNI_Substep_71] - Distance: 42.0000
((((14,23),(15,19)),26),((((11,22),(7,16)),((25,28),((27,20),(8,(2,17))))),((13,12),5)),((1,(((21,30),4),(((29,9),18),10))),((3,6),24)));

STEP 90 [Heur. uSPR MS_RF -> NNI_Substep_72] - Distance: 39.0000
(((14,23),((15,19),26)),((((11,22),(7,16)),((25,28),((27,20),(8,(2,17))))),((13,12),5)),((1,(((21,30),4),(((29,9),18),10))),((3,6),24)));

STEP 91 [Heur. uSPR MS_RF -> NNI_Substep_73] - Distance: 39.0000
(((14,23),((15,26),19)),((((11,22),(7,16)),((25,28),((27,20),(8,(2,17))))),((13,12),5)),((1,(((21,30),4),(((29,9),18),10))),((3,6),24)));

STEP 92 [Heur. uSPR MS_RF -> NNI_Substep_74] - Distance: 40.0000
((((14,23),(15,26)),19),((((11,22),(7,16)),((25,28),((27,20),(8,(2,17))))),((13,12),5)),((1,(((21,30),4),(((29,9),18),10))),((3,6),24)));

STEP 93 [Heur. uSPR MS_RF -> NNI_Substep_75] - Distance: 45.0000
(((14,23),(15,26)),((((11,22),(7,16)),((25,28),((27,20),(8,(2,17))))),((13,12),5)),(((1,(((21,30),4),(((29,9),18),10))),((3,6),24)),19));

STEP 94 [Heur. uSPR MS_RF -> NNI_Substep_76] - Distance: 43.0000
(((14,23),(15,26)),((((11,22),(7,16)),((25,28),((27,20),(8,(2,17))))),((13,12),5)),(((1,(((21,30),4),(((29,9),18),10))),19),((3,6),24)));

STEP 95 [Heur. uSPR MS_RF -> NNI_Substep_77] - Distance: 37.0000
(((14,23),(15,26)),((((11,22),(7,16)),((25,28),((27,20),(8,(2,17))))),((13,12),5)),(((1,19),(((21,30),4),(((29,9),18),10))),((3,6),24)));

STEP 96 [Heur. uSPR MS_RF -> NNI_Substep_78] - Distance: 38.0000
(((14,23),(15,26)),((((11,22),(7,16)),((25,28),((27,20),(8,(2,17))))),((13,12),5)),(((((21,30),4),(((29,9),18),10)),((3,6),24)),(1,19)));

STEP 97 [Heur. uSPR MS_RF -> NNI_Substep_79] - Distance: 32.0000
(((14,23),(15,26)),(((((11,22),(7,16)),((25,28),((27,20),(8,(2,17))))),((13,12),5)),(1,19)),((((21,30),4),(((29,9),18),10)),((3,6),24)));

STEP 98 [Heur. uSPR MS_RF -> NNI_Substep_80] - Distance: 31.0000
(((14,23),(15,26)),(((((11,22),(7,16)),((25,28),((27,20),(8,(2,17))))),(1,19)),((13,12),5)),((((21,30),4),(((29,9),18),10)),((3,6),24)));

STEP 99 [Heur. uSPR MS_RF -> NNI_Substep_81] - Distance: 29.0000
(((14,23),(15,26)),((((11,22),(7,16)),(((25,28),((27,20),(8,(2,17)))),(1,19))),((13,12),5)),((((21,30),4),(((29,9),18),10)),((3,6),24)));

STEP 100 [Heur. uSPR MS_RF -> NNI_Substep_82] - Distance: 25.0000
(((14,23),(15,26)),((((11,22),(7,16)),((25,28),(((27,20),(8,(2,17))),(1,19)))),((13,12),5)),((((21,30),4),(((29,9),18),10)),((3,6),24)));

STEP 101 [Heur. uSPR MS_RF -> NNI_Substep_83] - Distance: 32.0000
(((14,23),(15,26)),(((((11,22),(7,16)),(25,28)),(((27,20),(8,(2,17))),(1,19))),((13,12),5)),((((21,30),4),(((29,9),18),10)),((3,6),24)));

STEP 102 [Heur. uSPR MS_RF -> NNI_Substep_84] - Distance: 23.0000
(((14,23),(15,26)),(((((11,22),(7,16)),(((27,20),(8,(2,17))),(1,19))),(25,28)),((13,12),5)),((((21,30),4),(((29,9),18),10)),((3,6),24)));

STEP 103 [Heur. uSPR MS_RF -> NNI_Substep_85] - Distance: 14.0000
(((14,23),(15,26)),(((((7,16),(((27,20),(8,(2,17))),(1,19))),(11,22)),(25,28)),((13,12),5)),((((21,30),4),(((29,9),18),10)),((3,6),24)));

STEP 104 [Heur. uSPR MS_RF -> NNI_Substep_86] - Distance: 7.0000
((((11,22),((7,16),(((27,20),(8,(2,17))),(1,19)))),(25,28)),((13,12),5),(((((21,30),4),(((29,9),18),10)),((14,23),(15,26))),((3,6),24)));

STEP 105 [Heur. uSPR MS_RF -> NNI_Substep_87] - Distance: 17.0000
(((((11,22),((7,16),(((27,20),(8,(2,17))),(1,19)))),25),28),((13,12),5),(((((21,30),4),(((29,9),18),10)),((14,23),(15,26))),((3,6),24)));

STEP 106 [Heur. uSPR MS_RF -> NNI_Substep_88] - Distance: 6.0000
((((11,22),((7,16),(((27,20),(8,(2,17))),(1,19)))),25),(((13,12),5),28),(((((21,30),4),(((29,9),18),10)),((14,23),(15,26))),((3,6),24)));

STEP 107 [Heur. uSPR MS_RF -> NNI_Substep_89] - Distance: 5.0000
((((11,22),((7,16),(((27,20),(8,(2,17))),(1,19)))),25),((13,12),(5,28)),(((((21,30),4),(((29,9),18),10)),((14,23),(15,26))),((3,6),24)));

STEP 108 [Heur. uSPR MS_RF -> NNI_Substep_90] - Distance: 13.0000
(((((11,22),((7,16),(((27,20),(8,(2,17))),(1,19)))),25),(13,12)),(5,28),(((((21,30),4),(((29,9),18),10)),((14,23),(15,26))),((3,6),24)));

STEP 109 [Heur. uSPR MS_RF -> NNI_Substep_91] - Distance: 0.0000
((((11,22),((7,16),(((27,20),(8,(2,17))),(1,19)))),(25,(13,12))),(5,28),(((((21,30),4),(((29,9),18),10)),((14,23),(15,26))),((3,6),24)));

========================================================
[FINAL] Total Steps: 109 | Final Distance: 0.0000
========================================================
