========================================================
HEURISTIC TRAJECTORY: VND Incremental (MS_RF)
========================================================
STEP 0 [START] - Distance: 135.0000
(((24,23),(1,8)),(4,(29,16)),(((((11,5),(10,7)),((((21,26),(9,28)),((12,(3,(17,(25,2)))),(22,(30,19)))),(20,18))),(27,15)),(13,(14,6))));

STEP 1 [NNI_IncrementalHeuristic_MS_RF -> NNI_Substep_1] - Distance: 129.0000
(((24,23),(1,8)),(4,(29,16)),((((((21,26),(9,28)),((12,(3,(17,(25,2)))),(22,(30,19)))),(((11,5),(10,7)),(20,18))),(27,15)),(13,(14,6))));

STEP 2 [NNI_IncrementalHeuristic_MS_RF -> NNI_Substep_2] - Distance: 126.0000
((13,(14,6)),(4,(29,16)),((((((21,26),(9,28)),((12,(3,(17,(25,2)))),(22,(30,19)))),(((11,5),(10,7)),(20,18))),(27,15)),((24,23),(1,8))));

STEP 3 [NNI_IncrementalHeuristic_MS_RF -> NNI_Substep_3] - Distance: 124.0000
((13,(14,6)),(4,(29,16)),((((((21,26),(9,28)),((12,(3,(17,(25,2)))),(22,(30,19)))),(((11,5),(10,7)),(20,18))),((24,23),(1,8))),(27,15)));

STEP 4 [NNI_IncrementalHeuristic_MS_RF -> NNI_Substep_4] - Distance: 120.0000
((13,(14,6)),(4,(29,16)),((((((21,26),(9,28)),(((11,5),(10,7)),(20,18))),((12,(3,(17,(25,2)))),(22,(30,19)))),((24,23),(1,8))),(27,15)));

STEP 5 [NNI_IncrementalHeuristic_MS_RF -> NNI_Substep_5] - Distance: 117.0000
((13,(14,6)),(4,(29,16)),((((((21,26),(9,28)),(((11,5),(10,7)),(20,18))),((12,((25,2),(17,3))),(22,(30,19)))),((24,23),(1,8))),(27,15)));

STEP 6 [NNI_IncrementalHeuristic_MS_RF -> NNI_Substep_6] - Distance: 115.0000
((13,(14,6)),(4,(29,16)),((((((21,26),(9,28)),(((11,5),(20,18)),(10,7))),((12,((25,2),(17,3))),(22,(30,19)))),((24,23),(1,8))),(27,15)));

STEP 7 [NNI_IncrementalHeuristic_MS_RF -> NNI_Substep_7] - Distance: 114.0000
((27,15),(4,(29,16)),((((((21,26),(9,28)),(((11,5),(20,18)),(10,7))),((12,((25,2),(17,3))),(22,(30,19)))),((24,23),(1,8))),(13,(14,6))));

STEP 8 [NNI_IncrementalHeuristic_MS_RF -> NNI_Substep_8] - Distance: 113.0000
(4,((27,15),(29,16)),((((((21,26),(9,28)),(((11,5),(20,18)),(10,7))),((12,((25,2),(17,3))),(22,(30,19)))),((24,23),(1,8))),(13,(14,6))));

STEP 9 [NNI_IncrementalHeuristic_MS_RF -> NNI_Substep_9] - Distance: 112.0000
(4,(((29,16),15),27),((((((21,26),(9,28)),(((11,5),(20,18)),(10,7))),((12,((25,2),(17,3))),(22,(30,19)))),((24,23),(1,8))),(13,(14,6))));

STEP 10 [NNI_IncrementalHeuristic_MS_RF -> NNI_Substep_10] - Distance: 111.0000
((((((21,26),(9,28)),(((11,5),(20,18)),(10,7))),((12,((25,2),(17,3))),(22,(30,19)))),((24,23),(1,8))),(((29,16),15),27),(4,(13,(14,6))));

STEP 11 [NNI_IncrementalHeuristic_MS_RF -> NNI_Substep_11] - Distance: 110.0000
((((((21,26),(9,28)),(10,(((11,5),(20,18)),7))),((12,((25,2),(17,3))),(22,(30,19)))),((24,23),(1,8))),(((29,16),15),27),(4,(13,(14,6))));

STEP 12 [NNI_IncrementalHeuristic_MS_RF -> NNI_Substep_12] - Distance: 109.0000
((((((21,26),(9,28)),(10,(((11,5),(20,18)),7))),(((25,2),(12,(17,3))),(22,(30,19)))),((24,23),(1,8))),(((29,16),15),27),(4,(13,(14,6))));

STEP 13 [NNI_IncrementalHeuristic_MS_RF -> NNI_Substep_13] - Distance: 107.0000
((((((21,26),(9,28)),(10,(((11,5),(20,18)),7))),(((25,2),(12,(17,3))),(22,(30,19)))),((24,23),(1,8))),(((29,15),16),27),(4,(13,(14,6))));

STEP 14 [NNI_IncrementalHeuristic_MS_RF -> NNI_Substep_14] - Distance: 106.0000
((((((21,26),(9,28)),(10,(((11,(20,18)),5),7))),(((25,2),(12,(17,3))),(22,(30,19)))),((24,23),(1,8))),(((29,15),16),27),(4,(13,(14,6))));

STEP 15 [NNI_IncrementalHeuristic_MS_RF -> NNI_Substep_15] - Distance: 105.0000
((((((21,26),(9,28)),(10,(((11,(20,18)),5),7))),(((25,2),(12,(17,3))),(22,(30,19)))),(((1,8),23),24)),(((29,15),16),27),(4,(13,(14,6))));

STEP 16 [NNI_IncrementalHeuristic_MS_RF -> NNI_Substep_16] - Distance: 103.0000
((((((21,26),(9,28)),(10,(((11,(20,18)),5),7))),(((25,2),(12,(17,3))),(22,(30,19)))),(((1,23),8),24)),(((29,15),16),27),(4,(13,(14,6))));

STEP 17 [NNI_IncrementalHeuristic_MS_RF -> NNI_Substep_17] - Distance: 102.0000
((((((21,26),(9,28)),(10,(((11,(20,18)),5),7))),(((25,2),(12,(17,3))),(22,(30,19)))),((24,8),(1,23))),(((29,15),16),27),(4,(13,(14,6))));

STEP 18 [NNI_IncrementalHeuristic_MS_RF -> NNI_Substep_18] - Distance: 101.0000
((((((21,26),(9,28)),(10,(((11,(20,18)),5),7))),(((25,2),(12,(17,3))),(22,(30,19)))),((24,8),(1,23))),(((29,15),16),27),((14,6),(13,4)));

STEP 19 [2sECR_IncrementalHeuristic_MS_RF -> NNI_Substep_1] - Distance: 101.0000
((((((21,26),(9,28)),(10,(((20,(11,18)),5),7))),(((25,2),(12,(17,3))),(22,(30,19)))),((24,8),(1,23))),(((29,15),16),27),((14,6),(13,4)));

STEP 20 [2sECR_IncrementalHeuristic_MS_RF -> NNI_Substep_2] - Distance: 100.0000
((((((21,26),(9,28)),(10,(((11,18),(5,20)),7))),(((25,2),(12,(17,3))),(22,(30,19)))),((24,8),(1,23))),(((29,15),16),27),((14,6),(13,4)));

STEP 21 [2sECR_IncrementalHeuristic_MS_RF -> NNI_Substep_3] - Distance: 99.0000
((((((21,26),(9,28)),(10,((5,20),(7,(11,18))))),(((25,2),(12,(17,3))),(22,(30,19)))),((24,8),(1,23))),(((29,15),16),27),((14,6),(13,4)));

STEP 22 [2sECR_IncrementalHeuristic_MS_RF -> NNI_Substep_4] - Distance: 98.0000
((((((21,26),(9,28)),((5,20),(10,(7,(11,18))))),(((25,2),(12,(17,3))),(22,(30,19)))),((24,8),(1,23))),(((29,15),16),27),((14,6),(13,4)));

STEP 23 [2sECR_IncrementalHeuristic_MS_RF -> NNI_Substep_5] - Distance: 102.0000
(((((21,26),((9,28),((5,20),(10,(7,(11,18)))))),(((25,2),(12,(17,3))),(22,(30,19)))),((24,8),(1,23))),(((29,15),16),27),((14,6),(13,4)));

STEP 24 [2sECR_IncrementalHeuristic_MS_RF -> NNI_Substep_6] - Distance: 100.0000
(((((21,26),((10,(7,(11,18))),((9,28),(5,20)))),(((25,2),(12,(17,3))),(22,(30,19)))),((24,8),(1,23))),(((29,15),16),27),((14,6),(13,4)));

STEP 25 [2sECR_IncrementalHeuristic_MS_RF -> NNI_Substep_7] - Distance: 96.0000
((((((21,26),(10,(7,(11,18)))),((9,28),(5,20))),(((25,2),(12,(17,3))),(22,(30,19)))),((24,8),(1,23))),(((29,15),16),27),((14,6),(13,4)));

STEP 26 [2sECR_IncrementalHeuristic_MS_RF -> NNI_Substep_8] - Distance: 95.0000
(((((10,((21,26),(7,(11,18)))),((9,28),(5,20))),(((25,2),(12,(17,3))),(22,(30,19)))),((24,8),(1,23))),(((29,15),16),27),((14,6),(13,4)));

STEP 27 [2sECR_IncrementalHeuristic_MS_RF -> NNI_Substep_9] - Distance: 94.0000
(((((10,(7,((21,26),(11,18)))),((9,28),(5,20))),(((25,2),(12,(17,3))),(22,(30,19)))),((24,8),(1,23))),(((29,15),16),27),((14,6),(13,4)));

STEP 28 [2sECR_IncrementalHeuristic_MS_RF -> NNI_Substep_10] - Distance: 95.0000
(((((10,(7,(21,((11,18),26)))),((9,28),(5,20))),(((25,2),(12,(17,3))),(22,(30,19)))),((24,8),(1,23))),(((29,15),16),27),((14,6),(13,4)));

STEP 29 [2sECR_IncrementalHeuristic_MS_RF -> NNI_Substep_11] - Distance: 93.0000
(((((10,((7,21),((11,18),26))),((9,28),(5,20))),(((25,2),(12,(17,3))),(22,(30,19)))),((24,8),(1,23))),(((29,15),16),27),((14,6),(13,4)));

STEP 30 [2sECR_IncrementalHeuristic_MS_RF -> NNI_Substep_12] - Distance: 95.0000
(((((10,(21,(((11,18),26),7))),((9,28),(5,20))),(((25,2),(12,(17,3))),(22,(30,19)))),((24,8),(1,23))),(((29,15),16),27),((14,6),(13,4)));

STEP 31 [2sECR_IncrementalHeuristic_MS_RF -> NNI_Substep_13] - Distance: 92.0000
((((((10,21),(((11,18),26),7)),((9,28),(5,20))),(((25,2),(12,(17,3))),(22,(30,19)))),((24,8),(1,23))),(((29,15),16),27),((14,6),(13,4)));

STEP 32 [3sECR_IncrementalHeuristic_MS_RF -> NNI_Substep_1] - Distance: 96.0000
(((((10,21),(((11,18),26),7)),(((9,28),(5,20)),(((25,2),(12,(17,3))),(22,(30,19))))),((24,8),(1,23))),(((29,15),16),27),((14,6),(13,4)));

STEP 33 [3sECR_IncrementalHeuristic_MS_RF -> NNI_Substep_2] - Distance: 98.0000
(((((10,21),(((11,18),26),7)),((9,28),((5,20),(((25,2),(12,(17,3))),(22,(30,19)))))),((24,8),(1,23))),(((29,15),16),27),((14,6),(13,4)));

STEP 34 [3sECR_IncrementalHeuristic_MS_RF -> NNI_Substep_3] - Distance: 97.0000
(((((10,21),(((11,18),26),7)),((9,28),(((5,20),(22,(30,19))),((25,2),(12,(17,3)))))),((24,8),(1,23))),(((29,15),16),27),((14,6),(13,4)));

STEP 35 [3sECR_IncrementalHeuristic_MS_RF -> NNI_Substep_4] - Distance: 94.0000
(((((10,21),(((11,18),26),7)),(((9,28),((25,2),(12,(17,3)))),((5,20),(22,(30,19))))),((24,8),(1,23))),(((29,15),16),27),((14,6),(13,4)));

STEP 36 [3sECR_IncrementalHeuristic_MS_RF -> NNI_Substep_5] - Distance: 87.0000
((((((10,21),(((11,18),26),7)),((9,28),((25,2),(12,(17,3))))),((5,20),(22,(30,19)))),((24,8),(1,23))),(((29,15),16),27),((14,6),(13,4)));

STEP 37 [3sECR_IncrementalHeuristic_MS_RF -> NNI_Substep_6] - Distance: 87.0000
((((((10,21),(((11,18),26),7)),((9,28),((25,2),((12,17),3)))),((5,20),(22,(30,19)))),((24,8),(1,23))),(((29,15),16),27),((14,6),(13,4)));

STEP 38 [3sECR_IncrementalHeuristic_MS_RF -> NNI_Substep_7] - Distance: 88.0000
((((((10,21),(((11,18),26),7)),((9,28),(((25,2),(12,17)),3))),((5,20),(22,(30,19)))),((24,8),(1,23))),(((29,15),16),27),((14,6),(13,4)));

STEP 39 [3sECR_IncrementalHeuristic_MS_RF -> NNI_Substep_8] - Distance: 84.0000
((((((10,21),(((11,18),26),7)),(((9,28),3),((25,2),(12,17)))),((5,20),(22,(30,19)))),((24,8),(1,23))),(((29,15),16),27),((14,6),(13,4)));

STEP 40 [3sECR_IncrementalHeuristic_MS_RF -> NNI_Substep_9] - Distance: 83.0000
((((5,20),(22,(30,19))),((((10,21),(((11,18),26),7)),(((9,28),3),((25,2),(12,17)))),((24,8),(1,23)))),(((29,15),16),27),((14,6),(13,4)));

STEP 41 [3sECR_IncrementalHeuristic_MS_RF -> NNI_Substep_10] - Distance: 84.0000
((((5,20),(22,(30,19))),(((((10,21),(((11,18),26),7)),(((9,28),3),((25,2),(12,17)))),(1,23)),(24,8))),(((29,15),16),27),((14,6),(13,4)));

STEP 42 [3sECR_IncrementalHeuristic_MS_RF -> NNI_Substep_11] - Distance: 83.0000
((((5,20),(22,(30,19))),(((((10,21),(((11,18),26),7)),(1,23)),(((9,28),3),((25,2),(12,17)))),(24,8))),(((29,15),16),27),((14,6),(13,4)));

STEP 43 [3sECR_IncrementalHeuristic_MS_RF -> NNI_Substep_12] - Distance: 81.0000
(((((5,20),(22,(30,19))),(24,8)),((((10,21),(((11,18),26),7)),(1,23)),(((9,28),3),((25,2),(12,17))))),(((29,15),16),27),((14,6),(13,4)));

STEP 44 [3sECR_IncrementalHeuristic_MS_RF -> NNI_Substep_13] - Distance: 75.0000
(((((5,20),(22,(30,19))),(24,8)),(((((11,18),26),7),((10,21),(1,23))),(((9,28),3),((25,2),(12,17))))),(((29,15),16),27),((14,6),(13,4)));

STEP 45 [3sECR_IncrementalHeuristic_MS_RF -> NNI_Substep_14] - Distance: 74.0000
(((((5,20),(22,(30,19))),(24,8)),(((((11,18),26),7),(10,(21,(1,23)))),(((9,28),3),((25,2),(12,17))))),(((29,15),16),27),((14,6),(13,4)));

STEP 46 [3sECR_IncrementalHeuristic_MS_RF -> NNI_Substep_15] - Distance: 72.0000
(((((5,20),(22,(30,19))),(24,8)),(((((11,18),26),7),(10,(21,(1,23)))),(((3,28),9),((25,2),(12,17))))),(((29,15),16),27),((14,6),(13,4)));

STEP 47 [3sECR_IncrementalHeuristic_MS_RF -> NNI_Substep_16] - Distance: 73.0000
((((((5,20),(30,19)),22),(24,8)),(((((11,18),26),7),(10,(21,(1,23)))),(((3,28),9),((25,2),(12,17))))),(((29,15),16),27),((14,6),(13,4)));

STEP 48 [3sECR_IncrementalHeuristic_MS_RF -> NNI_Substep_17] - Distance: 71.0000
(((((5,20),(30,19)),(22,(24,8))),(((((11,18),26),7),(10,(21,(1,23)))),(((3,28),9),((25,2),(12,17))))),(((29,15),16),27),((14,6),(13,4)));

STEP 49 [3sECR_IncrementalHeuristic_MS_RF -> NNI_Substep_18] - Distance: 72.0000
(((((5,20),(30,19)),(22,(24,8))),(((((11,18),26),7),(10,(21,(1,23)))),(((3,28),9),(((25,2),12),17)))),(((29,15),16),27),((14,6),(13,4)));

STEP 50 [3sECR_IncrementalHeuristic_MS_RF -> NNI_Substep_19] - Distance: 70.0000
(((((5,20),(30,19)),(22,(24,8))),(((((11,18),26),7),(10,(21,(1,23)))),(((3,28),9),((25,(2,12)),17)))),(((29,15),16),27),((14,6),(13,4)));

STEP 51 [3sECR_IncrementalHeuristic_MS_RF -> NNI_Substep_20] - Distance: 70.0000
(((((5,20),(30,19)),(22,(24,8))),(((((11,18),26),7),(10,(21,(1,23)))),((((3,28),9),17),(25,(2,12))))),(((29,15),16),27),((14,6),(13,4)));

STEP 52 [3sECR_IncrementalHeuristic_MS_RF -> NNI_Substep_21] - Distance: 69.0000
(((((5,20),(30,19)),(22,(24,8))),((((((11,18),26),7),(10,(21,(1,23)))),(((3,28),9),17)),(25,(2,12)))),(((29,15),16),27),((14,6),(13,4)));

STEP 53 [3sECR_IncrementalHeuristic_MS_RF -> NNI_Substep_22] - Distance: 68.0000
((((((5,20),(30,19)),(22,(24,8))),(25,(2,12))),(((((11,18),26),7),(10,(21,(1,23)))),(((3,28),9),17))),(((29,15),16),27),((14,6),(13,4)));

STEP 54 [3sECR_IncrementalHeuristic_MS_RF -> NNI_Substep_23] - Distance: 69.0000
((((25,(2,12)),((22,(24,8)),(((30,19),5),20))),(((((11,18),26),7),(10,(21,(1,23)))),(((3,28),9),17))),(((29,15),16),27),((14,6),(13,4)));

STEP 55 [3sECR_IncrementalHeuristic_MS_RF -> NNI_Substep_24] - Distance: 71.0000
((((25,(2,12)),(((22,(24,8)),((30,19),5)),20)),(((((11,18),26),7),(10,(21,(1,23)))),(((3,28),9),17))),(((29,15),16),27),((14,6),(13,4)));

STEP 56 [3sECR_IncrementalHeuristic_MS_RF -> NNI_Substep_25] - Distance: 66.0000
(((((25,(2,12)),20),((22,(24,8)),((30,19),5))),(((((11,18),26),7),(10,(21,(1,23)))),(((3,28),9),17))),(((29,15),16),27),((14,6),(13,4)));

STEP 57 [3sECR_IncrementalHeuristic_MS_RF -> NNI_Substep_26] - Distance: 68.0000
(((((((11,18),26),7),(10,(21,(1,23)))),(((3,28),9),17)),(((25,(2,12)),20),((((30,19),5),(24,8)),22))),(((29,15),16),27),((14,6),(13,4)));

STEP 58 [3sECR_IncrementalHeuristic_MS_RF -> NNI_Substep_27] - Distance: 67.0000
(((((((11,18),26),7),(10,(21,(1,23)))),(((3,28),9),17)),((((25,(2,12)),20),22),(((30,19),5),(24,8)))),(((29,15),16),27),((14,6),(13,4)));

STEP 59 [3sECR_IncrementalHeuristic_MS_RF -> NNI_Substep_28] - Distance: 62.0000
((((((((11,18),26),7),(10,(21,(1,23)))),(((3,28),9),17)),(((25,(2,12)),20),22)),(((30,19),5),(24,8))),(((29,15),16),27),((14,6),(13,4)));

STEP 60 [3sECR_IncrementalHeuristic_MS_RF -> NNI_Substep_29] - Distance: 64.0000
((((((((11,18),26),7),(10,(21,(1,23)))),(((3,28),9),17)),(22,(20,((25,2),12)))),(((30,19),5),(24,8))),(((29,15),16),27),((14,6),(13,4)));

STEP 61 [3sECR_IncrementalHeuristic_MS_RF -> NNI_Substep_30] - Distance: 61.0000
((((((((11,18),26),7),(10,(21,(1,23)))),(((3,28),9),17)),(22,((20,12),(25,2)))),(((30,19),5),(24,8))),(((29,15),16),27),((14,6),(13,4)));

STEP 62 [3sECR_IncrementalHeuristic_MS_RF -> NNI_Substep_31] - Distance: 60.0000
((((((((11,18),26),7),(10,(21,(1,23)))),(((3,28),9),17)),(22,(((20,12),25),2))),(((30,19),5),(24,8))),(((29,15),16),27),((14,6),(13,4)));

STEP 63 [3sECR_IncrementalHeuristic_MS_RF -> NNI_Substep_32] - Distance: 58.0000
((((((((11,18),26),7),(10,(21,(1,23)))),(((3,28),9),17)),((22,2),((20,12),25))),(((30,19),5),(24,8))),(((29,15),16),27),((14,6),(13,4)));

STEP 64 [NNI_IncrementalHeuristic_MS_RF -> NNI_Substep_1] - Distance: 57.0000
(((((29,15),16),27),(((30,19),5),(24,8))),((((((11,18),26),7),(10,(21,(1,23)))),(((3,28),9),17)),((22,2),((20,12),25))),((14,6),(13,4)));

STEP 65 [NNI_IncrementalHeuristic_MS_RF -> NNI_Substep_2] - Distance: 55.0000
(((24,8),(((30,19),5),(((29,15),16),27))),((((((11,18),26),7),(10,(21,(1,23)))),(((3,28),9),17)),((22,2),((20,12),25))),((14,6),(13,4)));

STEP 66 [NNI_IncrementalHeuristic_MS_RF -> NNI_Substep_3] - Distance: 53.0000
(((24,8),((((((11,18),26),7),(10,(21,(1,23)))),(((3,28),9),17)),((22,2),((20,12),25)))),(((30,19),5),(((29,15),16),27)),((14,6),(13,4)));

STEP 67 [NNI_IncrementalHeuristic_MS_RF -> NNI_Substep_4] - Distance: 52.0000
(((24,8),((((((11,18),26),7),(10,(21,(1,23)))),(((3,28),9),17)),((22,2),((20,12),25)))),(((30,19),5),((27,16),(29,15))),((14,6),(13,4)));

STEP 68 [NNI_IncrementalHeuristic_MS_RF -> NNI_Substep_5] - Distance: 51.0000
(((24,8),((((((11,18),26),7),(10,(21,(1,23)))),(((3,28),9),17)),((22,2),((20,12),25)))),((27,16),(((30,19),5),(29,15))),((14,6),(13,4)));

STEP 69 [NNI_IncrementalHeuristic_MS_RF -> NNI_Substep_6] - Distance: 48.0000
(((24,8),((((((11,18),26),7),(10,(21,(1,23)))),(((3,28),9),17)),((22,2),((20,12),25)))),((27,16),(((30,19),(29,15)),5)),((14,6),(13,4)));

STEP 70 [2sECR_IncrementalHeuristic_MS_RF -> NNI_Substep_1] - Distance: 49.0000
(((24,8),((((((11,18),26),7),(10,(21,(1,23)))),(((3,28),9),17)),((22,2),((20,12),25)))),((27,16),((19,((29,15),30)),5)),((14,6),(13,4)));

STEP 71 [2sECR_IncrementalHeuristic_MS_RF -> NNI_Substep_2] - Distance: 47.0000
(((24,8),((((((11,18),26),7),(10,(21,(1,23)))),(((3,28),9),17)),((22,2),((20,12),25)))),((27,16),(((29,15),30),(5,19))),((14,6),(13,4)));

STEP 72 [Heur. uSPR MS_RF -> NNI_Substep_1] - Distance: 48.0000
(((24,8),((((((11,18),26),7),(10,(21,(1,23)))),(((3,28),9),17)),((22,2),((20,12),25)))),((27,16),(((29,15),30),(5,19))),(((14,6),4),13));

STEP 73 [Heur. uSPR MS_RF -> NNI_Substep_2] - Distance: 54.0000
((((24,8),((((((11,18),26),7),(10,(21,(1,23)))),(((3,28),9),17)),((22,2),((20,12),25)))),13),((27,16),(((29,15),30),(5,19))),((14,6),4));

STEP 74 [Heur. uSPR MS_RF -> NNI_Substep_3] - Distance: 55.0000
(((24,8),(((((((11,18),26),7),(10,(21,(1,23)))),(((3,28),9),17)),((22,2),((20,12),25))),13)),((27,16),(((29,15),30),(5,19))),((14,6),4));

STEP 75 [Heur. uSPR MS_RF -> NNI_Substep_4] - Distance: 51.0000
(((24,8),(((((((11,18),26),7),(10,(21,(1,23)))),(((3,28),9),17)),13),((22,2),((20,12),25)))),((27,16),(((29,15),30),(5,19))),((14,6),4));

STEP 76 [Heur. uSPR MS_RF -> NNI_Substep_5] - Distance: 46.0000
(((24,8),(((((((11,18),26),7),(10,(21,(1,23)))),13),(((3,28),9),17)),((22,2),((20,12),25)))),((27,16),(((29,15),30),(5,19))),((14,6),4));

STEP 77 [Heur. uSPR MS_RF -> NNI_Substep_6] - Distance: 41.0000
(((24,8),(((((((11,18),26),7),13),(10,(21,(1,23)))),(((3,28),9),17)),((22,2),((20,12),25)))),((27,16),(((29,15),30),(5,19))),((14,6),4));

STEP 78 [Heur. uSPR MS_RF -> NNI_Substep_7] - Distance: 39.0000
(((24,8),(((((((11,18),26),13),7),(10,(21,(1,23)))),(((3,28),9),17)),((22,2),((20,12),25)))),((27,16),(((29,15),30),(5,19))),((14,6),4));

STEP 79 [Heur. uSPR MS_RF -> NNI_Substep_8] - Distance: 37.0000
(((24,8),(((((((11,18),13),26),7),(10,(21,(1,23)))),(((3,28),9),17)),((22,2),((20,12),25)))),((27,16),(((29,15),30),(5,19))),((14,6),4));

STEP 80 [Heur. uSPR MS_RF -> NNI_Substep_9] - Distance: 37.0000
(((24,8),(((((((11,18),13),26),7),(10,(21,(1,23)))),(((3,28),9),17)),((22,2),((20,12),25)))),((27,16),(((29,15),30),(5,19))),((14,4),6));

STEP 81 [Heur. uSPR MS_RF -> NNI_Substep_10] - Distance: 43.0000
((((24,8),(((((((11,18),13),26),7),(10,(21,(1,23)))),(((3,28),9),17)),((22,2),((20,12),25)))),6),((27,16),(((29,15),30),(5,19))),(14,4));

STEP 82 [Heur. uSPR MS_RF -> NNI_Substep_11] - Distance: 44.0000
(((24,8),((((((((11,18),13),26),7),(10,(21,(1,23)))),(((3,28),9),17)),((22,2),((20,12),25))),6)),((27,16),(((29,15),30),(5,19))),(14,4));

STEP 83 [Heur. uSPR MS_RF -> NNI_Substep_12] - Distance: 44.0000
(((24,8),((((((((11,18),13),26),7),(10,(21,(1,23)))),(((3,28),9),17)),6),((22,2),((20,12),25)))),((27,16),(((29,15),30),(5,19))),(14,4));

STEP 84 [Heur. uSPR MS_RF -> NNI_Substep_13] - Distance: 34.0000
(((24,8),(((((((11,18),13),26),7),(10,(21,(1,23)))),((((3,28),9),17),6)),((22,2),((20,12),25)))),((27,16),(((29,15),30),(5,19))),(14,4));

STEP 85 [Heur. uSPR MS_RF -> NNI_Substep_14] - Distance: 32.0000
(((24,8),(((((((11,18),13),26),7),(10,(21,(1,23)))),((((3,28),9),6),17)),((22,2),((20,12),25)))),((27,16),(((29,15),30),(5,19))),(14,4));

STEP 86 [Heur. uSPR MS_RF -> NNI_Substep_15] - Distance: 29.0000
(((24,8),(((((((11,18),13),26),7),(10,(21,(1,23)))),(((3,28),(9,6)),17)),((22,2),((20,12),25)))),((27,16),(((29,15),30),(5,19))),(14,4));

STEP 87 [Heur. uSPR MS_RF -> NNI_Substep_16] - Distance: 33.0000
(((24,8),(((((((11,18),13),26),7),(10,(21,(1,23)))),(((3,28),(9,6)),17)),((22,2),((20,12),25)))),((27,(((29,15),30),(5,19))),16),(14,4));

STEP 88 [Heur. uSPR MS_RF -> NNI_Substep_17] - Distance: 34.0000
((((24,8),(((((((11,18),13),26),7),(10,(21,(1,23)))),(((3,28),(9,6)),17)),((22,2),((20,12),25)))),16),(27,(((29,15),30),(5,19))),(14,4));

STEP 89 [Heur. uSPR MS_RF -> NNI_Substep_18] - Distance: 35.0000
(((24,8),((((((((11,18),13),26),7),(10,(21,(1,23)))),(((3,28),(9,6)),17)),((22,2),((20,12),25))),16)),(27,(((29,15),30),(5,19))),(14,4));

STEP 90 [Heur. uSPR MS_RF -> NNI_Substep_19] - Distance: 28.0000
(((24,8),(((((((11,18),13),26),7),(10,(21,(1,23)))),(((3,28),(9,6)),17)),(((22,2),((20,12),25)),16))),(27,(((29,15),30),(5,19))),(14,4));

STEP 91 [Heur. uSPR MS_RF -> NNI_Substep_20] - Distance: 25.0000
(((24,8),(((((((11,18),13),26),7),(10,(21,(1,23)))),(((3,28),(9,6)),17)),((22,2),(((20,12),25),16)))),(27,(((29,15),30),(5,19))),(14,4));

STEP 92 [Heur. uSPR MS_RF -> NNI_Substep_21] - Distance: 23.0000
(((24,8),(((((((11,18),13),26),7),(10,(21,(1,23)))),(((3,28),(9,6)),17)),((22,2),(((20,12),16),25)))),(27,(((29,15),30),(5,19))),(14,4));

STEP 93 [Heur. uSPR MS_RF -> NNI_Substep_22] - Distance: 21.0000
(((24,8),(((((((11,18),13),26),7),(10,(21,(1,23)))),(((3,28),(9,6)),17)),((22,2),((20,(12,16)),25)))),(27,(((29,15),30),(5,19))),(14,4));

STEP 94 [Heur. uSPR MS_RF -> NNI_Substep_23] - Distance: 21.0000
(((24,8),(((((((11,18),13),26),7),((10,(1,23)),21)),(((3,28),(9,6)),17)),((22,2),((20,(12,16)),25)))),(27,(((29,15),30),(5,19))),(14,4));

STEP 95 [Heur. uSPR MS_RF -> NNI_Substep_24] - Distance: 25.0000
(((24,8),((((((((11,18),13),26),7),(10,(1,23))),21),(((3,28),(9,6)),17)),((22,2),((20,(12,16)),25)))),(27,(((29,15),30),(5,19))),(14,4));

STEP 96 [Heur. uSPR MS_RF -> NNI_Substep_25] - Distance: 29.0000
(((24,8),((((((((11,18),13),26),7),(10,(1,23))),(((3,28),(9,6)),17)),21),((22,2),((20,(12,16)),25)))),(27,(((29,15),30),(5,19))),(14,4));

STEP 97 [Heur. uSPR MS_RF -> NNI_Substep_26] - Distance: 26.0000
(((24,8),((((((((11,18),13),26),7),(10,(1,23))),(((3,28),(9,6)),17)),((22,2),((20,(12,16)),25))),21)),(27,(((29,15),30),(5,19))),(14,4));

STEP 98 [Heur. uSPR MS_RF -> NNI_Substep_27] - Distance: 23.0000
((((24,8),(((((((11,18),13),26),7),(10,(1,23))),(((3,28),(9,6)),17)),((22,2),((20,(12,16)),25)))),21),(27,(((29,15),30),(5,19))),(14,4));

STEP 99 [Heur. uSPR MS_RF -> NNI_Substep_28] - Distance: 20.0000
(((24,8),(((((((11,18),13),26),7),(10,(1,23))),(((3,28),(9,6)),17)),((22,2),((20,(12,16)),25)))),((27,(((29,15),30),(5,19))),21),(14,4));

STEP 100 [Heur. uSPR MS_RF -> NNI_Substep_29] - Distance: 20.0000
(((24,8),(((((((11,18),13),26),7),(10,(1,23))),(((3,28),(9,6)),17)),((22,2),((20,(12,16)),25)))),(27,((((29,15),30),(5,19)),21)),(14,4));

STEP 101 [Heur. uSPR MS_RF -> NNI_Substep_30] - Distance: 18.0000
(((24,8),(((((((11,18),13),26),7),(10,(1,23))),(((3,28),(9,6)),17)),((22,2),((20,(12,16)),25)))),(27,(((29,15),30),((5,19),21))),(14,4));

STEP 102 [Heur. uSPR MS_RF -> NNI_Substep_31] - Distance: 18.0000
(((24,8),(((((((11,18),13),26),7),(10,(1,23))),(((3,28),(9,6)),17)),((22,2),((20,(12,16)),25)))),(27,(((29,15),30),(5,(19,21)))),(14,4));

STEP 103 [Heur. uSPR MS_RF -> NNI_Substep_32] - Distance: 21.0000
(((24,8),(((((((11,18),13),26),7),(10,(1,23))),(((3,28),(9,6)),17)),((22,((20,(12,16)),25)),2))),(27,(((29,15),30),(5,(19,21)))),(14,4));

STEP 104 [Heur. uSPR MS_RF -> NNI_Substep_33] - Distance: 27.0000
(((24,8),((((((((11,18),13),26),7),(10,(1,23))),(((3,28),(9,6)),17)),(22,((20,(12,16)),25))),2)),(27,(((29,15),30),(5,(19,21)))),(14,4));

STEP 105 [Heur. uSPR MS_RF -> NNI_Substep_34] - Distance: 25.0000
(((24,8),((((((((11,18),13),26),7),(10,(1,23))),(((3,28),(9,6)),17)),2),(22,((20,(12,16)),25)))),(27,(((29,15),30),(5,(19,21)))),(14,4));

STEP 106 [Heur. uSPR MS_RF -> NNI_Substep_35] - Distance: 19.0000
(((24,8),((((((((11,18),13),26),7),(10,(1,23))),2),(((3,28),(9,6)),17)),(22,((20,(12,16)),25)))),(27,(((29,15),30),(5,(19,21)))),(14,4));

STEP 107 [Heur. uSPR MS_RF -> NNI_Substep_36] - Distance: 13.0000
(((24,8),(((((((11,18),13),26),7),((10,(1,23)),2)),(((3,28),(9,6)),17)),(22,((20,(12,16)),25)))),(27,(((29,15),30),(5,(19,21)))),(14,4));

STEP 108 [Heur. uSPR MS_RF -> NNI_Substep_37] - Distance: 11.0000
(((24,8),(((((((11,18),13),26),7),(10,((1,23),2))),(((3,28),(9,6)),17)),(22,((20,(12,16)),25)))),(27,(((29,15),30),(5,(19,21)))),(14,4));

STEP 109 [Heur. uSPR MS_RF -> NNI_Substep_38] - Distance: 12.0000
((((24,8),(((((((11,18),13),26),7),(10,((1,23),2))),(((3,28),(9,6)),17)),(22,((20,(12,16)),25)))),27),(((29,15),30),(5,(19,21))),(14,4));

STEP 110 [Heur. uSPR MS_RF -> NNI_Substep_39] - Distance: 13.0000
(((24,8),((((((((11,18),13),26),7),(10,((1,23),2))),(((3,28),(9,6)),17)),(22,((20,(12,16)),25))),27)),(((29,15),30),(5,(19,21))),(14,4));

STEP 111 [Heur. uSPR MS_RF -> NNI_Substep_40] - Distance: 10.0000
(((24,8),(((((((11,18),13),26),7),(10,((1,23),2))),(((3,28),(9,6)),17)),((22,((20,(12,16)),25)),27))),(((29,15),30),(5,(19,21))),(14,4));

STEP 112 [Heur. uSPR MS_RF -> NNI_Substep_41] - Distance: 5.0000
(((24,8),(((((((11,18),13),26),7),(10,((1,23),2))),(((3,28),(9,6)),17)),((22,27),((20,(12,16)),25)))),(((29,15),30),(5,(19,21))),(14,4));

STEP 113 [Heur. uSPR MS_RF -> NNI_Substep_42] - Distance: 0.0000
(((24,8),(((((((11,18),13),26),7),(10,((1,23),2))),(((3,28),(9,6)),17)),((22,27),((20,(12,16)),25)))),((((29,15),30),5),(19,21)),(14,4));

========================================================
[FINAL] Total Steps: 113 | Final Distance: 0.0000
========================================================
