========================================================
HEURISTIC TRAJECTORY: VND Classic (MS_RF)
========================================================
STEP 0 [START] - Distance: 143.0000
((21,3),((27,(24,(28,(10,13)))),((22,12),(5,14))),((30,(18,(2,(23,(7,6))))),(((((16,11),(20,19)),(1,15)),(9,25)),(26,(4,(8,(17,29)))))));

STEP 1 [NNI_ClassicHeuristic_MS_RF -> NNI_Substep_1] - Distance: 140.0000
((21,3),((27,(24,(28,(10,13)))),((22,12),(5,14))),(((2,(23,(7,6))),(18,30)),(((((16,11),(20,19)),(1,15)),(9,25)),(26,(4,(8,(17,29)))))));

STEP 2 [NNI_ClassicHeuristic_MS_RF -> NNI_Substep_2] - Distance: 137.0000
((27,(24,(28,(10,13)))),((21,3),((22,12),(5,14))),(((2,(23,(7,6))),(18,30)),(((((16,11),(20,19)),(1,15)),(9,25)),(26,(4,(8,(17,29)))))));

STEP 3 [NNI_ClassicHeuristic_MS_RF -> NNI_Substep_3] - Distance: 133.0000
((((((16,11),(20,19)),(1,15)),(9,25)),(26,(4,(8,(17,29))))),((21,3),((22,12),(5,14))),(((2,(23,(7,6))),(18,30)),(27,(24,(28,(10,13))))));

STEP 4 [NNI_ClassicHeuristic_MS_RF -> NNI_Substep_4] - Distance: 131.0000
(((((9,25),(1,15)),((16,11),(20,19))),(26,(4,(8,(17,29))))),((21,3),((22,12),(5,14))),(((2,(23,(7,6))),(18,30)),(27,(24,(28,(10,13))))));

STEP 5 [NNI_ClassicHeuristic_MS_RF -> NNI_Substep_5] - Distance: 129.0000
(((((9,25),(1,15)),((16,11),(20,19))),((8,(17,29)),(4,26))),((21,3),((22,12),(5,14))),(((2,(23,(7,6))),(18,30)),(27,(24,(28,(10,13))))));

STEP 6 [NNI_ClassicHeuristic_MS_RF -> NNI_Substep_6] - Distance: 127.0000
(((((9,25),(1,15)),((16,11),(20,19))),((8,(17,29)),(4,26))),((5,14),((22,12),(21,3))),(((2,(23,(7,6))),(18,30)),(27,(24,(28,(10,13))))));

STEP 7 [NNI_ClassicHeuristic_MS_RF -> NNI_Substep_7] - Distance: 125.0000
(((((9,25),(1,15)),((16,11),(20,19))),((8,(17,29)),(4,26))),((5,14),((22,12),(21,3))),(((2,(23,(7,6))),(18,30)),((28,(10,13)),(24,27))));

STEP 8 [NNI_ClassicHeuristic_MS_RF -> NNI_Substep_8] - Distance: 124.0000
(((((8,(17,29)),(4,26)),((16,11),(20,19))),((9,25),(1,15))),((5,14),((22,12),(21,3))),(((2,(23,(7,6))),(18,30)),((28,(10,13)),(24,27))));

STEP 9 [NNI_ClassicHeuristic_MS_RF -> NNI_Substep_9] - Distance: 123.0000
(((((8,(17,29)),(4,26)),((16,11),(20,19))),((9,25),(1,15))),((5,14),((22,12),(21,3))),((((7,6),(23,2)),(18,30)),((28,(10,13)),(24,27))));

STEP 10 [uTBR_ClassicHeuristic_MS_RF -> NNI_Substep_1] - Distance: 124.0000
(((((8,(17,29)),(4,26)),((16,11),(20,19))),((9,25),(1,15))),((5,14),((22,12),(21,3))),(((((7,6),23),2),(18,30)),((28,(10,13)),(24,27))));

STEP 11 [uTBR_ClassicHeuristic_MS_RF -> NNI_Substep_2] - Distance: 125.0000
(((((8,(17,29)),(4,26)),((16,11),(20,19))),((9,25),(1,15))),((5,14),((22,12),(21,3))),(((((7,6),23),(18,30)),2),((28,(10,13)),(24,27))));

STEP 12 [uTBR_ClassicHeuristic_MS_RF -> NNI_Substep_3] - Distance: 125.0000
(((((8,(17,29)),(4,26)),((16,11),(20,19))),((9,25),(1,15))),((5,14),((22,12),(21,3))),(((((7,6),23),(18,30)),((28,(10,13)),(24,27))),2));

STEP 13 [uTBR_ClassicHeuristic_MS_RF -> NNI_Substep_4] - Distance: 124.0000
((((((8,(17,29)),(4,26)),((16,11),(20,19))),((9,25),(1,15))),2),((5,14),((22,12),(21,3))),((((7,6),23),(18,30)),((28,(10,13)),(24,27))));

STEP 14 [uTBR_ClassicHeuristic_MS_RF -> NNI_Substep_5] - Distance: 121.0000
((((((8,(17,29)),(4,26)),((16,11),(20,19))),2),((9,25),(1,15))),((5,14),((22,12),(21,3))),((((7,6),23),(18,30)),((28,(10,13)),(24,27))));

STEP 15 [uTBR_ClassicHeuristic_MS_RF -> NNI_Substep_6] - Distance: 120.0000
((((((8,(17,29)),(4,26)),2),((16,11),(20,19))),((9,25),(1,15))),((5,14),((22,12),(21,3))),((((7,6),23),(18,30)),((28,(10,13)),(24,27))));

STEP 16 [uTBR_ClassicHeuristic_MS_RF -> NNI_Substep_7] - Distance: 117.0000
((((((8,(17,29)),2),(4,26)),((16,11),(20,19))),((9,25),(1,15))),((5,14),((22,12),(21,3))),((((7,6),23),(18,30)),((28,(10,13)),(24,27))));

STEP 17 [uTBR_ClassicHeuristic_MS_RF -> NNI_Substep_8] - Distance: 114.0000
((((((8,2),(17,29)),(4,26)),((16,11),(20,19))),((9,25),(1,15))),((5,14),((22,12),(21,3))),((((7,6),23),(18,30)),((28,(10,13)),(24,27))));

STEP 18 [uTBR_ClassicHeuristic_MS_RF -> NNI_Substep_9] - Distance: 115.0000
(((((((8,2),17),29),(4,26)),((16,11),(20,19))),((9,25),(1,15))),((5,14),((22,12),(21,3))),((((7,6),23),(18,30)),((28,(10,13)),(24,27))));

STEP 19 [uTBR_ClassicHeuristic_MS_RF -> NNI_Substep_10] - Distance: 114.0000
(((((((8,2),17),(4,26)),29),((16,11),(20,19))),((9,25),(1,15))),((5,14),((22,12),(21,3))),((((7,6),23),(18,30)),((28,(10,13)),(24,27))));

STEP 20 [uTBR_ClassicHeuristic_MS_RF -> NNI_Substep_11] - Distance: 113.0000
(((((((8,2),17),(4,26)),((16,11),(20,19))),29),((9,25),(1,15))),((5,14),((22,12),(21,3))),((((7,6),23),(18,30)),((28,(10,13)),(24,27))));

STEP 21 [uTBR_ClassicHeuristic_MS_RF -> NNI_Substep_12] - Distance: 114.0000
(((((((8,2),17),(4,26)),((16,11),(20,19))),((9,25),(1,15))),29),((5,14),((22,12),(21,3))),((((7,6),23),(18,30)),((28,(10,13)),(24,27))));

STEP 22 [uTBR_ClassicHeuristic_MS_RF -> NNI_Substep_13] - Distance: 113.0000
((((((8,2),17),(4,26)),((16,11),(20,19))),((9,25),(1,15))),(((5,14),((22,12),(21,3))),29),((((7,6),23),(18,30)),((28,(10,13)),(24,27))));

STEP 23 [uTBR_ClassicHeuristic_MS_RF -> NNI_Substep_14] - Distance: 110.0000
((((((8,2),17),(4,26)),((16,11),(20,19))),((9,25),(1,15))),(((5,14),29),((22,12),(21,3))),((((7,6),23),(18,30)),((28,(10,13)),(24,27))));

STEP 24 [uTBR_ClassicHeuristic_MS_RF -> NNI_Substep_15] - Distance: 108.0000
((((((8,2),17),(4,26)),((16,11),(20,19))),((9,25),(1,15))),(((5,29),14),((22,12),(21,3))),((((7,6),23),(18,30)),((28,(10,13)),(24,27))));

STEP 25 [uTBR_ClassicHeuristic_MS_RF -> NNI_Substep_16] - Distance: 110.0000
((((((8,2),17),(4,26)),((16,11),(20,19))),((9,25),(1,15))),(((5,29),14),((22,12),(21,3))),((((7,6),23),(18,30)),(((28,(10,13)),24),27)));

STEP 26 [uTBR_ClassicHeuristic_MS_RF -> NNI_Substep_17] - Distance: 110.0000
((((((8,2),17),(4,26)),((16,11),(20,19))),((9,25),(1,15))),(((5,29),14),((22,12),(21,3))),(((((7,6),23),(18,30)),((28,(10,13)),24)),27));

STEP 27 [uTBR_ClassicHeuristic_MS_RF -> NNI_Substep_18] - Distance: 108.0000
(((((((8,2),17),(4,26)),((16,11),(20,19))),((9,25),(1,15))),27),(((5,29),14),((22,12),(21,3))),((((7,6),23),(18,30)),((28,(10,13)),24)));

STEP 28 [uTBR_ClassicHeuristic_MS_RF -> NNI_Substep_19] - Distance: 104.0000
((((((8,2),17),(4,26)),((16,11),(20,19))),(((9,25),(1,15)),27)),(((5,29),14),((22,12),(21,3))),((((7,6),23),(18,30)),((28,(10,13)),24)));

STEP 29 [uTBR_ClassicHeuristic_MS_RF -> NNI_Substep_20] - Distance: 103.0000
((((((8,2),17),(4,26)),((16,11),(20,19))),(((9,25),27),(1,15))),(((5,29),14),((22,12),(21,3))),((((7,6),23),(18,30)),((28,(10,13)),24)));

STEP 30 [uTBR_ClassicHeuristic_MS_RF -> NNI_Substep_21] - Distance: 101.0000
((((((8,2),17),(4,26)),((16,11),(20,19))),((9,(25,27)),(1,15))),(((5,29),14),((22,12),(21,3))),((((7,6),23),(18,30)),((28,(10,13)),24)));

STEP 31 [uTBR_ClassicHeuristic_MS_RF -> NNI_Substep_22] - Distance: 100.0000
((((((8,2),17),(4,26)),((16,11),(20,19))),((9,(25,27)),(1,15))),(((5,29),14),((12,(21,3)),22)),((((7,6),23),(18,30)),((28,(10,13)),24)));

STEP 32 [uTBR_ClassicHeuristic_MS_RF -> NNI_Substep_23] - Distance: 102.0000
((((((8,2),17),(4,26)),((16,11),(20,19))),((9,(25,27)),(1,15))),((((5,29),14),(12,(21,3))),22),((((7,6),23),(18,30)),((28,(10,13)),24)));

STEP 33 [uTBR_ClassicHeuristic_MS_RF -> NNI_Substep_24] - Distance: 102.0000
(((((((8,2),17),(4,26)),((16,11),(20,19))),((9,(25,27)),(1,15))),22),(((5,29),14),(12,(21,3))),((((7,6),23),(18,30)),((28,(10,13)),24)));

STEP 34 [uTBR_ClassicHeuristic_MS_RF -> NNI_Substep_25] - Distance: 96.0000
((((((8,2),17),(4,26)),((16,11),(20,19))),(((9,(25,27)),(1,15)),22)),(((5,29),14),(12,(21,3))),((((7,6),23),(18,30)),((28,(10,13)),24)));

STEP 35 [uTBR_ClassicHeuristic_MS_RF -> NNI_Substep_26] - Distance: 95.0000
((((((8,2),17),(4,26)),((16,11),(20,19))),(((9,(25,27)),22),(1,15))),(((5,29),14),(12,(21,3))),((((7,6),23),(18,30)),((28,(10,13)),24)));

STEP 36 [uTBR_ClassicHeuristic_MS_RF -> NNI_Substep_27] - Distance: 93.0000
((((((8,2),17),(4,26)),((16,11),(20,19))),((9,((25,27),22)),(1,15))),(((5,29),14),(12,(21,3))),((((7,6),23),(18,30)),((28,(10,13)),24)));

STEP 37 [uTBR_ClassicHeuristic_MS_RF -> NNI_Substep_28] - Distance: 94.0000
((((((8,2),17),(4,26)),((16,(20,19)),11)),((9,((25,27),22)),(1,15))),(((5,29),14),(12,(21,3))),((((7,6),23),(18,30)),((28,(10,13)),24)));

STEP 38 [uTBR_ClassicHeuristic_MS_RF -> NNI_Substep_29] - Distance: 94.0000
(((((((8,2),17),(4,26)),(16,(20,19))),11),((9,((25,27),22)),(1,15))),(((5,29),14),(12,(21,3))),((((7,6),23),(18,30)),((28,(10,13)),24)));

STEP 39 [uTBR_ClassicHeuristic_MS_RF -> NNI_Substep_30] - Distance: 95.0000
(((((((8,2),17),(4,26)),(16,(20,19))),((9,((25,27),22)),(1,15))),11),(((5,29),14),(12,(21,3))),((((7,6),23),(18,30)),((28,(10,13)),24)));

STEP 40 [uTBR_ClassicHeuristic_MS_RF -> NNI_Substep_31] - Distance: 94.0000
((((((8,2),17),(4,26)),(16,(20,19))),((9,((25,27),22)),(1,15))),(((5,29),14),(12,(21,3))),(((((7,6),23),(18,30)),((28,(10,13)),24)),11));

STEP 41 [uTBR_ClassicHeuristic_MS_RF -> NNI_Substep_32] - Distance: 90.0000
((((((8,2),17),(4,26)),(16,(20,19))),((9,((25,27),22)),(1,15))),(((5,29),14),(12,(21,3))),((((7,6),23),(18,30)),(((28,(10,13)),24),11)));

STEP 42 [uTBR_ClassicHeuristic_MS_RF -> NNI_Substep_33] - Distance: 86.0000
((((((8,2),17),(4,26)),(16,(20,19))),((9,((25,27),22)),(1,15))),(((5,29),14),(12,(21,3))),((((7,6),23),(18,30)),((28,(10,13)),(24,11))));

STEP 43 [uTBR_ClassicHeuristic_MS_RF -> NNI_Substep_34] - Distance: 89.0000
((((((8,2),17),(4,26)),(16,(20,19))),(((9,((25,27),22)),15),1)),(((5,29),14),(12,(21,3))),((((7,6),23),(18,30)),((28,(10,13)),(24,11))));

STEP 44 [uTBR_ClassicHeuristic_MS_RF -> NNI_Substep_35] - Distance: 90.0000
(((((((8,2),17),(4,26)),(16,(20,19))),((9,((25,27),22)),15)),1),(((5,29),14),(12,(21,3))),((((7,6),23),(18,30)),((28,(10,13)),(24,11))));

STEP 45 [uTBR_ClassicHeuristic_MS_RF -> NNI_Substep_36] - Distance: 84.0000
(((((((8,2),17),(4,26)),(16,(20,19))),1),((9,((25,27),22)),15)),(((5,29),14),(12,(21,3))),((((7,6),23),(18,30)),((28,(10,13)),(24,11))));

STEP 46 [uTBR_ClassicHeuristic_MS_RF -> NNI_Substep_37] - Distance: 84.0000
(((((((8,2),17),(4,26)),1),(16,(20,19))),((9,((25,27),22)),15)),(((5,29),14),(12,(21,3))),((((7,6),23),(18,30)),((28,(10,13)),(24,11))));

STEP 47 [uTBR_ClassicHeuristic_MS_RF -> NNI_Substep_38] - Distance: 83.0000
(((((((8,2),17),1),(4,26)),(16,(20,19))),((9,((25,27),22)),15)),(((5,29),14),(12,(21,3))),((((7,6),23),(18,30)),((28,(10,13)),(24,11))));

STEP 48 [uTBR_ClassicHeuristic_MS_RF -> NNI_Substep_39] - Distance: 81.0000
(((((((8,2),1),17),(4,26)),(16,(20,19))),((9,((25,27),22)),15)),(((5,29),14),(12,(21,3))),((((7,6),23),(18,30)),((28,(10,13)),(24,11))));

STEP 49 [uTBR_ClassicHeuristic_MS_RF -> NNI_Substep_40] - Distance: 80.0000
(((((((8,2),1),(4,26)),17),(16,(20,19))),((9,((25,27),22)),15)),(((5,29),14),(12,(21,3))),((((7,6),23),(18,30)),((28,(10,13)),(24,11))));

STEP 50 [uTBR_ClassicHeuristic_MS_RF -> NNI_Substep_41] - Distance: 78.0000
(((((((8,2),1),(4,26)),(16,(20,19))),17),((9,((25,27),22)),15)),(((5,29),14),(12,(21,3))),((((7,6),23),(18,30)),((28,(10,13)),(24,11))));

STEP 51 [uTBR_ClassicHeuristic_MS_RF -> NNI_Substep_42] - Distance: 82.0000
(((((((8,2),1),(4,26)),(16,(20,19))),((9,((25,27),22)),15)),17),(((5,29),14),(12,(21,3))),((((7,6),23),(18,30)),((28,(10,13)),(24,11))));

STEP 52 [uTBR_ClassicHeuristic_MS_RF -> NNI_Substep_43] - Distance: 83.0000
((((((8,2),1),(4,26)),(16,(20,19))),((9,((25,27),22)),15)),(((5,29),14),(12,(21,3))),(((((7,6),23),(18,30)),((28,(10,13)),(24,11))),17));

STEP 53 [uTBR_ClassicHeuristic_MS_RF -> NNI_Substep_44] - Distance: 79.0000
((((((8,2),1),(4,26)),(16,(20,19))),((9,((25,27),22)),15)),(((5,29),14),(12,(21,3))),((((7,6),23),(18,30)),(((28,(10,13)),(24,11)),17)));

STEP 54 [uTBR_ClassicHeuristic_MS_RF -> NNI_Substep_45] - Distance: 75.0000
((((((8,2),1),(4,26)),(16,(20,19))),((9,((25,27),22)),15)),(((5,29),14),(12,(21,3))),((((7,6),23),(18,30)),((28,(10,13)),((24,11),17))));

STEP 55 [uTBR_ClassicHeuristic_MS_RF -> NNI_Substep_46] - Distance: 73.0000
(((((((8,2),1),4),26),(16,(20,19))),((9,((25,27),22)),15)),(((5,29),14),(12,(21,3))),((((7,6),23),(18,30)),((28,(10,13)),((24,11),17))));

STEP 56 [uTBR_ClassicHeuristic_MS_RF -> NNI_Substep_47] - Distance: 71.0000
(((((((8,2),1),4),(16,(20,19))),26),((9,((25,27),22)),15)),(((5,29),14),(12,(21,3))),((((7,6),23),(18,30)),((28,(10,13)),((24,11),17))));

STEP 57 [uTBR_ClassicHeuristic_MS_RF -> NNI_Substep_48] - Distance: 75.0000
(((((((8,2),1),4),(16,(20,19))),((9,((25,27),22)),15)),26),(((5,29),14),(12,(21,3))),((((7,6),23),(18,30)),((28,(10,13)),((24,11),17))));

STEP 58 [uTBR_ClassicHeuristic_MS_RF -> NNI_Substep_49] - Distance: 75.0000
((((((8,2),1),4),(16,(20,19))),(((9,((25,27),22)),15),26)),(((5,29),14),(12,(21,3))),((((7,6),23),(18,30)),((28,(10,13)),((24,11),17))));

STEP 59 [uTBR_ClassicHeuristic_MS_RF -> NNI_Substep_50] - Distance: 70.0000
((((((8,2),1),4),(16,(20,19))),((9,((25,27),22)),(15,26))),(((5,29),14),(12,(21,3))),((((7,6),23),(18,30)),((28,(10,13)),((24,11),17))));

STEP 60 [uTBR_ClassicHeuristic_MS_RF -> NNI_Substep_51] - Distance: 66.0000
((((9,((25,27),22)),(15,26)),((20,19),(16,(((8,2),1),4)))),(((5,29),14),(12,(21,3))),((((7,6),23),(18,30)),((28,(10,13)),((24,11),17))));

STEP 61 [uTBR_ClassicHeuristic_MS_RF -> NNI_Substep_52] - Distance: 66.0000
((((9,((25,27),22)),(15,26)),(20,(19,(16,(((8,2),1),4))))),(((5,29),14),(12,(21,3))),((((7,6),23),(18,30)),((28,(10,13)),((24,11),17))));

STEP 62 [uTBR_ClassicHeuristic_MS_RF -> NNI_Substep_53] - Distance: 63.0000
((((((25,27),22),(15,26)),9),(20,(19,(16,(((8,2),1),4))))),(((5,29),14),(12,(21,3))),((((7,6),23),(18,30)),((28,(10,13)),((24,11),17))));

STEP 63 [uTBR_ClassicHeuristic_MS_RF -> NNI_Substep_54] - Distance: 71.0000
((((((25,27),22),(15,26)),(20,(19,(16,(((8,2),1),4))))),9),(((5,29),14),(12,(21,3))),((((7,6),23),(18,30)),((28,(10,13)),((24,11),17))));

STEP 64 [uTBR_ClassicHeuristic_MS_RF -> NNI_Substep_55] - Distance: 71.0000
(((((25,27),22),(15,26)),(20,(19,(16,(((8,2),1),4))))),((((5,29),14),(12,(21,3))),9),((((7,6),23),(18,30)),((28,(10,13)),((24,11),17))));

STEP 65 [uTBR_ClassicHeuristic_MS_RF -> NNI_Substep_56] - Distance: 69.0000
(((((25,27),22),(15,26)),(20,(19,(16,(((8,2),1),4))))),(((5,29),14),((12,(21,3)),9)),((((7,6),23),(18,30)),((28,(10,13)),((24,11),17))));

STEP 66 [uTBR_ClassicHeuristic_MS_RF -> NNI_Substep_57] - Distance: 69.0000
(((((25,27),22),(15,26)),(20,(19,(16,(((8,2),1),4))))),(((5,29),14),(12,((21,3),9))),((((7,6),23),(18,30)),((28,(10,13)),((24,11),17))));

STEP 67 [uTBR_ClassicHeuristic_MS_RF -> NNI_Substep_58] - Distance: 67.0000
(((((25,27),22),(15,26)),(20,(19,(16,(((8,2),1),4))))),(((5,29),14),(12,((21,9),3))),((((7,6),23),(18,30)),((28,(10,13)),((24,11),17))));

STEP 68 [uTBR_ClassicHeuristic_MS_RF -> NNI_Substep_59] - Distance: 65.0000
(((((25,27),22),(15,26)),(20,(19,(16,(((8,2),1),4))))),(((5,29),14),((12,(21,9)),3)),((((7,6),23),(18,30)),((28,(10,13)),((24,11),17))));

STEP 69 [uTBR_ClassicHeuristic_MS_RF -> NNI_Substep_60] - Distance: 67.0000
(((((25,27),22),(15,26)),(20,(19,(16,(((8,2),1),4))))),((((5,29),14),(12,(21,9))),3),((((7,6),23),(18,30)),((28,(10,13)),((24,11),17))));

STEP 70 [uTBR_ClassicHeuristic_MS_RF -> NNI_Substep_61] - Distance: 68.0000
(((((25,27),22),(15,26)),(20,(19,(16,(((8,2),1),4))))),(((5,29),14),(12,(21,9))),(((((7,6),23),(18,30)),((28,(10,13)),((24,11),17))),3));

STEP 71 [uTBR_ClassicHeuristic_MS_RF -> NNI_Substep_62] - Distance: 65.0000
(((((25,27),22),(15,26)),(20,(19,(16,(((8,2),1),4))))),(((5,29),14),(12,(21,9))),(((((7,6),23),(18,30)),3),((28,(10,13)),((24,11),17))));

STEP 72 [uTBR_ClassicHeuristic_MS_RF -> NNI_Substep_63] - Distance: 64.0000
(((((25,27),22),(15,26)),(20,(19,(16,(((8,2),1),4))))),(((5,29),14),(12,(21,9))),(((((7,6),23),3),(18,30)),((28,(10,13)),((24,11),17))));

STEP 73 [uTBR_ClassicHeuristic_MS_RF -> NNI_Substep_64] - Distance: 62.0000
(((((25,27),22),(15,26)),(20,(19,(16,(((8,2),1),4))))),(((5,29),14),(12,(21,9))),(((((7,6),3),23),(18,30)),((28,(10,13)),((24,11),17))));

STEP 74 [uTBR_ClassicHeuristic_MS_RF -> NNI_Substep_65] - Distance: 62.0000
(((((25,27),22),(15,26)),(20,(19,(16,(((8,2),1),4))))),(((5,29),14),(12,(21,9))),(((((7,3),6),23),(18,30)),((28,(10,13)),((24,11),17))));

STEP 75 [uTBR_ClassicHeuristic_MS_RF -> NNI_Substep_66] - Distance: 61.0000
((((((25,27),22),(15,26)),(20,(19,(16,(((8,2),1),4))))),(12,(21,9))),((5,29),14),(((((7,3),6),23),(18,30)),((28,(10,13)),((24,11),17))));

STEP 76 [uTBR_ClassicHeuristic_MS_RF -> NNI_Substep_67] - Distance: 51.0000
((((((25,27),22),(15,26)),(12,(21,9))),(20,(19,(16,(((8,2),1),4))))),((5,29),14),(((((7,3),6),23),(18,30)),((28,(10,13)),((24,11),17))));

STEP 77 [uTBR_ClassicHeuristic_MS_RF -> NNI_Substep_68] - Distance: 47.0000
((((((25,27),22),(15,26)),(12,(21,9))),(20,(19,(((8,2),1),(4,16))))),((5,29),14),(((((7,3),6),23),(18,30)),((28,(10,13)),((24,11),17))));

STEP 78 [uTBR_ClassicHeuristic_MS_RF -> NNI_Substep_69] - Distance: 47.0000
((((((25,27),22),(15,26)),(12,(21,9))),(20,(19,(((8,2),1),(4,16))))),((5,29),14),(((((7,3),23),6),(18,30)),((28,(10,13)),((24,11),17))));

STEP 79 [uTBR_ClassicHeuristic_MS_RF -> NNI_Substep_70] - Distance: 46.0000
((((((25,27),22),(15,26)),(12,(21,9))),(20,(19,(((8,2),1),(4,16))))),((5,29),14),(((((7,3),23),(18,30)),6),((28,(10,13)),((24,11),17))));

STEP 80 [uTBR_ClassicHeuristic_MS_RF -> NNI_Substep_71] - Distance: 47.0000
((((((25,27),22),(15,26)),(12,(21,9))),(20,(19,(((8,2),1),(4,16))))),((5,29),14),(((((7,3),23),(18,30)),((28,(10,13)),((24,11),17))),6));

STEP 81 [uTBR_ClassicHeuristic_MS_RF -> NNI_Substep_72] - Distance: 45.0000
((((((25,27),22),(15,26)),(12,(21,9))),(20,(19,(((8,2),1),(4,16))))),((5,29),14),((((7,3),23),(18,30)),(((28,(10,13)),((24,11),17)),6)));

STEP 82 [uTBR_ClassicHeuristic_MS_RF -> NNI_Substep_73] - Distance: 43.0000
((((((25,27),22),(15,26)),(12,(21,9))),(20,(19,(((8,2),1),(4,16))))),((5,29),14),((((7,3),23),(18,30)),((28,(10,13)),(((24,11),17),6))));

STEP 83 [uTBR_ClassicHeuristic_MS_RF -> NNI_Substep_74] - Distance: 43.0000
((((((25,27),22),(15,26)),(12,(21,9))),(20,(19,(((8,2),1),(4,16))))),((5,29),14),((((7,3),23),(18,30)),(((28,13),10),(((24,11),17),6))));

STEP 84 [uTBR_ClassicHeuristic_MS_RF -> NNI_Substep_75] - Distance: 46.0000
((((((25,27),22),(15,26)),(12,(21,9))),(20,(19,(((8,2),1),(4,16))))),((5,29),14),((((7,3),23),(18,30)),(((28,13),(((24,11),17),6)),10)));

STEP 85 [uTBR_ClassicHeuristic_MS_RF -> NNI_Substep_76] - Distance: 46.0000
((((((25,27),22),(15,26)),(12,(21,9))),(20,(19,(((8,2),1),(4,16))))),((5,29),14),(((((7,3),23),(18,30)),((28,13),(((24,11),17),6))),10));

STEP 86 [uTBR_ClassicHeuristic_MS_RF -> NNI_Substep_77] - Distance: 40.0000
((((((25,27),22),(15,26)),(12,(21,9))),(20,(19,(((8,2),1),(4,16))))),(((5,29),14),10),((((7,3),23),(18,30)),((28,13),(((24,11),17),6))));

STEP 87 [uTBR_ClassicHeuristic_MS_RF -> NNI_Substep_78] - Distance: 39.0000
((((((25,27),22),(15,26)),(12,(21,9))),(20,(19,(((8,2),1),(4,16))))),((5,29),(14,10)),((((7,3),23),(18,30)),((28,13),(((24,11),17),6))));

STEP 88 [uTBR_ClassicHeuristic_MS_RF -> NNI_Substep_79] - Distance: 43.0000
((((((25,27),22),(15,26)),(12,(21,9))),(20,(19,(((8,2),1),(4,16))))),((5,29),(14,10)),(((((7,3),23),18),30),((28,13),(((24,11),17),6))));

STEP 89 [uTBR_ClassicHeuristic_MS_RF -> NNI_Substep_80] - Distance: 46.0000
((((((25,27),22),(15,26)),(12,(21,9))),(20,(19,(((8,2),1),(4,16))))),((5,29),(14,10)),(((((7,3),23),18),((28,13),(((24,11),17),6))),30));

STEP 90 [uTBR_ClassicHeuristic_MS_RF -> NNI_Substep_81] - Distance: 43.0000
((((((25,27),22),(15,26)),(12,(21,9))),(20,(19,(((8,2),1),(4,16))))),((5,29),(14,10)),((((7,3),23),18),(((28,13),(((24,11),17),6)),30)));

STEP 91 [uTBR_ClassicHeuristic_MS_RF -> NNI_Substep_82] - Distance: 38.0000
((((((25,27),22),(15,26)),(12,(21,9))),(20,(19,(((8,2),1),(4,16))))),((5,29),(14,10)),((((7,3),23),18),(((28,13),30),(((24,11),17),6))));

STEP 92 [uTBR_ClassicHeuristic_MS_RF -> NNI_Substep_83] - Distance: 36.0000
((((((25,27),22),(15,26)),(12,(21,9))),(20,(19,(((8,2),1),(4,16))))),((5,29),(14,10)),((((7,3),23),18),((28,(13,30)),(((24,11),17),6))));

STEP 93 [uTBR_ClassicHeuristic_MS_RF -> NNI_Substep_84] - Distance: 43.0000
(((((((25,27),22),(15,26)),(12,(21,9))),(19,(((8,2),1),(4,16)))),20),((5,29),(14,10)),((((7,3),23),18),((28,(13,30)),(((24,11),17),6))));

STEP 94 [uTBR_ClassicHeuristic_MS_RF -> NNI_Substep_85] - Distance: 42.0000
((((((25,27),22),(15,26)),(12,(21,9))),(19,(((8,2),1),(4,16)))),((5,29),(14,10)),(((((7,3),23),18),((28,(13,30)),(((24,11),17),6))),20));

STEP 95 [uTBR_ClassicHeuristic_MS_RF -> NNI_Substep_86] - Distance: 41.0000
((((((25,27),22),(15,26)),(12,(21,9))),(19,(((8,2),1),(4,16)))),((5,29),(14,10)),((((7,3),23),18),(((28,(13,30)),(((24,11),17),6)),20)));

STEP 96 [uTBR_ClassicHeuristic_MS_RF -> NNI_Substep_87] - Distance: 36.0000
((((((25,27),22),(15,26)),(12,(21,9))),(19,(((8,2),1),(4,16)))),((5,29),(14,10)),((((7,3),23),18),(((28,(13,30)),20),(((24,11),17),6))));

STEP 97 [uTBR_ClassicHeuristic_MS_RF -> NNI_Substep_88] - Distance: 34.0000
((((((25,27),22),(15,26)),(12,(21,9))),(19,(((8,2),1),(4,16)))),((5,29),(14,10)),((((7,3),23),18),((28,((13,30),20)),(((24,11),17),6))));

STEP 98 [uTBR_ClassicHeuristic_MS_RF -> NNI_Substep_89] - Distance: 35.0000
((((((25,27),22),(15,26)),(12,(21,9))),(19,(((8,2),1),(4,16)))),((5,29),(14,10)),((((7,3),23),((28,((13,30),20)),(((24,11),17),6))),18));

STEP 99 [uTBR_ClassicHeuristic_MS_RF -> NNI_Substep_90] - Distance: 32.0000
(((((((25,27),22),(15,26)),(12,(21,9))),(19,(((8,2),1),(4,16)))),18),((5,29),(14,10)),(((7,3),23),((28,((13,30),20)),(((24,11),17),6))));

STEP 100 [uTBR_ClassicHeuristic_MS_RF -> NNI_Substep_91] - Distance: 23.0000
((((((25,27),22),(15,26)),(12,(21,9))),((19,(((8,2),1),(4,16))),18)),((5,29),(14,10)),(((7,3),23),((28,((13,30),20)),(((24,11),17),6))));

STEP 101 [uTBR_ClassicHeuristic_MS_RF -> NNI_Substep_92] - Distance: 22.0000
((((((25,27),22),(15,26)),(12,(21,9))),((19,(((8,2),1),(4,16))),18)),(14,10),((((7,3),23),((28,((13,30),20)),(((24,11),17),6))),(5,29)));

STEP 102 [uTBR_ClassicHeuristic_MS_RF -> NNI_Substep_93] - Distance: 21.0000
((((((25,27),22),(15,26)),(12,(21,9))),((19,(((8,2),1),(4,16))),18)),(14,10),(((7,3),23),(((28,((13,30),20)),(((24,11),17),6)),(5,29))));

STEP 103 [uTBR_ClassicHeuristic_MS_RF -> NNI_Substep_94] - Distance: 15.0000
((((((25,27),22),(15,26)),(12,(21,9))),((19,(((8,2),1),(4,16))),18)),(14,10),(((7,3),23),(((28,((13,30),20)),(5,29)),(((24,11),17),6))));

STEP 104 [uTBR_ClassicHeuristic_MS_RF -> NNI_Substep_95] - Distance: 12.0000
((((((25,27),22),(15,26)),(12,(21,9))),((19,(((8,2),1),(4,16))),18)),(14,10),(((7,3),23),((28,(((13,30),20),(5,29))),(((24,11),17),6))));

STEP 105 [uTBR_ClassicHeuristic_MS_RF -> NNI_Substep_96] - Distance: 17.0000
((((((25,27),22),(15,26)),(12,(21,9))),((19,(((8,2),1),(4,16))),18)),(14,10),((((7,3),23),(((24,11),17),6)),(28,(((13,30),20),(5,29)))));

STEP 106 [uTBR_ClassicHeuristic_MS_RF -> NNI_Substep_97] - Distance: 7.0000
((((((25,27),22),(15,26)),(12,(21,9))),((19,(((8,2),1),(4,16))),18)),(14,10),((((7,3),23),(28,(((13,30),20),(5,29)))),(((24,11),17),6)));

STEP 107 [uTBR_ClassicHeuristic_MS_RF -> NNI_Substep_98] - Distance: 0.0000
((((((25,27),22),(15,26)),(12,(21,9))),((19,(((8,2),1),(4,16))),18)),(14,10),((((7,3),(28,(((13,30),20),(5,29)))),23),(((24,11),17),6)));

========================================================
[FINAL] Total Steps: 107 | Final Distance: 0.0000
========================================================
