========================================================
HEURISTIC TRAJECTORY: VND Incremental (RF)
========================================================
STEP 0 [START] - Distance: 27.0000
(10,(26,(29,22)),((5,(11,((((((9,(2,19)),(8,((15,(25,17)),((23,(18,16)),(12,1))))),(13,(14,21))),(24,(30,6))),(7,27)),(3,28)))),(4,20)));

STEP 1 [NNI_IncrementalHeuristic_RF] - Distance: 26.0000
(10,(26,(29,22)),((5,(11,((((((9,(2,19)),(8,((25,(15,17)),((23,(18,16)),(12,1))))),(13,(14,21))),(24,(30,6))),(7,27)),(3,28)))),(4,20)));

STEP 2 [3sECR_IncrementalHeuristic_RF -> NNI_Substep_1] - Distance: 26.0000
(10,(26,(29,22)),((5,(11,((((((9,(2,19)),(8,((25,(15,17)),(23,((18,16),(12,1)))))),(13,(14,21))),(24,(30,6))),(7,27)),(3,28)))),(4,20)));

STEP 3 [3sECR_IncrementalHeuristic_RF -> NNI_Substep_2] - Distance: 26.0000
(10,(26,(29,22)),((5,(11,((((((9,(2,19)),(8,((25,(15,17)),(23,(18,(16,(12,1))))))),(13,(14,21))),(24,(30,6))),(7,27)),(3,28)))),(4,20)));

STEP 4 [3sECR_IncrementalHeuristic_RF -> NNI_Substep_3] - Distance: 26.0000
(10,(26,(29,22)),((5,(11,((((((9,(2,19)),(8,((25,(15,17)),(23,(18,((16,1),12)))))),(13,(14,21))),(24,(30,6))),(7,27)),(3,28)))),(4,20)));

STEP 5 [3sECR_IncrementalHeuristic_RF -> NNI_Substep_4] - Distance: 25.0000
(10,(26,(29,22)),((5,(11,((((((9,(2,19)),(8,((25,(15,17)),(23,((18,12),(16,1)))))),(13,(14,21))),(24,(30,6))),(7,27)),(3,28)))),(4,20)));

STEP 6 [3sECR_IncrementalHeuristic_RF -> NNI_Substep_5] - Distance: 24.0000
(10,(26,(29,22)),((5,(11,((((((9,(2,19)),(8,((25,(15,17)),((23,(18,12)),(16,1))))),(13,(14,21))),(24,(30,6))),(7,27)),(3,28)))),(4,20)));

STEP 7 [Heur. uSPR RF -> NNI_Substep_1] - Distance: 24.0000
(10,(26,(29,22)),((5,(11,(((((((9,(2,19)),(8,((25,(15,17)),((23,(18,12)),(16,1))))),(14,21)),13),(24,(30,6))),(7,27)),(3,28)))),(4,20)));

STEP 8 [Heur. uSPR RF -> NNI_Substep_2] - Distance: 24.0000
(10,(26,(29,22)),((5,(11,(((((((9,(2,19)),(8,((25,(15,17)),((23,(18,12)),(16,1))))),(14,21)),(24,(30,6))),13),(7,27)),(3,28)))),(4,20)));

STEP 9 [Heur. uSPR RF -> NNI_Substep_3] - Distance: 24.0000
(10,(26,(29,22)),((5,(11,(((((((9,(2,19)),(8,((25,(15,17)),((23,(18,12)),(16,1))))),(14,21)),(24,(30,6))),(7,27)),13),(3,28)))),(4,20)));

STEP 10 [Heur. uSPR RF -> NNI_Substep_4] - Distance: 24.0000
(10,(26,(29,22)),((5,(11,(((((((9,(2,19)),(8,((25,(15,17)),((23,(18,12)),(16,1))))),(14,21)),(24,(30,6))),(7,27)),(3,28)),13))),(4,20)));

STEP 11 [Heur. uSPR RF -> NNI_Substep_5] - Distance: 24.0000
(10,(26,(29,22)),((5,((11,((((((9,(2,19)),(8,((25,(15,17)),((23,(18,12)),(16,1))))),(14,21)),(24,(30,6))),(7,27)),(3,28))),13)),(4,20)));

STEP 12 [Heur. uSPR RF -> NNI_Substep_6] - Distance: 24.0000
(10,(26,(29,22)),(((5,(11,((((((9,(2,19)),(8,((25,(15,17)),((23,(18,12)),(16,1))))),(14,21)),(24,(30,6))),(7,27)),(3,28)))),13),(4,20)));

STEP 13 [Heur. uSPR RF -> NNI_Substep_7] - Distance: 24.0000
(10,(26,(29,22)),(((5,(11,((((((9,(2,19)),(8,((25,(15,17)),((23,(18,12)),(16,1))))),(14,21)),(24,(30,6))),(7,27)),(3,28)))),(4,20)),13));

STEP 14 [Heur. uSPR RF -> NNI_Substep_8] - Distance: 24.0000
(10,((26,(29,22)),13),((5,(11,((((((9,(2,19)),(8,((25,(15,17)),((23,(18,12)),(16,1))))),(14,21)),(24,(30,6))),(7,27)),(3,28)))),(4,20)));

STEP 15 [Heur. uSPR RF -> NNI_Substep_9] - Distance: 23.0000
(10,(26,((29,22),13)),((5,(11,((((((9,(2,19)),(8,((25,(15,17)),((23,(18,12)),(16,1))))),(14,21)),(24,(30,6))),(7,27)),(3,28)))),(4,20)));

STEP 16 [Heur. uSPR RF -> NNI_Substep_10] - Distance: 22.0000
(10,(26,((29,13),22)),((5,(11,((((((9,(2,19)),(8,((25,(15,17)),((23,(18,12)),(16,1))))),(14,21)),(24,(30,6))),(7,27)),(3,28)))),(4,20)));

STEP 17 [Heur. uSPR RF -> NNI_Substep_11] - Distance: 22.0000
(10,(26,((29,13),22)),((5,(11,(((((((9,(2,19)),(8,((25,(15,17)),((23,(18,12)),(16,1))))),21),14),(24,(30,6))),(7,27)),(3,28)))),(4,20)));

STEP 18 [Heur. uSPR RF -> NNI_Substep_12] - Distance: 22.0000
(10,(26,((29,13),22)),((5,(11,(((((((9,(2,19)),(8,((25,(15,17)),((23,(18,12)),(16,1))))),21),(24,(30,6))),14),(7,27)),(3,28)))),(4,20)));

STEP 19 [Heur. uSPR RF -> NNI_Substep_13] - Distance: 22.0000
(10,(26,((29,13),22)),((5,(11,((((((9,(2,19)),(8,((25,(15,17)),((23,(18,12)),(16,1))))),21),((24,(30,6)),14)),(7,27)),(3,28)))),(4,20)));

STEP 20 [Heur. uSPR RF -> NNI_Substep_14] - Distance: 21.0000
(10,(26,((29,13),22)),((5,(11,((((((9,(2,19)),(8,((25,(15,17)),((23,(18,12)),(16,1))))),21),((24,14),(30,6))),(7,27)),(3,28)))),(4,20)));

STEP 21 [Heur. uSPR RF -> NNI_Substep_15] - Distance: 21.0000
(10,((29,13),22),(((5,(11,((((((9,(2,19)),(8,((25,(15,17)),((23,(18,12)),(16,1))))),21),((24,14),(30,6))),(7,27)),(3,28)))),(4,20)),26));

STEP 22 [Heur. uSPR RF -> NNI_Substep_16] - Distance: 21.0000
(10,((29,13),22),(((5,(11,((((((9,(2,19)),(8,((25,(15,17)),((23,(18,12)),(16,1))))),21),((24,14),(30,6))),(7,27)),(3,28)))),26),(4,20)));

STEP 23 [Heur. uSPR RF -> NNI_Substep_17] - Distance: 21.0000
(10,((29,13),22),((5,((11,((((((9,(2,19)),(8,((25,(15,17)),((23,(18,12)),(16,1))))),21),((24,14),(30,6))),(7,27)),(3,28))),26)),(4,20)));

STEP 24 [Heur. uSPR RF -> NNI_Substep_18] - Distance: 21.0000
(10,((29,13),22),((5,(11,(((((((9,(2,19)),(8,((25,(15,17)),((23,(18,12)),(16,1))))),21),((24,14),(30,6))),(7,27)),(3,28)),26))),(4,20)));

STEP 25 [Heur. uSPR RF -> NNI_Substep_19] - Distance: 21.0000
(10,((29,13),22),((5,(11,((((((9,(2,19)),(8,((25,(15,17)),((23,(18,12)),(16,1))))),21),((24,14),(30,6))),(7,27)),((3,28),26)))),(4,20)));

STEP 26 [Heur. uSPR RF -> NNI_Substep_20] - Distance: 20.0000
(10,((29,13),22),((5,(11,((((((9,(2,19)),(8,((25,(15,17)),((23,(18,12)),(16,1))))),21),((24,14),(30,6))),(7,27)),(3,(28,26))))),(4,20)));

STEP 27 [Heur. uSPR RF -> NNI_Substep_21] - Distance: 20.0000
(10,((29,13),22),(((((((((9,(2,19)),(8,((25,(15,17)),((23,(18,12)),(16,1))))),21),((24,14),(30,6))),(7,27)),(3,(28,26))),5),11),(4,20)));

STEP 28 [Heur. uSPR RF -> NNI_Substep_22] - Distance: 20.0000
(10,((29,13),22),(((((((((9,(2,19)),(8,((25,(15,17)),((23,(18,12)),(16,1))))),21),((24,14),(30,6))),(7,27)),5),(3,(28,26))),11),(4,20)));

STEP 29 [Heur. uSPR RF -> NNI_Substep_23] - Distance: 20.0000
(10,((29,13),22),((11,(((((((9,(2,19)),(8,((25,(15,17)),((23,(18,12)),(16,1))))),21),((24,14),(30,6))),5),(7,27)),(3,(28,26)))),(4,20)));

STEP 30 [Heur. uSPR RF -> NNI_Substep_24] - Distance: 20.0000
(10,((29,13),22),((11,((((((9,(2,19)),(8,((25,(15,17)),((23,(18,12)),(16,1))))),21),(((24,14),(30,6)),5)),(7,27)),(3,(28,26)))),(4,20)));

STEP 31 [Heur. uSPR RF -> NNI_Substep_25] - Distance: 20.0000
(10,((29,13),22),((11,((((((9,(2,19)),(8,((25,(15,17)),((23,(18,12)),(16,1))))),21),((24,14),((30,6),5))),(7,27)),(3,(28,26)))),(4,20)));

STEP 32 [Heur. uSPR RF -> NNI_Substep_26] - Distance: 19.0000
(10,((29,13),22),((11,((((((9,(2,19)),(8,((25,(15,17)),((23,(18,12)),(16,1))))),21),((24,14),((30,5),6))),(7,27)),(3,(28,26)))),(4,20)));

STEP 33 [Heur. uSPR RF -> NNI_Substep_27] - Distance: 19.0000
(10,((29,13),22),((11,((((((9,(2,19)),(8,((25,(15,17)),((23,(18,12)),(16,1))))),21),(((24,14),6),(30,5))),(7,27)),(3,(28,26)))),(4,20)));

STEP 34 [Heur. uSPR RF -> NNI_Substep_28] - Distance: 19.0000
(10,((29,13),22),((11,(((((((9,(2,19)),(8,((25,(15,17)),((23,(18,12)),(16,1))))),21),((24,14),6)),(30,5)),(7,27)),(3,(28,26)))),(4,20)));

STEP 35 [Heur. uSPR RF -> NNI_Substep_29] - Distance: 19.0000
(10,((29,13),22),((11,(((((((9,(2,19)),(8,((25,(15,17)),((23,(18,12)),(16,1))))),21),((24,14),6)),(7,27)),(30,5)),(3,(28,26)))),(4,20)));

STEP 36 [Heur. uSPR RF -> NNI_Substep_30] - Distance: 19.0000
(10,((29,13),22),((11,((((((9,(2,19)),(8,((25,(15,17)),((23,(18,12)),(16,1))))),21),((24,14),6)),((7,27),(30,5))),(3,(28,26)))),(4,20)));

STEP 37 [Heur. uSPR RF -> NNI_Substep_31] - Distance: 18.0000
(10,((29,13),22),((11,((((((9,(2,19)),(8,((25,(15,17)),((23,(18,12)),(16,1))))),21),((24,14),6)),((7,(30,5)),27)),(3,(28,26)))),(4,20)));

STEP 38 [Heur. uSPR RF -> NNI_Substep_32] - Distance: 18.0000
(10,((29,13),22),((11,(((((((2,19),(8,((25,(15,17)),((23,(18,12)),(16,1))))),9),21),((24,14),6)),((7,(30,5)),27)),(3,(28,26)))),(4,20)));

STEP 39 [Heur. uSPR RF -> NNI_Substep_33] - Distance: 18.0000
(10,((29,13),22),((11,(((((((2,19),(8,((25,(15,17)),((23,(18,12)),(16,1))))),21),9),((24,14),6)),((7,(30,5)),27)),(3,(28,26)))),(4,20)));

STEP 40 [Heur. uSPR RF -> NNI_Substep_34] - Distance: 18.0000
(10,((29,13),22),((11,(((((((2,19),(8,((25,(15,17)),((23,(18,12)),(16,1))))),21),((24,14),6)),9),((7,(30,5)),27)),(3,(28,26)))),(4,20)));

STEP 41 [Heur. uSPR RF -> NNI_Substep_35] - Distance: 18.0000
(10,((29,13),22),((11,(((((((2,19),(8,((25,(15,17)),((23,(18,12)),(16,1))))),21),((24,14),6)),((7,(30,5)),27)),9),(3,(28,26)))),(4,20)));

STEP 42 [Heur. uSPR RF -> NNI_Substep_36] - Distance: 18.0000
(10,((29,13),22),((11,((((((2,19),(8,((25,(15,17)),((23,(18,12)),(16,1))))),21),((24,14),6)),(((7,(30,5)),27),9)),(3,(28,26)))),(4,20)));

STEP 43 [Heur. uSPR RF -> NNI_Substep_37] - Distance: 17.0000
(10,((29,13),22),((11,((((((2,19),(8,((25,(15,17)),((23,(18,12)),(16,1))))),21),((24,14),6)),(((7,(30,5)),9),27)),(3,(28,26)))),(4,20)));

STEP 44 [Heur. uSPR RF -> NNI_Substep_38] - Distance: 17.0000
(10,((29,13),22),((11,((((((2,(8,((25,(15,17)),((23,(18,12)),(16,1))))),19),21),((24,14),6)),(((7,(30,5)),9),27)),(3,(28,26)))),(4,20)));

STEP 45 [Heur. uSPR RF -> NNI_Substep_39] - Distance: 17.0000
(10,((29,13),22),((11,((((((2,(8,((25,(15,17)),((23,(18,12)),(16,1))))),21),19),((24,14),6)),(((7,(30,5)),9),27)),(3,(28,26)))),(4,20)));

STEP 46 [Heur. uSPR RF -> NNI_Substep_40] - Distance: 17.0000
(10,((29,13),22),((11,((((((2,(8,((25,(15,17)),((23,(18,12)),(16,1))))),21),((24,14),6)),19),(((7,(30,5)),9),27)),(3,(28,26)))),(4,20)));

STEP 47 [Heur. uSPR RF -> NNI_Substep_41] - Distance: 17.0000
(10,((29,13),22),((11,((((((2,(8,((25,(15,17)),((23,(18,12)),(16,1))))),21),((24,14),6)),(((7,(30,5)),9),27)),19),(3,(28,26)))),(4,20)));

STEP 48 [Heur. uSPR RF -> NNI_Substep_42] - Distance: 17.0000
(10,((29,13),22),((11,(((((2,(8,((25,(15,17)),((23,(18,12)),(16,1))))),21),((24,14),6)),((((7,(30,5)),9),27),19)),(3,(28,26)))),(4,20)));

STEP 49 [Heur. uSPR RF -> NNI_Substep_43] - Distance: 16.0000
(10,((29,13),22),((11,(((((2,(8,((25,(15,17)),((23,(18,12)),(16,1))))),21),((24,14),6)),(((7,(30,5)),9),(27,19))),(3,(28,26)))),(4,20)));

STEP 50 [Heur. uSPR RF -> NNI_Substep_44] - Distance: 16.0000
(10,((29,13),22),((11,((((((2,(8,((25,(15,17)),((23,(18,12)),(16,1))))),21),((24,14),6)),((7,(30,5)),9)),(27,19)),(3,(28,26)))),(4,20)));

STEP 51 [Heur. uSPR RF -> NNI_Substep_45] - Distance: 16.0000
(10,((29,13),22),((11,((((((2,(8,((25,(15,17)),((23,(18,12)),(16,1))))),21),((24,14),6)),((7,(30,5)),9)),(3,(28,26))),(27,19))),(4,20)));

STEP 52 [Heur. uSPR RF -> NNI_Substep_46] - Distance: 16.0000
(10,((29,13),22),((11,(((((2,(8,((25,(15,17)),((23,(18,12)),(16,1))))),21),((24,14),6)),((7,(30,5)),9)),((3,(28,26)),(27,19)))),(4,20)));

STEP 53 [Heur. uSPR RF -> NNI_Substep_47] - Distance: 15.0000
(10,((29,13),22),((11,(((((2,(8,((25,(15,17)),((23,(18,12)),(16,1))))),21),((24,14),6)),((7,(30,5)),9)),((3,(27,19)),(28,26)))),(4,20)));

STEP 54 [Heur. uSPR RF -> NNI_Substep_48] - Distance: 15.0000
(10,((29,13),22),((11,((((((2,((25,(15,17)),((23,(18,12)),(16,1)))),8),21),((24,14),6)),((7,(30,5)),9)),((3,(27,19)),(28,26)))),(4,20)));

STEP 55 [Heur. uSPR RF -> NNI_Substep_49] - Distance: 15.0000
(10,((29,13),22),((11,((((((2,((25,(15,17)),((23,(18,12)),(16,1)))),21),8),((24,14),6)),((7,(30,5)),9)),((3,(27,19)),(28,26)))),(4,20)));

STEP 56 [Heur. uSPR RF -> NNI_Substep_50] - Distance: 15.0000
(10,((29,13),22),((11,((((((2,((25,(15,17)),((23,(18,12)),(16,1)))),21),((24,14),6)),8),((7,(30,5)),9)),((3,(27,19)),(28,26)))),(4,20)));

STEP 57 [Heur. uSPR RF -> NNI_Substep_51] - Distance: 15.0000
(10,((29,13),22),((11,((((((2,((25,(15,17)),((23,(18,12)),(16,1)))),21),((24,14),6)),((7,(30,5)),9)),8),((3,(27,19)),(28,26)))),(4,20)));

STEP 58 [Heur. uSPR RF -> NNI_Substep_52] - Distance: 15.0000
(10,((29,13),22),((11,((((((2,((25,(15,17)),((23,(18,12)),(16,1)))),21),((24,14),6)),((7,(30,5)),9)),((3,(27,19)),(28,26))),8)),(4,20)));

STEP 59 [Heur. uSPR RF -> NNI_Substep_53] - Distance: 15.0000
(10,((29,13),22),((11,(((((2,((25,(15,17)),((23,(18,12)),(16,1)))),21),((24,14),6)),((7,(30,5)),9)),(((3,(27,19)),(28,26)),8))),(4,20)));

STEP 60 [Heur. uSPR RF -> NNI_Substep_54] - Distance: 14.0000
(10,((29,13),22),((11,(((((2,((25,(15,17)),((23,(18,12)),(16,1)))),21),((24,14),6)),((7,(30,5)),9)),((3,(27,19)),((28,26),8)))),(4,20)));

STEP 61 [Heur. uSPR RF -> NNI_Substep_55] - Distance: 14.0000
((29,13),22,(((11,(((((2,((25,(15,17)),((23,(18,12)),(16,1)))),21),((24,14),6)),((7,(30,5)),9)),((3,(27,19)),((28,26),8)))),10),(4,20)));

STEP 62 [Heur. uSPR RF -> NNI_Substep_56] - Distance: 14.0000
((29,13),22,((11,((((((2,((25,(15,17)),((23,(18,12)),(16,1)))),21),((24,14),6)),((7,(30,5)),9)),((3,(27,19)),((28,26),8))),10)),(4,20)));

STEP 63 [Heur. uSPR RF -> NNI_Substep_57] - Distance: 14.0000
((29,13),22,((11,(((((2,((25,(15,17)),((23,(18,12)),(16,1)))),21),((24,14),6)),((7,(30,5)),9)),(((3,(27,19)),((28,26),8)),10))),(4,20)));

STEP 64 [Heur. uSPR RF -> NNI_Substep_58] - Distance: 13.0000
((29,13),22,((11,(((((2,((25,(15,17)),((23,(18,12)),(16,1)))),21),((24,14),6)),((7,(30,5)),9)),((3,(27,19)),(((28,26),8),10)))),(4,20)));

STEP 65 [Heur. uSPR RF -> NNI_Substep_59] - Distance: 13.0000
((29,13),22,((11,((((((2,((25,(15,17)),((23,(18,12)),(16,1)))),21),(24,14)),6),((7,(30,5)),9)),((3,(27,19)),(((28,26),8),10)))),(4,20)));

STEP 66 [Heur. uSPR RF -> NNI_Substep_60] - Distance: 13.0000
((29,13),22,((11,((((((2,((25,(15,17)),((23,(18,12)),(16,1)))),21),(24,14)),((7,(30,5)),9)),6),((3,(27,19)),(((28,26),8),10)))),(4,20)));

STEP 67 [Heur. uSPR RF -> NNI_Substep_61] - Distance: 13.0000
((29,13),22,((11,((((((2,((25,(15,17)),((23,(18,12)),(16,1)))),21),(24,14)),((7,(30,5)),9)),((3,(27,19)),(((28,26),8),10))),6)),(4,20)));

STEP 68 [Heur. uSPR RF -> NNI_Substep_62] - Distance: 13.0000
((29,13),22,(((11,(((((2,((25,(15,17)),((23,(18,12)),(16,1)))),21),(24,14)),((7,(30,5)),9)),((3,(27,19)),(((28,26),8),10)))),6),(4,20)));

STEP 69 [Heur. uSPR RF -> NNI_Substep_63] - Distance: 13.0000
((29,13),22,(((11,(((((2,((25,(15,17)),((23,(18,12)),(16,1)))),21),(24,14)),((7,(30,5)),9)),((3,(27,19)),(((28,26),8),10)))),(4,20)),6));

STEP 70 [Heur. uSPR RF -> NNI_Substep_64] - Distance: 13.0000
((29,13),22,((11,(((((2,((25,(15,17)),((23,(18,12)),(16,1)))),21),(24,14)),((7,(30,5)),9)),((3,(27,19)),(((28,26),8),10)))),((4,20),6)));

STEP 71 [Heur. uSPR RF -> NNI_Substep_65] - Distance: 12.0000
((29,13),22,((11,(((((2,((25,(15,17)),((23,(18,12)),(16,1)))),21),(24,14)),((7,(30,5)),9)),((3,(27,19)),(((28,26),8),10)))),((4,6),20)));

STEP 72 [Heur. uSPR RF -> NNI_Substep_66] - Distance: 12.0000
((29,13),22,(((11,(((((2,((25,(15,17)),((23,(18,12)),(16,1)))),21),(24,14)),((7,(30,5)),9)),((3,(27,19)),(((28,26),8),10)))),(4,6)),20));

STEP 73 [Heur. uSPR RF -> NNI_Substep_67] - Distance: 11.0000
((29,13),22,(((11,(((((2,((25,(15,17)),((23,(18,12)),(16,1)))),21),(24,14)),((7,(30,5)),9)),((3,(27,19)),(((28,26),8),10)))),20),(4,6)));

STEP 74 [Heur. uSPR RF -> NNI_Substep_68] - Distance: 11.0000
((29,13),22,((((((((2,((25,(15,17)),((23,(18,12)),(16,1)))),21),(24,14)),((7,(30,5)),9)),((3,(27,19)),(((28,26),8),10))),20),11),(4,6)));

STEP 75 [Heur. uSPR RF -> NNI_Substep_69] - Distance: 11.0000
((29,13),22,((11,((((((2,((25,(15,17)),((23,(18,12)),(16,1)))),21),(24,14)),((7,(30,5)),9)),20),((3,(27,19)),(((28,26),8),10)))),(4,6)));

STEP 76 [Heur. uSPR RF -> NNI_Substep_70] - Distance: 11.0000
((29,13),22,((11,((((((2,((25,(15,17)),((23,(18,12)),(16,1)))),21),(24,14)),20),((7,(30,5)),9)),((3,(27,19)),(((28,26),8),10)))),(4,6)));

STEP 77 [Heur. uSPR RF -> NNI_Substep_71] - Distance: 11.0000
((29,13),22,((11,((((((2,((25,(15,17)),((23,(18,12)),(16,1)))),21),20),(24,14)),((7,(30,5)),9)),((3,(27,19)),(((28,26),8),10)))),(4,6)));

STEP 78 [Heur. uSPR RF -> NNI_Substep_72] - Distance: 11.0000
((29,13),22,((11,((((((2,((25,(15,17)),((23,(18,12)),(16,1)))),20),21),(24,14)),((7,(30,5)),9)),((3,(27,19)),(((28,26),8),10)))),(4,6)));

STEP 79 [Heur. uSPR RF -> NNI_Substep_73] - Distance: 11.0000
((29,13),22,((11,(((((2,(((25,(15,17)),((23,(18,12)),(16,1))),20)),21),(24,14)),((7,(30,5)),9)),((3,(27,19)),(((28,26),8),10)))),(4,6)));

STEP 80 [Heur. uSPR RF -> NNI_Substep_74] - Distance: 11.0000
((29,13),22,((11,(((((2,(((25,(15,17)),20),((23,(18,12)),(16,1)))),21),(24,14)),((7,(30,5)),9)),((3,(27,19)),(((28,26),8),10)))),(4,6)));

STEP 81 [Heur. uSPR RF -> NNI_Substep_75] - Distance: 10.0000
((29,13),22,((11,(((((2,((25,((15,17),20)),((23,(18,12)),(16,1)))),21),(24,14)),((7,(30,5)),9)),((3,(27,19)),(((28,26),8),10)))),(4,6)));

STEP 82 [Heur. uSPR RF -> NNI_Substep_76] - Distance: 10.0000
((29,13),22,((11,(((((2,((25,((23,(18,12)),(16,1))),((15,17),20))),21),(24,14)),((7,(30,5)),9)),((3,(27,19)),(((28,26),8),10)))),(4,6)));

STEP 83 [Heur. uSPR RF -> NNI_Substep_77] - Distance: 10.0000
((29,13),22,((11,(((((2,((((23,(18,12)),(16,1)),((15,17),20)),25)),21),(24,14)),((7,(30,5)),9)),((3,(27,19)),(((28,26),8),10)))),(4,6)));

STEP 84 [Heur. uSPR RF -> NNI_Substep_78] - Distance: 9.0000
((29,13),22,((11,(((((2,((((23,(18,12)),((15,17),20)),(16,1)),25)),21),(24,14)),((7,(30,5)),9)),((3,(27,19)),(((28,26),8),10)))),(4,6)));

STEP 85 [Heur. uSPR RF -> NNI_Substep_79] - Distance: 9.0000
((29,13),22,((11,(((((2,((25,(16,1)),((23,(18,12)),((15,17),20)))),21),(24,14)),((7,(30,5)),9)),((3,(27,19)),(((28,26),8),10)))),(4,6)));

STEP 86 [Heur. uSPR RF -> NNI_Substep_80] - Distance: 9.0000
((29,13),22,((11,((((((2,(25,(16,1))),((23,(18,12)),((15,17),20))),21),(24,14)),((7,(30,5)),9)),((3,(27,19)),(((28,26),8),10)))),(4,6)));

STEP 87 [Heur. uSPR RF -> NNI_Substep_81] - Distance: 9.0000
((29,13),22,((11,((((((2,(25,(16,1))),21),((23,(18,12)),((15,17),20))),(24,14)),((7,(30,5)),9)),((3,(27,19)),(((28,26),8),10)))),(4,6)));

STEP 88 [Heur. uSPR RF -> NNI_Substep_82] - Distance: 9.0000
((29,13),22,((11,((((((2,(25,(16,1))),21),(24,14)),((23,(18,12)),((15,17),20))),((7,(30,5)),9)),((3,(27,19)),(((28,26),8),10)))),(4,6)));

STEP 89 [Heur. uSPR RF -> NNI_Substep_83] - Distance: 9.0000
((29,13),22,((11,((((((2,(25,(16,1))),21),(24,14)),((7,(30,5)),9)),((23,(18,12)),((15,17),20))),((3,(27,19)),(((28,26),8),10)))),(4,6)));

STEP 90 [Heur. uSPR RF -> NNI_Substep_84] - Distance: 9.0000
((29,13),22,((11,((((((2,(25,(16,1))),21),(24,14)),((7,(30,5)),9)),((3,(27,19)),(((28,26),8),10))),((23,(18,12)),((15,17),20)))),(4,6)));

STEP 91 [Heur. uSPR RF -> NNI_Substep_85] - Distance: 9.0000
((29,13),22,((11,(((((2,(25,(16,1))),21),(24,14)),((7,(30,5)),9)),(((3,(27,19)),(((28,26),8),10)),((23,(18,12)),((15,17),20))))),(4,6)));

STEP 92 [Heur. uSPR RF -> NNI_Substep_86] - Distance: 8.0000
((29,13),22,((11,(((((2,(25,(16,1))),21),(24,14)),((7,(30,5)),9)),((3,(27,19)),((((28,26),8),10),((23,(18,12)),((15,17),20)))))),(4,6)));

STEP 93 [Heur. uSPR RF -> NNI_Substep_87] - Distance: 8.0000
((29,13),22,(((((((2,(25,(16,1))),21),(24,14)),((7,(30,5)),9)),11),((3,(27,19)),((((28,26),8),10),((23,(18,12)),((15,17),20))))),(4,6)));

STEP 94 [Heur. uSPR RF -> NNI_Substep_88] - Distance: 8.0000
((29,13),22,(((((((2,(25,(16,1))),21),(24,14)),11),((7,(30,5)),9)),((3,(27,19)),((((28,26),8),10),((23,(18,12)),((15,17),20))))),(4,6)));

STEP 95 [Heur. uSPR RF -> NNI_Substep_89] - Distance: 8.0000
((29,13),22,(((((((2,(25,(16,1))),21),11),(24,14)),((7,(30,5)),9)),((3,(27,19)),((((28,26),8),10),((23,(18,12)),((15,17),20))))),(4,6)));

STEP 96 [Heur. uSPR RF -> NNI_Substep_90] - Distance: 8.0000
((29,13),22,(((((((2,(25,(16,1))),11),21),(24,14)),((7,(30,5)),9)),((3,(27,19)),((((28,26),8),10),((23,(18,12)),((15,17),20))))),(4,6)));

STEP 97 [Heur. uSPR RF -> NNI_Substep_91] - Distance: 8.0000
((29,13),22,((((((2,((25,(16,1)),11)),21),(24,14)),((7,(30,5)),9)),((3,(27,19)),((((28,26),8),10),((23,(18,12)),((15,17),20))))),(4,6)));

STEP 98 [Heur. uSPR RF -> NNI_Substep_92] - Distance: 8.0000
((29,13),22,((((((2,(25,((16,1),11))),21),(24,14)),((7,(30,5)),9)),((3,(27,19)),((((28,26),8),10),((23,(18,12)),((15,17),20))))),(4,6)));

STEP 99 [Heur. uSPR RF -> NNI_Substep_93] - Distance: 7.0000
((29,13),22,((((((2,(25,((16,11),1))),21),(24,14)),((7,(30,5)),9)),((3,(27,19)),((((28,26),8),10),((23,(18,12)),((15,17),20))))),(4,6)));

STEP 100 [Heur. uSPR RF -> NNI_Substep_94] - Distance: 7.0000
((29,13),22,((((((2,((25,1),(16,11))),21),(24,14)),((7,(30,5)),9)),((3,(27,19)),((((28,26),8),10),((23,(18,12)),((15,17),20))))),(4,6)));

STEP 101 [Heur. uSPR RF -> NNI_Substep_95] - Distance: 7.0000
((29,13),22,(((((((2,(25,1)),(16,11)),21),(24,14)),((7,(30,5)),9)),((3,(27,19)),((((28,26),8),10),((23,(18,12)),((15,17),20))))),(4,6)));

STEP 102 [Heur. uSPR RF -> NNI_Substep_96] - Distance: 7.0000
((29,13),22,(((((((2,(25,1)),21),(16,11)),(24,14)),((7,(30,5)),9)),((3,(27,19)),((((28,26),8),10),((23,(18,12)),((15,17),20))))),(4,6)));

STEP 103 [Heur. uSPR RF -> NNI_Substep_97] - Distance: 7.0000
((29,13),22,(((((((2,(25,1)),21),(24,14)),(16,11)),((7,(30,5)),9)),((3,(27,19)),((((28,26),8),10),((23,(18,12)),((15,17),20))))),(4,6)));

STEP 104 [Heur. uSPR RF -> NNI_Substep_98] - Distance: 7.0000
((29,13),22,(((((((2,(25,1)),21),(24,14)),((7,(30,5)),9)),(16,11)),((3,(27,19)),((((28,26),8),10),((23,(18,12)),((15,17),20))))),(4,6)));

STEP 105 [Heur. uSPR RF -> NNI_Substep_99] - Distance: 6.0000
((29,13),22,((((((2,(25,1)),21),(24,14)),(((7,(30,5)),9),(16,11))),((3,(27,19)),((((28,26),8),10),((23,(18,12)),((15,17),20))))),(4,6)));

STEP 106 [Heur. uSPR RF -> NNI_Substep_100] - Distance: 6.0000
((29,13),22,(((((((25,1),21),2),(24,14)),(((7,(30,5)),9),(16,11))),((3,(27,19)),((((28,26),8),10),((23,(18,12)),((15,17),20))))),(4,6)));

STEP 107 [Heur. uSPR RF -> NNI_Substep_101] - Distance: 6.0000
((29,13),22,(((((((25,1),21),(24,14)),2),(((7,(30,5)),9),(16,11))),((3,(27,19)),((((28,26),8),10),((23,(18,12)),((15,17),20))))),(4,6)));

STEP 108 [Heur. uSPR RF -> NNI_Substep_102] - Distance: 6.0000
((29,13),22,(((((((25,1),21),(24,14)),(((7,(30,5)),9),(16,11))),2),((3,(27,19)),((((28,26),8),10),((23,(18,12)),((15,17),20))))),(4,6)));

STEP 109 [Heur. uSPR RF -> NNI_Substep_103] - Distance: 5.0000
((29,13),22,((((((25,1),21),(24,14)),((((7,(30,5)),9),(16,11)),2)),((3,(27,19)),((((28,26),8),10),((23,(18,12)),((15,17),20))))),(4,6)));

STEP 110 [Heur. uSPR RF -> NNI_Substep_104] - Distance: 5.0000
((29,13),22,((((((1,21),25),(24,14)),((((7,(30,5)),9),(16,11)),2)),((3,(27,19)),((((28,26),8),10),((23,(18,12)),((15,17),20))))),(4,6)));

STEP 111 [Heur. uSPR RF -> NNI_Substep_105] - Distance: 5.0000
((29,13),22,((((((1,21),(24,14)),25),((((7,(30,5)),9),(16,11)),2)),((3,(27,19)),((((28,26),8),10),((23,(18,12)),((15,17),20))))),(4,6)));

STEP 112 [Heur. uSPR RF -> NNI_Substep_106] - Distance: 5.0000
((29,13),22,((((((1,21),(24,14)),((((7,(30,5)),9),(16,11)),2)),25),((3,(27,19)),((((28,26),8),10),((23,(18,12)),((15,17),20))))),(4,6)));

STEP 113 [Heur. uSPR RF -> NNI_Substep_107] - Distance: 4.0000
((29,13),22,(((((1,21),(24,14)),(((((7,(30,5)),9),(16,11)),2),25)),((3,(27,19)),((((28,26),8),10),((23,(18,12)),((15,17),20))))),(4,6)));

STEP 114 [Heur. uSPR RF -> NNI_Substep_108] - Distance: 4.0000
((29,13),22,((((((1,21),(24,14)),(((((7,(30,5)),9),(16,11)),2),25)),((((28,26),8),10),((23,(18,12)),((15,17),20)))),(3,(27,19))),(4,6)));

STEP 115 [Heur. uSPR RF -> NNI_Substep_109] - Distance: 4.0000
((29,13),22,((((((1,21),(24,14)),(((((7,(30,5)),9),(16,11)),2),25)),(3,(27,19))),((((28,26),8),10),((23,(18,12)),((15,17),20)))),(4,6)));

STEP 116 [Heur. uSPR RF -> NNI_Substep_110] - Distance: 3.0000
((29,13),22,((((((1,21),(24,14)),(3,(27,19))),(((((7,(30,5)),9),(16,11)),2),25)),((((28,26),8),10),((23,(18,12)),((15,17),20)))),(4,6)));

STEP 117 [Heur. uSPR RF -> NNI_Substep_111] - Distance: 3.0000
((29,13),22,((((((1,21),(3,(27,19))),(24,14)),(((((7,(30,5)),9),(16,11)),2),25)),((((28,26),8),10),((23,(18,12)),((15,17),20)))),(4,6)));

STEP 118 [Heur. uSPR RF -> NNI_Substep_112] - Distance: 2.0000
((29,13),22,((((((1,(3,(27,19))),21),(24,14)),(((((7,(30,5)),9),(16,11)),2),25)),((((28,26),8),10),((23,(18,12)),((15,17),20)))),(4,6)));

STEP 119 [Heur. uSPR RF -> NNI_Substep_113] - Distance: 1.0000
((29,13),22,((((((((7,(30,5)),9),(16,11)),2),25),((((28,26),8),10),((23,(18,12)),((15,17),20)))),(((1,(3,(27,19))),21),(24,14))),(4,6)));

STEP 120 [Heur. uSPR RF -> NNI_Substep_114] - Distance: 0.0000
((29,13),22,((((((((7,(30,5)),9),(16,11)),2),25),((((28,26),8),10),((23,(18,12)),((15,17),20)))),(((1,(3,(27,19))),(24,14)),21)),(4,6)));

========================================================
[FINAL] Total Steps: 120 | Final Distance: 0.0000
========================================================
