========================================================
HEURISTIC TRAJECTORY: VND Classic (RF)
========================================================
STEP 0 [START] - Distance: 27.0000
(25,((13,((27,(5,(17,4))),(10,26))),(18,3)),((29,(24,(((8,(19,(20,12))),(2,(21,23))),((7,(30,28)),(15,14))))),(((9,16),(6,11)),(22,1))));

STEP 1 [NNI_ClassicHeuristic_RF -> NNI_Substep_1] - Distance: 26.0000
(25,((13,((27,(4,(17,5))),(10,26))),(18,3)),((29,(24,(((8,(19,(20,12))),(2,(21,23))),((7,(30,28)),(15,14))))),(((9,16),(6,11)),(22,1))));

STEP 2 [NNI_ClassicHeuristic_RF -> NNI_Substep_2] - Distance: 25.0000
(25,((13,((27,(4,(17,5))),(10,26))),(18,3)),((29,(24,(((8,(19,(20,12))),(23,(21,2))),((7,(30,28)),(15,14))))),(((9,16),(6,11)),(22,1))));

STEP 3 [uSPR_ClassicHeuristic_RF -> NNI_Substep_1] - Distance: 25.0000
(25,((13,((27,(4,(17,5))),(10,26))),(18,3)),((29,(24,((((8,(19,(20,12))),23),(21,2)),((7,(30,28)),(15,14))))),(((9,16),(6,11)),(22,1))));

STEP 4 [uSPR_ClassicHeuristic_RF -> NNI_Substep_2] - Distance: 25.0000
(25,((13,((27,(4,(17,5))),(10,26))),(18,3)),((29,(24,((((8,(19,(20,12))),(21,2)),23),((7,(30,28)),(15,14))))),(((9,16),(6,11)),(22,1))));

STEP 5 [uSPR_ClassicHeuristic_RF -> NNI_Substep_3] - Distance: 25.0000
(25,((13,((27,(4,(17,5))),(10,26))),(18,3)),((29,(24,(((((19,(20,12)),(21,2)),8),23),((7,(30,28)),(15,14))))),(((9,16),(6,11)),(22,1))));

STEP 6 [uSPR_ClassicHeuristic_RF -> NNI_Substep_4] - Distance: 25.0000
(25,((13,((27,(4,(17,5))),(10,26))),(18,3)),((29,(24,(((8,(19,((20,12),(21,2)))),23),((7,(30,28)),(15,14))))),(((9,16),(6,11)),(22,1))));

STEP 7 [uSPR_ClassicHeuristic_RF -> NNI_Substep_5] - Distance: 24.0000
(25,((13,((27,(4,(17,5))),(10,26))),(18,3)),((29,(24,(((8,(19,(20,(12,(21,2))))),23),((7,(30,28)),(15,14))))),(((9,16),(6,11)),(22,1))));

STEP 8 [uSPR_ClassicHeuristic_RF -> NNI_Substep_6] - Distance: 24.0000
(25,((13,(((27,4),(17,5)),(10,26))),(18,3)),((29,(24,(((8,(19,(20,(12,(21,2))))),23),((7,(30,28)),(15,14))))),(((9,16),(6,11)),(22,1))));

STEP 9 [uSPR_ClassicHeuristic_RF -> NNI_Substep_7] - Distance: 24.0000
(25,((13,(((27,4),(10,26)),(17,5))),(18,3)),((29,(24,(((8,(19,(20,(12,(21,2))))),23),((7,(30,28)),(15,14))))),(((9,16),(6,11)),(22,1))));

STEP 10 [uSPR_ClassicHeuristic_RF -> NNI_Substep_8] - Distance: 24.0000
(25,(((13,((27,4),(10,26))),(17,5)),(18,3)),((29,(24,(((8,(19,(20,(12,(21,2))))),23),((7,(30,28)),(15,14))))),(((9,16),(6,11)),(22,1))));

STEP 11 [uSPR_ClassicHeuristic_RF -> NNI_Substep_9] - Distance: 24.0000
(25,(((13,((27,4),(10,26))),(18,3)),(17,5)),((29,(24,(((8,(19,(20,(12,(21,2))))),23),((7,(30,28)),(15,14))))),(((9,16),(6,11)),(22,1))));

STEP 12 [uSPR_ClassicHeuristic_RF -> NNI_Substep_10] - Distance: 24.0000
(25,((13,((27,4),(10,26))),((18,3),(17,5))),((29,(24,(((8,(19,(20,(12,(21,2))))),23),((7,(30,28)),(15,14))))),(((9,16),(6,11)),(22,1))));

STEP 13 [uSPR_ClassicHeuristic_RF -> NNI_Substep_11] - Distance: 23.0000
(25,((13,((27,4),(10,26))),((18,(17,5)),3)),((29,(24,(((8,(19,(20,(12,(21,2))))),23),((7,(30,28)),(15,14))))),(((9,16),(6,11)),(22,1))));

STEP 14 [uSPR_ClassicHeuristic_RF -> NNI_Substep_12] - Distance: 23.0000
(25,((13,(((27,4),10),26)),((18,(17,5)),3)),((29,(24,(((8,(19,(20,(12,(21,2))))),23),((7,(30,28)),(15,14))))),(((9,16),(6,11)),(22,1))));

STEP 15 [uSPR_ClassicHeuristic_RF -> NNI_Substep_13] - Distance: 23.0000
(25,(((13,((27,4),10)),26),((18,(17,5)),3)),((29,(24,(((8,(19,(20,(12,(21,2))))),23),((7,(30,28)),(15,14))))),(((9,16),(6,11)),(22,1))));

STEP 16 [uSPR_ClassicHeuristic_RF -> NNI_Substep_14] - Distance: 23.0000
(25,(((13,((27,4),10)),((18,(17,5)),3)),26),((29,(24,(((8,(19,(20,(12,(21,2))))),23),((7,(30,28)),(15,14))))),(((9,16),(6,11)),(22,1))));

STEP 17 [uSPR_ClassicHeuristic_RF -> NNI_Substep_15] - Distance: 23.0000
(25,((13,((27,4),10)),((18,(17,5)),3)),(((29,(24,(((8,(19,(20,(12,(21,2))))),23),((7,(30,28)),(15,14))))),(((9,16),(6,11)),(22,1))),26));

STEP 18 [uSPR_ClassicHeuristic_RF -> NNI_Substep_16] - Distance: 23.0000
(25,((13,((27,4),10)),((18,(17,5)),3)),(((29,(24,(((8,(19,(20,(12,(21,2))))),23),((7,(30,28)),(15,14))))),26),(((9,16),(6,11)),(22,1))));

STEP 19 [uSPR_ClassicHeuristic_RF -> NNI_Substep_17] - Distance: 22.0000
(25,((13,((27,4),10)),((18,(17,5)),3)),(((29,26),(24,(((8,(19,(20,(12,(21,2))))),23),((7,(30,28)),(15,14))))),(((9,16),(6,11)),(22,1))));

STEP 20 [uSPR_ClassicHeuristic_RF -> NNI_Substep_18] - Distance: 22.0000
(25,((13,((27,4),10)),((18,(17,5)),3)),(((24,(((8,(19,(20,(12,(21,2))))),23),((7,(30,28)),(15,14)))),(((9,16),(6,11)),(22,1))),(29,26)));

STEP 21 [uSPR_ClassicHeuristic_RF -> NNI_Substep_19] - Distance: 21.0000
((25,(29,26)),((13,((27,4),10)),((18,(17,5)),3)),((24,(((8,(19,(20,(12,(21,2))))),23),((7,(30,28)),(15,14)))),(((9,16),(6,11)),(22,1))));

STEP 22 [uSPR_ClassicHeuristic_RF -> NNI_Substep_20] - Distance: 21.0000
((25,(29,26)),(((13,((27,4),10)),(18,(17,5))),3),((24,(((8,(19,(20,(12,(21,2))))),23),((7,(30,28)),(15,14)))),(((9,16),(6,11)),(22,1))));

STEP 23 [uSPR_ClassicHeuristic_RF -> NNI_Substep_21] - Distance: 21.0000
((25,(29,26)),((13,((27,4),10)),(18,(17,5))),(((24,(((8,(19,(20,(12,(21,2))))),23),((7,(30,28)),(15,14)))),(((9,16),(6,11)),(22,1))),3));

STEP 24 [uSPR_ClassicHeuristic_RF -> NNI_Substep_22] - Distance: 21.0000
((25,(29,26)),((13,((27,4),10)),(18,(17,5))),((24,(((8,(19,(20,(12,(21,2))))),23),((7,(30,28)),(15,14)))),((((9,16),(6,11)),(22,1)),3)));

STEP 25 [uSPR_ClassicHeuristic_RF -> NNI_Substep_23] - Distance: 21.0000
((25,(29,26)),((13,((27,4),10)),(18,(17,5))),((24,(((8,(19,(20,(12,(21,2))))),23),((7,(30,28)),(15,14)))),((((9,16),(6,11)),3),(22,1))));

STEP 26 [uSPR_ClassicHeuristic_RF -> NNI_Substep_24] - Distance: 21.0000
((25,(29,26)),((13,((27,4),10)),(18,(17,5))),((24,(((8,(19,(20,(12,(21,2))))),23),((7,(30,28)),(15,14)))),(((9,16),((6,11),3)),(22,1))));

STEP 27 [uSPR_ClassicHeuristic_RF -> NNI_Substep_25] - Distance: 20.0000
((25,(29,26)),((13,((27,4),10)),(18,(17,5))),((24,(((8,(19,(20,(12,(21,2))))),23),((7,(30,28)),(15,14)))),(((9,16),(6,(11,3))),(22,1))));

STEP 28 [uSPR_ClassicHeuristic_RF -> NNI_Substep_26] - Distance: 20.0000
((25,(29,26)),(13,((27,4),10)),(((24,(((8,(19,(20,(12,(21,2))))),23),((7,(30,28)),(15,14)))),(((9,16),(6,(11,3))),(22,1))),(18,(17,5))));

STEP 29 [uSPR_ClassicHeuristic_RF -> NNI_Substep_27] - Distance: 20.0000
((25,(29,26)),(13,((27,4),10)),((24,(((8,(19,(20,(12,(21,2))))),23),((7,(30,28)),(15,14)))),((((9,16),(6,(11,3))),(22,1)),(18,(17,5)))));

STEP 30 [uSPR_ClassicHeuristic_RF -> NNI_Substep_28] - Distance: 20.0000
((25,(29,26)),(13,((27,4),10)),((24,(((8,(19,(20,(12,(21,2))))),23),((7,(30,28)),(15,14)))),((((9,16),(6,(11,3))),(18,(17,5))),(22,1))));

STEP 31 [uSPR_ClassicHeuristic_RF -> NNI_Substep_29] - Distance: 20.0000
((25,(29,26)),(13,((27,4),10)),((24,(((8,(19,(20,(12,(21,2))))),23),((7,(30,28)),(15,14)))),(((9,16),((6,(11,3)),(18,(17,5)))),(22,1))));

STEP 32 [uSPR_ClassicHeuristic_RF -> NNI_Substep_30] - Distance: 19.0000
((25,(29,26)),(13,((27,4),10)),((24,(((8,(19,(20,(12,(21,2))))),23),((7,(30,28)),(15,14)))),(((9,16),((6,(18,(17,5))),(11,3))),(22,1))));

STEP 33 [uSPR_ClassicHeuristic_RF -> NNI_Substep_31] - Distance: 19.0000
((25,(29,26)),(13,((27,4),10)),((24,(((8,(19,(20,(12,(21,2))))),23),((7,(30,28)),(15,14)))),((((9,16),(11,3)),(6,(18,(17,5)))),(22,1))));

STEP 34 [uSPR_ClassicHeuristic_RF -> NNI_Substep_32] - Distance: 19.0000
((25,(29,26)),(13,((27,4),10)),((24,(((8,(19,(20,(12,(21,2))))),23),((7,(30,28)),(15,14)))),((((9,16),(11,3)),(22,1)),(6,(18,(17,5))))));

STEP 35 [uSPR_ClassicHeuristic_RF -> NNI_Substep_33] - Distance: 19.0000
((25,(29,26)),(13,((27,4),10)),(((24,(((8,(19,(20,(12,(21,2))))),23),((7,(30,28)),(15,14)))),(((9,16),(11,3)),(22,1))),(6,(18,(17,5)))));

STEP 36 [uSPR_ClassicHeuristic_RF -> NNI_Substep_34] - Distance: 19.0000
((25,(29,26)),(13,((27,4),10)),(((24,(((8,(19,(20,(12,(21,2))))),23),((7,(30,28)),(15,14)))),(6,(18,(17,5)))),(((9,16),(11,3)),(22,1))));

STEP 37 [uSPR_ClassicHeuristic_RF -> NNI_Substep_35] - Distance: 18.0000
((25,(29,26)),(13,((27,4),10)),(((24,(6,(18,(17,5)))),(((8,(19,(20,(12,(21,2))))),23),((7,(30,28)),(15,14)))),(((9,16),(11,3)),(22,1))));

STEP 38 [uSPR_ClassicHeuristic_RF -> NNI_Substep_36] - Distance: 18.0000
((25,(29,26)),((13,(27,4)),10),(((24,(6,(18,(17,5)))),(((8,(19,(20,(12,(21,2))))),23),((7,(30,28)),(15,14)))),(((9,16),(11,3)),(22,1))));

STEP 39 [uSPR_ClassicHeuristic_RF -> NNI_Substep_37] - Distance: 18.0000
((25,(29,26)),(13,(27,4)),((((24,(6,(18,(17,5)))),(((8,(19,(20,(12,(21,2))))),23),((7,(30,28)),(15,14)))),(((9,16),(11,3)),(22,1))),10));

STEP 40 [uSPR_ClassicHeuristic_RF -> NNI_Substep_38] - Distance: 18.0000
((25,(29,26)),(13,(27,4)),((((24,(6,(18,(17,5)))),(((8,(19,(20,(12,(21,2))))),23),((7,(30,28)),(15,14)))),10),(((9,16),(11,3)),(22,1))));

STEP 41 [uSPR_ClassicHeuristic_RF -> NNI_Substep_39] - Distance: 18.0000
((25,(29,26)),(13,(27,4)),(((24,(6,(18,(17,5)))),((((8,(19,(20,(12,(21,2))))),23),((7,(30,28)),(15,14))),10)),(((9,16),(11,3)),(22,1))));

STEP 42 [uSPR_ClassicHeuristic_RF -> NNI_Substep_40] - Distance: 18.0000
((25,(29,26)),(13,(27,4)),(((24,(6,(18,(17,5)))),(((8,(19,(20,(12,(21,2))))),23),(((7,(30,28)),(15,14)),10))),(((9,16),(11,3)),(22,1))));

STEP 43 [uSPR_ClassicHeuristic_RF -> NNI_Substep_41] - Distance: 18.0000
((25,(29,26)),(13,(27,4)),(((24,(6,(18,(17,5)))),(((8,(19,(20,(12,(21,2))))),23),((7,(30,28)),((15,14),10)))),(((9,16),(11,3)),(22,1))));

STEP 44 [uSPR_ClassicHeuristic_RF -> NNI_Substep_42] - Distance: 17.0000
((25,(29,26)),(13,(27,4)),(((24,(6,(18,(17,5)))),(((8,(19,(20,(12,(21,2))))),23),((7,(30,28)),((15,10),14)))),(((9,16),(11,3)),(22,1))));

STEP 45 [uSPR_ClassicHeuristic_RF -> NNI_Substep_43] - Distance: 17.0000
((25,(29,26)),(13,(27,4)),(((24,(6,(18,(17,5)))),(((8,(19,(20,(12,(21,2))))),23),(((7,(30,28)),14),(15,10)))),(((9,16),(11,3)),(22,1))));

STEP 46 [uSPR_ClassicHeuristic_RF -> NNI_Substep_44] - Distance: 17.0000
((25,(29,26)),(13,(27,4)),(((24,(6,(18,(17,5)))),((((8,(19,(20,(12,(21,2))))),23),((7,(30,28)),14)),(15,10))),(((9,16),(11,3)),(22,1))));

STEP 47 [uSPR_ClassicHeuristic_RF -> NNI_Substep_45] - Distance: 17.0000
((25,(29,26)),(13,(27,4)),(((24,(6,(18,(17,5)))),((((8,(19,(20,(12,(21,2))))),23),(15,10)),((7,(30,28)),14))),(((9,16),(11,3)),(22,1))));

STEP 48 [uSPR_ClassicHeuristic_RF -> NNI_Substep_46] - Distance: 16.0000
((25,(29,26)),(13,(27,4)),(((24,(6,(18,(17,5)))),(((8,(19,(20,(12,(21,2))))),(23,(15,10))),((7,(30,28)),14))),(((9,16),(11,3)),(22,1))));

STEP 49 [uSPR_ClassicHeuristic_RF -> NNI_Substep_47] - Distance: 16.0000
((25,(29,26)),(13,(27,4)),(((24,(6,(18,(17,5)))),(((8,(19,(20,(12,(21,2))))),((7,(30,28)),14)),(23,(15,10)))),(((9,16),(11,3)),(22,1))));

STEP 50 [uSPR_ClassicHeuristic_RF -> NNI_Substep_48] - Distance: 16.0000
((25,(29,26)),(13,(27,4)),((((24,(6,(18,(17,5)))),((8,(19,(20,(12,(21,2))))),((7,(30,28)),14))),(23,(15,10))),(((9,16),(11,3)),(22,1))));

STEP 51 [uSPR_ClassicHeuristic_RF -> NNI_Substep_49] - Distance: 16.0000
((25,(29,26)),(13,(27,4)),((((24,(6,(18,(17,5)))),((8,(19,(20,(12,(21,2))))),((7,(30,28)),14))),(((9,16),(11,3)),(22,1))),(23,(15,10))));

STEP 52 [uSPR_ClassicHeuristic_RF -> NNI_Substep_50] - Distance: 16.0000
((25,(29,26)),((13,(27,4)),(23,(15,10))),(((24,(6,(18,(17,5)))),((8,(19,(20,(12,(21,2))))),((7,(30,28)),14))),(((9,16),(11,3)),(22,1))));

STEP 53 [uSPR_ClassicHeuristic_RF -> NNI_Substep_51] - Distance: 16.0000
((25,(29,26)),(13,((27,4),(23,(15,10)))),(((24,(6,(18,(17,5)))),((8,(19,(20,(12,(21,2))))),((7,(30,28)),14))),(((9,16),(11,3)),(22,1))));

STEP 54 [uSPR_ClassicHeuristic_RF -> NNI_Substep_52] - Distance: 15.0000
((25,(29,26)),(13,(27,(4,(23,(15,10))))),(((24,(6,(18,(17,5)))),((8,(19,(20,(12,(21,2))))),((7,(30,28)),14))),(((9,16),(11,3)),(22,1))));

STEP 55 [uSPR_ClassicHeuristic_RF -> NNI_Substep_53] - Distance: 15.0000
(13,(27,(4,(23,(15,10)))),((((24,(6,(18,(17,5)))),((8,(19,(20,(12,(21,2))))),((7,(30,28)),14))),(25,(29,26))),(((9,16),(11,3)),(22,1))));

STEP 56 [uSPR_ClassicHeuristic_RF -> NNI_Substep_54] - Distance: 15.0000
(13,(27,(4,(23,(15,10)))),(((24,(6,(18,(17,5)))),(((8,(19,(20,(12,(21,2))))),((7,(30,28)),14)),(25,(29,26)))),(((9,16),(11,3)),(22,1))));

STEP 57 [uSPR_ClassicHeuristic_RF -> NNI_Substep_55] - Distance: 15.0000
(13,(27,(4,(23,(15,10)))),(((24,(6,(18,(17,5)))),(((8,(19,(20,(12,(21,2))))),(25,(29,26))),((7,(30,28)),14))),(((9,16),(11,3)),(22,1))));

STEP 58 [uSPR_ClassicHeuristic_RF -> NNI_Substep_56] - Distance: 15.0000
(13,(27,(4,(23,(15,10)))),(((24,(6,(18,(17,5)))),((8,((19,(20,(12,(21,2)))),(25,(29,26)))),((7,(30,28)),14))),(((9,16),(11,3)),(22,1))));

STEP 59 [uSPR_ClassicHeuristic_RF -> NNI_Substep_57] - Distance: 15.0000
(13,(27,(4,(23,(15,10)))),(((24,(6,(18,(17,5)))),((8,(19,((20,(12,(21,2))),(25,(29,26))))),((7,(30,28)),14))),(((9,16),(11,3)),(22,1))));

STEP 60 [uSPR_ClassicHeuristic_RF -> NNI_Substep_58] - Distance: 14.0000
(13,(27,(4,(23,(15,10)))),(((24,(6,(18,(17,5)))),((8,(19,(20,((12,(21,2)),(25,(29,26)))))),((7,(30,28)),14))),(((9,16),(11,3)),(22,1))));

STEP 61 [uSPR_ClassicHeuristic_RF -> NNI_Substep_59] - Distance: 14.0000
(13,(27,(4,(23,(15,10)))),(((24,(6,(18,(17,5)))),((8,(19,(20,((12,(21,2)),(25,(29,26)))))),((7,(30,28)),14))),((((9,16),(11,3)),1),22)));

STEP 62 [uSPR_ClassicHeuristic_RF -> NNI_Substep_60] - Distance: 14.0000
(13,(27,(4,(23,(15,10)))),((((24,(6,(18,(17,5)))),((8,(19,(20,((12,(21,2)),(25,(29,26)))))),((7,(30,28)),14))),(((9,16),(11,3)),1)),22));

STEP 63 [uSPR_ClassicHeuristic_RF -> NNI_Substep_61] - Distance: 14.0000
(13,(27,(4,(23,(15,10)))),((((24,(6,(18,(17,5)))),((8,(19,(20,((12,(21,2)),(25,(29,26)))))),((7,(30,28)),14))),22),(((9,16),(11,3)),1)));

STEP 64 [uSPR_ClassicHeuristic_RF -> NNI_Substep_62] - Distance: 14.0000
(13,(27,(4,(23,(15,10)))),(((24,(6,(18,(17,5)))),(((8,(19,(20,((12,(21,2)),(25,(29,26)))))),((7,(30,28)),14)),22)),(((9,16),(11,3)),1)));

STEP 65 [uSPR_ClassicHeuristic_RF -> NNI_Substep_63] - Distance: 14.0000
(13,(27,(4,(23,(15,10)))),(((24,(6,(18,(17,5)))),(((8,(19,(20,((12,(21,2)),(25,(29,26)))))),22),((7,(30,28)),14))),(((9,16),(11,3)),1)));

STEP 66 [uSPR_ClassicHeuristic_RF -> NNI_Substep_64] - Distance: 13.0000
(13,(27,(4,(23,(15,10)))),(((24,(6,(18,(17,5)))),((8,((19,(20,((12,(21,2)),(25,(29,26))))),22)),((7,(30,28)),14))),(((9,16),(11,3)),1)));

STEP 67 [uSPR_ClassicHeuristic_RF -> NNI_Substep_65] - Distance: 13.0000
(13,(27,(4,(23,(15,10)))),(((24,(6,(18,(17,5)))),((8,(19,((20,((12,(21,2)),(25,(29,26)))),22))),((7,(30,28)),14))),(((9,16),(11,3)),1)));

STEP 68 [uSPR_ClassicHeuristic_RF -> NNI_Substep_66] - Distance: 12.0000
(13,(27,(4,(23,(15,10)))),(((24,(6,(18,(17,5)))),((8,(19,((20,22),((12,(21,2)),(25,(29,26)))))),((7,(30,28)),14))),(((9,16),(11,3)),1)));

STEP 69 [uSPR_ClassicHeuristic_RF -> NNI_Substep_67] - Distance: 12.0000
(13,(27,(4,(23,(15,10)))),(((24,(6,(18,(17,5)))),((8,((19,((12,(21,2)),(25,(29,26)))),(20,22))),((7,(30,28)),14))),(((9,16),(11,3)),1)));

STEP 70 [uSPR_ClassicHeuristic_RF -> NNI_Substep_68] - Distance: 11.0000
(13,(27,(4,(23,(15,10)))),(((24,(6,(18,(17,5)))),((8,((19,(20,22)),((12,(21,2)),(25,(29,26))))),((7,(30,28)),14))),(((9,16),(11,3)),1)));

STEP 71 [uSPR_ClassicHeuristic_RF -> NNI_Substep_69] - Distance: 11.0000
(13,(4,(23,(15,10))),((((24,(6,(18,(17,5)))),((8,((19,(20,22)),((12,(21,2)),(25,(29,26))))),((7,(30,28)),14))),(((9,16),(11,3)),1)),27));

STEP 72 [uSPR_ClassicHeuristic_RF -> NNI_Substep_70] - Distance: 11.0000
(13,(4,(23,(15,10))),((((24,(6,(18,(17,5)))),((8,((19,(20,22)),((12,(21,2)),(25,(29,26))))),((7,(30,28)),14))),27),(((9,16),(11,3)),1)));

STEP 73 [uSPR_ClassicHeuristic_RF -> NNI_Substep_71] - Distance: 11.0000
(13,(4,(23,(15,10))),(((24,(6,(18,(17,5)))),(((8,((19,(20,22)),((12,(21,2)),(25,(29,26))))),((7,(30,28)),14)),27)),(((9,16),(11,3)),1)));

STEP 74 [uSPR_ClassicHeuristic_RF -> NNI_Substep_72] - Distance: 11.0000
(13,(4,(23,(15,10))),(((24,(6,(18,(17,5)))),((8,((19,(20,22)),((12,(21,2)),(25,(29,26))))),(((7,(30,28)),14),27))),(((9,16),(11,3)),1)));

STEP 75 [uSPR_ClassicHeuristic_RF -> NNI_Substep_73] - Distance: 11.0000
(13,(4,(23,(15,10))),(((24,(6,(18,(17,5)))),((8,((19,(20,22)),((12,(21,2)),(25,(29,26))))),(((7,(30,28)),27),14))),(((9,16),(11,3)),1)));

STEP 76 [uSPR_ClassicHeuristic_RF -> NNI_Substep_74] - Distance: 10.0000
(13,(4,(23,(15,10))),(((24,(6,(18,(17,5)))),((8,((19,(20,22)),((12,(21,2)),(25,(29,26))))),(((7,27),(30,28)),14))),(((9,16),(11,3)),1)));

STEP 77 [uSPR_ClassicHeuristic_RF -> NNI_Substep_75] - Distance: 10.0000
(13,(4,(23,(15,10))),(((24,(6,(18,(17,5)))),((8,((19,(20,22)),((12,(21,2)),(25,(29,26))))),(((30,28),14),(7,27)))),(((9,16),(11,3)),1)));

STEP 78 [uSPR_ClassicHeuristic_RF -> NNI_Substep_76] - Distance: 10.0000
(13,(4,(23,(15,10))),(((24,(6,(18,(17,5)))),(((8,((19,(20,22)),((12,(21,2)),(25,(29,26))))),((30,28),14)),(7,27))),(((9,16),(11,3)),1)));

STEP 79 [uSPR_ClassicHeuristic_RF -> NNI_Substep_77] - Distance: 10.0000
(13,(4,(23,(15,10))),(((24,(6,(18,(17,5)))),(((8,((19,(20,22)),((12,(21,2)),(25,(29,26))))),(7,27)),((30,28),14))),(((9,16),(11,3)),1)));

STEP 80 [uSPR_ClassicHeuristic_RF -> NNI_Substep_78] - Distance: 9.0000
(13,(4,(23,(15,10))),(((24,(6,(18,(17,5)))),(((8,(7,27)),((19,(20,22)),((12,(21,2)),(25,(29,26))))),((30,28),14))),(((9,16),(11,3)),1)));

STEP 81 [uSPR_ClassicHeuristic_RF -> NNI_Substep_79] - Distance: 9.0000
(13,(4,(23,(15,10))),(((24,(6,(18,(17,5)))),((((19,(20,22)),((12,(21,2)),(25,(29,26)))),((30,28),14)),(8,(7,27)))),(((9,16),(11,3)),1)));

STEP 82 [uSPR_ClassicHeuristic_RF -> NNI_Substep_80] - Distance: 9.0000
(13,(4,(23,(15,10))),((((24,(6,(18,(17,5)))),(((19,(20,22)),((12,(21,2)),(25,(29,26)))),((30,28),14))),(8,(7,27))),(((9,16),(11,3)),1)));

STEP 83 [uSPR_ClassicHeuristic_RF -> NNI_Substep_81] - Distance: 9.0000
(13,(4,(23,(15,10))),((((24,(6,(18,(17,5)))),(((19,(20,22)),((12,(21,2)),(25,(29,26)))),((30,28),14))),(((9,16),(11,3)),1)),(8,(7,27))));

STEP 84 [uSPR_ClassicHeuristic_RF -> NNI_Substep_82] - Distance: 8.0000
((13,(8,(7,27))),(4,(23,(15,10))),(((24,(6,(18,(17,5)))),(((19,(20,22)),((12,(21,2)),(25,(29,26)))),((30,28),14))),(((9,16),(11,3)),1)));

STEP 85 [uSPR_ClassicHeuristic_RF -> NNI_Substep_83] - Distance: 8.0000
(4,(23,(15,10)),((((24,(6,(18,(17,5)))),(((19,(20,22)),((12,(21,2)),(25,(29,26)))),((30,28),14))),(13,(8,(7,27)))),(((9,16),(11,3)),1)));

STEP 86 [uSPR_ClassicHeuristic_RF -> NNI_Substep_84] - Distance: 7.0000
(4,(23,(15,10)),((((24,(6,(18,(17,5)))),(13,(8,(7,27)))),(((19,(20,22)),((12,(21,2)),(25,(29,26)))),((30,28),14))),(((9,16),(11,3)),1)));

STEP 87 [uSPR_ClassicHeuristic_RF -> NNI_Substep_85] - Distance: 7.0000
(4,(23,(15,10)),((((24,(6,(18,(17,5)))),(13,(8,(7,27)))),(((19,(20,22)),((12,(21,2)),(25,(29,26)))),((30,14),28))),(((9,16),(11,3)),1)));

STEP 88 [uSPR_ClassicHeuristic_RF -> NNI_Substep_86] - Distance: 7.0000
(4,(23,(15,10)),((((24,(6,(18,(17,5)))),(13,(8,(7,27)))),((((19,(20,22)),((12,(21,2)),(25,(29,26)))),(30,14)),28)),(((9,16),(11,3)),1)));

STEP 89 [uSPR_ClassicHeuristic_RF -> NNI_Substep_87] - Distance: 7.0000
(4,(23,(15,10)),(((((24,(6,(18,(17,5)))),(13,(8,(7,27)))),(((19,(20,22)),((12,(21,2)),(25,(29,26)))),(30,14))),28),(((9,16),(11,3)),1)));

STEP 90 [uSPR_ClassicHeuristic_RF -> NNI_Substep_88] - Distance: 6.0000
(4,(23,(15,10)),(((((24,(6,(18,(17,5)))),(13,(8,(7,27)))),(((19,(20,22)),((12,(21,2)),(25,(29,26)))),(30,14))),(((9,16),(11,3)),1)),28));

STEP 91 [uSPR_ClassicHeuristic_RF -> NNI_Substep_89] - Distance: 6.0000
(4,(23,(15,10)),(((((24,(6,(18,(17,5)))),(13,(8,(7,27)))),((((19,(20,22)),((12,(21,2)),(25,(29,26)))),14),30)),(((9,16),(11,3)),1)),28));

STEP 92 [uSPR_ClassicHeuristic_RF -> NNI_Substep_90] - Distance: 6.0000
(4,(23,(15,10)),((((((24,(6,(18,(17,5)))),(13,(8,(7,27)))),(((19,(20,22)),((12,(21,2)),(25,(29,26)))),14)),30),(((9,16),(11,3)),1)),28));

STEP 93 [uSPR_ClassicHeuristic_RF -> NNI_Substep_91] - Distance: 6.0000
(4,(23,(15,10)),((((((24,(6,(18,(17,5)))),(13,(8,(7,27)))),(((19,(20,22)),((12,(21,2)),(25,(29,26)))),14)),(((9,16),(11,3)),1)),30),28));

STEP 94 [uSPR_ClassicHeuristic_RF -> NNI_Substep_92] - Distance: 6.0000
(4,(23,(15,10)),(((((24,(6,(18,(17,5)))),(13,(8,(7,27)))),(((19,(20,22)),((12,(21,2)),(25,(29,26)))),14)),((((9,16),(11,3)),1),30)),28));

STEP 95 [uSPR_ClassicHeuristic_RF -> NNI_Substep_93] - Distance: 5.0000
(4,(23,(15,10)),(((((24,(6,(18,(17,5)))),(13,(8,(7,27)))),(((19,(20,22)),((12,(21,2)),(25,(29,26)))),14)),(((9,16),(11,3)),(1,30))),28));

STEP 96 [uSPR_ClassicHeuristic_RF -> NNI_Substep_94] - Distance: 5.0000
(4,(23,(15,10)),(((((24,(6,(18,(17,5)))),(13,(8,(7,27)))),(((19,(20,22)),((12,(21,2)),(25,(29,26)))),14)),(((9,16),(1,30)),(11,3))),28));

STEP 97 [uSPR_ClassicHeuristic_RF -> NNI_Substep_95] - Distance: 4.0000
(4,(23,(15,10)),(((((24,(6,(18,(17,5)))),(13,(8,(7,27)))),(((19,(20,22)),((12,(21,2)),(25,(29,26)))),14)),(((9,(1,30)),16),(11,3))),28));

STEP 98 [uSPR_ClassicHeuristic_RF -> NNI_Substep_96] - Distance: 4.0000
(4,(23,(15,10)),((((((19,(20,22)),((12,(21,2)),(25,(29,26)))),14),(((9,(1,30)),16),(11,3))),((24,(6,(18,(17,5)))),(13,(8,(7,27))))),28));

STEP 99 [uSPR_ClassicHeuristic_RF -> NNI_Substep_97] - Distance: 4.0000
(4,(23,(15,10)),((((((9,(1,30)),16),(11,3)),((24,(6,(18,(17,5)))),(13,(8,(7,27))))),(((19,(20,22)),((12,(21,2)),(25,(29,26)))),14)),28));

STEP 100 [uSPR_ClassicHeuristic_RF -> NNI_Substep_98] - Distance: 4.0000
(4,(23,(15,10)),((((((9,(1,30)),16),((24,(6,(18,(17,5)))),(13,(8,(7,27))))),(11,3)),(((19,(20,22)),((12,(21,2)),(25,(29,26)))),14)),28));

STEP 101 [uSPR_ClassicHeuristic_RF -> NNI_Substep_99] - Distance: 3.0000
(4,(23,(15,10)),(((((19,(20,22)),((12,(21,2)),(25,(29,26)))),14),(((9,(1,30)),(16,((24,(6,(18,(17,5)))),(13,(8,(7,27)))))),(11,3))),28));

STEP 102 [uSPR_ClassicHeuristic_RF -> NNI_Substep_100] - Distance: 3.0000
(4,(23,(15,10)),(((((19,(20,22)),((12,(21,2)),(25,(29,26)))),14),(((9,(1,30)),(11,3)),(16,((24,(6,(18,(17,5)))),(13,(8,(7,27))))))),28));

STEP 103 [uSPR_ClassicHeuristic_RF -> NNI_Substep_101] - Distance: 2.0000
(4,(23,(15,10)),((((((19,(20,22)),((12,(21,2)),(25,(29,26)))),14),((9,(1,30)),(11,3))),(16,((24,(6,(18,(17,5)))),(13,(8,(7,27)))))),28));

STEP 104 [uSPR_ClassicHeuristic_RF -> NNI_Substep_102] - Distance: 2.0000
(4,(23,(15,10)),((((((19,(20,22)),((12,(21,2)),(25,(29,26)))),((9,(1,30)),(11,3))),14),(16,((24,(6,(18,(17,5)))),(13,(8,(7,27)))))),28));

STEP 105 [uSPR_ClassicHeuristic_RF -> NNI_Substep_103] - Distance: 1.0000
(4,(23,(15,10)),((((((9,(1,30)),(11,3)),14),((19,(20,22)),((12,(21,2)),(25,(29,26))))),(16,((24,(6,(18,(17,5)))),(13,(8,(7,27)))))),28));

STEP 106 [uSPR_ClassicHeuristic_RF -> NNI_Substep_104] - Distance: 0.0000
(4,(23,(15,10)),((((((9,(1,30)),14),(11,3)),((19,(20,22)),((12,(21,2)),(25,(29,26))))),(16,((24,(6,(18,(17,5)))),(13,(8,(7,27)))))),28));

========================================================
[FINAL] Total Steps: 106 | Final Distance: 0.0000
========================================================
