========================================================
HEURISTIC TRAJECTORY: VND Incremental (MC_RF)
========================================================
STEP 0 [START] - Distance: 160.0000
(((25,(((2,(11,(27,20))),(30,(13,4))),((6,(5,3)),(9,7)))),((28,(10,(24,26))),(23,8))),((29,((1,((16,15),(22,19))),(18,17))),(12,(21,14))));

STEP 1 [NNI_IncrementalHeuristic_MC_RF -> NNI_Substep_1] - Distance: 146.0000
((12,(21,14)),((29,((1,((16,15),(22,19))),(18,17))),((((2,(11,(27,20))),(30,(13,4))),(25,((6,(5,3)),(9,7)))),((28,(10,(24,26))),(23,8)))));

STEP 2 [NNI_IncrementalHeuristic_MC_RF -> NNI_Substep_2] - Distance: 143.0000
((12,(21,14)),((29,((1,((16,15),(22,19))),(18,17))),((((28,(10,(24,26))),(23,8)),(25,((6,(5,3)),(9,7)))),((2,(11,(27,20))),(30,(13,4))))));

STEP 3 [NNI_IncrementalHeuristic_MC_RF -> NNI_Substep_3] - Distance: 141.0000
((12,(21,14)),((29,((1,((16,15),(22,19))),(18,17))),((((25,((6,(5,3)),(9,7))),(23,8)),(28,(10,(24,26)))),((2,(11,(27,20))),(30,(13,4))))));

STEP 4 [NNI_IncrementalHeuristic_MC_RF -> NNI_Substep_4] - Distance: 139.0000
((12,(21,14)),((29,((1,((16,15),(22,19))),(18,17))),((((25,((6,(5,3)),(9,7))),(23,8)),(28,(10,(24,26)))),((2,(30,(13,4))),(11,(27,20))))));

STEP 5 [NNI_IncrementalHeuristic_MC_RF -> NNI_Substep_5] - Distance: 138.0000
((12,(21,14)),((29,(((16,15),(1,(22,19))),(18,17))),((((25,((6,(5,3)),(9,7))),(23,8)),(28,(10,(24,26)))),((2,(30,(13,4))),(11,(27,20))))));

STEP 6 [NNI_IncrementalHeuristic_MC_RF -> NNI_Substep_6] - Distance: 136.0000
((12,(21,14)),((((16,15),(1,(22,19))),(29,(18,17))),((((25,((6,(5,3)),(9,7))),(23,8)),(28,(10,(24,26)))),((2,(30,(13,4))),(11,(27,20))))));

STEP 7 [NNI_IncrementalHeuristic_MC_RF -> NNI_Substep_7] - Distance: 135.0000
((12,(21,14)),((((29,(18,17)),(1,(22,19))),(16,15)),((((25,((6,(5,3)),(9,7))),(23,8)),(28,(10,(24,26)))),((2,(30,(13,4))),(11,(27,20))))));

STEP 8 [NNI_IncrementalHeuristic_MC_RF -> NNI_Substep_8] - Distance: 134.0000
((12,(21,14)),((((29,(18,17)),(1,(22,19))),(16,15)),((((25,(23,8)),((6,(5,3)),(9,7))),(28,(10,(24,26)))),((2,(30,(13,4))),(11,(27,20))))));

STEP 9 [NNI_IncrementalHeuristic_MC_RF -> NNI_Substep_9] - Distance: 133.0000
((12,(21,14)),((((29,(18,17)),(1,(22,19))),(16,15)),((((25,(23,8)),((6,(5,3)),(9,7))),((24,26),(10,28))),((2,(30,(13,4))),(11,(27,20))))));

STEP 10 [NNI_IncrementalHeuristic_MC_RF -> NNI_Substep_10] - Distance: 132.0000
((12,(21,14)),((((29,(18,17)),(1,(22,19))),(16,15)),((((25,(23,8)),((6,(5,3)),(9,7))),((24,26),(10,28))),(((13,4),(30,2)),(11,(27,20))))));

STEP 11 [NNI_IncrementalHeuristic_MC_RF -> NNI_Substep_11] - Distance: 131.0000
((12,(21,14)),((((29,(18,17)),(1,(22,19))),(16,15)),((((25,(23,8)),((6,(5,3)),(9,7))),((24,26),(10,28))),(((11,(27,20)),(30,2)),(13,4)))));

STEP 12 [TBR_IncrementalHeuristic_MC_RF -> NNI_Substep_1] - Distance: 134.0000
((21,14),(((((29,(18,17)),(1,(22,19))),(16,15)),12),((((25,(23,8)),((6,(5,3)),(9,7))),((24,26),(10,28))),(((11,(27,20)),(30,2)),(13,4)))));

STEP 13 [TBR_IncrementalHeuristic_MC_RF -> NNI_Substep_2] - Distance: 131.0000
((21,14),(((((29,(18,17)),(1,(22,19))),12),(16,15)),((((25,(23,8)),((6,(5,3)),(9,7))),((24,26),(10,28))),(((11,(27,20)),(30,2)),(13,4)))));

STEP 14 [TBR_IncrementalHeuristic_MC_RF -> NNI_Substep_3] - Distance: 127.0000
((21,14),((((29,(18,17)),((1,(22,19)),12)),(16,15)),((((25,(23,8)),((6,(5,3)),(9,7))),((24,26),(10,28))),(((11,(27,20)),(30,2)),(13,4)))));

STEP 15 [TBR_IncrementalHeuristic_MC_RF -> NNI_Substep_4] - Distance: 124.0000
((21,14),((((29,(18,17)),((1,12),(22,19))),(16,15)),((((25,(23,8)),((6,(5,3)),(9,7))),((24,26),(10,28))),(((11,(27,20)),(30,2)),(13,4)))));

STEP 16 [TBR_IncrementalHeuristic_MC_RF -> NNI_Substep_5] - Distance: 125.0000
((21,14),((((29,(18,17)),(((1,12),22),19)),(16,15)),((((25,(23,8)),((6,(5,3)),(9,7))),((24,26),(10,28))),(((11,(27,20)),(30,2)),(13,4)))));

STEP 17 [TBR_IncrementalHeuristic_MC_RF -> NNI_Substep_6] - Distance: 127.0000
((21,14),(((((29,(18,17)),((1,12),22)),19),(16,15)),((((25,(23,8)),((6,(5,3)),(9,7))),((24,26),(10,28))),(((11,(27,20)),(30,2)),(13,4)))));

STEP 18 [TBR_IncrementalHeuristic_MC_RF -> NNI_Substep_7] - Distance: 128.0000
((21,14),(((((29,(18,17)),((1,12),22)),(16,15)),19),((((25,(23,8)),((6,(5,3)),(9,7))),((24,26),(10,28))),(((11,(27,20)),(30,2)),(13,4)))));

STEP 19 [TBR_IncrementalHeuristic_MC_RF -> NNI_Substep_8] - Distance: 128.0000
((21,14),(((((29,(18,17)),((1,12),22)),(16,15)),((((25,(23,8)),((6,(5,3)),(9,7))),((24,26),(10,28))),(((11,(27,20)),(30,2)),(13,4)))),19));

STEP 20 [TBR_IncrementalHeuristic_MC_RF -> NNI_Substep_9] - Distance: 123.0000
((21,14),((((29,(18,17)),((1,12),22)),(16,15)),(((((25,(23,8)),((6,(5,3)),(9,7))),((24,26),(10,28))),(((11,(27,20)),(30,2)),(13,4))),19)));

STEP 21 [TBR_IncrementalHeuristic_MC_RF -> NNI_Substep_10] - Distance: 121.0000
((21,14),((((29,(18,17)),((1,12),22)),(16,15)),(((((25,(23,8)),((6,(5,3)),(9,7))),((24,26),(10,28))),19),(((11,(27,20)),(30,2)),(13,4)))));

STEP 22 [TBR_IncrementalHeuristic_MC_RF -> NNI_Substep_11] - Distance: 118.0000
((21,14),((((29,(18,17)),((1,12),22)),(16,15)),(((((25,(23,8)),((6,(5,3)),(9,7))),19),((24,26),(10,28))),(((11,(27,20)),(30,2)),(13,4)))));

STEP 23 [TBR_IncrementalHeuristic_MC_RF -> NNI_Substep_12] - Distance: 119.0000
((21,14),((((29,(18,17)),((1,12),22)),(16,15)),(((((25,(23,8)),(((5,3),(9,7)),6)),19),((24,26),(10,28))),(((11,(27,20)),(30,2)),(13,4)))));

STEP 24 [TBR_IncrementalHeuristic_MC_RF -> NNI_Substep_13] - Distance: 119.0000
((21,14),((((29,(18,17)),((1,12),22)),(16,15)),((((((25,(23,8)),((5,3),(9,7))),6),19),((24,26),(10,28))),(((11,(27,20)),(30,2)),(13,4)))));

STEP 25 [TBR_IncrementalHeuristic_MC_RF -> NNI_Substep_14] - Distance: 119.0000
((21,14),((((29,(18,17)),((1,12),22)),(16,15)),((((((25,(23,8)),((5,3),(9,7))),19),6),((24,26),(10,28))),(((11,(27,20)),(30,2)),(13,4)))));

STEP 26 [TBR_IncrementalHeuristic_MC_RF -> NNI_Substep_15] - Distance: 120.0000
((21,14),((((29,(18,17)),((1,12),22)),(16,15)),((((((25,(23,8)),((5,3),(9,7))),19),((24,26),(10,28))),6),(((11,(27,20)),(30,2)),(13,4)))));

STEP 27 [TBR_IncrementalHeuristic_MC_RF -> NNI_Substep_16] - Distance: 117.0000
((21,14),((((29,(18,17)),((1,12),22)),(16,15)),(((((25,(23,8)),((5,3),(9,7))),19),(((24,26),(10,28)),6)),(((11,(27,20)),(30,2)),(13,4)))));

STEP 28 [TBR_IncrementalHeuristic_MC_RF -> NNI_Substep_17] - Distance: 114.0000
((21,14),((((29,(18,17)),((1,12),22)),(16,15)),(((((25,(23,8)),((5,3),(9,7))),19),((24,26),((10,28),6))),(((11,(27,20)),(30,2)),(13,4)))));

STEP 29 [TBR_IncrementalHeuristic_MC_RF -> NNI_Substep_18] - Distance: 112.0000
((21,14),((((29,(18,17)),((1,12),22)),(16,15)),(((((25,(23,8)),((5,3),(9,7))),19),((24,26),((10,6),28))),(((11,(27,20)),(30,2)),(13,4)))));

STEP 30 [TBR_IncrementalHeuristic_MC_RF -> NNI_Substep_19] - Distance: 113.0000
((21,14),((((29,(18,17)),((1,12),22)),(16,15)),((((((23,8),((5,3),(9,7))),25),19),((24,26),((10,6),28))),(((11,(27,20)),(30,2)),(13,4)))));

STEP 31 [TBR_IncrementalHeuristic_MC_RF -> NNI_Substep_20] - Distance: 112.0000
((21,14),((((29,(18,17)),((1,12),22)),(16,15)),(((((23,8),(((5,3),(9,7)),25)),19),((24,26),((10,6),28))),(((11,(27,20)),(30,2)),(13,4)))));

STEP 32 [TBR_IncrementalHeuristic_MC_RF -> NNI_Substep_21] - Distance: 109.0000
((21,14),((((29,(18,17)),((1,12),22)),(16,15)),(((((23,8),(((5,3),25),(9,7))),19),((24,26),((10,6),28))),(((11,(27,20)),(30,2)),(13,4)))));

STEP 33 [TBR_IncrementalHeuristic_MC_RF -> NNI_Substep_22] - Distance: 107.0000
((21,14),((((29,(18,17)),((1,12),22)),(16,15)),(((((23,8),(((5,25),3),(9,7))),19),((24,26),((10,6),28))),(((11,(27,20)),(30,2)),(13,4)))));

STEP 34 [TBR_IncrementalHeuristic_MC_RF -> NNI_Substep_23] - Distance: 112.0000
((21,14),(((((29,(18,17)),((1,12),22)),16),15),(((((23,8),(((5,25),3),(9,7))),19),((24,26),((10,6),28))),(((11,(27,20)),(30,2)),(13,4)))));

STEP 35 [TBR_IncrementalHeuristic_MC_RF -> NNI_Substep_24] - Distance: 121.0000
((21,14),(((((29,(18,17)),((1,12),22)),16),(((((23,8),(((5,25),3),(9,7))),19),((24,26),((10,6),28))),(((11,(27,20)),(30,2)),(13,4)))),15));

STEP 36 [TBR_IncrementalHeuristic_MC_RF -> NNI_Substep_25] - Distance: 115.0000
((21,14),((((29,(18,17)),((1,12),22)),16),((((((23,8),(((5,25),3),(9,7))),19),((24,26),((10,6),28))),(((11,(27,20)),(30,2)),(13,4))),15)));

STEP 37 [TBR_IncrementalHeuristic_MC_RF -> NNI_Substep_26] - Distance: 109.0000
((21,14),((((29,(18,17)),((1,12),22)),16),(((((23,8),(((5,25),3),(9,7))),19),((24,26),((10,6),28))),((((11,(27,20)),(30,2)),(13,4)),15))));

STEP 38 [TBR_IncrementalHeuristic_MC_RF -> NNI_Substep_27] - Distance: 108.0000
((21,14),((((29,(18,17)),((1,12),22)),16),(((((23,8),(((5,25),3),(9,7))),19),((24,26),((10,6),28))),((((11,(27,20)),(30,2)),15),(13,4)))));

STEP 39 [TBR_IncrementalHeuristic_MC_RF -> NNI_Substep_28] - Distance: 104.0000
((21,14),((((29,(18,17)),((1,12),22)),16),(((((23,8),(((5,25),3),(9,7))),19),((24,26),((10,6),28))),(((11,(27,20)),((30,2),15)),(13,4)))));

STEP 40 [TBR_IncrementalHeuristic_MC_RF -> NNI_Substep_29] - Distance: 102.0000
((21,14),((((29,(18,17)),((1,12),22)),16),(((((23,8),(((5,25),3),(9,7))),19),((24,26),((10,6),28))),(((11,(27,20)),(30,(2,15))),(13,4)))));

STEP 41 [TBR_IncrementalHeuristic_MC_RF -> NNI_Substep_30] - Distance: 104.0000
((21,14),((((29,(18,17)),((1,12),22)),16),(((((23,8),(((5,25),3),(9,7))),19),((24,((10,6),28)),26)),(((11,(27,20)),(30,(2,15))),(13,4)))));

STEP 42 [TBR_IncrementalHeuristic_MC_RF -> NNI_Substep_31] - Distance: 109.0000
((21,14),((((29,(18,17)),((1,12),22)),16),((((((23,8),(((5,25),3),(9,7))),19),(24,((10,6),28))),26),(((11,(27,20)),(30,(2,15))),(13,4)))));

STEP 43 [TBR_IncrementalHeuristic_MC_RF -> NNI_Substep_32] - Distance: 110.0000
((21,14),((((29,(18,17)),((1,12),22)),16),((((((23,8),(((5,25),3),(9,7))),19),(24,((10,6),28))),(((11,(27,20)),(30,(2,15))),(13,4))),26)));

STEP 44 [TBR_IncrementalHeuristic_MC_RF -> NNI_Substep_33] - Distance: 107.0000
((21,14),((((29,(18,17)),((1,12),22)),16),(((((23,8),(((5,25),3),(9,7))),19),(24,((10,6),28))),((((11,(27,20)),(30,(2,15))),(13,4)),26))));

STEP 45 [TBR_IncrementalHeuristic_MC_RF -> NNI_Substep_34] - Distance: 106.0000
((21,14),((((29,(18,17)),((1,12),22)),16),(((((23,8),(((5,25),3),(9,7))),19),(24,((10,6),28))),((((11,(27,20)),(30,(2,15))),26),(13,4)))));

STEP 46 [TBR_IncrementalHeuristic_MC_RF -> NNI_Substep_35] - Distance: 102.0000
((21,14),((((29,(18,17)),((1,12),22)),16),(((((23,8),(((5,25),3),(9,7))),19),(24,((10,6),28))),(((11,(27,20)),((30,(2,15)),26)),(13,4)))));

STEP 47 [TBR_IncrementalHeuristic_MC_RF -> NNI_Substep_36] - Distance: 99.0000
((21,14),((((29,(18,17)),((1,12),22)),16),(((((23,8),(((5,25),3),(9,7))),19),(24,((10,6),28))),(((11,(27,20)),((30,26),(2,15))),(13,4)))));

STEP 48 [TBR_IncrementalHeuristic_MC_RF -> NNI_Substep_37] - Distance: 101.0000
((21,14),((((29,(18,17)),((1,12),22)),16),(((((23,8),((((5,25),3),7),9)),19),(24,((10,6),28))),(((11,(27,20)),((30,26),(2,15))),(13,4)))));

STEP 49 [TBR_IncrementalHeuristic_MC_RF -> NNI_Substep_38] - Distance: 102.0000
((21,14),((((29,(18,17)),((1,12),22)),16),((((((23,8),(((5,25),3),7)),9),19),(24,((10,6),28))),(((11,(27,20)),((30,26),(2,15))),(13,4)))));

STEP 50 [TBR_IncrementalHeuristic_MC_RF -> NNI_Substep_39] - Distance: 102.0000
((21,14),((((29,(18,17)),((1,12),22)),16),((((((23,8),(((5,25),3),7)),19),9),(24,((10,6),28))),(((11,(27,20)),((30,26),(2,15))),(13,4)))));

STEP 51 [TBR_IncrementalHeuristic_MC_RF -> NNI_Substep_40] - Distance: 103.0000
((21,14),((((29,(18,17)),((1,12),22)),16),((((((23,8),(((5,25),3),7)),19),(24,((10,6),28))),9),(((11,(27,20)),((30,26),(2,15))),(13,4)))));

STEP 52 [TBR_IncrementalHeuristic_MC_RF -> NNI_Substep_41] - Distance: 101.0000
((21,14),((((29,(18,17)),((1,12),22)),16),((((((23,8),(((5,25),3),7)),19),(24,((10,6),28))),(((11,(27,20)),((30,26),(2,15))),(13,4))),9)));

STEP 53 [TBR_IncrementalHeuristic_MC_RF -> NNI_Substep_42] - Distance: 105.0000
((21,14),(((((29,(18,17)),((1,12),22)),16),(((((23,8),(((5,25),3),7)),19),(24,((10,6),28))),(((11,(27,20)),((30,26),(2,15))),(13,4)))),9));

STEP 54 [TBR_IncrementalHeuristic_MC_RF -> NNI_Substep_43] - Distance: 98.0000
((21,14),(((((29,(18,17)),((1,12),22)),16),9),(((((23,8),(((5,25),3),7)),19),(24,((10,6),28))),(((11,(27,20)),((30,26),(2,15))),(13,4)))));

STEP 55 [TBR_IncrementalHeuristic_MC_RF -> NNI_Substep_44] - Distance: 93.0000
((21,14),((((29,(18,17)),((1,12),22)),(16,9)),(((((23,8),(((5,25),3),7)),19),(24,((10,6),28))),(((11,(27,20)),((30,26),(2,15))),(13,4)))));

STEP 56 [TBR_IncrementalHeuristic_MC_RF -> NNI_Substep_45] - Distance: 94.0000
((21,14),((((29,(18,17)),((1,12),22)),(16,9)),(((((23,8),(((5,25),3),7)),19),((24,28),(10,6))),(((11,(27,20)),((30,26),(2,15))),(13,4)))));

STEP 57 [TBR_IncrementalHeuristic_MC_RF -> NNI_Substep_46] - Distance: 99.0000
((21,14),((((29,(18,17)),((1,12),22)),(16,9)),((((((23,8),(((5,25),3),7)),19),(24,28)),(10,6)),(((11,(27,20)),((30,26),(2,15))),(13,4)))));

STEP 58 [TBR_IncrementalHeuristic_MC_RF -> NNI_Substep_47] - Distance: 96.0000
((21,14),((((29,(18,17)),((1,12),22)),(16,9)),((((((23,8),(((5,25),3),7)),19),(24,28)),(((11,(27,20)),((30,26),(2,15))),(13,4))),(10,6))));

STEP 59 [TBR_IncrementalHeuristic_MC_RF -> NNI_Substep_48] - Distance: 97.0000
((21,14),((((29,(18,17)),((1,12),22)),(16,9)),(((((23,8),(((5,25),3),7)),19),(24,28)),((((11,(27,20)),((30,26),(2,15))),(13,4)),(10,6)))));

STEP 60 [TBR_IncrementalHeuristic_MC_RF -> NNI_Substep_49] - Distance: 90.0000
((21,14),((((29,(18,17)),((1,12),22)),(16,9)),(((((23,8),(((5,25),3),7)),19),(24,28)),(((11,(27,20)),((30,26),(2,15))),((13,4),(10,6))))));

STEP 61 [TBR_IncrementalHeuristic_MC_RF -> NNI_Substep_50] - Distance: 89.0000
((21,14),((((29,(18,17)),((1,12),22)),(16,9)),(((((23,8),(((5,25),3),7)),19),(24,28)),(((11,(27,20)),((30,26),(2,15))),((13,(10,6)),4)))));

STEP 62 [TBR_IncrementalHeuristic_MC_RF -> NNI_Substep_51] - Distance: 93.0000
((21,14),((((29,(18,17)),((1,12),22)),(16,9)),(((((23,8),(((5,25),3),7)),19),(24,28)),((((11,(27,20)),((30,26),(2,15))),4),(13,(10,6))))));

STEP 63 [TBR_IncrementalHeuristic_MC_RF -> NNI_Substep_52] - Distance: 91.0000
((21,14),((((29,(18,17)),((1,12),22)),(16,9)),((((((23,8),(((5,25),3),7)),19),(24,28)),(((11,(27,20)),((30,26),(2,15))),4)),(13,(10,6)))));

STEP 64 [TBR_IncrementalHeuristic_MC_RF -> NNI_Substep_53] - Distance: 94.0000
((21,14),(((((29,(18,17)),((1,12),22)),(16,9)),(((((23,8),(((5,25),3),7)),19),(24,28)),(((11,(27,20)),((30,26),(2,15))),4))),(13,(10,6))));

STEP 65 [TBR_IncrementalHeuristic_MC_RF -> NNI_Substep_54] - Distance: 86.0000
((21,14),(((((29,(18,17)),((1,12),22)),(16,9)),(13,(10,6))),(((((23,8),(((5,25),3),7)),19),(24,28)),(((11,(27,20)),((30,26),(2,15))),4))));

STEP 66 [TBR_IncrementalHeuristic_MC_RF -> NNI_Substep_55] - Distance: 83.0000
((21,14),((((29,(18,17)),((1,12),22)),((16,9),(13,(10,6)))),(((((23,8),(((5,25),3),7)),19),(24,28)),(((11,(27,20)),((30,26),(2,15))),4))));

STEP 67 [TBR_IncrementalHeuristic_MC_RF -> NNI_Substep_56] - Distance: 79.0000
((21,14),((((29,(18,17)),((1,12),22)),((16,9),(13,(10,6)))),((((((23,8),(((5,25),3),7)),19),(24,28)),((11,(27,20)),((30,26),(2,15)))),4)));

STEP 68 [TBR_IncrementalHeuristic_MC_RF -> NNI_Substep_57] - Distance: 87.0000
((21,14),(((((29,(18,17)),((1,12),22)),((16,9),(13,(10,6)))),(((((23,8),(((5,25),3),7)),19),(24,28)),((11,(27,20)),((30,26),(2,15))))),4));

STEP 69 [TBR_IncrementalHeuristic_MC_RF -> NNI_Substep_58] - Distance: 86.0000
((21,14),(((((29,(18,17)),((1,12),22)),((16,9),(13,(10,6)))),4),(((((23,8),(((5,25),3),7)),19),(24,28)),((11,(27,20)),((30,26),(2,15))))));

STEP 70 [TBR_IncrementalHeuristic_MC_RF -> NNI_Substep_59] - Distance: 80.0000
((21,14),(((((29,(18,17)),((1,12),22)),4),((16,9),(13,(10,6)))),(((((23,8),(((5,25),3),7)),19),(24,28)),((11,(27,20)),((30,26),(2,15))))));

STEP 71 [TBR_IncrementalHeuristic_MC_RF -> NNI_Substep_60] - Distance: 78.0000
((21,14),(((((29,(18,17)),4),((1,12),22)),((16,9),(13,(10,6)))),(((((23,8),(((5,25),3),7)),19),(24,28)),((11,(27,20)),((30,26),(2,15))))));

STEP 72 [TBR_IncrementalHeuristic_MC_RF -> NNI_Substep_61] - Distance: 76.0000
((21,14),((((29,((18,17),4)),((1,12),22)),((16,9),(13,(10,6)))),(((((23,8),(((5,25),3),7)),19),(24,28)),((11,(27,20)),((30,26),(2,15))))));

STEP 73 [TBR_IncrementalHeuristic_MC_RF -> NNI_Substep_62] - Distance: 74.0000
((21,14),((((29,((18,4),17)),((1,12),22)),((16,9),(13,(10,6)))),(((((23,8),(((5,25),3),7)),19),(24,28)),((11,(27,20)),((30,26),(2,15))))));

STEP 74 [TBR_IncrementalHeuristic_MC_RF -> NNI_Substep_63] - Distance: 75.0000
((21,14),((((29,((18,4),17)),((1,12),22)),(((((23,8),(((5,25),3),7)),19),(24,28)),((11,(27,20)),((30,26),(2,15))))),((16,9),(13,(10,6)))));

STEP 75 [TBR_IncrementalHeuristic_MC_RF -> NNI_Substep_64] - Distance: 68.0000
(((21,14),(((29,((18,4),17)),((1,12),22)),(((((23,8),(((5,25),7),3)),19),(24,28)),((11,(27,20)),((30,26),(2,15)))))),((16,9),(13,(10,6))));

STEP 76 [TBR_IncrementalHeuristic_MC_RF -> NNI_Substep_65] - Distance: 67.0000
(((21,14),(((29,((18,4),17)),((1,12),22)),((((((23,8),((5,25),7)),3),19),(24,28)),((11,(27,20)),((30,26),(2,15)))))),((16,9),(13,(10,6))));

STEP 77 [TBR_IncrementalHeuristic_MC_RF -> NNI_Substep_66] - Distance: 67.0000
(((21,14),(((29,((18,4),17)),((1,12),22)),((((((23,8),((5,25),7)),19),3),(24,28)),((11,(27,20)),((30,26),(2,15)))))),((16,9),(13,(10,6))));

STEP 78 [TBR_IncrementalHeuristic_MC_RF -> NNI_Substep_67] - Distance: 66.0000
(((21,14),(((29,((18,4),17)),((1,12),22)),((((((23,8),((5,25),7)),19),(24,28)),3),((11,(27,20)),((30,26),(2,15)))))),((16,9),(13,(10,6))));

STEP 79 [TBR_IncrementalHeuristic_MC_RF -> NNI_Substep_68] - Distance: 64.0000
(((21,14),(((29,((18,4),17)),((1,12),22)),((((((23,8),((5,25),7)),19),(24,28)),((11,(27,20)),((30,26),(2,15)))),3))),((16,9),(13,(10,6))));

STEP 80 [TBR_IncrementalHeuristic_MC_RF -> NNI_Substep_69] - Distance: 68.0000
(((21,14),((((29,((18,4),17)),((1,12),22)),(((((23,8),((5,25),7)),19),(24,28)),((11,(27,20)),((30,26),(2,15))))),3)),((16,9),(13,(10,6))));

STEP 81 [TBR_IncrementalHeuristic_MC_RF -> NNI_Substep_70] - Distance: 60.0000
(((21,14),((((29,((18,4),17)),((1,12),22)),3),(((((23,8),((5,25),7)),19),(24,28)),((11,(27,20)),((30,26),(2,15)))))),((16,9),(13,(10,6))));

STEP 82 [TBR_IncrementalHeuristic_MC_RF -> NNI_Substep_71] - Distance: 62.0000
(((21,14),((((29,((18,4),17)),3),((1,12),22)),(((((23,8),((5,25),7)),19),(24,28)),((11,(27,20)),((30,26),(2,15)))))),((16,9),(13,(10,6))));

STEP 83 [TBR_IncrementalHeuristic_MC_RF -> NNI_Substep_72] - Distance: 60.0000
(((21,14),(((29,(((18,4),17),3)),((1,12),22)),(((((23,8),((5,25),7)),19),(24,28)),((11,(27,20)),((30,26),(2,15)))))),((16,9),(13,(10,6))));

STEP 84 [TBR_IncrementalHeuristic_MC_RF -> NNI_Substep_73] - Distance: 60.0000
(((21,14),(((29,(((18,4),3),17)),((1,12),22)),(((((23,8),((5,25),7)),19),(24,28)),((11,(27,20)),((30,26),(2,15)))))),((16,9),(13,(10,6))));

STEP 85 [TBR_IncrementalHeuristic_MC_RF -> NNI_Substep_74] - Distance: 60.0000
(((21,14),(((29,(((18,4),3),17)),((1,12),22)),(((((23,((5,25),7)),8),19),(24,28)),((11,(27,20)),((30,26),(2,15)))))),((16,9),(13,(10,6))));

STEP 86 [TBR_IncrementalHeuristic_MC_RF -> NNI_Substep_75] - Distance: 60.0000
(((21,14),(((29,(((18,4),3),17)),((1,12),22)),(((((23,((5,25),7)),19),8),(24,28)),((11,(27,20)),((30,26),(2,15)))))),((16,9),(13,(10,6))));

STEP 87 [TBR_IncrementalHeuristic_MC_RF -> NNI_Substep_76] - Distance: 59.0000
(((21,14),(((29,(((18,4),3),17)),((1,12),22)),(((((23,((5,25),7)),19),(24,28)),8),((11,(27,20)),((30,26),(2,15)))))),((16,9),(13,(10,6))));

STEP 88 [TBR_IncrementalHeuristic_MC_RF -> NNI_Substep_77] - Distance: 61.0000
(((21,14),(((29,(((18,4),3),17)),((1,12),22)),(((((23,((5,25),7)),19),(24,28)),((11,(27,20)),((30,26),(2,15)))),8))),((16,9),(13,(10,6))));

STEP 89 [TBR_IncrementalHeuristic_MC_RF -> NNI_Substep_78] - Distance: 63.0000
(((21,14),(((29,(((18,4),3),17)),((1,12),22)),((((23,((5,25),7)),19),(24,28)),(((11,(27,20)),((30,26),(2,15))),8)))),((16,9),(13,(10,6))));

STEP 90 [TBR_IncrementalHeuristic_MC_RF -> NNI_Substep_79] - Distance: 60.0000
(((21,14),(((29,(((18,4),3),17)),((1,12),22)),((((23,((5,25),7)),19),(24,28)),(((11,(27,20)),8),((30,26),(2,15)))))),((16,9),(13,(10,6))));

STEP 91 [TBR_IncrementalHeuristic_MC_RF -> NNI_Substep_80] - Distance: 58.0000
(((21,14),(((29,(((18,4),3),17)),((1,12),22)),((((23,((5,25),7)),19),(24,28)),((11,((27,20),8)),((30,26),(2,15)))))),((16,9),(13,(10,6))));

STEP 92 [TBR_IncrementalHeuristic_MC_RF -> NNI_Substep_81] - Distance: 56.0000
(((21,14),(((29,(((18,4),3),17)),((1,12),22)),((((23,((5,25),7)),19),(24,28)),((11,((27,8),20)),((30,26),(2,15)))))),((16,9),(13,(10,6))));

STEP 93 [TBR_IncrementalHeuristic_MC_RF -> NNI_Substep_82] - Distance: 55.0000
(((21,14),(((29,(((18,4),3),17)),((1,12),22)),(((19,((5,25),(7,23))),(24,28)),((11,((27,8),20)),((30,26),(2,15)))))),((16,9),(13,(10,6))));

STEP 94 [TBR_IncrementalHeuristic_MC_RF -> NNI_Substep_83] - Distance: 57.0000
(((21,14),(((29,(((18,4),3),17)),((1,12),22)),(((19,(24,28)),((5,25),(7,23))),((11,((27,8),20)),((30,26),(2,15)))))),((16,9),(13,(10,6))));

STEP 95 [TBR_IncrementalHeuristic_MC_RF -> NNI_Substep_84] - Distance: 54.0000
(((21,14),(((29,(((18,4),3),17)),((1,12),22)),((19,((24,28),((5,25),(7,23)))),((11,((27,8),20)),((30,26),(2,15)))))),((16,9),(13,(10,6))));

STEP 96 [TBR_IncrementalHeuristic_MC_RF -> NNI_Substep_85] - Distance: 53.0000
(((21,14),(((29,(((18,4),3),17)),((1,12),22)),((19,((24,((5,25),(7,23))),28)),((11,((27,8),20)),((30,26),(2,15)))))),((16,9),(13,(10,6))));

STEP 97 [TBR_IncrementalHeuristic_MC_RF -> NNI_Substep_86] - Distance: 50.0000
(((21,14),(((29,(((18,4),3),17)),((1,12),22)),((19,(28,((7,23),((5,25),24)))),((11,((27,8),20)),((30,26),(2,15)))))),((16,9),(13,(10,6))));

STEP 98 [TBR_IncrementalHeuristic_MC_RF -> NNI_Substep_87] - Distance: 52.0000
(((21,14),(((29,(((18,4),3),17)),((1,12),22)),(((19,28),((7,23),((5,25),24))),((11,((27,8),20)),((30,26),(2,15)))))),((16,9),(13,(10,6))));

STEP 99 [TBR_IncrementalHeuristic_MC_RF -> NNI_Substep_88] - Distance: 63.0000
(((21,14),(((29,(((18,4),3),17)),((1,12),22)),(((19,28),((11,((27,8),20)),((30,26),(2,15)))),((7,23),((5,25),24))))),((16,9),(13,(10,6))));

STEP 100 [TBR_IncrementalHeuristic_MC_RF -> NNI_Substep_89] - Distance: 68.0000
(((21,14),((((29,(((18,4),3),17)),((1,12),22)),((19,28),((11,((27,8),20)),((30,26),(2,15))))),((7,23),((5,25),24)))),((16,9),(13,(10,6))));

STEP 101 [TBR_IncrementalHeuristic_MC_RF -> NNI_Substep_90] - Distance: 73.0000
((((21,14),(((29,(((18,4),3),17)),((1,12),22)),((19,28),((11,((27,8),20)),((30,26),(2,15)))))),((7,23),((5,25),24))),((16,9),(13,(10,6))));

STEP 102 [TBR_IncrementalHeuristic_MC_RF -> NNI_Substep_91] - Distance: 62.0000
((((21,14),((7,23),((5,25),24))),(((29,(((18,4),3),17)),((1,12),22)),((19,28),((11,((27,8),20)),((30,26),(2,15)))))),((16,9),(13,(10,6))));

STEP 103 [TBR_IncrementalHeuristic_MC_RF -> NNI_Substep_92] - Distance: 56.0000
((((21,((7,23),((5,25),24))),14),(((29,(((18,4),3),17)),((1,12),22)),((19,28),((11,((27,8),20)),((30,26),(2,15)))))),((16,9),(13,(10,6))));

STEP 104 [TBR_IncrementalHeuristic_MC_RF -> NNI_Substep_93] - Distance: 66.0000
(((14,(((29,(((18,4),3),17)),((1,12),22)),((19,28),((11,((27,8),20)),((30,26),(2,15)))))),(21,((7,23),((5,25),24)))),((16,9),(13,(10,6))));

STEP 105 [TBR_IncrementalHeuristic_MC_RF -> NNI_Substep_94] - Distance: 61.0000
((14,((((29,(((18,4),3),17)),((1,12),22)),((19,28),((11,((27,8),20)),((30,26),(2,15))))),(21,((7,23),((5,25),24))))),((16,9),(13,(10,6))));

STEP 106 [TBR_IncrementalHeuristic_MC_RF -> NNI_Substep_95] - Distance: 55.0000
((14,(((29,(((18,4),3),17)),((1,12),22)),(((19,28),((11,((27,8),20)),((30,26),(2,15)))),(21,((7,23),((5,25),24)))))),((16,9),(13,(10,6))));

STEP 107 [TBR_IncrementalHeuristic_MC_RF -> NNI_Substep_96] - Distance: 43.0000
((14,(((29,(((18,4),3),17)),((1,12),22)),(((19,28),(21,((7,23),((5,25),24)))),((11,((27,8),20)),((30,26),(2,15)))))),((16,9),(13,(10,6))));

STEP 108 [TBR_IncrementalHeuristic_MC_RF -> NNI_Substep_97] - Distance: 48.0000
((14,(((29,(((18,4),3),17)),((1,12),22)),(((19,(21,((7,23),((5,25),24)))),28),((11,((27,8),20)),((30,26),(2,15)))))),((16,9),(13,(10,6))));

STEP 109 [TBR_IncrementalHeuristic_MC_RF -> NNI_Substep_98] - Distance: 49.0000
((14,(((29,(((18,4),3),17)),((1,12),22)),(((19,(21,((7,23),((5,25),24)))),28),(((11,20),(27,8)),((30,26),(2,15)))))),((16,9),(13,(10,6))));

STEP 110 [TBR_IncrementalHeuristic_MC_RF -> NNI_Substep_99] - Distance: 51.0000
((14,(((29,(((18,4),3),17)),((1,12),22)),(((19,(21,((7,23),((5,25),24)))),28),(((11,20),((30,26),(2,15))),(27,8))))),((16,9),(13,(10,6))));

STEP 111 [TBR_IncrementalHeuristic_MC_RF -> NNI_Substep_100] - Distance: 51.0000
((14,(((29,(((18,4),3),17)),((1,12),22)),((((19,(21,((7,23),((5,25),24)))),28),((11,20),((30,26),(2,15)))),(27,8)))),((16,9),(13,(10,6))));

STEP 112 [TBR_IncrementalHeuristic_MC_RF -> NNI_Substep_101] - Distance: 55.0000
((14,((((29,(((18,4),3),17)),((1,12),22)),(((19,(21,((7,23),((5,25),24)))),28),((11,20),((30,26),(2,15))))),(27,8))),((16,9),(13,(10,6))));

STEP 113 [TBR_IncrementalHeuristic_MC_RF -> NNI_Substep_102] - Distance: 45.0000
((14,((((29,(((18,4),3),17)),((1,12),22)),(27,8)),(((19,(21,((7,23),((5,25),24)))),28),((11,20),((30,26),(2,15)))))),((16,9),(13,(10,6))));

STEP 114 [TBR_IncrementalHeuristic_MC_RF -> NNI_Substep_103] - Distance: 44.0000
((14,((((29,(((18,4),3),17)),(27,8)),((1,12),22)),(((19,(21,((7,23),((5,25),24)))),28),((11,20),((30,26),(2,15)))))),((16,9),(13,(10,6))));

STEP 115 [TBR_IncrementalHeuristic_MC_RF -> NNI_Substep_104] - Distance: 41.0000
((14,(((29,((((18,4),3),17),(27,8))),((1,12),22)),(((19,(21,((7,23),((5,25),24)))),28),((11,20),((30,26),(2,15)))))),((16,9),(13,(10,6))));

STEP 116 [TBR_IncrementalHeuristic_MC_RF -> NNI_Substep_105] - Distance: 40.0000
((14,(((29,(((18,4),3),(17,(27,8)))),((1,12),22)),(((19,(21,((7,23),((5,25),24)))),28),((11,20),((30,26),(2,15)))))),((16,9),(13,(10,6))));

STEP 117 [TBR_IncrementalHeuristic_MC_RF -> NNI_Substep_106] - Distance: 43.0000
((14,(((29,(((18,4),3),(17,(27,8)))),((1,12),22)),(((19,(21,((7,23),((5,25),24)))),28),((20,((30,26),(2,15))),11)))),((16,9),(13,(10,6))));

STEP 118 [TBR_IncrementalHeuristic_MC_RF -> NNI_Substep_107] - Distance: 40.0000
((14,(((29,(((18,4),3),(17,(27,8)))),((1,12),22)),((((19,(21,((7,23),((5,25),24)))),28),(20,((30,26),(2,15)))),11))),((16,9),(13,(10,6))));

STEP 119 [TBR_IncrementalHeuristic_MC_RF -> NNI_Substep_108] - Distance: 47.0000
((14,((((29,(((18,4),3),(17,(27,8)))),((1,12),22)),(((19,(21,((7,23),((5,25),24)))),28),(20,((30,26),(2,15))))),11)),((16,9),(13,(10,6))));

STEP 120 [TBR_IncrementalHeuristic_MC_RF -> NNI_Substep_109] - Distance: 35.0000
((14,((((29,(((18,4),3),(17,(27,8)))),((1,12),22)),11),(((19,(21,((7,23),((5,25),24)))),28),(20,((30,26),(2,15)))))),((16,9),(13,(10,6))));

STEP 121 [TBR_IncrementalHeuristic_MC_RF -> NNI_Substep_110] - Distance: 37.0000
((14,((((29,(((18,4),3),(17,(27,8)))),11),((1,12),22)),(((19,(21,((7,23),((5,25),24)))),28),(20,((30,26),(2,15)))))),((16,9),(13,(10,6))));

STEP 122 [TBR_IncrementalHeuristic_MC_RF -> NNI_Substep_111] - Distance: 37.0000
((14,(((29,((((18,4),3),(17,(27,8))),11)),((1,12),22)),(((19,(21,((7,23),((5,25),24)))),28),(20,((30,26),(2,15)))))),((16,9),(13,(10,6))));

STEP 123 [TBR_IncrementalHeuristic_MC_RF -> NNI_Substep_112] - Distance: 35.0000
((14,(((29,((((18,4),3),11),(17,(27,8)))),((1,12),22)),(((19,(21,((7,23),((5,25),24)))),28),(20,((30,26),(2,15)))))),((16,9),(13,(10,6))));

STEP 124 [TBR_IncrementalHeuristic_MC_RF -> NNI_Substep_113] - Distance: 39.0000
((14,(((29,((((18,4),3),11),(17,(27,8)))),((1,12),22)),(((19,(21,((7,23),((5,25),24)))),(20,((30,26),(2,15)))),28))),((16,9),(13,(10,6))));

STEP 125 [TBR_IncrementalHeuristic_MC_RF -> NNI_Substep_114] - Distance: 31.0000
((14,(((29,((((18,4),3),11),(17,(27,8)))),((1,12),22)),((19,(21,((7,23),((5,25),24)))),((20,((30,26),(2,15))),28)))),((16,9),(13,(10,6))));

STEP 126 [TBR_IncrementalHeuristic_MC_RF -> NNI_Substep_115] - Distance: 26.0000
((14,(((29,((((18,4),3),11),(17,(27,8)))),((1,12),22)),((19,(21,((7,23),((5,25),24)))),((20,28),((30,26),(2,15)))))),((16,9),(13,(10,6))));

STEP 127 [TBR_IncrementalHeuristic_MC_RF -> NNI_Substep_116] - Distance: 30.0000
((14,((((29,(((18,4),3),11)),(17,(27,8))),((1,12),22)),((19,(21,((7,23),((5,25),24)))),((20,28),((30,26),(2,15)))))),((16,9),(13,(10,6))));

STEP 128 [TBR_IncrementalHeuristic_MC_RF -> NNI_Substep_117] - Distance: 30.0000
((14,((((29,(((18,4),3),11)),((1,12),22)),(17,(27,8))),((19,(21,((7,23),((5,25),24)))),((20,28),((30,26),(2,15)))))),((16,9),(13,(10,6))));

STEP 129 [TBR_IncrementalHeuristic_MC_RF -> NNI_Substep_118] - Distance: 40.0000
((14,((((29,(((18,4),3),11)),((1,12),22)),((19,(21,((7,23),((5,25),24)))),((20,28),((30,26),(2,15))))),(17,(27,8)))),((16,9),(13,(10,6))));

STEP 130 [TBR_IncrementalHeuristic_MC_RF -> NNI_Substep_119] - Distance: 42.0000
(((14,(((29,(((18,4),3),11)),((1,12),22)),((19,(21,((7,23),((5,25),24)))),((20,28),((30,26),(2,15)))))),(17,(27,8))),((16,9),(13,(10,6))));

STEP 131 [TBR_IncrementalHeuristic_MC_RF -> NNI_Substep_120] - Distance: 24.0000
(((14,(17,(27,8))),(((29,(((18,4),3),11)),((1,12),22)),((19,(21,((7,23),((5,25),24)))),((20,28),((30,26),(2,15)))))),((16,9),(13,(10,6))));

STEP 132 [TBR_IncrementalHeuristic_MC_RF -> NNI_Substep_121] - Distance: 34.0000
(((14,(17,(27,8))),(((29,(((18,4),3),11)),((19,(21,((7,23),((5,25),24)))),((20,28),((30,26),(2,15))))),((1,12),22))),((16,9),(13,(10,6))));

STEP 133 [TBR_IncrementalHeuristic_MC_RF -> NNI_Substep_122] - Distance: 33.0000
((((14,(17,(27,8))),((29,(((18,4),3),11)),((19,(21,((7,23),((5,25),24)))),((20,28),((30,26),(2,15)))))),((1,12),22)),((16,9),(13,(10,6))));

STEP 134 [TBR_IncrementalHeuristic_MC_RF -> NNI_Substep_123] - Distance: 12.0000
((((14,(17,(27,8))),((1,12),22)),((29,(((18,4),3),11)),((19,(21,((7,23),((5,25),24)))),((20,28),((30,26),(2,15)))))),((16,9),(13,(10,6))));

STEP 135 [TBR_IncrementalHeuristic_MC_RF -> NNI_Substep_124] - Distance: 21.0000
((((14,(17,(27,8))),((1,12),22)),((29,((19,(21,((7,23),((5,25),24)))),((20,28),((30,26),(2,15))))),(((18,4),3),11))),((16,9),(13,(10,6))));

STEP 136 [TBR_IncrementalHeuristic_MC_RF -> NNI_Substep_125] - Distance: 18.0000
(((((14,(17,(27,8))),((1,12),22)),(29,((19,(21,((7,23),((5,25),24)))),((20,28),((30,26),(2,15)))))),(((18,4),3),11)),((16,9),(13,(10,6))));

STEP 137 [TBR_IncrementalHeuristic_MC_RF -> NNI_Substep_126] - Distance: 0.0000
(((((14,(17,(27,8))),((1,12),22)),(((18,4),3),11)),(29,((19,(21,((7,23),((5,25),24)))),((20,28),((30,26),(2,15)))))),((16,9),(13,(10,6))));

========================================================
[FINAL] Total Steps: 137 | Final Distance: 0.0000
========================================================
