========================================================
HEURISTIC TRAJECTORY: VND Incremental (MP)
========================================================
STEP 0 [START] - Distance: 293.0000
((((8,(5,25)),((((10,(13,26)),(14,(1,18))),(16,19)),(6,(28,21)))),(2,(15,(12,29)))),(((7,(3,20)),((4,9),(30,24))),((11,(27,23)),(22,17))));

STEP 1 [NNI_IncrementalHeuristic_MP -> NNI_Substep_1] - Distance: 283.0000
((((2,(15,(12,29))),((11,(27,23)),(22,17))),((7,(3,20)),((4,9),(30,24)))),((8,(5,25)),((((10,(13,26)),(14,(1,18))),(16,19)),(6,(28,21)))));

STEP 2 [NNI_IncrementalHeuristic_MP -> NNI_Substep_2] - Distance: 281.0000
((((2,(15,(12,29))),((11,(27,23)),(22,17))),((7,(3,20)),((4,9),(30,24)))),((((((10,(13,26)),(14,(1,18))),(16,19)),(6,(28,21))),(5,25)),8));

STEP 3 [NNI_IncrementalHeuristic_MP -> NNI_Substep_3] - Distance: 274.0000
((((((10,(13,26)),(14,(1,18))),(16,19)),(6,(28,21))),(5,25)),((8,((7,(3,20)),((4,9),(30,24)))),((2,(15,(12,29))),((11,(27,23)),(22,17)))));

STEP 4 [NNI_IncrementalHeuristic_MP -> NNI_Substep_4] - Distance: 272.0000
((((((10,(13,26)),(16,19)),(14,(1,18))),(6,(28,21))),(5,25)),((8,((7,(3,20)),((4,9),(30,24)))),((2,(15,(12,29))),((11,(27,23)),(22,17)))));

STEP 5 [NNI_IncrementalHeuristic_MP -> NNI_Substep_5] - Distance: 270.0000
((5,(((((10,(13,26)),(16,19)),(14,(1,18))),(6,(28,21))),25)),((8,((7,(3,20)),((4,9),(30,24)))),((2,(15,(12,29))),((11,(27,23)),(22,17)))));

STEP 6 [NNI_IncrementalHeuristic_MP -> NNI_Substep_6] - Distance: 269.0000
((5,((((6,(28,21)),(14,(1,18))),((10,(13,26)),(16,19))),25)),((8,((7,(3,20)),((4,9),(30,24)))),((2,(15,(12,29))),((11,(27,23)),(22,17)))));

STEP 7 [NNI_IncrementalHeuristic_MP -> NNI_Substep_7] - Distance: 267.0000
((5,((((6,(28,21)),(14,(1,18))),25),((10,(13,26)),(16,19)))),((8,((7,(3,20)),((4,9),(30,24)))),((2,(15,(12,29))),((11,(27,23)),(22,17)))));

STEP 8 [NNI_IncrementalHeuristic_MP -> NNI_Substep_8] - Distance: 266.0000
((5,(((25,(14,(1,18))),(6,(28,21))),((10,(13,26)),(16,19)))),((8,((7,(3,20)),((4,9),(30,24)))),((2,(15,(12,29))),((11,(27,23)),(22,17)))));

STEP 9 [NNI_IncrementalHeuristic_MP -> NNI_Substep_9] - Distance: 265.0000
((5,(((14,(25,(1,18))),(6,(28,21))),((10,(13,26)),(16,19)))),((8,((7,(3,20)),((4,9),(30,24)))),((2,(15,(12,29))),((11,(27,23)),(22,17)))));

STEP 10 [NNI_IncrementalHeuristic_MP -> NNI_Substep_10] - Distance: 264.0000
((5,((((6,(28,21)),(25,(1,18))),14),((10,(13,26)),(16,19)))),((8,((7,(3,20)),((4,9),(30,24)))),((2,(15,(12,29))),((11,(27,23)),(22,17)))));

STEP 11 [NNI_IncrementalHeuristic_MP -> NNI_Substep_11] - Distance: 263.0000
((5,(((((25,(1,18)),(28,21)),6),14),((10,(13,26)),(16,19)))),((8,((7,(3,20)),((4,9),(30,24)))),((2,(15,(12,29))),((11,(27,23)),(22,17)))));

STEP 12 [NNI_IncrementalHeuristic_MP -> NNI_Substep_12] - Distance: 262.0000
((5,(((((25,(1,18)),(28,21)),6),14),((10,(13,26)),(16,19)))),((((4,9),(30,24)),((7,(3,20)),8)),((2,(15,(12,29))),((11,(27,23)),(22,17)))));

STEP 13 [NNI_IncrementalHeuristic_MP -> NNI_Substep_13] - Distance: 261.0000
((5,(((((25,(1,18)),(28,21)),6),14),((10,(13,26)),(16,19)))),(((((30,24),9),4),((7,(3,20)),8)),((2,(15,(12,29))),((11,(27,23)),(22,17)))));

STEP 14 [NNI_IncrementalHeuristic_MP -> NNI_Substep_14] - Distance: 260.0000
((5,(((((25,(1,18)),(28,21)),6),14),((10,(13,26)),(16,19)))),(((((30,24),9),((7,(3,20)),8)),4),((2,(15,(12,29))),((11,(27,23)),(22,17)))));

STEP 15 [NNI_IncrementalHeuristic_MP -> NNI_Substep_15] - Distance: 259.0000
((5,(((((25,(1,18)),(28,21)),6),14),((10,(13,26)),(16,19)))),(((((30,24),9),((7,(3,20)),8)),4),((((11,(27,23)),(22,17)),(15,(12,29))),2)));

STEP 16 [NNI_IncrementalHeuristic_MP -> NNI_Substep_16] - Distance: 258.0000
((5,(((((25,(1,18)),(28,21)),6),14),((10,(13,26)),(16,19)))),((((11,(27,23)),(22,17)),(15,(12,29))),(((((30,24),9),((7,(3,20)),8)),4),2)));

STEP 17 [Heur. rSPR MP -> NNI_Substep_1] - Distance: 258.0000
((5,(((((25,(1,18)),(28,21)),6),14),((10,(13,26)),(16,19)))),(((((11,(27,23)),(22,17)),15),(12,29)),(((((30,24),9),((7,(3,20)),8)),4),2)));

STEP 18 [Heur. rSPR MP -> NNI_Substep_2] - Distance: 258.0000
((5,(((((25,(1,18)),(28,21)),6),14),((10,(13,26)),(16,19)))),(((((11,(27,23)),(22,17)),15),(((((30,24),9),((7,(3,20)),8)),4),2)),(12,29)));

STEP 19 [Heur. rSPR MP -> NNI_Substep_3] - Distance: 239.0000
((5,((((((25,(1,18)),(28,21)),6),14),((10,(13,26)),(16,19))),(12,29))),((((11,(27,23)),(22,17)),15),(((((30,24),9),((7,(3,20)),8)),4),2)));

STEP 20 [Heur. rSPR MP -> NNI_Substep_4] - Distance: 235.0000
((5,((((((25,(1,18)),(28,21)),6),14),(12,29)),((10,(13,26)),(16,19)))),((((11,(27,23)),(22,17)),15),(((((30,24),9),((7,(3,20)),8)),4),2)));

STEP 21 [Heur. rSPR MP -> NNI_Substep_5] - Distance: 233.0000
((5,((((((25,(1,18)),(28,21)),6),(12,29)),14),((10,(13,26)),(16,19)))),((((11,(27,23)),(22,17)),15),(((((30,24),9),((7,(3,20)),8)),4),2)));

STEP 22 [Heur. rSPR MP -> NNI_Substep_6] - Distance: 233.0000
((5,((((((25,(1,18)),(28,21)),(12,29)),6),14),((10,(13,26)),(16,19)))),((((11,(27,23)),(22,17)),15),(((((30,24),9),((7,(3,20)),8)),4),2)));

STEP 23 [Heur. rSPR MP -> NNI_Substep_7] - Distance: 231.0000
((5,((((((25,(1,18)),(12,29)),(28,21)),6),14),((10,(13,26)),(16,19)))),((((11,(27,23)),(22,17)),15),(((((30,24),9),((7,(3,20)),8)),4),2)));

STEP 24 [Heur. rSPR MP -> NNI_Substep_8] - Distance: 230.0000
((5,(((((25,((1,18),(12,29))),(28,21)),6),14),((10,(13,26)),(16,19)))),((((11,(27,23)),(22,17)),15),(((((30,24),9),((7,(3,20)),8)),4),2)));

STEP 25 [Heur. rSPR MP -> NNI_Substep_9] - Distance: 230.0000
((5,(((((25,((1,18),(12,29))),(28,21)),6),14),((10,(13,26)),(16,19)))),((((11,(27,23)),(22,17)),15),(((((30,24),9),(((3,20),8),7)),4),2)));

STEP 26 [Heur. rSPR MP -> NNI_Substep_10] - Distance: 230.0000
((5,(((((25,((1,18),(12,29))),(28,21)),6),14),((10,(13,26)),(16,19)))),((((11,(27,23)),(22,17)),15),((((((30,24),9),((3,20),8)),7),4),2)));

STEP 27 [Heur. rSPR MP -> NNI_Substep_11] - Distance: 230.0000
((5,(((((25,((1,18),(12,29))),(28,21)),6),14),((10,(13,26)),(16,19)))),((((11,(27,23)),(22,17)),15),((((((30,24),9),((3,20),8)),4),7),2)));

STEP 28 [Heur. rSPR MP -> NNI_Substep_12] - Distance: 230.0000
((5,(((((25,((1,18),(12,29))),(28,21)),6),14),((10,(13,26)),(16,19)))),((((11,(27,23)),(22,17)),15),((((((30,24),9),((3,20),8)),4),2),7)));

STEP 29 [Heur. rSPR MP -> NNI_Substep_13] - Distance: 230.0000
((5,(((((25,((1,18),(12,29))),(28,21)),6),14),((10,(13,26)),(16,19)))),(((((11,(27,23)),(22,17)),15),(((((30,24),9),((3,20),8)),4),2)),7));

STEP 30 [Heur. rSPR MP -> NNI_Substep_14] - Distance: 220.0000
((5,((((((25,((1,18),(12,29))),(28,21)),6),14),((10,(13,26)),(16,19))),7)),((((11,(27,23)),(22,17)),15),(((((30,24),9),((3,20),8)),4),2)));

STEP 31 [Heur. rSPR MP -> NNI_Substep_15] - Distance: 214.0000
((5,(((((25,((1,18),(12,29))),(28,21)),6),14),(((10,(13,26)),(16,19)),7))),((((11,(27,23)),(22,17)),15),(((((30,24),9),((3,20),8)),4),2)));

STEP 32 [Heur. rSPR MP -> NNI_Substep_16] - Distance: 213.0000
((5,(((((25,((1,18),(12,29))),(28,21)),6),14),((10,(13,26)),((16,19),7)))),((((11,(27,23)),(22,17)),15),(((((30,24),9),((3,20),8)),4),2)));

STEP 33 [Heur. rSPR MP -> NNI_Substep_17] - Distance: 213.0000
((5,((((((25,((1,18),(12,29))),21),28),6),14),((10,(13,26)),((16,19),7)))),((((11,(27,23)),(22,17)),15),(((((30,24),9),((3,20),8)),4),2)));

STEP 34 [Heur. rSPR MP -> NNI_Substep_18] - Distance: 213.0000
((5,((((((25,((1,18),(12,29))),21),6),28),14),((10,(13,26)),((16,19),7)))),((((11,(27,23)),(22,17)),15),(((((30,24),9),((3,20),8)),4),2)));

STEP 35 [Heur. rSPR MP -> NNI_Substep_19] - Distance: 213.0000
((5,((((((25,((1,18),(12,29))),21),6),14),28),((10,(13,26)),((16,19),7)))),((((11,(27,23)),(22,17)),15),(((((30,24),9),((3,20),8)),4),2)));

STEP 36 [Heur. rSPR MP -> NNI_Substep_20] - Distance: 213.0000
((5,((((((25,((1,18),(12,29))),21),6),14),((10,(13,26)),((16,19),7))),28)),((((11,(27,23)),(22,17)),15),(((((30,24),9),((3,20),8)),4),2)));

STEP 37 [Heur. rSPR MP -> NNI_Substep_21] - Distance: 213.0000
(((5,(((((25,((1,18),(12,29))),21),6),14),((10,(13,26)),((16,19),7)))),28),((((11,(27,23)),(22,17)),15),(((((30,24),9),((3,20),8)),4),2)));

STEP 38 [Heur. rSPR MP -> NNI_Substep_22] - Distance: 199.0000
((5,(((((25,((1,18),(12,29))),21),6),14),((10,(13,26)),((16,19),7)))),((((11,(27,23)),(22,17)),15),((((((30,24),9),((3,20),8)),4),2),28)));

STEP 39 [Heur. rSPR MP -> NNI_Substep_23] - Distance: 198.0000
((5,(((((25,((1,18),(12,29))),21),6),14),((10,(13,26)),((16,19),7)))),((((11,(27,23)),(22,17)),15),((((((30,24),9),((3,20),8)),4),28),2)));

STEP 40 [Heur. rSPR MP -> NNI_Substep_24] - Distance: 195.0000
((5,(((((25,((1,18),(12,29))),21),6),14),((10,(13,26)),((16,19),7)))),((((11,(27,23)),(22,17)),15),(((((30,24),9),((3,20),8)),(4,28)),2)));

STEP 41 [Heur. rSPR MP -> NNI_Substep_25] - Distance: 195.0000
((5,(((((25,((1,18),(12,29))),21),6),14),((10,(13,26)),((16,7),19)))),((((11,(27,23)),(22,17)),15),(((((30,24),9),((3,20),8)),(4,28)),2)));

STEP 42 [Heur. rSPR MP -> NNI_Substep_26] - Distance: 195.0000
((5,(((((25,((1,18),(12,29))),21),6),14),(((10,(13,26)),(16,7)),19))),((((11,(27,23)),(22,17)),15),(((((30,24),9),((3,20),8)),(4,28)),2)));

STEP 43 [Heur. rSPR MP -> NNI_Substep_27] - Distance: 195.0000
((5,((((((25,((1,18),(12,29))),21),6),14),((10,(13,26)),(16,7))),19)),((((11,(27,23)),(22,17)),15),(((((30,24),9),((3,20),8)),(4,28)),2)));

STEP 44 [Heur. rSPR MP -> NNI_Substep_28] - Distance: 195.0000
(((5,(((((25,((1,18),(12,29))),21),6),14),((10,(13,26)),(16,7)))),19),((((11,(27,23)),(22,17)),15),(((((30,24),9),((3,20),8)),(4,28)),2)));

STEP 45 [Heur. rSPR MP -> NNI_Substep_29] - Distance: 181.0000
((5,(((((25,((1,18),(12,29))),21),6),14),((10,(13,26)),(16,7)))),((((11,(27,23)),(22,17)),15),((((((30,24),9),((3,20),8)),(4,28)),2),19)));

STEP 46 [Heur. rSPR MP -> NNI_Substep_30] - Distance: 180.0000
((5,(((((25,((1,18),(12,29))),21),6),14),((10,(13,26)),(16,7)))),((((11,(27,23)),(22,17)),15),((((((30,24),9),((3,20),8)),(4,28)),19),2)));

STEP 47 [Heur. rSPR MP -> NNI_Substep_31] - Distance: 178.0000
((5,(((((25,((1,18),(12,29))),21),6),14),((10,(13,26)),(16,7)))),((((11,(27,23)),(22,17)),15),((((((30,24),9),((3,20),8)),19),(4,28)),2)));

STEP 48 [Heur. rSPR MP -> NNI_Substep_32] - Distance: 178.0000
((5,(((((25,((1,18),(12,29))),21),6),14),((10,(13,26)),(16,7)))),((((11,(27,23)),(22,17)),15),((((((30,24),9),19),((3,20),8)),(4,28)),2)));

STEP 49 [Heur. rSPR MP -> NNI_Substep_33] - Distance: 177.0000
((5,(((((25,((1,18),(12,29))),21),6),14),((10,(13,26)),(16,7)))),((((11,(27,23)),(22,17)),15),(((((30,24),(9,19)),((3,20),8)),(4,28)),2)));

STEP 50 [Heur. rSPR MP -> NNI_Substep_34] - Distance: 177.0000
((5,(((((25,((1,18),(12,29))),21),14),6),((10,(13,26)),(16,7)))),((((11,(27,23)),(22,17)),15),(((((30,24),(9,19)),((3,20),8)),(4,28)),2)));

STEP 51 [Heur. rSPR MP -> NNI_Substep_35] - Distance: 176.0000
((5,(((((25,((1,18),(12,29))),21),14),((10,(13,26)),(16,7))),6)),((((11,(27,23)),(22,17)),15),(((((30,24),(9,19)),((3,20),8)),(4,28)),2)));

STEP 52 [Heur. rSPR MP -> NNI_Substep_36] - Distance: 176.0000
(((5,((((25,((1,18),(12,29))),21),14),((10,(13,26)),(16,7)))),6),((((11,(27,23)),(22,17)),15),(((((30,24),(9,19)),((3,20),8)),(4,28)),2)));

STEP 53 [Heur. rSPR MP -> NNI_Substep_37] - Distance: 160.0000
((5,((((25,((1,18),(12,29))),21),14),((10,(13,26)),(16,7)))),(((((11,(27,23)),(22,17)),15),6),(((((30,24),(9,19)),((3,20),8)),(4,28)),2)));

STEP 54 [Heur. rSPR MP -> NNI_Substep_38] - Distance: 159.0000
((5,((((25,((1,18),(12,29))),21),14),((10,(13,26)),(16,7)))),((((11,(27,23)),(22,17)),(15,6)),(((((30,24),(9,19)),((3,20),8)),(4,28)),2)));

STEP 55 [Heur. rSPR MP -> NNI_Substep_39] - Distance: 159.0000
((5,((((25,((18,(12,29)),1)),21),14),((10,(13,26)),(16,7)))),((((11,(27,23)),(22,17)),(15,6)),(((((30,24),(9,19)),((3,20),8)),(4,28)),2)));

STEP 56 [Heur. rSPR MP -> NNI_Substep_40] - Distance: 159.0000
((5,(((((25,(18,(12,29))),1),21),14),((10,(13,26)),(16,7)))),((((11,(27,23)),(22,17)),(15,6)),(((((30,24),(9,19)),((3,20),8)),(4,28)),2)));

STEP 57 [Heur. rSPR MP -> NNI_Substep_41] - Distance: 159.0000
((5,(((((25,(18,(12,29))),21),1),14),((10,(13,26)),(16,7)))),((((11,(27,23)),(22,17)),(15,6)),(((((30,24),(9,19)),((3,20),8)),(4,28)),2)));

STEP 58 [Heur. rSPR MP -> NNI_Substep_42] - Distance: 159.0000
((5,(((((25,(18,(12,29))),21),14),1),((10,(13,26)),(16,7)))),((((11,(27,23)),(22,17)),(15,6)),(((((30,24),(9,19)),((3,20),8)),(4,28)),2)));

STEP 59 [Heur. rSPR MP -> NNI_Substep_43] - Distance: 158.0000
((5,(((((25,(18,(12,29))),21),14),((10,(13,26)),(16,7))),1)),((((11,(27,23)),(22,17)),(15,6)),(((((30,24),(9,19)),((3,20),8)),(4,28)),2)));

STEP 60 [Heur. rSPR MP -> NNI_Substep_44] - Distance: 158.0000
(((5,((((25,(18,(12,29))),21),14),((10,(13,26)),(16,7)))),1),((((11,(27,23)),(22,17)),(15,6)),(((((30,24),(9,19)),((3,20),8)),(4,28)),2)));

STEP 61 [Heur. rSPR MP -> NNI_Substep_45] - Distance: 140.0000
((5,((((25,(18,(12,29))),21),14),((10,(13,26)),(16,7)))),(((((11,(27,23)),(22,17)),(15,6)),1),(((((30,24),(9,19)),((3,20),8)),(4,28)),2)));

STEP 62 [Heur. rSPR MP -> NNI_Substep_46] - Distance: 139.0000
((5,((((25,(18,(12,29))),21),14),((10,(13,26)),(16,7)))),((((11,(27,23)),(22,17)),((15,6),1)),(((((30,24),(9,19)),((3,20),8)),(4,28)),2)));

STEP 63 [Heur. rSPR MP -> NNI_Substep_47] - Distance: 139.0000
((5,((((25,(18,(12,29))),21),14),(((13,26),(16,7)),10))),((((11,(27,23)),(22,17)),((15,6),1)),(((((30,24),(9,19)),((3,20),8)),(4,28)),2)));

STEP 64 [Heur. rSPR MP -> NNI_Substep_48] - Distance: 139.0000
((5,(((((25,(18,(12,29))),21),14),((13,26),(16,7))),10)),((((11,(27,23)),(22,17)),((15,6),1)),(((((30,24),(9,19)),((3,20),8)),(4,28)),2)));

STEP 65 [Heur. rSPR MP -> NNI_Substep_49] - Distance: 139.0000
(((5,((((25,(18,(12,29))),21),14),((13,26),(16,7)))),10),((((11,(27,23)),(22,17)),((15,6),1)),(((((30,24),(9,19)),((3,20),8)),(4,28)),2)));

STEP 66 [Heur. rSPR MP -> NNI_Substep_50] - Distance: 122.0000
((5,((((25,(18,(12,29))),21),14),((13,26),(16,7)))),(((((11,(27,23)),(22,17)),((15,6),1)),10),(((((30,24),(9,19)),((3,20),8)),(4,28)),2)));

STEP 67 [Heur. rSPR MP -> NNI_Substep_51] - Distance: 121.0000
((5,((((25,(18,(12,29))),21),14),((13,26),(16,7)))),((((11,(27,23)),(22,17)),(((15,6),1),10)),(((((30,24),(9,19)),((3,20),8)),(4,28)),2)));

STEP 68 [Heur. rSPR MP -> NNI_Substep_52] - Distance: 119.0000
((5,((((25,(18,(12,29))),21),14),((13,26),(16,7)))),((((11,(27,23)),(22,17)),((15,6),(1,10))),(((((30,24),(9,19)),((3,20),8)),(4,28)),2)));

STEP 69 [Heur. rSPR MP -> NNI_Substep_53] - Distance: 119.0000
((5,((((25,(18,(12,29))),21),14),((13,(16,7)),26))),((((11,(27,23)),(22,17)),((15,6),(1,10))),(((((30,24),(9,19)),((3,20),8)),(4,28)),2)));

STEP 70 [Heur. rSPR MP -> NNI_Substep_54] - Distance: 119.0000
((5,(((((25,(18,(12,29))),21),14),(13,(16,7))),26)),((((11,(27,23)),(22,17)),((15,6),(1,10))),(((((30,24),(9,19)),((3,20),8)),(4,28)),2)));

STEP 71 [Heur. rSPR MP -> NNI_Substep_55] - Distance: 119.0000
(((5,((((25,(18,(12,29))),21),14),(13,(16,7)))),26),((((11,(27,23)),(22,17)),((15,6),(1,10))),(((((30,24),(9,19)),((3,20),8)),(4,28)),2)));

STEP 72 [Heur. rSPR MP -> NNI_Substep_56] - Distance: 98.0000
((5,((((25,(18,(12,29))),21),14),(13,(16,7)))),(((((11,(27,23)),(22,17)),((15,6),(1,10))),26),(((((30,24),(9,19)),((3,20),8)),(4,28)),2)));

STEP 73 [Heur. rSPR MP -> NNI_Substep_57] - Distance: 97.0000
((5,((((25,(18,(12,29))),21),14),(13,(16,7)))),((((11,(27,23)),(22,17)),(((15,6),(1,10)),26)),(((((30,24),(9,19)),((3,20),8)),(4,28)),2)));

STEP 74 [Heur. rSPR MP -> NNI_Substep_58] - Distance: 96.0000
((5,((((25,(18,(12,29))),21),14),(13,(16,7)))),((((11,(22,17)),(27,23)),(((15,6),(1,10)),26)),(((((30,24),(9,19)),((3,20),8)),(4,28)),2)));

STEP 75 [Heur. rSPR MP -> NNI_Substep_59] - Distance: 96.0000
((5,((((25,(18,(12,29))),21),14),(13,(16,7)))),((((11,(22,17)),(((15,6),(1,10)),26)),(27,23)),(((((30,24),(9,19)),((3,20),8)),(4,28)),2)));

STEP 76 [Heur. rSPR MP -> NNI_Substep_60] - Distance: 99.0000
((5,((((25,(18,(12,29))),21),14),(13,(16,7)))),((((11,(22,17)),(((15,6),(1,10)),26)),(((((30,24),(9,19)),((3,20),8)),(4,28)),2)),(27,23)));

STEP 77 [Heur. rSPR MP -> NNI_Substep_61] - Distance: 85.0000
((5,((((25,(18,(12,29))),21),14),(13,(16,7)))),(((11,(22,17)),(((15,6),(1,10)),26)),((((((30,24),(9,19)),((3,20),8)),(4,28)),2),(27,23))));

STEP 78 [Heur. rSPR MP -> NNI_Substep_62] - Distance: 83.0000
((5,((((25,(18,(12,29))),21),14),(13,(16,7)))),(((11,(22,17)),(((15,6),(1,10)),26)),((((((30,24),(9,19)),((3,20),8)),(4,28)),(27,23)),2)));

STEP 79 [Heur. rSPR MP -> NNI_Substep_63] - Distance: 81.0000
((5,((((25,(18,(12,29))),21),14),(13,(16,7)))),(((11,(22,17)),(((15,6),(1,10)),26)),((((((30,24),(9,19)),((3,20),8)),(27,23)),(4,28)),2)));

STEP 80 [Heur. rSPR MP -> NNI_Substep_64] - Distance: 81.0000
((5,((((25,(18,(12,29))),21),14),(13,(16,7)))),(((11,(22,17)),(((15,6),(1,10)),26)),((((((24,(9,19)),30),((3,20),8)),(27,23)),(4,28)),2)));

STEP 81 [Heur. rSPR MP -> NNI_Substep_65] - Distance: 80.0000
((5,((((25,(18,(12,29))),21),14),(13,(16,7)))),(((11,(22,17)),(((15,6),(1,10)),26)),((((((24,(9,19)),((3,20),8)),30),(27,23)),(4,28)),2)));

STEP 82 [Heur. rSPR MP -> NNI_Substep_66] - Distance: 80.0000
((5,((((25,(18,(12,29))),21),14),(13,(16,7)))),(((11,(22,17)),(((15,6),(1,10)),26)),((((((24,(9,19)),((3,20),8)),(27,23)),30),(4,28)),2)));

STEP 83 [Heur. rSPR MP -> NNI_Substep_67] - Distance: 80.0000
((5,((((25,(18,(12,29))),21),14),(13,(16,7)))),(((11,(22,17)),(((15,6),(1,10)),26)),((((((24,(9,19)),((3,20),8)),(27,23)),(4,28)),30),2)));

STEP 84 [Heur. rSPR MP -> NNI_Substep_68] - Distance: 80.0000
((5,((((25,(18,(12,29))),21),14),(13,(16,7)))),(((11,(22,17)),(((15,6),(1,10)),26)),((((((24,(9,19)),((3,20),8)),(27,23)),(4,28)),2),30)));

STEP 85 [Heur. rSPR MP -> NNI_Substep_69] - Distance: 76.0000
((5,((((25,(18,(12,29))),21),14),(13,(16,7)))),((((11,(22,17)),(((15,6),(1,10)),26)),(((((24,(9,19)),((3,20),8)),(27,23)),(4,28)),2)),30));

STEP 86 [Heur. rSPR MP -> NNI_Substep_70] - Distance: 69.0000
((5,((((25,(18,(12,29))),21),14),(13,(16,7)))),((((11,(22,17)),(((15,6),(1,10)),26)),30),(((((24,(9,19)),((3,20),8)),(27,23)),(4,28)),2)));

STEP 87 [Heur. rSPR MP -> NNI_Substep_71] - Distance: 67.0000
((5,((((25,(18,(12,29))),21),14),(13,(16,7)))),((((11,(22,17)),30),(((15,6),(1,10)),26)),(((((24,(9,19)),((3,20),8)),(27,23)),(4,28)),2)));

STEP 88 [Heur. rSPR MP -> NNI_Substep_72] - Distance: 66.0000
((5,((((25,(18,(12,29))),21),14),(13,(16,7)))),((((11,30),(22,17)),(((15,6),(1,10)),26)),(((((24,(9,19)),((3,20),8)),(27,23)),(4,28)),2)));

STEP 89 [Heur. rSPR MP -> NNI_Substep_73] - Distance: 66.0000
((5,((((25,(18,(12,29))),21),14),(13,(16,7)))),(((((11,30),17),22),(((15,6),(1,10)),26)),(((((24,(9,19)),((3,20),8)),(27,23)),(4,28)),2)));

STEP 90 [Heur. rSPR MP -> NNI_Substep_74] - Distance: 66.0000
((5,((((25,(18,(12,29))),21),14),(13,(16,7)))),(((((11,30),17),(((15,6),(1,10)),26)),22),(((((24,(9,19)),((3,20),8)),(27,23)),(4,28)),2)));

STEP 91 [Heur. rSPR MP -> NNI_Substep_75] - Distance: 65.0000
((5,((((25,(18,(12,29))),21),14),(13,(16,7)))),(((((11,30),17),(((15,6),(1,10)),26)),(((((24,(9,19)),((3,20),8)),(27,23)),(4,28)),2)),22));

STEP 92 [Heur. rSPR MP -> NNI_Substep_76] - Distance: 57.0000
((5,((((25,(18,(12,29))),21),14),(13,(16,7)))),((((11,30),17),(((15,6),(1,10)),26)),((((((24,(9,19)),((3,20),8)),(27,23)),(4,28)),2),22)));

STEP 93 [Heur. rSPR MP -> NNI_Substep_77] - Distance: 56.0000
((5,((((25,(18,(12,29))),21),14),(13,(16,7)))),((((11,30),17),(((15,6),(1,10)),26)),((((((24,(9,19)),((3,20),8)),(27,23)),(4,28)),22),2)));

STEP 94 [Heur. rSPR MP -> NNI_Substep_78] - Distance: 52.0000
((5,((((25,(18,(12,29))),21),14),(13,(16,7)))),((((11,30),17),(((15,6),(1,10)),26)),(((((24,(9,19)),((3,20),8)),(27,23)),((4,28),22)),2)));

STEP 95 [Heur. rSPR MP -> NNI_Substep_79] - Distance: 52.0000
((5,((((25,(18,(12,29))),21),14),(13,(16,7)))),((((11,30),17),(((15,6),(1,10)),26)),(((((24,(9,19)),((20,8),3)),(27,23)),((4,28),22)),2)));

STEP 96 [Heur. rSPR MP -> NNI_Substep_80] - Distance: 52.0000
((5,((((25,(18,(12,29))),21),14),(13,(16,7)))),((((11,30),17),(((15,6),(1,10)),26)),((((((24,(9,19)),(20,8)),3),(27,23)),((4,28),22)),2)));

STEP 97 [Heur. rSPR MP -> NNI_Substep_81] - Distance: 52.0000
((5,((((25,(18,(12,29))),21),14),(13,(16,7)))),((((11,30),17),(((15,6),(1,10)),26)),((((((24,(9,19)),(20,8)),(27,23)),3),((4,28),22)),2)));

STEP 98 [Heur. rSPR MP -> NNI_Substep_82] - Distance: 52.0000
((5,((((25,(18,(12,29))),21),14),(13,(16,7)))),((((11,30),17),(((15,6),(1,10)),26)),((((((24,(9,19)),(20,8)),(27,23)),((4,28),22)),3),2)));

STEP 99 [Heur. rSPR MP -> NNI_Substep_83] - Distance: 52.0000
((5,((((25,(18,(12,29))),21),14),(13,(16,7)))),((((11,30),17),(((15,6),(1,10)),26)),((((((24,(9,19)),(20,8)),(27,23)),((4,28),22)),2),3)));

STEP 100 [Heur. rSPR MP -> NNI_Substep_84] - Distance: 47.0000
((5,((((25,(18,(12,29))),21),14),(13,(16,7)))),(((((11,30),17),(((15,6),(1,10)),26)),(((((24,(9,19)),(20,8)),(27,23)),((4,28),22)),2)),3));

STEP 101 [Heur. rSPR MP -> NNI_Substep_85] - Distance: 38.0000
((5,((((25,(18,(12,29))),21),14),(13,(16,7)))),(((((11,30),17),(((15,6),(1,10)),26)),3),(((((24,(9,19)),(20,8)),(27,23)),((4,28),22)),2)));

STEP 102 [Heur. rSPR MP -> NNI_Substep_86] - Distance: 36.0000
((5,((((25,(18,(12,29))),21),14),(13,(16,7)))),((((11,30),17),((((15,6),(1,10)),26),3)),(((((24,(9,19)),(20,8)),(27,23)),((4,28),22)),2)));

STEP 103 [Heur. rSPR MP -> NNI_Substep_87] - Distance: 36.0000
((5,((((25,(18,(12,29))),21),14),(13,(16,7)))),((((11,30),17),((((15,6),(1,10)),26),3)),((((((24,(9,19)),20),8),(27,23)),((4,28),22)),2)));

STEP 104 [Heur. rSPR MP -> NNI_Substep_88] - Distance: 36.0000
((5,((((25,(18,(12,29))),21),14),(13,(16,7)))),((((11,30),17),((((15,6),(1,10)),26),3)),((((((24,(9,19)),20),(27,23)),8),((4,28),22)),2)));

STEP 105 [Heur. rSPR MP -> NNI_Substep_89] - Distance: 36.0000
((5,((((25,(18,(12,29))),21),14),(13,(16,7)))),((((11,30),17),((((15,6),(1,10)),26),3)),((((((24,(9,19)),20),(27,23)),((4,28),22)),8),2)));

STEP 106 [Heur. rSPR MP -> NNI_Substep_90] - Distance: 36.0000
((5,((((25,(18,(12,29))),21),14),(13,(16,7)))),((((11,30),17),((((15,6),(1,10)),26),3)),((((((24,(9,19)),20),(27,23)),((4,28),22)),2),8)));

STEP 107 [Heur. rSPR MP -> NNI_Substep_91] - Distance: 35.0000
((5,((((25,(18,(12,29))),21),14),(13,(16,7)))),(((((11,30),17),((((15,6),(1,10)),26),3)),(((((24,(9,19)),20),(27,23)),((4,28),22)),2)),8));

STEP 108 [Heur. rSPR MP -> NNI_Substep_92] - Distance: 25.0000
((5,((((25,(18,(12,29))),21),14),(13,(16,7)))),(((((11,30),17),((((15,6),(1,10)),26),3)),8),(((((24,(9,19)),20),(27,23)),((4,28),22)),2)));

STEP 109 [Heur. rSPR MP -> NNI_Substep_93] - Distance: 23.0000
((5,((((25,(18,(12,29))),21),14),(13,(16,7)))),((((11,30),17),(((((15,6),(1,10)),26),3),8)),(((((24,(9,19)),20),(27,23)),((4,28),22)),2)));

STEP 110 [Heur. rSPR MP -> NNI_Substep_94] - Distance: 22.0000
((5,((((25,(18,(12,29))),21),14),(13,(16,7)))),((((11,30),17),(((((15,6),(1,10)),26),8),3)),(((((24,(9,19)),20),(27,23)),((4,28),22)),2)));

STEP 111 [Heur. rSPR MP -> NNI_Substep_95] - Distance: 18.0000
((5,((((25,(18,(12,29))),21),14),(13,(16,7)))),((((11,30),17),((((15,6),(1,10)),(26,8)),3)),(((((24,(9,19)),20),(27,23)),((4,28),22)),2)));

STEP 112 [Heur. rSPR MP -> NNI_Substep_96] - Distance: 18.0000
((5,((((25,(18,(12,29))),21),14),(13,(16,7)))),((((11,30),17),((((15,6),(1,10)),(26,8)),3)),((((((24,(9,19)),20),27),23),((4,28),22)),2)));

STEP 113 [Heur. rSPR MP -> NNI_Substep_97] - Distance: 17.0000
((5,((((25,(18,(12,29))),21),14),(13,(16,7)))),((((11,30),17),((((15,6),(1,10)),(26,8)),3)),((((((24,(9,19)),20),27),((4,28),22)),23),2)));

STEP 114 [Heur. rSPR MP -> NNI_Substep_98] - Distance: 12.0000
((5,((((25,(18,(12,29))),21),14),(13,(16,7)))),((((11,30),17),((((15,6),(1,10)),(26,8)),3)),(((((24,(9,19)),20),27),(((4,28),22),23)),2)));

STEP 115 [Heur. rSPR MP -> NNI_Substep_99] - Distance: 11.0000
((5,((((25,(18,(12,29))),21),14),(13,(16,7)))),((((11,30),17),((((15,6),(1,10)),(26,8)),3)),(((((24,(9,19)),20),27),(((4,28),23),22)),2)));

STEP 116 [Heur. rSPR MP -> NNI_Substep_100] - Distance: 10.0000
((5,((((25,(18,(12,29))),21),14),(13,(16,7)))),((((11,30),17),((((15,6),(1,10)),(26,8)),3)),(((((24,(9,19)),20),27),(((4,23),28),22)),2)));

STEP 117 [Heur. rSPR MP -> NNI_Substep_101] - Distance: 3.0000
((5,((((25,(18,(12,29))),21),14),(13,(16,7)))),((((11,30),((((15,6),(1,10)),(26,8)),3)),17),(((((24,(9,19)),20),27),(((4,23),28),22)),2)));

STEP 118 [Heur. rSPR MP -> NNI_Substep_102] - Distance: 2.0000
((5,((((25,((18,29),12)),21),14),(13,(16,7)))),((((11,30),((((15,6),(1,10)),(26,8)),3)),17),(((((24,(9,19)),20),27),(((4,23),28),22)),2)));

STEP 119 [Heur. rSPR MP -> NNI_Substep_103] - Distance: 1.0000
((5,(((((25,(18,29)),12),21),14),(13,(16,7)))),((((11,30),((((15,6),(1,10)),(26,8)),3)),17),(((((24,(9,19)),20),27),(((4,23),28),22)),2)));

STEP 120 [Heur. rSPR MP -> NNI_Substep_104] - Distance: 0.0000
((5,(((((25,(18,29)),12),21),14),(13,(16,7)))),((((11,30),((((15,6),(1,10)),(26,8)),3)),17),((((((9,19),20),24),27),(((4,23),28),22)),2)));

========================================================
[FINAL] Total Steps: 120 | Final Distance: 0.0000
========================================================
