========================================================
HEURISTIC TRAJECTORY: VND Incremental (RF)
========================================================
STEP 0 [START] - Distance: 26.0000
((((13,29),(18,9)),(22,((24,26),(7,10)))),(15,((5,(4,1)),(19,14))),(((8,(((21,(6,11)),(12,17)),(23,3))),(25,27)),((28,(20,30)),(2,16))));

STEP 1 [uTBR_IncrementalHeuristic_RF -> NNI_Substep_1] - Distance: 26.0000
((((13,29),(18,9)),(22,((24,26),(7,10)))),(15,(((5,1),4),(19,14))),(((8,(((21,(6,11)),(12,17)),(23,3))),(25,27)),((28,(20,30)),(2,16))));

STEP 2 [uTBR_IncrementalHeuristic_RF -> NNI_Substep_2] - Distance: 26.0000
((((13,29),(18,9)),(22,((24,26),(7,10)))),(15,(((5,1),(19,14)),4)),(((8,(((21,(6,11)),(12,17)),(23,3))),(25,27)),((28,(20,30)),(2,16))));

STEP 3 [uTBR_IncrementalHeuristic_RF -> NNI_Substep_3] - Distance: 26.0000
((((13,29),(18,9)),(22,((24,26),(7,10)))),(15,((5,1),((19,14),4))),(((8,(((21,(6,11)),(12,17)),(23,3))),(25,27)),((28,(20,30)),(2,16))));

STEP 4 [uTBR_IncrementalHeuristic_RF -> NNI_Substep_4] - Distance: 25.0000
((((13,29),(18,9)),(22,((24,26),(7,10)))),(15,((5,1),((19,4),14))),(((8,(((21,(6,11)),(12,17)),(23,3))),(25,27)),((28,(20,30)),(2,16))));

STEP 5 [uTBR_IncrementalHeuristic_RF -> NNI_Substep_5] - Distance: 25.0000
((((13,29),(18,9)),(22,((24,26),(7,10)))),(15,((5,1),((19,4),14))),((((((21,(6,11)),(12,17)),8),(23,3)),(25,27)),((28,(20,30)),(2,16))));

STEP 6 [uTBR_IncrementalHeuristic_RF -> NNI_Substep_6] - Distance: 25.0000
((((13,29),(18,9)),(22,((24,26),(7,10)))),(15,((5,1),((19,4),14))),((((((12,17),8),(21,(6,11))),(23,3)),(25,27)),((28,(20,30)),(2,16))));

STEP 7 [uTBR_IncrementalHeuristic_RF -> NNI_Substep_7] - Distance: 24.0000
((((13,29),(18,9)),(22,((24,26),(7,10)))),(15,((5,1),((19,4),14))),(((((21,(6,11)),(12,(17,8))),(23,3)),(25,27)),((28,(20,30)),(2,16))));

STEP 8 [uTBR_IncrementalHeuristic_RF -> NNI_Substep_8] - Distance: 24.0000
((((13,29),(18,9)),(22,((24,26),(7,10)))),(15,((5,1),((19,4),14))),((((((21,(6,11)),(17,8)),12),(23,3)),(25,27)),((28,(20,30)),(2,16))));

STEP 9 [uTBR_IncrementalHeuristic_RF -> NNI_Substep_9] - Distance: 24.0000
((((13,29),(18,9)),(22,((24,26),(7,10)))),(15,((5,1),((19,4),14))),((((((21,(6,11)),(17,8)),(23,3)),12),(25,27)),((28,(20,30)),(2,16))));

STEP 10 [uTBR_IncrementalHeuristic_RF -> NNI_Substep_10] - Distance: 24.0000
((((13,29),(18,9)),(22,((24,26),(7,10)))),(15,((5,1),((19,4),14))),(((((21,(6,11)),(17,8)),((23,3),12)),(25,27)),((28,(20,30)),(2,16))));

STEP 11 [uTBR_IncrementalHeuristic_RF -> NNI_Substep_11] - Distance: 23.0000
((((13,29),(18,9)),(22,((24,26),(7,10)))),(15,((5,1),((19,4),14))),(((((21,(6,11)),(17,8)),((23,12),3)),(25,27)),((28,(20,30)),(2,16))));

STEP 12 [uTBR_IncrementalHeuristic_RF -> NNI_Substep_12] - Distance: 23.0000
((((13,29),(18,9)),(22,((24,26),(7,10)))),((5,1),((19,4),14)),((((((21,(6,11)),(17,8)),((23,12),3)),(25,27)),((28,(20,30)),(2,16))),15));

STEP 13 [uTBR_IncrementalHeuristic_RF -> NNI_Substep_13] - Distance: 23.0000
((((13,29),(18,9)),(22,((24,26),(7,10)))),((5,1),((19,4),14)),((((((21,(6,11)),(17,8)),((23,12),3)),(25,27)),15),((28,(20,30)),(2,16))));

STEP 14 [uTBR_IncrementalHeuristic_RF -> NNI_Substep_14] - Distance: 23.0000
((((13,29),(18,9)),(22,((24,26),(7,10)))),((5,1),((19,4),14)),(((((21,(6,11)),(17,8)),((23,12),3)),((25,27),15)),((28,(20,30)),(2,16))));

STEP 15 [uTBR_IncrementalHeuristic_RF -> NNI_Substep_15] - Distance: 22.0000
((((13,29),(18,9)),(22,((24,26),(7,10)))),((5,1),((19,4),14)),(((((21,(6,11)),(17,8)),((23,12),3)),(25,(27,15))),((28,(20,30)),(2,16))));

STEP 16 [uTBR_IncrementalHeuristic_RF -> NNI_Substep_16] - Distance: 22.0000
(((((13,29),(18,9)),((24,26),(7,10))),22),((5,1),((19,4),14)),(((((21,(6,11)),(17,8)),((23,12),3)),(25,(27,15))),((28,(20,30)),(2,16))));

STEP 17 [uTBR_IncrementalHeuristic_RF -> NNI_Substep_17] - Distance: 22.0000
((((13,29),(18,9)),((24,26),(7,10))),((5,1),((19,4),14)),((((((21,(6,11)),(17,8)),((23,12),3)),(25,(27,15))),((28,(20,30)),(2,16))),22));

STEP 18 [uTBR_IncrementalHeuristic_RF -> NNI_Substep_18] - Distance: 22.0000
((((13,29),(18,9)),((24,26),(7,10))),((5,1),((19,4),14)),(((((21,(6,11)),(17,8)),((23,12),3)),(25,(27,15))),(((28,(20,30)),(2,16)),22)));

STEP 19 [uTBR_IncrementalHeuristic_RF -> NNI_Substep_19] - Distance: 22.0000
((((13,29),(18,9)),((24,26),(7,10))),((5,1),((19,4),14)),(((((21,(6,11)),(17,8)),((23,12),3)),(25,(27,15))),(((28,(20,30)),22),(2,16))));

STEP 20 [uTBR_IncrementalHeuristic_RF -> NNI_Substep_20] - Distance: 21.0000
((((13,29),(18,9)),((24,26),(7,10))),((5,1),((19,4),14)),(((((21,(6,11)),(17,8)),((23,12),3)),(25,(27,15))),(((28,22),(20,30)),(2,16))));

STEP 21 [uTBR_IncrementalHeuristic_RF -> NNI_Substep_21] - Distance: 21.0000
((((13,29),(18,9)),((24,(7,10)),26)),((5,1),((19,4),14)),(((((21,(6,11)),(17,8)),((23,12),3)),(25,(27,15))),(((28,22),(20,30)),(2,16))));

STEP 22 [uTBR_IncrementalHeuristic_RF -> NNI_Substep_22] - Distance: 21.0000
(((((13,29),(18,9)),(24,(7,10))),26),((5,1),((19,4),14)),(((((21,(6,11)),(17,8)),((23,12),3)),(25,(27,15))),(((28,22),(20,30)),(2,16))));

STEP 23 [uTBR_IncrementalHeuristic_RF -> NNI_Substep_23] - Distance: 21.0000
((((13,29),(18,9)),(24,(7,10))),(((5,1),((19,4),14)),26),(((((21,(6,11)),(17,8)),((23,12),3)),(25,(27,15))),(((28,22),(20,30)),(2,16))));

STEP 24 [uTBR_IncrementalHeuristic_RF -> NNI_Substep_24] - Distance: 21.0000
((((13,29),(18,9)),(24,(7,10))),((5,1),(((19,4),14),26)),(((((21,(6,11)),(17,8)),((23,12),3)),(25,(27,15))),(((28,22),(20,30)),(2,16))));

STEP 25 [uTBR_IncrementalHeuristic_RF -> NNI_Substep_25] - Distance: 20.0000
((((13,29),(18,9)),(24,(7,10))),((5,1),((19,4),(14,26))),(((((21,(6,11)),(17,8)),((23,12),3)),(25,(27,15))),(((28,22),(20,30)),(2,16))));

STEP 26 [uTBR_IncrementalHeuristic_RF -> NNI_Substep_26] - Distance: 20.0000
((((13,29),(18,9)),(24,(7,10))),((5,1),((19,4),(14,26))),(((((21,(6,11)),(17,8)),((23,12),3)),(25,(27,15))),(((20,30),(2,16)),(28,22))));

STEP 27 [uTBR_IncrementalHeuristic_RF -> NNI_Substep_27] - Distance: 20.0000
((((13,29),(18,9)),(24,(7,10))),((5,1),((19,4),(14,26))),((((((21,(6,11)),(17,8)),((23,12),3)),(25,(27,15))),((20,30),(2,16))),(28,22)));

STEP 28 [uTBR_IncrementalHeuristic_RF -> NNI_Substep_28] - Distance: 20.0000
((((13,29),(18,9)),(24,(7,10))),(((5,1),((19,4),(14,26))),(28,22)),(((((21,(6,11)),(17,8)),((23,12),3)),(25,(27,15))),((20,30),(2,16))));

STEP 29 [uTBR_IncrementalHeuristic_RF -> NNI_Substep_29] - Distance: 19.0000
((((13,29),(18,9)),(24,(7,10))),((5,1),(((19,4),(14,26)),(28,22))),(((((21,(6,11)),(17,8)),((23,12),3)),(25,(27,15))),((20,30),(2,16))));

STEP 30 [uTBR_IncrementalHeuristic_RF -> NNI_Substep_30] - Distance: 18.0000
((((13,29),(18,9)),(24,(7,10))),((5,1),((19,4),((14,26),(28,22)))),(((((21,(6,11)),(17,8)),((23,12),3)),(25,(27,15))),((20,30),(2,16))));

STEP 31 [uTBR_IncrementalHeuristic_RF -> NNI_Substep_31] - Distance: 18.0000
((((13,(18,9)),29),(24,(7,10))),((5,1),((19,4),((14,26),(28,22)))),(((((21,(6,11)),(17,8)),((23,12),3)),(25,(27,15))),((20,30),(2,16))));

STEP 32 [uTBR_IncrementalHeuristic_RF -> NNI_Substep_32] - Distance: 18.0000
((((13,(18,9)),(24,(7,10))),29),((5,1),((19,4),((14,26),(28,22)))),(((((21,(6,11)),(17,8)),((23,12),3)),(25,(27,15))),((20,30),(2,16))));

STEP 33 [uTBR_IncrementalHeuristic_RF -> NNI_Substep_33] - Distance: 18.0000
(((13,(18,9)),(24,(7,10))),(((5,1),((19,4),((14,26),(28,22)))),29),(((((21,(6,11)),(17,8)),((23,12),3)),(25,(27,15))),((20,30),(2,16))));

STEP 34 [uTBR_IncrementalHeuristic_RF -> NNI_Substep_34] - Distance: 17.0000
(((13,(18,9)),(24,(7,10))),((5,1),(((19,4),((14,26),(28,22))),29)),(((((21,(6,11)),(17,8)),((23,12),3)),(25,(27,15))),((20,30),(2,16))));

STEP 35 [uTBR_IncrementalHeuristic_RF -> NNI_Substep_35] - Distance: 17.0000
((((18,9),(24,(7,10))),13),((5,1),(((19,4),((14,26),(28,22))),29)),(((((21,(6,11)),(17,8)),((23,12),3)),(25,(27,15))),((20,30),(2,16))));

STEP 36 [uTBR_IncrementalHeuristic_RF -> NNI_Substep_36] - Distance: 17.0000
(((18,9),(24,(7,10))),((5,1),(((19,4),((14,26),(28,22))),29)),((((((21,(6,11)),(17,8)),((23,12),3)),(25,(27,15))),((20,30),(2,16))),13));

STEP 37 [uTBR_IncrementalHeuristic_RF -> NNI_Substep_37] - Distance: 17.0000
(((18,9),(24,(7,10))),((5,1),(((19,4),((14,26),(28,22))),29)),((((((21,(6,11)),(17,8)),((23,12),3)),(25,(27,15))),13),((20,30),(2,16))));

STEP 38 [uTBR_IncrementalHeuristic_RF -> NNI_Substep_38] - Distance: 17.0000
(((18,9),(24,(7,10))),((5,1),(((19,4),((14,26),(28,22))),29)),(((((21,(6,11)),(17,8)),((23,12),3)),((25,(27,15)),13)),((20,30),(2,16))));

STEP 39 [uTBR_IncrementalHeuristic_RF -> NNI_Substep_39] - Distance: 16.0000
(((18,9),(24,(7,10))),((5,1),(((19,4),((14,26),(28,22))),29)),(((((21,(6,11)),(17,8)),((23,12),3)),(25,((27,15),13))),((20,30),(2,16))));

STEP 40 [uTBR_IncrementalHeuristic_RF -> NNI_Substep_40] - Distance: 16.0000
(((18,9),(24,(7,10))),((5,1),(((19,4),((14,26),(28,22))),29)),((((((21,(6,11)),(17,8)),((23,12),3)),25),((27,15),13)),((20,30),(2,16))));

STEP 41 [uTBR_IncrementalHeuristic_RF -> NNI_Substep_41] - Distance: 16.0000
(((18,9),(24,(7,10))),((5,1),(((19,4),((14,26),(28,22))),29)),((((((21,(6,11)),(17,8)),((23,12),3)),25),((20,30),(2,16))),((27,15),13)));

STEP 42 [uTBR_IncrementalHeuristic_RF -> NNI_Substep_42] - Distance: 16.0000
(((18,9),(24,(7,10))),((5,1),(((19,4),((14,26),(28,22))),29)),(((((21,(6,11)),(17,8)),((23,12),3)),25),(((20,30),(2,16)),((27,15),13))));

STEP 43 [uTBR_IncrementalHeuristic_RF -> NNI_Substep_43] - Distance: 16.0000
(((18,9),(24,(7,10))),((5,1),(((19,4),((14,26),(28,22))),29)),(((((21,(6,11)),(17,8)),((23,12),3)),25),((20,30),((2,16),((27,15),13)))));

STEP 44 [uTBR_IncrementalHeuristic_RF -> NNI_Substep_44] - Distance: 15.0000
(((18,9),(24,(7,10))),((5,1),(((19,4),((14,26),(28,22))),29)),(((((21,(6,11)),(17,8)),((23,12),3)),25),((20,30),(2,(16,((27,15),13))))));

STEP 45 [uTBR_IncrementalHeuristic_RF -> NNI_Substep_45] - Distance: 14.0000
(((18,9),(24,(7,10))),((5,1),(((19,4),((14,26),(28,22))),29)),(((((21,(6,11)),(17,8)),((23,12),3)),25),(((20,30),(16,((27,15),13))),2)));

STEP 46 [uTBR_IncrementalHeuristic_RF -> NNI_Substep_46] - Distance: 14.0000
(((18,9),(24,(7,10))),((5,1),(((19,4),((14,26),(28,22))),29)),((((((21,(6,11)),(17,8)),((23,12),3)),25),((20,30),(16,((27,15),13)))),2));

STEP 47 [uTBR_IncrementalHeuristic_RF -> NNI_Substep_47] - Distance: 14.0000
(((18,9),(24,(7,10))),((5,1),(((19,4),((14,26),(28,22))),29)),((((((21,(6,11)),(17,8)),((23,12),3)),25),2),((20,30),(16,((27,15),13)))));

STEP 48 [uTBR_IncrementalHeuristic_RF -> NNI_Substep_48] - Distance: 14.0000
(((18,9),(24,(7,10))),((5,1),(((19,4),((14,26),(28,22))),29)),((((((21,(6,11)),(17,8)),((23,12),3)),2),25),((20,30),(16,((27,15),13)))));

STEP 49 [uTBR_IncrementalHeuristic_RF -> NNI_Substep_49] - Distance: 14.0000
(((18,9),(24,(7,10))),((5,1),(((19,4),((14,26),(28,22))),29)),(((((21,(6,11)),(17,8)),(((23,12),3),2)),25),((20,30),(16,((27,15),13)))));

STEP 50 [uTBR_IncrementalHeuristic_RF -> NNI_Substep_50] - Distance: 13.0000
(((18,9),(24,(7,10))),((5,1),(((19,4),((14,26),(28,22))),29)),(((((21,(6,11)),(17,8)),((23,12),(3,2))),25),((20,30),(16,((27,15),13)))));

STEP 51 [uTBR_IncrementalHeuristic_RF -> NNI_Substep_51] - Distance: 12.0000
(((18,9),(24,(7,10))),((5,1),(((19,4),((14,26),(28,22))),29)),((25,((21,(6,11)),((17,8),((23,12),(3,2))))),((20,30),(16,((27,15),13)))));

STEP 52 [uTBR_IncrementalHeuristic_RF -> NNI_Substep_52] - Distance: 11.0000
(((18,9),(24,(7,10))),((5,1),(((19,4),((14,26),(28,22))),29)),((25,((20,30),(16,((27,15),13)))),((21,(6,11)),((17,8),((23,12),(3,2))))));

STEP 53 [uTBR_IncrementalHeuristic_RF -> NNI_Substep_53] - Distance: 10.0000
(((18,9),(24,(7,10))),((5,1),(((19,4),((14,26),(28,22))),29)),((25,((20,30),(16,((27,15),13)))),((21,(6,11)),(((17,8),(3,2)),(23,12)))));

STEP 54 [uTBR_IncrementalHeuristic_RF -> NNI_Substep_54] - Distance: 10.0000
(((9,(24,(7,10))),18),((5,1),(((19,4),((14,26),(28,22))),29)),((25,((20,30),(16,((27,15),13)))),((21,(6,11)),(((17,8),(3,2)),(23,12)))));

STEP 55 [uTBR_IncrementalHeuristic_RF -> NNI_Substep_55] - Distance: 10.0000
((9,(24,(7,10))),((5,1),(((19,4),((14,26),(28,22))),29)),(((25,((20,30),(16,((27,15),13)))),((21,(6,11)),(((17,8),(3,2)),(23,12)))),18));

STEP 56 [uTBR_IncrementalHeuristic_RF -> NNI_Substep_56] - Distance: 10.0000
((9,(24,(7,10))),((5,1),(((19,4),((14,26),(28,22))),29)),((25,((20,30),(16,((27,15),13)))),(((21,(6,11)),(((17,8),(3,2)),(23,12))),18)));

STEP 57 [uTBR_IncrementalHeuristic_RF -> NNI_Substep_57] - Distance: 10.0000
((9,(24,(7,10))),((5,1),(((19,4),((14,26),(28,22))),29)),((25,((20,30),(16,((27,15),13)))),(((21,(6,11)),18),(((17,8),(3,2)),(23,12)))));

STEP 58 [uTBR_IncrementalHeuristic_RF -> NNI_Substep_58] - Distance: 9.0000
((9,(24,(7,10))),((5,1),(((19,4),((14,26),(28,22))),29)),((25,((20,30),(16,((27,15),13)))),(((21,18),(6,11)),(((17,8),(3,2)),(23,12)))));

STEP 59 [uTBR_IncrementalHeuristic_RF -> NNI_Substep_59] - Distance: 8.0000
((9,(24,(7,10))),((5,1),(((19,4),((14,26),(28,22))),29)),((25,((20,30),(16,((27,15),13)))),((6,11),((21,18),(((17,8),(3,2)),(23,12))))));

STEP 60 [uTBR_IncrementalHeuristic_RF -> NNI_Substep_60] - Distance: 7.0000
((9,(24,(7,10))),((5,1),(((19,4),((14,26),(28,22))),29)),((25,((20,30),(16,((27,15),13)))),(6,(11,((21,18),(((17,8),(3,2)),(23,12)))))));

STEP 61 [uTBR_IncrementalHeuristic_RF -> NNI_Substep_61] - Distance: 7.0000
(((9,(7,10)),24),((5,1),(((19,4),((14,26),(28,22))),29)),((25,((20,30),(16,((27,15),13)))),(6,(11,((21,18),(((17,8),(3,2)),(23,12)))))));

STEP 62 [uTBR_IncrementalHeuristic_RF -> NNI_Substep_62] - Distance: 7.0000
((9,(7,10)),((5,1),(((19,4),((14,26),(28,22))),29)),(((25,((20,30),(16,((27,15),13)))),(6,(11,((21,18),(((17,8),(3,2)),(23,12)))))),24));

STEP 63 [uTBR_IncrementalHeuristic_RF -> NNI_Substep_63] - Distance: 7.0000
((9,(7,10)),((5,1),(((19,4),((14,26),(28,22))),29)),((25,((20,30),(16,((27,15),13)))),((6,(11,((21,18),(((17,8),(3,2)),(23,12))))),24)));

STEP 64 [uTBR_IncrementalHeuristic_RF -> NNI_Substep_64] - Distance: 6.0000
((9,(7,10)),((5,1),(((19,4),((14,26),(28,22))),29)),((25,((20,30),(16,((27,15),13)))),((6,24),(11,((21,18),(((17,8),(3,2)),(23,12)))))));

STEP 65 [uTBR_IncrementalHeuristic_RF -> NNI_Substep_65] - Distance: 6.0000
(((9,10),7),((5,1),(((19,4),((14,26),(28,22))),29)),((25,((20,30),(16,((27,15),13)))),((6,24),(11,((21,18),(((17,8),(3,2)),(23,12)))))));

STEP 66 [uTBR_IncrementalHeuristic_RF -> NNI_Substep_66] - Distance: 6.0000
((9,10),(((5,1),(((19,4),((14,26),(28,22))),29)),7),((25,((20,30),(16,((27,15),13)))),((6,24),(11,((21,18),(((17,8),(3,2)),(23,12)))))));

STEP 67 [uTBR_IncrementalHeuristic_RF -> NNI_Substep_67] - Distance: 6.0000
((9,10),(((5,1),7),(((19,4),((14,26),(28,22))),29)),((25,((20,30),(16,((27,15),13)))),((6,24),(11,((21,18),(((17,8),(3,2)),(23,12)))))));

STEP 68 [uTBR_IncrementalHeuristic_RF -> NNI_Substep_68] - Distance: 5.0000
((9,10),((5,(1,7)),(((19,4),((14,26),(28,22))),29)),((25,((20,30),(16,((27,15),13)))),((6,24),(11,((21,18),(((17,8),(3,2)),(23,12)))))));

STEP 69 [uTBR_IncrementalHeuristic_RF -> NNI_Substep_69] - Distance: 5.0000
((9,10),((5,(1,7)),(((19,4),((14,26),(28,22))),29)),(((25,((20,30),(16,((27,15),13)))),(11,((21,18),(((17,8),(3,2)),(23,12))))),(6,24)));

STEP 70 [uTBR_IncrementalHeuristic_RF -> NNI_Substep_70] - Distance: 4.0000
(((9,10),(6,24)),((5,(1,7)),(((19,4),((14,26),(28,22))),29)),((25,((20,30),(16,((27,15),13)))),(11,((21,18),(((17,8),(3,2)),(23,12))))));

STEP 71 [uTBR_IncrementalHeuristic_RF -> NNI_Substep_71] - Distance: 3.0000
((9,(10,(6,24))),((5,(1,7)),(((19,4),((14,26),(28,22))),29)),((25,((20,30),(16,((27,15),13)))),(11,((21,18),(((17,8),(3,2)),(23,12))))));

STEP 72 [uTBR_IncrementalHeuristic_RF -> NNI_Substep_72] - Distance: 2.0000
((9,(10,(6,24))),(((1,7),(((19,4),((14,26),(28,22))),29)),5),((25,((20,30),(16,((27,15),13)))),(11,((21,18),(((17,8),(3,2)),(23,12))))));

STEP 73 [uTBR_IncrementalHeuristic_RF -> NNI_Substep_73] - Distance: 2.0000
((9,(10,(6,24))),((1,7),(((19,4),((14,26),(28,22))),29)),(((25,((20,30),(16,((27,15),13)))),(11,((21,18),(((17,8),(3,2)),(23,12))))),5));

STEP 74 [uTBR_IncrementalHeuristic_RF -> NNI_Substep_74] - Distance: 1.0000
((9,(10,(6,24))),((1,7),(((19,4),((14,26),(28,22))),29)),((25,((20,30),(16,((27,15),13)))),((11,((21,18),(((17,8),(3,2)),(23,12)))),5)));

STEP 75 [uTBR_IncrementalHeuristic_RF -> NNI_Substep_75] - Distance: 0.0000
((1,7),(((19,4),((14,26),(28,22))),29),((25,((20,30),(16,((27,15),13)))),(((11,((21,18),(((17,8),(3,2)),(23,12)))),5),(9,(10,(6,24))))));

========================================================
[FINAL] Total Steps: 75 | Final Distance: 0.0000
========================================================
