========================================================
HEURISTIC TRAJECTORY: VND Classic (MP)
========================================================
STEP 0 [START] - Distance: 326.0000
((1,(((((9,(26,(23,30))),((20,8),(14,7))),((3,(25,(10,24))),(13,(5,(15,12))))),((18,(6,17)),(4,(27,21)))),(2,19))),(16,(22,(28,(11,29)))));

STEP 1 [NNI_ClassicHeuristic_MP -> NNI_Substep_1] - Distance: 312.0000
((1,(((((18,(6,17)),(4,(27,21))),((3,(25,(10,24))),(13,(5,(15,12))))),((9,(26,(23,30))),((20,8),(14,7)))),(2,19))),(16,(22,(28,(11,29)))));

STEP 2 [NNI_ClassicHeuristic_MP -> NNI_Substep_2] - Distance: 301.0000
((1,(((2,19),((9,(26,(23,30))),((20,8),(14,7)))),(((18,(6,17)),(4,(27,21))),((3,(25,(10,24))),(13,(5,(15,12))))))),(16,(22,(28,(11,29)))));

STEP 3 [NNI_ClassicHeuristic_MP -> NNI_Substep_3] - Distance: 292.0000
(((((18,(6,17)),(4,(27,21))),((3,(25,(10,24))),(13,(5,(15,12))))),(((2,19),((9,(26,(23,30))),((20,8),(14,7)))),1)),(16,(22,(28,(11,29)))));

STEP 4 [NNI_ClassicHeuristic_MP -> NNI_Substep_4] - Distance: 254.0000
((((2,19),((9,(26,(23,30))),((20,8),(14,7)))),((16,(22,(28,(11,29)))),1)),(((18,(6,17)),(4,(27,21))),((3,(25,(10,24))),(13,(5,(15,12))))));

STEP 5 [NNI_ClassicHeuristic_MP -> NNI_Substep_5] - Distance: 251.0000
(((((16,(22,(28,(11,29)))),1),((9,(26,(23,30))),((20,8),(14,7)))),(2,19)),(((18,(6,17)),(4,(27,21))),((3,(25,(10,24))),(13,(5,(15,12))))));

STEP 6 [NNI_ClassicHeuristic_MP -> NNI_Substep_6] - Distance: 248.0000
(((((16,(22,(28,(11,29)))),1),((9,(26,(23,30))),((20,8),(14,7)))),(2,19)),(((18,(6,17)),(4,(27,21))),(13,((3,(25,(10,24))),(5,(15,12))))));

STEP 7 [NNI_ClassicHeuristic_MP -> NNI_Substep_7] - Distance: 244.0000
(((((16,(22,(28,(11,29)))),1),((9,(26,(23,30))),((20,8),(14,7)))),(2,19)),(13,(((18,(6,17)),(4,(27,21))),((3,(25,(10,24))),(5,(15,12))))));

STEP 8 [NNI_ClassicHeuristic_MP -> NNI_Substep_8] - Distance: 241.0000
(((((16,(22,(28,(11,29)))),1),((9,(26,(23,30))),((20,8),(14,7)))),(2,19)),(13,((3,(25,(10,24))),(((18,(6,17)),(4,(27,21))),(5,(15,12))))));

STEP 9 [NNI_ClassicHeuristic_MP -> NNI_Substep_9] - Distance: 240.0000
(((((16,(22,(28,(11,29)))),1),((9,(26,(23,30))),((20,(14,7)),8))),(2,19)),(13,((3,(25,(10,24))),(((18,(6,17)),(4,(27,21))),(5,(15,12))))));

STEP 10 [NNI_ClassicHeuristic_MP -> NNI_Substep_10] - Distance: 239.0000
((2,((((16,(22,(28,(11,29)))),1),((9,(26,(23,30))),((20,(14,7)),8))),19)),(13,((3,(25,(10,24))),(((18,(6,17)),(4,(27,21))),(5,(15,12))))));

STEP 11 [NNI_ClassicHeuristic_MP -> NNI_Substep_11] - Distance: 230.0000
((2,(13,((3,(25,(10,24))),((((4,(27,21)),(6,17)),18),(5,(15,12)))))),((((16,(22,(28,(11,29)))),1),((9,(26,(23,30))),((20,(14,7)),8))),19));

STEP 12 [NNI_ClassicHeuristic_MP -> NNI_Substep_12] - Distance: 229.0000
((13,(2,((3,(25,(10,24))),((((4,(27,21)),(6,17)),18),(5,(15,12)))))),((((16,(22,(28,(11,29)))),1),((9,(26,(23,30))),((20,(14,7)),8))),19));

STEP 13 [NNI_ClassicHeuristic_MP -> NNI_Substep_13] - Distance: 224.0000
((13,(((((4,(27,21)),(6,17)),18),(5,(15,12))),((3,(25,(10,24))),2))),((((16,(22,(28,(11,29)))),1),((9,(26,(23,30))),((20,(14,7)),8))),19));

STEP 14 [NNI_ClassicHeuristic_MP -> NNI_Substep_14] - Distance: 223.0000
((13,(((((4,(27,21)),(6,17)),18),(5,(15,12))),((3,2),(25,(10,24))))),((((16,(22,(28,(11,29)))),1),((9,(26,(23,30))),((20,(14,7)),8))),19));

STEP 15 [2sECR_ClassicHeuristic_MP -> NNI_Substep_1] - Distance: 223.0000
((13,(((((4,(27,21)),(6,17)),18),(5,(15,12))),(25,((3,2),(10,24))))),((((16,(22,(28,(11,29)))),1),((9,(26,(23,30))),((20,(14,7)),8))),19));

STEP 16 [2sECR_ClassicHeuristic_MP -> NNI_Substep_2] - Distance: 217.0000
((13,((((((4,(27,21)),(6,17)),18),(5,(15,12))),25),((3,2),(10,24)))),((((16,(22,(28,(11,29)))),1),((9,(26,(23,30))),((20,(14,7)),8))),19));

STEP 17 [2sECR_ClassicHeuristic_MP -> NNI_Substep_3] - Distance: 217.0000
((13,((((((4,(27,21)),(6,17)),18),(5,(15,12))),25),(24,((3,2),10)))),((((16,(22,(28,(11,29)))),1),((9,(26,(23,30))),((20,(14,7)),8))),19));

STEP 18 [2sECR_ClassicHeuristic_MP -> NNI_Substep_4] - Distance: 212.0000
((13,(((((((4,(27,21)),(6,17)),18),(5,(15,12))),25),24),((3,2),10))),((((16,(22,(28,(11,29)))),1),((9,(26,(23,30))),((20,(14,7)),8))),19));

STEP 19 [2sECR_ClassicHeuristic_MP -> NNI_Substep_5] - Distance: 212.0000
((13,((((((5,(15,12)),((4,(27,21)),(6,17))),18),25),24),((3,2),10))),((((16,(22,(28,(11,29)))),1),((9,(26,(23,30))),((20,(14,7)),8))),19));

STEP 20 [2sECR_ClassicHeuristic_MP -> NNI_Substep_6] - Distance: 210.0000
((13,((((((4,(27,21)),((5,(15,12)),(6,17))),18),25),24),((3,2),10))),((((16,(22,(28,(11,29)))),1),((9,(26,(23,30))),((20,(14,7)),8))),19));

STEP 21 [2sECR_ClassicHeuristic_MP -> NNI_Substep_7] - Distance: 213.0000
((13,((((((4,(27,21)),((5,(15,12)),(6,17))),18),25),24),((3,2),10))),(((9,(26,(23,30))),(((16,(22,(28,(11,29)))),1),((20,(14,7)),8))),19));

STEP 22 [2sECR_ClassicHeuristic_MP -> NNI_Substep_8] - Distance: 209.0000
((13,((((((4,(27,21)),((5,(15,12)),(6,17))),18),25),24),((3,2),10))),((((16,(22,(28,(11,29)))),1),((20,(14,7)),8)),(19,(9,(26,(23,30))))));

STEP 23 [3sECR_ClassicHeuristic_MP -> NNI_Substep_1] - Distance: 209.0000
((13,((((((4,(27,21)),((5,(15,12)),(6,17))),18),25),24),((3,2),10))),((((16,(22,(28,(11,29)))),1),((20,(14,7)),8)),((19,(26,(23,30))),9)));

STEP 24 [3sECR_ClassicHeuristic_MP -> NNI_Substep_2] - Distance: 209.0000
((13,((((((4,(27,21)),((5,(15,12)),(6,17))),18),25),24),((3,2),10))),(((((16,(22,(28,(11,29)))),1),((20,(14,7)),8)),(19,(26,(23,30)))),9));

STEP 25 [3sECR_ClassicHeuristic_MP -> NNI_Substep_3] - Distance: 197.0000
(((13,((((((4,(27,21)),((5,(15,12)),(6,17))),18),25),24),((3,2),10))),9),((((16,(22,(28,(11,29)))),1),((20,(14,7)),8)),((19,26),(23,30))));

STEP 26 [3sECR_ClassicHeuristic_MP -> NNI_Substep_4] - Distance: 192.0000
(((13,((((((4,(27,21)),((5,(15,12)),(6,17))),18),25),24),((3,2),10))),9),(((((16,(22,(28,(11,29)))),1),((20,(14,7)),8)),(23,30)),(19,26)));

STEP 27 [3sECR_ClassicHeuristic_MP -> NNI_Substep_5] - Distance: 189.0000
(((13,((((((4,(27,21)),((5,(15,12)),(6,17))),18),25),24),((3,2),10))),9),((((16,(22,(28,(11,29)))),1),(((20,(14,7)),8),(23,30))),(19,26)));

STEP 28 [3sECR_ClassicHeuristic_MP -> NNI_Substep_6] - Distance: 189.0000
(((13,((((((4,(27,21)),((5,(15,12)),(6,17))),18),25),24),((3,2),10))),9),((((16,(22,(28,(11,29)))),1),((((20,(14,7)),8),30),23)),(19,26)));

STEP 29 [3sECR_ClassicHeuristic_MP -> NNI_Substep_7] - Distance: 184.0000
(((13,((((((4,(27,21)),((5,(15,12)),(6,17))),18),25),24),((3,2),10))),9),(((((16,(22,(28,(11,29)))),1),23),(((20,(14,7)),8),30)),(19,26)));

STEP 30 [3sECR_ClassicHeuristic_MP -> NNI_Substep_8] - Distance: 183.0000
(((13,((((((4,(27,21)),((5,(15,12)),(6,17))),18),25),24),((3,2),10))),9),(((((16,(22,(28,(11,29)))),23),1),(((20,(14,7)),8),30)),(19,26)));

STEP 31 [3sECR_ClassicHeuristic_MP -> NNI_Substep_9] - Distance: 182.0000
(((9,(((3,2),10),(((((4,(27,21)),((5,(15,12)),(6,17))),18),25),24))),13),(((((16,(22,(28,(11,29)))),23),1),(((20,(14,7)),8),30)),(19,26)));

STEP 32 [3sECR_ClassicHeuristic_MP -> NNI_Substep_10] - Distance: 179.0000
((((9,(((((4,(27,21)),((5,(15,12)),(6,17))),18),25),24)),((3,2),10)),13),(((((16,(22,(28,(11,29)))),23),1),(((20,(14,7)),8),30)),(19,26)));

STEP 33 [3sECR_ClassicHeuristic_MP -> NNI_Substep_11] - Distance: 178.0000
(((((9,((((4,(27,21)),((5,(15,12)),(6,17))),18),25)),24),((3,2),10)),13),(((((16,(22,(28,(11,29)))),23),1),(((20,(14,7)),8),30)),(19,26)));

STEP 34 [3sECR_ClassicHeuristic_MP -> NNI_Substep_12] - Distance: 177.0000
((((((9,(18,((4,(27,21)),((5,(15,12)),(6,17))))),25),24),((3,2),10)),13),(((((16,(22,(28,(11,29)))),23),1),(((20,(14,7)),8),30)),(19,26)));

STEP 35 [3sECR_ClassicHeuristic_MP -> NNI_Substep_13] - Distance: 176.0000
((((((9,(18,((4,(27,21)),((5,(15,12)),(6,17))))),25),24),((3,2),10)),13),(((((23,(22,(28,(11,29)))),16),1),(((20,(14,7)),8),30)),(19,26)));

STEP 36 [SPR_ClassicHeuristic_MP -> NNI_Substep_1] - Distance: 176.0000
((((((9,(18,((4,(27,21)),((5,(15,12)),(6,17))))),25),24),((3,2),10)),13),(((((23,(22,(28,(11,29)))),16),1),((((20,14),7),8),30)),(19,26)));

STEP 37 [SPR_ClassicHeuristic_MP -> NNI_Substep_2] - Distance: 176.0000
((((((9,(18,((4,(27,21)),((5,(15,12)),(6,17))))),25),24),((3,2),10)),13),(((((23,(22,(28,(11,29)))),16),1),((((20,14),8),7),30)),(19,26)));

STEP 38 [SPR_ClassicHeuristic_MP -> NNI_Substep_3] - Distance: 176.0000
((((((9,(18,((4,(27,21)),((5,(15,12)),(6,17))))),25),24),((3,2),10)),13),(((((23,(22,(28,(11,29)))),16),1),((((20,14),8),30),7)),(19,26)));

STEP 39 [SPR_ClassicHeuristic_MP -> NNI_Substep_4] - Distance: 176.0000
((((((9,(18,((4,(27,21)),((5,(15,12)),(6,17))))),25),24),((3,2),10)),13),((((((23,(22,(28,(11,29)))),16),1),(((20,14),8),30)),7),(19,26)));

STEP 40 [SPR_ClassicHeuristic_MP -> NNI_Substep_5] - Distance: 176.0000
((((((9,(18,((4,(27,21)),((5,(15,12)),(6,17))))),25),24),((3,2),10)),13),((((((23,(22,(28,(11,29)))),16),1),(((20,14),8),30)),(19,26)),7));

STEP 41 [SPR_ClassicHeuristic_MP -> NNI_Substep_6] - Distance: 155.0000
((((((9,(18,((4,(27,21)),((5,(15,12)),(6,17))))),25),24),((3,2),10)),(13,7)),(((((23,(22,(28,(11,29)))),16),1),(((20,14),8),30)),(19,26)));

STEP 42 [SPR_ClassicHeuristic_MP -> NNI_Substep_7] - Distance: 155.0000
((((((9,(18,((4,(27,21)),(((15,12),(6,17)),5)))),25),24),((3,2),10)),(13,7)),(((((23,(22,(28,(11,29)))),16),1),(((20,14),8),30)),(19,26)));

STEP 43 [SPR_ClassicHeuristic_MP -> NNI_Substep_8] - Distance: 155.0000
((((((9,(18,(((4,(27,21)),((15,12),(6,17))),5))),25),24),((3,2),10)),(13,7)),(((((23,(22,(28,(11,29)))),16),1),(((20,14),8),30)),(19,26)));

STEP 44 [SPR_ClassicHeuristic_MP -> NNI_Substep_9] - Distance: 155.0000
((((((9,((18,((4,(27,21)),((15,12),(6,17)))),5)),25),24),((3,2),10)),(13,7)),(((((23,(22,(28,(11,29)))),16),1),(((20,14),8),30)),(19,26)));

STEP 45 [SPR_ClassicHeuristic_MP -> NNI_Substep_10] - Distance: 155.0000
(((((((9,(18,((4,(27,21)),((15,12),(6,17))))),5),25),24),((3,2),10)),(13,7)),(((((23,(22,(28,(11,29)))),16),1),(((20,14),8),30)),(19,26)));

STEP 46 [SPR_ClassicHeuristic_MP -> NNI_Substep_11] - Distance: 155.0000
(((((((9,(18,((4,(27,21)),((15,12),(6,17))))),25),5),24),((3,2),10)),(13,7)),(((((23,(22,(28,(11,29)))),16),1),(((20,14),8),30)),(19,26)));

STEP 47 [SPR_ClassicHeuristic_MP -> NNI_Substep_12] - Distance: 155.0000
(((((((9,(18,((4,(27,21)),((15,12),(6,17))))),25),24),5),((3,2),10)),(13,7)),(((((23,(22,(28,(11,29)))),16),1),(((20,14),8),30)),(19,26)));

STEP 48 [SPR_ClassicHeuristic_MP -> NNI_Substep_13] - Distance: 155.0000
(((((((9,(18,((4,(27,21)),((15,12),(6,17))))),25),24),((3,2),10)),5),(13,7)),(((((23,(22,(28,(11,29)))),16),1),(((20,14),8),30)),(19,26)));

STEP 49 [SPR_ClassicHeuristic_MP -> NNI_Substep_14] - Distance: 155.0000
(((((((9,(18,((4,(27,21)),((15,12),(6,17))))),25),24),((3,2),10)),(13,7)),5),(((((23,(22,(28,(11,29)))),16),1),(((20,14),8),30)),(19,26)));

STEP 50 [SPR_ClassicHeuristic_MP -> NNI_Substep_15] - Distance: 137.0000
((((((9,(18,((4,(27,21)),((15,12),(6,17))))),25),24),((3,2),10)),(13,7)),((((((23,(22,(28,(11,29)))),16),1),(((20,14),8),30)),5),(19,26)));

STEP 51 [SPR_ClassicHeuristic_MP -> NNI_Substep_16] - Distance: 133.0000
((((((9,(18,((4,(27,21)),((15,12),(6,17))))),25),24),((3,2),10)),(13,7)),((((((23,(22,(28,(11,29)))),16),1),5),(((20,14),8),30)),(19,26)));

STEP 52 [SPR_ClassicHeuristic_MP -> NNI_Substep_17] - Distance: 133.0000
((((((9,(18,((4,(27,21)),((15,12),(6,17))))),25),24),((3,2),10)),(13,7)),((((((23,((22,(11,29)),28)),16),1),5),(((20,14),8),30)),(19,26)));

STEP 53 [SPR_ClassicHeuristic_MP -> NNI_Substep_18] - Distance: 133.0000
((((((9,(18,((4,(27,21)),((15,12),(6,17))))),25),24),((3,2),10)),(13,7)),(((((((23,(22,(11,29))),28),16),1),5),(((20,14),8),30)),(19,26)));

STEP 54 [SPR_ClassicHeuristic_MP -> NNI_Substep_19] - Distance: 133.0000
((((((9,(18,((4,(27,21)),((15,12),(6,17))))),25),24),((3,2),10)),(13,7)),(((((((23,(22,(11,29))),16),28),1),5),(((20,14),8),30)),(19,26)));

STEP 55 [SPR_ClassicHeuristic_MP -> NNI_Substep_20] - Distance: 133.0000
((((((9,(18,((4,(27,21)),((15,12),(6,17))))),25),24),((3,2),10)),(13,7)),(((((((23,(22,(11,29))),16),1),28),5),(((20,14),8),30)),(19,26)));

STEP 56 [SPR_ClassicHeuristic_MP -> NNI_Substep_21] - Distance: 133.0000
((((((9,(18,((4,(27,21)),((15,12),(6,17))))),25),24),((3,2),10)),(13,7)),(((((((23,(22,(11,29))),16),1),5),28),(((20,14),8),30)),(19,26)));

STEP 57 [SPR_ClassicHeuristic_MP -> NNI_Substep_22] - Distance: 133.0000
((((((9,(18,((4,(27,21)),((15,12),(6,17))))),25),24),((3,2),10)),(13,7)),(((((((23,(22,(11,29))),16),1),5),(((20,14),8),30)),28),(19,26)));

STEP 58 [SPR_ClassicHeuristic_MP -> NNI_Substep_23] - Distance: 133.0000
((((((9,(18,((4,(27,21)),((15,12),(6,17))))),25),24),((3,2),10)),(13,7)),(((((((23,(22,(11,29))),16),1),5),(((20,14),8),30)),(19,26)),28));

STEP 59 [SPR_ClassicHeuristic_MP -> NNI_Substep_24] - Distance: 118.0000
(((((((9,(18,((4,(27,21)),((15,12),(6,17))))),25),24),((3,2),10)),28),(13,7)),((((((23,(22,(11,29))),16),1),5),(((20,14),8),30)),(19,26)));

STEP 60 [SPR_ClassicHeuristic_MP -> NNI_Substep_25] - Distance: 111.0000
((((((9,(18,((4,(27,21)),((15,12),(6,17))))),25),24),(((3,2),10),28)),(13,7)),((((((23,(22,(11,29))),16),1),5),(((20,14),8),30)),(19,26)));

STEP 61 [SPR_ClassicHeuristic_MP -> NNI_Substep_26] - Distance: 111.0000
(((((((9,((4,(27,21)),((15,12),(6,17)))),18),25),24),(((3,2),10),28)),(13,7)),((((((23,(22,(11,29))),16),1),5),(((20,14),8),30)),(19,26)));

STEP 62 [SPR_ClassicHeuristic_MP -> NNI_Substep_27] - Distance: 111.0000
(((((((9,((4,(27,21)),((15,12),(6,17)))),25),18),24),(((3,2),10),28)),(13,7)),((((((23,(22,(11,29))),16),1),5),(((20,14),8),30)),(19,26)));

STEP 63 [SPR_ClassicHeuristic_MP -> NNI_Substep_28] - Distance: 111.0000
(((((((9,((4,(27,21)),((15,12),(6,17)))),25),24),18),(((3,2),10),28)),(13,7)),((((((23,(22,(11,29))),16),1),5),(((20,14),8),30)),(19,26)));

STEP 64 [SPR_ClassicHeuristic_MP -> NNI_Substep_29] - Distance: 111.0000
(((((((9,((4,(27,21)),((15,12),(6,17)))),25),24),(((3,2),10),28)),18),(13,7)),((((((23,(22,(11,29))),16),1),5),(((20,14),8),30)),(19,26)));

STEP 65 [SPR_ClassicHeuristic_MP -> NNI_Substep_30] - Distance: 111.0000
(((((((9,((4,(27,21)),((15,12),(6,17)))),25),24),(((3,2),10),28)),(13,7)),18),((((((23,(22,(11,29))),16),1),5),(((20,14),8),30)),(19,26)));

STEP 66 [SPR_ClassicHeuristic_MP -> NNI_Substep_31] - Distance: 95.0000
((((((9,((4,(27,21)),((15,12),(6,17)))),25),24),(((3,2),10),28)),(13,7)),(((((((23,(22,(11,29))),16),1),5),(((20,14),8),30)),18),(19,26)));

STEP 67 [SPR_ClassicHeuristic_MP -> NNI_Substep_32] - Distance: 90.0000
((((((9,((4,(27,21)),((15,12),(6,17)))),25),24),(((3,2),10),28)),(13,7)),((((((23,(22,(11,29))),16),1),5),((((20,14),8),30),18)),(19,26)));

STEP 68 [SPR_ClassicHeuristic_MP -> NNI_Substep_33] - Distance: 89.0000
((((((9,((4,(27,21)),((15,12),(6,17)))),25),24),(((3,2),10),28)),(13,7)),((((((23,(22,(11,29))),16),1),5),((((20,14),8),18),30)),(19,26)));

STEP 69 [SPR_ClassicHeuristic_MP -> NNI_Substep_34] - Distance: 88.0000
((((((9,((4,(27,21)),((15,12),(6,17)))),25),24),(((3,2),10),28)),(13,7)),((((((23,(22,(11,29))),16),1),5),((((20,14),18),8),30)),(19,26)));

STEP 70 [SPR_ClassicHeuristic_MP -> NNI_Substep_35] - Distance: 87.0000
((((((9,((4,(27,21)),((15,12),(6,17)))),25),24),(((3,2),10),28)),(13,7)),((((((23,(22,(11,29))),16),1),5),(((20,(14,18)),8),30)),(19,26)));

STEP 71 [SPR_ClassicHeuristic_MP -> NNI_Substep_36] - Distance: 87.0000
((((((9,(((27,21),((15,12),(6,17))),4)),25),24),(((3,2),10),28)),(13,7)),((((((23,(22,(11,29))),16),1),5),(((20,(14,18)),8),30)),(19,26)));

STEP 72 [SPR_ClassicHeuristic_MP -> NNI_Substep_37] - Distance: 87.0000
(((((((9,((27,21),((15,12),(6,17)))),4),25),24),(((3,2),10),28)),(13,7)),((((((23,(22,(11,29))),16),1),5),(((20,(14,18)),8),30)),(19,26)));

STEP 73 [SPR_ClassicHeuristic_MP -> NNI_Substep_38] - Distance: 87.0000
(((((((9,((27,21),((15,12),(6,17)))),25),4),24),(((3,2),10),28)),(13,7)),((((((23,(22,(11,29))),16),1),5),(((20,(14,18)),8),30)),(19,26)));

STEP 74 [SPR_ClassicHeuristic_MP -> NNI_Substep_39] - Distance: 87.0000
(((((((9,((27,21),((15,12),(6,17)))),25),24),4),(((3,2),10),28)),(13,7)),((((((23,(22,(11,29))),16),1),5),(((20,(14,18)),8),30)),(19,26)));

STEP 75 [SPR_ClassicHeuristic_MP -> NNI_Substep_40] - Distance: 87.0000
(((((((9,((27,21),((15,12),(6,17)))),25),24),(((3,2),10),28)),4),(13,7)),((((((23,(22,(11,29))),16),1),5),(((20,(14,18)),8),30)),(19,26)));

STEP 76 [SPR_ClassicHeuristic_MP -> NNI_Substep_41] - Distance: 87.0000
(((((((9,((27,21),((15,12),(6,17)))),25),24),(((3,2),10),28)),(13,7)),4),((((((23,(22,(11,29))),16),1),5),(((20,(14,18)),8),30)),(19,26)));

STEP 77 [SPR_ClassicHeuristic_MP -> NNI_Substep_42] - Distance: 67.0000
((((((9,((27,21),((15,12),(6,17)))),25),24),(((3,2),10),28)),(13,7)),(((((((23,(22,(11,29))),16),1),5),(((20,(14,18)),8),30)),4),(19,26)));

STEP 78 [SPR_ClassicHeuristic_MP -> NNI_Substep_43] - Distance: 62.0000
((((((9,((27,21),((15,12),(6,17)))),25),24),(((3,2),10),28)),(13,7)),((((((23,(22,(11,29))),16),1),5),((((20,(14,18)),8),30),4)),(19,26)));

STEP 79 [SPR_ClassicHeuristic_MP -> NNI_Substep_44] - Distance: 61.0000
((((((9,((27,21),((15,12),(6,17)))),25),24),(((3,2),10),28)),(13,7)),((((((23,(22,(11,29))),16),1),5),((((20,(14,18)),8),4),30)),(19,26)));

STEP 80 [SPR_ClassicHeuristic_MP -> NNI_Substep_45] - Distance: 61.0000
((((((9,((27,21),((15,12),(6,17)))),25),24),(((3,2),10),28)),(13,7)),(((((((23,(11,29)),22),16),1),5),((((20,(14,18)),8),4),30)),(19,26)));

STEP 81 [SPR_ClassicHeuristic_MP -> NNI_Substep_46] - Distance: 61.0000
((((((9,((27,21),((15,12),(6,17)))),25),24),(((3,2),10),28)),(13,7)),(((((((23,(11,29)),16),22),1),5),((((20,(14,18)),8),4),30)),(19,26)));

STEP 82 [SPR_ClassicHeuristic_MP -> NNI_Substep_47] - Distance: 61.0000
((((((9,((27,21),((15,12),(6,17)))),25),24),(((3,2),10),28)),(13,7)),(((((((23,(11,29)),16),1),22),5),((((20,(14,18)),8),4),30)),(19,26)));

STEP 83 [SPR_ClassicHeuristic_MP -> NNI_Substep_48] - Distance: 61.0000
((((((9,((27,21),((15,12),(6,17)))),25),24),(((3,2),10),28)),(13,7)),(((((((23,(11,29)),16),1),5),22),((((20,(14,18)),8),4),30)),(19,26)));

STEP 84 [SPR_ClassicHeuristic_MP -> NNI_Substep_49] - Distance: 61.0000
((((((9,((27,21),((15,12),(6,17)))),25),24),(((3,2),10),28)),(13,7)),(((((((23,(11,29)),16),1),5),((((20,(14,18)),8),4),30)),22),(19,26)));

STEP 85 [SPR_ClassicHeuristic_MP -> NNI_Substep_50] - Distance: 61.0000
((((((9,((27,21),((15,12),(6,17)))),25),24),(((3,2),10),28)),(13,7)),(((((((23,(11,29)),16),1),5),((((20,(14,18)),8),4),30)),(19,26)),22));

STEP 86 [SPR_ClassicHeuristic_MP -> NNI_Substep_51] - Distance: 44.0000
(((((((9,((27,21),((15,12),(6,17)))),25),24),(((3,2),10),28)),22),(13,7)),((((((23,(11,29)),16),1),5),((((20,(14,18)),8),4),30)),(19,26)));

STEP 87 [SPR_ClassicHeuristic_MP -> NNI_Substep_52] - Distance: 36.0000
((((((9,((27,21),((15,12),(6,17)))),25),24),((((3,2),10),28),22)),(13,7)),((((((23,(11,29)),16),1),5),((((20,(14,18)),8),4),30)),(19,26)));

STEP 88 [SPR_ClassicHeuristic_MP -> NNI_Substep_53] - Distance: 35.0000
((((((9,((27,21),((15,12),(6,17)))),25),24),((((3,2),10),22),28)),(13,7)),((((((23,(11,29)),16),1),5),((((20,(14,18)),8),4),30)),(19,26)));

STEP 89 [SPR_ClassicHeuristic_MP -> NNI_Substep_54] - Distance: 34.0000
((((((9,((27,21),((15,12),(6,17)))),25),24),((((3,2),22),10),28)),(13,7)),((((((23,(11,29)),16),1),5),((((20,(14,18)),8),4),30)),(19,26)));

STEP 90 [SPR_ClassicHeuristic_MP -> NNI_Substep_55] - Distance: 33.0000
((((((9,((27,21),((15,12),(6,17)))),25),24),(((3,(2,22)),10),28)),(13,7)),((((((23,(11,29)),16),1),5),((((20,(14,18)),8),4),30)),(19,26)));

STEP 91 [SPR_ClassicHeuristic_MP -> NNI_Substep_56] - Distance: 33.0000
((((((9,((27,21),((15,12),(6,17)))),25),24),(((3,(2,22)),10),28)),(13,7)),(((((((23,29),11),16),1),5),((((20,(14,18)),8),4),30)),(19,26)));

STEP 92 [SPR_ClassicHeuristic_MP -> NNI_Substep_57] - Distance: 33.0000
((((((9,((27,21),((15,12),(6,17)))),25),24),(((3,(2,22)),10),28)),(13,7)),(((((((23,29),16),11),1),5),((((20,(14,18)),8),4),30)),(19,26)));

STEP 93 [SPR_ClassicHeuristic_MP -> NNI_Substep_58] - Distance: 33.0000
((((((9,((27,21),((15,12),(6,17)))),25),24),(((3,(2,22)),10),28)),(13,7)),(((((((23,29),16),1),11),5),((((20,(14,18)),8),4),30)),(19,26)));

STEP 94 [SPR_ClassicHeuristic_MP -> NNI_Substep_59] - Distance: 33.0000
((((((9,((27,21),((15,12),(6,17)))),25),24),(((3,(2,22)),10),28)),(13,7)),(((((((23,29),16),1),5),11),((((20,(14,18)),8),4),30)),(19,26)));

STEP 95 [SPR_ClassicHeuristic_MP -> NNI_Substep_60] - Distance: 33.0000
((((((9,((27,21),((15,12),(6,17)))),25),24),(((3,(2,22)),10),28)),(13,7)),(((((((23,29),16),1),5),((((20,(14,18)),8),4),30)),11),(19,26)));

STEP 96 [SPR_ClassicHeuristic_MP -> NNI_Substep_61] - Distance: 32.0000
((((((9,((27,21),((15,12),(6,17)))),25),24),(((3,(2,22)),10),28)),(13,7)),(((((((23,29),16),1),5),((((20,(14,18)),8),4),30)),(19,26)),11));

STEP 97 [SPR_ClassicHeuristic_MP -> NNI_Substep_62] - Distance: 21.0000
((((((9,((27,21),((15,12),(6,17)))),25),24),(((3,(2,22)),10),28)),(13,7)),((((((23,29),16),1),5),((((20,(14,18)),8),4),30)),((19,26),11)));

STEP 98 [SPR_ClassicHeuristic_MP -> NNI_Substep_63] - Distance: 20.0000
((((((9,((27,21),((15,12),(6,17)))),25),24),(((3,(2,22)),10),28)),(13,7)),((((((23,29),16),1),5),((((20,(14,18)),8),4),30)),(19,(26,11))));

STEP 99 [SPR_ClassicHeuristic_MP -> NNI_Substep_64] - Distance: 20.0000
((((((9,((27,21),(((15,12),17),6))),25),24),(((3,(2,22)),10),28)),(13,7)),((((((23,29),16),1),5),((((20,(14,18)),8),4),30)),(19,(26,11))));

STEP 100 [SPR_ClassicHeuristic_MP -> NNI_Substep_65] - Distance: 20.0000
((((((9,(((27,21),((15,12),17)),6)),25),24),(((3,(2,22)),10),28)),(13,7)),((((((23,29),16),1),5),((((20,(14,18)),8),4),30)),(19,(26,11))));

STEP 101 [SPR_ClassicHeuristic_MP -> NNI_Substep_66] - Distance: 20.0000
(((((((9,((27,21),((15,12),17))),6),25),24),(((3,(2,22)),10),28)),(13,7)),((((((23,29),16),1),5),((((20,(14,18)),8),4),30)),(19,(26,11))));

STEP 102 [SPR_ClassicHeuristic_MP -> NNI_Substep_67] - Distance: 20.0000
(((((((9,((27,21),((15,12),17))),25),6),24),(((3,(2,22)),10),28)),(13,7)),((((((23,29),16),1),5),((((20,(14,18)),8),4),30)),(19,(26,11))));

STEP 103 [SPR_ClassicHeuristic_MP -> NNI_Substep_68] - Distance: 20.0000
(((((((9,((27,21),((15,12),17))),25),24),6),(((3,(2,22)),10),28)),(13,7)),((((((23,29),16),1),5),((((20,(14,18)),8),4),30)),(19,(26,11))));

STEP 104 [SPR_ClassicHeuristic_MP -> NNI_Substep_69] - Distance: 19.0000
(((((((9,((27,21),((15,12),17))),25),24),(((3,(2,22)),10),28)),6),(13,7)),((((((23,29),16),1),5),((((20,(14,18)),8),4),30)),(19,(26,11))));

STEP 105 [SPR_ClassicHeuristic_MP -> NNI_Substep_70] - Distance: 11.0000
((((((9,((27,21),((15,12),17))),25),24),((((3,(2,22)),10),28),6)),(13,7)),((((((23,29),16),1),5),((((20,(14,18)),8),4),30)),(19,(26,11))));

STEP 106 [SPR_ClassicHeuristic_MP -> NNI_Substep_71] - Distance: 10.0000
((((((9,((27,21),((15,12),17))),25),24),((((3,(2,22)),10),6),28)),(13,7)),((((((23,29),16),1),5),((((20,(14,18)),8),4),30)),(19,(26,11))));

STEP 107 [SPR_ClassicHeuristic_MP -> NNI_Substep_72] - Distance: 7.0000
((((((9,((27,21),((15,12),17))),25),24),(((3,(2,22)),(10,6)),28)),(13,7)),((((((23,29),16),1),5),((((20,(14,18)),8),4),30)),(19,(26,11))));

STEP 108 [SPR_ClassicHeuristic_MP -> NNI_Substep_73] - Distance: 7.0000
((((((9,((27,21),((15,17),12))),25),24),(((3,(2,22)),(10,6)),28)),(13,7)),((((((23,29),16),1),5),((((20,(14,18)),8),4),30)),(19,(26,11))));

STEP 109 [SPR_ClassicHeuristic_MP -> NNI_Substep_74] - Distance: 7.0000
((((((9,(((27,21),(15,17)),12)),25),24),(((3,(2,22)),(10,6)),28)),(13,7)),((((((23,29),16),1),5),((((20,(14,18)),8),4),30)),(19,(26,11))));

STEP 110 [SPR_ClassicHeuristic_MP -> NNI_Substep_75] - Distance: 7.0000
(((((((9,((27,21),(15,17))),12),25),24),(((3,(2,22)),(10,6)),28)),(13,7)),((((((23,29),16),1),5),((((20,(14,18)),8),4),30)),(19,(26,11))));

STEP 111 [SPR_ClassicHeuristic_MP -> NNI_Substep_76] - Distance: 6.0000
(((((((9,((27,21),(15,17))),25),12),24),(((3,(2,22)),(10,6)),28)),(13,7)),((((((23,29),16),1),5),((((20,(14,18)),8),4),30)),(19,(26,11))));

STEP 112 [SPR_ClassicHeuristic_MP -> NNI_Substep_77] - Distance: 6.0000
(((((((9,((27,21),(15,17))),25),24),12),(((3,(2,22)),(10,6)),28)),(13,7)),((((((23,29),16),1),5),((((20,(14,18)),8),4),30)),(19,(26,11))));

STEP 113 [SPR_ClassicHeuristic_MP -> NNI_Substep_78] - Distance: 0.0000
((((((9,((27,21),(15,17))),25),(24,12)),(((3,(2,22)),(10,6)),28)),(13,7)),((((((23,29),16),1),5),((((20,(14,18)),8),4),30)),(19,(26,11))));

========================================================
[FINAL] Total Steps: 113 | Final Distance: 0.0000
========================================================
