========================================================
HEURISTIC TRAJECTORY: VND Incremental (MP_RF)
========================================================
STEP 0 [START] - Distance: 334.0000
(((((((11,10),(5,(9,23))),((3,(((24,(19,17)),(14,15)),(12,16))),(21,(1,(26,20))))),((4,(27,13)),(28,(25,22)))),(29,(2,30))),(18,7)),(8,6));

STEP 1 [NNI_IncrementalHeuristic_MP_RF -> NNI_Substep_1] - Distance: 315.0000
(((((29,(2,30)),((4,(27,13)),(28,(25,22)))),(((11,10),(5,(9,23))),((3,(((24,(19,17)),(14,15)),(12,16))),(21,(1,(26,20)))))),(18,7)),(8,6));

STEP 2 [NNI_IncrementalHeuristic_MP_RF -> NNI_Substep_2] - Distance: 305.0000
(((((29,(2,30)),((4,(27,13)),(28,(25,22)))),(18,7)),(((11,10),(5,(9,23))),((3,(((24,(19,17)),(14,15)),(12,16))),(21,(1,(26,20)))))),(8,6));

STEP 3 [NNI_IncrementalHeuristic_MP_RF -> NNI_Substep_3] - Distance: 289.0000
(((((29,(2,30)),((4,(27,13)),(28,(25,22)))),(18,7)),(8,6)),((((3,(((24,(19,17)),(14,15)),(12,16))),(21,(1,(26,20)))),(5,(9,23))),(11,10)));

STEP 4 [NNI_IncrementalHeuristic_MP_RF -> NNI_Substep_4] - Distance: 286.0000
(((((29,(2,30)),((4,(27,13)),(28,(25,22)))),(18,7)),(8,6)),(11,((((3,(((24,(19,17)),(14,15)),(12,16))),(21,(1,(26,20)))),(5,(9,23))),10)));

STEP 5 [NNI_IncrementalHeuristic_MP_RF -> NNI_Substep_5] - Distance: 284.0000
(((((29,(2,30)),(18,7)),((4,(27,13)),(28,(25,22)))),(8,6)),(11,((((3,(((24,(19,17)),(14,15)),(12,16))),(21,(1,(26,20)))),(5,(9,23))),10)));

STEP 6 [NNI_IncrementalHeuristic_MP_RF -> NNI_Substep_6] - Distance: 282.0000
(((((29,(2,30)),(18,7)),((4,(27,13)),(28,(25,22)))),(8,6)),(11,((((3,(((12,16),(14,15)),(24,(19,17)))),(21,(1,(26,20)))),(5,(9,23))),10)));

STEP 7 [NNI_IncrementalHeuristic_MP_RF -> NNI_Substep_7] - Distance: 281.0000
(((((29,(2,30)),(18,7)),(8,6)),((4,(27,13)),(28,(25,22)))),(11,((((3,(((12,16),(14,15)),(24,(19,17)))),(21,(1,(26,20)))),(5,(9,23))),10)));

STEP 8 [NNI_IncrementalHeuristic_MP_RF -> NNI_Substep_8] - Distance: 280.0000
(((((29,(18,7)),(2,30)),(8,6)),((4,(27,13)),(28,(25,22)))),(11,((((3,(((12,16),(14,15)),(24,(19,17)))),(21,(1,(26,20)))),(5,(9,23))),10)));

STEP 9 [NNI_IncrementalHeuristic_MP_RF -> NNI_Substep_9] - Distance: 278.0000
(((((8,6),(2,30)),(29,(18,7))),((4,(27,13)),(28,(25,22)))),(11,((((3,(((12,16),(14,15)),(24,(19,17)))),(21,(1,(26,20)))),(5,(9,23))),10)));

STEP 10 [NNI_IncrementalHeuristic_MP_RF -> NNI_Substep_10] - Distance: 277.0000
(((((8,6),(2,30)),(29,(18,7))),(((28,(25,22)),(27,13)),4)),(11,((((3,(((12,16),(14,15)),(24,(19,17)))),(21,(1,(26,20)))),(5,(9,23))),10)));

STEP 11 [NNI_IncrementalHeuristic_MP_RF -> NNI_Substep_11] - Distance: 275.0000
((((28,(25,22)),(27,13)),((((8,6),(2,30)),(29,(18,7))),4)),(11,((((3,(((12,16),(14,15)),(24,(19,17)))),(21,(1,(26,20)))),(5,(9,23))),10)));

STEP 12 [NNI_IncrementalHeuristic_MP_RF -> NNI_Substep_12] - Distance: 273.0000
((((28,(25,22)),(27,13)),((((8,6),(2,30)),4),(29,(18,7)))),(11,((((3,(((12,16),(14,15)),(24,(19,17)))),(21,(1,(26,20)))),(5,(9,23))),10)));

STEP 13 [NNI_IncrementalHeuristic_MP_RF -> NNI_Substep_13] - Distance: 272.0000
((((28,(25,22)),(27,13)),((((8,6),(2,30)),4),(29,(18,7)))),(11,((((3,((((14,15),16),12),(24,(19,17)))),(21,(1,(26,20)))),(5,(9,23))),10)));

STEP 14 [NNI_IncrementalHeuristic_MP_RF -> NNI_Substep_14] - Distance: 271.0000
((((28,(25,22)),(27,13)),((((8,6),(2,30)),4),(29,(18,7)))),(11,(((21,((3,((((14,15),16),12),(24,(19,17)))),(1,(26,20)))),(5,(9,23))),10)));

STEP 15 [NNI_IncrementalHeuristic_MP_RF -> NNI_Substep_15] - Distance: 268.0000
((((28,(25,22)),(27,13)),((((8,6),(2,30)),4),(29,(18,7)))),(11,(((21,(5,(9,23))),((3,((((14,15),16),12),(24,(19,17)))),(1,(26,20)))),10)));

STEP 16 [NNI_IncrementalHeuristic_MP_RF -> NNI_Substep_16] - Distance: 267.0000
((((28,(25,22)),(27,13)),((((8,6),(2,30)),4),(29,(18,7)))),(11,(((21,(5,(9,23))),(1,((3,((((14,15),16),12),(24,(19,17)))),(26,20)))),10)));

STEP 17 [NNI_IncrementalHeuristic_MP_RF -> NNI_Substep_17] - Distance: 264.0000
((((28,(25,22)),(27,13)),((((8,6),(2,30)),4),(29,(18,7)))),(11,((((3,((((14,15),16),12),(24,(19,17)))),(26,20)),(1,(21,(5,(9,23))))),10)));

STEP 18 [NNI_IncrementalHeuristic_MP_RF -> NNI_Substep_18] - Distance: 263.0000
((((28,(25,22)),(27,13)),((((8,6),(2,30)),4),(29,(18,7)))),(11,(((26,((3,((((14,15),16),12),(24,(19,17)))),20)),(1,(21,(5,(9,23))))),10)));

STEP 19 [Heur. rSPR MP_RF -> NNI_Substep_1] - Distance: 263.0000
((((28,(25,22)),(27,13)),((((8,6),(2,30)),4),(29,(18,7)))),(11,(((26,((3,((((14,15),16),12),(24,(19,17)))),20)),(1,(21,((5,23),9)))),10)));

STEP 20 [Heur. rSPR MP_RF -> NNI_Substep_2] - Distance: 263.0000
((((28,(25,22)),(27,13)),((((8,6),(2,30)),4),(29,(18,7)))),(11,(((26,((3,((((14,15),16),12),(24,(19,17)))),20)),(1,((21,(5,23)),9))),10)));

STEP 21 [Heur. rSPR MP_RF -> NNI_Substep_3] - Distance: 263.0000
((((28,(25,22)),(27,13)),((((8,6),(2,30)),4),(29,(18,7)))),(11,(((26,((3,((((14,15),16),12),(24,(19,17)))),20)),((1,(21,(5,23))),9)),10)));

STEP 22 [Heur. rSPR MP_RF -> NNI_Substep_4] - Distance: 263.0000
((((28,(25,22)),(27,13)),((((8,6),(2,30)),4),(29,(18,7)))),(11,((((26,((3,((((14,15),16),12),(24,(19,17)))),20)),(1,(21,(5,23)))),9),10)));

STEP 23 [Heur. rSPR MP_RF -> NNI_Substep_5] - Distance: 263.0000
((((28,(25,22)),(27,13)),((((8,6),(2,30)),4),(29,(18,7)))),(11,((((26,((3,((((14,15),16),12),(24,(19,17)))),20)),(1,(21,(5,23)))),10),9)));

STEP 24 [Heur. rSPR MP_RF -> NNI_Substep_6] - Distance: 263.0000
((((28,(25,22)),(27,13)),((((8,6),(2,30)),4),(29,(18,7)))),((11,(((26,((3,((((14,15),16),12),(24,(19,17)))),20)),(1,(21,(5,23)))),10)),9));

STEP 25 [Heur. rSPR MP_RF -> NNI_Substep_7] - Distance: 251.0000
(((((28,(25,22)),(27,13)),9),((((8,6),(2,30)),4),(29,(18,7)))),(11,(((26,((3,((((14,15),16),12),(24,(19,17)))),20)),(1,(21,(5,23)))),10)));

STEP 26 [Heur. rSPR MP_RF -> NNI_Substep_8] - Distance: 250.0000
((((28,(25,22)),((27,13),9)),((((8,6),(2,30)),4),(29,(18,7)))),(11,(((26,((3,((((14,15),16),12),(24,(19,17)))),20)),(1,(21,(5,23)))),10)));

STEP 27 [Heur. rSPR MP_RF -> NNI_Substep_9] - Distance: 250.0000
((((28,(25,22)),((27,9),13)),((((8,6),(2,30)),4),(29,(18,7)))),(11,(((26,((3,((((14,15),16),12),(24,(19,17)))),20)),(1,(21,(5,23)))),10)));

STEP 28 [Heur. rSPR MP_RF -> NNI_Substep_10] - Distance: 250.0000
((((28,(25,22)),((27,9),13)),((((8,6),(2,30)),4),(29,(18,7)))),(11,(((26,((3,((((14,16),15),12),(24,(19,17)))),20)),(1,(21,(5,23)))),10)));

STEP 29 [Heur. rSPR MP_RF -> NNI_Substep_11] - Distance: 250.0000
((((28,(25,22)),((27,9),13)),((((8,6),(2,30)),4),(29,(18,7)))),(11,(((26,((3,((((14,16),12),15),(24,(19,17)))),20)),(1,(21,(5,23)))),10)));

STEP 30 [Heur. rSPR MP_RF -> NNI_Substep_12] - Distance: 250.0000
((((28,(25,22)),((27,9),13)),((((8,6),(2,30)),4),(29,(18,7)))),(11,(((26,((3,((((14,16),12),(24,(19,17))),15)),20)),(1,(21,(5,23)))),10)));

STEP 31 [Heur. rSPR MP_RF -> NNI_Substep_13] - Distance: 250.0000
((((28,(25,22)),((27,9),13)),((((8,6),(2,30)),4),(29,(18,7)))),(11,(((26,(((3,(((14,16),12),(24,(19,17)))),15),20)),(1,(21,(5,23)))),10)));

STEP 32 [Heur. rSPR MP_RF -> NNI_Substep_14] - Distance: 250.0000
((((28,(25,22)),((27,9),13)),((((8,6),(2,30)),4),(29,(18,7)))),(11,(((26,(((3,(((14,16),12),(24,(19,17)))),20),15)),(1,(21,(5,23)))),10)));

STEP 33 [Heur. rSPR MP_RF -> NNI_Substep_15] - Distance: 250.0000
((((28,(25,22)),((27,9),13)),((((8,6),(2,30)),4),(29,(18,7)))),(11,((((26,((3,(((14,16),12),(24,(19,17)))),20)),15),(1,(21,(5,23)))),10)));

STEP 34 [Heur. rSPR MP_RF -> NNI_Substep_16] - Distance: 249.0000
((((28,(25,22)),((27,9),13)),((((8,6),(2,30)),4),(29,(18,7)))),(11,((((26,((3,(((14,16),12),(24,(19,17)))),20)),(1,(21,(5,23)))),15),10)));

STEP 35 [Heur. rSPR MP_RF -> NNI_Substep_17] - Distance: 247.0000
((((28,(25,22)),((27,9),13)),((((8,6),(2,30)),4),(29,(18,7)))),(11,(((26,((3,(((14,16),12),(24,(19,17)))),20)),((1,(21,(5,23))),15)),10)));

STEP 36 [Heur. rSPR MP_RF -> NNI_Substep_18] - Distance: 244.0000
((((28,(25,22)),((27,9),13)),((((8,6),(2,30)),4),(29,(18,7)))),(11,(((26,((3,(((14,16),12),(24,(19,17)))),20)),((1,15),(21,(5,23)))),10)));

STEP 37 [Heur. rSPR MP_RF -> NNI_Substep_19] - Distance: 244.0000
((((28,(25,22)),((27,9),13)),(((((8,6),2),30),4),(29,(18,7)))),(11,(((26,((3,(((14,16),12),(24,(19,17)))),20)),((1,15),(21,(5,23)))),10)));

STEP 38 [Heur. rSPR MP_RF -> NNI_Substep_20] - Distance: 244.0000
((((28,(25,22)),((27,9),13)),(((((8,6),2),4),30),(29,(18,7)))),(11,(((26,((3,(((14,16),12),(24,(19,17)))),20)),((1,15),(21,(5,23)))),10)));

STEP 39 [Heur. rSPR MP_RF -> NNI_Substep_21] - Distance: 244.0000
((((28,(25,22)),((27,9),13)),(((((8,6),2),4),(29,(18,7))),30)),(11,(((26,((3,(((14,16),12),(24,(19,17)))),20)),((1,15),(21,(5,23)))),10)));

STEP 40 [Heur. rSPR MP_RF -> NNI_Substep_22] - Distance: 244.0000
(((((28,(25,22)),((27,9),13)),((((8,6),2),4),(29,(18,7)))),30),(11,(((26,((3,(((14,16),12),(24,(19,17)))),20)),((1,15),(21,(5,23)))),10)));

STEP 41 [Heur. rSPR MP_RF -> NNI_Substep_23] - Distance: 238.0000
((((28,(25,22)),((27,9),13)),((((8,6),2),4),(29,(18,7)))),(11,((((26,((3,(((14,16),12),(24,(19,17)))),20)),((1,15),(21,(5,23)))),10),30)));

STEP 42 [Heur. rSPR MP_RF -> NNI_Substep_24] - Distance: 238.0000
((((28,(25,22)),((27,9),13)),((((8,6),2),4),(29,(18,7)))),(11,((((26,((3,(((14,16),12),(24,(19,17)))),20)),((1,15),(21,(5,23)))),30),10)));

STEP 43 [Heur. rSPR MP_RF -> NNI_Substep_25] - Distance: 236.0000
((((28,(25,22)),((27,9),13)),((((8,6),2),4),(29,(18,7)))),(11,(((26,((3,(((14,16),12),(24,(19,17)))),20)),(((1,15),(21,(5,23))),30)),10)));

STEP 44 [Heur. rSPR MP_RF -> NNI_Substep_26] - Distance: 233.0000
((((28,(25,22)),((27,9),13)),((((8,6),2),4),(29,(18,7)))),(11,(((26,((3,(((14,16),12),(24,(19,17)))),20)),(((1,15),30),(21,(5,23)))),10)));

STEP 45 [Heur. rSPR MP_RF -> NNI_Substep_27] - Distance: 232.0000
((((28,(25,22)),((27,9),13)),((((8,6),2),4),(29,(18,7)))),(11,(((26,((3,(((14,16),12),(24,(19,17)))),20)),(((1,30),15),(21,(5,23)))),10)));

STEP 46 [Heur. rSPR MP_RF -> NNI_Substep_28] - Distance: 232.0000
(((((28,(25,22)),(27,9)),13),((((8,6),2),4),(29,(18,7)))),(11,(((26,((3,(((14,16),12),(24,(19,17)))),20)),(((1,30),15),(21,(5,23)))),10)));

STEP 47 [Heur. rSPR MP_RF -> NNI_Substep_29] - Distance: 231.0000
(((((28,(25,22)),(27,9)),((((8,6),2),4),(29,(18,7)))),13),(11,(((26,((3,(((14,16),12),(24,(19,17)))),20)),(((1,30),15),(21,(5,23)))),10)));

STEP 48 [Heur. rSPR MP_RF -> NNI_Substep_30] - Distance: 226.0000
((((28,(25,22)),(27,9)),((((8,6),2),4),(29,(18,7)))),(11,((((26,((3,(((14,16),12),(24,(19,17)))),20)),(((1,30),15),(21,(5,23)))),10),13)));

STEP 49 [Heur. rSPR MP_RF -> NNI_Substep_31] - Distance: 226.0000
((((28,(25,22)),(27,9)),((((8,6),2),4),(29,(18,7)))),(11,((((26,((3,(((14,16),12),(24,(19,17)))),20)),(((1,30),15),(21,(5,23)))),13),10)));

STEP 50 [Heur. rSPR MP_RF -> NNI_Substep_32] - Distance: 220.0000
((((28,(25,22)),(27,9)),((((8,6),2),4),(29,(18,7)))),(11,((((26,((3,(((14,16),12),(24,(19,17)))),20)),13),(((1,30),15),(21,(5,23)))),10)));

STEP 51 [Heur. rSPR MP_RF -> NNI_Substep_33] - Distance: 220.0000
((((28,(25,22)),(27,9)),((((8,6),2),4),(29,(18,7)))),(11,(((26,(((3,(((14,16),12),(24,(19,17)))),20),13)),(((1,30),15),(21,(5,23)))),10)));

STEP 52 [Heur. rSPR MP_RF -> NNI_Substep_34] - Distance: 219.0000
((((28,(25,22)),(27,9)),((((8,6),2),4),(29,(18,7)))),(11,(((26,((3,(((14,16),12),(24,(19,17)))),(20,13))),(((1,30),15),(21,(5,23)))),10)));

STEP 53 [Heur. rSPR MP_RF -> NNI_Substep_35] - Distance: 219.0000
((((28,(25,22)),(27,9)),((((8,6),2),4),(29,(18,7)))),(11,(((26,(((((14,16),12),(24,(19,17))),(20,13)),3)),(((1,30),15),(21,(5,23)))),10)));

STEP 54 [Heur. rSPR MP_RF -> NNI_Substep_36] - Distance: 219.0000
((((28,(25,22)),(27,9)),((((8,6),2),4),(29,(18,7)))),(11,((((26,((((14,16),12),(24,(19,17))),(20,13))),3),(((1,30),15),(21,(5,23)))),10)));

STEP 55 [Heur. rSPR MP_RF -> NNI_Substep_37] - Distance: 218.0000
((((28,(25,22)),(27,9)),((((8,6),2),4),(29,(18,7)))),(11,((((26,((((14,16),12),(24,(19,17))),(20,13))),(((1,30),15),(21,(5,23)))),3),10)));

STEP 56 [Heur. rSPR MP_RF -> NNI_Substep_38] - Distance: 218.0000
((((28,(25,22)),(27,9)),((((8,6),2),4),(29,(18,7)))),(11,((((26,((((14,16),12),(24,(19,17))),(20,13))),(((1,30),15),(21,(5,23)))),10),3)));

STEP 57 [Heur. rSPR MP_RF -> NNI_Substep_39] - Distance: 218.0000
((((28,(25,22)),(27,9)),((((8,6),2),4),(29,(18,7)))),((11,(((26,((((14,16),12),(24,(19,17))),(20,13))),(((1,30),15),(21,(5,23)))),10)),3));

STEP 58 [Heur. rSPR MP_RF -> NNI_Substep_40] - Distance: 209.0000
((((28,(25,22)),(27,9)),((((8,6),2),4),(29,(18,7)))),((11,3),(((26,((((14,16),12),(24,(19,17))),(20,13))),(((1,30),15),(21,(5,23)))),10)));

STEP 59 [Heur. rSPR MP_RF -> NNI_Substep_41] - Distance: 209.0000
(((((28,22),25),(27,9)),((((8,6),2),4),(29,(18,7)))),((11,3),(((26,((((14,16),12),(24,(19,17))),(20,13))),(((1,30),15),(21,(5,23)))),10)));

STEP 60 [Heur. rSPR MP_RF -> NNI_Substep_42] - Distance: 209.0000
(((((28,22),(27,9)),25),((((8,6),2),4),(29,(18,7)))),((11,3),(((26,((((14,16),12),(24,(19,17))),(20,13))),(((1,30),15),(21,(5,23)))),10)));

STEP 61 [Heur. rSPR MP_RF -> NNI_Substep_43] - Distance: 209.0000
(((((28,22),(27,9)),((((8,6),2),4),(29,(18,7)))),25),((11,3),(((26,((((14,16),12),(24,(19,17))),(20,13))),(((1,30),15),(21,(5,23)))),10)));

STEP 62 [Heur. rSPR MP_RF -> NNI_Substep_44] - Distance: 206.0000
((((28,22),(27,9)),(((((8,6),2),4),(29,(18,7))),25)),((11,3),(((26,((((14,16),12),(24,(19,17))),(20,13))),(((1,30),15),(21,(5,23)))),10)));

STEP 63 [Heur. rSPR MP_RF -> NNI_Substep_45] - Distance: 203.0000
((((28,22),(27,9)),((((8,6),2),4),((29,(18,7)),25))),((11,3),(((26,((((14,16),12),(24,(19,17))),(20,13))),(((1,30),15),(21,(5,23)))),10)));

STEP 64 [Heur. rSPR MP_RF -> NNI_Substep_46] - Distance: 202.0000
((((28,22),(27,9)),((((8,6),2),4),((29,25),(18,7)))),((11,3),(((26,((((14,16),12),(24,(19,17))),(20,13))),(((1,30),15),(21,(5,23)))),10)));

STEP 65 [Heur. rSPR MP_RF -> NNI_Substep_47] - Distance: 202.0000
((((28,22),(27,9)),((((8,6),2),4),(((29,25),7),18))),((11,3),(((26,((((14,16),12),(24,(19,17))),(20,13))),(((1,30),15),(21,(5,23)))),10)));

STEP 66 [Heur. rSPR MP_RF -> NNI_Substep_48] - Distance: 202.0000
((((28,22),(27,9)),(((((8,6),2),4),((29,25),7)),18)),((11,3),(((26,((((14,16),12),(24,(19,17))),(20,13))),(((1,30),15),(21,(5,23)))),10)));

STEP 67 [Heur. rSPR MP_RF -> NNI_Substep_49] - Distance: 202.0000
(((((28,22),(27,9)),((((8,6),2),4),((29,25),7))),18),((11,3),(((26,((((14,16),12),(24,(19,17))),(20,13))),(((1,30),15),(21,(5,23)))),10)));

STEP 68 [Heur. rSPR MP_RF -> NNI_Substep_50] - Distance: 196.0000
(((((28,22),(27,9)),18),((((8,6),2),4),((29,25),7))),((11,3),(((26,((((14,16),12),(24,(19,17))),(20,13))),(((1,30),15),(21,(5,23)))),10)));

STEP 69 [Heur. rSPR MP_RF -> NNI_Substep_51] - Distance: 194.0000
(((((28,22),18),(27,9)),((((8,6),2),4),((29,25),7))),((11,3),(((26,((((14,16),12),(24,(19,17))),(20,13))),(((1,30),15),(21,(5,23)))),10)));

STEP 70 [Heur. rSPR MP_RF -> NNI_Substep_52] - Distance: 194.0000
((((28,(22,18)),(27,9)),((((8,6),2),4),((29,25),7))),((11,3),(((26,((((14,16),12),(24,(19,17))),(20,13))),(((1,30),15),(21,(5,23)))),10)));

STEP 71 [Heur. rSPR MP_RF -> NNI_Substep_53] - Distance: 194.0000
(((((22,18),(27,9)),28),((((8,6),2),4),((29,25),7))),((11,3),(((26,((((14,16),12),(24,(19,17))),(20,13))),(((1,30),15),(21,(5,23)))),10)));

STEP 72 [Heur. rSPR MP_RF -> NNI_Substep_54] - Distance: 193.0000
(((((22,18),(27,9)),((((8,6),2),4),((29,25),7))),28),((11,3),(((26,((((14,16),12),(24,(19,17))),(20,13))),(((1,30),15),(21,(5,23)))),10)));

STEP 73 [Heur. rSPR MP_RF -> NNI_Substep_55] - Distance: 189.0000
((((22,18),(27,9)),(((((8,6),2),4),((29,25),7)),28)),((11,3),(((26,((((14,16),12),(24,(19,17))),(20,13))),(((1,30),15),(21,(5,23)))),10)));

STEP 74 [Heur. rSPR MP_RF -> NNI_Substep_56] - Distance: 186.0000
((((22,18),(27,9)),(((((8,6),2),4),28),((29,25),7))),((11,3),(((26,((((14,16),12),(24,(19,17))),(20,13))),(((1,30),15),(21,(5,23)))),10)));

STEP 75 [Heur. rSPR MP_RF -> NNI_Substep_57] - Distance: 185.0000
((((22,18),(27,9)),(((((8,6),2),28),4),((29,25),7))),((11,3),(((26,((((14,16),12),(24,(19,17))),(20,13))),(((1,30),15),(21,(5,23)))),10)));

STEP 76 [Heur. rSPR MP_RF -> NNI_Substep_58] - Distance: 184.0000
((((22,18),(27,9)),(((((8,6),28),2),4),((29,25),7))),((11,3),(((26,((((14,16),12),(24,(19,17))),(20,13))),(((1,30),15),(21,(5,23)))),10)));

STEP 77 [Heur. rSPR MP_RF -> NNI_Substep_59] - Distance: 184.0000
((((22,18),(27,9)),((((8,(6,28)),2),4),((29,25),7))),((11,3),(((26,((((14,16),12),(24,(19,17))),(20,13))),(((1,30),15),(21,(5,23)))),10)));

STEP 78 [Heur. rSPR MP_RF -> NNI_Substep_60] - Distance: 184.0000
((((22,18),(27,9)),((((8,(6,28)),2),4),((29,25),7))),(((11,3),((26,((((14,16),12),(24,(19,17))),(20,13))),(((1,30),15),(21,(5,23))))),10));

STEP 79 [Heur. rSPR MP_RF -> NNI_Substep_61] - Distance: 171.0000
((((22,18),(27,9)),(((((8,(6,28)),2),4),((29,25),7)),10)),((11,3),((26,((((14,16),12),(24,(19,17))),(20,13))),(((1,30),15),(21,(5,23))))));

STEP 80 [Heur. rSPR MP_RF -> NNI_Substep_62] - Distance: 168.0000
((((22,18),(27,9)),(((((8,(6,28)),2),4),10),((29,25),7))),((11,3),((26,((((14,16),12),(24,(19,17))),(20,13))),(((1,30),15),(21,(5,23))))));

STEP 81 [Heur. rSPR MP_RF -> NNI_Substep_63] - Distance: 167.0000
((((22,18),(27,9)),(((((8,(6,28)),2),10),4),((29,25),7))),((11,3),((26,((((14,16),12),(24,(19,17))),(20,13))),(((1,30),15),(21,(5,23))))));

STEP 82 [Heur. rSPR MP_RF -> NNI_Substep_64] - Distance: 166.0000
((((22,18),(27,9)),(((((8,(6,28)),10),2),4),((29,25),7))),((11,3),((26,((((14,16),12),(24,(19,17))),(20,13))),(((1,30),15),(21,(5,23))))));

STEP 83 [Heur. rSPR MP_RF -> NNI_Substep_65] - Distance: 166.0000
((((22,18),(27,9)),((((8,((6,28),10)),2),4),((29,25),7))),((11,3),((26,((((14,16),12),(24,(19,17))),(20,13))),(((1,30),15),(21,(5,23))))));

STEP 84 [Heur. rSPR MP_RF -> NNI_Substep_66] - Distance: 166.0000
((((22,18),(27,9)),((((8,((6,28),10)),2),4),((29,25),7))),((11,3),((26,(((24,(19,17)),(20,13)),((14,16),12))),(((1,30),15),(21,(5,23))))));

STEP 85 [Heur. rSPR MP_RF -> NNI_Substep_67] - Distance: 166.0000
((((22,18),(27,9)),((((8,((6,28),10)),2),4),((29,25),7))),((11,3),(((26,((24,(19,17)),(20,13))),((14,16),12)),(((1,30),15),(21,(5,23))))));

STEP 86 [Heur. rSPR MP_RF -> NNI_Substep_68] - Distance: 166.0000
((((22,18),(27,9)),((((8,((6,28),10)),2),4),((29,25),7))),((11,3),(((26,((24,(19,17)),(20,13))),(((1,30),15),(21,(5,23)))),((14,16),12))));

STEP 87 [Heur. rSPR MP_RF -> NNI_Substep_69] - Distance: 166.0000
((((22,18),(27,9)),((((8,((6,28),10)),2),4),((29,25),7))),(((11,3),((26,((24,(19,17)),(20,13))),(((1,30),15),(21,(5,23))))),((14,16),12)));

STEP 88 [Heur. rSPR MP_RF -> NNI_Substep_70] - Distance: 120.0000
((((22,18),(27,9)),(((((8,((6,28),10)),2),4),((29,25),7)),((14,16),12))),((11,3),((26,((24,(19,17)),(20,13))),(((1,30),15),(21,(5,23))))));

STEP 89 [Heur. rSPR MP_RF -> NNI_Substep_71] - Distance: 111.0000
((((22,18),(27,9)),(((((8,((6,28),10)),2),4),((14,16),12)),((29,25),7))),((11,3),((26,((24,(19,17)),(20,13))),(((1,30),15),(21,(5,23))))));

STEP 90 [Heur. rSPR MP_RF -> NNI_Substep_72] - Distance: 108.0000
((((22,18),(27,9)),(((((8,((6,28),10)),2),((14,16),12)),4),((29,25),7))),((11,3),((26,((24,(19,17)),(20,13))),(((1,30),15),(21,(5,23))))));

STEP 91 [Heur. rSPR MP_RF -> NNI_Substep_73] - Distance: 105.0000
((((22,18),(27,9)),(((((8,((6,28),10)),((14,16),12)),2),4),((29,25),7))),((11,3),((26,((24,(19,17)),(20,13))),(((1,30),15),(21,(5,23))))));

STEP 92 [Heur. rSPR MP_RF -> NNI_Substep_74] - Distance: 105.0000
((((22,18),(27,9)),((((8,(((6,28),10),((14,16),12))),2),4),((29,25),7))),((11,3),((26,((24,(19,17)),(20,13))),(((1,30),15),(21,(5,23))))));

STEP 93 [Heur. rSPR MP_RF -> NNI_Substep_75] - Distance: 105.0000
((((22,18),(27,9)),((((8,(((6,28),10),((14,16),12))),2),4),((29,25),7))),((11,3),((26,((24,(20,13)),(19,17))),(((1,30),15),(21,(5,23))))));

STEP 94 [Heur. rSPR MP_RF -> NNI_Substep_76] - Distance: 105.0000
((((22,18),(27,9)),((((8,(((6,28),10),((14,16),12))),2),4),((29,25),7))),((11,3),(((26,(24,(20,13))),(19,17)),(((1,30),15),(21,(5,23))))));

STEP 95 [Heur. rSPR MP_RF -> NNI_Substep_77] - Distance: 105.0000
((((22,18),(27,9)),((((8,(((6,28),10),((14,16),12))),2),4),((29,25),7))),((11,3),(((26,(24,(20,13))),(((1,30),15),(21,(5,23)))),(19,17))));

STEP 96 [Heur. rSPR MP_RF -> NNI_Substep_78] - Distance: 105.0000
((((22,18),(27,9)),((((8,(((6,28),10),((14,16),12))),2),4),((29,25),7))),(((11,3),((26,(24,(20,13))),(((1,30),15),(21,(5,23))))),(19,17)));

STEP 97 [Heur. rSPR MP_RF -> NNI_Substep_79] - Distance: 72.0000
((((22,18),(27,9)),(((((8,(((6,28),10),((14,16),12))),2),4),((29,25),7)),(19,17))),((11,3),((26,(24,(20,13))),(((1,30),15),(21,(5,23))))));

STEP 98 [Heur. rSPR MP_RF -> NNI_Substep_80] - Distance: 66.0000
((((22,18),(27,9)),(((((8,(((6,28),10),((14,16),12))),2),4),(19,17)),((29,25),7))),((11,3),((26,(24,(20,13))),(((1,30),15),(21,(5,23))))));

STEP 99 [Heur. rSPR MP_RF -> NNI_Substep_81] - Distance: 64.0000
((((22,18),(27,9)),(((((8,(((6,28),10),((14,16),12))),2),(19,17)),4),((29,25),7))),((11,3),((26,(24,(20,13))),(((1,30),15),(21,(5,23))))));

STEP 100 [Heur. rSPR MP_RF -> NNI_Substep_82] - Distance: 63.0000
((((22,18),(27,9)),(((((8,(((6,28),10),((14,16),12))),(19,17)),2),4),((29,25),7))),((11,3),((26,(24,(20,13))),(((1,30),15),(21,(5,23))))));

STEP 101 [Heur. rSPR MP_RF -> NNI_Substep_83] - Distance: 63.0000
((((22,18),(27,9)),((((((((6,28),10),((14,16),12)),(19,17)),8),2),4),((29,25),7))),((11,3),((26,(24,(20,13))),(((1,30),15),(21,(5,23))))));

STEP 102 [Heur. rSPR MP_RF -> NNI_Substep_84] - Distance: 63.0000
((((22,18),(27,9)),((((((((6,28),10),((14,16),12)),(19,17)),2),8),4),((29,25),7))),((11,3),((26,(24,(20,13))),(((1,30),15),(21,(5,23))))));

STEP 103 [Heur. rSPR MP_RF -> NNI_Substep_85] - Distance: 63.0000
((((22,18),(27,9)),((((((((6,28),10),((14,16),12)),(19,17)),2),4),8),((29,25),7))),((11,3),((26,(24,(20,13))),(((1,30),15),(21,(5,23))))));

STEP 104 [Heur. rSPR MP_RF -> NNI_Substep_86] - Distance: 63.0000
((((22,18),(27,9)),((((((((6,28),10),((14,16),12)),(19,17)),2),4),((29,25),7)),8)),((11,3),((26,(24,(20,13))),(((1,30),15),(21,(5,23))))));

STEP 105 [Heur. rSPR MP_RF -> NNI_Substep_87] - Distance: 63.0000
(((((22,18),(27,9)),(((((((6,28),10),((14,16),12)),(19,17)),2),4),((29,25),7))),8),((11,3),((26,(24,(20,13))),(((1,30),15),(21,(5,23))))));

STEP 106 [Heur. rSPR MP_RF -> NNI_Substep_88] - Distance: 42.0000
((((22,18),(27,9)),(((((((6,28),10),((14,16),12)),(19,17)),2),4),((29,25),7))),((11,3),(((26,(24,(20,13))),(((1,30),15),(21,(5,23)))),8)));

STEP 107 [Heur. rSPR MP_RF -> NNI_Substep_89] - Distance: 36.0000
((((22,18),(27,9)),(((((((6,28),10),((14,16),12)),(19,17)),2),4),((29,25),7))),((11,3),(((26,(24,(20,13))),8),(((1,30),15),(21,(5,23))))));

STEP 108 [Heur. rSPR MP_RF -> NNI_Substep_90] - Distance: 36.0000
((((22,18),(27,9)),(((((((6,28),10),((14,16),12)),(19,17)),2),4),((29,25),7))),((11,3),((26,((24,(20,13)),8)),(((1,30),15),(21,(5,23))))));

STEP 109 [Heur. rSPR MP_RF -> NNI_Substep_91] - Distance: 36.0000
((((22,18),(27,9)),(((((((6,28),10),((14,16),12)),(19,17)),2),4),((29,25),7))),((11,3),((((24,(20,13)),8),(((1,30),15),(21,(5,23)))),26)));

STEP 110 [Heur. rSPR MP_RF -> NNI_Substep_92] - Distance: 36.0000
((((22,18),(27,9)),(((((((6,28),10),((14,16),12)),(19,17)),2),4),((29,25),7))),(((11,3),(((24,(20,13)),8),(((1,30),15),(21,(5,23))))),26));

STEP 111 [Heur. rSPR MP_RF -> NNI_Substep_93] - Distance: 13.0000
((((22,18),(27,9)),((((((((6,28),10),((14,16),12)),(19,17)),2),4),((29,25),7)),26)),((11,3),(((24,(20,13)),8),(((1,30),15),(21,(5,23))))));

STEP 112 [Heur. rSPR MP_RF -> NNI_Substep_94] - Distance: 10.0000
((((22,18),(27,9)),((((((((6,28),10),((14,16),12)),(19,17)),2),4),26),((29,25),7))),((11,3),(((24,(20,13)),8),(((1,30),15),(21,(5,23))))));

STEP 113 [Heur. rSPR MP_RF -> NNI_Substep_95] - Distance: 9.0000
((((22,18),(27,9)),((((((((6,28),10),((14,16),12)),(19,17)),2),26),4),((29,25),7))),((11,3),(((24,(20,13)),8),(((1,30),15),(21,(5,23))))));

STEP 114 [Heur. rSPR MP_RF -> NNI_Substep_96] - Distance: 10.0000
((((22,18),(27,9)),((((((((6,28),10),((14,16),12)),(19,17)),26),2),4),((29,25),7))),((11,3),(((24,(20,13)),8),(((1,30),15),(21,(5,23))))));

STEP 115 [Heur. rSPR MP_RF -> NNI_Substep_97] - Distance: 10.0000
((((22,18),(27,9)),(((((((6,28),10),((14,16),12)),((19,17),26)),2),4),((29,25),7))),((11,3),(((24,(20,13)),8),(((1,30),15),(21,(5,23))))));

STEP 116 [Heur. rSPR MP_RF -> NNI_Substep_98] - Distance: 10.0000
((((22,18),(27,9)),(((((((6,28),10),((14,16),12)),(19,(17,26))),2),4),((29,25),7))),((11,3),(((24,(20,13)),8),(((1,30),15),(21,(5,23))))));

STEP 117 [Heur. rSPR MP_RF -> NNI_Substep_99] - Distance: 2.0000
((((22,18),(27,9)),((((((((6,28),10),((14,16),12)),19),(17,26)),2),4),((29,25),7))),((11,3),(((24,(20,13)),8),(((1,30),15),(21,(5,23))))));

STEP 118 [Heur. rSPR MP_RF -> NNI_Substep_100] - Distance: 0.0000
((((22,18),(27,9)),((((((((6,28),10),((14,16),12)),19),2),(17,26)),4),((29,25),7))),((11,3),(((24,(20,13)),8),(((1,30),15),(21,(5,23))))));

========================================================
[FINAL] Total Steps: 118 | Final Distance: 0.0000
========================================================
