========================================================
HEURISTIC TRAJECTORY: VND Classic (MP)
========================================================
STEP 0 [START] - Distance: 302.0000
((((((13,(21,(5,(3,9)))),(24,(4,29))),(10,(14,22))),(19,(1,(16,30)))),(12,(18,(6,28)))),((25,((15,(27,(23,(11,(26,8))))),(7,17))),(2,20)));

STEP 1 [NNI_ClassicHeuristic_MP -> NNI_Substep_1] - Distance: 285.0000
((((25,((15,(27,(23,(11,(26,8))))),(7,17))),(2,20)),(12,(18,(6,28)))),(((19,(1,(16,30))),(10,(14,22))),((13,(21,(5,(3,9)))),(24,(4,29)))));

STEP 2 [NNI_ClassicHeuristic_MP -> NNI_Substep_2] - Distance: 283.0000
((((25,((15,(7,17)),(27,(23,(11,(26,8)))))),(2,20)),(12,(18,(6,28)))),(((19,(1,(16,30))),(10,(14,22))),((13,(21,(5,(3,9)))),(24,(4,29)))));

STEP 3 [NNI_ClassicHeuristic_MP -> NNI_Substep_3] - Distance: 281.0000
((((25,((15,(7,17)),(27,(23,(11,(26,8)))))),(2,20)),(12,(18,(6,28)))),((((10,(14,22)),(1,(16,30))),19),((13,(21,(5,(3,9)))),(24,(4,29)))));

STEP 4 [NNI_ClassicHeuristic_MP -> NNI_Substep_4] - Distance: 279.0000
((((25,((15,(7,17)),(27,(23,(11,(26,8)))))),(2,20)),(12,(18,(6,28)))),(((1,((10,(14,22)),(16,30))),19),((13,(21,(5,(3,9)))),(24,(4,29)))));

STEP 5 [NNI_ClassicHeuristic_MP -> NNI_Substep_5] - Distance: 278.0000
(((2,((25,((15,(7,17)),(27,(23,(11,(26,8)))))),20)),(12,(18,(6,28)))),(((1,((10,(14,22)),(16,30))),19),((13,(21,(5,(3,9)))),(24,(4,29)))));

STEP 6 [NNI_ClassicHeuristic_MP -> NNI_Substep_6] - Distance: 277.0000
(((18,(6,28)),(12,(2,((25,((15,(7,17)),(27,(23,(11,(26,8)))))),20)))),(((1,((10,(14,22)),(16,30))),19),((13,(21,(5,(3,9)))),(24,(4,29)))));

STEP 7 [NNI_ClassicHeuristic_MP -> NNI_Substep_7] - Distance: 276.0000
((((12,(2,((25,((15,(7,17)),(27,(23,(11,(26,8)))))),20))),(6,28)),18),(((1,((10,(14,22)),(16,30))),19),((13,(21,(5,(3,9)))),(24,(4,29)))));

STEP 8 [NNI_ClassicHeuristic_MP -> NNI_Substep_8] - Distance: 271.0000
(((((1,(((16,30),(14,22)),10)),19),((13,(21,(5,(3,9)))),(24,(4,29)))),18),((12,(2,((25,((15,(7,17)),(27,(23,(11,(26,8)))))),20))),(6,28)));

STEP 9 [NNI_ClassicHeuristic_MP -> NNI_Substep_9] - Distance: 270.0000
(((((1,((22,(14,(16,30))),10)),19),((13,(21,(5,(3,9)))),(24,(4,29)))),18),((12,(2,((25,((15,(7,17)),(27,(23,(11,(26,8)))))),20))),(6,28)));

STEP 10 [NNI_ClassicHeuristic_MP -> NNI_Substep_10] - Distance: 269.0000
(((((1,((22,(14,(16,30))),10)),19),18),((13,(21,(5,(3,9)))),(24,(4,29)))),((12,(2,((25,((15,(7,17)),(27,(23,(11,(26,8)))))),20))),(6,28)));

STEP 11 [NNI_ClassicHeuristic_MP -> NNI_Substep_11] - Distance: 265.0000
((((18,19),(1,((22,(14,(16,30))),10))),((13,(21,(5,(3,9)))),(24,(4,29)))),((12,(2,((25,((15,(7,17)),(27,(23,(11,(26,8)))))),20))),(6,28)));

STEP 12 [2sECR_ClassicHeuristic_MP -> NNI_Substep_1] - Distance: 265.0000
((((18,19),(1,((22,(14,(16,30))),10))),(13,((24,(4,29)),(21,(5,(3,9)))))),((12,(2,((25,((15,(7,17)),(27,(23,(11,(26,8)))))),20))),(6,28)));

STEP 13 [2sECR_ClassicHeuristic_MP -> NNI_Substep_2] - Distance: 263.0000
((13,(((18,19),(1,((22,(14,(16,30))),10))),((24,(4,29)),(21,(5,(3,9)))))),((12,(2,((25,((15,(7,17)),(27,(23,(11,(26,8)))))),20))),(6,28)));

STEP 14 [2sECR_ClassicHeuristic_MP -> NNI_Substep_3] - Distance: 253.0000
((((18,19),(1,((22,(14,(16,30))),10))),((24,(4,29)),(21,(5,(3,9))))),((12,(2,((25,((15,(7,17)),(27,(23,(11,(26,8)))))),20))),(13,(6,28))));

STEP 15 [2sECR_ClassicHeuristic_MP -> NNI_Substep_4] - Distance: 253.0000
((((18,19),(1,((22,(14,(16,30))),10))),((5,(3,9)),((24,(4,29)),21))),((12,(2,((25,((15,(7,17)),(27,(23,(11,(26,8)))))),20))),(13,(6,28))));

STEP 16 [2sECR_ClassicHeuristic_MP -> NNI_Substep_5] - Distance: 248.0000
(((((18,19),(1,((22,(14,(16,30))),10))),(5,(3,9))),((24,(4,29)),21)),((12,(2,((25,((15,(7,17)),(27,(23,(11,(26,8)))))),20))),(13,(6,28))));

STEP 17 [2sECR_ClassicHeuristic_MP -> NNI_Substep_6] - Distance: 244.0000
(((((5,(3,9)),(1,((22,(14,(16,30))),10))),(18,19)),((24,(4,29)),21)),((12,(2,((25,((15,(7,17)),(27,(23,(11,(26,8)))))),20))),(13,(6,28))));

STEP 18 [2sECR_ClassicHeuristic_MP -> NNI_Substep_7] - Distance: 241.0000
((((((22,(14,(16,30))),10),((5,(3,9)),1)),(18,19)),((24,(4,29)),21)),((12,(2,((25,((15,(7,17)),(27,(23,(11,(26,8)))))),20))),(13,(6,28))));

STEP 19 [2sECR_ClassicHeuristic_MP -> NNI_Substep_8] - Distance: 241.0000
((((((22,(14,(16,30))),10),((3,9),(1,5))),(18,19)),((24,(4,29)),21)),((12,(2,((25,((15,(7,17)),(27,(23,(11,(26,8)))))),20))),(13,(6,28))));

STEP 20 [2sECR_ClassicHeuristic_MP -> NNI_Substep_9] - Distance: 238.0000
(((((((22,(14,(16,30))),10),(3,9)),(1,5)),(18,19)),((24,(4,29)),21)),((12,(2,((25,((15,(7,17)),(27,(23,(11,(26,8)))))),20))),(13,(6,28))));

STEP 21 [2sECR_ClassicHeuristic_MP -> NNI_Substep_10] - Distance: 238.0000
(((((((3,9),(22,(14,(16,30)))),10),(1,5)),(18,19)),((24,(4,29)),21)),((12,(2,((25,((15,(7,17)),(27,(23,(11,(26,8)))))),20))),(13,(6,28))));

STEP 22 [2sECR_ClassicHeuristic_MP -> NNI_Substep_11] - Distance: 237.0000
((((((22,((3,9),(14,(16,30)))),10),(1,5)),(18,19)),((24,(4,29)),21)),((12,(2,((25,((15,(7,17)),(27,(23,(11,(26,8)))))),20))),(13,(6,28))));

STEP 23 [2sECR_ClassicHeuristic_MP -> NNI_Substep_12] - Distance: 236.0000
((((((22,(14,((3,9),(16,30)))),10),(1,5)),(18,19)),((24,(4,29)),21)),((12,(2,((25,((15,(7,17)),(27,(23,(11,(26,8)))))),20))),(13,(6,28))));

STEP 24 [3sECR_ClassicHeuristic_MP -> NNI_Substep_1] - Distance: 236.0000
((((((22,(14,((3,9),(16,30)))),10),(1,5)),(18,19)),((24,(4,29)),21)),((13,(6,28)),((12,((25,((15,(7,17)),(27,(23,(11,(26,8)))))),20)),2)));

STEP 25 [3sECR_ClassicHeuristic_MP -> NNI_Substep_2] - Distance: 236.0000
((((((22,(14,((3,9),(16,30)))),10),(1,5)),(18,19)),((24,(4,29)),21)),(((13,(6,28)),(12,((25,((15,(7,17)),(27,(23,(11,(26,8)))))),20))),2));

STEP 26 [3sECR_ClassicHeuristic_MP -> NNI_Substep_3] - Distance: 222.0000
(((2,(21,(24,(4,29)))),((((22,(14,((3,9),(16,30)))),10),(1,5)),(18,19))),((13,(6,28)),(12,((25,((15,(7,17)),(27,(23,(11,(26,8)))))),20))));

STEP 27 [3sECR_ClassicHeuristic_MP -> NNI_Substep_4] - Distance: 222.0000
(((2,(21,(24,(4,29)))),((((22,(14,((3,9),(16,30)))),10),(1,5)),(18,19))),((13,(6,28)),(12,((20,((15,(7,17)),(27,(23,(11,(26,8)))))),25))));

STEP 28 [3sECR_ClassicHeuristic_MP -> NNI_Substep_5] - Distance: 222.0000
(((2,(21,(24,(4,29)))),((((22,(14,((3,9),(16,30)))),10),(1,5)),(18,19))),((13,(6,28)),((12,(20,((15,(7,17)),(27,(23,(11,(26,8))))))),25)));

STEP 29 [3sECR_ClassicHeuristic_MP -> NNI_Substep_6] - Distance: 215.0000
(((2,(21,(24,(4,29)))),((((22,(14,((3,9),(16,30)))),10),(1,5)),(18,19))),(((13,(6,28)),25),(12,(20,((15,(7,17)),(27,(23,(11,(26,8)))))))));

STEP 30 [3sECR_ClassicHeuristic_MP -> NNI_Substep_7] - Distance: 215.0000
(((2,(21,(24,(4,29)))),((((22,(14,((3,9),(16,30)))),10),(1,5)),(18,19))),(((13,(6,28)),25),((12,((15,(7,17)),(27,(23,(11,(26,8)))))),20)));

STEP 31 [3sECR_ClassicHeuristic_MP -> NNI_Substep_8] - Distance: 215.0000
(((2,(21,(24,(4,29)))),((((22,(14,((3,9),(16,30)))),10),(1,5)),(18,19))),((((13,(6,28)),25),(12,((15,(7,17)),(27,(23,(11,(26,8))))))),20));

STEP 32 [3sECR_ClassicHeuristic_MP -> NNI_Substep_9] - Distance: 206.0000
(((20,((((22,(14,((3,9),(16,30)))),10),(1,5)),(18,19))),(2,(21,(24,(4,29))))),(((13,(6,28)),25),(12,((15,(7,17)),(27,(23,(11,(26,8))))))));

STEP 33 [3sECR_ClassicHeuristic_MP -> NNI_Substep_10] - Distance: 200.0000
((((20,(18,19)),(((22,(14,((3,9),(16,30)))),10),(1,5))),(2,(21,(24,(4,29))))),(((13,(6,28)),25),(12,((15,(7,17)),(27,(23,(11,(26,8))))))));

STEP 34 [3sECR_ClassicHeuristic_MP -> NNI_Substep_11] - Distance: 198.0000
((((20,(18,19)),(((22,(14,((3,9),(16,30)))),10),(1,5))),(2,(21,(24,(4,29))))),(((13,(6,28)),25),((12,(27,(23,(11,(26,8))))),(15,(7,17)))));

STEP 35 [3sECR_ClassicHeuristic_MP -> NNI_Substep_12] - Distance: 197.0000
((((20,(18,19)),(((22,(14,((3,9),(16,30)))),10),(1,5))),(2,(21,(24,(4,29))))),(((13,(6,28)),25),(((12,27),(23,(11,(26,8)))),(15,(7,17)))));

STEP 36 [SPR_ClassicHeuristic_MP -> NNI_Substep_1] - Distance: 197.0000
((((20,(18,19)),(((22,(14,((3,9),(16,30)))),10),(1,5))),(2,((21,(4,29)),24))),(((13,(6,28)),25),(((12,27),(23,(11,(26,8)))),(15,(7,17)))));

STEP 37 [SPR_ClassicHeuristic_MP -> NNI_Substep_2] - Distance: 197.0000
((((20,(18,19)),(((22,(14,((3,9),(16,30)))),10),(1,5))),((2,(21,(4,29))),24)),(((13,(6,28)),25),(((12,27),(23,(11,(26,8)))),(15,(7,17)))));

STEP 38 [SPR_ClassicHeuristic_MP -> NNI_Substep_3] - Distance: 197.0000
(((((20,(18,19)),(((22,(14,((3,9),(16,30)))),10),(1,5))),(2,(21,(4,29)))),24),(((13,(6,28)),25),(((12,27),(23,(11,(26,8)))),(15,(7,17)))));

STEP 39 [SPR_ClassicHeuristic_MP -> NNI_Substep_4] - Distance: 183.0000
((((20,(18,19)),(((22,(14,((3,9),(16,30)))),10),(1,5))),(2,(21,(4,29)))),(((13,(6,28)),25),((((12,27),(23,(11,(26,8)))),(15,(7,17))),24)));

STEP 40 [SPR_ClassicHeuristic_MP -> NNI_Substep_5] - Distance: 180.0000
((((20,(18,19)),(((22,(14,((3,9),(16,30)))),10),(1,5))),(2,(21,(4,29)))),(((13,(6,28)),25),(((12,27),(23,(11,(26,8)))),((15,(7,17)),24))));

STEP 41 [SPR_ClassicHeuristic_MP -> NNI_Substep_6] - Distance: 179.0000
((((20,(18,19)),(((22,(14,((3,9),(16,30)))),10),(1,5))),(2,(21,(4,29)))),(((13,(6,28)),25),(((12,27),(23,(11,(26,8)))),((15,24),(7,17)))));

STEP 42 [SPR_ClassicHeuristic_MP -> NNI_Substep_7] - Distance: 179.0000
((((20,(18,19)),(((22,(14,((3,9),(16,30)))),10),(1,5))),(2,(21,(4,29)))),(((13,(6,28)),25),(((12,27),(23,(11,(26,8)))),(((15,24),17),7))));

STEP 43 [SPR_ClassicHeuristic_MP -> NNI_Substep_8] - Distance: 179.0000
((((20,(18,19)),(((22,(14,((3,9),(16,30)))),10),(1,5))),(2,(21,(4,29)))),(((13,(6,28)),25),((((12,27),(23,(11,(26,8)))),((15,24),17)),7)));

STEP 44 [SPR_ClassicHeuristic_MP -> NNI_Substep_9] - Distance: 179.0000
((((20,(18,19)),(((22,(14,((3,9),(16,30)))),10),(1,5))),(2,(21,(4,29)))),((((13,(6,28)),25),(((12,27),(23,(11,(26,8)))),((15,24),17))),7));

STEP 45 [SPR_ClassicHeuristic_MP -> NNI_Substep_10] - Distance: 160.0000
((((20,(18,19)),(((22,(14,((3,9),(16,30)))),10),(1,5))),((2,(21,(4,29))),7)),(((13,(6,28)),25),(((12,27),(23,(11,(26,8)))),((15,24),17))));

STEP 46 [SPR_ClassicHeuristic_MP -> NNI_Substep_11] - Distance: 160.0000
((((20,(18,19)),(((22,(14,((3,9),(16,30)))),10),(1,5))),((2,((21,4),29)),7)),(((13,(6,28)),25),(((12,27),(23,(11,(26,8)))),((15,24),17))));

STEP 47 [SPR_ClassicHeuristic_MP -> NNI_Substep_12] - Distance: 160.0000
((((20,(18,19)),(((22,(14,((3,9),(16,30)))),10),(1,5))),(((2,(21,4)),29),7)),(((13,(6,28)),25),(((12,27),(23,(11,(26,8)))),((15,24),17))));

STEP 48 [SPR_ClassicHeuristic_MP -> NNI_Substep_13] - Distance: 160.0000
((((20,(18,19)),(((22,(14,((3,9),(16,30)))),10),(1,5))),(((2,(21,4)),7),29)),(((13,(6,28)),25),(((12,27),(23,(11,(26,8)))),((15,24),17))));

STEP 49 [SPR_ClassicHeuristic_MP -> NNI_Substep_14] - Distance: 160.0000
(((((20,(18,19)),(((22,(14,((3,9),(16,30)))),10),(1,5))),((2,(21,4)),7)),29),(((13,(6,28)),25),(((12,27),(23,(11,(26,8)))),((15,24),17))));

STEP 50 [SPR_ClassicHeuristic_MP -> NNI_Substep_15] - Distance: 144.0000
((((20,(18,19)),(((22,(14,((3,9),(16,30)))),10),(1,5))),((2,(21,4)),7)),(((13,(6,28)),25),((((12,27),(23,(11,(26,8)))),((15,24),17)),29)));

STEP 51 [SPR_ClassicHeuristic_MP -> NNI_Substep_16] - Distance: 141.0000
((((20,(18,19)),(((22,(14,((3,9),(16,30)))),10),(1,5))),((2,(21,4)),7)),(((13,(6,28)),25),(((12,27),(23,(11,(26,8)))),(((15,24),17),29))));

STEP 52 [SPR_ClassicHeuristic_MP -> NNI_Substep_17] - Distance: 139.0000
((((20,(18,19)),(((22,(14,((3,9),(16,30)))),10),(1,5))),((2,(21,4)),7)),(((13,(6,28)),25),(((12,27),(23,(11,(26,8)))),((15,24),(17,29)))));

STEP 53 [SPR_ClassicHeuristic_MP -> NNI_Substep_18] - Distance: 139.0000
((((20,(18,19)),(((22,(14,((3,9),(16,30)))),10),(1,5))),((2,(21,4)),7)),(((13,(6,28)),25),((((12,27),(11,(26,8))),23),((15,24),(17,29)))));

STEP 54 [SPR_ClassicHeuristic_MP -> NNI_Substep_19] - Distance: 139.0000
((((20,(18,19)),(((22,(14,((3,9),(16,30)))),10),(1,5))),((2,(21,4)),7)),(((13,(6,28)),25),((((12,27),(11,(26,8))),((15,24),(17,29))),23)));

STEP 55 [SPR_ClassicHeuristic_MP -> NNI_Substep_20] - Distance: 139.0000
((((20,(18,19)),(((22,(14,((3,9),(16,30)))),10),(1,5))),((2,(21,4)),7)),((((13,(6,28)),25),(((12,27),(11,(26,8))),((15,24),(17,29)))),23));

STEP 56 [SPR_ClassicHeuristic_MP -> NNI_Substep_21] - Distance: 124.0000
(((((20,(18,19)),(((22,(14,((3,9),(16,30)))),10),(1,5))),23),((2,(21,4)),7)),(((13,(6,28)),25),(((12,27),(11,(26,8))),((15,24),(17,29)))));

STEP 57 [SPR_ClassicHeuristic_MP -> NNI_Substep_22] - Distance: 118.0000
(((((20,(18,19)),23),(((22,(14,((3,9),(16,30)))),10),(1,5))),((2,(21,4)),7)),(((13,(6,28)),25),(((12,27),(11,(26,8))),((15,24),(17,29)))));

STEP 58 [SPR_ClassicHeuristic_MP -> NNI_Substep_23] - Distance: 117.0000
((((20,((18,19),23)),(((22,(14,((3,9),(16,30)))),10),(1,5))),((2,(21,4)),7)),(((13,(6,28)),25),(((12,27),(11,(26,8))),((15,24),(17,29)))));

STEP 59 [SPR_ClassicHeuristic_MP -> NNI_Substep_24] - Distance: 117.0000
((((20,((18,19),23)),(((22,(14,((3,(16,30)),9))),10),(1,5))),((2,(21,4)),7)),(((13,(6,28)),25),(((12,27),(11,(26,8))),((15,24),(17,29)))));

STEP 60 [SPR_ClassicHeuristic_MP -> NNI_Substep_25] - Distance: 117.0000
((((20,((18,19),23)),(((22,((14,(3,(16,30))),9)),10),(1,5))),((2,(21,4)),7)),(((13,(6,28)),25),(((12,27),(11,(26,8))),((15,24),(17,29)))));

STEP 61 [SPR_ClassicHeuristic_MP -> NNI_Substep_26] - Distance: 117.0000
((((20,((18,19),23)),((((22,(14,(3,(16,30)))),9),10),(1,5))),((2,(21,4)),7)),(((13,(6,28)),25),(((12,27),(11,(26,8))),((15,24),(17,29)))));

STEP 62 [SPR_ClassicHeuristic_MP -> NNI_Substep_27] - Distance: 117.0000
((((20,((18,19),23)),((((22,(14,(3,(16,30)))),10),9),(1,5))),((2,(21,4)),7)),(((13,(6,28)),25),(((12,27),(11,(26,8))),((15,24),(17,29)))));

STEP 63 [SPR_ClassicHeuristic_MP -> NNI_Substep_28] - Distance: 117.0000
((((20,((18,19),23)),((((22,(14,(3,(16,30)))),10),(1,5)),9)),((2,(21,4)),7)),(((13,(6,28)),25),(((12,27),(11,(26,8))),((15,24),(17,29)))));

STEP 64 [SPR_ClassicHeuristic_MP -> NNI_Substep_29] - Distance: 117.0000
(((((20,((18,19),23)),(((22,(14,(3,(16,30)))),10),(1,5))),9),((2,(21,4)),7)),(((13,(6,28)),25),(((12,27),(11,(26,8))),((15,24),(17,29)))));

STEP 65 [SPR_ClassicHeuristic_MP -> NNI_Substep_30] - Distance: 117.0000
(((((20,((18,19),23)),(((22,(14,(3,(16,30)))),10),(1,5))),((2,(21,4)),7)),9),(((13,(6,28)),25),(((12,27),(11,(26,8))),((15,24),(17,29)))));

STEP 66 [SPR_ClassicHeuristic_MP -> NNI_Substep_31] - Distance: 99.0000
((((20,((18,19),23)),(((22,(14,(3,(16,30)))),10),(1,5))),((2,(21,4)),7)),(((13,(6,28)),25),((((12,27),(11,(26,8))),((15,24),(17,29))),9)));

STEP 67 [SPR_ClassicHeuristic_MP -> NNI_Substep_32] - Distance: 95.0000
((((20,((18,19),23)),(((22,(14,(3,(16,30)))),10),(1,5))),((2,(21,4)),7)),(((13,(6,28)),25),((((12,27),(11,(26,8))),9),((15,24),(17,29)))));

STEP 68 [SPR_ClassicHeuristic_MP -> NNI_Substep_33] - Distance: 94.0000
((((20,((18,19),23)),(((22,(14,(3,(16,30)))),10),(1,5))),((2,(21,4)),7)),(((13,(6,28)),25),((((12,27),9),(11,(26,8))),((15,24),(17,29)))));

STEP 69 [SPR_ClassicHeuristic_MP -> NNI_Substep_34] - Distance: 93.0000
((((20,((18,19),23)),(((22,(14,(3,(16,30)))),10),(1,5))),((2,(21,4)),7)),(((13,(6,28)),25),((((12,9),27),(11,(26,8))),((15,24),(17,29)))));

STEP 70 [SPR_ClassicHeuristic_MP -> NNI_Substep_35] - Distance: 93.0000
((((20,((18,19),23)),(((22,(14,(3,(16,30)))),10),(1,5))),((2,(21,4)),7)),(((13,(6,28)),25),(((((12,9),27),(26,8)),11),((15,24),(17,29)))));

STEP 71 [SPR_ClassicHeuristic_MP -> NNI_Substep_36] - Distance: 93.0000
((((20,((18,19),23)),(((22,(14,(3,(16,30)))),10),(1,5))),((2,(21,4)),7)),(((13,(6,28)),25),(((((12,9),27),(26,8)),((15,24),(17,29))),11)));

STEP 72 [SPR_ClassicHeuristic_MP -> NNI_Substep_37] - Distance: 93.0000
((((20,((18,19),23)),(((22,(14,(3,(16,30)))),10),(1,5))),((2,(21,4)),7)),((((13,(6,28)),25),((((12,9),27),(26,8)),((15,24),(17,29)))),11));

STEP 73 [SPR_ClassicHeuristic_MP -> NNI_Substep_38] - Distance: 77.0000
(((((20,((18,19),23)),(((22,(14,(3,(16,30)))),10),(1,5))),11),((2,(21,4)),7)),(((13,(6,28)),25),((((12,9),27),(26,8)),((15,24),(17,29)))));

STEP 74 [SPR_ClassicHeuristic_MP -> NNI_Substep_39] - Distance: 73.0000
((((20,((18,19),23)),((((22,(14,(3,(16,30)))),10),(1,5)),11)),((2,(21,4)),7)),(((13,(6,28)),25),((((12,9),27),(26,8)),((15,24),(17,29)))));

STEP 75 [SPR_ClassicHeuristic_MP -> NNI_Substep_40] - Distance: 69.0000
((((20,((18,19),23)),(((22,(14,(3,(16,30)))),10),((1,5),11))),((2,(21,4)),7)),(((13,(6,28)),25),((((12,9),27),(26,8)),((15,24),(17,29)))));

STEP 76 [SPR_ClassicHeuristic_MP -> NNI_Substep_41] - Distance: 68.0000
((((20,((18,19),23)),(((22,(14,(3,(16,30)))),10),((1,11),5))),((2,(21,4)),7)),(((13,(6,28)),25),((((12,9),27),(26,8)),((15,24),(17,29)))));

STEP 77 [SPR_ClassicHeuristic_MP -> NNI_Substep_42] - Distance: 68.0000
((((20,((18,19),23)),(((22,(14,(3,(16,30)))),((1,11),5)),10)),((2,(21,4)),7)),(((13,(6,28)),25),((((12,9),27),(26,8)),((15,24),(17,29)))));

STEP 78 [SPR_ClassicHeuristic_MP -> NNI_Substep_43] - Distance: 68.0000
(((((20,((18,19),23)),((22,(14,(3,(16,30)))),((1,11),5))),10),((2,(21,4)),7)),(((13,(6,28)),25),((((12,9),27),(26,8)),((15,24),(17,29)))));

STEP 79 [SPR_ClassicHeuristic_MP -> NNI_Substep_44] - Distance: 68.0000
(((((20,((18,19),23)),((22,(14,(3,(16,30)))),((1,11),5))),((2,(21,4)),7)),10),(((13,(6,28)),25),((((12,9),27),(26,8)),((15,24),(17,29)))));

STEP 80 [SPR_ClassicHeuristic_MP -> NNI_Substep_45] - Distance: 45.0000
((((20,((18,19),23)),((22,(14,(3,(16,30)))),((1,11),5))),((2,(21,4)),7)),((((13,(6,28)),25),10),((((12,9),27),(26,8)),((15,24),(17,29)))));

STEP 81 [SPR_ClassicHeuristic_MP -> NNI_Substep_46] - Distance: 42.0000
((((20,((18,19),23)),((22,(14,(3,(16,30)))),((1,11),5))),((2,(21,4)),7)),(((13,(6,28)),(25,10)),((((12,9),27),(26,8)),((15,24),(17,29)))));

STEP 82 [SPR_ClassicHeuristic_MP -> NNI_Substep_47] - Distance: 42.0000
((((20,((18,19),23)),((22,(14,((3,16),30))),((1,11),5))),((2,(21,4)),7)),(((13,(6,28)),(25,10)),((((12,9),27),(26,8)),((15,24),(17,29)))));

STEP 83 [SPR_ClassicHeuristic_MP -> NNI_Substep_48] - Distance: 42.0000
((((20,((18,19),23)),((22,((14,(3,16)),30)),((1,11),5))),((2,(21,4)),7)),(((13,(6,28)),(25,10)),((((12,9),27),(26,8)),((15,24),(17,29)))));

STEP 84 [SPR_ClassicHeuristic_MP -> NNI_Substep_49] - Distance: 42.0000
((((20,((18,19),23)),(((22,(14,(3,16))),30),((1,11),5))),((2,(21,4)),7)),(((13,(6,28)),(25,10)),((((12,9),27),(26,8)),((15,24),(17,29)))));

STEP 85 [SPR_ClassicHeuristic_MP -> NNI_Substep_50] - Distance: 42.0000
((((20,((18,19),23)),(((22,(14,(3,16))),((1,11),5)),30)),((2,(21,4)),7)),(((13,(6,28)),(25,10)),((((12,9),27),(26,8)),((15,24),(17,29)))));

STEP 86 [SPR_ClassicHeuristic_MP -> NNI_Substep_51] - Distance: 42.0000
(((((20,((18,19),23)),((22,(14,(3,16))),((1,11),5))),30),((2,(21,4)),7)),(((13,(6,28)),(25,10)),((((12,9),27),(26,8)),((15,24),(17,29)))));

STEP 87 [SPR_ClassicHeuristic_MP -> NNI_Substep_52] - Distance: 42.0000
(((((20,((18,19),23)),((22,(14,(3,16))),((1,11),5))),((2,(21,4)),7)),30),(((13,(6,28)),(25,10)),((((12,9),27),(26,8)),((15,24),(17,29)))));

STEP 88 [SPR_ClassicHeuristic_MP -> NNI_Substep_53] - Distance: 17.0000
((((20,((18,19),23)),((22,(14,(3,16))),((1,11),5))),((2,(21,4)),7)),((((13,(6,28)),(25,10)),30),((((12,9),27),(26,8)),((15,24),(17,29)))));

STEP 89 [SPR_ClassicHeuristic_MP -> NNI_Substep_54] - Distance: 14.0000
((((20,((18,19),23)),((22,(14,(3,16))),((1,11),5))),((2,(21,4)),7)),(((13,(6,28)),((25,10),30)),((((12,9),27),(26,8)),((15,24),(17,29)))));

STEP 90 [SPR_ClassicHeuristic_MP -> NNI_Substep_55] - Distance: 14.0000
((((20,((18,19),23)),((22,(14,(3,16))),((1,11),5))),((2,(21,4)),7)),(((13,(6,28)),((25,10),30)),(((((12,9),27),8),26),((15,24),(17,29)))));

STEP 91 [SPR_ClassicHeuristic_MP -> NNI_Substep_56] - Distance: 14.0000
((((20,((18,19),23)),((22,(14,(3,16))),((1,11),5))),((2,(21,4)),7)),(((13,(6,28)),((25,10),30)),(((((12,9),27),8),((15,24),(17,29))),26)));

STEP 92 [SPR_ClassicHeuristic_MP -> NNI_Substep_57] - Distance: 11.0000
((((20,((18,19),23)),((22,(14,(3,16))),((1,11),5))),((2,(21,4)),7)),((((13,(6,28)),((25,10),30)),((((12,9),27),8),((15,24),(17,29)))),26));

STEP 93 [SPR_ClassicHeuristic_MP -> NNI_Substep_58] - Distance: 3.0000
((((20,((18,19),23)),((22,(14,(3,16))),((1,11),5))),((2,(21,4)),7)),((((13,(6,28)),((25,10),30)),26),((((12,9),27),8),((15,24),(17,29)))));

STEP 94 [SPR_ClassicHeuristic_MP -> NNI_Substep_59] - Distance: 0.0000
((((20,((18,19),23)),((22,(14,(3,16))),((1,11),5))),((2,(21,4)),7)),(((13,(6,28)),(((25,10),30),26)),((((12,9),27),8),((15,24),(17,29)))));

========================================================
[FINAL] Total Steps: 94 | Final Distance: 0.0000
========================================================
