========================================================
HEURISTIC TRAJECTORY: VND Classic (RFC)
========================================================
STEP 0 [START] - Distance: 28.0000
(((((29,23),(3,17)),(1,8)),(26,(14,20))),((((18,((16,(28,(6,(13,30)))),(27,11))),((25,2),(15,5))),((7,19),(21,(10,24)))),((12,9),(22,4))));

STEP 1 [NNI_ClassicHeuristic_RFC] - Distance: 27.0000
(((((29,23),(3,17)),(1,8)),(26,(14,20))),((((18,(((6,(13,30)),(28,16)),(27,11))),((25,2),(15,5))),((7,19),(21,(10,24)))),((12,9),(22,4))));

STEP 2 [SPR_ClassicHeuristic_RFC -> NNI_Substep_1] - Distance: 27.0000
(((((23,(3,17)),29),(1,8)),(26,(14,20))),((((18,(((6,(13,30)),(28,16)),(27,11))),((25,2),(15,5))),((7,19),(21,(10,24)))),((12,9),(22,4))));

STEP 3 [SPR_ClassicHeuristic_RFC -> NNI_Substep_2] - Distance: 27.0000
(((((23,(3,17)),(1,8)),29),(26,(14,20))),((((18,(((6,(13,30)),(28,16)),(27,11))),((25,2),(15,5))),((7,19),(21,(10,24)))),((12,9),(22,4))));

STEP 4 [SPR_ClassicHeuristic_RFC -> NNI_Substep_3] - Distance: 27.0000
((((23,(3,17)),((1,8),29)),(26,(14,20))),((((18,(((6,(13,30)),(28,16)),(27,11))),((25,2),(15,5))),((7,19),(21,(10,24)))),((12,9),(22,4))));

STEP 5 [SPR_ClassicHeuristic_RFC -> NNI_Substep_4] - Distance: 26.0000
((((23,(3,17)),(1,(8,29))),(26,(14,20))),((((18,(((6,(13,30)),(28,16)),(27,11))),((25,2),(15,5))),((7,19),(21,(10,24)))),((12,9),(22,4))));

STEP 6 [SPR_ClassicHeuristic_RFC -> NNI_Substep_5] - Distance: 26.0000
((((23,(3,17)),(1,(8,29))),(26,(14,20))),((((18,(((6,(13,30)),(28,16)),(27,11))),((25,2),(15,5))),((7,19),((21,24),10))),((12,9),(22,4))));

STEP 7 [SPR_ClassicHeuristic_RFC -> NNI_Substep_6] - Distance: 26.0000
((((23,(3,17)),(1,(8,29))),(26,(14,20))),((((18,(((6,(13,30)),(28,16)),(27,11))),((25,2),(15,5))),(((7,19),(21,24)),10)),((12,9),(22,4))));

STEP 8 [SPR_ClassicHeuristic_RFC -> NNI_Substep_7] - Distance: 26.0000
((((23,(3,17)),(1,(8,29))),(26,(14,20))),(((((18,(((6,(13,30)),(28,16)),(27,11))),((25,2),(15,5))),((7,19),(21,24))),10),((12,9),(22,4))));

STEP 9 [SPR_ClassicHeuristic_RFC -> NNI_Substep_8] - Distance: 26.0000
((((23,(3,17)),(1,(8,29))),(26,(14,20))),(((((18,(((6,(13,30)),(28,16)),(27,11))),((25,2),(15,5))),((7,19),(21,24))),((12,9),(22,4))),10));

STEP 10 [SPR_ClassicHeuristic_RFC -> NNI_Substep_9] - Distance: 26.0000
((((23,(3,17)),(1,(8,29))),(26,(14,20))),((((18,(((6,(13,30)),(28,16)),(27,11))),((25,2),(15,5))),((7,19),(21,24))),(((12,9),(22,4)),10)));

STEP 11 [SPR_ClassicHeuristic_RFC -> NNI_Substep_10] - Distance: 26.0000
((((23,(3,17)),(1,(8,29))),(26,(14,20))),((((18,(((6,(13,30)),(28,16)),(27,11))),((25,2),(15,5))),((7,19),(21,24))),((12,9),((22,4),10))));

STEP 12 [SPR_ClassicHeuristic_RFC -> NNI_Substep_11] - Distance: 25.0000
((((23,(3,17)),(1,(8,29))),(26,(14,20))),((((18,(((6,(13,30)),(28,16)),(27,11))),((25,2),(15,5))),((7,19),(21,24))),((12,9),(22,(4,10)))));

STEP 13 [SPR_ClassicHeuristic_RFC -> NNI_Substep_12] - Distance: 25.0000
(((((23,(3,17)),(8,29)),1),(26,(14,20))),((((18,(((6,(13,30)),(28,16)),(27,11))),((25,2),(15,5))),((7,19),(21,24))),((12,9),(22,(4,10)))));

STEP 14 [SPR_ClassicHeuristic_RFC -> NNI_Substep_13] - Distance: 25.0000
(((((23,(3,17)),(8,29)),(26,(14,20))),1),((((18,(((6,(13,30)),(28,16)),(27,11))),((25,2),(15,5))),((7,19),(21,24))),((12,9),(22,(4,10)))));

STEP 15 [SPR_ClassicHeuristic_RFC -> NNI_Substep_14] - Distance: 25.0000
((((23,(3,17)),(8,29)),(26,(14,20))),(((((18,(((6,(13,30)),(28,16)),(27,11))),((25,2),(15,5))),((7,19),(21,24))),1),((12,9),(22,(4,10)))));

STEP 16 [SPR_ClassicHeuristic_RFC -> NNI_Substep_15] - Distance: 25.0000
((((23,(3,17)),(8,29)),(26,(14,20))),((((18,(((6,(13,30)),(28,16)),(27,11))),((25,2),(15,5))),(((7,19),(21,24)),1)),((12,9),(22,(4,10)))));

STEP 17 [SPR_ClassicHeuristic_RFC -> NNI_Substep_16] - Distance: 25.0000
((((23,(3,17)),(8,29)),(26,(14,20))),((((18,(((6,(13,30)),(28,16)),(27,11))),((25,2),(15,5))),((7,19),((21,24),1))),((12,9),(22,(4,10)))));

STEP 18 [SPR_ClassicHeuristic_RFC -> NNI_Substep_17] - Distance: 24.0000
((((23,(3,17)),(8,29)),(26,(14,20))),((((18,(((6,(13,30)),(28,16)),(27,11))),((25,2),(15,5))),((7,19),(21,(24,1)))),((12,9),(22,(4,10)))));

STEP 19 [SPR_ClassicHeuristic_RFC -> NNI_Substep_18] - Distance: 24.0000
((((23,(3,17)),(8,29)),((26,20),14)),((((18,(((6,(13,30)),(28,16)),(27,11))),((25,2),(15,5))),((7,19),(21,(24,1)))),((12,9),(22,(4,10)))));

STEP 20 [SPR_ClassicHeuristic_RFC -> NNI_Substep_19] - Distance: 24.0000
(((((23,(3,17)),(8,29)),(26,20)),14),((((18,(((6,(13,30)),(28,16)),(27,11))),((25,2),(15,5))),((7,19),(21,(24,1)))),((12,9),(22,(4,10)))));

STEP 21 [SPR_ClassicHeuristic_RFC -> NNI_Substep_20] - Distance: 24.0000
((((23,(3,17)),(8,29)),(26,20)),(((((18,(((6,(13,30)),(28,16)),(27,11))),((25,2),(15,5))),((7,19),(21,(24,1)))),14),((12,9),(22,(4,10)))));

STEP 22 [SPR_ClassicHeuristic_RFC -> NNI_Substep_21] - Distance: 24.0000
((((23,(3,17)),(8,29)),(26,20)),(((((18,(((6,(13,30)),(28,16)),(27,11))),((25,2),(15,5))),14),((7,19),(21,(24,1)))),((12,9),(22,(4,10)))));

STEP 23 [SPR_ClassicHeuristic_RFC -> NNI_Substep_22] - Distance: 24.0000
((((23,(3,17)),(8,29)),(26,20)),(((((18,(((6,(13,30)),(28,16)),(27,11))),14),((25,2),(15,5))),((7,19),(21,(24,1)))),((12,9),(22,(4,10)))));

STEP 24 [SPR_ClassicHeuristic_RFC -> NNI_Substep_23] - Distance: 23.0000
((((23,(3,17)),(8,29)),(26,20)),(((((18,14),(((6,(13,30)),(28,16)),(27,11))),((25,2),(15,5))),((7,19),(21,(24,1)))),((12,9),(22,(4,10)))));

STEP 25 [SPR_ClassicHeuristic_RFC -> NNI_Substep_24] - Distance: 23.0000
((((23,(3,17)),(8,29)),(26,20)),(((((((6,(13,30)),(28,16)),(27,11)),((25,2),(15,5))),(18,14)),((7,19),(21,(24,1)))),((12,9),(22,(4,10)))));

STEP 26 [SPR_ClassicHeuristic_RFC -> NNI_Substep_25] - Distance: 23.0000
((((23,(3,17)),(8,29)),(26,20)),(((((((6,(13,30)),(28,16)),(27,11)),((25,2),(15,5))),((7,19),(21,(24,1)))),(18,14)),((12,9),(22,(4,10)))));

STEP 27 [SPR_ClassicHeuristic_RFC -> NNI_Substep_26] - Distance: 23.0000
((((23,(3,17)),(8,29)),(26,20)),(((((((6,(13,30)),(28,16)),(27,11)),((25,2),(15,5))),((7,19),(21,(24,1)))),((12,9),(22,(4,10)))),(18,14)));

STEP 28 [SPR_ClassicHeuristic_RFC -> NNI_Substep_27] - Distance: 23.0000
((((23,(3,17)),(8,29)),(26,20)),((((((6,(13,30)),(28,16)),(27,11)),((25,2),(15,5))),((7,19),(21,(24,1)))),(((12,9),(22,(4,10))),(18,14))));

STEP 29 [SPR_ClassicHeuristic_RFC -> NNI_Substep_28] - Distance: 23.0000
((((23,(3,17)),(8,29)),(26,20)),((((((6,(13,30)),(28,16)),(27,11)),((25,2),(15,5))),((7,19),(21,(24,1)))),((12,9),((22,(4,10)),(18,14)))));

STEP 30 [SPR_ClassicHeuristic_RFC -> NNI_Substep_29] - Distance: 22.0000
((((23,(3,17)),(8,29)),(26,20)),((((((6,(13,30)),(28,16)),(27,11)),((25,2),(15,5))),((7,19),(21,(24,1)))),((12,9),((22,(18,14)),(4,10)))));

STEP 31 [SPR_ClassicHeuristic_RFC -> NNI_Substep_30] - Distance: 22.0000
(((((23,(3,17)),(8,29)),26),20),((((((6,(13,30)),(28,16)),(27,11)),((25,2),(15,5))),((7,19),(21,(24,1)))),((12,9),((22,(18,14)),(4,10)))));

STEP 32 [SPR_ClassicHeuristic_RFC -> NNI_Substep_31] - Distance: 22.0000
((((23,(3,17)),(8,29)),26),(((((((6,(13,30)),(28,16)),(27,11)),((25,2),(15,5))),((7,19),(21,(24,1)))),20),((12,9),((22,(18,14)),(4,10)))));

STEP 33 [SPR_ClassicHeuristic_RFC -> NNI_Substep_32] - Distance: 22.0000
((((23,(3,17)),(8,29)),26),((((((6,(13,30)),(28,16)),(27,11)),((25,2),(15,5))),(((7,19),(21,(24,1))),20)),((12,9),((22,(18,14)),(4,10)))));

STEP 34 [SPR_ClassicHeuristic_RFC -> NNI_Substep_33] - Distance: 22.0000
((((23,(3,17)),(8,29)),26),((((((6,(13,30)),(28,16)),(27,11)),((25,2),(15,5))),(((7,19),20),(21,(24,1)))),((12,9),((22,(18,14)),(4,10)))));

STEP 35 [SPR_ClassicHeuristic_RFC -> NNI_Substep_34] - Distance: 21.0000
((((23,(3,17)),(8,29)),26),((((((6,(13,30)),(28,16)),(27,11)),((25,2),(15,5))),((7,(19,20)),(21,(24,1)))),((12,9),((22,(18,14)),(4,10)))));

STEP 36 [SPR_ClassicHeuristic_RFC -> NNI_Substep_35] - Distance: 21.0000
((((23,(3,17)),(8,29)),26),(((((((13,30),(28,16)),6),(27,11)),((25,2),(15,5))),((7,(19,20)),(21,(24,1)))),((12,9),((22,(18,14)),(4,10)))));

STEP 37 [SPR_ClassicHeuristic_RFC -> NNI_Substep_36] - Distance: 21.0000
((((23,(3,17)),(8,29)),26),(((((((13,30),(28,16)),(27,11)),6),((25,2),(15,5))),((7,(19,20)),(21,(24,1)))),((12,9),((22,(18,14)),(4,10)))));

STEP 38 [SPR_ClassicHeuristic_RFC -> NNI_Substep_37] - Distance: 21.0000
((((23,(3,17)),(8,29)),26),(((((((13,30),(28,16)),(27,11)),((25,2),(15,5))),6),((7,(19,20)),(21,(24,1)))),((12,9),((22,(18,14)),(4,10)))));

STEP 39 [SPR_ClassicHeuristic_RFC -> NNI_Substep_38] - Distance: 21.0000
((((23,(3,17)),(8,29)),26),(((((((13,30),(28,16)),(27,11)),((25,2),(15,5))),((7,(19,20)),(21,(24,1)))),6),((12,9),((22,(18,14)),(4,10)))));

STEP 40 [SPR_ClassicHeuristic_RFC -> NNI_Substep_39] - Distance: 21.0000
((((23,(3,17)),(8,29)),26),((((((13,30),(28,16)),(27,11)),((25,2),(15,5))),(((7,(19,20)),(21,(24,1))),6)),((12,9),((22,(18,14)),(4,10)))));

STEP 41 [SPR_ClassicHeuristic_RFC -> NNI_Substep_40] - Distance: 21.0000
((((23,(3,17)),(8,29)),26),((((((13,30),(28,16)),(27,11)),((25,2),(15,5))),((7,(19,20)),((21,(24,1)),6))),((12,9),((22,(18,14)),(4,10)))));

STEP 42 [SPR_ClassicHeuristic_RFC -> NNI_Substep_41] - Distance: 20.0000
((((23,(3,17)),(8,29)),26),((((((13,30),(28,16)),(27,11)),((25,2),(15,5))),((7,(19,20)),((21,6),(24,1)))),((12,9),((22,(18,14)),(4,10)))));

STEP 43 [SPR_ClassicHeuristic_RFC -> NNI_Substep_42] - Distance: 20.0000
((((23,(3,17)),(8,29)),26),((((((30,(28,16)),13),(27,11)),((25,2),(15,5))),((7,(19,20)),((21,6),(24,1)))),((12,9),((22,(18,14)),(4,10)))));

STEP 44 [SPR_ClassicHeuristic_RFC -> NNI_Substep_43] - Distance: 20.0000
((((23,(3,17)),(8,29)),26),((((((30,(28,16)),(27,11)),13),((25,2),(15,5))),((7,(19,20)),((21,6),(24,1)))),((12,9),((22,(18,14)),(4,10)))));

STEP 45 [SPR_ClassicHeuristic_RFC -> NNI_Substep_44] - Distance: 20.0000
((((23,(3,17)),(8,29)),26),((((((30,(28,16)),(27,11)),((25,2),(15,5))),13),((7,(19,20)),((21,6),(24,1)))),((12,9),((22,(18,14)),(4,10)))));

STEP 46 [SPR_ClassicHeuristic_RFC -> NNI_Substep_45] - Distance: 20.0000
((((23,(3,17)),(8,29)),26),(((((30,(28,16)),(27,11)),(((25,2),(15,5)),13)),((7,(19,20)),((21,6),(24,1)))),((12,9),((22,(18,14)),(4,10)))));

STEP 47 [SPR_ClassicHeuristic_RFC -> NNI_Substep_46] - Distance: 20.0000
((((23,(3,17)),(8,29)),26),(((((30,(28,16)),(27,11)),((25,2),((15,5),13))),((7,(19,20)),((21,6),(24,1)))),((12,9),((22,(18,14)),(4,10)))));

STEP 48 [SPR_ClassicHeuristic_RFC -> NNI_Substep_47] - Distance: 19.0000
((((23,(3,17)),(8,29)),26),(((((30,(28,16)),(27,11)),((25,2),(15,(5,13)))),((7,(19,20)),((21,6),(24,1)))),((12,9),((22,(18,14)),(4,10)))));

STEP 49 [SPR_ClassicHeuristic_RFC -> NNI_Substep_48] - Distance: 19.0000
((((23,(3,17)),(8,29)),26),(((((30,(28,16)),(27,11)),(((25,2),15),(5,13))),((7,(19,20)),((21,6),(24,1)))),((12,9),((22,(18,14)),(4,10)))));

STEP 50 [SPR_ClassicHeuristic_RFC -> NNI_Substep_49] - Distance: 19.0000
((((23,(3,17)),(8,29)),26),(((((30,(28,16)),(27,11)),(((25,2),(5,13)),15)),((7,(19,20)),((21,6),(24,1)))),((12,9),((22,(18,14)),(4,10)))));

STEP 51 [SPR_ClassicHeuristic_RFC -> NNI_Substep_50] - Distance: 18.0000
((((23,(3,17)),(8,29)),26),(((((30,(28,16)),(27,11)),(((25,(5,13)),2),15)),((7,(19,20)),((21,6),(24,1)))),((12,9),((22,(18,14)),(4,10)))));

STEP 52 [SPR_ClassicHeuristic_RFC -> NNI_Substep_51] - Distance: 18.0000
((((23,(3,17)),(8,29)),26),(((((30,(28,16)),(27,11)),(((25,(5,13)),2),15)),(((7,(19,20)),(21,6)),(24,1))),((12,9),((22,(18,14)),(4,10)))));

STEP 53 [SPR_ClassicHeuristic_RFC -> NNI_Substep_52] - Distance: 18.0000
((((23,(3,17)),(8,29)),26),((((((30,(28,16)),(27,11)),(((25,(5,13)),2),15)),((7,(19,20)),(21,6))),(24,1)),((12,9),((22,(18,14)),(4,10)))));

STEP 54 [SPR_ClassicHeuristic_RFC -> NNI_Substep_53] - Distance: 18.0000
((((23,(3,17)),(8,29)),26),((((((30,(28,16)),(27,11)),(((25,(5,13)),2),15)),(24,1)),((7,(19,20)),(21,6))),((12,9),((22,(18,14)),(4,10)))));

STEP 55 [SPR_ClassicHeuristic_RFC -> NNI_Substep_54] - Distance: 18.0000
((((23,(3,17)),(8,29)),26),((((((30,(28,16)),(27,11)),(24,1)),(((25,(5,13)),2),15)),((7,(19,20)),(21,6))),((12,9),((22,(18,14)),(4,10)))));

STEP 56 [SPR_ClassicHeuristic_RFC -> NNI_Substep_55] - Distance: 18.0000
((((23,(3,17)),(8,29)),26),((((((30,(28,16)),(24,1)),(27,11)),(((25,(5,13)),2),15)),((7,(19,20)),(21,6))),((12,9),((22,(18,14)),(4,10)))));

STEP 57 [SPR_ClassicHeuristic_RFC -> NNI_Substep_56] - Distance: 17.0000
((((23,(3,17)),(8,29)),26),((((((30,(24,1)),(28,16)),(27,11)),(((25,(5,13)),2),15)),((7,(19,20)),(21,6))),((12,9),((22,(18,14)),(4,10)))));

STEP 58 [SPR_ClassicHeuristic_RFC -> NNI_Substep_57] - Distance: 17.0000
((((23,(3,17)),(8,29)),26),(((((((30,(24,1)),(28,16)),11),27),(((25,(5,13)),2),15)),((7,(19,20)),(21,6))),((12,9),((22,(18,14)),(4,10)))));

STEP 59 [SPR_ClassicHeuristic_RFC -> NNI_Substep_58] - Distance: 17.0000
((((23,(3,17)),(8,29)),26),(((((((30,(24,1)),(28,16)),11),(((25,(5,13)),2),15)),27),((7,(19,20)),(21,6))),((12,9),((22,(18,14)),(4,10)))));

STEP 60 [SPR_ClassicHeuristic_RFC -> NNI_Substep_59] - Distance: 17.0000
((((23,(3,17)),(8,29)),26),(((((((30,(24,1)),(28,16)),11),(((25,(5,13)),2),15)),((7,(19,20)),(21,6))),27),((12,9),((22,(18,14)),(4,10)))));

STEP 61 [SPR_ClassicHeuristic_RFC -> NNI_Substep_60] - Distance: 17.0000
((((23,(3,17)),(8,29)),26),(((((((30,(24,1)),(28,16)),11),(((25,(5,13)),2),15)),((7,(19,20)),(21,6))),((12,9),((22,(18,14)),(4,10)))),27));

STEP 62 [SPR_ClassicHeuristic_RFC -> NNI_Substep_61] - Distance: 17.0000
((((23,(3,17)),(8,29)),26),((((((30,(24,1)),(28,16)),11),(((25,(5,13)),2),15)),((7,(19,20)),(21,6))),(((12,9),((22,(18,14)),(4,10))),27)));

STEP 63 [SPR_ClassicHeuristic_RFC -> NNI_Substep_62] - Distance: 17.0000
((((23,(3,17)),(8,29)),26),((((((30,(24,1)),(28,16)),11),(((25,(5,13)),2),15)),((7,(19,20)),(21,6))),(((12,9),27),((22,(18,14)),(4,10)))));

STEP 64 [SPR_ClassicHeuristic_RFC -> NNI_Substep_63] - Distance: 16.0000
((((23,(3,17)),(8,29)),26),((((((30,(24,1)),(28,16)),11),(((25,(5,13)),2),15)),((7,(19,20)),(21,6))),(((12,27),9),((22,(18,14)),(4,10)))));

STEP 65 [SPR_ClassicHeuristic_RFC -> NNI_Substep_64] - Distance: 16.0000
((((23,(3,17)),(8,29)),26),((((((30,(24,1)),11),(28,16)),(((25,(5,13)),2),15)),((7,(19,20)),(21,6))),(((12,27),9),((22,(18,14)),(4,10)))));

STEP 66 [SPR_ClassicHeuristic_RFC -> NNI_Substep_65] - Distance: 16.0000
((((23,(3,17)),(8,29)),26),((((((30,(24,1)),11),(((25,(5,13)),2),15)),(28,16)),((7,(19,20)),(21,6))),(((12,27),9),((22,(18,14)),(4,10)))));

STEP 67 [SPR_ClassicHeuristic_RFC -> NNI_Substep_66] - Distance: 16.0000
((((23,(3,17)),(8,29)),26),((((((30,(24,1)),11),(((25,(5,13)),2),15)),((7,(19,20)),(21,6))),(28,16)),(((12,27),9),((22,(18,14)),(4,10)))));

STEP 68 [SPR_ClassicHeuristic_RFC -> NNI_Substep_67] - Distance: 16.0000
((((23,(3,17)),(8,29)),26),((((((30,(24,1)),11),(((25,(5,13)),2),15)),((7,(19,20)),(21,6))),(((12,27),9),((22,(18,14)),(4,10)))),(28,16)));

STEP 69 [SPR_ClassicHeuristic_RFC -> NNI_Substep_68] - Distance: 16.0000
((((23,(3,17)),(8,29)),26),(((((30,(24,1)),11),(((25,(5,13)),2),15)),((7,(19,20)),(21,6))),((((12,27),9),((22,(18,14)),(4,10))),(28,16))));

STEP 70 [SPR_ClassicHeuristic_RFC -> NNI_Substep_69] - Distance: 16.0000
((((23,(3,17)),(8,29)),26),(((((30,(24,1)),11),(((25,(5,13)),2),15)),((7,(19,20)),(21,6))),(((12,27),9),(((22,(18,14)),(4,10)),(28,16)))));

STEP 71 [SPR_ClassicHeuristic_RFC -> NNI_Substep_70] - Distance: 15.0000
((((23,(3,17)),(8,29)),26),(((((30,(24,1)),11),(((25,(5,13)),2),15)),((7,(19,20)),(21,6))),(((12,27),9),((22,(18,14)),((4,10),(28,16))))));

STEP 72 [SPR_ClassicHeuristic_RFC -> NNI_Substep_71] - Distance: 15.0000
((((23,(3,17)),(8,29)),26),((((((30,(24,1)),11),(((25,(5,13)),2),15)),(7,(19,20))),(21,6)),(((12,27),9),((22,(18,14)),((4,10),(28,16))))));

STEP 73 [SPR_ClassicHeuristic_RFC -> NNI_Substep_72] - Distance: 15.0000
((((23,(3,17)),(8,29)),26),((((((30,(24,1)),11),(((25,(5,13)),2),15)),(7,(19,20))),(((12,27),9),((22,(18,14)),((4,10),(28,16))))),(21,6)));

STEP 74 [SPR_ClassicHeuristic_RFC -> NNI_Substep_73] - Distance: 15.0000
((((23,(3,17)),(8,29)),26),(((((30,(24,1)),11),(((25,(5,13)),2),15)),(7,(19,20))),((((12,27),9),((22,(18,14)),((4,10),(28,16)))),(21,6))));

STEP 75 [SPR_ClassicHeuristic_RFC -> NNI_Substep_74] - Distance: 14.0000
((((23,(3,17)),(8,29)),26),(((((30,(24,1)),11),(((25,(5,13)),2),15)),(7,(19,20))),(((12,27),9),(((22,(18,14)),((4,10),(28,16))),(21,6)))));

STEP 76 [SPR_ClassicHeuristic_RFC -> NNI_Substep_75] - Distance: 13.0000
((((23,(3,17)),(8,29)),26),(((((30,(24,1)),11),(((25,(5,13)),2),15)),(7,(19,20))),(((12,27),9),((22,(18,14)),(((4,10),(28,16)),(21,6))))));

STEP 77 [SPR_ClassicHeuristic_RFC -> NNI_Substep_76] - Distance: 13.0000
(((((3,17),(8,29)),23),26),(((((30,(24,1)),11),(((25,(5,13)),2),15)),(7,(19,20))),(((12,27),9),((22,(18,14)),(((4,10),(28,16)),(21,6))))));

STEP 78 [SPR_ClassicHeuristic_RFC -> NNI_Substep_77] - Distance: 13.0000
(((((3,17),(8,29)),26),23),(((((30,(24,1)),11),(((25,(5,13)),2),15)),(7,(19,20))),(((12,27),9),((22,(18,14)),(((4,10),(28,16)),(21,6))))));

STEP 79 [SPR_ClassicHeuristic_RFC -> NNI_Substep_78] - Distance: 13.0000
((((3,17),(8,29)),26),((((((30,(24,1)),11),(((25,(5,13)),2),15)),(7,(19,20))),23),(((12,27),9),((22,(18,14)),(((4,10),(28,16)),(21,6))))));

STEP 80 [SPR_ClassicHeuristic_RFC -> NNI_Substep_79] - Distance: 13.0000
((((3,17),(8,29)),26),((((((30,(24,1)),11),(((25,(5,13)),2),15)),23),(7,(19,20))),(((12,27),9),((22,(18,14)),(((4,10),(28,16)),(21,6))))));

STEP 81 [SPR_ClassicHeuristic_RFC -> NNI_Substep_80] - Distance: 13.0000
((((3,17),(8,29)),26),((((((30,(24,1)),11),23),(((25,(5,13)),2),15)),(7,(19,20))),(((12,27),9),((22,(18,14)),(((4,10),(28,16)),(21,6))))));

STEP 82 [SPR_ClassicHeuristic_RFC -> NNI_Substep_81] - Distance: 12.0000
((((3,17),(8,29)),26),(((((30,(24,1)),(11,23)),(((25,(5,13)),2),15)),(7,(19,20))),(((12,27),9),((22,(18,14)),(((4,10),(28,16)),(21,6))))));

STEP 83 [SPR_ClassicHeuristic_RFC -> NNI_Substep_82] - Distance: 12.0000
(((3,17),(8,29)),((((((30,(24,1)),(11,23)),(((25,(5,13)),2),15)),(7,(19,20))),26),(((12,27),9),((22,(18,14)),(((4,10),(28,16)),(21,6))))));

STEP 84 [SPR_ClassicHeuristic_RFC -> NNI_Substep_83] - Distance: 12.0000
(((3,17),(8,29)),((((((30,(24,1)),(11,23)),(((25,(5,13)),2),15)),26),(7,(19,20))),(((12,27),9),((22,(18,14)),(((4,10),(28,16)),(21,6))))));

STEP 85 [SPR_ClassicHeuristic_RFC -> NNI_Substep_84] - Distance: 11.0000
(((3,17),(8,29)),((((((30,(24,1)),(11,23)),26),(((25,(5,13)),2),15)),(7,(19,20))),(((12,27),9),((22,(18,14)),(((4,10),(28,16)),(21,6))))));

STEP 86 [SPR_ClassicHeuristic_RFC -> NNI_Substep_85] - Distance: 10.0000
(((3,17),(8,29)),(((((30,(24,1)),((11,23),26)),(((25,(5,13)),2),15)),(7,(19,20))),(((12,27),9),((22,(18,14)),(((4,10),(28,16)),(21,6))))));

STEP 87 [SPR_ClassicHeuristic_RFC -> NNI_Substep_86] - Distance: 10.0000
(((3,17),(8,29)),((((((25,(5,13)),2),((30,(24,1)),((11,23),26))),15),(7,(19,20))),(((12,27),9),((22,(18,14)),(((4,10),(28,16)),(21,6))))));

STEP 88 [SPR_ClassicHeuristic_RFC -> NNI_Substep_87] - Distance: 9.0000
(((3,17),(8,29)),((((((25,(5,13)),((30,(24,1)),((11,23),26))),2),15),(7,(19,20))),(((12,27),9),((22,(18,14)),(((4,10),(28,16)),(21,6))))));

STEP 89 [SPR_ClassicHeuristic_RFC -> NNI_Substep_88] - Distance: 9.0000
(((17,(8,29)),3),((((((25,(5,13)),((30,(24,1)),((11,23),26))),2),15),(7,(19,20))),(((12,27),9),((22,(18,14)),(((4,10),(28,16)),(21,6))))));

STEP 90 [SPR_ClassicHeuristic_RFC -> NNI_Substep_89] - Distance: 9.0000
((17,(8,29)),(((((((25,(5,13)),((30,(24,1)),((11,23),26))),2),15),(7,(19,20))),3),(((12,27),9),((22,(18,14)),(((4,10),(28,16)),(21,6))))));

STEP 91 [SPR_ClassicHeuristic_RFC -> NNI_Substep_90] - Distance: 9.0000
((17,(8,29)),(((((((25,(5,13)),((30,(24,1)),((11,23),26))),2),15),3),(7,(19,20))),(((12,27),9),((22,(18,14)),(((4,10),(28,16)),(21,6))))));

STEP 92 [SPR_ClassicHeuristic_RFC -> NNI_Substep_91] - Distance: 8.0000
((17,(8,29)),((((((25,(5,13)),((30,(24,1)),((11,23),26))),2),(15,3)),(7,(19,20))),(((12,27),9),((22,(18,14)),(((4,10),(28,16)),(21,6))))));

STEP 93 [SPR_ClassicHeuristic_RFC -> NNI_Substep_92] - Distance: 8.0000
((8,29),(((((((25,(5,13)),((30,(24,1)),((11,23),26))),2),(15,3)),(7,(19,20))),17),(((12,27),9),((22,(18,14)),(((4,10),(28,16)),(21,6))))));

STEP 94 [SPR_ClassicHeuristic_RFC -> NNI_Substep_93] - Distance: 8.0000
((8,29),((((((25,(5,13)),((30,(24,1)),((11,23),26))),2),(15,3)),((7,(19,20)),17)),(((12,27),9),((22,(18,14)),(((4,10),(28,16)),(21,6))))));

STEP 95 [SPR_ClassicHeuristic_RFC -> NNI_Substep_94] - Distance: 7.0000
((8,29),((((((25,(5,13)),((30,(24,1)),((11,23),26))),2),(15,3)),((7,17),(19,20))),(((12,27),9),((22,(18,14)),(((4,10),(28,16)),(21,6))))));

STEP 96 [SPR_ClassicHeuristic_RFC -> NNI_Substep_95] - Distance: 7.0000
(((((((25,(5,13)),((30,(24,1)),((11,23),26))),2),(15,3)),(8,29)),((7,17),(19,20))),(((12,27),9),((22,(18,14)),(((4,10),(28,16)),(21,6)))));

STEP 97 [SPR_ClassicHeuristic_RFC -> NNI_Substep_96] - Distance: 6.0000
((((((25,(5,13)),((30,(24,1)),((11,23),26))),2),((15,3),(8,29))),((7,17),(19,20))),(((12,27),9),((22,(18,14)),(((4,10),(28,16)),(21,6)))));

STEP 98 [SPR_ClassicHeuristic_RFC -> NNI_Substep_97] - Distance: 6.0000
(((((((25,(5,13)),((30,(24,1)),((11,23),26))),2),((15,3),(8,29))),(19,20)),(7,17)),(((12,27),9),((22,(18,14)),(((4,10),(28,16)),(21,6)))));

STEP 99 [SPR_ClassicHeuristic_RFC -> NNI_Substep_98] - Distance: 6.0000
((((((25,(5,13)),((30,(24,1)),((11,23),26))),2),((15,3),(8,29))),(19,20)),((((12,27),9),(7,17)),((22,(18,14)),(((4,10),(28,16)),(21,6)))));

STEP 100 [SPR_ClassicHeuristic_RFC -> NNI_Substep_99] - Distance: 5.0000
((((((25,(5,13)),((30,(24,1)),((11,23),26))),2),((15,3),(8,29))),(19,20)),(((12,27),(9,(7,17))),((22,(18,14)),(((4,10),(28,16)),(21,6)))));

STEP 101 [SPR_ClassicHeuristic_RFC -> NNI_Substep_100] - Distance: 5.0000
((((((25,(5,13)),((30,(24,1)),((11,23),26))),2),((15,3),(8,29))),(19,20)),(((12,27),((22,(18,14)),(((4,10),(28,16)),(21,6)))),(9,(7,17))));

STEP 102 [SPR_ClassicHeuristic_RFC -> NNI_Substep_101] - Distance: 5.0000
(((((((25,(5,13)),((30,(24,1)),((11,23),26))),2),((15,3),(8,29))),(9,(7,17))),(19,20)),((12,27),((22,(18,14)),(((4,10),(28,16)),(21,6)))));

STEP 103 [SPR_ClassicHeuristic_RFC -> NNI_Substep_102] - Distance: 5.0000
(((((((25,(5,13)),((30,(24,1)),((11,23),26))),2),(9,(7,17))),((15,3),(8,29))),(19,20)),((12,27),((22,(18,14)),(((4,10),(28,16)),(21,6)))));

STEP 104 [SPR_ClassicHeuristic_RFC -> NNI_Substep_103] - Distance: 4.0000
((((((25,(5,13)),((30,(24,1)),((11,23),26))),(2,(9,(7,17)))),((15,3),(8,29))),(19,20)),((12,27),((22,(18,14)),(((4,10),(28,16)),(21,6)))));

STEP 105 [SPR_ClassicHeuristic_RFC -> NNI_Substep_104] - Distance: 4.0000
((((((25,(5,13)),((30,(24,1)),((11,23),26))),((15,3),(8,29))),(2,(9,(7,17)))),(19,20)),((12,27),((22,(18,14)),(((4,10),(28,16)),(21,6)))));

STEP 106 [SPR_ClassicHeuristic_RFC -> NNI_Substep_105] - Distance: 4.0000
((((((25,(5,13)),((30,(24,1)),((11,23),26))),((15,3),(8,29))),(19,20)),(2,(9,(7,17)))),((12,27),((22,(18,14)),(((4,10),(28,16)),(21,6)))));

STEP 107 [SPR_ClassicHeuristic_RFC -> NNI_Substep_106] - Distance: 3.0000
((((19,20),((12,27),((22,(18,14)),(((4,10),(28,16)),(21,6))))),(((25,(5,13)),((30,(24,1)),((11,23),26))),((15,3),(8,29)))),(2,(9,(7,17))));

STEP 108 [SPR_ClassicHeuristic_RFC -> NNI_Substep_107] - Distance: 2.0000
(((19,20),(((12,27),((22,(18,14)),(((4,10),(28,16)),(21,6)))),(((25,(5,13)),((30,(24,1)),((11,23),26))),((15,3),(8,29))))),(2,(9,(7,17))));

STEP 109 [SPR_ClassicHeuristic_RFC -> NNI_Substep_108] - Distance: 1.0000
(((19,20),(((12,27),(((25,(5,13)),((30,(24,1)),((11,23),26))),((15,3),(8,29)))),((22,(18,14)),(((4,10),(28,16)),(21,6))))),(2,(9,(7,17))));

STEP 110 [SPR_ClassicHeuristic_RFC -> NNI_Substep_109] - Distance: 0.0000
(((19,20),(((((25,(5,13)),((30,(24,1)),((11,23),26))),(12,27)),((15,3),(8,29))),((22,(18,14)),(((4,10),(28,16)),(21,6))))),(2,(9,(7,17))));

========================================================
[FINAL] Total Steps: 110 | Final Distance: 0.0000
========================================================
