========================================================
HEURISTIC TRAJECTORY: VND Classic (MP_RF)
========================================================
STEP 0 [START] - Distance: 317.0000
(((((23,(5,8)),(22,24)),((18,(4,15)),(13,1))),((2,(10,(6,11))),(28,(((9,((16,29),(27,19))),(14,3)),(17,(25,7)))))),(30,((21,12),(26,20))));

STEP 1 [NNI_ClassicHeuristic_MP_RF -> NNI_Substep_1] - Distance: 273.0000
((((9,((16,29),(27,19))),(14,3)),(28,(17,(25,7)))),((2,(10,(6,11))),((((23,(5,8)),(22,24)),((18,(4,15)),(13,1))),(30,((21,12),(26,20))))));

STEP 2 [NNI_ClassicHeuristic_MP_RF -> NNI_Substep_2] - Distance: 271.0000
((((9,((16,29),(27,19))),(14,3)),(28,(17,(25,7)))),((2,(10,(6,11))),(((30,((21,12),(26,20))),((18,(4,15)),(13,1))),((23,(5,8)),(22,24)))));

STEP 3 [NNI_ClassicHeuristic_MP_RF -> NNI_Substep_3] - Distance: 269.0000
((((9,((16,29),(27,19))),(14,3)),(28,(17,(25,7)))),((2,(10,(6,11))),(((18,(4,15)),((30,((21,12),(26,20))),(13,1))),((23,(5,8)),(22,24)))));

STEP 4 [NNI_ClassicHeuristic_MP_RF -> NNI_Substep_4] - Distance: 268.0000
((((9,(27,((16,29),19))),(14,3)),(28,(17,(25,7)))),((2,(10,(6,11))),(((18,(4,15)),((30,((21,12),(26,20))),(13,1))),((23,(5,8)),(22,24)))));

STEP 5 [NNI_ClassicHeuristic_MP_RF -> NNI_Substep_5] - Distance: 267.0000
((((27,(9,((16,29),19))),(14,3)),(28,(17,(25,7)))),((2,(10,(6,11))),(((18,(4,15)),((30,((21,12),(26,20))),(13,1))),((23,(5,8)),(22,24)))));

STEP 6 [NNI_ClassicHeuristic_MP_RF -> NNI_Substep_6] - Distance: 266.0000
(((((14,3),(9,((16,29),19))),27),(28,(17,(25,7)))),((2,(10,(6,11))),(((18,(4,15)),((30,((21,12),(26,20))),(13,1))),((23,(5,8)),(22,24)))));

STEP 7 [NNI_ClassicHeuristic_MP_RF -> NNI_Substep_7] - Distance: 263.0000
(((((14,3),(9,((16,29),19))),(28,(17,(25,7)))),27),((2,(10,(6,11))),(((18,(4,15)),((30,((21,12),(26,20))),(13,1))),((23,(5,8)),(22,24)))));

STEP 8 [NNI_ClassicHeuristic_MP_RF -> NNI_Substep_8] - Distance: 262.0000
(((((14,3),(9,((16,29),19))),(28,(17,(25,7)))),27),(((((18,(4,15)),((30,((21,12),(26,20))),(13,1))),((23,(5,8)),(22,24))),(10,(6,11))),2));

STEP 9 [NNI_ClassicHeuristic_MP_RF -> NNI_Substep_9] - Distance: 251.0000
(((6,11),(10,(((18,(4,15)),((30,((21,12),(26,20))),(13,1))),((23,(5,8)),(22,24))))),(((((14,3),(9,((16,29),19))),(28,(17,(25,7)))),27),2));

STEP 10 [NNI_ClassicHeuristic_MP_RF -> NNI_Substep_10] - Distance: 250.0000
(((6,11),(10,(((18,(4,15)),((30,((21,12),(26,20))),(13,1))),((23,(5,8)),(22,24))))),(((((14,3),(9,((16,29),19))),(28,(17,(25,7)))),2),27));

STEP 11 [NNI_ClassicHeuristic_MP_RF -> NNI_Substep_11] - Distance: 247.0000
(((6,11),(10,(((18,(4,15)),((30,((21,12),(26,20))),(13,1))),((23,(5,8)),(22,24))))),(((2,(28,(17,(25,7)))),((14,3),(9,((16,29),19)))),27));

STEP 12 [SPR_ClassicHeuristic_MP_RF -> NNI_Substep_1] - Distance: 247.0000
(((6,11),(10,(((18,(4,15)),((30,((21,12),(26,20))),(13,1))),((23,(5,8)),(22,24))))),(((2,((28,(25,7)),17)),((14,3),(9,((16,29),19)))),27));

STEP 13 [SPR_ClassicHeuristic_MP_RF -> NNI_Substep_2] - Distance: 247.0000
(((6,11),(10,(((18,(4,15)),((30,((21,12),(26,20))),(13,1))),((23,(5,8)),(22,24))))),((((2,(28,(25,7))),17),((14,3),(9,((16,29),19)))),27));

STEP 14 [SPR_ClassicHeuristic_MP_RF -> NNI_Substep_3] - Distance: 246.0000
(((6,11),(10,(((18,(4,15)),((30,((21,12),(26,20))),(13,1))),((23,(5,8)),(22,24))))),((((2,(28,(25,7))),((14,3),(9,((16,29),19)))),17),27));

STEP 15 [SPR_ClassicHeuristic_MP_RF -> NNI_Substep_4] - Distance: 246.0000
(((6,11),(10,(((18,(4,15)),((30,((21,12),(26,20))),(13,1))),((23,(5,8)),(22,24))))),(((2,(28,(25,7))),(((14,3),(9,((16,29),19))),17)),27));

STEP 16 [SPR_ClassicHeuristic_MP_RF -> NNI_Substep_5] - Distance: 246.0000
(((6,11),(10,(((18,(4,15)),((30,((21,12),(26,20))),(13,1))),((23,(5,8)),(22,24))))),(((2,(28,(25,7))),((14,3),((9,((16,29),19)),17))),27));

STEP 17 [SPR_ClassicHeuristic_MP_RF -> NNI_Substep_6] - Distance: 246.0000
(((6,11),(10,(((18,(4,15)),((30,((21,12),(26,20))),(13,1))),((23,(5,8)),(22,24))))),(((2,(28,(25,7))),((14,3),(9,(((16,29),19),17)))),27));

STEP 18 [SPR_ClassicHeuristic_MP_RF -> NNI_Substep_7] - Distance: 246.0000
(((6,11),(10,(((18,(4,15)),((30,((21,12),(26,20))),(13,1))),((23,(5,8)),(22,24))))),(((2,(28,(25,7))),((14,3),(9,(((16,29),17),19)))),27));

STEP 19 [SPR_ClassicHeuristic_MP_RF -> NNI_Substep_8] - Distance: 246.0000
(((6,11),(10,(((18,(4,15)),((30,((21,12),(26,20))),(13,1))),((23,(5,8)),(22,24))))),(((2,(28,(25,7))),((14,3),(9,(((16,17),29),19)))),27));

STEP 20 [SPR_ClassicHeuristic_MP_RF -> NNI_Substep_9] - Distance: 245.0000
(((6,11),(10,(((18,(4,15)),((30,((21,12),(26,20))),(13,1))),((23,(5,8)),(22,24))))),(((2,((28,25),7)),((14,3),(9,(((16,17),29),19)))),27));

STEP 21 [SPR_ClassicHeuristic_MP_RF -> NNI_Substep_10] - Distance: 244.0000
(((6,11),(10,(((18,(4,15)),((30,((21,12),(26,20))),(13,1))),((23,(5,8)),(22,24))))),((((2,(28,25)),7),((14,3),(9,(((16,17),29),19)))),27));

STEP 22 [SPR_ClassicHeuristic_MP_RF -> NNI_Substep_11] - Distance: 244.0000
(((6,11),(10,(((18,(4,15)),((30,((21,12),(26,20))),(13,1))),((23,(5,8)),(22,24))))),((((2,(28,25)),7),((14,3),(9,((29,19),(16,17))))),27));

STEP 23 [SPR_ClassicHeuristic_MP_RF -> NNI_Substep_12] - Distance: 244.0000
(((6,11),(10,(((18,(4,15)),((30,((21,12),(26,20))),(13,1))),((23,(5,8)),(22,24))))),((((2,(28,25)),7),((14,3),((9,(29,19)),(16,17)))),27));

STEP 24 [SPR_ClassicHeuristic_MP_RF -> NNI_Substep_13] - Distance: 244.0000
(((6,11),(10,(((18,(4,15)),((30,((21,12),(26,20))),(13,1))),((23,(5,8)),(22,24))))),((((2,(28,25)),7),(((14,3),(9,(29,19))),(16,17))),27));

STEP 25 [SPR_ClassicHeuristic_MP_RF -> NNI_Substep_14] - Distance: 244.0000
(((6,11),(10,(((18,(4,15)),((30,((21,12),(26,20))),(13,1))),((23,(5,8)),(22,24))))),(((((2,(28,25)),7),((14,3),(9,(29,19)))),(16,17)),27));

STEP 26 [SPR_ClassicHeuristic_MP_RF -> NNI_Substep_15] - Distance: 244.0000
(((6,11),(10,(((18,(4,15)),((30,((21,12),(26,20))),(13,1))),((23,(5,8)),(22,24))))),(((((2,(28,25)),7),((14,3),(9,(29,19)))),27),(16,17)));

STEP 27 [SPR_ClassicHeuristic_MP_RF -> NNI_Substep_16] - Distance: 228.0000
(((6,11),((10,(((18,(4,15)),((30,((21,12),(26,20))),(13,1))),((23,(5,8)),(22,24)))),(16,17))),((((2,(28,25)),7),((14,3),(9,(29,19)))),27));

STEP 28 [SPR_ClassicHeuristic_MP_RF -> NNI_Substep_17] - Distance: 230.0000
(((6,11),(10,((((18,(4,15)),((30,((21,12),(26,20))),(13,1))),((23,(5,8)),(22,24))),(16,17)))),((((2,(28,25)),7),((14,3),(9,(29,19)))),27));

STEP 29 [SPR_ClassicHeuristic_MP_RF -> NNI_Substep_18] - Distance: 232.0000
(((6,11),(10,((((18,(4,15)),((30,((21,12),(26,20))),(13,1))),(16,17)),((23,(5,8)),(22,24))))),((((2,(28,25)),7),((14,3),(9,(29,19)))),27));

STEP 30 [SPR_ClassicHeuristic_MP_RF -> NNI_Substep_19] - Distance: 226.0000
(((6,11),(10,((((18,(4,15)),(16,17)),((30,((21,12),(26,20))),(13,1))),((23,(5,8)),(22,24))))),((((2,(28,25)),7),((14,3),(9,(29,19)))),27));

STEP 31 [SPR_ClassicHeuristic_MP_RF -> NNI_Substep_20] - Distance: 224.0000
(((6,11),(10,((((18,(16,17)),(4,15)),((30,((21,12),(26,20))),(13,1))),((23,(5,8)),(22,24))))),((((2,(28,25)),7),((14,3),(9,(29,19)))),27));

STEP 32 [SPR_ClassicHeuristic_MP_RF -> NNI_Substep_21] - Distance: 224.0000
(((6,11),(10,((((18,(16,17)),(4,15)),((30,((21,12),(26,20))),(13,1))),((23,(5,8)),(22,24))))),((((2,(28,25)),7),((14,3),((9,29),19))),27));

STEP 33 [SPR_ClassicHeuristic_MP_RF -> NNI_Substep_22] - Distance: 224.0000
(((6,11),(10,((((18,(16,17)),(4,15)),((30,((21,12),(26,20))),(13,1))),((23,(5,8)),(22,24))))),((((2,(28,25)),7),(((14,3),(9,29)),19)),27));

STEP 34 [SPR_ClassicHeuristic_MP_RF -> NNI_Substep_23] - Distance: 220.0000
(((6,11),(10,((((18,(16,17)),(4,15)),((30,((21,12),(26,20))),(13,1))),((23,(5,8)),(22,24))))),(((((2,(28,25)),7),((14,3),(9,29))),19),27));

STEP 35 [SPR_ClassicHeuristic_MP_RF -> NNI_Substep_24] - Distance: 217.0000
(((6,11),(10,((((18,(16,17)),(4,15)),((30,((21,12),(26,20))),(13,1))),((23,(5,8)),(22,24))))),(((((2,(28,25)),7),19),((14,3),(9,29))),27));

STEP 36 [SPR_ClassicHeuristic_MP_RF -> NNI_Substep_25] - Distance: 217.0000
(((6,11),(10,(((((18,(16,17)),15),4),((30,((21,12),(26,20))),(13,1))),((23,(5,8)),(22,24))))),(((((2,(28,25)),7),19),((14,3),(9,29))),27));

STEP 37 [SPR_ClassicHeuristic_MP_RF -> NNI_Substep_26] - Distance: 216.0000
(((6,11),(10,(((((18,(16,17)),15),((30,((21,12),(26,20))),(13,1))),4),((23,(5,8)),(22,24))))),(((((2,(28,25)),7),19),((14,3),(9,29))),27));

STEP 38 [SPR_ClassicHeuristic_MP_RF -> NNI_Substep_27] - Distance: 219.0000
(((6,11),(10,(((((18,(16,17)),15),((30,((21,12),(26,20))),(13,1))),((23,(5,8)),(22,24))),4))),(((((2,(28,25)),7),19),((14,3),(9,29))),27));

STEP 39 [SPR_ClassicHeuristic_MP_RF -> NNI_Substep_28] - Distance: 218.0000
(((6,11),(10,((((18,(16,17)),15),((30,((21,12),(26,20))),(13,1))),(((23,(5,8)),(22,24)),4)))),(((((2,(28,25)),7),19),((14,3),(9,29))),27));

STEP 40 [SPR_ClassicHeuristic_MP_RF -> NNI_Substep_29] - Distance: 218.0000
(((6,11),(10,((((18,(16,17)),15),((30,((21,12),(26,20))),(13,1))),(((23,(5,8)),4),(22,24))))),(((((2,(28,25)),7),19),((14,3),(9,29))),27));

STEP 41 [SPR_ClassicHeuristic_MP_RF -> NNI_Substep_30] - Distance: 216.0000
(((6,11),(10,((((18,(16,17)),15),((30,((21,12),(26,20))),(13,1))),(((23,4),(5,8)),(22,24))))),(((((2,(28,25)),7),19),((14,3),(9,29))),27));

STEP 42 [SPR_ClassicHeuristic_MP_RF -> NNI_Substep_31] - Distance: 218.0000
(((6,11),(10,((((18,(16,17)),15),((30,((21,12),(26,20))),(13,1))),((((23,4),8),5),(22,24))))),(((((2,(28,25)),7),19),((14,3),(9,29))),27));

STEP 43 [SPR_ClassicHeuristic_MP_RF -> NNI_Substep_32] - Distance: 217.0000
(((6,11),(10,((((18,(16,17)),15),((30,((21,12),(26,20))),(13,1))),((((23,4),8),(22,24)),5)))),(((((2,(28,25)),7),19),((14,3),(9,29))),27));

STEP 44 [SPR_ClassicHeuristic_MP_RF -> NNI_Substep_33] - Distance: 217.0000
(((6,11),(10,(((((18,(16,17)),15),((30,((21,12),(26,20))),(13,1))),(((23,4),8),(22,24))),5))),(((((2,(28,25)),7),19),((14,3),(9,29))),27));

STEP 45 [SPR_ClassicHeuristic_MP_RF -> NNI_Substep_34] - Distance: 217.0000
(((6,11),((10,((((18,(16,17)),15),((30,((21,12),(26,20))),(13,1))),(((23,4),8),(22,24)))),5)),(((((2,(28,25)),7),19),((14,3),(9,29))),27));

STEP 46 [SPR_ClassicHeuristic_MP_RF -> NNI_Substep_35] - Distance: 217.0000
((((6,11),(10,((((18,(16,17)),15),((30,((21,12),(26,20))),(13,1))),(((23,4),8),(22,24))))),5),(((((2,(28,25)),7),19),((14,3),(9,29))),27));

STEP 47 [SPR_ClassicHeuristic_MP_RF -> NNI_Substep_36] - Distance: 204.0000
(((6,11),(10,((((18,(16,17)),15),((30,((21,12),(26,20))),(13,1))),(((23,4),8),(22,24))))),((((((2,(28,25)),7),19),((14,3),(9,29))),5),27));

STEP 48 [SPR_ClassicHeuristic_MP_RF -> NNI_Substep_37] - Distance: 199.0000
(((6,11),(10,((((18,(16,17)),15),((30,((21,12),(26,20))),(13,1))),(((23,4),8),(22,24))))),(((((2,(28,25)),7),19),(((14,3),(9,29)),5)),27));

STEP 49 [SPR_ClassicHeuristic_MP_RF -> NNI_Substep_38] - Distance: 197.0000
(((6,11),(10,((((18,(16,17)),15),((30,((21,12),(26,20))),(13,1))),(((23,4),8),(22,24))))),(((((2,(28,25)),7),19),(((14,3),5),(9,29))),27));

STEP 50 [SPR_ClassicHeuristic_MP_RF -> NNI_Substep_39] - Distance: 197.0000
(((6,11),(10,((((18,(16,17)),15),((30,((21,12),(26,20))),(13,1))),(((23,4),8),(22,24))))),(((((2,(28,25)),7),19),(((14,5),3),(9,29))),27));

STEP 51 [SPR_ClassicHeuristic_MP_RF -> NNI_Substep_40] - Distance: 197.0000
(((6,11),(10,((((18,(16,17)),15),((30,((21,12),(26,20))),(13,1))),(((23,4),8),(22,24))))),(((((2,(28,25)),7),19),(((14,5),(9,29)),3)),27));

STEP 52 [SPR_ClassicHeuristic_MP_RF -> NNI_Substep_41] - Distance: 197.0000
(((6,11),(10,((((18,(16,17)),15),((30,((21,12),(26,20))),(13,1))),(((23,4),8),(22,24))))),((((((2,(28,25)),7),19),((14,5),(9,29))),3),27));

STEP 53 [SPR_ClassicHeuristic_MP_RF -> NNI_Substep_42] - Distance: 197.0000
(((6,11),(10,((((18,(16,17)),15),((30,((21,12),(26,20))),(13,1))),(((23,4),8),(22,24))))),((((((2,(28,25)),7),19),((14,5),(9,29))),27),3));

STEP 54 [SPR_ClassicHeuristic_MP_RF -> NNI_Substep_43] - Distance: 181.0000
((((6,11),3),(10,((((18,(16,17)),15),((30,((21,12),(26,20))),(13,1))),(((23,4),8),(22,24))))),(((((2,(28,25)),7),19),((14,5),(9,29))),27));

STEP 55 [SPR_ClassicHeuristic_MP_RF -> NNI_Substep_44] - Distance: 180.0000
(((6,(11,3)),(10,((((18,(16,17)),15),((30,((21,12),(26,20))),(13,1))),(((23,4),8),(22,24))))),(((((2,(28,25)),7),19),((14,5),(9,29))),27));

STEP 56 [SPR_ClassicHeuristic_MP_RF -> NNI_Substep_45] - Distance: 180.0000
(((6,(11,3)),(10,((((18,(16,17)),15),(((30,((21,12),(26,20))),13),1)),(((23,4),8),(22,24))))),(((((2,(28,25)),7),19),((14,5),(9,29))),27));

STEP 57 [SPR_ClassicHeuristic_MP_RF -> NNI_Substep_46] - Distance: 180.0000
(((6,(11,3)),(10,(((((18,(16,17)),15),((30,((21,12),(26,20))),13)),1),(((23,4),8),(22,24))))),(((((2,(28,25)),7),19),((14,5),(9,29))),27));

STEP 58 [SPR_ClassicHeuristic_MP_RF -> NNI_Substep_47] - Distance: 180.0000
(((6,(11,3)),(10,(((((18,(16,17)),15),((30,((21,12),(26,20))),13)),(((23,4),8),(22,24))),1))),(((((2,(28,25)),7),19),((14,5),(9,29))),27));

STEP 59 [SPR_ClassicHeuristic_MP_RF -> NNI_Substep_48] - Distance: 180.0000
(((6,(11,3)),((10,((((18,(16,17)),15),((30,((21,12),(26,20))),13)),(((23,4),8),(22,24)))),1)),(((((2,(28,25)),7),19),((14,5),(9,29))),27));

STEP 60 [SPR_ClassicHeuristic_MP_RF -> NNI_Substep_49] - Distance: 178.0000
((((6,(11,3)),(10,((((18,(16,17)),15),((30,((21,12),(26,20))),13)),(((23,4),8),(22,24))))),1),(((((2,(28,25)),7),19),((14,5),(9,29))),27));

STEP 61 [SPR_ClassicHeuristic_MP_RF -> NNI_Substep_50] - Distance: 168.0000
((((6,(11,3)),1),(10,((((18,(16,17)),15),((30,((21,12),(26,20))),13)),(((23,4),8),(22,24))))),(((((2,(28,25)),7),19),((14,5),(9,29))),27));

STEP 62 [SPR_ClassicHeuristic_MP_RF -> NNI_Substep_51] - Distance: 167.0000
(((6,((11,3),1)),(10,((((18,(16,17)),15),((30,((21,12),(26,20))),13)),(((23,4),8),(22,24))))),(((((2,(28,25)),7),19),((14,5),(9,29))),27));

STEP 63 [SPR_ClassicHeuristic_MP_RF -> NNI_Substep_52] - Distance: 167.0000
(((6,((11,3),1)),(10,((((18,(16,17)),15),((30,(((21,12),20),26)),13)),(((23,4),8),(22,24))))),(((((2,(28,25)),7),19),((14,5),(9,29))),27));

STEP 64 [SPR_ClassicHeuristic_MP_RF -> NNI_Substep_53] - Distance: 167.0000
(((6,((11,3),1)),(10,((((18,(16,17)),15),(((30,((21,12),20)),26),13)),(((23,4),8),(22,24))))),(((((2,(28,25)),7),19),((14,5),(9,29))),27));

STEP 65 [SPR_ClassicHeuristic_MP_RF -> NNI_Substep_54] - Distance: 167.0000
(((6,((11,3),1)),(10,((((18,(16,17)),15),(((30,((21,12),20)),13),26)),(((23,4),8),(22,24))))),(((((2,(28,25)),7),19),((14,5),(9,29))),27));

STEP 66 [SPR_ClassicHeuristic_MP_RF -> NNI_Substep_55] - Distance: 167.0000
(((6,((11,3),1)),(10,(((((18,(16,17)),15),((30,((21,12),20)),13)),26),(((23,4),8),(22,24))))),(((((2,(28,25)),7),19),((14,5),(9,29))),27));

STEP 67 [SPR_ClassicHeuristic_MP_RF -> NNI_Substep_56] - Distance: 167.0000
(((6,((11,3),1)),(10,(((((18,(16,17)),15),((30,((21,12),20)),13)),(((23,4),8),(22,24))),26))),(((((2,(28,25)),7),19),((14,5),(9,29))),27));

STEP 68 [SPR_ClassicHeuristic_MP_RF -> NNI_Substep_57] - Distance: 167.0000
(((6,((11,3),1)),((10,((((18,(16,17)),15),((30,((21,12),20)),13)),(((23,4),8),(22,24)))),26)),(((((2,(28,25)),7),19),((14,5),(9,29))),27));

STEP 69 [SPR_ClassicHeuristic_MP_RF -> NNI_Substep_58] - Distance: 166.0000
((((6,((11,3),1)),(10,((((18,(16,17)),15),((30,((21,12),20)),13)),(((23,4),8),(22,24))))),26),(((((2,(28,25)),7),19),((14,5),(9,29))),27));

STEP 70 [SPR_ClassicHeuristic_MP_RF -> NNI_Substep_59] - Distance: 156.0000
((((6,((11,3),1)),26),(10,((((18,(16,17)),15),((30,((21,12),20)),13)),(((23,4),8),(22,24))))),(((((2,(28,25)),7),19),((14,5),(9,29))),27));

STEP 71 [SPR_ClassicHeuristic_MP_RF -> NNI_Substep_60] - Distance: 153.0000
((((6,26),((11,3),1)),(10,((((18,(16,17)),15),((30,((21,12),20)),13)),(((23,4),8),(22,24))))),(((((2,(28,25)),7),19),((14,5),(9,29))),27));

STEP 72 [SPR_ClassicHeuristic_MP_RF -> NNI_Substep_61] - Distance: 153.0000
((((6,26),((11,3),1)),(10,((((18,(16,17)),15),((30,((21,20),12)),13)),(((23,4),8),(22,24))))),(((((2,(28,25)),7),19),((14,5),(9,29))),27));

STEP 73 [SPR_ClassicHeuristic_MP_RF -> NNI_Substep_62] - Distance: 153.0000
((((6,26),((11,3),1)),(10,((((18,(16,17)),15),(((30,(21,20)),12),13)),(((23,4),8),(22,24))))),(((((2,(28,25)),7),19),((14,5),(9,29))),27));

STEP 74 [SPR_ClassicHeuristic_MP_RF -> NNI_Substep_63] - Distance: 153.0000
((((6,26),((11,3),1)),(10,((((18,(16,17)),15),(((30,(21,20)),13),12)),(((23,4),8),(22,24))))),(((((2,(28,25)),7),19),((14,5),(9,29))),27));

STEP 75 [SPR_ClassicHeuristic_MP_RF -> NNI_Substep_64] - Distance: 149.0000
((((6,26),((11,3),1)),(10,(((((18,(16,17)),15),((30,(21,20)),13)),12),(((23,4),8),(22,24))))),(((((2,(28,25)),7),19),((14,5),(9,29))),27));

STEP 76 [SPR_ClassicHeuristic_MP_RF -> NNI_Substep_65] - Distance: 146.0000
((((6,26),((11,3),1)),(10,(((((18,(16,17)),15),12),((30,(21,20)),13)),(((23,4),8),(22,24))))),(((((2,(28,25)),7),19),((14,5),(9,29))),27));

STEP 77 [SPR_ClassicHeuristic_MP_RF -> NNI_Substep_66] - Distance: 146.0000
((((6,26),((11,3),1)),((((((18,(16,17)),15),12),((30,(21,20)),13)),10),(((23,4),8),(22,24)))),(((((2,(28,25)),7),19),((14,5),(9,29))),27));

STEP 78 [SPR_ClassicHeuristic_MP_RF -> NNI_Substep_67] - Distance: 141.0000
((((6,26),((11,3),1)),(((((18,(16,17)),15),12),(((30,(21,20)),13),10)),(((23,4),8),(22,24)))),(((((2,(28,25)),7),19),((14,5),(9,29))),27));

STEP 79 [SPR_ClassicHeuristic_MP_RF -> NNI_Substep_68] - Distance: 141.0000
((((6,26),((11,3),1)),(((((18,(16,17)),15),12),(((30,(21,20)),10),13)),(((23,4),8),(22,24)))),(((((2,(28,25)),7),19),((14,5),(9,29))),27));

STEP 80 [SPR_ClassicHeuristic_MP_RF -> NNI_Substep_69] - Distance: 141.0000
((((6,26),((11,3),1)),(((((18,(16,17)),15),12),((30,((21,20),10)),13)),(((23,4),8),(22,24)))),(((((2,(28,25)),7),19),((14,5),(9,29))),27));

STEP 81 [SPR_ClassicHeuristic_MP_RF -> NNI_Substep_70] - Distance: 140.0000
((((6,26),((11,3),1)),(((((18,(16,17)),15),12),((30,((21,10),20)),13)),(((23,4),8),(22,24)))),(((((2,(28,25)),7),19),((14,5),(9,29))),27));

STEP 82 [SPR_ClassicHeuristic_MP_RF -> NNI_Substep_71] - Distance: 140.0000
((((6,26),((11,3),1)),(((((18,(16,17)),15),12),((30,((21,10),20)),13)),((((23,4),8),24),22))),(((((2,(28,25)),7),19),((14,5),(9,29))),27));

STEP 83 [SPR_ClassicHeuristic_MP_RF -> NNI_Substep_72] - Distance: 138.0000
((((6,26),((11,3),1)),((((((18,(16,17)),15),12),((30,((21,10),20)),13)),(((23,4),8),24)),22)),(((((2,(28,25)),7),19),((14,5),(9,29))),27));

STEP 84 [SPR_ClassicHeuristic_MP_RF -> NNI_Substep_73] - Distance: 138.0000
((((6,26),((11,3),1)),((((((18,(16,17)),15),12),((30,((21,10),20)),13)),22),(((23,4),8),24))),(((((2,(28,25)),7),19),((14,5),(9,29))),27));

STEP 85 [SPR_ClassicHeuristic_MP_RF -> NNI_Substep_74] - Distance: 133.0000
((((6,26),((11,3),1)),(((((18,(16,17)),15),12),(((30,((21,10),20)),13),22)),(((23,4),8),24))),(((((2,(28,25)),7),19),((14,5),(9,29))),27));

STEP 86 [SPR_ClassicHeuristic_MP_RF -> NNI_Substep_75] - Distance: 133.0000
((((6,26),((11,3),1)),(((((18,(16,17)),15),12),(((30,((21,10),20)),22),13)),(((23,4),8),24))),(((((2,(28,25)),7),19),((14,5),(9,29))),27));

STEP 87 [SPR_ClassicHeuristic_MP_RF -> NNI_Substep_76] - Distance: 133.0000
((((6,26),((11,3),1)),(((((18,(16,17)),15),12),((30,(((21,10),20),22)),13)),(((23,4),8),24))),(((((2,(28,25)),7),19),((14,5),(9,29))),27));

STEP 88 [SPR_ClassicHeuristic_MP_RF -> NNI_Substep_77] - Distance: 132.0000
((((6,26),((11,3),1)),(((((18,(16,17)),15),12),((30,(((21,10),22),20)),13)),(((23,4),8),24))),(((((2,(28,25)),7),19),((14,5),(9,29))),27));

STEP 89 [SPR_ClassicHeuristic_MP_RF -> NNI_Substep_78] - Distance: 132.0000
((((6,26),((11,3),1)),(((((18,(16,17)),15),12),(((((21,10),22),20),13),30)),(((23,4),8),24))),(((((2,(28,25)),7),19),((14,5),(9,29))),27));

STEP 90 [SPR_ClassicHeuristic_MP_RF -> NNI_Substep_79] - Distance: 132.0000
((((6,26),((11,3),1)),((((((18,(16,17)),15),12),((((21,10),22),20),13)),30),(((23,4),8),24))),(((((2,(28,25)),7),19),((14,5),(9,29))),27));

STEP 91 [SPR_ClassicHeuristic_MP_RF -> NNI_Substep_80] - Distance: 132.0000
((((6,26),((11,3),1)),((((((18,(16,17)),15),12),((((21,10),22),20),13)),(((23,4),8),24)),30)),(((((2,(28,25)),7),19),((14,5),(9,29))),27));

STEP 92 [SPR_ClassicHeuristic_MP_RF -> NNI_Substep_81] - Distance: 132.0000
((((6,26),((11,3),1)),(((((18,(16,17)),15),12),((((21,10),22),20),13)),((((23,4),8),24),30))),(((((2,(28,25)),7),19),((14,5),(9,29))),27));

STEP 93 [SPR_ClassicHeuristic_MP_RF -> NNI_Substep_82] - Distance: 132.0000
((((6,26),((11,3),1)),(((((18,(16,17)),15),12),((((21,10),22),20),13)),((((23,4),8),30),24))),(((((2,(28,25)),7),19),((14,5),(9,29))),27));

STEP 94 [SPR_ClassicHeuristic_MP_RF -> NNI_Substep_83] - Distance: 131.0000
((((6,26),((11,3),1)),(((((18,(16,17)),15),12),((((21,10),22),20),13)),((((23,4),30),8),24))),(((((2,(28,25)),7),19),((14,5),(9,29))),27));

STEP 95 [SPR_ClassicHeuristic_MP_RF -> NNI_Substep_84] - Distance: 131.0000
(((((6,26),((11,3),1)),((((18,(16,17)),15),12),((((21,10),22),20),13))),((((23,4),30),8),24)),(((((2,(28,25)),7),19),((14,5),(9,29))),27));

STEP 96 [SPR_ClassicHeuristic_MP_RF -> NNI_Substep_85] - Distance: 29.0000
((((6,26),((11,3),1)),((((18,(16,17)),15),12),((((21,10),22),20),13))),((((((2,(28,25)),7),19),((14,5),(9,29))),27),((8,24),((23,4),30))));

STEP 97 [SPR_ClassicHeuristic_MP_RF -> NNI_Substep_86] - Distance: 3.0000
((((6,26),((11,3),1)),((((18,(16,17)),15),12),((((21,10),22),20),13))),(((((((2,(28,25)),7),19),((14,5),(9,29))),27),(8,24)),((23,4),30)));

STEP 98 [SPR_ClassicHeuristic_MP_RF -> NNI_Substep_87] - Distance: 3.0000
((((6,26),((11,3),1)),((((18,(16,17)),15),12),((((21,10),22),13),20))),(((((((2,(28,25)),7),19),((14,5),(9,29))),27),(8,24)),((23,4),30)));

STEP 99 [SPR_ClassicHeuristic_MP_RF -> NNI_Substep_88] - Distance: 0.0000
((((6,26),((11,3),1)),((((18,(16,17)),15),12),(((21,10),22),(13,20)))),(((((((2,(28,25)),7),19),((14,5),(9,29))),27),(8,24)),((23,4),30)));

========================================================
[FINAL] Total Steps: 99 | Final Distance: 0.0000
========================================================
