========================================================
HEURISTIC TRAJECTORY: VND Incremental (MP)
========================================================
STEP 0 [START] - Distance: 306.0000
(((((((7,(5,(10,(15,21)))),(16,(24,29))),(6,25)),(((14,(20,(11,19))),(27,2)),(28,(22,(3,8))))),(12,4)),(17,(18,(26,(13,1))))),(9,(30,23)));

STEP 1 [NNI_IncrementalHeuristic_MP -> NNI_Substep_1] - Distance: 300.0000
(((((((7,(5,(10,(15,21)))),(16,(24,29))),(6,25)),(12,4)),(((14,(20,(11,19))),(27,2)),(28,(22,(3,8))))),(17,(18,(26,(13,1))))),(9,(30,23)));

STEP 2 [NNI_IncrementalHeuristic_MP -> NNI_Substep_2] - Distance: 295.0000
(((((((7,(5,(10,(15,21)))),(16,(24,29))),(12,4)),(6,25)),(((14,(20,(11,19))),(27,2)),(28,(22,(3,8))))),(9,(30,23))),(17,(18,(26,(13,1)))));

STEP 3 [NNI_IncrementalHeuristic_MP -> NNI_Substep_3] - Distance: 292.0000
((((6,((((7,(5,(10,(15,21)))),(16,(24,29))),(12,4)),25)),(((14,(20,(11,19))),(27,2)),(28,(22,(3,8))))),(9,(30,23))),(17,(18,(26,(13,1)))));

STEP 4 [NNI_IncrementalHeuristic_MP -> NNI_Substep_4] - Distance: 290.0000
((((6,((((7,(5,(10,(15,21)))),(16,(24,29))),(12,4)),25)),(28,(((14,(20,(11,19))),(27,2)),(22,(3,8))))),(9,(30,23))),(17,(18,(26,(13,1)))));

STEP 5 [NNI_IncrementalHeuristic_MP -> NNI_Substep_5] - Distance: 289.0000
((((6,((25,(12,4)),((7,(5,(10,(15,21)))),(16,(24,29))))),(28,(((14,(20,(11,19))),(27,2)),(22,(3,8))))),(9,(30,23))),(17,(18,(26,(13,1)))));

STEP 6 [NNI_IncrementalHeuristic_MP -> NNI_Substep_6] - Distance: 288.0000
((((6,((4,(12,25)),((7,(5,(10,(15,21)))),(16,(24,29))))),(28,(((14,(20,(11,19))),(27,2)),(22,(3,8))))),(9,(30,23))),(17,(18,(26,(13,1)))));

STEP 7 [NNI_IncrementalHeuristic_MP -> NNI_Substep_7] - Distance: 287.0000
((((6,((4,(12,25)),(((16,(24,29)),(5,(10,(15,21)))),7))),(28,(((14,(20,(11,19))),(27,2)),(22,(3,8))))),(9,(30,23))),(17,(18,(26,(13,1)))));

STEP 8 [NNI_IncrementalHeuristic_MP -> NNI_Substep_8] - Distance: 284.0000
((((6,(((16,(24,29)),(5,(10,(15,21)))),((4,(12,25)),7))),(28,(((14,(20,(11,19))),(27,2)),(22,(3,8))))),(9,(30,23))),(17,(18,(26,(13,1)))));

STEP 9 [NNI_IncrementalHeuristic_MP -> NNI_Substep_9] - Distance: 283.0000
((((6,(((16,(24,29)),(5,(10,(15,21)))),((7,(12,25)),4))),(28,(((14,(20,(11,19))),(27,2)),(22,(3,8))))),(9,(30,23))),(17,(18,(26,(13,1)))));

STEP 10 [NNI_IncrementalHeuristic_MP -> NNI_Substep_10] - Distance: 282.0000
((((6,(((16,(24,29)),(5,(10,(15,21)))),((25,(12,7)),4))),(28,(((14,(20,(11,19))),(27,2)),(22,(3,8))))),(9,(30,23))),(17,(18,(26,(13,1)))));

STEP 11 [NNI_IncrementalHeuristic_MP -> NNI_Substep_11] - Distance: 281.0000
((((6,(((16,(24,29)),(5,(10,(15,21)))),((25,(12,7)),4))),(28,(((22,(3,8)),(27,2)),(14,(20,(11,19)))))),(9,(30,23))),(17,(18,(26,(13,1)))));

STEP 12 [NNI_IncrementalHeuristic_MP -> NNI_Substep_12] - Distance: 280.0000
((((6,(((16,(24,29)),(5,(10,(15,21)))),((25,(12,7)),4))),(28,(14,(((22,(3,8)),(27,2)),(20,(11,19)))))),(9,(30,23))),(17,(18,(26,(13,1)))));

STEP 13 [NNI_IncrementalHeuristic_MP -> NNI_Substep_13] - Distance: 279.0000
(((30,23),(9,((6,(((16,(24,29)),(5,(10,(15,21)))),((25,(12,7)),4))),(28,(14,(((22,(3,8)),(27,2)),(20,(11,19)))))))),(17,(18,(26,(13,1)))));

STEP 14 [NNI_IncrementalHeuristic_MP -> NNI_Substep_14] - Distance: 269.0000
(((30,23),((6,(((16,(24,29)),(5,(10,(15,21)))),((25,(12,7)),4))),(9,(28,(14,(((22,(3,8)),(27,2)),(20,(11,19)))))))),(17,(18,(26,(13,1)))));

STEP 15 [NNI_IncrementalHeuristic_MP -> NNI_Substep_15] - Distance: 265.0000
(((((6,(((16,(24,29)),(5,(10,(15,21)))),((25,(12,7)),4))),(9,(28,(14,(((22,(3,8)),(27,2)),(20,(11,19))))))),23),30),(17,(18,(26,(13,1)))));

STEP 16 [NNI_IncrementalHeuristic_MP -> NNI_Substep_16] - Distance: 262.0000
(((((6,(((16,(24,29)),(5,(10,(15,21)))),((25,(12,7)),4))),((14,(((22,(3,8)),(27,2)),(20,(11,19)))),(28,9))),23),30),(17,(18,(26,(13,1)))));

STEP 17 [NNI_IncrementalHeuristic_MP -> NNI_Substep_17] - Distance: 260.0000
(((((6,(((16,(24,29)),(5,(10,(15,21)))),((25,(12,7)),4))),23),((14,(((22,(3,8)),(27,2)),(20,(11,19)))),(28,9))),30),(17,(18,(26,(13,1)))));

STEP 18 [NNI_IncrementalHeuristic_MP -> NNI_Substep_18] - Distance: 252.0000
(((((6,23),(((16,(24,29)),(5,(10,(15,21)))),((25,(12,7)),4))),((14,(((22,(3,8)),(27,2)),(20,(11,19)))),(28,9))),30),(17,(18,(26,(13,1)))));

STEP 19 [2sECR_IncrementalHeuristic_MP -> NNI_Substep_1] - Distance: 252.0000
(((((6,23),(((16,(24,29)),(5,(10,(15,21)))),((25,(12,7)),4))),(14,((28,9),(((22,(3,8)),(27,2)),(20,(11,19)))))),(17,(18,(26,(13,1))))),30);

STEP 20 [2sECR_IncrementalHeuristic_MP -> NNI_Substep_2] - Distance: 245.0000
((((((6,23),(((16,(24,29)),(5,(10,(15,21)))),((25,(12,7)),4))),14),((28,9),(((22,(3,8)),(27,2)),(20,(11,19))))),(17,(18,(26,(13,1))))),30);

STEP 21 [2sECR_IncrementalHeuristic_MP -> NNI_Substep_3] - Distance: 245.0000
((((((6,23),((16,((5,(10,(15,21))),(24,29))),((25,(12,7)),4))),14),((28,9),(((22,(3,8)),(27,2)),(20,(11,19))))),(17,(18,(26,(13,1))))),30);

STEP 22 [2sECR_IncrementalHeuristic_MP -> NNI_Substep_4] - Distance: 241.0000
((((((6,23),(((5,(10,(15,21))),(24,29)),(((25,(12,7)),4),16))),14),((28,9),(((22,(3,8)),(27,2)),(20,(11,19))))),(17,(18,(26,(13,1))))),30);

STEP 23 [2sECR_IncrementalHeuristic_MP -> NNI_Substep_5] - Distance: 239.0000
(((((14,(((5,(10,(15,21))),(24,29)),(((25,(12,7)),4),16))),(6,23)),((28,9),(((22,(3,8)),(27,2)),(20,(11,19))))),(17,(18,(26,(13,1))))),30);

STEP 24 [2sECR_IncrementalHeuristic_MP -> NNI_Substep_6] - Distance: 236.0000
(((((((5,(10,(15,21))),(24,29)),(14,(((25,(12,7)),4),16))),(6,23)),((28,9),(((22,(3,8)),(27,2)),(20,(11,19))))),(17,(18,(26,(13,1))))),30);

STEP 25 [2sECR_IncrementalHeuristic_MP -> NNI_Substep_7] - Distance: 235.0000
(((((((5,(10,(15,21))),(24,29)),(14,((16,(25,(12,7))),4))),(6,23)),((28,9),(((22,(3,8)),(27,2)),(20,(11,19))))),(17,(18,(26,(13,1))))),30);

STEP 26 [2sECR_IncrementalHeuristic_MP -> NNI_Substep_8] - Distance: 234.0000
(((((((5,(10,(15,21))),(24,29)),(14,((25,(16,(12,7))),4))),(6,23)),((28,9),(((22,(3,8)),(27,2)),(20,(11,19))))),(17,(18,(26,(13,1))))),30);

STEP 27 [2sECR_IncrementalHeuristic_MP -> NNI_Substep_9] - Distance: 234.0000
(((((((5,(10,(15,21))),(24,29)),(14,((25,(16,(12,7))),4))),(6,23)),((28,9),(((22,(3,8)),(27,2)),(20,(11,19))))),(18,(17,(26,(13,1))))),30);

STEP 28 [2sECR_IncrementalHeuristic_MP -> NNI_Substep_10] - Distance: 232.0000
((((((((5,(10,(15,21))),(24,29)),(14,((25,(16,(12,7))),4))),(6,23)),((28,9),(((22,(3,8)),(27,2)),(20,(11,19))))),18),(17,(26,(13,1)))),30);

STEP 29 [2sECR_IncrementalHeuristic_MP -> NNI_Substep_11] - Distance: 228.0000
((((18,((((5,(10,(15,21))),(24,29)),(14,((25,(16,(12,7))),4))),(6,23))),((28,9),(((22,(3,8)),(27,2)),(20,(11,19))))),(17,(26,(13,1)))),30);

STEP 30 [2sECR_IncrementalHeuristic_MP -> NNI_Substep_12] - Distance: 219.0000
(((((((5,(10,(15,21))),(24,29)),(14,((25,(16,(12,7))),4))),(18,(6,23))),((28,9),(((22,(3,8)),(27,2)),(20,(11,19))))),(17,(26,(13,1)))),30);

STEP 31 [2sECR_IncrementalHeuristic_MP -> NNI_Substep_13] - Distance: 219.0000
(((((((5,(10,(15,21))),(24,29)),(14,((25,(16,(12,7))),4))),(18,(6,23))),((28,9),(((22,(3,8)),(27,2)),(20,(11,19))))),((13,1),(17,26))),30);

STEP 32 [2sECR_IncrementalHeuristic_MP -> NNI_Substep_14] - Distance: 213.0000
((((((((5,(10,(15,21))),(24,29)),(14,((25,(16,(12,7))),4))),(18,(6,23))),((28,9),(((22,(3,8)),(27,2)),(20,(11,19))))),(13,1)),(17,26)),30);

STEP 33 [2sECR_IncrementalHeuristic_MP -> NNI_Substep_15] - Distance: 201.0000
(((((((5,(10,(15,21))),(24,29)),(14,((25,(16,(12,7))),4))),(18,(6,23))),(((28,9),(((22,(3,8)),(27,2)),(20,(11,19)))),(13,1))),(17,26)),30);

STEP 34 [2sECR_IncrementalHeuristic_MP -> NNI_Substep_16] - Distance: 200.0000
(((((((5,(10,(15,21))),(24,29)),(14,((25,(16,(12,7))),4))),(18,(6,23))),(13,(((28,9),(((22,(3,8)),(27,2)),(20,(11,19)))),1))),(17,26)),30);

STEP 35 [2sECR_IncrementalHeuristic_MP -> NNI_Substep_17] - Distance: 193.0000
((((((((5,(10,(15,21))),(24,29)),(14,((25,(16,(12,7))),4))),(18,(6,23))),13),(((28,9),(((22,(3,8)),(27,2)),(20,(11,19)))),1)),(17,26)),30);

STEP 36 [2sECR_IncrementalHeuristic_MP -> NNI_Substep_18] - Distance: 185.0000
(((((((5,(10,(15,21))),(24,29)),(14,((25,(16,(12,7))),4))),(13,(18,(6,23)))),(((28,9),(((22,(3,8)),(27,2)),(20,(11,19)))),1)),(17,26)),30);

STEP 37 [2sECR_IncrementalHeuristic_MP -> NNI_Substep_19] - Distance: 182.0000
(((((((5,(10,(15,21))),(24,29)),(14,((25,(16,(12,7))),4))),(13,(18,(6,23)))),((1,(28,9)),(((22,(3,8)),(27,2)),(20,(11,19))))),(17,26)),30);

STEP 38 [2sECR_IncrementalHeuristic_MP -> NNI_Substep_20] - Distance: 181.0000
(((((((5,(10,(15,21))),(24,29)),(14,((25,(16,(12,7))),4))),(13,(23,(18,6)))),((1,(28,9)),(((22,(3,8)),(27,2)),(20,(11,19))))),(17,26)),30);

STEP 39 [2sECR_IncrementalHeuristic_MP -> NNI_Substep_21] - Distance: 180.0000
(((((((5,(10,(15,21))),(24,29)),(14,((25,(16,(12,7))),4))),(23,(13,(18,6)))),((1,(28,9)),(((22,(3,8)),(27,2)),(20,(11,19))))),(17,26)),30);

STEP 40 [2sECR_IncrementalHeuristic_MP -> NNI_Substep_22] - Distance: 177.0000
((30,((((29,((5,(10,(15,21))),24)),(14,((25,(16,(12,7))),4))),(23,(13,(18,6)))),((1,(28,9)),(((22,(3,8)),(27,2)),(20,(11,19)))))),(17,26));

STEP 41 [2sECR_IncrementalHeuristic_MP -> NNI_Substep_23] - Distance: 176.0000
((30,((((29,((5,(10,(15,21))),24)),(14,((25,(12,(16,7))),4))),(23,(13,(18,6)))),((1,(28,9)),(((22,(3,8)),(27,2)),(20,(11,19)))))),(17,26));

STEP 42 [2sECR_IncrementalHeuristic_MP -> NNI_Substep_24] - Distance: 175.0000
((30,((((29,((5,(10,(15,21))),24)),(4,(14,(25,(12,(16,7)))))),(23,(13,(18,6)))),((1,(28,9)),(((22,(3,8)),(27,2)),(20,(11,19)))))),(17,26));

STEP 43 [2sECR_IncrementalHeuristic_MP -> NNI_Substep_25] - Distance: 175.0000
((30,((((29,((5,(10,(15,21))),24)),(4,(14,(25,(12,(16,7)))))),(23,(13,(18,6)))),((1,(28,9)),(20,(((22,(3,8)),(27,2)),(11,19)))))),(17,26));

STEP 44 [2sECR_IncrementalHeuristic_MP -> NNI_Substep_26] - Distance: 174.0000
((30,((((29,((5,(10,(15,21))),24)),(4,(14,(25,(12,(16,7)))))),(23,(13,(18,6)))),((1,(28,9)),(20,(19,(((22,(3,8)),(27,2)),11)))))),(17,26));

STEP 45 [2sECR_IncrementalHeuristic_MP -> NNI_Substep_27] - Distance: 174.0000
((30,((((29,((5,(10,(15,21))),24)),(4,(14,(25,(12,(16,7)))))),(23,(13,(18,6)))),(20,((1,(28,9)),(19,(((22,(3,8)),(27,2)),11)))))),(17,26));

STEP 46 [2sECR_IncrementalHeuristic_MP -> NNI_Substep_28] - Distance: 168.0000
((30,(((((29,((5,(10,(15,21))),24)),(4,(14,(25,(12,(16,7)))))),(23,(13,(18,6)))),20),((1,(28,9)),(19,(((22,(3,8)),(27,2)),11))))),(17,26));

STEP 47 [2sECR_IncrementalHeuristic_MP -> NNI_Substep_29] - Distance: 164.0000
((30,(((20,((29,((5,(10,(15,21))),24)),(4,(14,(25,(12,(16,7))))))),(23,(13,(18,6)))),((1,(28,9)),(19,(((22,(3,8)),(27,2)),11))))),(17,26));

STEP 48 [2sECR_IncrementalHeuristic_MP -> NNI_Substep_30] - Distance: 158.0000
((30,((((4,(14,(25,(12,(16,7))))),(20,(29,((5,(10,(15,21))),24)))),(23,(13,(18,6)))),((1,(28,9)),(19,(((22,(3,8)),(27,2)),11))))),(17,26));

STEP 49 [2sECR_IncrementalHeuristic_MP -> NNI_Substep_31] - Distance: 157.0000
((30,((((4,(14,(25,(12,(16,7))))),(29,(20,((5,(10,(15,21))),24)))),(23,(13,(18,6)))),((1,(28,9)),(19,(((22,(3,8)),(27,2)),11))))),(17,26));

STEP 50 [2sECR_IncrementalHeuristic_MP -> NNI_Substep_32] - Distance: 156.0000
((30,((((4,(14,(25,(12,(16,7))))),(29,(24,(20,(5,(10,(15,21))))))),(23,(13,(18,6)))),((1,(28,9)),(19,(((22,(3,8)),(27,2)),11))))),(17,26));

STEP 51 [Heur. rSPR MP -> NNI_Substep_1] - Distance: 156.0000
((30,((((4,(14,(25,(12,(16,7))))),(29,(24,(20,(5,((10,21),15)))))),(23,(13,(18,6)))),((1,(28,9)),(19,(((22,(3,8)),(27,2)),11))))),(17,26));

STEP 52 [Heur. rSPR MP -> NNI_Substep_2] - Distance: 156.0000
((30,((((4,(14,(25,(12,(16,7))))),(29,(24,(20,((5,(10,21)),15))))),(23,(13,(18,6)))),((1,(28,9)),(19,(((22,(3,8)),(27,2)),11))))),(17,26));

STEP 53 [Heur. rSPR MP -> NNI_Substep_3] - Distance: 156.0000
((30,((((4,(14,(25,(12,(16,7))))),(29,(24,((20,(5,(10,21))),15)))),(23,(13,(18,6)))),((1,(28,9)),(19,(((22,(3,8)),(27,2)),11))))),(17,26));

STEP 54 [Heur. rSPR MP -> NNI_Substep_4] - Distance: 156.0000
((30,((((4,(14,(25,(12,(16,7))))),(29,((24,(20,(5,(10,21)))),15))),(23,(13,(18,6)))),((1,(28,9)),(19,(((22,(3,8)),(27,2)),11))))),(17,26));

STEP 55 [Heur. rSPR MP -> NNI_Substep_5] - Distance: 156.0000
((30,((((4,(14,(25,(12,(16,7))))),((29,(24,(20,(5,(10,21))))),15)),(23,(13,(18,6)))),((1,(28,9)),(19,(((22,(3,8)),(27,2)),11))))),(17,26));

STEP 56 [Heur. rSPR MP -> NNI_Substep_6] - Distance: 156.0000
((30,(((((4,(14,(25,(12,(16,7))))),(29,(24,(20,(5,(10,21)))))),15),(23,(13,(18,6)))),((1,(28,9)),(19,(((22,(3,8)),(27,2)),11))))),(17,26));

STEP 57 [Heur. rSPR MP -> NNI_Substep_7] - Distance: 156.0000
((30,(((((4,(14,(25,(12,(16,7))))),(29,(24,(20,(5,(10,21)))))),(23,(13,(18,6)))),15),((1,(28,9)),(19,(((22,(3,8)),(27,2)),11))))),(17,26));

STEP 58 [Heur. rSPR MP -> NNI_Substep_8] - Distance: 156.0000
((30,(((((4,(14,(25,(12,(16,7))))),(29,(24,(20,(5,(10,21)))))),(23,(13,(18,6)))),((1,(28,9)),(19,(((22,(3,8)),(27,2)),11)))),15)),(17,26));

STEP 59 [Heur. rSPR MP -> NNI_Substep_9] - Distance: 156.0000
(((30,((((4,(14,(25,(12,(16,7))))),(29,(24,(20,(5,(10,21)))))),(23,(13,(18,6)))),((1,(28,9)),(19,(((22,(3,8)),(27,2)),11))))),15),(17,26));

STEP 60 [Heur. rSPR MP -> NNI_Substep_10] - Distance: 127.0000
((30,((((4,(14,(25,(12,(16,7))))),(29,(24,(20,(5,(10,21)))))),(23,(13,(18,6)))),((1,(28,9)),(19,((((22,(3,8)),27),2),11))))),((17,26),15));

STEP 61 [Heur. rSPR MP -> NNI_Substep_11] - Distance: 127.0000
((30,((((4,(14,(25,(12,(16,7))))),(29,(24,(20,(5,(10,21)))))),(23,(13,(18,6)))),((1,(28,9)),(19,((((22,(3,8)),27),11),2))))),((17,26),15));

STEP 62 [Heur. rSPR MP -> NNI_Substep_12] - Distance: 127.0000
((30,((((4,(14,(25,(12,(16,7))))),(29,(24,(20,(5,(10,21)))))),(23,(13,(18,6)))),((1,(28,9)),((19,(((22,(3,8)),27),11)),2)))),((17,26),15));

STEP 63 [Heur. rSPR MP -> NNI_Substep_13] - Distance: 127.0000
((30,((((4,(14,(25,(12,(16,7))))),(29,(24,(20,(5,(10,21)))))),(23,(13,(18,6)))),(((1,(28,9)),(19,(((22,(3,8)),27),11))),2))),((17,26),15));

STEP 64 [Heur. rSPR MP -> NNI_Substep_14] - Distance: 126.0000
((30,(((((4,(14,(25,(12,(16,7))))),(29,(24,(20,(5,(10,21)))))),(23,(13,(18,6)))),((1,(28,9)),(19,(((22,(3,8)),27),11)))),2)),((17,26),15));

STEP 65 [Heur. rSPR MP -> NNI_Substep_15] - Distance: 126.0000
(((30,((((4,(14,(25,(12,(16,7))))),(29,(24,(20,(5,(10,21)))))),(23,(13,(18,6)))),((1,(28,9)),(19,(((22,(3,8)),27),11))))),2),((17,26),15));

STEP 66 [Heur. rSPR MP -> NNI_Substep_16] - Distance: 101.0000
(((30,2),((((4,(14,(25,(12,(16,7))))),(29,(24,(20,(5,(10,21)))))),(23,(13,(18,6)))),((1,(28,9)),(19,(((22,(3,8)),27),11))))),((17,26),15));

STEP 67 [Heur. rSPR MP -> NNI_Substep_17] - Distance: 101.0000
(((30,2),((((4,(14,(25,(12,(16,7))))),(29,(24,(20,(5,(10,21)))))),(23,(13,(18,6)))),((1,(28,9)),(19,((((3,8),27),22),11))))),((17,26),15));

STEP 68 [Heur. rSPR MP -> NNI_Substep_18] - Distance: 101.0000
(((30,2),((((4,(14,(25,(12,(16,7))))),(29,(24,(20,(5,(10,21)))))),(23,(13,(18,6)))),((1,(28,9)),(19,((((3,8),27),11),22))))),((17,26),15));

STEP 69 [Heur. rSPR MP -> NNI_Substep_19] - Distance: 101.0000
(((30,2),((((4,(14,(25,(12,(16,7))))),(29,(24,(20,(5,(10,21)))))),(23,(13,(18,6)))),((1,(28,9)),((19,(((3,8),27),11)),22)))),((17,26),15));

STEP 70 [Heur. rSPR MP -> NNI_Substep_20] - Distance: 101.0000
(((30,2),((((4,(14,(25,(12,(16,7))))),(29,(24,(20,(5,(10,21)))))),(23,(13,(18,6)))),(((1,(28,9)),(19,(((3,8),27),11))),22))),((17,26),15));

STEP 71 [Heur. rSPR MP -> NNI_Substep_21] - Distance: 100.0000
(((30,2),(((((4,(14,(25,(12,(16,7))))),(29,(24,(20,(5,(10,21)))))),(23,(13,(18,6)))),((1,(28,9)),(19,(((3,8),27),11)))),22)),((17,26),15));

STEP 72 [Heur. rSPR MP -> NNI_Substep_22] - Distance: 95.0000
(((30,2),(((((4,(14,(25,(12,(16,7))))),(29,(24,(20,(5,(10,21)))))),(23,(13,(18,6)))),22),((1,(28,9)),(19,(((3,8),27),11))))),((17,26),15));

STEP 73 [Heur. rSPR MP -> NNI_Substep_23] - Distance: 85.0000
(((30,2),((((4,(14,(25,(12,(16,7))))),(29,(24,(20,(5,(10,21)))))),((23,(13,(18,6))),22)),((1,(28,9)),(19,(((3,8),27),11))))),((17,26),15));

STEP 74 [Heur. rSPR MP -> NNI_Substep_24] - Distance: 82.0000
(((30,2),((((4,(14,(25,(12,(16,7))))),(29,(24,(20,(5,(10,21)))))),((23,22),(13,(18,6)))),((1,(28,9)),(19,(((3,8),27),11))))),((17,26),15));

STEP 75 [Heur. rSPR MP -> NNI_Substep_25] - Distance: 82.0000
(((30,2),((((4,(14,(25,(12,(16,7))))),(29,(24,(20,(5,(10,21)))))),((23,22),(13,(18,6)))),((1,(28,9)),(19,(((8,27),3),11))))),((17,26),15));

STEP 76 [Heur. rSPR MP -> NNI_Substep_26] - Distance: 82.0000
(((30,2),((((4,(14,(25,(12,(16,7))))),(29,(24,(20,(5,(10,21)))))),((23,22),(13,(18,6)))),((1,(28,9)),(19,(((8,27),11),3))))),((17,26),15));

STEP 77 [Heur. rSPR MP -> NNI_Substep_27] - Distance: 82.0000
(((30,2),((((4,(14,(25,(12,(16,7))))),(29,(24,(20,(5,(10,21)))))),((23,22),(13,(18,6)))),((1,(28,9)),((19,((8,27),11)),3)))),((17,26),15));

STEP 78 [Heur. rSPR MP -> NNI_Substep_28] - Distance: 82.0000
(((30,2),((((4,(14,(25,(12,(16,7))))),(29,(24,(20,(5,(10,21)))))),((23,22),(13,(18,6)))),(((1,(28,9)),(19,((8,27),11))),3))),((17,26),15));

STEP 79 [Heur. rSPR MP -> NNI_Substep_29] - Distance: 78.0000
(((30,2),(((((4,(14,(25,(12,(16,7))))),(29,(24,(20,(5,(10,21)))))),((23,22),(13,(18,6)))),((1,(28,9)),(19,((8,27),11)))),3)),((17,26),15));

STEP 80 [Heur. rSPR MP -> NNI_Substep_30] - Distance: 72.0000
(((30,2),(((((4,(14,(25,(12,(16,7))))),(29,(24,(20,(5,(10,21)))))),((23,22),(13,(18,6)))),3),((1,(28,9)),(19,((8,27),11))))),((17,26),15));

STEP 81 [Heur. rSPR MP -> NNI_Substep_31] - Distance: 67.0000
(((30,2),(((((4,(14,(25,(12,(16,7))))),(29,(24,(20,(5,(10,21)))))),3),((23,22),(13,(18,6)))),((1,(28,9)),(19,((8,27),11))))),((17,26),15));

STEP 82 [Heur. rSPR MP -> NNI_Substep_32] - Distance: 63.0000
(((30,2),(((((4,(14,(25,(12,(16,7))))),3),(29,(24,(20,(5,(10,21)))))),((23,22),(13,(18,6)))),((1,(28,9)),(19,((8,27),11))))),((17,26),15));

STEP 83 [Heur. rSPR MP -> NNI_Substep_33] - Distance: 62.0000
(((30,2),((((4,((14,(25,(12,(16,7)))),3)),(29,(24,(20,(5,(10,21)))))),((23,22),(13,(18,6)))),((1,(28,9)),(19,((8,27),11))))),((17,26),15));

STEP 84 [Heur. rSPR MP -> NNI_Substep_34] - Distance: 62.0000
(((30,2),((((4,((14,(25,(12,(16,7)))),3)),(29,(24,(20,((5,10),21))))),((23,22),(13,(18,6)))),((1,(28,9)),(19,((8,27),11))))),((17,26),15));

STEP 85 [Heur. rSPR MP -> NNI_Substep_35] - Distance: 62.0000
(((30,2),((((4,((14,(25,(12,(16,7)))),3)),(29,(24,((20,(5,10)),21)))),((23,22),(13,(18,6)))),((1,(28,9)),(19,((8,27),11))))),((17,26),15));

STEP 86 [Heur. rSPR MP -> NNI_Substep_36] - Distance: 62.0000
(((30,2),((((4,((14,(25,(12,(16,7)))),3)),(29,((24,(20,(5,10))),21))),((23,22),(13,(18,6)))),((1,(28,9)),(19,((8,27),11))))),((17,26),15));

STEP 87 [Heur. rSPR MP -> NNI_Substep_37] - Distance: 62.0000
(((30,2),((((4,((14,(25,(12,(16,7)))),3)),((29,(24,(20,(5,10)))),21)),((23,22),(13,(18,6)))),((1,(28,9)),(19,((8,27),11))))),((17,26),15));

STEP 88 [Heur. rSPR MP -> NNI_Substep_38] - Distance: 62.0000
(((30,2),(((((4,((14,(25,(12,(16,7)))),3)),(29,(24,(20,(5,10))))),21),((23,22),(13,(18,6)))),((1,(28,9)),(19,((8,27),11))))),((17,26),15));

STEP 89 [Heur. rSPR MP -> NNI_Substep_39] - Distance: 62.0000
(((30,2),(((((4,((14,(25,(12,(16,7)))),3)),(29,(24,(20,(5,10))))),((23,22),(13,(18,6)))),21),((1,(28,9)),(19,((8,27),11))))),((17,26),15));

STEP 90 [Heur. rSPR MP -> NNI_Substep_40] - Distance: 62.0000
(((30,2),(((((4,((14,(25,(12,(16,7)))),3)),(29,(24,(20,(5,10))))),((23,22),(13,(18,6)))),((1,(28,9)),(19,((8,27),11)))),21)),((17,26),15));

STEP 91 [Heur. rSPR MP -> NNI_Substep_41] - Distance: 45.0000
(((30,2),((((4,((14,(25,(12,(16,7)))),3)),(29,(24,(20,(5,10))))),((23,22),(13,(18,6)))),(((1,(28,9)),(19,((8,27),11))),21))),((17,26),15));

STEP 92 [Heur. rSPR MP -> NNI_Substep_42] - Distance: 42.0000
(((30,2),((((4,((14,(25,(12,(16,7)))),3)),(29,(24,(20,(5,10))))),((23,22),(13,(18,6)))),(((1,(28,9)),21),(19,((8,27),11))))),((17,26),15));

STEP 93 [Heur. rSPR MP -> NNI_Substep_43] - Distance: 41.0000
(((30,2),((((4,((14,(25,(12,(16,7)))),3)),(29,(24,(20,(5,10))))),((23,22),(13,(18,6)))),((1,((28,9),21)),(19,((8,27),11))))),((17,26),15));

STEP 94 [Heur. rSPR MP -> NNI_Substep_44] - Distance: 40.0000
(((30,2),((((4,((14,(25,(12,(16,7)))),3)),(29,(24,(20,(5,10))))),((23,22),(13,(18,6)))),((1,(28,(9,21))),(19,((8,27),11))))),((17,26),15));

STEP 95 [Heur. rSPR MP -> NNI_Substep_45] - Distance: 40.0000
(((30,2),((((4,((14,(25,(12,(16,7)))),3)),(29,(24,(20,(5,10))))),((23,22),(13,(18,6)))),((1,(28,(9,21))),(19,((8,11),27))))),((17,26),15));

STEP 96 [Heur. rSPR MP -> NNI_Substep_46] - Distance: 40.0000
(((30,2),((((4,((14,(25,(12,(16,7)))),3)),(29,(24,(20,(5,10))))),((23,22),(13,(18,6)))),((1,(28,(9,21))),((19,(8,11)),27)))),((17,26),15));

STEP 97 [Heur. rSPR MP -> NNI_Substep_47] - Distance: 40.0000
(((30,2),((((4,((14,(25,(12,(16,7)))),3)),(29,(24,(20,(5,10))))),((23,22),(13,(18,6)))),(((1,(28,(9,21))),(19,(8,11))),27))),((17,26),15));

STEP 98 [Heur. rSPR MP -> NNI_Substep_48] - Distance: 39.0000
(((30,2),(((((4,((14,(25,(12,(16,7)))),3)),(29,(24,(20,(5,10))))),((23,22),(13,(18,6)))),((1,(28,(9,21))),(19,(8,11)))),27)),((17,26),15));

STEP 99 [Heur. rSPR MP -> NNI_Substep_49] - Distance: 32.0000
(((30,2),(((((4,((14,(25,(12,(16,7)))),3)),(29,(24,(20,(5,10))))),((23,22),(13,(18,6)))),27),((1,(28,(9,21))),(19,(8,11))))),((17,26),15));

STEP 100 [Heur. rSPR MP -> NNI_Substep_50] - Distance: 21.0000
(((30,2),((((4,((14,(25,(12,(16,7)))),3)),(29,(24,(20,(5,10))))),(((23,22),(13,(18,6))),27)),((1,(28,(9,21))),(19,(8,11))))),((17,26),15));

STEP 101 [Heur. rSPR MP -> NNI_Substep_51] - Distance: 19.0000
(((30,2),((((4,((14,(25,(12,(16,7)))),3)),(29,(24,(20,(5,10))))),((23,22),((13,(18,6)),27))),((1,(28,(9,21))),(19,(8,11))))),((17,26),15));

STEP 102 [Heur. rSPR MP -> NNI_Substep_52] - Distance: 18.0000
(((30,2),((((4,((14,(25,(12,(16,7)))),3)),(29,(24,(20,(5,10))))),((23,22),(13,((18,6),27)))),((1,(28,(9,21))),(19,(8,11))))),((17,26),15));

STEP 103 [Heur. rSPR MP -> NNI_Substep_53] - Distance: 17.0000
(((30,2),((((4,((14,(25,(12,(16,7)))),3)),(29,(24,(20,(5,10))))),((23,22),(13,(18,(6,27))))),((1,(28,(9,21))),(19,(8,11))))),((17,26),15));

STEP 104 [Heur. rSPR MP -> NNI_Substep_54] - Distance: 17.0000
(((30,2),((((4,((14,(25,(12,(16,7)))),3)),(29,(24,((20,10),5)))),((23,22),(13,(18,(6,27))))),((1,(28,(9,21))),(19,(8,11))))),((17,26),15));

STEP 105 [Heur. rSPR MP -> NNI_Substep_55] - Distance: 17.0000
(((30,2),((((4,((14,(25,(12,(16,7)))),3)),(29,((24,(20,10)),5))),((23,22),(13,(18,(6,27))))),((1,(28,(9,21))),(19,(8,11))))),((17,26),15));

STEP 106 [Heur. rSPR MP -> NNI_Substep_56] - Distance: 17.0000
(((30,2),((((4,((14,(25,(12,(16,7)))),3)),((29,(24,(20,10))),5)),((23,22),(13,(18,(6,27))))),((1,(28,(9,21))),(19,(8,11))))),((17,26),15));

STEP 107 [Heur. rSPR MP -> NNI_Substep_57] - Distance: 17.0000
(((30,2),(((((4,((14,(25,(12,(16,7)))),3)),(29,(24,(20,10)))),5),((23,22),(13,(18,(6,27))))),((1,(28,(9,21))),(19,(8,11))))),((17,26),15));

STEP 108 [Heur. rSPR MP -> NNI_Substep_58] - Distance: 14.0000
(((30,2),(((((4,((14,(25,(12,(16,7)))),3)),(29,(24,(20,10)))),((23,22),(13,(18,(6,27))))),5),((1,(28,(9,21))),(19,(8,11))))),((17,26),15));

STEP 109 [Heur. rSPR MP -> NNI_Substep_59] - Distance: 3.0000
(((30,2),((((4,((14,(25,(12,(16,7)))),3)),(29,(24,(20,10)))),(((23,22),(13,(18,(6,27)))),5)),((1,(28,(9,21))),(19,(8,11))))),((17,26),15));

STEP 110 [Heur. rSPR MP -> NNI_Substep_60] - Distance: 1.0000
(((30,2),((((4,((14,(25,(12,(16,7)))),3)),(29,(24,(20,10)))),((23,22),((13,(18,(6,27))),5))),((1,(28,(9,21))),(19,(8,11))))),((17,26),15));

STEP 111 [Heur. rSPR MP -> NNI_Substep_61] - Distance: 0.0000
(((30,2),((((4,((14,(25,(12,(16,7)))),3)),(29,(24,(20,10)))),((23,22),(13,((18,(6,27)),5)))),((1,(28,(9,21))),(19,(8,11))))),((17,26),15));

========================================================
[FINAL] Total Steps: 111 | Final Distance: 0.0000
========================================================
