========================================================
HEURISTIC TRAJECTORY: VND Classic (MP_RF)
========================================================
STEP 0 [START] - Distance: 306.0000
(((((((7,(5,(10,(15,21)))),(16,(24,29))),(6,25)),(((14,(20,(11,19))),(27,2)),(28,(22,(3,8))))),(12,4)),(17,(18,(26,(13,1))))),(9,(30,23)));

STEP 1 [NNI_ClassicHeuristic_MP_RF -> NNI_Substep_1] - Distance: 300.0000
(((((((7,(5,(10,(15,21)))),(16,(24,29))),(6,25)),(12,4)),(((14,(20,(11,19))),(27,2)),(28,(22,(3,8))))),(17,(18,(26,(13,1))))),(9,(30,23)));

STEP 2 [NNI_ClassicHeuristic_MP_RF -> NNI_Substep_2] - Distance: 295.0000
(((((6,(((7,(5,(10,(15,21)))),(16,(24,29))),25)),(12,4)),(((14,(20,(11,19))),(27,2)),(28,(22,(3,8))))),(9,(30,23))),(17,(18,(26,(13,1)))));

STEP 3 [NNI_ClassicHeuristic_MP_RF -> NNI_Substep_3] - Distance: 293.0000
((((((12,4),(((7,(5,(10,(15,21)))),(16,(24,29))),25)),6),(((14,(20,(11,19))),(27,2)),(28,(22,(3,8))))),(9,(30,23))),(17,(18,(26,(13,1)))));

STEP 4 [NNI_ClassicHeuristic_MP_RF -> NNI_Substep_4] - Distance: 291.0000
(((((((7,(5,(10,(15,21)))),(16,(24,29))),((12,4),25)),6),(((14,(20,(11,19))),(27,2)),(28,(22,(3,8))))),(9,(30,23))),(17,(18,(26,(13,1)))));

STEP 5 [NNI_ClassicHeuristic_MP_RF -> NNI_Substep_5] - Distance: 289.0000
(((((((7,(5,(10,(15,21)))),(16,(24,29))),((12,4),25)),6),(28,(((14,(20,(11,19))),(27,2)),(22,(3,8))))),(9,(30,23))),(17,(18,(26,(13,1)))));

STEP 6 [NNI_ClassicHeuristic_MP_RF -> NNI_Substep_6] - Distance: 288.0000
((((((((16,(24,29)),(5,(10,(15,21)))),7),((12,4),25)),6),(28,(((14,(20,(11,19))),(27,2)),(22,(3,8))))),(9,(30,23))),(17,(18,(26,(13,1)))));

STEP 7 [NNI_ClassicHeuristic_MP_RF -> NNI_Substep_7] - Distance: 285.0000
((((((((12,4),25),7),((16,(24,29)),(5,(10,(15,21))))),6),(28,(((14,(20,(11,19))),(27,2)),(22,(3,8))))),(9,(30,23))),(17,(18,(26,(13,1)))));

STEP 8 [NNI_ClassicHeuristic_MP_RF -> NNI_Substep_8] - Distance: 284.0000
((((((((12,25),4),7),((16,(24,29)),(5,(10,(15,21))))),6),(28,(((14,(20,(11,19))),(27,2)),(22,(3,8))))),(9,(30,23))),(17,(18,(26,(13,1)))));

STEP 9 [NNI_ClassicHeuristic_MP_RF -> NNI_Substep_9] - Distance: 283.0000
((((((((12,25),7),4),((16,(24,29)),(5,(10,(15,21))))),6),(28,(((14,(20,(11,19))),(27,2)),(22,(3,8))))),(9,(30,23))),(17,(18,(26,(13,1)))));

STEP 10 [NNI_ClassicHeuristic_MP_RF -> NNI_Substep_10] - Distance: 282.0000
((((((((12,7),25),4),((16,(24,29)),(5,(10,(15,21))))),6),(28,(((14,(20,(11,19))),(27,2)),(22,(3,8))))),(9,(30,23))),(17,(18,(26,(13,1)))));

STEP 11 [NNI_ClassicHeuristic_MP_RF -> NNI_Substep_11] - Distance: 281.0000
((((((((12,7),25),4),((16,(24,29)),(5,(10,(15,21))))),6),(28,(((22,(3,8)),(27,2)),(14,(20,(11,19)))))),(9,(30,23))),(17,(18,(26,(13,1)))));

STEP 12 [NNI_ClassicHeuristic_MP_RF -> NNI_Substep_12] - Distance: 280.0000
((((((((12,7),25),4),((16,(24,29)),(5,(10,(15,21))))),6),(28,(14,(((22,(3,8)),(27,2)),(20,(11,19)))))),(9,(30,23))),(17,(18,(26,(13,1)))));

STEP 13 [NNI_ClassicHeuristic_MP_RF -> NNI_Substep_13] - Distance: 279.0000
(((30,23),(9,((((((12,7),25),4),((16,(24,29)),(5,(10,(15,21))))),6),(28,(14,(((22,(3,8)),(27,2)),(20,(11,19)))))))),(17,(18,(26,(13,1)))));

STEP 14 [NNI_ClassicHeuristic_MP_RF -> NNI_Substep_14] - Distance: 269.0000
(((30,23),((((((12,7),25),4),((16,(24,29)),(5,(10,(15,21))))),6),(9,(28,(14,(((22,(3,8)),(27,2)),(20,(11,19)))))))),(17,(18,(26,(13,1)))));

STEP 15 [NNI_ClassicHeuristic_MP_RF -> NNI_Substep_15] - Distance: 265.0000
(((((((((12,7),25),4),((16,(24,29)),(5,(10,(15,21))))),6),(9,(28,(14,(((22,(3,8)),(27,2)),(20,(11,19))))))),23),30),(17,(18,(26,(13,1)))));

STEP 16 [NNI_ClassicHeuristic_MP_RF -> NNI_Substep_16] - Distance: 262.0000
(((((((((12,7),25),4),((16,(24,29)),(5,(10,(15,21))))),6),((14,(((22,(3,8)),(27,2)),(20,(11,19)))),(28,9))),23),30),(17,(18,(26,(13,1)))));

STEP 17 [NNI_ClassicHeuristic_MP_RF -> NNI_Substep_17] - Distance: 260.0000
(((((((((12,7),25),4),((16,(24,29)),(5,(10,(15,21))))),6),23),((14,(((22,(3,8)),(27,2)),(20,(11,19)))),(28,9))),30),(17,(18,(26,(13,1)))));

STEP 18 [NNI_ClassicHeuristic_MP_RF -> NNI_Substep_18] - Distance: 252.0000
(((((23,6),((((12,7),25),4),((16,(24,29)),(5,(10,(15,21)))))),((14,(((22,(3,8)),(27,2)),(20,(11,19)))),(28,9))),30),(17,(18,(26,(13,1)))));

STEP 19 [2sECR_ClassicHeuristic_MP_RF -> NNI_Substep_1] - Distance: 252.0000
(((((23,6),((((12,7),25),4),((16,(24,29)),(5,(10,(15,21)))))),(14,((28,9),(((22,(3,8)),(27,2)),(20,(11,19)))))),(17,(18,(26,(13,1))))),30);

STEP 20 [2sECR_ClassicHeuristic_MP_RF -> NNI_Substep_2] - Distance: 245.0000
((((((23,6),((((12,7),25),4),((16,(24,29)),(5,(10,(15,21)))))),14),((28,9),(((22,(3,8)),(27,2)),(20,(11,19))))),(17,(18,(26,(13,1))))),30);

STEP 21 [2sECR_ClassicHeuristic_MP_RF -> NNI_Substep_3] - Distance: 245.0000
((((((23,6),((((12,7),25),4),(16,((5,(10,(15,21))),(24,29))))),14),((28,9),(((22,(3,8)),(27,2)),(20,(11,19))))),(17,(18,(26,(13,1))))),30);

STEP 22 [2sECR_ClassicHeuristic_MP_RF -> NNI_Substep_4] - Distance: 241.0000
((((((23,6),(((((12,7),25),4),16),((5,(10,(15,21))),(24,29)))),14),((28,9),(((22,(3,8)),(27,2)),(20,(11,19))))),(17,(18,(26,(13,1))))),30);

STEP 23 [2sECR_ClassicHeuristic_MP_RF -> NNI_Substep_5] - Distance: 239.0000
(((((14,(((((12,7),25),4),16),((5,(10,(15,21))),(24,29)))),(23,6)),((28,9),(((22,(3,8)),(27,2)),(20,(11,19))))),(17,(18,(26,(13,1))))),30);

STEP 24 [2sECR_ClassicHeuristic_MP_RF -> NNI_Substep_6] - Distance: 236.0000
(((((((5,(10,(15,21))),(24,29)),(14,((((12,7),25),4),16))),(23,6)),((28,9),(((22,(3,8)),(27,2)),(20,(11,19))))),(17,(18,(26,(13,1))))),30);

STEP 25 [2sECR_ClassicHeuristic_MP_RF -> NNI_Substep_7] - Distance: 235.0000
(((((((5,(10,(15,21))),(24,29)),(14,((16,((12,7),25)),4))),(23,6)),((28,9),(((22,(3,8)),(27,2)),(20,(11,19))))),(17,(18,(26,(13,1))))),30);

STEP 26 [2sECR_ClassicHeuristic_MP_RF -> NNI_Substep_8] - Distance: 234.0000
(((((((5,(10,(15,21))),(24,29)),(14,((25,(16,(12,7))),4))),(23,6)),((28,9),(((22,(3,8)),(27,2)),(20,(11,19))))),(17,(18,(26,(13,1))))),30);

STEP 27 [2sECR_ClassicHeuristic_MP_RF -> NNI_Substep_9] - Distance: 234.0000
(((((((5,(10,(15,21))),(24,29)),(14,((25,(16,(12,7))),4))),(23,6)),((28,9),(((22,(3,8)),(27,2)),(20,(11,19))))),(18,(17,(26,(13,1))))),30);

STEP 28 [2sECR_ClassicHeuristic_MP_RF -> NNI_Substep_10] - Distance: 232.0000
((((((((5,(10,(15,21))),(24,29)),(14,((25,(16,(12,7))),4))),(23,6)),((28,9),(((22,(3,8)),(27,2)),(20,(11,19))))),18),(17,(26,(13,1)))),30);

STEP 29 [2sECR_ClassicHeuristic_MP_RF -> NNI_Substep_11] - Distance: 228.0000
((((18,((((5,(10,(15,21))),(24,29)),(14,((25,(16,(12,7))),4))),(23,6))),((28,9),(((22,(3,8)),(27,2)),(20,(11,19))))),(17,(26,(13,1)))),30);

STEP 30 [2sECR_ClassicHeuristic_MP_RF -> NNI_Substep_12] - Distance: 219.0000
(((((((5,(10,(15,21))),(24,29)),(14,((25,(16,(12,7))),4))),(18,(23,6))),((28,9),(((22,(3,8)),(27,2)),(20,(11,19))))),(17,(26,(13,1)))),30);

STEP 31 [2sECR_ClassicHeuristic_MP_RF -> NNI_Substep_13] - Distance: 219.0000
(((((((5,(10,(15,21))),(24,29)),(14,((25,(16,(12,7))),4))),(18,(23,6))),((28,9),(((22,(3,8)),(27,2)),(20,(11,19))))),((13,1),(17,26))),30);

STEP 32 [2sECR_ClassicHeuristic_MP_RF -> NNI_Substep_14] - Distance: 213.0000
((((((((5,(10,(15,21))),(24,29)),(14,((25,(16,(12,7))),4))),(18,(23,6))),((28,9),(((22,(3,8)),(27,2)),(20,(11,19))))),(13,1)),(17,26)),30);

STEP 33 [2sECR_ClassicHeuristic_MP_RF -> NNI_Substep_15] - Distance: 201.0000
(((((((5,(10,(15,21))),(24,29)),(14,((25,(16,(12,7))),4))),(18,(23,6))),(((28,9),(((22,(3,8)),(27,2)),(20,(11,19)))),(13,1))),(17,26)),30);

STEP 34 [2sECR_ClassicHeuristic_MP_RF -> NNI_Substep_16] - Distance: 200.0000
(((((((5,(10,(15,21))),(24,29)),(14,((25,(16,(12,7))),4))),(18,(23,6))),(13,(((28,9),(((22,(3,8)),(27,2)),(20,(11,19)))),1))),(17,26)),30);

STEP 35 [2sECR_ClassicHeuristic_MP_RF -> NNI_Substep_17] - Distance: 193.0000
((((((((5,(10,(15,21))),(24,29)),(14,((25,(16,(12,7))),4))),(18,(23,6))),13),(((28,9),(((22,(3,8)),(27,2)),(20,(11,19)))),1)),(17,26)),30);

STEP 36 [2sECR_ClassicHeuristic_MP_RF -> NNI_Substep_18] - Distance: 185.0000
(((((((5,(10,(15,21))),(24,29)),(14,((25,(16,(12,7))),4))),(13,(18,(23,6)))),(((28,9),(((22,(3,8)),(27,2)),(20,(11,19)))),1)),(17,26)),30);

STEP 37 [2sECR_ClassicHeuristic_MP_RF -> NNI_Substep_19] - Distance: 182.0000
(((((((5,(10,(15,21))),(24,29)),(14,((25,(16,(12,7))),4))),(13,(18,(23,6)))),((1,(28,9)),(((22,(3,8)),(27,2)),(20,(11,19))))),(17,26)),30);

STEP 38 [2sECR_ClassicHeuristic_MP_RF -> NNI_Substep_20] - Distance: 179.0000
((30,(((((5,(10,(15,21))),(24,29)),(14,((25,(16,(12,7))),4))),(13,(23,(18,6)))),((1,(28,9)),(((22,(3,8)),(27,2)),(20,(11,19)))))),(17,26));

STEP 39 [2sECR_ClassicHeuristic_MP_RF -> NNI_Substep_21] - Distance: 178.0000
((30,(((((5,(10,(15,21))),(24,29)),(14,((25,(16,(12,7))),4))),(23,(13,(18,6)))),((1,(28,9)),(((22,(3,8)),(27,2)),(20,(11,19)))))),(17,26));

STEP 40 [2sECR_ClassicHeuristic_MP_RF -> NNI_Substep_22] - Distance: 177.0000
((30,((((29,((5,(10,(15,21))),24)),(14,((25,(16,(12,7))),4))),(23,(13,(18,6)))),((1,(28,9)),(((22,(3,8)),(27,2)),(20,(11,19)))))),(17,26));

STEP 41 [2sECR_ClassicHeuristic_MP_RF -> NNI_Substep_23] - Distance: 176.0000
((30,((((29,((5,(10,(15,21))),24)),(14,((25,(12,(16,7))),4))),(23,(13,(18,6)))),((1,(28,9)),(((22,(3,8)),(27,2)),(20,(11,19)))))),(17,26));

STEP 42 [2sECR_ClassicHeuristic_MP_RF -> NNI_Substep_24] - Distance: 175.0000
((30,((((29,((5,(10,(15,21))),24)),(4,(14,(25,(12,(16,7)))))),(23,(13,(18,6)))),((1,(28,9)),(((22,(3,8)),(27,2)),(20,(11,19)))))),(17,26));

STEP 43 [2sECR_ClassicHeuristic_MP_RF -> NNI_Substep_25] - Distance: 175.0000
((30,((((29,((5,(10,(15,21))),24)),(4,(14,(25,(12,(16,7)))))),(23,(13,(18,6)))),((1,(28,9)),(20,(((22,(3,8)),(27,2)),(11,19)))))),(17,26));

STEP 44 [2sECR_ClassicHeuristic_MP_RF -> NNI_Substep_26] - Distance: 174.0000
((30,((((29,((5,(10,(15,21))),24)),(4,(14,(25,(12,(16,7)))))),(23,(13,(18,6)))),((1,(28,9)),(20,(19,(((22,(3,8)),(27,2)),11)))))),(17,26));

STEP 45 [2sECR_ClassicHeuristic_MP_RF -> NNI_Substep_27] - Distance: 174.0000
((30,((((29,((5,(10,(15,21))),24)),(4,(14,(25,(12,(16,7)))))),(23,(13,(18,6)))),(20,((1,(28,9)),(19,(((22,(3,8)),(27,2)),11)))))),(17,26));

STEP 46 [2sECR_ClassicHeuristic_MP_RF -> NNI_Substep_28] - Distance: 168.0000
((30,(((((29,((5,(10,(15,21))),24)),(4,(14,(25,(12,(16,7)))))),(23,(13,(18,6)))),20),((1,(28,9)),(19,(((22,(3,8)),(27,2)),11))))),(17,26));

STEP 47 [2sECR_ClassicHeuristic_MP_RF -> NNI_Substep_29] - Distance: 164.0000
((30,(((20,((29,((5,(10,(15,21))),24)),(4,(14,(25,(12,(16,7))))))),(23,(13,(18,6)))),((1,(28,9)),(19,(((22,(3,8)),(27,2)),11))))),(17,26));

STEP 48 [2sECR_ClassicHeuristic_MP_RF -> NNI_Substep_30] - Distance: 158.0000
((30,((((4,(14,(25,(12,(16,7))))),(20,(29,((5,(10,(15,21))),24)))),(23,(13,(18,6)))),((1,(28,9)),(19,(((22,(3,8)),(27,2)),11))))),(17,26));

STEP 49 [2sECR_ClassicHeuristic_MP_RF -> NNI_Substep_31] - Distance: 157.0000
((30,((((4,(14,(25,(12,(16,7))))),(29,(20,((5,(10,(15,21))),24)))),(23,(13,(18,6)))),((1,(28,9)),(19,(((22,(3,8)),(27,2)),11))))),(17,26));

STEP 50 [2sECR_ClassicHeuristic_MP_RF -> NNI_Substep_32] - Distance: 156.0000
((30,((((4,(14,(25,(12,(16,7))))),(29,(24,(20,(5,(10,(15,21))))))),(23,(13,(18,6)))),((1,(28,9)),(19,(((22,(3,8)),(27,2)),11))))),(17,26));

STEP 51 [SPR_ClassicHeuristic_MP_RF -> NNI_Substep_1] - Distance: 156.0000
((30,((((4,(14,(25,(12,(16,7))))),(29,(24,(20,(5,((10,15),21)))))),(23,(13,(18,6)))),((1,(28,9)),(19,(((22,(3,8)),(27,2)),11))))),(17,26));

STEP 52 [SPR_ClassicHeuristic_MP_RF -> NNI_Substep_2] - Distance: 156.0000
((30,((((4,(14,(25,(12,(16,7))))),(29,(24,(20,((5,(10,15)),21))))),(23,(13,(18,6)))),((1,(28,9)),(19,(((22,(3,8)),(27,2)),11))))),(17,26));

STEP 53 [SPR_ClassicHeuristic_MP_RF -> NNI_Substep_3] - Distance: 156.0000
((30,((((4,(14,(25,(12,(16,7))))),(29,(24,((20,(5,(10,15))),21)))),(23,(13,(18,6)))),((1,(28,9)),(19,(((22,(3,8)),(27,2)),11))))),(17,26));

STEP 54 [SPR_ClassicHeuristic_MP_RF -> NNI_Substep_4] - Distance: 156.0000
((30,((((4,(14,(25,(12,(16,7))))),(29,((24,(20,(5,(10,15)))),21))),(23,(13,(18,6)))),((1,(28,9)),(19,(((22,(3,8)),(27,2)),11))))),(17,26));

STEP 55 [SPR_ClassicHeuristic_MP_RF -> NNI_Substep_5] - Distance: 156.0000
((30,((((4,(14,(25,(12,(16,7))))),((29,(24,(20,(5,(10,15))))),21)),(23,(13,(18,6)))),((1,(28,9)),(19,(((22,(3,8)),(27,2)),11))))),(17,26));

STEP 56 [SPR_ClassicHeuristic_MP_RF -> NNI_Substep_6] - Distance: 156.0000
((30,(((((4,(14,(25,(12,(16,7))))),(29,(24,(20,(5,(10,15)))))),21),(23,(13,(18,6)))),((1,(28,9)),(19,(((22,(3,8)),(27,2)),11))))),(17,26));

STEP 57 [SPR_ClassicHeuristic_MP_RF -> NNI_Substep_7] - Distance: 156.0000
((30,(((((4,(14,(25,(12,(16,7))))),(29,(24,(20,(5,(10,15)))))),(23,(13,(18,6)))),21),((1,(28,9)),(19,(((22,(3,8)),(27,2)),11))))),(17,26));

STEP 58 [SPR_ClassicHeuristic_MP_RF -> NNI_Substep_8] - Distance: 158.0000
((30,(((((4,(14,(25,(12,(16,7))))),(29,(24,(20,(5,(10,15)))))),(23,(13,(18,6)))),((1,(28,9)),(19,(((22,(3,8)),(27,2)),11)))),21)),(17,26));

STEP 59 [SPR_ClassicHeuristic_MP_RF -> NNI_Substep_9] - Distance: 143.0000
((30,((((4,(14,(25,(12,(16,7))))),(29,(24,(20,(5,(10,15)))))),(23,(13,(18,6)))),(((1,(28,9)),(19,(((22,(3,8)),(27,2)),11))),21))),(17,26));

STEP 60 [SPR_ClassicHeuristic_MP_RF -> NNI_Substep_10] - Distance: 140.0000
((30,((((4,(14,(25,(12,(16,7))))),(29,(24,(20,(5,(10,15)))))),(23,(13,(18,6)))),(((1,(28,9)),21),(19,(((22,(3,8)),(27,2)),11))))),(17,26));

STEP 61 [SPR_ClassicHeuristic_MP_RF -> NNI_Substep_11] - Distance: 139.0000
((30,((((4,(14,(25,(12,(16,7))))),(29,(24,(20,(5,(10,15)))))),(23,(13,(18,6)))),((1,((28,9),21)),(19,(((22,(3,8)),(27,2)),11))))),(17,26));

STEP 62 [SPR_ClassicHeuristic_MP_RF -> NNI_Substep_12] - Distance: 138.0000
((30,((((4,(14,(25,(12,(16,7))))),(29,(24,(20,(5,(10,15)))))),(23,(13,(18,6)))),((1,(28,(9,21))),(19,(((22,(3,8)),(27,2)),11))))),(17,26));

STEP 63 [SPR_ClassicHeuristic_MP_RF -> NNI_Substep_13] - Distance: 138.0000
((30,((((4,(14,(25,(12,(16,7))))),(29,(24,(20,((5,10),15))))),(23,(13,(18,6)))),((1,(28,(9,21))),(19,(((22,(3,8)),(27,2)),11))))),(17,26));

STEP 64 [SPR_ClassicHeuristic_MP_RF -> NNI_Substep_14] - Distance: 138.0000
((30,((((4,(14,(25,(12,(16,7))))),(29,(24,((20,(5,10)),15)))),(23,(13,(18,6)))),((1,(28,(9,21))),(19,(((22,(3,8)),(27,2)),11))))),(17,26));

STEP 65 [SPR_ClassicHeuristic_MP_RF -> NNI_Substep_15] - Distance: 138.0000
((30,((((4,(14,(25,(12,(16,7))))),(29,((24,(20,(5,10))),15))),(23,(13,(18,6)))),((1,(28,(9,21))),(19,(((22,(3,8)),(27,2)),11))))),(17,26));

STEP 66 [SPR_ClassicHeuristic_MP_RF -> NNI_Substep_16] - Distance: 138.0000
((30,((((4,(14,(25,(12,(16,7))))),((29,(24,(20,(5,10)))),15)),(23,(13,(18,6)))),((1,(28,(9,21))),(19,(((22,(3,8)),(27,2)),11))))),(17,26));

STEP 67 [SPR_ClassicHeuristic_MP_RF -> NNI_Substep_17] - Distance: 138.0000
((30,(((((4,(14,(25,(12,(16,7))))),(29,(24,(20,(5,10))))),15),(23,(13,(18,6)))),((1,(28,(9,21))),(19,(((22,(3,8)),(27,2)),11))))),(17,26));

STEP 68 [SPR_ClassicHeuristic_MP_RF -> NNI_Substep_18] - Distance: 138.0000
((30,(((((4,(14,(25,(12,(16,7))))),(29,(24,(20,(5,10))))),(23,(13,(18,6)))),15),((1,(28,(9,21))),(19,(((22,(3,8)),(27,2)),11))))),(17,26));

STEP 69 [SPR_ClassicHeuristic_MP_RF -> NNI_Substep_19] - Distance: 138.0000
((30,(((((4,(14,(25,(12,(16,7))))),(29,(24,(20,(5,10))))),(23,(13,(18,6)))),((1,(28,(9,21))),(19,(((22,(3,8)),(27,2)),11)))),15)),(17,26));

STEP 70 [SPR_ClassicHeuristic_MP_RF -> NNI_Substep_20] - Distance: 138.0000
(((30,((((4,(14,(25,(12,(16,7))))),(29,(24,(20,(5,10))))),(23,(13,(18,6)))),((1,(28,(9,21))),(19,(((22,(3,8)),(27,2)),11))))),15),(17,26));

STEP 71 [SPR_ClassicHeuristic_MP_RF -> NNI_Substep_21] - Distance: 109.0000
((30,((((4,(14,(25,(12,(16,7))))),(29,(24,((20,10),5)))),(23,(13,(18,6)))),((1,(28,(9,21))),(19,(((22,(3,8)),(27,2)),11))))),((17,26),15));

STEP 72 [SPR_ClassicHeuristic_MP_RF -> NNI_Substep_22] - Distance: 109.0000
((30,((((4,(14,(25,(12,(16,7))))),(29,((24,(20,10)),5))),(23,(13,(18,6)))),((1,(28,(9,21))),(19,(((22,(3,8)),(27,2)),11))))),((17,26),15));

STEP 73 [SPR_ClassicHeuristic_MP_RF -> NNI_Substep_23] - Distance: 109.0000
((30,((((4,(14,(25,(12,(16,7))))),((29,(24,(20,10))),5)),(23,(13,(18,6)))),((1,(28,(9,21))),(19,(((22,(3,8)),(27,2)),11))))),((17,26),15));

STEP 74 [SPR_ClassicHeuristic_MP_RF -> NNI_Substep_24] - Distance: 109.0000
((30,(((((4,(14,(25,(12,(16,7))))),(29,(24,(20,10)))),5),(23,(13,(18,6)))),((1,(28,(9,21))),(19,(((22,(3,8)),(27,2)),11))))),((17,26),15));

STEP 75 [SPR_ClassicHeuristic_MP_RF -> NNI_Substep_25] - Distance: 107.0000
((30,(((((4,(14,(25,(12,(16,7))))),(29,(24,(20,10)))),(23,(13,(18,6)))),5),((1,(28,(9,21))),(19,(((22,(3,8)),(27,2)),11))))),((17,26),15));

STEP 76 [SPR_ClassicHeuristic_MP_RF -> NNI_Substep_26] - Distance: 97.0000
((30,((((4,(14,(25,(12,(16,7))))),(29,(24,(20,10)))),((23,(13,(18,6))),5)),((1,(28,(9,21))),(19,(((22,(3,8)),(27,2)),11))))),((17,26),15));

STEP 77 [SPR_ClassicHeuristic_MP_RF -> NNI_Substep_27] - Distance: 96.0000
((30,((((4,(14,(25,(12,(16,7))))),(29,(24,(20,10)))),(23,((13,(18,6)),5))),((1,(28,(9,21))),(19,(((22,(3,8)),(27,2)),11))))),((17,26),15));

STEP 78 [SPR_ClassicHeuristic_MP_RF -> NNI_Substep_28] - Distance: 95.0000
((30,((((4,(14,(25,(12,(16,7))))),(29,(24,(20,10)))),(23,(13,((18,6),5)))),((1,(28,(9,21))),(19,(((22,(3,8)),(27,2)),11))))),((17,26),15));

STEP 79 [SPR_ClassicHeuristic_MP_RF -> NNI_Substep_29] - Distance: 95.0000
((30,((((4,(14,(25,(12,(16,7))))),(29,(24,(20,10)))),(23,(13,((18,6),5)))),((1,(28,(9,21))),(19,((((22,(3,8)),2),27),11))))),((17,26),15));

STEP 80 [SPR_ClassicHeuristic_MP_RF -> NNI_Substep_30] - Distance: 95.0000
((30,((((4,(14,(25,(12,(16,7))))),(29,(24,(20,10)))),(23,(13,((18,6),5)))),((1,(28,(9,21))),(19,((((22,(3,8)),2),11),27))))),((17,26),15));

STEP 81 [SPR_ClassicHeuristic_MP_RF -> NNI_Substep_31] - Distance: 95.0000
((30,((((4,(14,(25,(12,(16,7))))),(29,(24,(20,10)))),(23,(13,((18,6),5)))),((1,(28,(9,21))),((19,(((22,(3,8)),2),11)),27)))),((17,26),15));

STEP 82 [SPR_ClassicHeuristic_MP_RF -> NNI_Substep_32] - Distance: 95.0000
((30,((((4,(14,(25,(12,(16,7))))),(29,(24,(20,10)))),(23,(13,((18,6),5)))),(((1,(28,(9,21))),(19,(((22,(3,8)),2),11))),27))),((17,26),15));

STEP 83 [SPR_ClassicHeuristic_MP_RF -> NNI_Substep_33] - Distance: 94.0000
((30,(((((4,(14,(25,(12,(16,7))))),(29,(24,(20,10)))),(23,(13,((18,6),5)))),((1,(28,(9,21))),(19,(((22,(3,8)),2),11)))),27)),((17,26),15));

STEP 84 [SPR_ClassicHeuristic_MP_RF -> NNI_Substep_34] - Distance: 87.0000
((30,(((((4,(14,(25,(12,(16,7))))),(29,(24,(20,10)))),(23,(13,((18,6),5)))),27),((1,(28,(9,21))),(19,(((22,(3,8)),2),11))))),((17,26),15));

STEP 85 [SPR_ClassicHeuristic_MP_RF -> NNI_Substep_35] - Distance: 77.0000
((30,((((4,(14,(25,(12,(16,7))))),(29,(24,(20,10)))),((23,(13,((18,6),5))),27)),((1,(28,(9,21))),(19,(((22,(3,8)),2),11))))),((17,26),15));

STEP 86 [SPR_ClassicHeuristic_MP_RF -> NNI_Substep_36] - Distance: 76.0000
((30,((((4,(14,(25,(12,(16,7))))),(29,(24,(20,10)))),(23,((13,((18,6),5)),27))),((1,(28,(9,21))),(19,(((22,(3,8)),2),11))))),((17,26),15));

STEP 87 [SPR_ClassicHeuristic_MP_RF -> NNI_Substep_37] - Distance: 75.0000
((30,((((4,(14,(25,(12,(16,7))))),(29,(24,(20,10)))),(23,(13,(((18,6),5),27)))),((1,(28,(9,21))),(19,(((22,(3,8)),2),11))))),((17,26),15));

STEP 88 [SPR_ClassicHeuristic_MP_RF -> NNI_Substep_38] - Distance: 74.0000
((30,((((4,(14,(25,(12,(16,7))))),(29,(24,(20,10)))),(23,(13,(((18,6),27),5)))),((1,(28,(9,21))),(19,(((22,(3,8)),2),11))))),((17,26),15));

STEP 89 [SPR_ClassicHeuristic_MP_RF -> NNI_Substep_39] - Distance: 73.0000
((30,((((4,(14,(25,(12,(16,7))))),(29,(24,(20,10)))),(23,(13,((18,(6,27)),5)))),((1,(28,(9,21))),(19,(((22,(3,8)),2),11))))),((17,26),15));

STEP 90 [SPR_ClassicHeuristic_MP_RF -> NNI_Substep_40] - Distance: 73.0000
((30,((((4,(14,(25,(12,(16,7))))),(29,(24,(20,10)))),(23,(13,((18,(6,27)),5)))),((1,(28,(9,21))),(19,((((22,8),3),2),11))))),((17,26),15));

STEP 91 [SPR_ClassicHeuristic_MP_RF -> NNI_Substep_41] - Distance: 73.0000
((30,((((4,(14,(25,(12,(16,7))))),(29,(24,(20,10)))),(23,(13,((18,(6,27)),5)))),((1,(28,(9,21))),(19,((((22,8),2),3),11))))),((17,26),15));

STEP 92 [SPR_ClassicHeuristic_MP_RF -> NNI_Substep_42] - Distance: 73.0000
((30,((((4,(14,(25,(12,(16,7))))),(29,(24,(20,10)))),(23,(13,((18,(6,27)),5)))),((1,(28,(9,21))),(19,((((22,8),2),11),3))))),((17,26),15));

STEP 93 [SPR_ClassicHeuristic_MP_RF -> NNI_Substep_43] - Distance: 73.0000
((30,((((4,(14,(25,(12,(16,7))))),(29,(24,(20,10)))),(23,(13,((18,(6,27)),5)))),((1,(28,(9,21))),((19,(((22,8),2),11)),3)))),((17,26),15));

STEP 94 [SPR_ClassicHeuristic_MP_RF -> NNI_Substep_44] - Distance: 73.0000
((30,((((4,(14,(25,(12,(16,7))))),(29,(24,(20,10)))),(23,(13,((18,(6,27)),5)))),(((1,(28,(9,21))),(19,(((22,8),2),11))),3))),((17,26),15));

STEP 95 [SPR_ClassicHeuristic_MP_RF -> NNI_Substep_45] - Distance: 68.0000
((30,(((((4,(14,(25,(12,(16,7))))),(29,(24,(20,10)))),(23,(13,((18,(6,27)),5)))),((1,(28,(9,21))),(19,(((22,8),2),11)))),3)),((17,26),15));

STEP 96 [SPR_ClassicHeuristic_MP_RF -> NNI_Substep_46] - Distance: 61.0000
((30,(((((4,(14,(25,(12,(16,7))))),(29,(24,(20,10)))),(23,(13,((18,(6,27)),5)))),3),((1,(28,(9,21))),(19,(((22,8),2),11))))),((17,26),15));

STEP 97 [SPR_ClassicHeuristic_MP_RF -> NNI_Substep_47] - Distance: 55.0000
((30,(((((4,(14,(25,(12,(16,7))))),(29,(24,(20,10)))),3),(23,(13,((18,(6,27)),5)))),((1,(28,(9,21))),(19,(((22,8),2),11))))),((17,26),15));

STEP 98 [SPR_ClassicHeuristic_MP_RF -> NNI_Substep_48] - Distance: 51.0000
((30,(((((4,(14,(25,(12,(16,7))))),3),(29,(24,(20,10)))),(23,(13,((18,(6,27)),5)))),((1,(28,(9,21))),(19,(((22,8),2),11))))),((17,26),15));

STEP 99 [SPR_ClassicHeuristic_MP_RF -> NNI_Substep_49] - Distance: 50.0000
((30,((((4,((14,(25,(12,(16,7)))),3)),(29,(24,(20,10)))),(23,(13,((18,(6,27)),5)))),((1,(28,(9,21))),(19,(((22,8),2),11))))),((17,26),15));

STEP 100 [SPR_ClassicHeuristic_MP_RF -> NNI_Substep_50] - Distance: 50.0000
((30,((((4,((14,(25,(12,(16,7)))),3)),(29,(24,(20,10)))),(23,(13,((18,(6,27)),5)))),((1,(28,(9,21))),(19,(((8,2),22),11))))),((17,26),15));

STEP 101 [SPR_ClassicHeuristic_MP_RF -> NNI_Substep_51] - Distance: 50.0000
((30,((((4,((14,(25,(12,(16,7)))),3)),(29,(24,(20,10)))),(23,(13,((18,(6,27)),5)))),((1,(28,(9,21))),(19,(((8,2),11),22))))),((17,26),15));

STEP 102 [SPR_ClassicHeuristic_MP_RF -> NNI_Substep_52] - Distance: 50.0000
((30,((((4,((14,(25,(12,(16,7)))),3)),(29,(24,(20,10)))),(23,(13,((18,(6,27)),5)))),((1,(28,(9,21))),((19,((8,2),11)),22)))),((17,26),15));

STEP 103 [SPR_ClassicHeuristic_MP_RF -> NNI_Substep_53] - Distance: 50.0000
((30,((((4,((14,(25,(12,(16,7)))),3)),(29,(24,(20,10)))),(23,(13,((18,(6,27)),5)))),(((1,(28,(9,21))),(19,((8,2),11))),22))),((17,26),15));

STEP 104 [SPR_ClassicHeuristic_MP_RF -> NNI_Substep_54] - Distance: 49.0000
((30,(((((4,((14,(25,(12,(16,7)))),3)),(29,(24,(20,10)))),(23,(13,((18,(6,27)),5)))),((1,(28,(9,21))),(19,((8,2),11)))),22)),((17,26),15));

STEP 105 [SPR_ClassicHeuristic_MP_RF -> NNI_Substep_55] - Distance: 42.0000
((30,(((((4,((14,(25,(12,(16,7)))),3)),(29,(24,(20,10)))),(23,(13,((18,(6,27)),5)))),22),((1,(28,(9,21))),(19,((8,2),11))))),((17,26),15));

STEP 106 [SPR_ClassicHeuristic_MP_RF -> NNI_Substep_56] - Distance: 31.0000
((30,((((4,((14,(25,(12,(16,7)))),3)),(29,(24,(20,10)))),((23,(13,((18,(6,27)),5))),22)),((1,(28,(9,21))),(19,((8,2),11))))),((17,26),15));

STEP 107 [SPR_ClassicHeuristic_MP_RF -> NNI_Substep_57] - Distance: 26.0000
((30,((((4,((14,(25,(12,(16,7)))),3)),(29,(24,(20,10)))),((23,22),(13,((18,(6,27)),5)))),((1,(28,(9,21))),(19,((8,2),11))))),((17,26),15));

STEP 108 [SPR_ClassicHeuristic_MP_RF -> NNI_Substep_58] - Distance: 26.0000
((30,((((4,((14,(25,(12,(16,7)))),3)),(29,(24,(20,10)))),((23,22),(13,((18,(6,27)),5)))),((1,(28,(9,21))),(19,((8,11),2))))),((17,26),15));

STEP 109 [SPR_ClassicHeuristic_MP_RF -> NNI_Substep_59] - Distance: 26.0000
((30,((((4,((14,(25,(12,(16,7)))),3)),(29,(24,(20,10)))),((23,22),(13,((18,(6,27)),5)))),((1,(28,(9,21))),((19,(8,11)),2)))),((17,26),15));

STEP 110 [SPR_ClassicHeuristic_MP_RF -> NNI_Substep_60] - Distance: 26.0000
((30,((((4,((14,(25,(12,(16,7)))),3)),(29,(24,(20,10)))),((23,22),(13,((18,(6,27)),5)))),(((1,(28,(9,21))),(19,(8,11))),2))),((17,26),15));

STEP 111 [SPR_ClassicHeuristic_MP_RF -> NNI_Substep_61] - Distance: 25.0000
((30,(((((4,((14,(25,(12,(16,7)))),3)),(29,(24,(20,10)))),((23,22),(13,((18,(6,27)),5)))),((1,(28,(9,21))),(19,(8,11)))),2)),((17,26),15));

STEP 112 [SPR_ClassicHeuristic_MP_RF -> NNI_Substep_62] - Distance: 25.0000
(((30,((((4,((14,(25,(12,(16,7)))),3)),(29,(24,(20,10)))),((23,22),(13,((18,(6,27)),5)))),((1,(28,(9,21))),(19,(8,11))))),2),((17,26),15));

STEP 113 [SPR_ClassicHeuristic_MP_RF -> NNI_Substep_63] - Distance: 0.0000
(((30,2),((((4,((14,(25,(12,(16,7)))),3)),(29,(24,(20,10)))),((23,22),(13,((18,(6,27)),5)))),((1,(28,(9,21))),(19,(8,11))))),((17,26),15));

========================================================
[FINAL] Total Steps: 113 | Final Distance: 0.0000
========================================================
