========================================================
HEURISTIC TRAJECTORY: VND Classic (MC_RF)
========================================================
STEP 0 [START] - Distance: 143.0000
(1,((((((23,(13,(6,(22,7)))),(21,14)),(26,25)),((24,29),(2,(15,(19,(28,11)))))),((20,(3,(27,(5,4)))),(30,16))),((12,(9,18)),(17,(10,8)))));

STEP 1 [NNI_ClassicHeuristic_MC_RF -> NNI_Substep_1] - Distance: 134.0000
(1,((((((23,(13,(6,(22,7)))),(21,14)),(26,25)),((24,29),(2,(15,(19,(28,11)))))),((12,(9,18)),(17,(10,8)))),((20,(3,(27,(5,4)))),(30,16))));

STEP 2 [NNI_ClassicHeuristic_MC_RF -> NNI_Substep_2] - Distance: 129.0000
(1,(((((12,(9,18)),(17,(10,8))),((24,29),(2,(15,(19,(28,11)))))),(((23,(13,(6,(22,7)))),(21,14)),(26,25))),((20,(3,(27,(5,4)))),(30,16))));

STEP 3 [NNI_ClassicHeuristic_MC_RF -> NNI_Substep_3] - Distance: 126.0000
(1,(((26,25),(((23,(13,(6,(22,7)))),(21,14)),(((12,(9,18)),(17,(10,8))),((24,29),(2,(15,(19,(28,11)))))))),((20,(3,(27,(5,4)))),(30,16))));

STEP 4 [NNI_ClassicHeuristic_MC_RF -> NNI_Substep_4] - Distance: 124.0000
(1,(((26,25),((((6,(22,7)),(13,23)),(21,14)),(((12,(9,18)),(17,(10,8))),((24,29),(2,(15,(19,(28,11)))))))),((20,(3,(27,(5,4)))),(30,16))));

STEP 5 [NNI_ClassicHeuristic_MC_RF -> NNI_Substep_5] - Distance: 122.0000
(1,(((26,25),((((6,(22,7)),(13,23)),(21,14)),(((12,(9,18)),(10,(17,8))),((24,29),(2,(15,(19,(28,11)))))))),((20,(3,(27,(5,4)))),(30,16))));

STEP 6 [NNI_ClassicHeuristic_MC_RF -> NNI_Substep_6] - Distance: 120.0000
(1,(((26,25),((((6,(22,7)),(13,23)),(21,14)),(((12,(9,18)),(10,(17,8))),((24,29),((19,(28,11)),(15,2)))))),((20,(3,(27,(5,4)))),(30,16))));

STEP 7 [NNI_ClassicHeuristic_MC_RF -> NNI_Substep_7] - Distance: 118.0000
(1,(((26,25),((((6,(22,7)),(13,23)),(21,14)),((24,29),(((12,(9,18)),(10,(17,8))),((19,(28,11)),(15,2)))))),((20,(3,(27,(5,4)))),(30,16))));

STEP 8 [NNI_ClassicHeuristic_MC_RF -> NNI_Substep_8] - Distance: 115.0000
(1,(((26,25),((24,29),((((6,(22,7)),(13,23)),(21,14)),(((12,(9,18)),(10,(17,8))),((19,(28,11)),(15,2)))))),((20,(3,(27,(5,4)))),(30,16))));

STEP 9 [NNI_ClassicHeuristic_MC_RF -> NNI_Substep_9] - Distance: 114.0000
(1,(((26,25),((24,29),((((21,14),(13,23)),(6,(22,7))),(((12,(9,18)),(10,(17,8))),((19,(28,11)),(15,2)))))),((20,(3,(27,(5,4)))),(30,16))));

STEP 10 [NNI_ClassicHeuristic_MC_RF -> NNI_Substep_10] - Distance: 113.0000
(1,(((26,25),((24,29),(((23,(13,(21,14))),(6,(22,7))),(((12,(9,18)),(10,(17,8))),((19,(28,11)),(15,2)))))),((20,(3,(27,(5,4)))),(30,16))));

STEP 11 [NNI_ClassicHeuristic_MC_RF -> NNI_Substep_11] - Distance: 112.0000
(1,(((26,25),((24,29),(((23,(13,(21,14))),(6,(22,7))),(((12,(9,18)),(10,(17,8))),((19,(28,11)),(15,2)))))),((20,((5,4),(27,3))),(30,16))));

STEP 12 [NNI_ClassicHeuristic_MC_RF -> NNI_Substep_12] - Distance: 110.0000
(1,(((((23,(13,(21,14))),(6,(22,7))),(((12,(9,18)),(10,(17,8))),((19,(28,11)),(15,2)))),((24,29),(26,25))),((20,((5,4),(27,3))),(30,16))));

STEP 13 [NNI_ClassicHeuristic_MC_RF -> NNI_Substep_13] - Distance: 108.0000
(1,(((((23,(13,(21,14))),(6,(22,7))),((((10,(17,8)),(9,18)),12),((19,(28,11)),(15,2)))),((24,29),(26,25))),((20,((5,4),(27,3))),(30,16))));

STEP 14 [NNI_ClassicHeuristic_MC_RF -> NNI_Substep_14] - Distance: 107.0000
(1,(((((23,(13,(21,14))),(6,(22,7))),(((((9,18),(17,8)),10),12),((19,(28,11)),(15,2)))),((24,29),(26,25))),((20,((5,4),(27,3))),(30,16))));

STEP 15 [NNI_ClassicHeuristic_MC_RF -> NNI_Substep_15] - Distance: 106.0000
(1,(((((23,(13,(21,14))),(6,(22,7))),(((((9,18),(17,8)),10),12),((19,(28,11)),(15,2)))),((24,29),(26,25))),(((5,4),(20,(27,3))),(30,16))));

STEP 16 [TBR_ClassicHeuristic_MC_RF -> NNI_Substep_1] - Distance: 107.0000
(1,(((((23,(13,(21,14))),(6,(22,7))),(((((9,(17,8)),18),10),12),((19,(28,11)),(15,2)))),((24,29),(26,25))),(((5,4),(20,(27,3))),(30,16))));

STEP 17 [TBR_ClassicHeuristic_MC_RF -> NNI_Substep_2] - Distance: 107.0000
(1,(((((23,(13,(21,14))),(6,(22,7))),(((((9,(17,8)),10),18),12),((19,(28,11)),(15,2)))),((24,29),(26,25))),(((5,4),(20,(27,3))),(30,16))));

STEP 18 [TBR_ClassicHeuristic_MC_RF -> NNI_Substep_3] - Distance: 107.0000
(1,(((((23,(13,(21,14))),(6,(22,7))),(((((9,(17,8)),10),12),18),((19,(28,11)),(15,2)))),((24,29),(26,25))),(((5,4),(20,(27,3))),(30,16))));

STEP 19 [TBR_ClassicHeuristic_MC_RF -> NNI_Substep_4] - Distance: 109.0000
(1,(((((23,(13,(21,14))),(6,(22,7))),(((((9,(17,8)),10),12),((19,(28,11)),(15,2))),18)),((24,29),(26,25))),(((5,4),(20,(27,3))),(30,16))));

STEP 20 [TBR_ClassicHeuristic_MC_RF -> NNI_Substep_5] - Distance: 107.0000
(1,((((((23,(13,(21,14))),(6,(22,7))),((((9,(17,8)),10),12),((19,(28,11)),(15,2)))),18),((24,29),(26,25))),(((5,4),(20,(27,3))),(30,16))));

STEP 21 [TBR_ClassicHeuristic_MC_RF -> NNI_Substep_6] - Distance: 110.0000
(1,((((((23,(13,(21,14))),(6,(22,7))),((((9,(17,8)),10),12),((19,(28,11)),(15,2)))),((24,29),(26,25))),18),(((5,4),(20,(27,3))),(30,16))));

STEP 22 [TBR_ClassicHeuristic_MC_RF -> NNI_Substep_7] - Distance: 114.0000
(1,((((((23,(13,(21,14))),(6,(22,7))),((((9,(17,8)),10),12),((19,(28,11)),(15,2)))),((24,29),(26,25))),(((5,4),(20,(27,3))),(30,16))),18));

STEP 23 [TBR_ClassicHeuristic_MC_RF -> NNI_Substep_8] - Distance: 104.0000
(1,(((((23,(13,(21,14))),(6,(22,7))),((((9,(17,8)),10),12),((19,(28,11)),(15,2)))),((24,29),(26,25))),((((5,4),(20,(27,3))),(30,16)),18)));

STEP 24 [TBR_ClassicHeuristic_MC_RF -> NNI_Substep_9] - Distance: 101.0000
(1,(((((23,(13,(21,14))),(6,(22,7))),((((9,(17,8)),10),12),((19,(28,11)),(15,2)))),((24,29),(26,25))),((((5,4),(20,(27,3))),18),(30,16))));

STEP 25 [TBR_ClassicHeuristic_MC_RF -> NNI_Substep_10] - Distance: 98.0000
(1,(((((23,(13,(21,14))),(6,(22,7))),((((9,(17,8)),10),12),((19,(28,11)),(15,2)))),((24,29),(26,25))),(((5,4),((20,(27,3)),18)),(30,16))));

STEP 26 [TBR_ClassicHeuristic_MC_RF -> NNI_Substep_11] - Distance: 96.0000
(1,(((((23,(13,(21,14))),(6,(22,7))),((((9,(17,8)),10),12),((19,(28,11)),(15,2)))),((24,29),(26,25))),(((5,4),(20,((27,3),18))),(30,16))));

STEP 27 [TBR_ClassicHeuristic_MC_RF -> NNI_Substep_12] - Distance: 94.0000
(1,(((((23,(13,(21,14))),(6,(22,7))),((((9,(17,8)),10),12),((19,(28,11)),(15,2)))),((24,29),(26,25))),(((5,4),(20,((27,18),3))),(30,16))));

STEP 28 [TBR_ClassicHeuristic_MC_RF -> NNI_Substep_13] - Distance: 95.0000
(1,(((((23,(13,(21,14))),(6,(22,7))),((((9,(17,8)),10),12),((19,(28,11)),(15,2)))),(((24,29),25),26)),(((5,4),(20,((27,18),3))),(30,16))));

STEP 29 [TBR_ClassicHeuristic_MC_RF -> NNI_Substep_14] - Distance: 101.0000
(1,((((((23,(13,(21,14))),(6,(22,7))),((((9,(17,8)),10),12),((19,(28,11)),(15,2)))),((24,29),25)),26),(((5,4),(20,((27,18),3))),(30,16))));

STEP 30 [TBR_ClassicHeuristic_MC_RF -> NNI_Substep_15] - Distance: 106.0000
(1,((((((23,(13,(21,14))),(6,(22,7))),((((9,(17,8)),10),12),((19,(28,11)),(15,2)))),((24,29),25)),(((5,4),(20,((27,18),3))),(30,16))),26));

STEP 31 [TBR_ClassicHeuristic_MC_RF -> NNI_Substep_16] - Distance: 97.0000
(1,(((((23,(13,(21,14))),(6,(22,7))),((((9,(17,8)),10),12),((19,(28,11)),(15,2)))),((24,29),25)),((((5,4),(20,((27,18),3))),(30,16)),26)));

STEP 32 [TBR_ClassicHeuristic_MC_RF -> NNI_Substep_17] - Distance: 94.0000
(1,(((((23,(13,(21,14))),(6,(22,7))),((((9,(17,8)),10),12),((19,(28,11)),(15,2)))),((24,29),25)),((((5,4),(20,((27,18),3))),26),(30,16))));

STEP 33 [TBR_ClassicHeuristic_MC_RF -> NNI_Substep_18] - Distance: 91.0000
(1,(((((23,(13,(21,14))),(6,(22,7))),((((9,(17,8)),10),12),((19,(28,11)),(15,2)))),((24,29),25)),(((5,4),((20,((27,18),3)),26)),(30,16))));

STEP 34 [TBR_ClassicHeuristic_MC_RF -> NNI_Substep_19] - Distance: 89.0000
(1,(((((23,(13,(21,14))),(6,(22,7))),((((9,(17,8)),10),12),((19,(28,11)),(15,2)))),((24,29),25)),(((5,4),(20,(((27,18),3),26))),(30,16))));

STEP 35 [TBR_ClassicHeuristic_MC_RF -> NNI_Substep_20] - Distance: 87.0000
(1,(((((23,(13,(21,14))),(6,(22,7))),((((9,(17,8)),10),12),((19,(28,11)),(15,2)))),((24,29),25)),(((5,4),(20,(((27,18),26),3))),(30,16))));

STEP 36 [TBR_ClassicHeuristic_MC_RF -> NNI_Substep_21] - Distance: 85.0000
(1,(((((23,(13,(21,14))),(6,(22,7))),((((9,(17,8)),10),12),((19,(28,11)),(15,2)))),((24,29),25)),(((5,4),(20,(((27,26),18),3))),(30,16))));

STEP 37 [TBR_ClassicHeuristic_MC_RF -> NNI_Substep_22] - Distance: 85.0000
(1,(((((23,(13,(21,14))),(6,(22,7))),((((9,(17,8)),10),12),(((19,11),28),(15,2)))),((24,29),25)),(((5,4),(20,(((27,26),18),3))),(30,16))));

STEP 38 [TBR_ClassicHeuristic_MC_RF -> NNI_Substep_23] - Distance: 86.0000
(1,(((((23,(13,(21,14))),(6,(22,7))),((((9,(17,8)),10),12),(((19,11),(15,2)),28))),((24,29),25)),(((5,4),(20,(((27,26),18),3))),(30,16))));

STEP 39 [TBR_ClassicHeuristic_MC_RF -> NNI_Substep_24] - Distance: 88.0000
(1,(((((23,(13,(21,14))),(6,(22,7))),(((((9,(17,8)),10),12),((19,11),(15,2))),28)),((24,29),25)),(((5,4),(20,(((27,26),18),3))),(30,16))));

STEP 40 [TBR_ClassicHeuristic_MC_RF -> NNI_Substep_25] - Distance: 85.0000
(1,(((((23,(13,(21,14))),(6,(22,7))),(((((9,(17,8)),10),12),28),((19,11),(15,2)))),((24,29),25)),(((5,4),(20,(((27,26),18),3))),(30,16))));

STEP 41 [TBR_ClassicHeuristic_MC_RF -> NNI_Substep_26] - Distance: 83.0000
(1,(((((23,(13,(21,14))),(6,(22,7))),(((((9,(17,8)),10),28),12),((19,11),(15,2)))),((24,29),25)),(((5,4),(20,(((27,26),18),3))),(30,16))));

STEP 42 [TBR_ClassicHeuristic_MC_RF -> NNI_Substep_27] - Distance: 79.0000
(1,(((((23,(13,(21,14))),(6,(22,7))),((((9,(17,8)),(10,28)),12),((19,11),(15,2)))),((24,29),25)),(((5,4),(20,(((27,26),18),3))),(30,16))));

STEP 43 [TBR_ClassicHeuristic_MC_RF -> NNI_Substep_28] - Distance: 79.0000
(1,(((((23,((13,21),14)),(6,(22,7))),((((9,(17,8)),(10,28)),12),((19,11),(15,2)))),((24,29),25)),(((5,4),(20,(((27,26),18),3))),(30,16))));

STEP 44 [TBR_ClassicHeuristic_MC_RF -> NNI_Substep_29] - Distance: 79.0000
(1,((((((23,(13,21)),14),(6,(22,7))),((((9,(17,8)),(10,28)),12),((19,11),(15,2)))),((24,29),25)),(((5,4),(20,(((27,26),18),3))),(30,16))));

STEP 45 [TBR_ClassicHeuristic_MC_RF -> NNI_Substep_30] - Distance: 81.0000
(1,((((((23,(13,21)),(6,(22,7))),14),((((9,(17,8)),(10,28)),12),((19,11),(15,2)))),((24,29),25)),(((5,4),(20,(((27,26),18),3))),(30,16))));

STEP 46 [TBR_ClassicHeuristic_MC_RF -> NNI_Substep_31] - Distance: 82.0000
(1,((((((23,(13,21)),(6,(22,7))),((((9,(17,8)),(10,28)),12),((19,11),(15,2)))),14),((24,29),25)),(((5,4),(20,(((27,26),18),3))),(30,16))));

STEP 47 [TBR_ClassicHeuristic_MC_RF -> NNI_Substep_32] - Distance: 84.0000
(1,((((((23,(13,21)),(6,(22,7))),((((9,(17,8)),(10,28)),12),((19,11),(15,2)))),((24,29),25)),14),(((5,4),(20,(((27,26),18),3))),(30,16))));

STEP 48 [TBR_ClassicHeuristic_MC_RF -> NNI_Substep_33] - Distance: 90.0000
(1,((((((23,(13,21)),(6,(22,7))),((((9,(17,8)),(10,28)),12),((19,11),(15,2)))),((24,29),25)),(((5,4),(20,(((27,26),18),3))),(30,16))),14));

STEP 49 [TBR_ClassicHeuristic_MC_RF -> NNI_Substep_34] - Distance: 80.0000
(1,(((((23,(13,21)),(6,(22,7))),((((9,(17,8)),(10,28)),12),((19,11),(15,2)))),((24,29),25)),((((5,4),(20,(((27,26),18),3))),(30,16)),14)));

STEP 50 [TBR_ClassicHeuristic_MC_RF -> NNI_Substep_35] - Distance: 72.0000
(1,(((((23,(13,21)),(6,(22,7))),((((9,(17,8)),(10,28)),12),((19,11),(15,2)))),((24,29),25)),(((5,4),(20,(((27,26),18),3))),((30,16),14))));

STEP 51 [TBR_ClassicHeuristic_MC_RF -> NNI_Substep_36] - Distance: 70.0000
(1,(((((23,(13,21)),(6,(22,7))),((((9,(17,8)),(10,28)),12),((19,11),(15,2)))),((24,29),25)),(((5,4),(20,(((27,26),18),3))),(30,(16,14)))));

STEP 52 [TBR_ClassicHeuristic_MC_RF -> NNI_Substep_37] - Distance: 70.0000
(1,(((((23,(13,21)),(6,(22,7))),((((9,(17,8)),(10,28)),12),((19,11),(15,2)))),((24,25),29)),(((5,4),(20,(((27,26),18),3))),(30,(16,14)))));

STEP 53 [TBR_ClassicHeuristic_MC_RF -> NNI_Substep_38] - Distance: 77.0000
(1,((((((23,(13,21)),(6,(22,7))),((((9,(17,8)),(10,28)),12),((19,11),(15,2)))),(24,25)),29),(((5,4),(20,(((27,26),18),3))),(30,(16,14)))));

STEP 54 [TBR_ClassicHeuristic_MC_RF -> NNI_Substep_39] - Distance: 84.0000
(1,((((((23,(13,21)),(6,(22,7))),((((9,(17,8)),(10,28)),12),((19,11),(15,2)))),(24,25)),(((5,4),(20,(((27,26),18),3))),(30,(16,14)))),29));

STEP 55 [TBR_ClassicHeuristic_MC_RF -> NNI_Substep_40] - Distance: 73.0000
(1,(((((23,(13,21)),(6,(22,7))),((((9,(17,8)),(10,28)),12),((19,11),(15,2)))),(24,25)),((((5,4),(20,(((27,26),18),3))),(30,(16,14))),29)));

STEP 56 [TBR_ClassicHeuristic_MC_RF -> NNI_Substep_41] - Distance: 65.0000
(1,(((((23,(13,21)),(6,(22,7))),((((9,(17,8)),(10,28)),12),((19,11),(15,2)))),(24,25)),(((5,4),(20,(((27,26),18),3))),((30,(16,14)),29))));

STEP 57 [TBR_ClassicHeuristic_MC_RF -> NNI_Substep_42] - Distance: 63.0000
(1,(((((23,(13,21)),(6,(22,7))),((((9,(17,8)),(10,28)),12),((19,11),(15,2)))),(24,25)),(((5,4),(20,(((27,26),18),3))),(30,((16,14),29)))));

STEP 58 [TBR_ClassicHeuristic_MC_RF -> NNI_Substep_43] - Distance: 64.0000
(1,(((((23,(13,21)),(6,(22,7))),((((9,(17,8)),(10,28)),12),(((19,11),2),15))),(24,25)),(((5,4),(20,(((27,26),18),3))),(30,((16,14),29)))));

STEP 59 [TBR_ClassicHeuristic_MC_RF -> NNI_Substep_44] - Distance: 69.0000
(1,(((((23,(13,21)),(6,(22,7))),(((((9,(17,8)),(10,28)),12),((19,11),2)),15)),(24,25)),(((5,4),(20,(((27,26),18),3))),(30,((16,14),29)))));

STEP 60 [TBR_ClassicHeuristic_MC_RF -> NNI_Substep_45] - Distance: 68.0000
(1,((((((23,(13,21)),(6,(22,7))),((((9,(17,8)),(10,28)),12),((19,11),2))),15),(24,25)),(((5,4),(20,(((27,26),18),3))),(30,((16,14),29)))));

STEP 61 [TBR_ClassicHeuristic_MC_RF -> NNI_Substep_46] - Distance: 64.0000
(1,((((((23,(13,21)),(6,(22,7))),15),((((9,(17,8)),(10,28)),12),((19,11),2))),(24,25)),(((5,4),(20,(((27,26),18),3))),(30,((16,14),29)))));

STEP 62 [TBR_ClassicHeuristic_MC_RF -> NNI_Substep_47] - Distance: 62.0000
(1,((((((23,(13,21)),15),(6,(22,7))),((((9,(17,8)),(10,28)),12),((19,11),2))),(24,25)),(((5,4),(20,(((27,26),18),3))),(30,((16,14),29)))));

STEP 63 [TBR_ClassicHeuristic_MC_RF -> NNI_Substep_48] - Distance: 60.0000
(1,(((((23,((13,21),15)),(6,(22,7))),((((9,(17,8)),(10,28)),12),((19,11),2))),(24,25)),(((5,4),(20,(((27,26),18),3))),(30,((16,14),29)))));

STEP 64 [TBR_ClassicHeuristic_MC_RF -> NNI_Substep_49] - Distance: 58.0000
(1,(((((23,(13,(21,15))),(6,(22,7))),((((9,(17,8)),(10,28)),12),((19,11),2))),(24,25)),(((5,4),(20,(((27,26),18),3))),(30,((16,14),29)))));

STEP 65 [TBR_ClassicHeuristic_MC_RF -> NNI_Substep_50] - Distance: 58.0000
(1,(((((23,(13,(21,15))),((6,7),22)),((((9,(17,8)),(10,28)),12),((19,11),2))),(24,25)),(((5,4),(20,(((27,26),18),3))),(30,((16,14),29)))));

STEP 66 [TBR_ClassicHeuristic_MC_RF -> NNI_Substep_51] - Distance: 61.0000
(1,((((((23,(13,(21,15))),(6,7)),22),((((9,(17,8)),(10,28)),12),((19,11),2))),(24,25)),(((5,4),(20,(((27,26),18),3))),(30,((16,14),29)))));

STEP 67 [TBR_ClassicHeuristic_MC_RF -> NNI_Substep_52] - Distance: 60.0000
(1,((((((23,(13,(21,15))),22),(6,7)),((((9,(17,8)),(10,28)),12),((19,11),2))),(24,25)),(((5,4),(20,(((27,26),18),3))),(30,((16,14),29)))));

STEP 68 [TBR_ClassicHeuristic_MC_RF -> NNI_Substep_53] - Distance: 58.0000
(1,(((((23,((13,(21,15)),22)),(6,7)),((((9,(17,8)),(10,28)),12),((19,11),2))),(24,25)),(((5,4),(20,(((27,26),18),3))),(30,((16,14),29)))));

STEP 69 [TBR_ClassicHeuristic_MC_RF -> NNI_Substep_54] - Distance: 64.0000
(1,((((((23,((13,(21,15)),22)),6),7),((((9,(17,8)),(10,28)),12),((19,11),2))),(24,25)),(((5,4),(20,(((27,26),18),3))),(30,((16,14),29)))));

STEP 70 [TBR_ClassicHeuristic_MC_RF -> NNI_Substep_55] - Distance: 62.0000
(1,((((((23,((13,(21,15)),22)),6),((((9,(17,8)),(10,28)),12),((19,11),2))),7),(24,25)),(((5,4),(20,(((27,26),18),3))),(30,((16,14),29)))));

STEP 71 [TBR_ClassicHeuristic_MC_RF -> NNI_Substep_56] - Distance: 63.0000
(1,((((((23,((13,(21,15)),22)),6),((((9,(17,8)),(10,28)),12),((19,11),2))),(24,25)),7),(((5,4),(20,(((27,26),18),3))),(30,((16,14),29)))));

STEP 72 [TBR_ClassicHeuristic_MC_RF -> NNI_Substep_57] - Distance: 57.0000
(1,(((((23,((13,(21,15)),22)),6),((((9,(17,8)),(10,28)),12),((19,11),2))),((24,25),7)),(((5,4),(20,(((27,26),18),3))),(30,((16,14),29)))));

STEP 73 [TBR_ClassicHeuristic_MC_RF -> NNI_Substep_58] - Distance: 55.0000
(1,(((((23,((13,(21,15)),22)),6),((((9,(17,8)),(10,28)),12),((19,11),2))),((24,7),25)),(((5,4),(20,(((27,26),18),3))),(30,((16,14),29)))));

STEP 74 [TBR_ClassicHeuristic_MC_RF -> NNI_Substep_59] - Distance: 51.0000
(1,(((((23,((13,(21,15)),22)),((((9,(17,8)),(10,28)),12),((19,11),2))),6),((24,7),25)),(((5,4),(20,(((27,26),18),3))),(30,((16,14),29)))));

STEP 75 [TBR_ClassicHeuristic_MC_RF -> NNI_Substep_60] - Distance: 53.0000
(1,(((((23,((13,(21,15)),22)),((((9,(17,8)),(10,28)),12),((19,11),2))),((24,7),25)),6),(((5,4),(20,(((27,26),18),3))),(30,((16,14),29)))));

STEP 76 [TBR_ClassicHeuristic_MC_RF -> NNI_Substep_61] - Distance: 61.0000
(1,(((((23,((13,(21,15)),22)),((((9,(17,8)),(10,28)),12),((19,11),2))),((24,7),25)),(((5,4),(20,(((27,26),18),3))),(30,((16,14),29)))),6));

STEP 77 [TBR_ClassicHeuristic_MC_RF -> NNI_Substep_62] - Distance: 55.0000
(1,((((23,((13,(21,15)),22)),((((9,(17,8)),(10,28)),12),((19,11),2))),((24,7),25)),((((5,4),(20,(((27,26),18),3))),(30,((16,14),29))),6)));

STEP 78 [TBR_ClassicHeuristic_MC_RF -> NNI_Substep_63] - Distance: 50.0000
(1,((((23,((13,(21,15)),22)),((((9,(17,8)),(10,28)),12),((19,11),2))),((24,7),25)),((((5,4),(20,(((27,26),18),3))),6),(30,((16,14),29)))));

STEP 79 [TBR_ClassicHeuristic_MC_RF -> NNI_Substep_64] - Distance: 47.0000
(1,((((23,((13,(21,15)),22)),((((9,(17,8)),(10,28)),12),((19,11),2))),((24,7),25)),(((5,4),((20,(((27,26),18),3)),6)),(30,((16,14),29)))));

STEP 80 [TBR_ClassicHeuristic_MC_RF -> NNI_Substep_65] - Distance: 47.0000
(1,((((23,((13,(21,15)),22)),((((9,(17,8)),(10,28)),12),((19,11),2))),((24,7),25)),(((5,4),(20,((((27,26),18),3),6))),(30,((16,14),29)))));

STEP 81 [TBR_ClassicHeuristic_MC_RF -> NNI_Substep_66] - Distance: 48.0000
(1,((((23,((13,(21,15)),22)),((((9,(17,8)),(10,28)),12),((19,11),2))),((24,7),25)),((((5,4),((((27,26),18),3),6)),20),(30,((16,14),29)))));

STEP 82 [TBR_ClassicHeuristic_MC_RF -> NNI_Substep_67] - Distance: 51.0000
(1,((((23,((13,(21,15)),22)),((((9,(17,8)),(10,28)),12),((19,11),2))),((24,7),25)),((((5,4),((((27,26),18),3),6)),(30,((16,14),29))),20)));

STEP 83 [TBR_ClassicHeuristic_MC_RF -> NNI_Substep_68] - Distance: 57.0000
(1,(((((23,((13,(21,15)),22)),((((9,(17,8)),(10,28)),12),((19,11),2))),((24,7),25)),(((5,4),((((27,26),18),3),6)),(30,((16,14),29)))),20));

STEP 84 [TBR_ClassicHeuristic_MC_RF -> NNI_Substep_69] - Distance: 45.0000
(1,(((((23,((13,(21,15)),22)),((((9,(17,8)),(10,28)),12),((19,11),2))),((24,7),25)),20),(((5,4),((((27,26),18),3),6)),(30,((16,14),29)))));

STEP 85 [TBR_ClassicHeuristic_MC_RF -> NNI_Substep_70] - Distance: 40.0000
(1,((((23,((13,(21,15)),22)),((((9,(17,8)),(10,28)),12),((19,11),2))),(((24,7),25),20)),(((5,4),((((27,26),18),3),6)),(30,((16,14),29)))));

STEP 86 [TBR_ClassicHeuristic_MC_RF -> NNI_Substep_71] - Distance: 39.0000
(1,((((23,((13,(21,15)),22)),((((9,(17,8)),(10,28)),12),((19,11),2))),((24,7),(25,20))),(((5,4),((((27,26),18),3),6)),(30,((16,14),29)))));

STEP 87 [TBR_ClassicHeuristic_MC_RF -> NNI_Substep_72] - Distance: 44.0000
(1,((((23,((13,(21,15)),22)),(((((9,(17,8)),(10,28)),12),(19,11)),2)),((24,7),(25,20))),(((5,4),((((27,26),18),3),6)),(30,((16,14),29)))));

STEP 88 [TBR_ClassicHeuristic_MC_RF -> NNI_Substep_73] - Distance: 38.0000
(1,(((((23,((13,(21,15)),22)),((((9,(17,8)),(10,28)),12),(19,11))),2),((24,7),(25,20))),(((5,4),((((27,26),18),3),6)),(30,((16,14),29)))));

STEP 89 [TBR_ClassicHeuristic_MC_RF -> NNI_Substep_74] - Distance: 41.0000
(1,(((((23,((13,(21,15)),22)),((((9,(17,8)),(10,28)),12),(19,11))),((24,7),(25,20))),2),(((5,4),((((27,26),18),3),6)),(30,((16,14),29)))));

STEP 90 [TBR_ClassicHeuristic_MC_RF -> NNI_Substep_75] - Distance: 35.0000
(1,((((23,((13,(21,15)),22)),((((9,(17,8)),(10,28)),12),(19,11))),(((24,7),(25,20)),2)),(((5,4),((((27,26),18),3),6)),(30,((16,14),29)))));

STEP 91 [TBR_ClassicHeuristic_MC_RF -> NNI_Substep_76] - Distance: 34.0000
(1,((((23,((13,(21,15)),22)),((((9,(17,8)),(10,28)),12),(19,11))),(((24,7),2),(25,20))),(((5,4),((((27,26),18),3),6)),(30,((16,14),29)))));

STEP 92 [TBR_ClassicHeuristic_MC_RF -> NNI_Substep_77] - Distance: 36.0000
(1,(((((23,((13,(21,15)),22)),((((9,(17,8)),(10,28)),12),(19,11))),(25,20)),((24,7),2)),(((5,4),((((27,26),18),3),6)),(30,((16,14),29)))));

STEP 93 [TBR_ClassicHeuristic_MC_RF -> NNI_Substep_78] - Distance: 44.0000
(1,(((((23,((13,(21,15)),22)),((((9,(17,8)),(10,28)),12),(19,11))),(25,20)),(((5,4),((((27,26),18),3),6)),(30,((16,14),29)))),((24,7),2)));

STEP 94 [TBR_ClassicHeuristic_MC_RF -> NNI_Substep_79] - Distance: 36.0000
(1,((((23,((13,(21,15)),22)),((((9,(17,8)),(10,28)),12),(19,11))),(25,20)),((((5,4),((((27,26),18),3),6)),(30,((16,14),29))),((24,7),2))));

STEP 95 [TBR_ClassicHeuristic_MC_RF -> NNI_Substep_80] - Distance: 35.0000
(1,((((23,((13,(21,15)),22)),((((9,(17,8)),(10,28)),12),(19,11))),(25,20)),((((5,4),((((27,26),18),3),6)),((24,7),2)),(30,((16,14),29)))));

STEP 96 [TBR_ClassicHeuristic_MC_RF -> NNI_Substep_81] - Distance: 33.0000
(1,((((23,((13,(21,15)),22)),((((9,(17,8)),(10,28)),12),(19,11))),(25,20)),((((5,4),((24,7),2)),((((27,26),18),3),6)),(30,((16,14),29)))));

STEP 97 [TBR_ClassicHeuristic_MC_RF -> NNI_Substep_82] - Distance: 31.0000
(1,((((23,((13,(21,15)),22)),((((9,(17,8)),(10,28)),12),(19,11))),(25,20)),((((5,((24,7),2)),4),((((27,26),18),3),6)),(30,((16,14),29)))));

STEP 98 [TBR_ClassicHeuristic_MC_RF -> NNI_Substep_83] - Distance: 29.0000
(1,((((23,((13,(21,15)),22)),((((9,(17,8)),(10,28)),12),(19,11))),(25,20)),(((4,(2,((24,7),5))),((((27,26),18),3),6)),(30,((16,14),29)))));

STEP 99 [TBR_ClassicHeuristic_MC_RF -> NNI_Substep_84] - Distance: 32.0000
(1,((((23,((13,(21,15)),22)),(((((9,(17,8)),(10,28)),12),19),11)),(25,20)),(((4,(2,((24,7),5))),((((27,26),18),3),6)),(30,((16,14),29)))));

STEP 100 [TBR_ClassicHeuristic_MC_RF -> NNI_Substep_85] - Distance: 32.0000
(1,((((23,((13,(21,15)),22)),(((((9,(17,8)),(10,28)),12),11),19)),(25,20)),(((4,(2,((24,7),5))),((((27,26),18),3),6)),(30,((16,14),29)))));

STEP 101 [TBR_ClassicHeuristic_MC_RF -> NNI_Substep_86] - Distance: 28.0000
(1,((((23,((13,(21,15)),22)),((((9,(17,8)),(10,28)),(12,11)),19)),(25,20)),(((4,(2,((24,7),5))),((((27,26),18),3),6)),(30,((16,14),29)))));

STEP 102 [TBR_ClassicHeuristic_MC_RF -> NNI_Substep_87] - Distance: 25.0000
(1,((((23,((13,(21,15)),22)),((((9,(17,8)),(10,28)),19),(12,11))),(25,20)),(((4,(2,((24,7),5))),((((27,26),18),3),6)),(30,((16,14),29)))));

STEP 103 [TBR_ClassicHeuristic_MC_RF -> NNI_Substep_88] - Distance: 18.0000
(1,(((((23,((13,(21,15)),22)),(((9,(17,8)),(10,28)),19)),(12,11)),(25,20)),(((4,(2,((24,7),5))),((((27,26),18),3),6)),(30,((16,14),29)))));

STEP 104 [TBR_ClassicHeuristic_MC_RF -> NNI_Substep_89] - Distance: 17.0000
(1,(((((23,((13,(21,15)),22)),(((9,(17,8)),(10,28)),19)),(12,11)),(25,20)),((((((27,26),18),3),6),(30,((16,14),29))),(4,(2,((24,7),5))))));

STEP 105 [TBR_ClassicHeuristic_MC_RF -> NNI_Substep_90] - Distance: 27.0000
(1,((((((23,((13,(21,15)),22)),(((9,(17,8)),(10,28)),19)),(12,11)),(25,20)),(((((27,26),18),3),6),(30,((16,14),29)))),(4,(2,((24,7),5)))));

STEP 106 [TBR_ClassicHeuristic_MC_RF -> NNI_Substep_91] - Distance: 5.0000
((((((23,((13,(21,15)),22)),(((9,(17,8)),(10,28)),19)),(12,11)),(25,20)),((((((27,26),18),3),6),(30,((16,14),29))),1)),(4,(2,((24,7),5))));

STEP 107 [TBR_ClassicHeuristic_MC_RF -> NNI_Substep_92] - Distance: 0.0000
((((((23,((13,(21,15)),22)),(((9,(17,8)),(10,28)),19)),(12,11)),(25,20)),((((((27,26),18),3),6),1),(30,((16,14),29)))),(4,(2,((24,7),5))));

========================================================
[FINAL] Total Steps: 107 | Final Distance: 0.0000
========================================================
