========================================================
HEURISTIC TRAJECTORY: VND Incremental (MC_RF)
========================================================
STEP 0 [START] - Distance: 151.0000
((((((25,26),(12,6)),(22,(20,5))),(((11,18),(7,9)),(23,17))),((13,(((14,(3,1)),(27,(19,(15,24)))),(8,2))),(28,(29,10)))),(30,(21,(16,4))));

STEP 1 [NNI_IncrementalHeuristic_MC_RF -> NNI_Substep_1] - Distance: 147.0000
((((((25,26),(12,6)),(22,(20,5))),(((11,18),(7,9)),(23,17))),((((14,(3,1)),(27,(19,(15,24)))),(13,(8,2))),(28,(29,10)))),(30,(21,(16,4))));

STEP 2 [NNI_IncrementalHeuristic_MC_RF -> NNI_Substep_2] - Distance: 144.0000
(((((11,18),(7,9)),((((25,26),(12,6)),(22,(20,5))),(23,17))),((((14,(3,1)),(27,(19,(15,24)))),(13,(8,2))),(28,(29,10)))),(30,(21,(16,4))));

STEP 3 [NNI_IncrementalHeuristic_MC_RF -> NNI_Substep_3] - Distance: 142.0000
(((((11,18),(7,9)),((((14,(3,1)),(27,(19,(15,24)))),(13,(8,2))),(28,(29,10)))),((((25,26),(12,6)),(22,(20,5))),(23,17))),(30,(21,(16,4))));

STEP 4 [NNI_IncrementalHeuristic_MC_RF -> NNI_Substep_4] - Distance: 138.0000
(((((11,18),(7,9)),((((14,(3,1)),(27,(19,(15,24)))),(13,(8,2))),(28,(29,10)))),(((23,17),(22,(20,5))),((25,26),(12,6)))),(30,(21,(16,4))));

STEP 5 [NNI_IncrementalHeuristic_MC_RF -> NNI_Substep_5] - Distance: 132.0000
(((30,(21,(16,4))),((12,6),((25,26),((23,17),(22,(20,5)))))),(((11,18),(7,9)),((((14,(3,1)),(27,(19,(15,24)))),(13,(8,2))),(28,(29,10)))));

STEP 6 [NNI_IncrementalHeuristic_MC_RF -> NNI_Substep_6] - Distance: 130.0000
(((12,6),((30,(21,(16,4))),((25,26),((23,17),(22,(20,5)))))),(((11,18),(7,9)),((((14,(3,1)),(27,(19,(15,24)))),(13,(8,2))),(28,(29,10)))));

STEP 7 [NNI_IncrementalHeuristic_MC_RF -> NNI_Substep_7] - Distance: 128.0000
(((12,6),((30,(21,(16,4))),((25,((23,17),(22,(20,5)))),26))),(((11,18),(7,9)),((((14,(3,1)),(27,(19,(15,24)))),(13,(8,2))),(28,(29,10)))));

STEP 8 [NNI_IncrementalHeuristic_MC_RF -> NNI_Substep_8] - Distance: 126.0000
(((12,6),((30,(21,(16,4))),((25,((23,17),(22,(20,5)))),26))),((((14,(3,1)),(27,(19,(15,24)))),(13,(8,2))),(((11,18),(7,9)),(28,(29,10)))));

STEP 9 [NNI_IncrementalHeuristic_MC_RF -> NNI_Substep_9] - Distance: 125.0000
(((12,6),(((16,4),(21,30)),((25,((23,17),(22,(20,5)))),26))),((((14,(3,1)),(27,(19,(15,24)))),(13,(8,2))),(((11,18),(7,9)),(28,(29,10)))));

STEP 10 [NNI_IncrementalHeuristic_MC_RF -> NNI_Substep_10] - Distance: 124.0000
(((12,6),(((16,4),(21,30)),((25,(22,((23,17),(20,5)))),26))),((((14,(3,1)),(27,(19,(15,24)))),(13,(8,2))),(((11,18),(7,9)),(28,(29,10)))));

STEP 11 [NNI_IncrementalHeuristic_MC_RF -> NNI_Substep_11] - Distance: 123.0000
(((12,6),(((16,4),(21,30)),((25,(22,(20,((23,17),5)))),26))),((((14,(3,1)),(27,(19,(15,24)))),(13,(8,2))),(((11,18),(7,9)),(28,(29,10)))));

STEP 12 [NNI_IncrementalHeuristic_MC_RF -> NNI_Substep_12] - Distance: 122.0000
(((12,6),(((16,4),(21,30)),((25,(22,(20,((23,17),5)))),26))),((((14,(3,1)),((15,24),(19,27))),(13,(8,2))),(((11,18),(7,9)),(28,(29,10)))));

STEP 13 [NNI_IncrementalHeuristic_MC_RF -> NNI_Substep_13] - Distance: 120.0000
(((12,6),(((16,4),(21,30)),((25,(22,(20,((23,17),5)))),26))),((((1,(3,14)),((15,24),(19,27))),(13,(8,2))),(((11,18),(7,9)),(28,(29,10)))));

STEP 14 [NNI_IncrementalHeuristic_MC_RF -> NNI_Substep_14] - Distance: 119.0000
(((12,6),(((16,4),(21,30)),((25,(22,(20,((23,17),5)))),26))),((((1,(3,14)),((15,24),(19,27))),(13,(8,2))),(((28,(29,10)),(7,9)),(11,18))));

STEP 15 [TBR_IncrementalHeuristic_MC_RF -> NNI_Substep_1] - Distance: 120.0000
(((12,6),(((4,(21,30)),16),((25,(22,(20,((23,17),5)))),26))),((((1,(3,14)),((15,24),(19,27))),(13,(8,2))),(((28,(29,10)),(7,9)),(11,18))));

STEP 16 [TBR_IncrementalHeuristic_MC_RF -> NNI_Substep_2] - Distance: 124.0000
(((12,6),(((4,(21,30)),((25,(22,(20,((23,17),5)))),26)),16)),((((1,(3,14)),((15,24),(19,27))),(13,(8,2))),(((28,(29,10)),(7,9)),(11,18))));

STEP 17 [TBR_IncrementalHeuristic_MC_RF -> NNI_Substep_3] - Distance: 125.0000
((((12,6),((4,(21,30)),((25,(22,(20,((23,17),5)))),26))),16),((((1,(3,14)),((15,24),(19,27))),(13,(8,2))),(((28,(29,10)),(7,9)),(11,18))));

STEP 18 [TBR_IncrementalHeuristic_MC_RF -> NNI_Substep_4] - Distance: 117.0000
(((12,6),((4,(21,30)),((25,(22,(20,((23,17),5)))),26))),((((1,(3,14)),((15,24),(19,27))),(13,(8,2))),((((28,(29,10)),(7,9)),(11,18)),16)));

STEP 19 [TBR_IncrementalHeuristic_MC_RF -> NNI_Substep_5] - Distance: 116.0000
(((12,6),((4,(21,30)),((25,(22,(20,((23,17),5)))),26))),((((1,(3,14)),((15,24),(19,27))),(13,(8,2))),((((28,(29,10)),(7,9)),16),(11,18))));

STEP 20 [TBR_IncrementalHeuristic_MC_RF -> NNI_Substep_6] - Distance: 115.0000
(((12,6),((4,(21,30)),((25,(22,(20,((23,17),5)))),26))),((((1,(3,14)),((15,24),(19,27))),(13,(8,2))),((((28,(29,10)),16),(7,9)),(11,18))));

STEP 21 [TBR_IncrementalHeuristic_MC_RF -> NNI_Substep_7] - Distance: 112.0000
(((12,6),((4,(21,30)),((25,(22,(20,((23,17),5)))),26))),((((1,(3,14)),((15,24),(19,27))),(13,(8,2))),((((28,16),(29,10)),(7,9)),(11,18))));

STEP 22 [TBR_IncrementalHeuristic_MC_RF -> NNI_Substep_8] - Distance: 113.0000
(((12,6),((4,(21,30)),((25,(22,(20,((23,17),5)))),26))),(((((3,14),((15,24),(19,27))),1),(13,(8,2))),((((28,16),(29,10)),(7,9)),(11,18))));

STEP 23 [TBR_IncrementalHeuristic_MC_RF -> NNI_Substep_9] - Distance: 115.0000
(((12,6),((4,(21,30)),((25,(22,(20,((23,17),5)))),26))),(((((3,14),((15,24),(19,27))),(13,(8,2))),1),((((28,16),(29,10)),(7,9)),(11,18))));

STEP 24 [TBR_IncrementalHeuristic_MC_RF -> NNI_Substep_10] - Distance: 114.0000
(((12,6),((4,(21,30)),((25,(22,(20,((23,17),5)))),26))),(((((3,14),((15,24),(19,27))),(13,(8,2))),((((28,16),(29,10)),(7,9)),(11,18))),1));

STEP 25 [TBR_IncrementalHeuristic_MC_RF -> NNI_Substep_11] - Distance: 112.0000
(((12,6),(((4,(21,30)),((25,(22,(20,((23,17),5)))),26)),1)),((((3,14),((15,24),(19,27))),(13,(8,2))),((((28,16),(29,10)),(7,9)),(11,18))));

STEP 26 [TBR_IncrementalHeuristic_MC_RF -> NNI_Substep_12] - Distance: 106.0000
(((12,6),(((4,(21,30)),1),((25,(22,(20,((23,17),5)))),26))),((((3,14),((15,24),(19,27))),(13,(8,2))),((((28,16),(29,10)),(7,9)),(11,18))));

STEP 27 [TBR_IncrementalHeuristic_MC_RF -> NNI_Substep_13] - Distance: 103.0000
(((12,6),(((4,1),(21,30)),((25,(22,(20,((23,17),5)))),26))),((((3,14),((15,24),(19,27))),(13,(8,2))),((((28,16),(29,10)),(7,9)),(11,18))));

STEP 28 [TBR_IncrementalHeuristic_MC_RF -> NNI_Substep_14] - Distance: 110.0000
(((12,6),(((21,30),((25,(22,(20,((23,17),5)))),26)),(4,1))),((((3,14),((15,24),(19,27))),(13,(8,2))),((((28,16),(29,10)),(7,9)),(11,18))));

STEP 29 [TBR_IncrementalHeuristic_MC_RF -> NNI_Substep_15] - Distance: 106.0000
(((12,6),((21,30),(((25,(22,(20,((23,17),5)))),26),(4,1)))),((((3,14),((15,24),(19,27))),(13,(8,2))),((((28,16),(29,10)),(7,9)),(11,18))));

STEP 30 [TBR_IncrementalHeuristic_MC_RF -> NNI_Substep_16] - Distance: 103.0000
(((12,6),((21,30),(((25,(22,(20,((23,17),5)))),(4,1)),26))),((((3,14),((15,24),(19,27))),(13,(8,2))),((((28,16),(29,10)),(7,9)),(11,18))));

STEP 31 [TBR_IncrementalHeuristic_MC_RF -> NNI_Substep_17] - Distance: 100.0000
(((12,6),((21,30),((25,((22,(20,((23,17),5))),(4,1))),26))),((((3,14),((15,24),(19,27))),(13,(8,2))),((((28,16),(29,10)),(7,9)),(11,18))));

STEP 32 [TBR_IncrementalHeuristic_MC_RF -> NNI_Substep_18] - Distance: 94.0000
(((12,6),((21,30),((25,((22,(4,1)),(20,((23,17),5)))),26))),((((3,14),((15,24),(19,27))),(13,(8,2))),((((28,16),(29,10)),(7,9)),(11,18))));

STEP 33 [TBR_IncrementalHeuristic_MC_RF -> NNI_Substep_19] - Distance: 95.0000
(((12,6),((21,30),((25,((22,(4,1)),(20,((23,17),5)))),26))),((((3,14),(((15,24),19),27)),(13,(8,2))),((((28,16),(29,10)),(7,9)),(11,18))));

STEP 34 [TBR_IncrementalHeuristic_MC_RF -> NNI_Substep_20] - Distance: 94.0000
(((12,6),((21,30),((25,((22,(4,1)),(20,((23,17),5)))),26))),(((((3,14),((15,24),19)),27),(13,(8,2))),((((28,16),(29,10)),(7,9)),(11,18))));

STEP 35 [TBR_IncrementalHeuristic_MC_RF -> NNI_Substep_21] - Distance: 96.0000
(((12,6),((21,30),((25,((22,(4,1)),(20,((23,17),5)))),26))),(((((3,14),((15,24),19)),(13,(8,2))),27),((((28,16),(29,10)),(7,9)),(11,18))));

STEP 36 [TBR_IncrementalHeuristic_MC_RF -> NNI_Substep_22] - Distance: 95.0000
(((12,6),((21,30),((25,((22,(4,1)),(20,((23,17),5)))),26))),(((((3,14),((15,24),19)),(13,(8,2))),((((28,16),(29,10)),(7,9)),(11,18))),27));

STEP 37 [TBR_IncrementalHeuristic_MC_RF -> NNI_Substep_23] - Distance: 90.0000
((((12,6),27),((21,30),((25,((22,(4,1)),(20,((23,17),5)))),26))),((((3,14),((15,24),19)),(13,(8,2))),((((28,16),(29,10)),(7,9)),(11,18))));

STEP 38 [TBR_IncrementalHeuristic_MC_RF -> NNI_Substep_24] - Distance: 88.0000
(((12,(6,27)),((21,30),((25,((22,(4,1)),(20,((23,17),5)))),26))),((((3,14),((15,24),19)),(13,(8,2))),((((28,16),(29,10)),(7,9)),(11,18))));

STEP 39 [TBR_IncrementalHeuristic_MC_RF -> NNI_Substep_25] - Distance: 89.0000
(((12,(6,27)),((21,30),((25,((22,(4,1)),(20,((23,17),5)))),26))),((((3,14),((15,24),19)),(13,(8,2))),(((((28,16),10),29),(7,9)),(11,18))));

STEP 40 [TBR_IncrementalHeuristic_MC_RF -> NNI_Substep_26] - Distance: 88.0000
(((12,(6,27)),((21,30),((25,((22,(4,1)),(20,((23,17),5)))),26))),((((3,14),((15,24),19)),(13,(8,2))),(((((28,16),10),(7,9)),29),(11,18))));

STEP 41 [TBR_IncrementalHeuristic_MC_RF -> NNI_Substep_27] - Distance: 89.0000
(((12,(6,27)),((21,30),((25,((22,(4,1)),(20,((23,17),5)))),26))),((((3,14),((15,24),19)),(13,(8,2))),(((((28,16),10),(7,9)),(11,18)),29)));

STEP 42 [TBR_IncrementalHeuristic_MC_RF -> NNI_Substep_28] - Distance: 88.0000
(((12,(6,27)),((21,30),((25,((22,(4,1)),(20,((23,17),5)))),26))),(((((3,14),((15,24),19)),(13,(8,2))),((((28,16),10),(7,9)),(11,18))),29));

STEP 43 [TBR_IncrementalHeuristic_MC_RF -> NNI_Substep_29] - Distance: 81.0000
((((12,(6,27)),29),((21,30),((25,((22,(4,1)),(20,((23,17),5)))),26))),((((3,14),((15,24),19)),(13,(8,2))),((((28,16),10),(7,9)),(11,18))));

STEP 44 [TBR_IncrementalHeuristic_MC_RF -> NNI_Substep_30] - Distance: 79.0000
(((12,((6,27),29)),((21,30),((25,((22,(4,1)),(20,((23,17),5)))),26))),((((3,14),((15,24),19)),(13,(8,2))),((((28,16),10),(7,9)),(11,18))));

STEP 45 [TBR_IncrementalHeuristic_MC_RF -> NNI_Substep_31] - Distance: 81.0000
(((12,((6,27),29)),((21,30),((25,((22,(4,1)),(20,((23,17),5)))),26))),((((3,14),((15,24),19)),(13,(8,2))),(((((28,16),10),9),7),(11,18))));

STEP 46 [TBR_IncrementalHeuristic_MC_RF -> NNI_Substep_32] - Distance: 80.0000
(((12,((6,27),29)),((21,30),((25,((22,(4,1)),(20,((23,17),5)))),26))),((((3,14),((15,24),19)),(13,(8,2))),(((((28,16),10),9),(11,18)),7)));

STEP 47 [TBR_IncrementalHeuristic_MC_RF -> NNI_Substep_33] - Distance: 79.0000
(((12,((6,27),29)),((21,30),((25,((22,(4,1)),(20,((23,17),5)))),26))),(((((3,14),((15,24),19)),(13,(8,2))),((((28,16),10),9),(11,18))),7));

STEP 48 [TBR_IncrementalHeuristic_MC_RF -> NNI_Substep_34] - Distance: 72.0000
((((12,((6,27),29)),7),((21,30),((25,((22,(4,1)),(20,((23,17),5)))),26))),((((3,14),((15,24),19)),(13,(8,2))),((((28,16),10),9),(11,18))));

STEP 49 [TBR_IncrementalHeuristic_MC_RF -> NNI_Substep_35] - Distance: 70.0000
(((12,(((6,27),29),7)),((21,30),((25,((22,(4,1)),(20,((23,17),5)))),26))),((((3,14),((15,24),19)),(13,(8,2))),((((28,16),10),9),(11,18))));

STEP 50 [TBR_IncrementalHeuristic_MC_RF -> NNI_Substep_36] - Distance: 66.0000
(((12,(((6,27),29),7)),((21,30),((25,((22,(4,1)),(20,((23,17),5)))),26))),(((13,(8,2)),((15,24),(19,(3,14)))),((((28,16),10),9),(11,18))));

STEP 51 [TBR_IncrementalHeuristic_MC_RF -> NNI_Substep_37] - Distance: 67.0000
(((12,(((6,27),29),7)),((21,30),((25,((22,(4,1)),(20,((23,17),5)))),26))),(((13,(8,2)),((((28,16),10),9),(11,18))),((15,24),(19,(3,14)))));

STEP 52 [TBR_IncrementalHeuristic_MC_RF -> NNI_Substep_38] - Distance: 65.0000
(((12,(((6,27),29),7)),((21,30),((25,((22,(4,1)),(20,((23,17),5)))),26))),((13,(8,2)),(((((28,16),10),9),(11,18)),((15,24),(19,(3,14))))));

STEP 53 [TBR_IncrementalHeuristic_MC_RF -> NNI_Substep_39] - Distance: 64.0000
(((12,(((6,27),29),7)),((21,30),((25,((22,(4,1)),(20,((23,17),5)))),26))),((13,(8,2)),(((((28,16),10),9),((15,24),(19,(3,14)))),(11,18))));

STEP 54 [TBR_IncrementalHeuristic_MC_RF -> NNI_Substep_40] - Distance: 64.0000
(((12,(((6,27),29),7)),((21,30),((25,((22,(4,1)),(20,((23,17),5)))),26))),((13,(8,2)),(((((28,16),9),10),((15,24),(19,(3,14)))),(11,18))));

STEP 55 [TBR_IncrementalHeuristic_MC_RF -> NNI_Substep_41] - Distance: 64.0000
(((12,(((6,27),29),7)),((21,30),((25,((22,(4,1)),(20,((23,17),5)))),26))),((13,(8,2)),(((((28,16),9),((15,24),(19,(3,14)))),10),(11,18))));

STEP 56 [TBR_IncrementalHeuristic_MC_RF -> NNI_Substep_42] - Distance: 60.0000
(((12,(((6,27),29),7)),((21,30),((25,((22,(4,1)),(20,((23,17),5)))),26))),((13,(8,2)),((((28,16),9),(((15,24),(19,(3,14))),10)),(11,18))));

STEP 57 [TBR_IncrementalHeuristic_MC_RF -> NNI_Substep_43] - Distance: 59.0000
(((12,(((6,27),29),7)),((21,30),((25,((22,(4,1)),(20,((23,17),5)))),26))),((13,(8,2)),((((28,16),9),((15,24),((19,(3,14)),10))),(11,18))));

STEP 58 [TBR_IncrementalHeuristic_MC_RF -> NNI_Substep_44] - Distance: 59.0000
(((12,(((6,27),29),7)),((21,30),((25,((22,(4,1)),(20,((23,17),5)))),26))),(((13,8),2),((((28,16),9),((15,24),((19,(3,14)),10))),(11,18))));

STEP 59 [TBR_IncrementalHeuristic_MC_RF -> NNI_Substep_45] - Distance: 67.0000
(((12,(((6,27),29),7)),((21,30),((25,((22,(4,1)),(20,((23,17),5)))),26))),(((13,8),((((28,16),9),((15,24),((19,(3,14)),10))),(11,18))),2));

STEP 60 [TBR_IncrementalHeuristic_MC_RF -> NNI_Substep_46] - Distance: 64.0000
(((12,(((6,27),29),7)),((21,30),((25,((22,(4,1)),(20,((23,17),5)))),26))),((13,8),(((((28,16),9),((15,24),((19,(3,14)),10))),(11,18)),2)));

STEP 61 [TBR_IncrementalHeuristic_MC_RF -> NNI_Substep_47] - Distance: 56.0000
(((12,(((6,27),29),7)),((21,30),((25,((22,(4,1)),(20,((23,17),5)))),26))),((13,8),((((28,16),9),((15,24),((19,(3,14)),10))),((11,18),2))));

STEP 62 [TBR_IncrementalHeuristic_MC_RF -> NNI_Substep_48] - Distance: 54.0000
(((12,(((6,27),29),7)),((21,30),((25,((22,(4,1)),(20,((23,17),5)))),26))),((13,8),((((28,16),9),((15,24),((19,(3,14)),10))),((11,2),18))));

STEP 63 [TBR_IncrementalHeuristic_MC_RF -> NNI_Substep_49] - Distance: 62.0000
(((12,(((6,27),29),7)),((21,((25,((22,(4,1)),(20,((23,17),5)))),26)),30)),((13,8),((((28,16),9),((15,24),((19,(3,14)),10))),((11,2),18))));

STEP 64 [TBR_IncrementalHeuristic_MC_RF -> NNI_Substep_50] - Distance: 66.0000
((((12,(((6,27),29),7)),(21,((25,((22,(4,1)),(20,((23,17),5)))),26))),30),((13,8),((((28,16),9),((15,24),((19,(3,14)),10))),((11,2),18))));

STEP 65 [TBR_IncrementalHeuristic_MC_RF -> NNI_Substep_51] - Distance: 58.0000
(((12,(((6,27),29),7)),(21,((25,((22,(4,1)),(20,((23,17),5)))),26))),((13,8),(((((28,16),9),((15,24),((19,(3,14)),10))),((11,2),18)),30)));

STEP 66 [TBR_IncrementalHeuristic_MC_RF -> NNI_Substep_52] - Distance: 50.0000
(((12,(((6,27),29),7)),(21,((25,((22,(4,1)),(20,((23,17),5)))),26))),((13,8),((((28,16),9),((15,24),((19,(3,14)),10))),(((11,2),18),30))));

STEP 67 [TBR_IncrementalHeuristic_MC_RF -> NNI_Substep_53] - Distance: 49.0000
(((12,(((6,27),29),7)),(21,((25,((22,(4,1)),(20,((23,17),5)))),26))),((13,8),((((28,16),9),((15,24),((19,(3,14)),10))),((11,2),(18,30)))));

STEP 68 [TBR_IncrementalHeuristic_MC_RF -> NNI_Substep_54] - Distance: 58.0000
(((12,(((6,27),29),7)),(21,((25,((22,(4,1)),(20,((23,17),5)))),26))),((13,8),(((((28,16),9),((15,24),((19,(3,14)),10))),(18,30)),(11,2))));

STEP 69 [TBR_IncrementalHeuristic_MC_RF -> NNI_Substep_55] - Distance: 54.0000
(((12,(((6,27),29),7)),(21,((25,((22,(4,1)),(20,((23,17),5)))),26))),((13,8),(((((28,16),9),((15,24),((19,(3,14)),10))),(11,2)),(18,30))));

STEP 70 [TBR_IncrementalHeuristic_MC_RF -> NNI_Substep_56] - Distance: 49.0000
(((12,(((6,27),29),7)),(21,((25,((22,(4,1)),(20,((23,17),5)))),26))),((13,8),((((28,16),9),(((15,24),((19,(3,14)),10)),(11,2))),(18,30))));

STEP 71 [TBR_IncrementalHeuristic_MC_RF -> NNI_Substep_57] - Distance: 45.0000
(((12,(((6,27),29),7)),(21,((25,((22,(4,1)),(20,((23,17),5)))),26))),((13,8),((((28,16),9),((15,24),(((19,(3,14)),10),(11,2)))),(18,30))));

STEP 72 [TBR_IncrementalHeuristic_MC_RF -> NNI_Substep_58] - Distance: 44.0000
(((12,(((6,27),29),7)),(21,((25,((22,(4,1)),(20,((23,17),5)))),26))),((13,8),((((28,16),9),((15,24),((19,(3,14)),(10,(11,2))))),(18,30))));

STEP 73 [TBR_IncrementalHeuristic_MC_RF -> NNI_Substep_59] - Distance: 51.0000
((((((6,27),29),7),(21,((25,((22,(4,1)),(20,((23,17),5)))),26))),12),((13,8),((((28,16),9),((15,24),((19,(3,14)),(10,(11,2))))),(18,30))));

STEP 74 [TBR_IncrementalHeuristic_MC_RF -> NNI_Substep_60] - Distance: 55.0000
(((((6,27),29),7),(21,((25,((22,(4,1)),(20,((23,17),5)))),26))),((13,8),(((((28,16),9),((15,24),((19,(3,14)),(10,(11,2))))),(18,30)),12)));

STEP 75 [TBR_IncrementalHeuristic_MC_RF -> NNI_Substep_61] - Distance: 52.0000
(((((6,27),29),7),(21,((25,((22,(4,1)),(20,((23,17),5)))),26))),((13,8),(((((28,16),9),((15,24),((19,(3,14)),(10,(11,2))))),12),(18,30))));

STEP 76 [TBR_IncrementalHeuristic_MC_RF -> NNI_Substep_62] - Distance: 48.0000
(((((6,27),29),7),(21,((25,((22,(4,1)),(20,((23,17),5)))),26))),((13,8),((((28,16),9),(((15,24),((19,(3,14)),(10,(11,2)))),12)),(18,30))));

STEP 77 [TBR_IncrementalHeuristic_MC_RF -> NNI_Substep_63] - Distance: 47.0000
(((((6,27),29),7),(21,((25,((22,(4,1)),(20,((23,17),5)))),26))),((13,8),((((28,16),9),((15,24),(((19,(3,14)),(10,(11,2))),12))),(18,30))));

STEP 78 [TBR_IncrementalHeuristic_MC_RF -> NNI_Substep_64] - Distance: 43.0000
(((((6,27),29),7),(21,((25,((22,(4,1)),(20,((23,17),5)))),26))),((13,8),((((28,16),9),((15,24),(((19,(3,14)),12),(10,(11,2))))),(18,30))));

STEP 79 [TBR_IncrementalHeuristic_MC_RF -> NNI_Substep_65] - Distance: 44.0000
(((((6,27),29),7),(21,((25,((22,(4,1)),(20,((23,17),5)))),26))),((13,8),(((((28,16),9),(((19,(3,14)),12),(10,(11,2)))),(15,24)),(18,30))));

STEP 80 [TBR_IncrementalHeuristic_MC_RF -> NNI_Substep_66] - Distance: 44.0000
(((((6,27),29),7),(21,((25,((22,(4,1)),(20,((23,17),5)))),26))),((13,8),(((((28,16),9),(((19,(3,14)),12),(10,(11,2)))),(18,30)),(15,24))));

STEP 81 [TBR_IncrementalHeuristic_MC_RF -> NNI_Substep_67] - Distance: 46.0000
(((((6,27),29),7),(21,((25,((22,(4,1)),(20,((23,17),5)))),26))),(((13,8),((((28,16),9),(((19,(3,14)),12),(10,(11,2)))),(18,30))),(15,24)));

STEP 82 [TBR_IncrementalHeuristic_MC_RF -> NNI_Substep_68] - Distance: 28.0000
((((((6,27),29),7),(15,24)),(21,((25,((22,(4,1)),(20,((23,17),5)))),26))),((13,8),((((28,16),9),(((19,(3,14)),12),(10,(11,2)))),(18,30))));

STEP 83 [TBR_IncrementalHeuristic_MC_RF -> NNI_Substep_69] - Distance: 39.0000
((((((6,27),29),7),(15,24)),(21,((25,((22,(4,1)),(20,((23,17),5)))),26))),((8,((((28,16),9),(((19,(3,14)),12),(10,(11,2)))),(18,30))),13));

STEP 84 [TBR_IncrementalHeuristic_MC_RF -> NNI_Substep_70] - Distance: 33.0000
((((((6,27),29),7),(15,24)),((21,((25,((22,(4,1)),(20,((23,17),5)))),26)),13)),(8,((((28,16),9),(((19,(3,14)),12),(10,(11,2)))),(18,30))));

STEP 85 [TBR_IncrementalHeuristic_MC_RF -> NNI_Substep_71] - Distance: 31.0000
((((((6,27),29),7),(15,24)),(21,(((25,((22,(4,1)),(20,((23,17),5)))),26),13))),(8,((((28,16),9),(((19,(3,14)),12),(10,(11,2)))),(18,30))));

STEP 86 [TBR_IncrementalHeuristic_MC_RF -> NNI_Substep_72] - Distance: 29.0000
((((((6,27),29),7),(15,24)),(21,(((25,((22,(4,1)),(20,((23,17),5)))),13),26))),(8,((((28,16),9),(((19,(3,14)),12),(10,(11,2)))),(18,30))));

STEP 87 [TBR_IncrementalHeuristic_MC_RF -> NNI_Substep_73] - Distance: 29.0000
((((((6,27),29),7),(15,24)),(21,((25,(((22,(4,1)),(20,((23,17),5))),13)),26))),(8,((((28,16),9),(((19,(3,14)),12),(10,(11,2)))),(18,30))));

STEP 88 [TBR_IncrementalHeuristic_MC_RF -> NNI_Substep_74] - Distance: 27.0000
((((((6,27),29),7),(15,24)),(21,((25,((22,(4,1)),((20,((23,17),5)),13))),26))),(8,((((28,16),9),(((19,(3,14)),12),(10,(11,2)))),(18,30))));

STEP 89 [TBR_IncrementalHeuristic_MC_RF -> NNI_Substep_75] - Distance: 27.0000
((((((6,27),29),7),(15,24)),(21,((25,((22,(4,1)),(20,(((23,17),5),13)))),26))),(8,((((28,16),9),(((19,(3,14)),12),(10,(11,2)))),(18,30))));

STEP 90 [TBR_IncrementalHeuristic_MC_RF -> NNI_Substep_76] - Distance: 25.0000
((((((6,27),29),7),(15,24)),(21,((25,((22,(4,1)),(20,(((23,17),13),5)))),26))),(8,((((28,16),9),(((19,(3,14)),12),(10,(11,2)))),(18,30))));

STEP 91 [TBR_IncrementalHeuristic_MC_RF -> NNI_Substep_77] - Distance: 25.0000
((((((6,27),29),7),(15,24)),(21,((25,((22,(4,1)),(20,((23,(17,13)),5)))),26))),(8,((((28,16),9),(((19,(3,14)),12),(10,(11,2)))),(18,30))));

STEP 92 [TBR_IncrementalHeuristic_MC_RF -> NNI_Substep_78] - Distance: 23.0000
((((((6,27),29),7),(15,24)),(21,((25,((22,(4,1)),(20,(((17,13),5),23)))),26))),(8,((((28,16),9),(((19,(3,14)),12),(10,(11,2)))),(18,30))));

STEP 93 [TBR_IncrementalHeuristic_MC_RF -> NNI_Substep_79] - Distance: 23.0000
((((((6,27),29),7),(15,24)),(21,((25,((22,(4,1)),((20,((17,13),5)),23))),26))),(8,((((28,16),9),(((19,(3,14)),12),(10,(11,2)))),(18,30))));

STEP 94 [TBR_IncrementalHeuristic_MC_RF -> NNI_Substep_80] - Distance: 21.0000
((((((6,27),29),7),(15,24)),(21,((25,((22,(4,1)),((20,23),((17,13),5)))),26))),(8,((((28,16),9),(((19,(3,14)),12),(10,(11,2)))),(18,30))));

STEP 95 [TBR_IncrementalHeuristic_MC_RF -> NNI_Substep_81] - Distance: 21.0000
((((((6,27),29),7),(15,24)),(21,((25,(((22,(4,1)),(20,23)),((17,13),5))),26))),(8,((((28,16),9),(((19,(3,14)),12),(10,(11,2)))),(18,30))));

STEP 96 [TBR_IncrementalHeuristic_MC_RF -> NNI_Substep_82] - Distance: 19.0000
((((((6,27),29),7),(15,24)),(21,(((25,((22,(4,1)),(20,23))),((17,13),5)),26))),(8,((((28,16),9),(((19,(3,14)),12),(10,(11,2)))),(18,30))));

STEP 97 [TBR_IncrementalHeuristic_MC_RF -> NNI_Substep_83] - Distance: 23.0000
((((((6,27),29),7),(15,24)),(21,(((25,((22,(4,1)),(20,23))),26),((17,13),5)))),(8,((((28,16),9),(((19,(3,14)),12),(10,(11,2)))),(18,30))));

STEP 98 [TBR_IncrementalHeuristic_MC_RF -> NNI_Substep_84] - Distance: 27.0000
((((((6,27),29),7),(15,24)),((21,((25,((22,(4,1)),(20,23))),26)),((17,13),5))),(8,((((28,16),9),(((19,(3,14)),12),(10,(11,2)))),(18,30))));

STEP 99 [TBR_IncrementalHeuristic_MC_RF -> NNI_Substep_85] - Distance: 34.0000
(((((((6,27),29),7),(15,24)),(21,((25,((22,(4,1)),(20,23))),26))),((17,13),5)),(8,((((28,16),9),(((19,(3,14)),12),(10,(11,2)))),(18,30))));

STEP 100 [TBR_IncrementalHeuristic_MC_RF -> NNI_Substep_86] - Distance: 24.0000
((((((6,27),29),7),(15,24)),(21,((25,((22,(4,1)),(20,23))),26))),((8,((17,13),5)),((((28,16),9),(((19,(3,14)),12),(10,(11,2)))),(18,30))));

STEP 101 [TBR_IncrementalHeuristic_MC_RF -> NNI_Substep_87] - Distance: 29.0000
(((((((6,27),29),7),24),15),(21,((25,((22,(4,1)),(20,23))),26))),((8,((17,13),5)),((((28,16),9),(((19,(3,14)),12),(10,(11,2)))),(18,30))));

STEP 102 [TBR_IncrementalHeuristic_MC_RF -> NNI_Substep_88] - Distance: 36.0000
(((((((6,27),29),7),24),(21,((25,((22,(4,1)),(20,23))),26))),15),((8,((17,13),5)),((((28,16),9),(((19,(3,14)),12),(10,(11,2)))),(18,30))));

STEP 103 [TBR_IncrementalHeuristic_MC_RF -> NNI_Substep_89] - Distance: 30.0000
((((((6,27),29),7),24),((21,((25,((22,(4,1)),(20,23))),26)),15)),((8,((17,13),5)),((((28,16),9),(((19,(3,14)),12),(10,(11,2)))),(18,30))));

STEP 104 [TBR_IncrementalHeuristic_MC_RF -> NNI_Substep_90] - Distance: 30.0000
((((((6,27),29),7),24),(21,(((25,((22,(4,1)),(20,23))),26),15))),((8,((17,13),5)),((((28,16),9),(((19,(3,14)),12),(10,(11,2)))),(18,30))));

STEP 105 [TBR_IncrementalHeuristic_MC_RF -> NNI_Substep_91] - Distance: 25.0000
((((((6,27),29),7),24),(21,((25,((22,(4,1)),(20,23))),(26,15)))),((8,((17,13),5)),((((28,16),9),(((19,(3,14)),12),(10,(11,2)))),(18,30))));

STEP 106 [TBR_IncrementalHeuristic_MC_RF -> NNI_Substep_92] - Distance: 34.0000
(((24,(21,((25,((22,(4,1)),(20,23))),(26,15)))),(((6,27),29),7)),((8,((17,13),5)),((((28,16),9),(((19,(3,14)),12),(10,(11,2)))),(18,30))));

STEP 107 [TBR_IncrementalHeuristic_MC_RF -> NNI_Substep_93] - Distance: 29.0000
((24,((21,((25,((22,(4,1)),(20,23))),(26,15))),(((6,27),29),7))),((8,((17,13),5)),((((28,16),9),(((19,(3,14)),12),(10,(11,2)))),(18,30))));

STEP 108 [TBR_IncrementalHeuristic_MC_RF -> NNI_Substep_94] - Distance: 32.0000
((24,(21,(((25,((22,(4,1)),(20,23))),(26,15)),(((6,27),29),7)))),((8,((17,13),5)),((((28,16),9),(((19,(3,14)),12),(10,(11,2)))),(18,30))));

STEP 109 [TBR_IncrementalHeuristic_MC_RF -> NNI_Substep_95] - Distance: 30.0000
((24,(21,((25,((22,(4,1)),(20,23))),((26,15),(((6,27),29),7))))),((8,((17,13),5)),((((28,16),9),(((19,(3,14)),12),(10,(11,2)))),(18,30))));

STEP 110 [TBR_IncrementalHeuristic_MC_RF -> NNI_Substep_96] - Distance: 43.0000
((24,((21,((25,((22,(4,1)),(20,23))),((26,15),(((6,27),29),7)))),(8,((17,13),5)))),((((28,16),9),(((19,(3,14)),12),(10,(11,2)))),(18,30)));

STEP 111 [TBR_IncrementalHeuristic_MC_RF -> NNI_Substep_97] - Distance: 38.0000
((24,(21,(((25,((22,(4,1)),(20,23))),((26,15),(((6,27),29),7))),(8,((17,13),5))))),((((28,16),9),(((19,(3,14)),12),(10,(11,2)))),(18,30)));

STEP 112 [TBR_IncrementalHeuristic_MC_RF -> NNI_Substep_98] - Distance: 36.0000
((24,(21,(((25,((22,(4,1)),(20,23))),(8,((17,13),5))),((26,15),(((6,27),29),7))))),((((28,16),9),(((19,(3,14)),12),(10,(11,2)))),(18,30)));

STEP 113 [TBR_IncrementalHeuristic_MC_RF -> NNI_Substep_99] - Distance: 0.0000
((24,(((26,15),(((6,27),29),7)),(((25,((22,(4,1)),(20,23))),(8,((17,13),5))),21))),((((28,16),9),(((19,(3,14)),12),(10,(11,2)))),(18,30)));

========================================================
[FINAL] Total Steps: 113 | Final Distance: 0.0000
========================================================
