========================================================
HEURISTIC TRAJECTORY: VND Incremental (M3)
========================================================
STEP 0 [START] - Distance: 3326.0000
((((25,(17,30)),(5,(22,(15,20)))),(18,6)),(4,(21,(19,(27,(28,10))))),(((8,(9,(2,24))),((14,1),(12,(16,(11,(7,23)))))),(13,(29,(3,26)))));

STEP 1 [NNI_IncrementalHeuristic_M3 -> NNI_Substep_1] - Distance: 3231.0000
((((25,(17,30)),(5,(22,(15,20)))),(18,6)),(4,(21,(19,(27,(28,10))))),(((12,(16,(11,(7,23)))),((14,1),(8,(9,(2,24))))),(13,(29,(3,26)))));

STEP 2 [NNI_IncrementalHeuristic_M3 -> NNI_Substep_2] - Distance: 3162.0000
((((25,(17,30)),(5,(22,(15,20)))),(18,6)),(4,(21,(19,(27,(28,10))))),(((13,(29,(3,26))),((14,1),(8,(9,(2,24))))),(12,(16,(11,(7,23))))));

STEP 3 [NNI_IncrementalHeuristic_M3 -> NNI_Substep_3] - Distance: 3120.0000
((((25,(5,(22,(15,20)))),(17,30)),(18,6)),(4,(21,(19,(27,(28,10))))),(((13,(29,(3,26))),((14,1),(8,(9,(2,24))))),(12,(16,(11,(7,23))))));

STEP 4 [NNI_IncrementalHeuristic_M3 -> NNI_Substep_4] - Distance: 3082.0000
(((13,(29,(3,26))),((14,1),(8,(9,(2,24))))),(4,(21,(19,(27,(28,10))))),((((25,(5,(22,(15,20)))),(17,30)),(18,6)),(12,(16,(11,(7,23))))));

STEP 5 [NNI_IncrementalHeuristic_M3 -> NNI_Substep_5] - Distance: 3054.0000
(((13,(29,(3,26))),((14,1),(8,(9,(2,24))))),(4,(21,(19,(27,(28,10))))),((((25,(5,(22,(15,20)))),(18,6)),(17,30)),(12,(16,(11,(7,23))))));

STEP 6 [NNI_IncrementalHeuristic_M3 -> NNI_Substep_6] - Distance: 3006.0000
(((13,(29,(3,26))),((14,1),(8,(9,(2,24))))),(4,(21,(19,(27,(28,10))))),((((25,(18,6)),(5,(22,(15,20)))),(17,30)),(12,(16,(11,(7,23))))));

STEP 7 [NNI_IncrementalHeuristic_M3 -> NNI_Substep_7] - Distance: 2983.0000
(((13,(29,(3,26))),((14,1),(8,(24,(2,9))))),(4,(21,(19,(27,(28,10))))),((((25,(18,6)),(5,(22,(15,20)))),(17,30)),(12,(16,(11,(7,23))))));

STEP 8 [NNI_IncrementalHeuristic_M3 -> NNI_Substep_8] - Distance: 2969.0000
(((((14,1),(8,(24,(2,9)))),(29,(3,26))),13),(4,(21,(19,(27,(28,10))))),((((25,(18,6)),(5,(22,(15,20)))),(17,30)),(12,(16,(11,(7,23))))));

STEP 9 [NNI_IncrementalHeuristic_M3 -> NNI_Substep_9] - Distance: 2911.0000
(((4,(21,(19,(27,(28,10))))),13),(((14,1),(8,(24,(2,9)))),(29,(3,26))),((((25,(18,6)),(5,(22,(15,20)))),(17,30)),(12,(16,(11,(7,23))))));

STEP 10 [NNI_IncrementalHeuristic_M3 -> NNI_Substep_10] - Distance: 2884.0000
(((4,13),(21,(19,(27,(28,10))))),(((14,1),(8,(24,(2,9)))),(29,(3,26))),((((25,(18,6)),(5,(22,(15,20)))),(17,30)),(12,(16,(11,(7,23))))));

STEP 11 [NNI_IncrementalHeuristic_M3 -> NNI_Substep_11] - Distance: 2872.0000
(((4,13),(21,(19,(27,(28,10))))),((3,26),(29,((14,1),(8,(24,(2,9)))))),((((25,(18,6)),(5,(22,(15,20)))),(17,30)),(12,(16,(11,(7,23))))));

STEP 12 [NNI_IncrementalHeuristic_M3 -> NNI_Substep_12] - Distance: 2832.0000
((3,26),(((4,13),(21,(19,(27,(28,10))))),(29,((14,1),(8,(24,(2,9)))))),((((25,(18,6)),(5,(22,(15,20)))),(17,30)),(12,(16,(11,(7,23))))));

STEP 13 [NNI_IncrementalHeuristic_M3 -> NNI_Substep_13] - Distance: 2750.0000
((12,(16,(11,(7,23)))),(((4,13),(21,(19,(27,(28,10))))),(29,((14,1),(8,(24,(2,9)))))),((((25,(18,6)),(5,(22,(15,20)))),(17,30)),(3,26)));

STEP 14 [NNI_IncrementalHeuristic_M3 -> NNI_Substep_14] - Distance: 2695.0000
((12,(16,(11,(7,23)))),(((4,13),(21,(19,(27,(28,10))))),(29,((14,1),(8,(24,(2,9)))))),(((3,26),(17,30)),((25,(18,6)),(5,(22,(15,20))))));

STEP 15 [NNI_IncrementalHeuristic_M3 -> NNI_Substep_15] - Distance: 2669.0000
((12,(16,(11,(7,23)))),(((4,13),(21,(19,(27,(28,10))))),(29,((14,1),(8,(24,(2,9)))))),((17,((3,26),30)),((25,(18,6)),(5,(22,(15,20))))));

STEP 16 [NNI_IncrementalHeuristic_M3 -> NNI_Substep_16] - Distance: 2660.0000
((12,(16,(11,(7,23)))),(((4,13),(21,(19,(27,(28,10))))),(29,(((8,(24,(2,9))),1),14))),((17,((3,26),30)),((25,(18,6)),(5,(22,(15,20))))));

STEP 17 [NNI_IncrementalHeuristic_M3 -> NNI_Substep_17] - Distance: 2652.0000
((12,(16,(11,(7,23)))),((21,((4,13),(19,(27,(28,10))))),(29,(((8,(24,(2,9))),1),14))),((17,((3,26),30)),((25,(18,6)),(5,(22,(15,20))))));

STEP 18 [NNI_IncrementalHeuristic_M3 -> NNI_Substep_18] - Distance: 2616.0000
((12,(16,(11,(7,23)))),(((29,(((8,(24,(2,9))),1),14)),((4,13),(19,(27,(28,10))))),21),((17,((3,26),30)),((25,(18,6)),(5,(22,(15,20))))));

STEP 19 [NNI_IncrementalHeuristic_M3 -> NNI_Substep_19] - Distance: 2568.0000
(21,(((29,(((8,(24,(2,9))),1),14)),((4,13),(19,(27,(28,10))))),(12,(16,(11,(7,23))))),((17,((3,26),30)),((25,(18,6)),(5,(22,(15,20))))));

STEP 20 [NNI_IncrementalHeuristic_M3 -> NNI_Substep_20] - Distance: 2538.0000
((17,((3,26),30)),(((29,(((8,(24,(2,9))),1),14)),((4,13),(19,(27,(28,10))))),(12,(16,(11,(7,23))))),(21,((25,(18,6)),(5,(22,(15,20))))));

STEP 21 [NNI_IncrementalHeuristic_M3 -> NNI_Substep_21] - Distance: 2499.0000
((17,((3,26),30)),(((29,(((8,(24,(2,9))),1),14)),((4,13),(19,(27,(28,10))))),(12,(16,(11,(7,23))))),((25,(18,6)),(21,(5,(22,(15,20))))));

STEP 22 [NNI_IncrementalHeuristic_M3 -> NNI_Substep_22] - Distance: 2494.0000
((17,((3,26),30)),(((14,(((8,(24,(2,9))),1),29)),((4,13),(19,(27,(28,10))))),(12,(16,(11,(7,23))))),((25,(18,6)),(21,(5,(22,(15,20))))));

STEP 23 [NNI_IncrementalHeuristic_M3 -> NNI_Substep_23] - Distance: 2397.0000
((17,((3,26),30)),(((14,((4,13),(19,(27,(28,10))))),(((8,(24,(2,9))),1),29)),(12,(16,(11,(7,23))))),((25,(18,6)),(21,(5,(22,(15,20))))));

STEP 24 [NNI_IncrementalHeuristic_M3 -> NNI_Substep_24] - Distance: 2366.0000
((17,((3,26),30)),((((19,(27,(28,10))),((4,13),14)),(((8,(24,(2,9))),1),29)),(12,(16,(11,(7,23))))),((25,(18,6)),(21,(5,(22,(15,20))))));

STEP 25 [NNI_IncrementalHeuristic_M3 -> NNI_Substep_25] - Distance: 2360.0000
((17,((3,26),30)),((((((4,13),14),(27,(28,10))),19),(((8,(24,(2,9))),1),29)),(12,(16,(11,(7,23))))),((25,(18,6)),(21,(5,(22,(15,20))))));

STEP 26 [NNI_IncrementalHeuristic_M3 -> NNI_Substep_26] - Distance: 2257.0000
((17,((3,26),30)),((((((8,(24,(2,9))),1),29),19),(((4,13),14),(27,(28,10)))),(12,(16,(11,(7,23))))),((25,(18,6)),(21,(5,(22,(15,20))))));

STEP 27 [NNI_IncrementalHeuristic_M3 -> NNI_Substep_27] - Distance: 2245.0000
((17,((3,26),30)),((((((8,(24,(2,9))),1),29),19),((28,10),(27,((4,13),14)))),(12,(16,(11,(7,23))))),((25,(18,6)),(21,(5,(22,(15,20))))));

STEP 28 [NNI_IncrementalHeuristic_M3 -> NNI_Substep_28] - Distance: 2183.0000
((17,((3,26),30)),(((28,10),(((((8,(24,(2,9))),1),29),19),(27,((4,13),14)))),(12,(16,(11,(7,23))))),((25,(18,6)),(21,(5,(22,(15,20))))));

STEP 29 [NNI_IncrementalHeuristic_M3 -> NNI_Substep_29] - Distance: 2073.0000
((17,((3,26),30)),(((28,10),(12,(16,(11,(7,23))))),(((((8,(24,(2,9))),1),29),19),(27,((4,13),14)))),((25,(18,6)),(21,(5,(22,(15,20))))));

STEP 30 [NNI_IncrementalHeuristic_M3 -> NNI_Substep_30] - Distance: 2053.0000
((17,((3,26),30)),((12,((28,10),(16,(11,(7,23))))),(((((8,(24,(2,9))),1),29),19),(27,((4,13),14)))),((25,(18,6)),(21,(5,(22,(15,20))))));

STEP 31 [NNI_IncrementalHeuristic_M3 -> NNI_Substep_31] - Distance: 2030.0000
((17,((3,26),30)),((12,((11,(7,23)),(16,(28,10)))),(((((8,(24,(2,9))),1),29),19),(27,((4,13),14)))),((25,(18,6)),(21,(5,(22,(15,20))))));

STEP 32 [NNI_IncrementalHeuristic_M3 -> NNI_Substep_32] - Distance: 2025.0000
((17,((3,26),30)),((12,(((16,(28,10)),(7,23)),11)),(((((8,(24,(2,9))),1),29),19),(27,((4,13),14)))),((25,(18,6)),(21,(5,(22,(15,20))))));

STEP 33 [NNI_IncrementalHeuristic_M3 -> NNI_Substep_33] - Distance: 2000.0000
((17,((3,26),30)),((12,((23,(7,(16,(28,10)))),11)),(((((8,(24,(2,9))),1),29),19),(27,((4,13),14)))),((25,(18,6)),(21,(5,(22,(15,20))))));

STEP 34 [NNI_IncrementalHeuristic_M3 -> NNI_Substep_34] - Distance: 1996.0000
((17,((3,26),30)),((12,((23,(7,(16,(28,10)))),11)),(((((1,(24,(2,9))),8),29),19),(27,((4,13),14)))),((25,(18,6)),(21,(5,(22,(15,20))))));

STEP 35 [NNI_IncrementalHeuristic_M3 -> NNI_Substep_35] - Distance: 1990.0000
((17,((3,26),30)),((12,((23,(7,(16,(28,10)))),11)),(((((1,(24,(2,9))),29),8),19),(27,((4,13),14)))),((25,(18,6)),(21,(5,(22,(15,20))))));

STEP 36 [NNI_IncrementalHeuristic_M3 -> NNI_Substep_36] - Distance: 1984.0000
((17,((3,26),30)),((12,((23,(7,(16,(28,10)))),11)),(((((1,(24,(2,9))),29),19),8),(27,((4,13),14)))),((25,(18,6)),(21,(5,(22,(15,20))))));

STEP 37 [NNI_IncrementalHeuristic_M3 -> NNI_Substep_37] - Distance: 1952.0000
((17,((3,26),30)),((12,((23,(7,(16,(28,10)))),11)),(((((1,(24,(2,9))),29),19),(27,((4,13),14))),8)),((25,(18,6)),(21,(5,(22,(15,20))))));

STEP 38 [NNI_IncrementalHeuristic_M3 -> NNI_Substep_38] - Distance: 1895.0000
((17,((3,26),30)),(8,(((((1,(24,(2,9))),29),19),(27,((4,13),14))),(12,((23,(7,(16,(28,10)))),11)))),((25,(18,6)),(21,(5,(22,(15,20))))));

STEP 39 [NNI_IncrementalHeuristic_M3 -> NNI_Substep_39] - Distance: 1812.0000
((((((1,(24,(2,9))),29),19),(27,((4,13),14))),(12,((23,(7,(16,(28,10)))),11))),(8,(17,((3,26),30))),((25,(18,6)),(21,(5,(22,(15,20))))));

STEP 40 [NNI_IncrementalHeuristic_M3 -> NNI_Substep_40] - Distance: 1788.0000
((((((1,(24,(2,9))),29),19),(27,((4,13),14))),(12,((23,(7,(16,(28,10)))),11))),(17,(8,((3,26),30))),((25,(18,6)),(21,(5,(22,(15,20))))));

STEP 41 [NNI_IncrementalHeuristic_M3 -> NNI_Substep_41] - Distance: 1785.0000
((((((1,(24,(2,9))),29),19),(27,((4,13),14))),(12,((23,(7,(28,(16,10)))),11))),(17,(8,((3,26),30))),((25,(18,6)),(21,(5,(22,(15,20))))));

STEP 42 [NNI_IncrementalHeuristic_M3 -> NNI_Substep_42] - Distance: 1782.0000
((((((1,(24,(2,9))),29),19),(27,((4,13),14))),(12,((23,(7,(28,(16,10)))),11))),(17,(8,((30,26),3))),((25,(18,6)),(21,(5,(22,(15,20))))));

STEP 43 [NNI_IncrementalHeuristic_M3 -> NNI_Substep_43] - Distance: 1779.0000
((((((1,(24,(2,9))),29),19),(27,((4,13),14))),(12,((23,(7,(28,(16,10)))),11))),(17,(3,((30,26),8))),((25,(18,6)),(21,(5,(22,(15,20))))));

STEP 44 [NNI_IncrementalHeuristic_M3 -> NNI_Substep_44] - Distance: 1775.0000
((((((1,(24,(2,9))),29),19),(27,((4,13),14))),(12,((23,(7,(28,(16,10)))),11))),(3,(17,((30,26),8))),((25,(18,6)),(21,(5,(22,(15,20))))));

STEP 45 [NNI_IncrementalHeuristic_M3 -> NNI_Substep_45] - Distance: 1684.0000
(3,((((((1,(24,(2,9))),29),19),(27,((4,13),14))),(12,((23,(7,(28,(16,10)))),11))),(17,((30,26),8))),((25,(18,6)),(21,(5,(22,(15,20))))));

STEP 46 [NNI_IncrementalHeuristic_M3 -> NNI_Substep_46] - Distance: 1642.0000
((25,(18,6)),((((((1,(24,(2,9))),29),19),(27,((4,13),14))),(12,((23,(7,(28,(16,10)))),11))),(17,((30,26),8))),(3,(21,(5,(22,(15,20))))));

STEP 47 [NNI_IncrementalHeuristic_M3 -> NNI_Substep_47] - Distance: 1619.0000
((25,(18,6)),((((((1,(24,(2,9))),29),19),(27,((4,13),14))),(12,((23,(7,(28,(16,10)))),11))),(17,((30,26),8))),(21,(3,(5,(22,(15,20))))));

STEP 48 [NNI_IncrementalHeuristic_M3 -> NNI_Substep_48] - Distance: 1616.0000
((25,(18,6)),((((((1,(24,(2,9))),29),19),(27,((4,13),14))),(12,((23,(7,(28,(16,10)))),11))),(17,((30,26),8))),(21,(3,(5,(15,(22,20))))));

STEP 49 [NNI_IncrementalHeuristic_M3 -> NNI_Substep_49] - Distance: 1614.0000
((6,(18,25)),((((((1,(24,(2,9))),29),19),(27,((4,13),14))),(12,((23,(7,(28,(16,10)))),11))),(17,((30,26),8))),(21,(3,(5,(15,(22,20))))));

STEP 50 [NNI_IncrementalHeuristic_M3 -> NNI_Substep_50] - Distance: 1600.0000
((6,((((((1,(24,(2,9))),29),19),(27,((4,13),14))),(12,((23,(7,(28,(16,10)))),11))),(17,((30,26),8)))),(18,25),(21,(3,(5,(15,(22,20))))));

STEP 51 [NNI_IncrementalHeuristic_M3 -> NNI_Substep_51] - Distance: 1576.0000
(((17,((30,26),8)),((((((1,(24,(2,9))),29),19),(27,((4,13),14))),(12,((23,(7,(28,(16,10)))),11))),6)),(18,25),(21,(3,(5,(15,(22,20))))));

STEP 52 [NNI_IncrementalHeuristic_M3 -> NNI_Substep_52] - Distance: 1515.0000
(((17,((30,26),8)),((((((1,(24,(2,9))),29),19),(27,((4,13),14))),6),(12,((23,(7,(28,(16,10)))),11)))),(18,25),(21,(3,(5,(15,(22,20))))));

STEP 53 [NNI_IncrementalHeuristic_M3 -> NNI_Substep_53] - Distance: 1435.0000
(((17,((30,26),8)),((((((1,(24,(2,9))),29),19),6),(27,((4,13),14))),(12,((23,(7,(28,(16,10)))),11)))),(18,25),(21,(3,(5,(15,(22,20))))));

STEP 54 [NNI_IncrementalHeuristic_M3 -> NNI_Substep_54] - Distance: 1411.0000
(((17,((30,26),8)),((((((1,(24,(2,9))),29),6),19),(27,((4,13),14))),(12,((23,(7,(28,(16,10)))),11)))),(18,25),(21,(3,(5,(15,(22,20))))));

STEP 55 [NNI_IncrementalHeuristic_M3 -> NNI_Substep_55] - Distance: 1335.0000
(((17,((30,26),8)),(((((6,29),(1,(24,(2,9)))),19),(27,((4,13),14))),(12,((23,(7,(28,(16,10)))),11)))),(18,25),(21,(3,(5,(15,(22,20))))));

STEP 56 [NNI_IncrementalHeuristic_M3 -> NNI_Substep_56] - Distance: 1333.0000
(((17,((30,26),8)),(((((6,29),(24,(1,(2,9)))),19),(27,((4,13),14))),(12,((23,(7,(28,(16,10)))),11)))),(18,25),(21,(3,(5,(15,(22,20))))));

STEP 57 [NNI_IncrementalHeuristic_M3 -> NNI_Substep_57] - Distance: 1305.0000
(((17,((30,26),8)),(((((6,29),(24,(9,(2,1)))),19),(27,((4,13),14))),(12,((23,(7,(28,(16,10)))),11)))),(18,25),(21,(3,(5,(15,(22,20))))));

STEP 58 [NNI_IncrementalHeuristic_M3 -> NNI_Substep_58] - Distance: 1279.0000
(((17,((30,26),8)),((((24,((6,29),(9,(2,1)))),19),(27,((4,13),14))),(12,((23,(7,(28,(16,10)))),11)))),(18,25),(21,(3,(5,(15,(22,20))))));

STEP 59 [NNI_IncrementalHeuristic_M3 -> NNI_Substep_59] - Distance: 1159.0000
(((17,((30,26),8)),((((24,19),((6,29),(9,(2,1)))),(27,((4,13),14))),(12,((23,(7,(28,(16,10)))),11)))),(18,25),(21,(3,(5,(15,(22,20))))));

STEP 60 [NNI_IncrementalHeuristic_M3 -> NNI_Substep_60] - Distance: 1157.0000
(((17,((30,26),8)),((((24,19),((6,29),(9,(2,1)))),(27,((4,13),14))),(11,((23,(7,(28,(16,10)))),12)))),(18,25),(21,(3,(5,(15,(22,20))))));

STEP 61 [NNI_IncrementalHeuristic_M3 -> NNI_Substep_61] - Distance: 1085.0000
(((17,((30,26),8)),((((24,19),((6,29),(9,(2,1)))),(27,((4,13),14))),(11,((23,12),(7,(28,(16,10))))))),(18,25),(21,(3,(5,(15,(22,20))))));

STEP 62 [NNI_IncrementalHeuristic_M3 -> NNI_Substep_62] - Distance: 1041.0000
(((17,((30,26),8)),(11,((((24,19),((6,29),(9,(2,1)))),(27,((4,13),14))),((23,12),(7,(28,(16,10))))))),(18,25),(21,(3,(5,(15,(22,20))))));

STEP 63 [NNI_IncrementalHeuristic_M3 -> NNI_Substep_63] - Distance: 981.0000
((11,((17,((30,26),8)),((((24,19),((6,29),(9,(2,1)))),(27,((4,13),14))),((23,12),(7,(28,(16,10))))))),(18,25),(21,(3,(5,(15,(22,20))))));

STEP 64 [NNI_IncrementalHeuristic_M3 -> NNI_Substep_64] - Distance: 941.0000
(((18,25),((17,((30,26),8)),((((24,19),((6,29),(9,(2,1)))),(27,((4,13),14))),((23,12),(7,(28,(16,10))))))),11,(21,(3,(5,(15,(22,20))))));

STEP 65 [NNI_IncrementalHeuristic_M3 -> NNI_Substep_65] - Distance: 867.0000
(21,11,(((18,25),((17,((30,26),8)),((((24,19),((6,29),(9,(2,1)))),(27,((4,13),14))),((23,12),(7,(28,(16,10))))))),(3,(5,(15,(22,20))))));

STEP 66 [NNI_IncrementalHeuristic_M3 -> NNI_Substep_66] - Distance: 865.0000
(21,11,(((18,25),((17,((30,26),8)),((((24,19),((6,29),(9,(2,1)))),(27,((4,13),14))),((23,12),(28,(7,(16,10))))))),(3,(5,(15,(22,20))))));

STEP 67 [NNI_IncrementalHeuristic_M3 -> NNI_Substep_67] - Distance: 859.0000
(21,11,(((18,25),((17,((30,26),8)),((((24,19),((6,29),(9,(2,1)))),(27,((4,13),14))),(28,((23,12),(7,(16,10))))))),(3,(5,(15,(22,20))))));

STEP 68 [NNI_IncrementalHeuristic_M3 -> NNI_Substep_68] - Distance: 804.0000
(21,11,(((18,25),((17,((30,26),8)),(28,((((24,19),((6,29),(9,(2,1)))),(27,((4,13),14))),((23,12),(7,(16,10))))))),(3,(5,(15,(22,20))))));

STEP 69 [NNI_IncrementalHeuristic_M3 -> NNI_Substep_69] - Distance: 674.0000
(21,11,(((18,25),(((((24,19),((6,29),(9,(2,1)))),(27,((4,13),14))),((23,12),(7,(16,10)))),(28,(17,((30,26),8))))),(3,(5,(15,(22,20))))));

STEP 70 [NNI_IncrementalHeuristic_M3 -> NNI_Substep_70] - Distance: 647.0000
(21,11,(((18,25),(((((24,19),((6,29),(9,(2,1)))),(27,((4,13),14))),((23,12),(7,(16,10)))),(17,(28,((30,26),8))))),(3,(5,(15,(22,20))))));

STEP 71 [NNI_IncrementalHeuristic_M3 -> NNI_Substep_71] - Distance: 619.0000
(21,11,(((18,25),(((((24,19),((6,29),(9,(2,1)))),(27,((4,13),14))),((23,12),(7,(16,10)))),(17,(8,((30,26),28))))),(3,(5,(15,(22,20))))));

STEP 72 [NNI_IncrementalHeuristic_M3 -> NNI_Substep_72] - Distance: 617.0000
(21,11,(((18,25),(((((24,19),((6,29),(9,(2,1)))),(27,((4,13),14))),((23,12),(7,(16,10)))),(17,(8,((30,26),28))))),(3,(15,(5,(22,20))))));

STEP 73 [NNI_IncrementalHeuristic_M3 -> NNI_Substep_73] - Distance: 614.0000
(21,11,(((18,25),(((((24,19),((6,29),(9,(2,1)))),(27,((4,13),14))),((23,12),(7,(16,10)))),(17,(8,((30,26),28))))),(15,(3,(5,(22,20))))));

STEP 74 [NNI_IncrementalHeuristic_M3 -> NNI_Substep_74] - Distance: 606.0000
(21,11,((3,(5,(22,20))),(15,((18,25),(((((24,19),((6,29),(9,(2,1)))),(27,((4,13),14))),((23,12),(7,(16,10)))),(17,(8,((30,26),28))))))));

STEP 75 [NNI_IncrementalHeuristic_M3 -> NNI_Substep_75] - Distance: 594.0000
(21,11,((3,(5,(22,20))),((18,25),(15,(((((24,19),((6,29),(9,(2,1)))),(27,((4,13),14))),((23,12),(7,(16,10)))),(17,(8,((30,26),28))))))));

STEP 76 [NNI_IncrementalHeuristic_M3 -> NNI_Substep_76] - Distance: 554.0000
(21,11,((3,(5,(22,20))),((18,25),((17,(8,((30,26),28))),(((((24,19),((6,29),(9,(2,1)))),(27,((4,13),14))),((23,12),(7,(16,10)))),15)))));

STEP 77 [NNI_IncrementalHeuristic_M3 -> NNI_Substep_77] - Distance: 411.0000
(21,11,((3,(5,(22,20))),((18,25),((17,(8,((30,26),28))),((15,((23,12),(7,(16,10)))),(((24,19),((6,29),(9,(2,1)))),(27,((4,13),14))))))));

STEP 78 [NNI_IncrementalHeuristic_M3 -> NNI_Substep_78] - Distance: 363.0000
(21,11,((3,(5,(22,20))),((18,25),((17,(8,((30,26),28))),(((23,12),(15,(7,(16,10)))),(((24,19),((6,29),(9,(2,1)))),(27,((4,13),14))))))));

STEP 79 [NNI_IncrementalHeuristic_M3 -> NNI_Substep_79] - Distance: 337.0000
(21,11,((3,(5,(22,20))),((18,25),((17,(8,((30,26),28))),(((23,12),(7,(15,(16,10)))),(((24,19),((6,29),(9,(2,1)))),(27,((4,13),14))))))));

STEP 80 [NNI_IncrementalHeuristic_M3 -> NNI_Substep_80] - Distance: 335.0000
(21,11,((3,(22,(5,20))),((18,25),((17,(8,((30,26),28))),(((23,12),(7,(15,(16,10)))),(((24,19),((6,29),(9,(2,1)))),(27,((4,13),14))))))));

STEP 81 [NNI_IncrementalHeuristic_M3 -> NNI_Substep_81] - Distance: 332.0000
(21,11,((22,(3,(5,20))),((18,25),((17,(8,((30,26),28))),(((23,12),(7,(15,(16,10)))),(((24,19),((6,29),(9,(2,1)))),(27,((4,13),14))))))));

STEP 82 [NNI_IncrementalHeuristic_M3 -> NNI_Substep_82] - Distance: 324.0000
(21,11,((22,((18,25),((17,(8,((30,26),28))),(((23,12),(7,(15,(16,10)))),(((24,19),((6,29),(9,(2,1)))),(27,((4,13),14))))))),(3,(5,20))));

STEP 83 [NNI_IncrementalHeuristic_M3 -> NNI_Substep_83] - Distance: 312.0000
(21,11,(((18,25),(22,((17,(8,((30,26),28))),(((23,12),(7,(15,(16,10)))),(((24,19),((6,29),(9,(2,1)))),(27,((4,13),14))))))),(3,(5,20))));

STEP 84 [NNI_IncrementalHeuristic_M3 -> NNI_Substep_84] - Distance: 272.0000
(21,11,(((18,25),((17,(8,((30,26),28))),(22,(((23,12),(7,(15,(16,10)))),(((24,19),((6,29),(9,(2,1)))),(27,((4,13),14))))))),(3,(5,20))));

STEP 85 [NNI_IncrementalHeuristic_M3 -> NNI_Substep_85] - Distance: 129.0000
(21,11,(((18,25),((17,(8,((30,26),28))),((((24,19),((6,29),(9,(2,1)))),(27,((4,13),14))),(((23,12),(7,(15,(16,10)))),22)))),(3,(5,20))));

STEP 86 [NNI_IncrementalHeuristic_M3 -> NNI_Substep_86] - Distance: 81.0000
(21,11,(((18,25),((17,(8,((30,26),28))),((((24,19),((6,29),(9,(2,1)))),(27,((4,13),14))),((22,(7,(15,(16,10)))),(23,12))))),(3,(5,20))));

STEP 87 [NNI_IncrementalHeuristic_M3 -> NNI_Substep_87] - Distance: 55.0000
(21,11,(((18,25),((17,(8,((30,26),28))),((((24,19),((6,29),(9,(2,1)))),(27,((4,13),14))),((7,(22,(15,(16,10)))),(23,12))))),(3,(5,20))));

STEP 88 [NNI_IncrementalHeuristic_M3 -> NNI_Substep_88] - Distance: 28.0000
(21,11,(((18,25),((17,(8,((30,26),28))),((((24,19),((6,29),(9,(2,1)))),(27,((4,13),14))),((7,(15,(22,(16,10)))),(23,12))))),(3,(5,20))));

STEP 89 [NNI_IncrementalHeuristic_M3 -> NNI_Substep_89] - Distance: 0.0000
(21,11,(((18,25),((17,(8,((30,26),28))),((((24,19),((6,29),(9,(2,1)))),(27,((4,13),14))),((7,(15,(10,(16,22)))),(23,12))))),(3,(5,20))));

========================================================
[FINAL] Total Steps: 89 | Final Distance: 0.0000
========================================================
