========================================================
HEURISTIC TRAJECTORY: VND Classic (MC)
========================================================
STEP 0 [START] - Distance: 149.0000
(((((((7,30),(12,22)),((28,(1,9)),(19,(24,15)))),((8,29),(23,21))),((3,(18,6)),(26,(11,27)))),(5,(25,(4,2)))),((20,(13,(17,14))),(10,16)));

STEP 1 [NNI_ClassicHeuristic_MC -> NNI_Substep_1] - Distance: 135.0000
(((3,(18,6)),(26,(11,27))),(((((7,30),(12,22)),((28,(1,9)),(19,(24,15)))),(((20,(13,(17,14))),(10,16)),(5,(25,(4,2))))),((8,29),(23,21))));

STEP 2 [NNI_ClassicHeuristic_MC -> NNI_Substep_2] - Distance: 133.0000
(((3,(18,6)),(27,(11,26))),(((((7,30),(12,22)),((28,(1,9)),(19,(24,15)))),(((20,(13,(17,14))),(10,16)),(5,(25,(4,2))))),((8,29),(23,21))));

STEP 3 [NNI_ClassicHeuristic_MC -> NNI_Substep_3] - Distance: 131.0000
(((3,(18,6)),(27,(11,26))),(((((7,30),(12,22)),((28,(1,9)),(15,(24,19)))),(((20,(13,(17,14))),(10,16)),(5,(25,(4,2))))),((8,29),(23,21))));

STEP 4 [NNI_ClassicHeuristic_MC -> NNI_Substep_4] - Distance: 129.0000
(((3,(18,6)),(27,(11,26))),((((((20,(13,(17,14))),(10,16)),(5,(25,(4,2)))),((28,(1,9)),(15,(24,19)))),((7,30),(12,22))),((8,29),(23,21))));

STEP 5 [NNI_ClassicHeuristic_MC -> NNI_Substep_5] - Distance: 128.0000
(((3,(18,6)),(27,(11,26))),((((((20,(10,16)),(13,(17,14))),(5,(25,(4,2)))),((28,(1,9)),(15,(24,19)))),((7,30),(12,22))),((8,29),(23,21))));

STEP 6 [NNI_ClassicHeuristic_MC -> NNI_Substep_6] - Distance: 127.0000
(((3,(18,6)),(27,(11,26))),((((((20,(10,16)),(13,(17,14))),((4,2),(25,5))),((28,(1,9)),(15,(24,19)))),((7,30),(12,22))),((8,29),(23,21))));

STEP 7 [SPR_ClassicHeuristic_MC -> NNI_Substep_1] - Distance: 127.0000
(((3,(18,6)),(27,(11,26))),(((((((20,10),16),(13,(17,14))),((4,2),(25,5))),((28,(1,9)),(15,(24,19)))),((7,30),(12,22))),((8,29),(23,21))));

STEP 8 [SPR_ClassicHeuristic_MC -> NNI_Substep_2] - Distance: 129.0000
(((3,(18,6)),(27,(11,26))),(((((((20,10),(13,(17,14))),16),((4,2),(25,5))),((28,(1,9)),(15,(24,19)))),((7,30),(12,22))),((8,29),(23,21))));

STEP 9 [SPR_ClassicHeuristic_MC -> NNI_Substep_3] - Distance: 130.0000
(((3,(18,6)),(27,(11,26))),(((((((20,10),(13,(17,14))),((4,2),(25,5))),16),((28,(1,9)),(15,(24,19)))),((7,30),(12,22))),((8,29),(23,21))));

STEP 10 [SPR_ClassicHeuristic_MC -> NNI_Substep_4] - Distance: 131.0000
(((3,(18,6)),(27,(11,26))),(((((((20,10),(13,(17,14))),((4,2),(25,5))),((28,(1,9)),(15,(24,19)))),16),((7,30),(12,22))),((8,29),(23,21))));

STEP 11 [SPR_ClassicHeuristic_MC -> NNI_Substep_5] - Distance: 130.0000
(((3,(18,6)),(27,(11,26))),(((((((20,10),(13,(17,14))),((4,2),(25,5))),((28,(1,9)),(15,(24,19)))),((7,30),(12,22))),16),((8,29),(23,21))));

STEP 12 [SPR_ClassicHeuristic_MC -> NNI_Substep_6] - Distance: 129.0000
(((3,(18,6)),(27,(11,26))),(((((((20,10),(13,(17,14))),((4,2),(25,5))),((28,(1,9)),(15,(24,19)))),((7,30),(12,22))),((8,29),(23,21))),16));

STEP 13 [SPR_ClassicHeuristic_MC -> NNI_Substep_7] - Distance: 120.0000
(((3,(18,6)),((27,(11,26)),16)),((((((20,10),(13,(17,14))),((4,2),(25,5))),((28,(1,9)),(15,(24,19)))),((7,30),(12,22))),((8,29),(23,21))));

STEP 14 [SPR_ClassicHeuristic_MC -> NNI_Substep_8] - Distance: 118.0000
(((3,(18,6)),(27,((11,26),16))),((((((20,10),(13,(17,14))),((4,2),(25,5))),((28,(1,9)),(15,(24,19)))),((7,30),(12,22))),((8,29),(23,21))));

STEP 15 [SPR_ClassicHeuristic_MC -> NNI_Substep_9] - Distance: 116.0000
(((3,(18,6)),(27,(11,(26,16)))),((((((20,10),(13,(17,14))),((4,2),(25,5))),((28,(1,9)),(15,(24,19)))),((7,30),(12,22))),((8,29),(23,21))));

STEP 16 [SPR_ClassicHeuristic_MC -> NNI_Substep_10] - Distance: 117.0000
(((3,(18,6)),(27,(11,(26,16)))),((((((20,10),(13,(17,14))),((4,2),(25,5))),(((28,(1,9)),15),(24,19))),((7,30),(12,22))),((8,29),(23,21))));

STEP 17 [SPR_ClassicHeuristic_MC -> NNI_Substep_11] - Distance: 118.0000
(((3,(18,6)),(27,(11,(26,16)))),(((((((20,10),(13,(17,14))),((4,2),(25,5))),((28,(1,9)),15)),(24,19)),((7,30),(12,22))),((8,29),(23,21))));

STEP 18 [SPR_ClassicHeuristic_MC -> NNI_Substep_12] - Distance: 116.0000
(((3,(18,6)),(27,(11,(26,16)))),(((((((20,10),(13,(17,14))),((4,2),(25,5))),((28,(1,9)),15)),((7,30),(12,22))),(24,19)),((8,29),(23,21))));

STEP 19 [SPR_ClassicHeuristic_MC -> NNI_Substep_13] - Distance: 114.0000
(((3,(18,6)),(27,(11,(26,16)))),(((((((20,10),(13,(17,14))),((4,2),(25,5))),((28,(1,9)),15)),((7,30),(12,22))),((8,29),(23,21))),(24,19)));

STEP 20 [SPR_ClassicHeuristic_MC -> NNI_Substep_14] - Distance: 106.0000
((((3,(18,6)),(24,19)),(27,(11,(26,16)))),((((((20,10),(13,(17,14))),((4,2),(25,5))),((28,(1,9)),15)),((7,30),(12,22))),((8,29),(23,21))));

STEP 21 [SPR_ClassicHeuristic_MC -> NNI_Substep_15] - Distance: 107.0000
((((3,(18,6)),(24,19)),(27,(11,(26,16)))),((((((20,10),(13,(17,14))),((4,2),(25,5))),((28,(1,9)),15)),((7,30),(12,22))),(((8,29),21),23)));

STEP 22 [SPR_ClassicHeuristic_MC -> NNI_Substep_16] - Distance: 109.0000
((((3,(18,6)),(24,19)),(27,(11,(26,16)))),(((((((20,10),(13,(17,14))),((4,2),(25,5))),((28,(1,9)),15)),((7,30),(12,22))),((8,29),21)),23));

STEP 23 [SPR_ClassicHeuristic_MC -> NNI_Substep_17] - Distance: 102.0000
((((3,(18,6)),(24,19)),((27,(11,(26,16))),23)),((((((20,10),(13,(17,14))),((4,2),(25,5))),((28,(1,9)),15)),((7,30),(12,22))),((8,29),21)));

STEP 24 [SPR_ClassicHeuristic_MC -> NNI_Substep_18] - Distance: 100.0000
((((3,(18,6)),(24,19)),(27,((11,(26,16)),23))),((((((20,10),(13,(17,14))),((4,2),(25,5))),((28,(1,9)),15)),((7,30),(12,22))),((8,29),21)));

STEP 25 [SPR_ClassicHeuristic_MC -> NNI_Substep_19] - Distance: 98.0000
((((3,(18,6)),(24,19)),(27,(11,((26,16),23)))),((((((20,10),(13,(17,14))),((4,2),(25,5))),((28,(1,9)),15)),((7,30),(12,22))),((8,29),21)));

STEP 26 [SPR_ClassicHeuristic_MC -> NNI_Substep_20] - Distance: 99.0000
((((3,(18,6)),(24,19)),(27,(11,((26,16),23)))),((((((20,10),(13,(17,14))),((4,2),(25,5))),((28,(1,9)),15)),(((7,30),22),12)),((8,29),21)));

STEP 27 [SPR_ClassicHeuristic_MC -> NNI_Substep_21] - Distance: 101.0000
((((3,(18,6)),(24,19)),(27,(11,((26,16),23)))),(((((((20,10),(13,(17,14))),((4,2),(25,5))),((28,(1,9)),15)),((7,30),22)),12),((8,29),21)));

STEP 28 [SPR_ClassicHeuristic_MC -> NNI_Substep_22] - Distance: 99.0000
((((3,(18,6)),(24,19)),(27,(11,((26,16),23)))),(((((((20,10),(13,(17,14))),((4,2),(25,5))),((28,(1,9)),15)),((7,30),22)),((8,29),21)),12));

STEP 29 [SPR_ClassicHeuristic_MC -> NNI_Substep_23] - Distance: 96.0000
((((3,(18,6)),(24,19)),((27,(11,((26,16),23))),12)),((((((20,10),(13,(17,14))),((4,2),(25,5))),((28,(1,9)),15)),((7,30),22)),((8,29),21)));

STEP 30 [SPR_ClassicHeuristic_MC -> NNI_Substep_24] - Distance: 94.0000
((((3,(18,6)),(24,19)),(27,((11,((26,16),23)),12))),((((((20,10),(13,(17,14))),((4,2),(25,5))),((28,(1,9)),15)),((7,30),22)),((8,29),21)));

STEP 31 [SPR_ClassicHeuristic_MC -> NNI_Substep_25] - Distance: 90.0000
((((3,(18,6)),(24,19)),(27,((11,12),((26,16),23)))),((((((20,10),(13,(17,14))),((4,2),(25,5))),((28,(1,9)),15)),((7,30),22)),((8,29),21)));

STEP 32 [SPR_ClassicHeuristic_MC -> NNI_Substep_26] - Distance: 90.0000
((((3,(18,6)),(24,19)),(27,((11,12),((26,16),23)))),((((((20,10),(13,(17,14))),((4,2),(25,5))),((28,(1,9)),15)),((30,22),7)),((8,29),21)));

STEP 33 [SPR_ClassicHeuristic_MC -> NNI_Substep_27] - Distance: 92.0000
((((3,(18,6)),(24,19)),(27,((11,12),((26,16),23)))),(((((((20,10),(13,(17,14))),((4,2),(25,5))),((28,(1,9)),15)),(30,22)),7),((8,29),21)));

STEP 34 [SPR_ClassicHeuristic_MC -> NNI_Substep_28] - Distance: 90.0000
((((3,(18,6)),(24,19)),(27,((11,12),((26,16),23)))),(((((((20,10),(13,(17,14))),((4,2),(25,5))),((28,(1,9)),15)),(30,22)),((8,29),21)),7));

STEP 35 [SPR_ClassicHeuristic_MC -> NNI_Substep_29] - Distance: 89.0000
((((3,(18,6)),(24,19)),((27,((11,12),((26,16),23))),7)),((((((20,10),(13,(17,14))),((4,2),(25,5))),((28,(1,9)),15)),(30,22)),((8,29),21)));

STEP 36 [SPR_ClassicHeuristic_MC -> NNI_Substep_30] - Distance: 83.0000
((((3,(18,6)),(24,19)),((27,7),((11,12),((26,16),23)))),((((((20,10),(13,(17,14))),((4,2),(25,5))),((28,(1,9)),15)),(30,22)),((8,29),21)));

STEP 37 [SPR_ClassicHeuristic_MC -> NNI_Substep_31] - Distance: 83.0000
((((3,(18,6)),(24,19)),((27,7),((11,12),((26,16),23)))),((((((20,10),(13,(17,14))),((4,2),(25,5))),((28,(1,9)),15)),(30,22)),((8,21),29)));

STEP 38 [SPR_ClassicHeuristic_MC -> NNI_Substep_32] - Distance: 83.0000
((((3,(18,6)),(24,19)),((27,7),((11,12),((26,16),23)))),(((((((20,10),(13,(17,14))),((4,2),(25,5))),((28,(1,9)),15)),(30,22)),(8,21)),29));

STEP 39 [SPR_ClassicHeuristic_MC -> NNI_Substep_33] - Distance: 84.0000
((((3,(18,6)),(24,19)),(((27,7),((11,12),((26,16),23))),29)),((((((20,10),(13,(17,14))),((4,2),(25,5))),((28,(1,9)),15)),(30,22)),(8,21)));

STEP 40 [SPR_ClassicHeuristic_MC -> NNI_Substep_34] - Distance: 78.0000
((((3,(18,6)),(24,19)),(((27,7),29),((11,12),((26,16),23)))),((((((20,10),(13,(17,14))),((4,2),(25,5))),((28,(1,9)),15)),(30,22)),(8,21)));

STEP 41 [SPR_ClassicHeuristic_MC -> NNI_Substep_35] - Distance: 76.0000
((((3,(18,6)),(24,19)),((27,(7,29)),((11,12),((26,16),23)))),((((((20,10),(13,(17,14))),((4,2),(25,5))),((28,(1,9)),15)),(30,22)),(8,21)));

STEP 42 [SPR_ClassicHeuristic_MC -> NNI_Substep_36] - Distance: 76.0000
(((((3,6),18),(24,19)),((27,(7,29)),((11,12),((26,16),23)))),((((((20,10),(13,(17,14))),((4,2),(25,5))),((28,(1,9)),15)),(30,22)),(8,21)));

STEP 43 [SPR_ClassicHeuristic_MC -> NNI_Substep_37] - Distance: 77.0000
(((((3,6),(24,19)),18),((27,(7,29)),((11,12),((26,16),23)))),((((((20,10),(13,(17,14))),((4,2),(25,5))),((28,(1,9)),15)),(30,22)),(8,21)));

STEP 44 [SPR_ClassicHeuristic_MC -> NNI_Substep_38] - Distance: 80.0000
(((((3,6),(24,19)),((27,(7,29)),((11,12),((26,16),23)))),18),((((((20,10),(13,(17,14))),((4,2),(25,5))),((28,(1,9)),15)),(30,22)),(8,21)));

STEP 45 [SPR_ClassicHeuristic_MC -> NNI_Substep_39] - Distance: 75.0000
((((3,6),(24,19)),(((27,(7,29)),((11,12),((26,16),23))),18)),((((((20,10),(13,(17,14))),((4,2),(25,5))),((28,(1,9)),15)),(30,22)),(8,21)));

STEP 46 [SPR_ClassicHeuristic_MC -> NNI_Substep_40] - Distance: 69.0000
((((3,6),(24,19)),(((27,(7,29)),18),((11,12),((26,16),23)))),((((((20,10),(13,(17,14))),((4,2),(25,5))),((28,(1,9)),15)),(30,22)),(8,21)));

STEP 47 [SPR_ClassicHeuristic_MC -> NNI_Substep_41] - Distance: 70.0000
((((3,6),(24,19)),(((27,(7,29)),18),((11,12),((26,16),23)))),((((((20,10),(13,(17,14))),((2,(25,5)),4)),((28,(1,9)),15)),(30,22)),(8,21)));

STEP 48 [SPR_ClassicHeuristic_MC -> NNI_Substep_42] - Distance: 70.0000
((((3,6),(24,19)),(((27,(7,29)),18),((11,12),((26,16),23)))),(((((((20,10),(13,(17,14))),(2,(25,5))),4),((28,(1,9)),15)),(30,22)),(8,21)));

STEP 49 [SPR_ClassicHeuristic_MC -> NNI_Substep_43] - Distance: 69.0000
((((3,6),(24,19)),(((27,(7,29)),18),((11,12),((26,16),23)))),(((((((20,10),(13,(17,14))),(2,(25,5))),((28,(1,9)),15)),4),(30,22)),(8,21)));

STEP 50 [SPR_ClassicHeuristic_MC -> NNI_Substep_44] - Distance: 66.0000
((((3,6),(24,19)),(((27,(7,29)),18),((11,12),((26,16),23)))),(((((((20,10),(13,(17,14))),(2,(25,5))),((28,(1,9)),15)),(30,22)),4),(8,21)));

STEP 51 [SPR_ClassicHeuristic_MC -> NNI_Substep_45] - Distance: 63.0000
((((3,6),(24,19)),(((27,(7,29)),18),((11,12),((26,16),23)))),(((((((20,10),(13,(17,14))),(2,(25,5))),((28,(1,9)),15)),(30,22)),(8,21)),4));

STEP 52 [SPR_ClassicHeuristic_MC -> NNI_Substep_46] - Distance: 64.0000
((((3,6),(24,19)),(((27,(7,29)),18),((11,12),((26,16),23)))),(((((((13,(17,14)),(2,(25,5))),(20,10)),((28,(1,9)),15)),(30,22)),(8,21)),4));

STEP 53 [SPR_ClassicHeuristic_MC -> NNI_Substep_47] - Distance: 62.0000
((((3,6),(24,19)),(((27,(7,29)),18),((11,12),((26,16),23)))),(((((((13,(17,14)),(2,(25,5))),((28,(1,9)),15)),(20,10)),(30,22)),(8,21)),4));

STEP 54 [SPR_ClassicHeuristic_MC -> NNI_Substep_48] - Distance: 60.0000
((((3,6),(24,19)),(((27,(7,29)),18),((11,12),((26,16),23)))),(((((((13,(17,14)),(2,(25,5))),((28,(1,9)),15)),(30,22)),(20,10)),(8,21)),4));

STEP 55 [SPR_ClassicHeuristic_MC -> NNI_Substep_49] - Distance: 58.0000
((((3,6),(24,19)),(((27,(7,29)),18),((11,12),((26,16),23)))),(((((((13,(17,14)),(2,(25,5))),((28,(1,9)),15)),(30,22)),(8,21)),(20,10)),4));

STEP 56 [SPR_ClassicHeuristic_MC -> NNI_Substep_50] - Distance: 61.0000
((((3,6),(24,19)),(((27,(7,29)),18),((11,12),((26,16),23)))),((((((((13,(17,14)),(2,(25,5))),((28,(1,9)),15)),22),30),(8,21)),(20,10)),4));

STEP 57 [SPR_ClassicHeuristic_MC -> NNI_Substep_51] - Distance: 59.0000
((((3,6),(24,19)),(((27,(7,29)),18),((11,12),((26,16),23)))),((((((((13,(17,14)),(2,(25,5))),((28,(1,9)),15)),30),22),(8,21)),(20,10)),4));

STEP 58 [SPR_ClassicHeuristic_MC -> NNI_Substep_52] - Distance: 58.0000
((((3,6),(24,19)),(((27,(7,29)),18),((11,12),((26,16),23)))),((((((((13,(17,14)),(2,(25,5))),30),((28,(1,9)),15)),22),(8,21)),(20,10)),4));

STEP 59 [SPR_ClassicHeuristic_MC -> NNI_Substep_53] - Distance: 56.0000
((((3,6),(24,19)),(((27,(7,29)),18),((11,12),((26,16),23)))),((((((((13,(17,14)),30),(2,(25,5))),((28,(1,9)),15)),22),(8,21)),(20,10)),4));

STEP 60 [SPR_ClassicHeuristic_MC -> NNI_Substep_54] - Distance: 54.0000
((((3,6),(24,19)),(((27,(7,29)),18),((11,12),((26,16),23)))),(((((((13,((17,14),30)),(2,(25,5))),((28,(1,9)),15)),22),(8,21)),(20,10)),4));

STEP 61 [SPR_ClassicHeuristic_MC -> NNI_Substep_55] - Distance: 52.0000
((((3,6),(24,19)),(((27,(7,29)),18),((11,12),((26,16),23)))),(((((((13,((17,30),14)),(2,(25,5))),((28,(1,9)),15)),22),(8,21)),(20,10)),4));

STEP 62 [SPR_ClassicHeuristic_MC -> NNI_Substep_56] - Distance: 53.0000
((((6,(24,19)),3),(((27,(7,29)),18),((11,12),((26,16),23)))),(((((((13,((17,30),14)),(2,(25,5))),((28,(1,9)),15)),22),(8,21)),(20,10)),4));

STEP 63 [SPR_ClassicHeuristic_MC -> NNI_Substep_57] - Distance: 61.0000
((((6,(24,19)),(((27,(7,29)),18),((11,12),((26,16),23)))),3),(((((((13,((17,30),14)),(2,(25,5))),((28,(1,9)),15)),22),(8,21)),(20,10)),4));

STEP 64 [SPR_ClassicHeuristic_MC -> NNI_Substep_58] - Distance: 47.0000
(((6,(24,19)),(((27,(7,29)),18),((11,12),((26,16),23)))),(((((((13,((17,30),14)),(2,(25,5))),((28,(1,9)),15)),22),(8,21)),(20,10)),(4,3)));

STEP 65 [SPR_ClassicHeuristic_MC -> NNI_Substep_59] - Distance: 47.0000
(((6,(24,19)),(((27,(7,29)),18),((11,12),((26,16),23)))),(((((((13,((17,30),14)),((2,5),25)),((28,(1,9)),15)),22),(8,21)),(20,10)),(4,3)));

STEP 66 [SPR_ClassicHeuristic_MC -> NNI_Substep_60] - Distance: 50.0000
(((6,(24,19)),(((27,(7,29)),18),((11,12),((26,16),23)))),((((((((13,((17,30),14)),(2,5)),25),((28,(1,9)),15)),22),(8,21)),(20,10)),(4,3)));

STEP 67 [SPR_ClassicHeuristic_MC -> NNI_Substep_61] - Distance: 49.0000
(((6,(24,19)),(((27,(7,29)),18),((11,12),((26,16),23)))),((((((((13,((17,30),14)),(2,5)),((28,(1,9)),15)),25),22),(8,21)),(20,10)),(4,3)));

STEP 68 [SPR_ClassicHeuristic_MC -> NNI_Substep_62] - Distance: 49.0000
(((6,(24,19)),(((27,(7,29)),18),((11,12),((26,16),23)))),((((((((13,((17,30),14)),(2,5)),((28,(1,9)),15)),22),25),(8,21)),(20,10)),(4,3)));

STEP 69 [SPR_ClassicHeuristic_MC -> NNI_Substep_63] - Distance: 42.0000
(((6,(24,19)),(((27,(7,29)),18),((11,12),((26,16),23)))),(((((((13,((17,30),14)),(2,5)),((28,(1,9)),15)),(22,25)),(8,21)),(20,10)),(4,3)));

STEP 70 [SPR_ClassicHeuristic_MC -> NNI_Substep_64] - Distance: 42.0000
(((6,(24,19)),(((27,(7,29)),18),((11,12),((26,16),23)))),(((((((13,((17,30),14)),(2,5)),(((28,9),1),15)),(22,25)),(8,21)),(20,10)),(4,3)));

STEP 71 [SPR_ClassicHeuristic_MC -> NNI_Substep_65] - Distance: 40.0000
(((6,(24,19)),(((27,(7,29)),18),((11,12),((26,16),23)))),(((((((13,((17,30),14)),(2,5)),(((28,9),15),1)),(22,25)),(8,21)),(20,10)),(4,3)));

STEP 72 [SPR_ClassicHeuristic_MC -> NNI_Substep_66] - Distance: 41.0000
(((6,(24,19)),(((27,(7,29)),18),((11,12),((26,16),23)))),((((((((13,((17,30),14)),(2,5)),((28,9),15)),1),(22,25)),(8,21)),(20,10)),(4,3)));

STEP 73 [SPR_ClassicHeuristic_MC -> NNI_Substep_67] - Distance: 41.0000
(((6,(24,19)),(((27,(7,29)),18),((11,12),((26,16),23)))),((((((((13,((17,30),14)),(2,5)),1),((28,9),15)),(22,25)),(8,21)),(20,10)),(4,3)));

STEP 74 [SPR_ClassicHeuristic_MC -> NNI_Substep_68] - Distance: 40.0000
(((6,(24,19)),(((27,(7,29)),18),((11,12),((26,16),23)))),((((((((13,((17,30),14)),1),(2,5)),((28,9),15)),(22,25)),(8,21)),(20,10)),(4,3)));

STEP 75 [SPR_ClassicHeuristic_MC -> NNI_Substep_69] - Distance: 38.0000
(((6,(24,19)),(((27,(7,29)),18),((11,12),((26,16),23)))),(((((((13,(((17,30),14),1)),(2,5)),((28,9),15)),(22,25)),(8,21)),(20,10)),(4,3)));

STEP 76 [SPR_ClassicHeuristic_MC -> NNI_Substep_70] - Distance: 37.0000
(((6,(24,19)),(((27,(7,29)),18),((11,12),((26,16),23)))),(((((((13,((17,30),(14,1))),(2,5)),((28,9),15)),(22,25)),(8,21)),(20,10)),(4,3)));

STEP 77 [SPR_ClassicHeuristic_MC -> NNI_Substep_71] - Distance: 38.0000
(((6,(24,19)),(((27,(7,29)),18),((11,12),((26,16),23)))),(((((((13,(((17,30),1),14)),(2,5)),((28,9),15)),(22,25)),(8,21)),(20,10)),(4,3)));

STEP 78 [SPR_ClassicHeuristic_MC -> NNI_Substep_72] - Distance: 36.0000
(((6,(24,19)),(((27,(7,29)),18),((11,12),((26,16),23)))),((((((((13,((17,30),1)),14),(2,5)),((28,9),15)),(22,25)),(8,21)),(20,10)),(4,3)));

STEP 79 [SPR_ClassicHeuristic_MC -> NNI_Substep_73] - Distance: 35.0000
(((6,(24,19)),(((27,(7,29)),18),((11,12),((26,16),23)))),((((((((13,((17,30),1)),(2,5)),14),((28,9),15)),(22,25)),(8,21)),(20,10)),(4,3)));

STEP 80 [SPR_ClassicHeuristic_MC -> NNI_Substep_74] - Distance: 35.0000
(((6,(24,19)),(((27,(7,29)),18),((11,12),((26,16),23)))),((((((((13,((17,30),1)),(2,5)),((28,9),15)),14),(22,25)),(8,21)),(20,10)),(4,3)));

STEP 81 [SPR_ClassicHeuristic_MC -> NNI_Substep_75] - Distance: 36.0000
(((6,(24,19)),(((27,(7,29)),18),((11,12),((26,16),23)))),((((((((13,((17,30),1)),(2,5)),((28,9),15)),(22,25)),14),(8,21)),(20,10)),(4,3)));

STEP 82 [SPR_ClassicHeuristic_MC -> NNI_Substep_76] - Distance: 35.0000
(((6,(24,19)),(((27,(7,29)),18),((11,12),((26,16),23)))),((((((((13,((17,30),1)),(2,5)),((28,9),15)),(22,25)),(8,21)),14),(20,10)),(4,3)));

STEP 83 [SPR_ClassicHeuristic_MC -> NNI_Substep_77] - Distance: 36.0000
(((6,(24,19)),(((27,(7,29)),18),((11,12),((26,16),23)))),((((((((13,((17,30),1)),(2,5)),((28,9),15)),(22,25)),(8,21)),(20,10)),14),(4,3)));

STEP 84 [SPR_ClassicHeuristic_MC -> NNI_Substep_78] - Distance: 32.0000
(((6,(24,19)),(((27,(7,29)),18),((11,12),((26,16),23)))),(((((((13,((17,30),1)),(2,5)),((28,9),15)),(22,25)),(8,21)),((20,10),14)),(4,3)));

STEP 85 [SPR_ClassicHeuristic_MC -> NNI_Substep_79] - Distance: 30.0000
(((6,(24,19)),(((27,(7,29)),18),((11,12),((26,16),23)))),(((((((13,((17,30),1)),(2,5)),((28,9),15)),(22,25)),(8,21)),(20,(10,14))),(4,3)));

STEP 86 [SPR_ClassicHeuristic_MC -> NNI_Substep_80] - Distance: 36.0000
(((6,(24,19)),(((27,(7,29)),18),((11,12),((26,16),23)))),((((((((13,((17,30),1)),(2,5)),((28,9),15)),(22,25)),8),21),(20,(10,14))),(4,3)));

STEP 87 [SPR_ClassicHeuristic_MC -> NNI_Substep_81] - Distance: 36.0000
(((6,(24,19)),(((27,(7,29)),18),((11,12),((26,16),23)))),((((((((13,((17,30),1)),(2,5)),((28,9),15)),(22,25)),21),8),(20,(10,14))),(4,3)));

STEP 88 [SPR_ClassicHeuristic_MC -> NNI_Substep_82] - Distance: 33.0000
(((6,(24,19)),(((27,(7,29)),18),((11,12),((26,16),23)))),((((((((13,((17,30),1)),(2,5)),((28,9),15)),21),(22,25)),8),(20,(10,14))),(4,3)));

STEP 89 [SPR_ClassicHeuristic_MC -> NNI_Substep_83] - Distance: 31.0000
(((6,(24,19)),(((27,(7,29)),18),((11,12),((26,16),23)))),((((((((13,((17,30),1)),(2,5)),21),((28,9),15)),(22,25)),8),(20,(10,14))),(4,3)));

STEP 90 [SPR_ClassicHeuristic_MC -> NNI_Substep_84] - Distance: 26.0000
(((6,(24,19)),(((27,(7,29)),18),((11,12),((26,16),23)))),(((((((13,((17,30),1)),((2,5),21)),((28,9),15)),(22,25)),8),(20,(10,14))),(4,3)));

STEP 91 [SPR_ClassicHeuristic_MC -> NNI_Substep_85] - Distance: 32.0000
(((6,(24,19)),(((27,(7,29)),18),((11,12),((26,16),23)))),((((((((13,((17,30),1)),((2,5),21)),(28,9)),15),(22,25)),8),(20,(10,14))),(4,3)));

STEP 92 [SPR_ClassicHeuristic_MC -> NNI_Substep_86] - Distance: 33.0000
(((6,(24,19)),(((27,(7,29)),18),((11,12),((26,16),23)))),((((((((13,((17,30),1)),((2,5),21)),(28,9)),(22,25)),15),8),(20,(10,14))),(4,3)));

STEP 93 [SPR_ClassicHeuristic_MC -> NNI_Substep_87] - Distance: 33.0000
(((6,(24,19)),(((27,(7,29)),18),((11,12),((26,16),23)))),((((((((13,((17,30),1)),((2,5),21)),(28,9)),(22,25)),8),15),(20,(10,14))),(4,3)));

STEP 94 [SPR_ClassicHeuristic_MC -> NNI_Substep_88] - Distance: 33.0000
(((6,(24,19)),(((27,(7,29)),18),((11,12),((26,16),23)))),((((((((13,((17,30),1)),((2,5),21)),(28,9)),(22,25)),8),(20,(10,14))),15),(4,3)));

STEP 95 [SPR_ClassicHeuristic_MC -> NNI_Substep_89] - Distance: 26.0000
(((6,(24,19)),(((27,(7,29)),18),((11,12),((26,16),23)))),(((((((13,((17,30),1)),((2,5),21)),(28,9)),(22,25)),8),((20,(10,14)),15)),(4,3)));

STEP 96 [SPR_ClassicHeuristic_MC -> NNI_Substep_90] - Distance: 24.0000
(((6,(24,19)),(((27,(7,29)),18),((11,12),((26,16),23)))),(((((((13,((17,30),1)),((2,5),21)),(28,9)),(22,25)),8),(20,((10,14),15))),(4,3)));

STEP 97 [SPR_ClassicHeuristic_MC -> NNI_Substep_91] - Distance: 22.0000
(((6,(24,19)),(((27,(7,29)),18),((11,12),((26,16),23)))),(((((((13,((17,30),1)),((2,5),21)),(28,9)),(22,25)),8),(20,((10,15),14))),(4,3)));

STEP 98 [SPR_ClassicHeuristic_MC -> NNI_Substep_92] - Distance: 28.0000
(((6,(24,19)),(((27,(7,29)),18),((11,12),((26,16),23)))),((((((((13,((17,30),1)),((2,5),21)),28),9),(22,25)),8),(20,((10,15),14))),(4,3)));

STEP 99 [SPR_ClassicHeuristic_MC -> NNI_Substep_93] - Distance: 29.0000
(((6,(24,19)),(((27,(7,29)),18),((11,12),((26,16),23)))),((((((((13,((17,30),1)),((2,5),21)),28),(22,25)),9),8),(20,((10,15),14))),(4,3)));

STEP 100 [SPR_ClassicHeuristic_MC -> NNI_Substep_94] - Distance: 27.0000
(((6,(24,19)),(((27,(7,29)),18),((11,12),((26,16),23)))),((((((((13,((17,30),1)),((2,5),21)),28),(22,25)),8),9),(20,((10,15),14))),(4,3)));

STEP 101 [SPR_ClassicHeuristic_MC -> NNI_Substep_95] - Distance: 26.0000
(((6,(24,19)),(((27,(7,29)),18),((11,12),((26,16),23)))),((((((((13,((17,30),1)),((2,5),21)),28),(22,25)),8),(20,((10,15),14))),9),(4,3)));

STEP 102 [SPR_ClassicHeuristic_MC -> NNI_Substep_96] - Distance: 22.0000
(((6,(24,19)),(((27,(7,29)),18),((11,12),((26,16),23)))),(((((((13,((17,30),1)),((2,5),21)),28),(22,25)),8),((20,((10,15),14)),9)),(4,3)));

STEP 103 [SPR_ClassicHeuristic_MC -> NNI_Substep_97] - Distance: 20.0000
(((6,(24,19)),(((27,(7,29)),18),((11,12),((26,16),23)))),(((((((13,((17,30),1)),((2,5),21)),28),(22,25)),8),(20,(((10,15),14),9))),(4,3)));

STEP 104 [SPR_ClassicHeuristic_MC -> NNI_Substep_98] - Distance: 18.0000
(((6,(24,19)),(((27,(7,29)),18),((11,12),((26,16),23)))),(((((((13,((17,30),1)),((2,5),21)),28),(22,25)),8),(20,(((10,15),9),14))),(4,3)));

STEP 105 [SPR_ClassicHeuristic_MC -> NNI_Substep_99] - Distance: 16.0000
(((6,(24,19)),(((27,(7,29)),18),((11,12),((26,16),23)))),(((((((13,((17,30),1)),((2,5),21)),28),(22,25)),8),(20,((10,(15,9)),14))),(4,3)));

STEP 106 [SPR_ClassicHeuristic_MC -> NNI_Substep_100] - Distance: 25.0000
(((6,(24,19)),(((27,(7,29)),18),((11,12),((26,16),23)))),((((((((13,((17,30),1)),((2,5),21)),28),(22,25)),8),20),((10,(15,9)),14)),(4,3)));

STEP 107 [SPR_ClassicHeuristic_MC -> NNI_Substep_101] - Distance: 20.0000
(((6,(24,19)),(((27,(7,29)),18),((11,12),((26,16),23)))),((((((((13,((17,30),1)),((2,5),21)),28),(22,25)),8),((10,(15,9)),14)),20),(4,3)));

STEP 108 [SPR_ClassicHeuristic_MC -> NNI_Substep_102] - Distance: 12.0000
(((6,(24,19)),(((27,(7,29)),18),((11,12),((26,16),23)))),(((((((13,((17,30),1)),((2,5),21)),28),(22,25)),(8,((10,(15,9)),14))),20),(4,3)));

STEP 109 [SPR_ClassicHeuristic_MC -> NNI_Substep_103] - Distance: 12.0000
(((6,(24,19)),(((27,(7,29)),18),((11,12),((26,16),23)))),(((((((13,((17,30),1)),((5,21),2)),28),(22,25)),(8,((10,(15,9)),14))),20),(4,3)));

STEP 110 [SPR_ClassicHeuristic_MC -> NNI_Substep_104] - Distance: 15.0000
(((6,(24,19)),(((27,(7,29)),18),((11,12),((26,16),23)))),((((((((13,((17,30),1)),(5,21)),2),28),(22,25)),(8,((10,(15,9)),14))),20),(4,3)));

STEP 111 [SPR_ClassicHeuristic_MC -> NNI_Substep_105] - Distance: 13.0000
(((6,(24,19)),(((27,(7,29)),18),((11,12),((26,16),23)))),((((((((13,((17,30),1)),(5,21)),28),2),(22,25)),(8,((10,(15,9)),14))),20),(4,3)));

STEP 112 [SPR_ClassicHeuristic_MC -> NNI_Substep_106] - Distance: 14.0000
(((6,(24,19)),(((27,(7,29)),18),((11,12),((26,16),23)))),((((((((13,((17,30),1)),(5,21)),28),(22,25)),2),(8,((10,(15,9)),14))),20),(4,3)));

STEP 113 [SPR_ClassicHeuristic_MC -> NNI_Substep_107] - Distance: 16.0000
(((6,(24,19)),(((27,(7,29)),18),((11,12),((26,16),23)))),((((((((13,((17,30),1)),(5,21)),28),(22,25)),(8,((10,(15,9)),14))),2),20),(4,3)));

STEP 114 [SPR_ClassicHeuristic_MC -> NNI_Substep_108] - Distance: 12.0000
(((6,(24,19)),(((27,(7,29)),18),((11,12),((26,16),23)))),(((((((13,((17,30),1)),(5,21)),28),(22,25)),((8,((10,(15,9)),14)),2)),20),(4,3)));

STEP 115 [SPR_ClassicHeuristic_MC -> NNI_Substep_109] - Distance: 9.0000
(((6,(24,19)),(((27,(7,29)),18),((11,12),((26,16),23)))),(((((((13,((17,30),1)),(5,21)),28),(22,25)),((8,2),((10,(15,9)),14))),20),(4,3)));

STEP 116 [SPR_ClassicHeuristic_MC -> NNI_Substep_110] - Distance: 12.0000
(((6,(24,19)),(((27,(7,29)),18),((11,12),((26,16),23)))),(((((((13,((17,30),1)),(5,21)),28),(22,25)),((2,((10,(15,9)),14)),8)),20),(4,3)));

STEP 117 [SPR_ClassicHeuristic_MC -> NNI_Substep_111] - Distance: 16.0000
(((6,(24,19)),(((27,(7,29)),18),((11,12),((26,16),23)))),((((((((13,((17,30),1)),(5,21)),28),(22,25)),(2,((10,(15,9)),14))),8),20),(4,3)));

STEP 118 [SPR_ClassicHeuristic_MC -> NNI_Substep_112] - Distance: 10.0000
(((6,(24,19)),(((27,(7,29)),18),((11,12),((26,16),23)))),((((((((13,((17,30),1)),(5,21)),28),(22,25)),8),(2,((10,(15,9)),14))),20),(4,3)));

STEP 119 [SPR_ClassicHeuristic_MC -> NNI_Substep_113] - Distance: 7.0000
(((6,(24,19)),(((27,(7,29)),18),((11,12),((26,16),23)))),((((((((13,((17,30),1)),(5,21)),28),8),(22,25)),(2,((10,(15,9)),14))),20),(4,3)));

STEP 120 [SPR_ClassicHeuristic_MC -> NNI_Substep_114] - Distance: 4.0000
(((6,(24,19)),(((27,(7,29)),18),((11,12),((26,16),23)))),(((((((13,((17,30),1)),(5,21)),(28,8)),(22,25)),(2,((10,(15,9)),14))),20),(4,3)));

STEP 121 [SPR_ClassicHeuristic_MC -> NNI_Substep_115] - Distance: 9.0000
(((6,(24,19)),(((27,(7,29)),18),((11,12),((26,16),23)))),((((((((13,((17,30),1)),(5,21)),8),28),(22,25)),(2,((10,(15,9)),14))),20),(4,3)));

STEP 122 [SPR_ClassicHeuristic_MC -> NNI_Substep_116] - Distance: 7.0000
(((6,(24,19)),(((27,(7,29)),18),((11,12),((26,16),23)))),((((((((13,((17,30),1)),(5,21)),28),8),(22,25)),(2,((10,(15,9)),14))),20),(4,3)));

STEP 123 [SPR_ClassicHeuristic_MC -> NNI_Substep_117] - Distance: 2.0000
(((6,(24,19)),(((27,(7,29)),18),((11,12),((26,16),23)))),(((((((13,((17,30),1)),((5,21),28)),8),(22,25)),(2,((10,(15,9)),14))),20),(4,3)));

STEP 124 [SPR_ClassicHeuristic_MC -> NNI_Substep_118] - Distance: 0.0000
(((6,(24,19)),(((27,(7,29)),18),((11,12),((26,16),23)))),(((((((13,((17,30),1)),((5,28),21)),8),(22,25)),(2,((10,(15,9)),14))),20),(4,3)));

========================================================
[FINAL] Total Steps: 124 | Final Distance: 0.0000
========================================================
