========================================================
HEURISTIC TRAJECTORY: VND Classic (MP_RF)
========================================================
STEP 0 [START] - Distance: 325.0000
((((((2,(18,8)),(13,((23,(11,15)),(21,(10,(25,27)))))),((4,30),(7,29))),((3,5),(19,9))),(((14,(26,22)),(16,28)),(24,(20,12)))),(17,(6,1)));

STEP 1 [NNI_ClassicHeuristic_MP_RF -> NNI_Substep_1] - Distance: 314.0000
((((14,(26,22)),(16,28)),(((((2,(18,8)),(13,((23,(11,15)),(21,(10,(25,27)))))),((4,30),(7,29))),((3,5),(19,9))),(24,(20,12)))),(17,(6,1)));

STEP 2 [NNI_ClassicHeuristic_MP_RF -> NNI_Substep_2] - Distance: 307.0000
((((14,(26,22)),(((((2,(18,8)),(13,((23,(11,15)),(21,(10,(25,27)))))),((4,30),(7,29))),((3,5),(19,9))),(24,(20,12)))),(16,28)),(17,(6,1)));

STEP 3 [NNI_ClassicHeuristic_MP_RF -> NNI_Substep_3] - Distance: 301.0000
((((14,(26,22)),(((24,(20,12)),((3,5),(19,9))),(((2,(18,8)),(13,((23,(11,15)),(21,(10,(25,27)))))),((4,30),(7,29))))),(16,28)),(17,(6,1)));

STEP 4 [NNI_ClassicHeuristic_MP_RF -> NNI_Substep_4] - Distance: 290.0000
((((((2,(18,8)),(13,((23,(11,15)),(21,(10,(25,27)))))),((4,30),(7,29))),(((24,(20,12)),((3,5),(19,9))),(14,(26,22)))),(16,28)),(17,(6,1)));

STEP 5 [NNI_ClassicHeuristic_MP_RF -> NNI_Substep_5] - Distance: 263.0000
((((17,(6,1)),(((24,(20,12)),((3,5),(19,9))),(14,(26,22)))),(((2,(18,8)),(13,((23,(11,15)),(21,(10,(25,27)))))),((4,30),(7,29)))),(16,28));

STEP 6 [NNI_ClassicHeuristic_MP_RF -> NNI_Substep_6] - Distance: 260.0000
(((((((24,(20,12)),((3,5),(19,9))),(14,(26,22))),(6,1)),17),(((2,(18,8)),(13,((23,(11,15)),(21,(10,(25,27)))))),((4,30),(7,29)))),(16,28));

STEP 7 [NNI_ClassicHeuristic_MP_RF -> NNI_Substep_7] - Distance: 259.0000
(((((((((3,5),(19,9)),(20,12)),24),(14,(26,22))),(6,1)),17),(((2,(18,8)),(13,((23,(11,15)),(21,(10,(25,27)))))),((4,30),(7,29)))),(16,28));

STEP 8 [NNI_ClassicHeuristic_MP_RF -> NNI_Substep_8] - Distance: 258.0000
(((((((20,(((3,5),(19,9)),12)),24),(14,(26,22))),(6,1)),17),(((2,(18,8)),(13,((23,(11,15)),(21,(10,(25,27)))))),((4,30),(7,29)))),(16,28));

STEP 9 [NNI_ClassicHeuristic_MP_RF -> NNI_Substep_9] - Distance: 257.0000
(((((((20,(((3,5),(19,9)),12)),(14,(26,22))),24),(6,1)),17),(((2,(18,8)),(13,((23,(11,15)),(21,(10,(25,27)))))),((4,30),(7,29)))),(16,28));

STEP 10 [NNI_ClassicHeuristic_MP_RF -> NNI_Substep_10] - Distance: 256.0000
((((((14,((20,(((3,5),(19,9)),12)),(26,22))),24),(6,1)),17),(((2,(18,8)),(13,((23,(11,15)),(21,(10,(25,27)))))),((4,30),(7,29)))),(16,28));

STEP 11 [NNI_ClassicHeuristic_MP_RF -> NNI_Substep_11] - Distance: 255.0000
((((((14,(26,((20,(((3,5),(19,9)),12)),22))),24),(6,1)),17),(((2,(18,8)),(13,((23,(11,15)),(21,(10,(25,27)))))),((4,30),(7,29)))),(16,28));

STEP 12 [NNI_ClassicHeuristic_MP_RF -> NNI_Substep_12] - Distance: 254.0000
((((((14,(26,((20,(((3,5),(19,9)),12)),22))),24),(6,1)),17),(((2,(18,8)),(13,(((21,(10,(25,27))),(11,15)),23))),((4,30),(7,29)))),(16,28));

STEP 13 [NNI_ClassicHeuristic_MP_RF -> NNI_Substep_13] - Distance: 253.0000
((((((14,(26,((20,(((3,5),(19,9)),12)),22))),24),(6,1)),17),(((2,(18,8)),((4,30),(7,29))),(13,(((21,(10,(25,27))),(11,15)),23)))),(16,28));

STEP 14 [NNI_ClassicHeuristic_MP_RF -> NNI_Substep_14] - Distance: 251.0000
((((((14,(26,((20,(((3,5),(19,9)),12)),22))),24),(6,1)),17),((((21,(10,(25,27))),(11,15)),23),(13,((2,(18,8)),((4,30),(7,29)))))),(16,28));

STEP 15 [NNI_ClassicHeuristic_MP_RF -> NNI_Substep_15] - Distance: 249.0000
(((((((21,(10,(25,27))),(11,15)),23),(13,((2,(18,8)),((4,30),(7,29))))),17),(((14,(26,((20,(((3,5),(19,9)),12)),22))),24),(6,1))),(16,28));

STEP 16 [NNI_ClassicHeuristic_MP_RF -> NNI_Substep_16] - Distance: 245.0000
((((17,(13,((2,(18,8)),((4,30),(7,29))))),(((21,(10,(25,27))),(11,15)),23)),(((14,(26,((20,(((3,5),(19,9)),12)),22))),24),(6,1))),(16,28));

STEP 17 [NNI_ClassicHeuristic_MP_RF -> NNI_Substep_17] - Distance: 242.0000
((((((2,(18,8)),((4,30),(7,29))),(13,17)),(((21,(10,(25,27))),(11,15)),23)),(((14,(26,((20,(((3,5),(19,9)),12)),22))),24),(6,1))),(16,28));

STEP 18 [2sECR_ClassicHeuristic_MP_RF -> NNI_Substep_1] - Distance: 244.0000
(((((2,(18,8)),((13,17),((4,30),(7,29)))),(((21,(10,(25,27))),(11,15)),23)),(((14,(26,((20,(((3,5),(19,9)),12)),22))),24),(6,1))),(16,28));

STEP 19 [2sECR_ClassicHeuristic_MP_RF -> NNI_Substep_2] - Distance: 239.0000
(((((13,17),((4,30),(7,29))),((((21,(10,(25,27))),(11,15)),23),(2,(18,8)))),(((14,(26,((20,(((3,5),(19,9)),12)),22))),24),(6,1))),(16,28));

STEP 20 [2sECR_ClassicHeuristic_MP_RF -> NNI_Substep_3] - Distance: 239.0000
(((((13,17),((4,30),(7,29))),(2,((((21,(10,(25,27))),(11,15)),23),(18,8)))),(((14,(26,((20,(((3,5),(19,9)),12)),22))),24),(6,1))),(16,28));

STEP 21 [2sECR_ClassicHeuristic_MP_RF -> NNI_Substep_4] - Distance: 231.0000
((((((13,17),((4,30),(7,29))),2),((((21,(10,(25,27))),(11,15)),23),(18,8))),(((14,(26,((20,(((3,5),(19,9)),12)),22))),24),(6,1))),(16,28));

STEP 22 [2sECR_ClassicHeuristic_MP_RF -> NNI_Substep_5] - Distance: 229.0000
((((((13,17),((4,30),(7,29))),2),(18,(8,(((21,(10,(25,27))),(11,15)),23)))),(((14,(26,((20,(((3,5),(19,9)),12)),22))),24),(6,1))),(16,28));

STEP 23 [2sECR_ClassicHeuristic_MP_RF -> NNI_Substep_6] - Distance: 228.0000
((((((13,17),((4,30),(7,29))),2),(18,(((21,(10,(25,27))),(11,15)),(23,8)))),(((14,(26,((20,(((3,5),(19,9)),12)),22))),24),(6,1))),(16,28));

STEP 24 [2sECR_ClassicHeuristic_MP_RF -> NNI_Substep_7] - Distance: 226.0000
(((((13,17),(2,((4,30),(7,29)))),(18,(((21,(10,(25,27))),(11,15)),(23,8)))),(((14,(26,((20,(((3,5),(19,9)),12)),22))),24),(6,1))),(16,28));

STEP 25 [2sECR_ClassicHeuristic_MP_RF -> NNI_Substep_8] - Distance: 226.0000
(((((13,17),(2,((4,30),(7,29)))),(18,(((21,(10,(25,27))),(11,15)),(23,8)))),(24,((6,1),(14,(26,((20,(((3,5),(19,9)),12)),22)))))),(16,28));

STEP 26 [2sECR_ClassicHeuristic_MP_RF -> NNI_Substep_9] - Distance: 224.0000
((((((13,17),(2,((4,30),(7,29)))),(18,(((21,(10,(25,27))),(11,15)),(23,8)))),24),((6,1),(14,(26,((20,(((3,5),(19,9)),12)),22))))),(16,28));

STEP 27 [2sECR_ClassicHeuristic_MP_RF -> NNI_Substep_10] - Distance: 218.0000
((((24,((13,17),(2,((4,30),(7,29))))),(18,(((21,(10,(25,27))),(11,15)),(23,8)))),((6,1),(14,(26,((20,(((3,5),(19,9)),12)),22))))),(16,28));

STEP 28 [2sECR_ClassicHeuristic_MP_RF -> NNI_Substep_11] - Distance: 216.0000
(((((13,17),(24,(2,((4,30),(7,29))))),(18,(((21,(10,(25,27))),(11,15)),(23,8)))),((6,1),(14,(26,((20,(((3,5),(19,9)),12)),22))))),(16,28));

STEP 29 [2sECR_ClassicHeuristic_MP_RF -> NNI_Substep_12] - Distance: 216.0000
(((((13,17),(24,(2,((4,30),(7,29))))),(18,(((21,(10,(25,27))),(11,15)),(23,8)))),(14,((6,1),(26,((20,(((3,5),(19,9)),12)),22))))),(16,28));

STEP 30 [2sECR_ClassicHeuristic_MP_RF -> NNI_Substep_13] - Distance: 214.0000
(((((13,17),(24,(2,((4,30),(7,29))))),(18,(((21,(10,(25,27))),(11,15)),(23,8)))),(14,(((20,(((3,5),(19,9)),12)),22),((6,1),26)))),(16,28));

STEP 31 [2sECR_ClassicHeuristic_MP_RF -> NNI_Substep_14] - Distance: 212.0000
(((((20,(((3,5),(19,9)),12)),22),((6,1),26)),(14,(((13,17),(24,(2,((4,30),(7,29))))),(18,(((21,(10,(25,27))),(11,15)),(23,8)))))),(16,28));

STEP 32 [2sECR_ClassicHeuristic_MP_RF -> NNI_Substep_15] - Distance: 206.0000
(((((20,(((3,5),(19,9)),12)),22),((6,1),26)),((18,(((21,(10,(25,27))),(11,15)),(23,8))),(((13,17),(24,(2,((4,30),(7,29))))),14))),(16,28));

STEP 33 [2sECR_ClassicHeuristic_MP_RF -> NNI_Substep_16] - Distance: 204.0000
(((((20,(((3,5),(19,9)),12)),22),((6,1),26)),((18,(((21,(10,(25,27))),(11,15)),(23,8))),((14,(24,(2,((4,30),(7,29))))),(13,17)))),(16,28));

STEP 34 [2sECR_ClassicHeuristic_MP_RF -> NNI_Substep_17] - Distance: 203.0000
(((((20,(((3,5),(19,9)),12)),22),((6,1),26)),((18,(((21,(10,(25,27))),(11,15)),(23,8))),((24,(14,(2,((4,30),(7,29))))),(13,17)))),(16,28));

STEP 35 [2sECR_ClassicHeuristic_MP_RF -> NNI_Substep_18] - Distance: 202.0000
(((((20,(((3,5),(19,9)),12)),22),((6,1),26)),((18,(((21,(10,(25,27))),(11,15)),(23,8))),((24,(2,(14,((4,30),(7,29))))),(13,17)))),(16,28));

STEP 36 [2sECR_ClassicHeuristic_MP_RF -> NNI_Substep_19] - Distance: 201.0000
(((((20,(((3,5),(19,9)),12)),22),((6,1),26)),((18,(((21,(10,(25,27))),(11,15)),(23,8))),((24,(2,((7,29),(14,(4,30))))),(13,17)))),(16,28));

STEP 37 [2sECR_ClassicHeuristic_MP_RF -> NNI_Substep_20] - Distance: 200.0000
(((((20,(((3,5),(19,9)),12)),22),(6,(26,1))),((18,(((21,(10,(25,27))),(11,15)),(23,8))),((24,(2,((7,29),(14,(4,30))))),(13,17)))),(16,28));

STEP 38 [3sECR_ClassicHeuristic_MP_RF -> NNI_Substep_1] - Distance: 200.0000
((((18,(((21,(10,(25,27))),(11,15)),(23,8))),((24,(2,((7,29),(14,(4,30))))),(13,17))),((6,(26,1)),((22,(((3,5),(19,9)),12)),20))),(16,28));

STEP 39 [3sECR_ClassicHeuristic_MP_RF -> NNI_Substep_2] - Distance: 200.0000
((((18,(((21,(10,(25,27))),(11,15)),(23,8))),((24,(2,((7,29),(14,(4,30))))),(13,17))),(((6,(26,1)),(22,(((3,5),(19,9)),12))),20)),(16,28));

STEP 40 [3sECR_ClassicHeuristic_MP_RF -> NNI_Substep_3] - Distance: 196.0000
(((((18,(((21,(10,(25,27))),(11,15)),(23,8))),((24,(2,((7,29),(14,(4,30))))),(13,17))),20),((6,(26,1)),(22,(((3,5),(19,9)),12)))),(16,28));

STEP 41 [3sECR_ClassicHeuristic_MP_RF -> NNI_Substep_4] - Distance: 189.0000
((((20,(18,(((21,(10,(25,27))),(11,15)),(23,8)))),((24,(2,((7,29),(14,(4,30))))),(13,17))),((6,(26,1)),(22,(((3,5),(19,9)),12)))),(16,28));

STEP 42 [3sECR_ClassicHeuristic_MP_RF -> NNI_Substep_5] - Distance: 188.0000
(((((20,(((21,(10,(25,27))),(11,15)),(23,8))),18),((24,(2,((7,29),(14,(4,30))))),(13,17))),((6,(26,1)),(22,(((3,5),(19,9)),12)))),(16,28));

STEP 43 [3sECR_ClassicHeuristic_MP_RF -> NNI_Substep_6] - Distance: 187.0000
((((((20,(23,8)),((21,(10,(25,27))),(11,15))),18),((24,(2,((7,29),(14,(4,30))))),(13,17))),((6,(26,1)),(22,(((3,5),(19,9)),12)))),(16,28));

STEP 44 [3sECR_ClassicHeuristic_MP_RF -> NNI_Substep_7] - Distance: 187.0000
((((((20,(23,8)),((21,(10,(25,27))),(11,15))),18),((24,(2,((7,29),(14,(4,30))))),(13,17))),((6,(26,1)),((22,((3,5),(19,9))),12))),(16,28));

STEP 45 [3sECR_ClassicHeuristic_MP_RF -> NNI_Substep_8] - Distance: 187.0000
((((((20,(23,8)),((21,(10,(25,27))),(11,15))),18),((24,(2,((7,29),(14,(4,30))))),(13,17))),(((6,(26,1)),(22,((3,5),(19,9)))),12)),(16,28));

STEP 46 [3sECR_ClassicHeuristic_MP_RF -> NNI_Substep_9] - Distance: 185.0000
(((((((20,(23,8)),((21,(10,(25,27))),(11,15))),18),((24,(2,((7,29),(14,(4,30))))),(13,17))),12),((6,(26,1)),(22,((3,5),(19,9))))),(16,28));

STEP 47 [3sECR_ClassicHeuristic_MP_RF -> NNI_Substep_10] - Distance: 178.0000
((((12,((13,17),(24,(2,((7,29),(14,(4,30))))))),(((20,(23,8)),((21,(10,(25,27))),(11,15))),18)),((6,(26,1)),(22,((3,5),(19,9))))),(16,28));

STEP 48 [3sECR_ClassicHeuristic_MP_RF -> NNI_Substep_11] - Distance: 176.0000
(((((12,(24,(2,((7,29),(14,(4,30)))))),(13,17)),(((20,(23,8)),((21,(10,(25,27))),(11,15))),18)),((6,(26,1)),(22,((3,5),(19,9))))),(16,28));

STEP 49 [3sECR_ClassicHeuristic_MP_RF -> NNI_Substep_12] - Distance: 175.0000
((((((12,(2,((7,29),(14,(4,30))))),24),(13,17)),(((20,(23,8)),((21,(10,(25,27))),(11,15))),18)),((6,(26,1)),(22,((3,5),(19,9))))),(16,28));

STEP 50 [3sECR_ClassicHeuristic_MP_RF -> NNI_Substep_13] - Distance: 175.0000
((((((12,(2,((7,29),(14,(4,30))))),24),(13,17)),(((20,(23,8)),((21,(10,(25,27))),(11,15))),18)),((6,(26,1)),((22,(3,5)),(19,9)))),(16,28));

STEP 51 [3sECR_ClassicHeuristic_MP_RF -> NNI_Substep_14] - Distance: 175.0000
((((((12,(2,((7,29),(14,(4,30))))),24),(13,17)),(((20,(23,8)),((21,(10,(25,27))),(11,15))),18)),(((6,(26,1)),(22,(3,5))),(19,9))),(16,28));

STEP 52 [3sECR_ClassicHeuristic_MP_RF -> NNI_Substep_15] - Distance: 168.0000
(((((((12,(2,((7,29),(14,(4,30))))),24),(13,17)),(((20,(23,8)),((21,(10,(25,27))),(11,15))),18)),(19,9)),((6,(26,1)),(22,(3,5)))),(16,28));

STEP 53 [3sECR_ClassicHeuristic_MP_RF -> NNI_Substep_16] - Distance: 161.0000
((((((20,(23,8)),((21,(10,(25,27))),(11,15))),18),((((12,(2,((7,29),(14,(4,30))))),24),(13,17)),(19,9))),((6,(26,1)),(22,(3,5)))),(16,28));

STEP 54 [3sECR_ClassicHeuristic_MP_RF -> NNI_Substep_17] - Distance: 161.0000
((((((20,(23,8)),((21,(10,(25,27))),(11,15))),18),(((((12,(2,((7,29),(14,(4,30))))),24),(13,17)),19),9)),((6,(26,1)),(22,(3,5)))),(16,28));

STEP 55 [3sECR_ClassicHeuristic_MP_RF -> NNI_Substep_18] - Distance: 159.0000
((((((20,(23,8)),((21,(10,(25,27))),(11,15))),18),(((((12,(2,((7,29),(14,(4,30))))),24),19),(13,17)),9)),((6,(26,1)),(22,(3,5)))),(16,28));

STEP 56 [3sECR_ClassicHeuristic_MP_RF -> NNI_Substep_19] - Distance: 148.0000
(((((((20,(23,8)),((21,(10,(25,27))),(11,15))),18),9),((((12,(2,((7,29),(14,(4,30))))),24),19),(13,17))),((6,(26,1)),(22,(3,5)))),(16,28));

STEP 57 [3sECR_ClassicHeuristic_MP_RF -> NNI_Substep_20] - Distance: 148.0000
(((((((20,(23,8)),((21,(10,(25,27))),(11,15))),18),9),((((12,(2,((7,29),(14,(4,30))))),24),19),(13,17))),((6,(26,1)),((22,3),5))),(16,28));

STEP 58 [3sECR_ClassicHeuristic_MP_RF -> NNI_Substep_21] - Distance: 144.0000
(((((((20,(23,8)),((21,(10,(25,27))),(11,15))),18),9),((((12,(2,((7,29),(14,(4,30))))),24),19),(13,17))),(((6,(26,1)),5),(22,3))),(16,28));

STEP 59 [3sECR_ClassicHeuristic_MP_RF -> NNI_Substep_22] - Distance: 143.0000
(((((((20,(23,8)),((21,(10,(25,27))),(11,15))),18),9),((((12,(2,((7,29),(14,(4,30))))),24),19),(13,17))),((6,((26,1),5)),(22,3))),(16,28));

STEP 60 [3sECR_ClassicHeuristic_MP_RF -> NNI_Substep_23] - Distance: 142.0000
(((((((20,(23,8)),((21,(10,(25,27))),(11,15))),18),9),(((((12,((7,29),(14,(4,30)))),2),24),19),(13,17))),((6,((26,1),5)),(22,3))),(16,28));

STEP 61 [3sECR_ClassicHeuristic_MP_RF -> NNI_Substep_24] - Distance: 141.0000
(((((((20,(23,8)),((21,(10,(25,27))),(11,15))),18),9),((((((12,(14,(4,30))),(7,29)),2),24),19),(13,17))),((6,((26,1),5)),(22,3))),(16,28));

STEP 62 [3sECR_ClassicHeuristic_MP_RF -> NNI_Substep_25] - Distance: 140.0000
(((((((20,(23,8)),((21,(10,(25,27))),(11,15))),18),9),(((((((12,14),(4,30)),(7,29)),2),24),19),(13,17))),((6,((26,1),5)),(22,3))),(16,28));

STEP 63 [3sECR_ClassicHeuristic_MP_RF -> NNI_Substep_26] - Distance: 139.0000
(((((((20,(23,8)),((21,(10,(25,27))),(11,15))),18),9),(((19,(2,(((12,14),(4,30)),(7,29)))),24),(13,17))),((6,((26,1),5)),(22,3))),(16,28));

STEP 64 [3sECR_ClassicHeuristic_MP_RF -> NNI_Substep_27] - Distance: 138.0000
(((((((20,(23,8)),((21,(10,(25,27))),(11,15))),18),9),((((19,(((12,14),(4,30)),(7,29))),2),24),(13,17))),((6,((26,1),5)),(22,3))),(16,28));

STEP 65 [3sECR_ClassicHeuristic_MP_RF -> NNI_Substep_28] - Distance: 137.0000
(((((((20,(23,8)),((21,(10,(25,27))),(11,15))),18),9),(((((19,((12,14),(4,30))),(7,29)),2),24),(13,17))),((6,((26,1),5)),(22,3))),(16,28));

STEP 66 [3sECR_ClassicHeuristic_MP_RF -> NNI_Substep_29] - Distance: 136.0000
(((((9,((20,(23,8)),((21,(10,(25,27))),(11,15)))),18),(((((19,((12,14),(4,30))),(7,29)),2),24),(13,17))),((6,((26,1),5)),(22,3))),(16,28));

STEP 67 [3sECR_ClassicHeuristic_MP_RF -> NNI_Substep_30] - Distance: 135.0000
((((((9,(20,(23,8))),((21,(10,(25,27))),(11,15))),18),(((((19,((12,14),(4,30))),(7,29)),2),24),(13,17))),((6,((26,1),5)),(22,3))),(16,28));

STEP 68 [3sECR_ClassicHeuristic_MP_RF -> NNI_Substep_31] - Distance: 134.0000
(((((((21,(10,(25,27))),(11,15)),(9,((20,8),23))),18),(((((19,((12,14),(4,30))),(7,29)),2),24),(13,17))),((6,((26,1),5)),(22,3))),(16,28));

STEP 69 [3sECR_ClassicHeuristic_MP_RF -> NNI_Substep_32] - Distance: 132.0000
(((((((21,(10,(25,27))),(11,15)),((9,23),(20,8))),18),(((((19,((12,14),(4,30))),(7,29)),2),24),(13,17))),((6,((26,1),5)),(22,3))),(16,28));

STEP 70 [3sECR_ClassicHeuristic_MP_RF -> NNI_Substep_33] - Distance: 132.0000
((((((((19,((12,14),(4,30))),(7,29)),2),24),(13,17)),(18,((((9,23),(20,8)),(21,(10,(25,27)))),(11,15)))),((6,((26,1),5)),(22,3))),(16,28));

STEP 71 [3sECR_ClassicHeuristic_MP_RF -> NNI_Substep_34] - Distance: 132.0000
((((((((19,((12,14),(4,30))),(7,29)),2),24),(13,17)),((18,(((9,23),(20,8)),(21,(10,(25,27))))),(11,15))),((6,((26,1),5)),(22,3))),(16,28));

STEP 72 [3sECR_ClassicHeuristic_MP_RF -> NNI_Substep_35] - Distance: 131.0000
(((((((((19,((12,14),(4,30))),(7,29)),2),24),(13,17)),(18,(((9,23),(20,8)),(21,(10,(25,27)))))),(11,15)),((6,((26,1),5)),(22,3))),(16,28));

STEP 73 [3sECR_ClassicHeuristic_MP_RF -> NNI_Substep_36] - Distance: 131.0000
((16,28),(((6,((26,1),5)),(22,3)),((((((((19,((12,14),(4,30))),(7,29)),2),24),(13,17)),(18,(((9,23),(20,8)),(21,(10,(25,27)))))),11),15)));

STEP 74 [3sECR_ClassicHeuristic_MP_RF -> NNI_Substep_37] - Distance: 131.0000
((16,28),((((6,((26,1),5)),(22,3)),(((((((19,((12,14),(4,30))),(7,29)),2),24),(13,17)),(18,(((9,23),(20,8)),(21,(10,(25,27)))))),11)),15));

STEP 75 [3sECR_ClassicHeuristic_MP_RF -> NNI_Substep_38] - Distance: 115.0000
((16,28),(((((6,((26,1),5)),(22,3)),11),((((((19,((12,14),(4,30))),(7,29)),2),24),(13,17)),(18,(((9,23),(20,8)),(21,(10,(25,27))))))),15));

STEP 76 [3sECR_ClassicHeuristic_MP_RF -> NNI_Substep_39] - Distance: 84.0000
(((16,28),15),(((11,(6,((26,1),5))),(22,3)),((((((19,((12,14),(4,30))),(7,29)),2),24),(13,17)),(18,(((9,23),(20,8)),(21,(10,(25,27))))))));

STEP 77 [3sECR_ClassicHeuristic_MP_RF -> NNI_Substep_40] - Distance: 81.0000
(((16,28),15),((((11,6),((26,1),5)),(22,3)),((((((19,((12,14),(4,30))),(7,29)),2),24),(13,17)),(18,(((9,23),(20,8)),(21,(10,(25,27))))))));

STEP 78 [3sECR_ClassicHeuristic_MP_RF -> NNI_Substep_41] - Distance: 81.0000
(((16,28),15),((((11,6),((26,1),5)),(22,3)),((((((19,((12,14),(4,30))),(7,29)),2),24),(13,17)),(18,(((9,23),(20,8)),(21,((10,27),25)))))));

STEP 79 [3sECR_ClassicHeuristic_MP_RF -> NNI_Substep_42] - Distance: 81.0000
(((16,28),15),((((11,6),((26,1),5)),(22,3)),((((((19,((12,14),(4,30))),(7,29)),2),24),(13,17)),(18,(((9,23),(20,8)),((21,(10,27)),25))))));

STEP 80 [3sECR_ClassicHeuristic_MP_RF -> NNI_Substep_43] - Distance: 78.0000
(((16,28),15),((((11,6),((26,1),5)),(22,3)),((((((19,((12,14),(4,30))),(7,29)),2),24),(13,17)),(18,((((9,23),(20,8)),25),(21,(10,27)))))));

STEP 81 [3sECR_ClassicHeuristic_MP_RF -> NNI_Substep_44] - Distance: 76.0000
(((16,28),15),((((11,6),((26,1),5)),(22,3)),((((((19,((12,14),(4,30))),(7,29)),2),24),(13,17)),(18,(((25,(20,8)),(9,23)),(21,(10,27)))))));

STEP 82 [3sECR_ClassicHeuristic_MP_RF -> NNI_Substep_45] - Distance: 75.0000
(((16,28),15),((((11,6),((26,1),5)),(22,3)),((((((19,((12,14),(4,30))),(7,29)),2),24),(13,17)),(18,((((25,8),20),(9,23)),(21,(10,27)))))));

STEP 83 [SPR_ClassicHeuristic_MP_RF -> NNI_Substep_1] - Distance: 75.0000
(((16,28),15),((((11,6),((26,1),5)),(22,3)),((((((19,((12,14),(4,30))),(7,29)),2),24),(13,17)),(18,((((25,8),20),(9,23)),((21,27),10))))));

STEP 84 [SPR_ClassicHeuristic_MP_RF -> NNI_Substep_2] - Distance: 75.0000
(((16,28),15),((((11,6),((26,1),5)),(22,3)),((((((19,((12,14),(4,30))),(7,29)),2),24),(13,17)),(18,(((((25,8),20),(9,23)),(21,27)),10)))));

STEP 85 [SPR_ClassicHeuristic_MP_RF -> NNI_Substep_3] - Distance: 75.0000
(((16,28),15),((((11,6),((26,1),5)),(22,3)),((((((19,((12,14),(4,30))),(7,29)),2),24),(13,17)),((18,((((25,8),20),(9,23)),(21,27))),10))));

STEP 86 [SPR_ClassicHeuristic_MP_RF -> NNI_Substep_4] - Distance: 74.0000
(((16,28),15),((((11,6),((26,1),5)),(22,3)),(((((((19,((12,14),(4,30))),(7,29)),2),24),(13,17)),(18,((((25,8),20),(9,23)),(21,27)))),10)));

STEP 87 [SPR_ClassicHeuristic_MP_RF -> NNI_Substep_5] - Distance: 74.0000
(((16,28),15),((((11,6),((26,1),5)),(22,3)),(((((((19,((12,14),(4,30))),(7,29)),2),24),(13,17)),10),(18,((((25,8),20),(9,23)),(21,27))))));

STEP 88 [SPR_ClassicHeuristic_MP_RF -> NNI_Substep_6] - Distance: 74.0000
(((16,28),15),((((11,6),((26,1),5)),(22,3)),(((((((19,((12,14),(4,30))),(7,29)),2),24),10),(13,17)),(18,((((25,8),20),(9,23)),(21,27))))));

STEP 89 [SPR_ClassicHeuristic_MP_RF -> NNI_Substep_7] - Distance: 74.0000
(((16,28),15),((((11,6),((26,1),5)),(22,3)),(((((((19,((12,14),(4,30))),(7,29)),2),10),24),(13,17)),(18,((((25,8),20),(9,23)),(21,27))))));

STEP 90 [SPR_ClassicHeuristic_MP_RF -> NNI_Substep_8] - Distance: 74.0000
(((16,28),15),((((11,6),((26,1),5)),(22,3)),(((((((19,((12,14),(4,30))),(7,29)),10),2),24),(13,17)),(18,((((25,8),20),(9,23)),(21,27))))));

STEP 91 [SPR_ClassicHeuristic_MP_RF -> NNI_Substep_9] - Distance: 74.0000
(((16,28),15),((((11,6),((26,1),5)),(22,3)),(((((((19,((12,14),(4,30))),10),(7,29)),2),24),(13,17)),(18,((((25,8),20),(9,23)),(21,27))))));

STEP 92 [SPR_ClassicHeuristic_MP_RF -> NNI_Substep_10] - Distance: 74.0000
(((16,28),15),((((11,6),((26,1),5)),(22,3)),((((((19,(((12,14),(4,30)),10)),(7,29)),2),24),(13,17)),(18,((((25,8),20),(9,23)),(21,27))))));

STEP 93 [SPR_ClassicHeuristic_MP_RF -> NNI_Substep_11] - Distance: 74.0000
(((16,28),15),((((11,6),((26,1),5)),(22,3)),((((((19,((12,14),((4,30),10))),(7,29)),2),24),(13,17)),(18,((((25,8),20),(9,23)),(21,27))))));

STEP 94 [SPR_ClassicHeuristic_MP_RF -> NNI_Substep_12] - Distance: 74.0000
(((16,28),15),((((11,6),((26,1),5)),(22,3)),((((((19,((12,14),((4,10),30))),(7,29)),2),24),(13,17)),(18,((((25,8),20),(9,23)),(21,27))))));

STEP 95 [SPR_ClassicHeuristic_MP_RF -> NNI_Substep_13] - Distance: 74.0000
(((16,28),15),((((11,6),((26,1),5)),(22,3)),((((((19,(((12,14),30),(4,10))),(7,29)),2),24),(13,17)),(18,((((25,8),20),(9,23)),(21,27))))));

STEP 96 [SPR_ClassicHeuristic_MP_RF -> NNI_Substep_14] - Distance: 74.0000
(((16,28),15),((((11,6),((26,1),5)),(22,3)),(((((((19,((12,14),30)),(4,10)),(7,29)),2),24),(13,17)),(18,((((25,8),20),(9,23)),(21,27))))));

STEP 97 [SPR_ClassicHeuristic_MP_RF -> NNI_Substep_15] - Distance: 74.0000
(((16,28),15),((((11,6),((26,1),5)),(22,3)),(((((((19,((12,14),30)),(7,29)),(4,10)),2),24),(13,17)),(18,((((25,8),20),(9,23)),(21,27))))));

STEP 98 [SPR_ClassicHeuristic_MP_RF -> NNI_Substep_16] - Distance: 74.0000
(((16,28),15),((((11,6),((26,1),5)),(22,3)),(((((((19,((12,14),30)),(7,29)),2),(4,10)),24),(13,17)),(18,((((25,8),20),(9,23)),(21,27))))));

STEP 99 [SPR_ClassicHeuristic_MP_RF -> NNI_Substep_17] - Distance: 74.0000
(((16,28),15),((((11,6),((26,1),5)),(22,3)),(((((((19,((12,14),30)),(7,29)),2),24),(4,10)),(13,17)),(18,((((25,8),20),(9,23)),(21,27))))));

STEP 100 [SPR_ClassicHeuristic_MP_RF -> NNI_Substep_18] - Distance: 74.0000
(((16,28),15),((((11,6),((26,1),5)),(22,3)),(((((((19,((12,14),30)),(7,29)),2),24),(13,17)),(4,10)),(18,((((25,8),20),(9,23)),(21,27))))));

STEP 101 [SPR_ClassicHeuristic_MP_RF -> NNI_Substep_19] - Distance: 74.0000
(((16,28),15),((((11,6),((26,1),5)),(22,3)),(((((((19,((12,14),30)),(7,29)),2),24),(13,17)),(18,((((25,8),20),(9,23)),(21,27)))),(4,10))));

STEP 102 [SPR_ClassicHeuristic_MP_RF -> NNI_Substep_20] - Distance: 72.0000
(((16,28),15),(((((11,6),((26,1),5)),(22,3)),((((((19,((12,14),30)),(7,29)),2),24),(13,17)),(18,((((25,8),20),(9,23)),(21,27))))),(4,10)));

STEP 103 [SPR_ClassicHeuristic_MP_RF -> NNI_Substep_21] - Distance: 38.0000
(((16,28),15),(((((11,6),((26,1),5)),(22,3)),(4,10)),((((((19,((12,14),30)),(7,29)),2),24),(13,17)),(18,((((25,8),20),(9,23)),(21,27))))));

STEP 104 [SPR_ClassicHeuristic_MP_RF -> NNI_Substep_22] - Distance: 34.0000
(((16,28),15),(((((11,6),((26,1),5)),(4,10)),(22,3)),((((((19,((12,14),30)),(7,29)),2),24),(13,17)),(18,((((25,8),20),(9,23)),(21,27))))));

STEP 105 [SPR_ClassicHeuristic_MP_RF -> NNI_Substep_23] - Distance: 28.0000
(((16,28),15),(((((11,6),(4,10)),((26,1),5)),(22,3)),((((((19,((12,14),30)),(7,29)),2),24),(13,17)),(18,((((25,8),20),(9,23)),(21,27))))));

STEP 106 [SPR_ClassicHeuristic_MP_RF -> NNI_Substep_24] - Distance: 26.0000
(((16,28),15),((((11,(6,(4,10))),((26,1),5)),(22,3)),((((((19,((12,14),30)),(7,29)),2),24),(13,17)),(18,((((25,8),20),(9,23)),(21,27))))));

STEP 107 [SPR_ClassicHeuristic_MP_RF -> NNI_Substep_25] - Distance: 26.0000
(((16,28),15),((((11,(6,(4,10))),((26,1),5)),(22,3)),(((((((19,((12,14),30)),29),7),2),24),(13,17)),(18,((((25,8),20),(9,23)),(21,27))))));

STEP 108 [SPR_ClassicHeuristic_MP_RF -> NNI_Substep_26] - Distance: 26.0000
(((16,28),15),((((11,(6,(4,10))),((26,1),5)),(22,3)),(((((((19,((12,14),30)),29),2),7),24),(13,17)),(18,((((25,8),20),(9,23)),(21,27))))));

STEP 109 [SPR_ClassicHeuristic_MP_RF -> NNI_Substep_27] - Distance: 26.0000
(((16,28),15),((((11,(6,(4,10))),((26,1),5)),(22,3)),(((((((19,((12,14),30)),29),2),24),7),(13,17)),(18,((((25,8),20),(9,23)),(21,27))))));

STEP 110 [SPR_ClassicHeuristic_MP_RF -> NNI_Substep_28] - Distance: 26.0000
(((16,28),15),((((11,(6,(4,10))),((26,1),5)),(22,3)),(((((((19,((12,14),30)),29),2),24),(13,17)),7),(18,((((25,8),20),(9,23)),(21,27))))));

STEP 111 [SPR_ClassicHeuristic_MP_RF -> NNI_Substep_29] - Distance: 26.0000
(((16,28),15),((((11,(6,(4,10))),((26,1),5)),(22,3)),(((((((19,((12,14),30)),29),2),24),(13,17)),(18,((((25,8),20),(9,23)),(21,27)))),7)));

STEP 112 [SPR_ClassicHeuristic_MP_RF -> NNI_Substep_30] - Distance: 25.0000
(((16,28),15),(((((11,(6,(4,10))),((26,1),5)),(22,3)),((((((19,((12,14),30)),29),2),24),(13,17)),(18,((((25,8),20),(9,23)),(21,27))))),7));

STEP 113 [SPR_ClassicHeuristic_MP_RF -> NNI_Substep_31] - Distance: 8.0000
(((16,28),15),(((((11,(6,(4,10))),((26,1),5)),(22,3)),7),((((((19,((12,14),30)),29),2),24),(13,17)),(18,((((25,8),20),(9,23)),(21,27))))));

STEP 114 [SPR_ClassicHeuristic_MP_RF -> NNI_Substep_32] - Distance: 6.0000
(((16,28),15),(((((11,(6,(4,10))),((26,1),5)),7),(22,3)),((((((19,((12,14),30)),29),2),24),(13,17)),(18,((((25,8),20),(9,23)),(21,27))))));

STEP 115 [SPR_ClassicHeuristic_MP_RF -> NNI_Substep_33] - Distance: 2.0000
(((16,28),15),((((11,(6,(4,10))),(((26,1),5),7)),(22,3)),((((((19,((12,14),30)),29),2),24),(13,17)),(18,((((25,8),20),(9,23)),(21,27))))));

STEP 116 [SPR_ClassicHeuristic_MP_RF -> NNI_Substep_34] - Distance: 1.0000
(((16,28),15),((((11,(6,(4,10))),(((26,1),7),5)),(22,3)),((((((19,((12,14),30)),29),2),24),(13,17)),(18,((((25,8),20),(9,23)),(21,27))))));

STEP 117 [SPR_ClassicHeuristic_MP_RF -> NNI_Substep_35] - Distance: 0.0000
(((16,28),15),((((11,(6,(4,10))),((26,(1,7)),5)),(22,3)),((((((19,((12,14),30)),29),2),24),(13,17)),(18,((((25,8),20),(9,23)),(21,27))))));

========================================================
[FINAL] Total Steps: 117 | Final Distance: 0.0000
========================================================
