========================================================
HEURISTIC TRAJECTORY: VND Incremental (MP_RF)
========================================================
STEP 0 [START] - Distance: 332.0000
((((((1,(14,20)),(11,10)),(24,((2,18),(26,5)))),(13,22)),(19,(((28,(27,(17,7))),(23,30)),(8,((16,(9,29)),((6,4),(25,(12,15)))))))),(21,3));

STEP 1 [NNI_IncrementalHeuristic_MP_RF -> NNI_Substep_1] - Distance: 321.0000
((((21,3),(13,22)),(((1,(14,20)),(11,10)),(24,((2,18),(26,5))))),(19,(((28,(27,(17,7))),(23,30)),(8,((16,(9,29)),((6,4),(25,(12,15))))))));

STEP 2 [NNI_IncrementalHeuristic_MP_RF -> NNI_Substep_2] - Distance: 317.0000
((((21,3),(13,22)),(((1,(14,20)),(11,10)),(24,((2,18),(26,5))))),((8,((16,(9,29)),((6,4),(25,(12,15))))),(((28,(27,(17,7))),(23,30)),19)));

STEP 3 [NNI_IncrementalHeuristic_MP_RF -> NNI_Substep_3] - Distance: 305.0000
(((16,(9,29)),(8,((6,4),(25,(12,15))))),((((21,3),(13,22)),(((1,(14,20)),(11,10)),(24,((2,18),(26,5))))),(((28,(27,(17,7))),(23,30)),19)));

STEP 4 [NNI_IncrementalHeuristic_MP_RF -> NNI_Substep_4] - Distance: 304.0000
(((16,(9,29)),(8,((6,4),(25,(12,15))))),((((21,3),(13,22)),(((24,((2,18),(26,5))),(11,10)),(1,(14,20)))),(((28,(27,(17,7))),(23,30)),19)));

STEP 5 [NNI_IncrementalHeuristic_MP_RF -> NNI_Substep_5] - Distance: 303.0000
(((16,(9,29)),(8,((6,4),(25,(12,15))))),((((21,3),(13,22)),(((24,((2,18),(26,5))),(11,10)),(1,(14,20)))),(((28,(17,(27,7))),(23,30)),19)));

STEP 6 [TBR_IncrementalHeuristic_MP_RF -> NNI_Substep_1] - Distance: 303.0000
(((16,(9,29)),(8,((6,4),((25,15),12)))),((((21,3),(13,22)),(((24,((2,18),(26,5))),(11,10)),(1,(14,20)))),(((28,(17,(27,7))),(23,30)),19)));

STEP 7 [TBR_IncrementalHeuristic_MP_RF -> NNI_Substep_2] - Distance: 303.0000
(((16,(9,29)),(8,(((6,4),(25,15)),12))),((((21,3),(13,22)),(((24,((2,18),(26,5))),(11,10)),(1,(14,20)))),(((28,(17,(27,7))),(23,30)),19)));

STEP 8 [TBR_IncrementalHeuristic_MP_RF -> NNI_Substep_3] - Distance: 303.0000
(((16,(9,29)),((8,((6,4),(25,15))),12)),((((21,3),(13,22)),(((24,((2,18),(26,5))),(11,10)),(1,(14,20)))),(((28,(17,(27,7))),(23,30)),19)));

STEP 9 [TBR_IncrementalHeuristic_MP_RF -> NNI_Substep_4] - Distance: 303.0000
((((16,(9,29)),(8,((6,4),(25,15)))),12),((((21,3),(13,22)),(((24,((2,18),(26,5))),(11,10)),(1,(14,20)))),(((28,(17,(27,7))),(23,30)),19)));

STEP 10 [TBR_IncrementalHeuristic_MP_RF -> NNI_Substep_5] - Distance: 299.0000
(((16,(9,29)),(8,((6,4),(25,15)))),(((((21,3),(13,22)),(((24,((2,18),(26,5))),(11,10)),(1,(14,20)))),12),(((28,(17,(27,7))),(23,30)),19)));

STEP 11 [TBR_IncrementalHeuristic_MP_RF -> NNI_Substep_6] - Distance: 295.0000
(((16,(9,29)),(8,((6,4),(25,15)))),(((((21,3),(13,22)),12),(((24,((2,18),(26,5))),(11,10)),(1,(14,20)))),(((28,(17,(27,7))),(23,30)),19)));

STEP 12 [TBR_IncrementalHeuristic_MP_RF -> NNI_Substep_7] - Distance: 294.0000
(((16,(9,29)),(8,((6,4),(25,15)))),(((((21,3),12),(13,22)),(((24,((2,18),(26,5))),(11,10)),(1,(14,20)))),(((28,(17,(27,7))),(23,30)),19)));

STEP 13 [TBR_IncrementalHeuristic_MP_RF -> NNI_Substep_8] - Distance: 294.0000
(((16,(9,29)),(8,((6,4),(25,15)))),((((21,(3,12)),(13,22)),(((24,((2,18),(26,5))),(11,10)),(1,(14,20)))),(((28,(17,(27,7))),(23,30)),19)));

STEP 14 [TBR_IncrementalHeuristic_MP_RF -> NNI_Substep_9] - Distance: 294.0000
(((16,(9,29)),(8,((6,4),(25,15)))),((((21,(3,12)),(13,22)),(((24,((2,18),(26,5))),(11,10)),((1,14),20))),(((28,(17,(27,7))),(23,30)),19)));

STEP 15 [TBR_IncrementalHeuristic_MP_RF -> NNI_Substep_10] - Distance: 294.0000
(((16,(9,29)),(8,((6,4),(25,15)))),((((21,(3,12)),(13,22)),((((24,((2,18),(26,5))),(11,10)),(1,14)),20)),(((28,(17,(27,7))),(23,30)),19)));

STEP 16 [TBR_IncrementalHeuristic_MP_RF -> NNI_Substep_11] - Distance: 293.0000
(((16,(9,29)),(8,((6,4),(25,15)))),(((((21,(3,12)),(13,22)),(((24,((2,18),(26,5))),(11,10)),(1,14))),20),(((28,(17,(27,7))),(23,30)),19)));

STEP 17 [TBR_IncrementalHeuristic_MP_RF -> NNI_Substep_12] - Distance: 292.0000
(((16,(9,29)),(8,((6,4),(25,15)))),(((((21,(3,12)),(13,22)),(((24,((2,18),(26,5))),(11,10)),(1,14))),(((28,(17,(27,7))),(23,30)),19)),20));

STEP 18 [TBR_IncrementalHeuristic_MP_RF -> NNI_Substep_13] - Distance: 287.0000
(((16,(9,29)),(8,((6,4),(25,15)))),((((21,(3,12)),(13,22)),(((24,((2,18),(26,5))),(11,10)),(1,14))),((((28,(17,(27,7))),(23,30)),19),20)));

STEP 19 [TBR_IncrementalHeuristic_MP_RF -> NNI_Substep_14] - Distance: 287.0000
(((16,(9,29)),(8,((6,4),(25,15)))),((((21,(3,12)),(13,22)),(((24,((2,18),(26,5))),(11,10)),(1,14))),((((28,(17,(27,7))),(23,30)),20),19)));

STEP 20 [TBR_IncrementalHeuristic_MP_RF -> NNI_Substep_15] - Distance: 287.0000
(((16,(9,29)),(8,((6,4),(25,15)))),((((21,(3,12)),(13,22)),(((24,((2,18),(26,5))),(11,10)),(1,14))),((((28,(17,(27,7))),20),(23,30)),19)));

STEP 21 [TBR_IncrementalHeuristic_MP_RF -> NNI_Substep_16] - Distance: 287.0000
(((16,(9,29)),(8,((6,4),(25,15)))),((((21,(3,12)),(13,22)),(((24,((2,18),(26,5))),(11,10)),(1,14))),(((28,((17,(27,7)),20)),(23,30)),19)));

STEP 22 [TBR_IncrementalHeuristic_MP_RF -> NNI_Substep_17] - Distance: 285.0000
(((16,(9,29)),(8,((6,4),(25,15)))),((((21,(3,12)),(13,22)),(((24,((2,18),(26,5))),(11,10)),(1,14))),(((28,((17,20),(27,7))),(23,30)),19)));

STEP 23 [TBR_IncrementalHeuristic_MP_RF -> NNI_Substep_18] - Distance: 285.0000
(((16,(9,29)),(8,((4,(25,15)),6))),((((21,(3,12)),(13,22)),(((24,((2,18),(26,5))),(11,10)),(1,14))),(((28,((17,20),(27,7))),(23,30)),19)));

STEP 24 [TBR_IncrementalHeuristic_MP_RF -> NNI_Substep_19] - Distance: 285.0000
(((16,(9,29)),((8,(4,(25,15))),6)),((((21,(3,12)),(13,22)),(((24,((2,18),(26,5))),(11,10)),(1,14))),(((28,((17,20),(27,7))),(23,30)),19)));

STEP 25 [TBR_IncrementalHeuristic_MP_RF -> NNI_Substep_20] - Distance: 285.0000
((((16,(9,29)),(8,(4,(25,15)))),6),((((21,(3,12)),(13,22)),(((24,((2,18),(26,5))),(11,10)),(1,14))),(((28,((17,20),(27,7))),(23,30)),19)));

STEP 26 [TBR_IncrementalHeuristic_MP_RF -> NNI_Substep_21] - Distance: 276.0000
(((16,(9,29)),(8,(4,(25,15)))),((((21,(3,12)),(13,22)),(((24,((2,18),(26,5))),(11,10)),(1,14))),((((28,((17,20),(27,7))),(23,30)),19),6)));

STEP 27 [TBR_IncrementalHeuristic_MP_RF -> NNI_Substep_22] - Distance: 276.0000
(((16,(9,29)),(8,(4,(25,15)))),((((21,(3,12)),(13,22)),(((24,((2,18),(26,5))),(11,10)),(1,14))),((((28,((17,20),(27,7))),(23,30)),6),19)));

STEP 28 [TBR_IncrementalHeuristic_MP_RF -> NNI_Substep_23] - Distance: 276.0000
(((16,(9,29)),(8,(4,(25,15)))),((((21,(3,12)),(13,22)),(((24,((2,18),(26,5))),(11,10)),(1,14))),((((28,((17,20),(27,7))),6),(23,30)),19)));

STEP 29 [TBR_IncrementalHeuristic_MP_RF -> NNI_Substep_24] - Distance: 276.0000
(((16,(9,29)),(8,(4,(25,15)))),((((21,(3,12)),(13,22)),(((24,((2,18),(26,5))),(11,10)),(1,14))),(((28,(((17,20),(27,7)),6)),(23,30)),19)));

STEP 30 [TBR_IncrementalHeuristic_MP_RF -> NNI_Substep_25] - Distance: 274.0000
(((16,(9,29)),(8,(4,(25,15)))),((((21,(3,12)),(13,22)),(((24,((2,18),(26,5))),(11,10)),(1,14))),(((28,(((17,20),6),(27,7))),(23,30)),19)));

STEP 31 [TBR_IncrementalHeuristic_MP_RF -> NNI_Substep_26] - Distance: 274.0000
(((16,(9,29)),((8,4),(25,15))),((((21,(3,12)),(13,22)),(((24,((2,18),(26,5))),(11,10)),(1,14))),(((28,(((17,20),6),(27,7))),(23,30)),19)));

STEP 32 [TBR_IncrementalHeuristic_MP_RF -> NNI_Substep_27] - Distance: 273.0000
((((16,(9,29)),(8,4)),(25,15)),((((21,(3,12)),(13,22)),(((24,((2,18),(26,5))),(11,10)),(1,14))),(((28,(((17,20),6),(27,7))),(23,30)),19)));

STEP 33 [TBR_IncrementalHeuristic_MP_RF -> NNI_Substep_28] - Distance: 264.0000
(((16,(9,29)),(8,4)),((((21,(3,12)),(13,22)),(((24,((2,18),(26,5))),(11,10)),(1,14))),((((28,(((17,20),6),(27,7))),(23,30)),19),(25,15))));

STEP 34 [TBR_IncrementalHeuristic_MP_RF -> NNI_Substep_29] - Distance: 264.0000
(((16,(9,29)),(8,4)),((((21,(3,12)),(13,22)),(((24,((2,18),(26,5))),(11,10)),(1,14))),((((28,(((17,20),6),(27,7))),(23,30)),(25,15)),19)));

STEP 35 [TBR_IncrementalHeuristic_MP_RF -> NNI_Substep_30] - Distance: 264.0000
(((16,(9,29)),(8,4)),((((21,(3,12)),(13,22)),(((24,((2,18),(26,5))),(11,10)),(1,14))),((((28,(((17,20),6),(27,7))),(25,15)),(23,30)),19)));

STEP 36 [TBR_IncrementalHeuristic_MP_RF -> NNI_Substep_31] - Distance: 264.0000
(((16,(9,29)),(8,4)),((((21,(3,12)),(13,22)),(((24,((2,18),(26,5))),(11,10)),(1,14))),(((28,((((17,20),6),(27,7)),(25,15))),(23,30)),19)));

STEP 37 [TBR_IncrementalHeuristic_MP_RF -> NNI_Substep_32] - Distance: 261.0000
(((16,(9,29)),(8,4)),((((21,(3,12)),(13,22)),(((24,((2,18),(26,5))),(11,10)),(1,14))),(((28,(((17,20),6),((27,7),(25,15)))),(23,30)),19)));

STEP 38 [TBR_IncrementalHeuristic_MP_RF -> NNI_Substep_33] - Distance: 260.0000
(((16,(9,29)),(8,4)),((((21,(3,12)),(13,22)),(((24,((2,18),(26,5))),(11,10)),(1,14))),(((28,(((17,20),6),(27,(7,(25,15))))),(23,30)),19)));

STEP 39 [TBR_IncrementalHeuristic_MP_RF -> NNI_Substep_34] - Distance: 260.0000
(((16,(9,29)),(8,4)),((((21,(3,12)),(13,22)),((((24,((2,18),(26,5))),11),10),(1,14))),(((28,(((17,20),6),(27,(7,(25,15))))),(23,30)),19)));

STEP 40 [TBR_IncrementalHeuristic_MP_RF -> NNI_Substep_35] - Distance: 260.0000
(((16,(9,29)),(8,4)),((((21,(3,12)),(13,22)),((((24,((2,18),(26,5))),11),(1,14)),10)),(((28,(((17,20),6),(27,(7,(25,15))))),(23,30)),19)));

STEP 41 [TBR_IncrementalHeuristic_MP_RF -> NNI_Substep_36] - Distance: 260.0000
(((16,(9,29)),(8,4)),(((((21,(3,12)),(13,22)),(((24,((2,18),(26,5))),11),(1,14))),10),(((28,(((17,20),6),(27,(7,(25,15))))),(23,30)),19)));

STEP 42 [TBR_IncrementalHeuristic_MP_RF -> NNI_Substep_37] - Distance: 262.0000
(((16,(9,29)),(8,4)),(((((21,(3,12)),(13,22)),(((24,((2,18),(26,5))),11),(1,14))),(((28,(((17,20),6),(27,(7,(25,15))))),(23,30)),19)),10));

STEP 43 [TBR_IncrementalHeuristic_MP_RF -> NNI_Substep_38] - Distance: 254.0000
(((16,(9,29)),(8,4)),((((21,(3,12)),(13,22)),(((24,((2,18),(26,5))),11),(1,14))),((((28,(((17,20),6),(27,(7,(25,15))))),(23,30)),19),10)));

STEP 44 [TBR_IncrementalHeuristic_MP_RF -> NNI_Substep_39] - Distance: 253.0000
(((16,(9,29)),(8,4)),((((21,(3,12)),(13,22)),(((24,((2,18),(26,5))),11),(1,14))),((((28,(((17,20),6),(27,(7,(25,15))))),(23,30)),10),19)));

STEP 45 [TBR_IncrementalHeuristic_MP_RF -> NNI_Substep_40] - Distance: 253.0000
(((16,(9,29)),(8,4)),((((21,(3,12)),(13,22)),(((24,((2,18),(26,5))),11),(1,14))),((((28,(((17,20),6),(27,(7,(25,15))))),10),(23,30)),19)));

STEP 46 [TBR_IncrementalHeuristic_MP_RF -> NNI_Substep_41] - Distance: 253.0000
(((16,(9,29)),(8,4)),((((21,(3,12)),(13,22)),(((24,((2,18),(26,5))),11),(1,14))),(((28,((((17,20),6),(27,(7,(25,15)))),10)),(23,30)),19)));

STEP 47 [TBR_IncrementalHeuristic_MP_RF -> NNI_Substep_42] - Distance: 250.0000
(((16,(9,29)),(8,4)),((((21,(3,12)),(13,22)),(((24,((2,18),(26,5))),11),(1,14))),(((28,(((17,20),6),((27,(7,(25,15))),10))),(23,30)),19)));

STEP 48 [TBR_IncrementalHeuristic_MP_RF -> NNI_Substep_43] - Distance: 249.0000
(((16,(9,29)),(8,4)),((((21,(3,12)),(13,22)),(((24,((2,18),(26,5))),11),(1,14))),(((28,(((17,20),6),(27,((7,(25,15)),10)))),(23,30)),19)));

STEP 49 [TBR_IncrementalHeuristic_MP_RF -> NNI_Substep_44] - Distance: 248.0000
(((16,(9,29)),(8,4)),((((21,(3,12)),(13,22)),(((24,((2,18),(26,5))),11),(1,14))),(((28,(((17,20),6),(27,(7,((25,15),10))))),(23,30)),19)));

STEP 50 [TBR_IncrementalHeuristic_MP_RF -> NNI_Substep_45] - Distance: 248.0000
(((16,(9,29)),(8,4)),((((21,(3,12)),(13,22)),(((24,((2,18),(26,5))),11),(1,14))),(((28,(((17,20),6),(27,(7,(25,(15,10)))))),(23,30)),19)));

STEP 51 [TBR_IncrementalHeuristic_MP_RF -> NNI_Substep_46] - Distance: 248.0000
(((16,(9,29)),(8,4)),((((21,(3,12)),(13,22)),(((24,((2,18),(26,5))),11),(1,14))),((((28,(((17,20),6),(27,(7,(25,(15,10)))))),30),23),19)));

STEP 52 [TBR_IncrementalHeuristic_MP_RF -> NNI_Substep_47] - Distance: 248.0000
(((16,(9,29)),(8,4)),((((21,(3,12)),(13,22)),(((24,((2,18),(26,5))),11),(1,14))),((((28,(((17,20),6),(27,(7,(25,(15,10)))))),30),19),23)));

STEP 53 [TBR_IncrementalHeuristic_MP_RF -> NNI_Substep_48] - Distance: 249.0000
(((16,(9,29)),(8,4)),(((((21,(3,12)),(13,22)),(((24,((2,18),(26,5))),11),(1,14))),(((28,(((17,20),6),(27,(7,(25,(15,10)))))),30),19)),23));

STEP 54 [TBR_IncrementalHeuristic_MP_RF -> NNI_Substep_49] - Distance: 241.0000
(((16,(9,29)),(8,4)),(((((21,(3,12)),(13,22)),(((24,((2,18),(26,5))),11),(1,14))),23),(((28,(((17,20),6),(27,(7,(25,(15,10)))))),30),19)));

STEP 55 [TBR_IncrementalHeuristic_MP_RF -> NNI_Substep_50] - Distance: 237.0000
(((16,(9,29)),(8,4)),(((((21,(3,12)),(13,22)),23),(((24,((2,18),(26,5))),11),(1,14))),(((28,(((17,20),6),(27,(7,(25,(15,10)))))),30),19)));

STEP 56 [TBR_IncrementalHeuristic_MP_RF -> NNI_Substep_51] - Distance: 235.0000
(((16,(9,29)),(8,4)),((((21,(3,12)),((13,22),23)),(((24,((2,18),(26,5))),11),(1,14))),(((28,(((17,20),6),(27,(7,(25,(15,10)))))),30),19)));

STEP 57 [TBR_IncrementalHeuristic_MP_RF -> NNI_Substep_52] - Distance: 235.0000
(((16,(9,29)),(8,4)),((((21,(3,12)),(13,(22,23))),(((24,((2,18),(26,5))),11),(1,14))),(((28,(((17,20),6),(27,(7,(25,(15,10)))))),30),19)));

STEP 58 [TBR_IncrementalHeuristic_MP_RF -> NNI_Substep_53] - Distance: 235.0000
(((16,(9,29)),(8,4)),((((21,(3,12)),(13,(22,23))),(((24,((2,18),(26,5))),11),(1,14))),(((28,(((17,20),6),(27,((7,(15,10)),25)))),30),19)));

STEP 59 [TBR_IncrementalHeuristic_MP_RF -> NNI_Substep_54] - Distance: 235.0000
(((16,(9,29)),(8,4)),((((21,(3,12)),(13,(22,23))),(((24,((2,18),(26,5))),11),(1,14))),(((28,(((17,20),6),((27,(7,(15,10))),25))),30),19)));

STEP 60 [TBR_IncrementalHeuristic_MP_RF -> NNI_Substep_55] - Distance: 235.0000
(((16,(9,29)),(8,4)),((((21,(3,12)),(13,(22,23))),(((24,((2,18),(26,5))),11),(1,14))),(((28,((((17,20),6),(27,(7,(15,10)))),25)),30),19)));

STEP 61 [TBR_IncrementalHeuristic_MP_RF -> NNI_Substep_56] - Distance: 235.0000
(((16,(9,29)),(8,4)),((((21,(3,12)),(13,(22,23))),(((24,((2,18),(26,5))),11),(1,14))),((((28,(((17,20),6),(27,(7,(15,10))))),25),30),19)));

STEP 62 [TBR_IncrementalHeuristic_MP_RF -> NNI_Substep_57] - Distance: 235.0000
(((16,(9,29)),(8,4)),((((21,(3,12)),(13,(22,23))),(((24,((2,18),(26,5))),11),(1,14))),((((28,(((17,20),6),(27,(7,(15,10))))),30),25),19)));

STEP 63 [TBR_IncrementalHeuristic_MP_RF -> NNI_Substep_58] - Distance: 235.0000
(((16,(9,29)),(8,4)),((((21,(3,12)),(13,(22,23))),(((24,((2,18),(26,5))),11),(1,14))),((((28,(((17,20),6),(27,(7,(15,10))))),30),19),25)));

STEP 64 [TBR_IncrementalHeuristic_MP_RF -> NNI_Substep_59] - Distance: 235.0000
(((16,(9,29)),(8,4)),(((((21,(3,12)),(13,(22,23))),(((24,((2,18),(26,5))),11),(1,14))),(((28,(((17,20),6),(27,(7,(15,10))))),30),19)),25));

STEP 65 [TBR_IncrementalHeuristic_MP_RF -> NNI_Substep_60] - Distance: 228.0000
(((16,(9,29)),(8,4)),(((((21,(3,12)),(13,(22,23))),(((24,((2,18),(26,5))),11),(1,14))),25),(((28,(((17,20),6),(27,(7,(15,10))))),30),19)));

STEP 66 [TBR_IncrementalHeuristic_MP_RF -> NNI_Substep_61] - Distance: 224.0000
(((16,(9,29)),(8,4)),((((21,(3,12)),(13,(22,23))),((((24,((2,18),(26,5))),11),(1,14)),25)),(((28,(((17,20),6),(27,(7,(15,10))))),30),19)));

STEP 67 [TBR_IncrementalHeuristic_MP_RF -> NNI_Substep_62] - Distance: 223.0000
(((16,(9,29)),(8,4)),((((21,(3,12)),(13,(22,23))),((((24,((2,18),(26,5))),11),25),(1,14))),(((28,(((17,20),6),(27,(7,(15,10))))),30),19)));

STEP 68 [TBR_IncrementalHeuristic_MP_RF -> NNI_Substep_63] - Distance: 223.0000
(((16,(9,29)),(8,4)),((((21,(3,12)),(13,(22,23))),((((24,((2,18),(26,5))),25),11),(1,14))),(((28,(((17,20),6),(27,(7,(15,10))))),30),19)));

STEP 69 [TBR_IncrementalHeuristic_MP_RF -> NNI_Substep_64] - Distance: 223.0000
(((16,(9,29)),(8,4)),((((21,(3,12)),(13,(22,23))),(((24,(((2,18),(26,5)),25)),11),(1,14))),(((28,(((17,20),6),(27,(7,(15,10))))),30),19)));

STEP 70 [TBR_IncrementalHeuristic_MP_RF -> NNI_Substep_65] - Distance: 222.0000
(((16,(9,29)),(8,4)),((((21,(3,12)),(13,(22,23))),(((24,((2,18),((26,5),25))),11),(1,14))),(((28,(((17,20),6),(27,(7,(15,10))))),30),19)));

STEP 71 [TBR_IncrementalHeuristic_MP_RF -> NNI_Substep_66] - Distance: 222.0000
(((16,(9,29)),(8,4)),((((21,(3,12)),(13,(22,23))),(((24,((2,18),(26,(5,25)))),11),(1,14))),(((28,(((17,20),6),(27,(7,(15,10))))),30),19)));

STEP 72 [TBR_IncrementalHeuristic_MP_RF -> NNI_Substep_67] - Distance: 222.0000
(((16,(9,29)),(8,4)),((((21,(3,12)),(13,(22,23))),(((24,((2,18),(26,(5,25)))),11),(1,14))),(((28,(((17,20),6),(27,(7,(15,10))))),19),30)));

STEP 73 [TBR_IncrementalHeuristic_MP_RF -> NNI_Substep_68] - Distance: 222.0000
(((16,(9,29)),(8,4)),((((21,(3,12)),(13,(22,23))),(((24,((2,18),(26,(5,25)))),11),(1,14))),((28,((((17,20),6),(27,(7,(15,10)))),19)),30)));

STEP 74 [TBR_IncrementalHeuristic_MP_RF -> NNI_Substep_69] - Distance: 219.0000
(((16,(9,29)),(8,4)),((((21,(3,12)),(13,(22,23))),(((24,((2,18),(26,(5,25)))),11),(1,14))),((28,(((17,20),6),((27,(7,(15,10))),19))),30)));

STEP 75 [TBR_IncrementalHeuristic_MP_RF -> NNI_Substep_70] - Distance: 218.0000
(((16,(9,29)),(8,4)),((((21,(3,12)),(13,(22,23))),(((24,((2,18),(26,(5,25)))),11),(1,14))),((28,(((17,20),6),(27,((7,(15,10)),19)))),30)));

STEP 76 [TBR_IncrementalHeuristic_MP_RF -> NNI_Substep_71] - Distance: 217.0000
(((16,(9,29)),(8,4)),((((21,(3,12)),(13,(22,23))),(((24,((2,18),(26,(5,25)))),11),(1,14))),((28,(((17,20),6),(27,(7,((15,10),19))))),30)));

STEP 77 [TBR_IncrementalHeuristic_MP_RF -> NNI_Substep_72] - Distance: 217.0000
(((16,(9,29)),(8,4)),((((21,(3,12)),(13,(22,23))),(((24,(((2,18),(5,25)),26)),11),(1,14))),((28,(((17,20),6),(27,(7,((15,10),19))))),30)));

STEP 78 [TBR_IncrementalHeuristic_MP_RF -> NNI_Substep_73] - Distance: 217.0000
(((16,(9,29)),(8,4)),((((21,(3,12)),(13,(22,23))),((((24,((2,18),(5,25))),26),11),(1,14))),((28,(((17,20),6),(27,(7,((15,10),19))))),30)));

STEP 79 [TBR_IncrementalHeuristic_MP_RF -> NNI_Substep_74] - Distance: 217.0000
(((16,(9,29)),(8,4)),((((21,(3,12)),(13,(22,23))),((((24,((2,18),(5,25))),11),26),(1,14))),((28,(((17,20),6),(27,(7,((15,10),19))))),30)));

STEP 80 [TBR_IncrementalHeuristic_MP_RF -> NNI_Substep_75] - Distance: 217.0000
(((16,(9,29)),(8,4)),((((21,(3,12)),(13,(22,23))),((((24,((2,18),(5,25))),11),(1,14)),26)),((28,(((17,20),6),(27,(7,((15,10),19))))),30)));

STEP 81 [TBR_IncrementalHeuristic_MP_RF -> NNI_Substep_76] - Distance: 215.0000
(((16,(9,29)),(8,4)),(((((21,(3,12)),(13,(22,23))),(((24,((2,18),(5,25))),11),(1,14))),26),((28,(((17,20),6),(27,(7,((15,10),19))))),30)));

STEP 82 [TBR_IncrementalHeuristic_MP_RF -> NNI_Substep_77] - Distance: 210.0000
(((16,(9,29)),(8,4)),(((((21,(3,12)),(13,(22,23))),26),(((24,((2,18),(5,25))),11),(1,14))),((28,(((17,20),6),(27,(7,((15,10),19))))),30)));

STEP 83 [TBR_IncrementalHeuristic_MP_RF -> NNI_Substep_78] - Distance: 208.0000
(((16,(9,29)),(8,4)),(((((21,(3,12)),26),(13,(22,23))),(((24,((2,18),(5,25))),11),(1,14))),((28,(((17,20),6),(27,(7,((15,10),19))))),30)));

STEP 84 [TBR_IncrementalHeuristic_MP_RF -> NNI_Substep_79] - Distance: 208.0000
(((16,(9,29)),(8,4)),((((21,((3,12),26)),(13,(22,23))),(((24,((2,18),(5,25))),11),(1,14))),((28,(((17,20),6),(27,(7,((15,10),19))))),30)));

STEP 85 [TBR_IncrementalHeuristic_MP_RF -> NNI_Substep_80] - Distance: 208.0000
(((16,(9,29)),(8,4)),((((21,((3,12),26)),(13,(22,23))),((((24,(2,18)),(5,25)),11),(1,14))),((28,(((17,20),6),(27,(7,((15,10),19))))),30)));

STEP 86 [TBR_IncrementalHeuristic_MP_RF -> NNI_Substep_81] - Distance: 206.0000
(((16,(9,29)),(8,4)),((((21,((3,12),26)),(13,(22,23))),((((24,(2,18)),11),(5,25)),(1,14))),((28,(((17,20),6),(27,(7,((15,10),19))))),30)));

STEP 87 [TBR_IncrementalHeuristic_MP_RF -> NNI_Substep_82] - Distance: 208.0000
(((16,(9,29)),(8,4)),((((21,((3,12),26)),(13,(22,23))),((((24,(2,18)),11),(1,14)),(5,25))),((28,(((17,20),6),(27,(7,((15,10),19))))),30)));

STEP 88 [TBR_IncrementalHeuristic_MP_RF -> NNI_Substep_83] - Distance: 204.0000
(((16,(9,29)),(8,4)),((((21,((3,12),26)),(13,(22,23))),(((24,(2,18)),11),((1,14),(5,25)))),((28,(((17,20),6),(27,(7,((15,10),19))))),30)));

STEP 89 [TBR_IncrementalHeuristic_MP_RF -> NNI_Substep_84] - Distance: 204.0000
(((16,(9,29)),(8,4)),((((21,((3,12),26)),(13,(22,23))),(((24,(2,18)),11),((1,(5,25)),14))),((28,(((17,20),6),(27,(7,((15,10),19))))),30)));

STEP 90 [TBR_IncrementalHeuristic_MP_RF -> NNI_Substep_85] - Distance: 204.0000
(((16,(9,29)),(8,4)),((((((3,12),26),(13,(22,23))),21),(((24,(2,18)),11),((1,(5,25)),14))),((28,(((17,20),6),(27,(7,((15,10),19))))),30)));

STEP 91 [TBR_IncrementalHeuristic_MP_RF -> NNI_Substep_86] - Distance: 203.0000
(((16,(9,29)),(8,4)),((((((3,12),26),(13,(22,23))),(((24,(2,18)),11),((1,(5,25)),14))),21),((28,(((17,20),6),(27,(7,((15,10),19))))),30)));

STEP 92 [TBR_IncrementalHeuristic_MP_RF -> NNI_Substep_87] - Distance: 203.0000
(((16,(9,29)),(8,4)),(((((3,12),26),(13,(22,23))),((((24,(2,18)),11),((1,(5,25)),14)),21)),((28,(((17,20),6),(27,(7,((15,10),19))))),30)));

STEP 93 [TBR_IncrementalHeuristic_MP_RF -> NNI_Substep_88] - Distance: 203.0000
(((16,(9,29)),(8,4)),(((((3,12),26),(13,(22,23))),((((24,(2,18)),11),21),((1,(5,25)),14))),((28,(((17,20),6),(27,(7,((15,10),19))))),30)));

STEP 94 [TBR_IncrementalHeuristic_MP_RF -> NNI_Substep_89] - Distance: 203.0000
(((16,(9,29)),(8,4)),(((((3,12),26),(13,(22,23))),((((24,(2,18)),21),11),((1,(5,25)),14))),((28,(((17,20),6),(27,(7,((15,10),19))))),30)));

STEP 95 [TBR_IncrementalHeuristic_MP_RF -> NNI_Substep_90] - Distance: 202.0000
(((16,(9,29)),(8,4)),(((((3,12),26),(13,(22,23))),((((24,21),(2,18)),11),((1,(5,25)),14))),((28,(((17,20),6),(27,(7,((15,10),19))))),30)));

STEP 96 [TBR_IncrementalHeuristic_MP_RF -> NNI_Substep_91] - Distance: 202.0000
(((16,(9,29)),(8,4)),((((((3,12),26),(22,23)),13),((((24,21),(2,18)),11),((1,(5,25)),14))),((28,(((17,20),6),(27,(7,((15,10),19))))),30)));

STEP 97 [TBR_IncrementalHeuristic_MP_RF -> NNI_Substep_92] - Distance: 201.0000
(((16,(9,29)),(8,4)),((((((3,12),26),(22,23)),((((24,21),(2,18)),11),((1,(5,25)),14))),13),((28,(((17,20),6),(27,(7,((15,10),19))))),30)));

STEP 98 [TBR_IncrementalHeuristic_MP_RF -> NNI_Substep_93] - Distance: 201.0000
(((16,(9,29)),(8,4)),(((((3,12),26),(22,23)),(((((24,21),(2,18)),11),((1,(5,25)),14)),13)),((28,(((17,20),6),(27,(7,((15,10),19))))),30)));

STEP 99 [TBR_IncrementalHeuristic_MP_RF -> NNI_Substep_94] - Distance: 201.0000
(((16,(9,29)),(8,4)),(((((3,12),26),(22,23)),((((24,21),(2,18)),11),(((1,(5,25)),14),13))),((28,(((17,20),6),(27,(7,((15,10),19))))),30)));

STEP 100 [TBR_IncrementalHeuristic_MP_RF -> NNI_Substep_95] - Distance: 201.0000
(((16,(9,29)),(8,4)),(((((3,12),26),(22,23)),((((24,21),(2,18)),11),((1,(5,25)),(14,13)))),((28,(((17,20),6),(27,(7,((15,10),19))))),30)));

STEP 101 [TBR_IncrementalHeuristic_MP_RF -> NNI_Substep_96] - Distance: 201.0000
(((16,(9,29)),(8,4)),(((((3,12),26),(22,23)),(((((24,21),(2,18)),11),(1,(5,25))),(14,13))),((28,(((17,20),6),(27,(7,((15,10),19))))),30)));

STEP 102 [TBR_IncrementalHeuristic_MP_RF -> NNI_Substep_97] - Distance: 201.0000
(((16,(9,29)),(8,4)),((((((3,12),26),(22,23)),((((24,21),(2,18)),11),(1,(5,25)))),(14,13)),((28,(((17,20),6),(27,(7,((15,10),19))))),30)));

STEP 103 [TBR_IncrementalHeuristic_MP_RF -> NNI_Substep_98] - Distance: 199.0000
(((16,(9,29)),(8,4)),((((((3,12),26),(22,23)),((((24,21),(2,18)),11),(1,(5,25)))),((28,(((17,20),6),(27,(7,((15,10),19))))),30)),(14,13)));

STEP 104 [TBR_IncrementalHeuristic_MP_RF -> NNI_Substep_99] - Distance: 179.0000
(((16,(9,29)),(8,4)),(((((3,12),26),(22,23)),((((24,21),(2,18)),11),(1,(5,25)))),(((28,(((17,20),6),(27,(7,((15,10),19))))),30),(14,13))));

STEP 105 [TBR_IncrementalHeuristic_MP_RF -> NNI_Substep_100] - Distance: 179.0000
(((16,(9,29)),(8,4)),(((((3,12),26),(22,23)),((((24,21),(2,18)),11),(1,(5,25)))),(((28,(((17,20),6),(27,(7,((15,10),19))))),(14,13)),30)));

STEP 106 [TBR_IncrementalHeuristic_MP_RF -> NNI_Substep_101] - Distance: 179.0000
(((16,(9,29)),(8,4)),(((((3,12),26),(22,23)),((((24,21),(2,18)),11),(1,(5,25)))),((28,((((17,20),6),(27,(7,((15,10),19)))),(14,13))),30)));

STEP 107 [TBR_IncrementalHeuristic_MP_RF -> NNI_Substep_102] - Distance: 173.0000
(((16,(9,29)),(8,4)),(((((3,12),26),(22,23)),((((24,21),(2,18)),11),(1,(5,25)))),((28,(((17,20),6),((27,(7,((15,10),19))),(14,13)))),30)));

STEP 108 [TBR_IncrementalHeuristic_MP_RF -> NNI_Substep_103] - Distance: 167.0000
(((16,(9,29)),(8,4)),(((((3,12),26),(22,23)),((((24,21),(2,18)),11),(1,(5,25)))),((28,(((17,20),6),((27,(14,13)),(7,((15,10),19))))),30)));

STEP 109 [TBR_IncrementalHeuristic_MP_RF -> NNI_Substep_104] - Distance: 167.0000
(((16,(9,29)),(8,4)),(((((3,12),26),(22,23)),((((24,21),(2,18)),11),(1,(5,25)))),(((((17,20),6),((27,(14,13)),(7,((15,10),19)))),30),28)));

STEP 110 [TBR_IncrementalHeuristic_MP_RF -> NNI_Substep_105] - Distance: 166.0000
(((16,(9,29)),(8,4)),((((((3,12),26),(22,23)),((((24,21),(2,18)),11),(1,(5,25)))),((((17,20),6),((27,(14,13)),(7,((15,10),19)))),30)),28));

STEP 111 [TBR_IncrementalHeuristic_MP_RF -> NNI_Substep_106] - Distance: 165.0000
((((16,(9,29)),28),(8,4)),(((((3,12),26),(22,23)),((((24,21),(2,18)),11),(1,(5,25)))),((((17,20),6),((27,(14,13)),(7,((15,10),19)))),30)));

STEP 112 [TBR_IncrementalHeuristic_MP_RF -> NNI_Substep_107] - Distance: 164.0000
(((16,((9,29),28)),(8,4)),(((((3,12),26),(22,23)),((((24,21),(2,18)),11),(1,(5,25)))),((((17,20),6),((27,(14,13)),(7,((15,10),19)))),30)));

STEP 113 [TBR_IncrementalHeuristic_MP_RF -> NNI_Substep_108] - Distance: 164.0000
(((16,((9,28),29)),(8,4)),(((((3,12),26),(22,23)),((((24,21),(2,18)),11),(1,(5,25)))),((((17,20),6),((27,(14,13)),(7,((15,10),19)))),30)));

STEP 114 [TBR_IncrementalHeuristic_MP_RF -> NNI_Substep_109] - Distance: 164.0000
((((16,29),(9,28)),(8,4)),(((((3,12),26),(22,23)),((((24,21),(2,18)),11),(1,(5,25)))),((((17,20),6),((27,(14,13)),(7,((15,10),19)))),30)));

STEP 115 [TBR_IncrementalHeuristic_MP_RF -> NNI_Substep_110] - Distance: 164.0000
((((16,29),(8,4)),(9,28)),(((((3,12),26),(22,23)),((((24,21),(2,18)),11),(1,(5,25)))),((((17,20),6),((27,(14,13)),(7,((15,10),19)))),30)));

STEP 116 [TBR_IncrementalHeuristic_MP_RF -> NNI_Substep_111] - Distance: 146.0000
(((16,29),(8,4)),((((((3,12),26),(22,23)),((((24,21),(2,18)),11),(1,(5,25)))),(9,28)),((((17,20),6),((27,(14,13)),(7,((15,10),19)))),30)));

STEP 117 [TBR_IncrementalHeuristic_MP_RF -> NNI_Substep_112] - Distance: 136.0000
(((16,29),(8,4)),(((((3,12),26),(22,23)),(((((24,21),(2,18)),11),(1,(5,25))),(9,28))),((((17,20),6),((27,(14,13)),(7,((15,10),19)))),30)));

STEP 118 [TBR_IncrementalHeuristic_MP_RF -> NNI_Substep_113] - Distance: 130.0000
(((16,29),(8,4)),(((((3,12),26),(22,23)),(((((24,21),(2,18)),11),(9,28)),(1,(5,25)))),((((17,20),6),((27,(14,13)),(7,((15,10),19)))),30)));

STEP 119 [TBR_IncrementalHeuristic_MP_RF -> NNI_Substep_114] - Distance: 128.0000
(((16,29),(8,4)),(((((3,12),26),(22,23)),(((((24,21),(2,18)),(9,28)),11),(1,(5,25)))),((((17,20),6),((27,(14,13)),(7,((15,10),19)))),30)));

STEP 120 [TBR_IncrementalHeuristic_MP_RF -> NNI_Substep_115] - Distance: 128.0000
(((16,29),(8,4)),(((((3,12),26),(22,23)),((((24,21),((2,18),(9,28))),11),(1,(5,25)))),((((17,20),6),((27,(14,13)),(7,((15,10),19)))),30)));

STEP 121 [TBR_IncrementalHeuristic_MP_RF -> NNI_Substep_116] - Distance: 128.0000
(((16,29),(8,4)),(((((3,12),26),(22,23)),((((24,21),((2,(9,28)),18)),11),(1,(5,25)))),((((17,20),6),((27,(14,13)),(7,((15,10),19)))),30)));

STEP 122 [TBR_IncrementalHeuristic_MP_RF -> NNI_Substep_117] - Distance: 128.0000
(((29,(8,4)),16),(((((3,12),26),(22,23)),((((24,21),((2,(9,28)),18)),11),(1,(5,25)))),((((17,20),6),((27,(14,13)),(7,((15,10),19)))),30)));

STEP 123 [TBR_IncrementalHeuristic_MP_RF -> NNI_Substep_118] - Distance: 116.0000
((29,(8,4)),((((((3,12),26),(22,23)),((((24,21),((2,(9,28)),18)),11),(1,(5,25)))),16),((((17,20),6),((27,(14,13)),(7,((15,10),19)))),30)));

STEP 124 [TBR_IncrementalHeuristic_MP_RF -> NNI_Substep_119] - Distance: 111.0000
((29,(8,4)),(((((3,12),26),(22,23)),(((((24,21),((2,(9,28)),18)),11),(1,(5,25))),16)),((((17,20),6),((27,(14,13)),(7,((15,10),19)))),30)));

STEP 125 [TBR_IncrementalHeuristic_MP_RF -> NNI_Substep_120] - Distance: 108.0000
((29,(8,4)),(((((3,12),26),(22,23)),(((((24,21),((2,(9,28)),18)),11),16),(1,(5,25)))),((((17,20),6),((27,(14,13)),(7,((15,10),19)))),30)));

STEP 126 [TBR_IncrementalHeuristic_MP_RF -> NNI_Substep_121] - Distance: 107.0000
((29,(8,4)),(((((3,12),26),(22,23)),(((((24,21),((2,(9,28)),18)),16),11),(1,(5,25)))),((((17,20),6),((27,(14,13)),(7,((15,10),19)))),30)));

STEP 127 [TBR_IncrementalHeuristic_MP_RF -> NNI_Substep_122] - Distance: 107.0000
((29,(8,4)),(((((3,12),26),(22,23)),((((24,21),(((2,(9,28)),18),16)),11),(1,(5,25)))),((((17,20),6),((27,(14,13)),(7,((15,10),19)))),30)));

STEP 128 [TBR_IncrementalHeuristic_MP_RF -> NNI_Substep_123] - Distance: 107.0000
((29,(8,4)),(((((3,12),26),(22,23)),((((24,21),(((2,(9,28)),16),18)),11),(1,(5,25)))),((((17,20),6),((27,(14,13)),(7,((15,10),19)))),30)));

STEP 129 [TBR_IncrementalHeuristic_MP_RF -> NNI_Substep_124] - Distance: 106.0000
((29,(8,4)),((((((3,12),26),(22,23)),((((24,21),(((2,(9,28)),16),18)),11),(1,(5,25)))),(((17,20),6),((27,(14,13)),(7,((15,10),19))))),30));

STEP 130 [TBR_IncrementalHeuristic_MP_RF -> NNI_Substep_125] - Distance: 106.0000
((29,(8,4)),((((((3,12),26),(22,23)),((((24,21),(((2,(9,28)),16),18)),11),(1,(5,25)))),30),(((17,20),6),((27,(14,13)),(7,((15,10),19))))));

STEP 131 [TBR_IncrementalHeuristic_MP_RF -> NNI_Substep_126] - Distance: 106.0000
((29,(8,4)),(((((3,12),26),(22,23)),(((((24,21),(((2,(9,28)),16),18)),11),(1,(5,25))),30)),(((17,20),6),((27,(14,13)),(7,((15,10),19))))));

STEP 132 [TBR_IncrementalHeuristic_MP_RF -> NNI_Substep_127] - Distance: 106.0000
((29,(8,4)),(((((3,12),26),(22,23)),(((((24,21),(((2,(9,28)),16),18)),11),30),(1,(5,25)))),(((17,20),6),((27,(14,13)),(7,((15,10),19))))));

STEP 133 [TBR_IncrementalHeuristic_MP_RF -> NNI_Substep_128] - Distance: 106.0000
((29,(8,4)),(((((3,12),26),(22,23)),(((((24,21),(((2,(9,28)),16),18)),30),11),(1,(5,25)))),(((17,20),6),((27,(14,13)),(7,((15,10),19))))));

STEP 134 [TBR_IncrementalHeuristic_MP_RF -> NNI_Substep_129] - Distance: 104.0000
((29,(8,4)),(((((3,12),26),(22,23)),((((24,21),((((2,(9,28)),16),18),30)),11),(1,(5,25)))),(((17,20),6),((27,(14,13)),(7,((15,10),19))))));

STEP 135 [TBR_IncrementalHeuristic_MP_RF -> NNI_Substep_130] - Distance: 104.0000
((29,(8,4)),(((((3,12),26),(22,23)),((((24,21),(((2,(9,28)),16),(18,30))),11),(1,(5,25)))),(((17,20),6),((27,(14,13)),(7,((15,10),19))))));

STEP 136 [TBR_IncrementalHeuristic_MP_RF -> NNI_Substep_131] - Distance: 104.0000
((29,(8,4)),(((((3,12),26),(22,23)),(((((24,21),((2,(9,28)),16)),(18,30)),11),(1,(5,25)))),(((17,20),6),((27,(14,13)),(7,((15,10),19))))));

STEP 137 [TBR_IncrementalHeuristic_MP_RF -> NNI_Substep_132] - Distance: 104.0000
((29,(8,4)),(((((3,12),26),(22,23)),(((((24,21),((2,(9,28)),16)),11),(18,30)),(1,(5,25)))),(((17,20),6),((27,(14,13)),(7,((15,10),19))))));

STEP 138 [TBR_IncrementalHeuristic_MP_RF -> NNI_Substep_133] - Distance: 104.0000
((29,(8,4)),(((((3,12),26),(22,23)),(((((24,21),((2,(9,28)),16)),11),(1,(5,25))),(18,30))),(((17,20),6),((27,(14,13)),(7,((15,10),19))))));

STEP 139 [TBR_IncrementalHeuristic_MP_RF -> NNI_Substep_134] - Distance: 104.0000
((29,(8,4)),((((((3,12),26),(22,23)),((((24,21),((2,(9,28)),16)),11),(1,(5,25)))),(18,30)),(((17,20),6),((27,(14,13)),(7,((15,10),19))))));

STEP 140 [TBR_IncrementalHeuristic_MP_RF -> NNI_Substep_135] - Distance: 104.0000
((29,(8,4)),((((((3,12),26),(22,23)),((((24,21),((2,(9,28)),16)),11),(1,(5,25)))),(((17,20),6),((27,(14,13)),(7,((15,10),19))))),(18,30)));

STEP 141 [TBR_IncrementalHeuristic_MP_RF -> NNI_Substep_136] - Distance: 56.0000
((29,((8,4),(18,30))),(((((3,12),26),(22,23)),((((24,21),((2,(9,28)),16)),11),(1,(5,25)))),(((17,20),6),((27,(14,13)),(7,((15,10),19))))));

STEP 142 [TBR_IncrementalHeuristic_MP_RF -> NNI_Substep_137] - Distance: 56.0000
((29,((8,4),(18,30))),(((((3,12),26),(22,23)),(((((2,(9,28)),16),11),(24,21)),(1,(5,25)))),(((17,20),6),((27,(14,13)),(7,((15,10),19))))));

STEP 143 [TBR_IncrementalHeuristic_MP_RF -> NNI_Substep_138] - Distance: 56.0000
((29,((8,4),(18,30))),(((((3,12),26),(22,23)),(((((2,(9,28)),16),11),(1,(5,25))),(24,21))),(((17,20),6),((27,(14,13)),(7,((15,10),19))))));

STEP 144 [TBR_IncrementalHeuristic_MP_RF -> NNI_Substep_139] - Distance: 56.0000
((29,((8,4),(18,30))),((((((3,12),26),(22,23)),((((2,(9,28)),16),11),(1,(5,25)))),(24,21)),(((17,20),6),((27,(14,13)),(7,((15,10),19))))));

STEP 145 [TBR_IncrementalHeuristic_MP_RF -> NNI_Substep_140] - Distance: 56.0000
((29,((8,4),(18,30))),((((((3,12),26),(22,23)),((((2,(9,28)),16),11),(1,(5,25)))),(((17,20),6),((27,(14,13)),(7,((15,10),19))))),(24,21)));

STEP 146 [TBR_IncrementalHeuristic_MP_RF -> NNI_Substep_141] - Distance: 0.0000
((29,(((8,4),(18,30)),(24,21))),(((((3,12),26),(22,23)),((((2,(9,28)),16),11),(1,(5,25)))),(((17,20),6),((27,(14,13)),(7,((15,10),19))))));

========================================================
[FINAL] Total Steps: 146 | Final Distance: 0.0000
========================================================
