========================================================
HEURISTIC TRAJECTORY: VND Incremental (MP_RF)
========================================================
STEP 0 [START] - Distance: 310.0000
(((11,((28,(3,(4,23))),(9,((2,(1,29)),((14,(16,(30,20))),(8,13)))))),(6,((10,(27,7)),((17,19),(22,26))))),(((15,18),(21,12)),(25,(24,5))));

STEP 1 [NNI_IncrementalHeuristic_MP_RF -> NNI_Substep_1] - Distance: 289.0000
(((((15,18),(21,12)),(25,(24,5))),(6,((10,(27,7)),((17,19),(22,26))))),(11,((28,(9,((2,(1,29)),((14,(16,(30,20))),(8,13))))),(3,(4,23)))));

STEP 2 [NNI_IncrementalHeuristic_MP_RF -> NNI_Substep_2] - Distance: 288.0000
(((((15,18),(21,12)),(6,((10,(27,7)),((17,19),(22,26))))),(25,(24,5))),(11,((28,(9,((2,(1,29)),((14,(16,(30,20))),(8,13))))),(3,(4,23)))));

STEP 3 [NNI_IncrementalHeuristic_MP_RF -> NNI_Substep_3] - Distance: 287.0000
(((((15,18),(21,12)),(6,((10,(27,7)),((17,19),(22,26))))),(25,(24,5))),(11,((28,(9,((2,(1,29)),(8,((14,(16,(30,20))),13))))),(3,(4,23)))));

STEP 4 [2sECR_IncrementalHeuristic_MP_RF -> NNI_Substep_1] - Distance: 287.0000
(((((15,18),(21,12)),(6,((10,(27,7)),((17,19),(22,26))))),(25,(24,5))),(11,((9,(28,((2,(1,29)),(8,((14,(16,(30,20))),13))))),(3,(4,23)))));

STEP 5 [2sECR_IncrementalHeuristic_MP_RF -> NNI_Substep_2] - Distance: 284.0000
(((((15,18),(21,12)),(6,((10,(27,7)),((17,19),(22,26))))),(25,(24,5))),(11,((9,((8,((14,(16,(30,20))),13)),(28,(2,(1,29))))),(3,(4,23)))));

STEP 6 [2sECR_IncrementalHeuristic_MP_RF -> NNI_Substep_3] - Distance: 284.0000
(((((15,18),(21,12)),(6,((10,(27,7)),((17,19),(22,26))))),(25,(24,5))),(11,(((3,(4,23)),((8,((14,(16,(30,20))),13)),(28,(2,(1,29))))),9)));

STEP 7 [2sECR_IncrementalHeuristic_MP_RF -> NNI_Substep_4] - Distance: 278.0000
(((((15,18),(21,12)),(6,((10,(27,7)),((17,19),(22,26))))),(25,(24,5))),(11,(((8,((14,(16,(30,20))),13)),((3,(4,23)),(28,(2,(1,29))))),9)));

STEP 8 [2sECR_IncrementalHeuristic_MP_RF -> NNI_Substep_5] - Distance: 278.0000
(((((15,18),(21,12)),(6,((10,(27,7)),((17,19),(22,26))))),(24,(25,5))),(11,(((8,((14,(16,(30,20))),13)),((3,(4,23)),(28,(2,(1,29))))),9)));

STEP 9 [2sECR_IncrementalHeuristic_MP_RF -> NNI_Substep_6] - Distance: 276.0000
((24,((((15,18),(21,12)),(6,((10,(27,7)),((17,19),(22,26))))),(25,5))),(11,(((8,((14,(16,(30,20))),13)),((3,(4,23)),(28,(2,(1,29))))),9)));

STEP 10 [2sECR_IncrementalHeuristic_MP_RF -> NNI_Substep_7] - Distance: 276.0000
(((25,5),(24,(((15,18),(21,12)),(6,((10,(27,7)),((17,19),(22,26))))))),(11,(((8,((14,(16,(30,20))),13)),((3,(4,23)),(28,(2,(1,29))))),9)));

STEP 11 [2sECR_IncrementalHeuristic_MP_RF -> NNI_Substep_8] - Distance: 274.0000
((24,(((15,18),(21,12)),(6,((10,(27,7)),((17,19),(22,26)))))),((((8,((14,(16,(30,20))),13)),((3,(4,23)),(28,(2,(1,29))))),(11,9)),(25,5)));

STEP 12 [2sECR_IncrementalHeuristic_MP_RF -> NNI_Substep_9] - Distance: 272.0000
((24,(((15,18),(21,12)),(6,((10,(27,7)),((17,19),(22,26)))))),((11,9),((25,5),((8,((14,(16,(30,20))),13)),((3,(4,23)),(28,(2,(1,29))))))));

STEP 13 [2sECR_IncrementalHeuristic_MP_RF -> NNI_Substep_10] - Distance: 269.0000
((24,(((15,18),(21,12)),(6,((10,(27,7)),((17,19),(22,26)))))),((11,((25,5),((8,((14,(16,(30,20))),13)),((3,(4,23)),(28,(2,(1,29))))))),9));

STEP 14 [2sECR_IncrementalHeuristic_MP_RF -> NNI_Substep_11] - Distance: 269.0000
((24,((18,((21,12),15)),(6,((10,(27,7)),((17,19),(22,26)))))),((11,((25,5),((8,((14,(16,(30,20))),13)),((3,(4,23)),(28,(2,(1,29))))))),9));

STEP 15 [2sECR_IncrementalHeuristic_MP_RF -> NNI_Substep_12] - Distance: 268.0000
((24,(((6,((10,(27,7)),((17,19),(22,26)))),((21,12),15)),18)),((11,((25,5),((8,((14,(16,(30,20))),13)),((3,(4,23)),(28,(2,(1,29))))))),9));

STEP 16 [3sECR_IncrementalHeuristic_MP_RF -> NNI_Substep_1] - Distance: 268.0000
((24,(((6,((10,(27,7)),(((17,19),26),22))),((21,12),15)),18)),((11,((25,5),((8,((14,(16,(30,20))),13)),((3,(4,23)),(28,(2,(1,29))))))),9));

STEP 17 [3sECR_IncrementalHeuristic_MP_RF -> NNI_Substep_2] - Distance: 268.0000
((24,(((6,(((10,(27,7)),((17,19),26)),22)),((21,12),15)),18)),((11,((25,5),((8,((14,(16,(30,20))),13)),((3,(4,23)),(28,(2,(1,29))))))),9));

STEP 18 [3sECR_IncrementalHeuristic_MP_RF -> NNI_Substep_3] - Distance: 267.0000
((24,((((6,22),((10,(27,7)),((17,19),26))),((21,12),15)),18)),((11,((25,5),((8,((14,(16,(30,20))),13)),((3,(4,23)),(28,(2,(1,29))))))),9));

STEP 19 [3sECR_IncrementalHeuristic_MP_RF -> NNI_Substep_4] - Distance: 263.0000
((24,(18,((((21,12),15),(6,22)),((10,(27,7)),((17,19),26))))),((11,((25,5),((8,((14,(16,(30,20))),13)),((3,(4,23)),(28,(2,(1,29))))))),9));

STEP 20 [3sECR_IncrementalHeuristic_MP_RF -> NNI_Substep_5] - Distance: 263.0000
((24,(18,(((((21,12),15),(6,22)),((17,19),26)),(10,(27,7))))),((11,((25,5),((8,((14,(16,(30,20))),13)),((3,(4,23)),(28,(2,(1,29))))))),9));

STEP 21 [3sECR_IncrementalHeuristic_MP_RF -> NNI_Substep_6] - Distance: 262.0000
((24,((18,((((21,12),15),(6,22)),((17,19),26))),(10,(27,7)))),((11,((25,5),((8,((14,(16,(30,20))),13)),((3,(4,23)),(28,(2,(1,29))))))),9));

STEP 22 [3sECR_IncrementalHeuristic_MP_RF -> NNI_Substep_7] - Distance: 262.0000
(((11,((25,5),((8,((14,(16,(30,20))),13)),((3,(4,23)),(28,(2,(1,29))))))),9),(24,(((18,((((21,12),15),(6,22)),((17,19),26))),(27,7)),10)));

STEP 23 [3sECR_IncrementalHeuristic_MP_RF -> NNI_Substep_8] - Distance: 262.0000
(((11,((25,5),((8,((14,(16,(30,20))),13)),((3,(4,23)),(28,(2,(1,29))))))),9),((24,((18,((((21,12),15),(6,22)),((17,19),26))),(27,7))),10));

STEP 24 [3sECR_IncrementalHeuristic_MP_RF -> NNI_Substep_9] - Distance: 254.0000
(((10,9),(11,((25,5),((8,((14,(16,(30,20))),13)),((3,(4,23)),(28,(2,(1,29)))))))),(24,((18,((((21,12),15),(6,22)),((17,19),26))),(27,7))));

STEP 25 [3sECR_IncrementalHeuristic_MP_RF -> NNI_Substep_10] - Distance: 254.0000
(((10,9),(11,((25,5),((8,((14,(16,(30,20))),13)),((3,(4,23)),(28,(2,(1,29)))))))),(24,(((18,((((21,12),15),(6,22)),((17,19),26))),7),27)));

STEP 26 [3sECR_IncrementalHeuristic_MP_RF -> NNI_Substep_11] - Distance: 254.0000
(((10,9),(11,((25,5),((8,((14,(16,(30,20))),13)),((3,(4,23)),(28,(2,(1,29)))))))),((24,((18,((((21,12),15),(6,22)),((17,19),26))),7)),27));

STEP 27 [3sECR_IncrementalHeuristic_MP_RF -> NNI_Substep_12] - Distance: 247.0000
(((27,(11,((25,5),((8,((14,(16,(30,20))),13)),((3,(4,23)),(28,(2,(1,29)))))))),(10,9)),(24,((18,((((21,12),15),(6,22)),((17,19),26))),7)));

STEP 28 [3sECR_IncrementalHeuristic_MP_RF -> NNI_Substep_13] - Distance: 247.0000
(((27,(11,((25,5),((8,((14,(16,(30,20))),13)),((28,(2,(1,29))),((3,23),4)))))),(10,9)),(24,((18,((((21,12),15),(6,22)),((17,19),26))),7)));

STEP 29 [3sECR_IncrementalHeuristic_MP_RF -> NNI_Substep_14] - Distance: 247.0000
(((27,(11,((25,5),((8,((14,(16,(30,20))),13)),(((28,(2,(1,29))),(3,23)),4))))),(10,9)),(24,((18,((((21,12),15),(6,22)),((17,19),26))),7)));

STEP 30 [3sECR_IncrementalHeuristic_MP_RF -> NNI_Substep_15] - Distance: 246.0000
(((27,(11,((25,5),(((8,((14,(16,(30,20))),13)),4),((28,(2,(1,29))),(3,23)))))),(10,9)),(24,((18,((((21,12),15),(6,22)),((17,19),26))),7)));

STEP 31 [3sECR_IncrementalHeuristic_MP_RF -> NNI_Substep_16] - Distance: 246.0000
(((27,(11,((25,5),((((28,(2,(1,29))),(3,23)),(8,((14,(16,(30,20))),13))),4)))),(10,9)),(24,((18,((((21,12),15),(6,22)),((17,19),26))),7)));

STEP 32 [3sECR_IncrementalHeuristic_MP_RF -> NNI_Substep_17] - Distance: 244.0000
(((27,(11,(((25,5),(((28,(2,(1,29))),(3,23)),(8,((14,(16,(30,20))),13)))),4))),(10,9)),(24,((18,((((21,12),15),(6,22)),((17,19),26))),7)));

STEP 33 [3sECR_IncrementalHeuristic_MP_RF -> NNI_Substep_18] - Distance: 243.0000
(((27,((11,((25,5),(((28,(2,(1,29))),(3,23)),(8,((14,(16,(30,20))),13))))),4)),(10,9)),(24,((18,((((21,12),15),(6,22)),((17,19),26))),7)));

STEP 34 [Heur. rSPR MP_RF -> NNI_Substep_1] - Distance: 245.0000
(((27,((11,((25,5),((((2,(1,29)),(3,23)),28),(8,((14,(16,(30,20))),13))))),4)),(10,9)),(24,((18,((((21,12),15),(6,22)),((17,19),26))),7)));

STEP 35 [Heur. rSPR MP_RF -> NNI_Substep_2] - Distance: 248.0000
(((27,((11,((25,5),((((2,(1,29)),(3,23)),(8,((14,(16,(30,20))),13))),28))),4)),(10,9)),(24,((18,((((21,12),15),(6,22)),((17,19),26))),7)));

STEP 36 [Heur. rSPR MP_RF -> NNI_Substep_3] - Distance: 248.0000
(((27,((11,(((25,5),(((2,(1,29)),(3,23)),(8,((14,(16,(30,20))),13)))),28)),4)),(10,9)),(24,((18,((((21,12),15),(6,22)),((17,19),26))),7)));

STEP 37 [Heur. rSPR MP_RF -> NNI_Substep_4] - Distance: 248.0000
(((27,(((11,((25,5),(((2,(1,29)),(3,23)),(8,((14,(16,(30,20))),13))))),28),4)),(10,9)),(24,((18,((((21,12),15),(6,22)),((17,19),26))),7)));

STEP 38 [Heur. rSPR MP_RF -> NNI_Substep_5] - Distance: 248.0000
(((27,(((11,((25,5),(((2,(1,29)),(3,23)),(8,((14,(16,(30,20))),13))))),4),28)),(10,9)),(24,((18,((((21,12),15),(6,22)),((17,19),26))),7)));

STEP 39 [Heur. rSPR MP_RF -> NNI_Substep_6] - Distance: 248.0000
((((27,((11,((25,5),(((2,(1,29)),(3,23)),(8,((14,(16,(30,20))),13))))),4)),28),(10,9)),(24,((18,((((21,12),15),(6,22)),((17,19),26))),7)));

STEP 40 [Heur. rSPR MP_RF -> NNI_Substep_7] - Distance: 248.0000
((((27,((11,((25,5),(((2,(1,29)),(3,23)),(8,((14,(16,(30,20))),13))))),4)),(10,9)),28),(24,((18,((((21,12),15),(6,22)),((17,19),26))),7)));

STEP 41 [Heur. rSPR MP_RF -> NNI_Substep_8] - Distance: 238.0000
(((27,((11,((25,5),(((2,(1,29)),(3,23)),(8,((14,(16,(30,20))),13))))),4)),(10,9)),(24,(((18,((((21,12),15),(6,22)),((17,19),26))),7),28)));

STEP 42 [Heur. rSPR MP_RF -> NNI_Substep_9] - Distance: 238.0000
(((27,((11,((25,5),(((2,(1,29)),(3,23)),(8,((14,(16,(30,20))),13))))),4)),(10,9)),(24,(((18,((((21,12),15),(6,22)),((17,19),26))),28),7)));

STEP 43 [Heur. rSPR MP_RF -> NNI_Substep_10] - Distance: 238.0000
(((27,((11,((25,5),(((2,(1,29)),(3,23)),(8,((14,(16,(30,20))),13))))),4)),(10,9)),(24,((18,(((((21,12),15),(6,22)),((17,19),26)),28)),7)));

STEP 44 [Heur. rSPR MP_RF -> NNI_Substep_11] - Distance: 236.0000
(((27,((11,((25,5),(((2,(1,29)),(3,23)),(8,((14,(16,(30,20))),13))))),4)),(10,9)),(24,((18,(((((21,12),15),(6,22)),28),((17,19),26))),7)));

STEP 45 [Heur. rSPR MP_RF -> NNI_Substep_12] - Distance: 234.0000
(((27,((11,((25,5),(((2,(1,29)),(3,23)),(8,((14,(16,(30,20))),13))))),4)),(10,9)),(24,((18,((((21,12),15),((6,22),28)),((17,19),26))),7)));

STEP 46 [Heur. rSPR MP_RF -> NNI_Substep_13] - Distance: 233.0000
(((27,((11,((25,5),(((2,(1,29)),(3,23)),(8,((14,(16,(30,20))),13))))),4)),(10,9)),(24,((18,((((21,12),15),((6,28),22)),((17,19),26))),7)));

STEP 47 [Heur. rSPR MP_RF -> NNI_Substep_14] - Distance: 233.0000
(((27,((11,((25,5),(((2,(1,29)),(3,23)),(8,((14,(16,(30,20))),13))))),4)),(10,9)),(24,((18,((((12,15),21),((6,28),22)),((17,19),26))),7)));

STEP 48 [Heur. rSPR MP_RF -> NNI_Substep_15] - Distance: 233.0000
(((27,((11,((25,5),(((2,(1,29)),(3,23)),(8,((14,(16,(30,20))),13))))),4)),(10,9)),(24,((18,((((12,15),((6,28),22)),21),((17,19),26))),7)));

STEP 49 [Heur. rSPR MP_RF -> NNI_Substep_16] - Distance: 233.0000
(((27,((11,((25,5),(((2,(1,29)),(3,23)),(8,((14,(16,(30,20))),13))))),4)),(10,9)),(24,((18,((((12,15),((6,28),22)),((17,19),26)),21)),7)));

STEP 50 [Heur. rSPR MP_RF -> NNI_Substep_17] - Distance: 233.0000
(((27,((11,((25,5),(((2,(1,29)),(3,23)),(8,((14,(16,(30,20))),13))))),4)),(10,9)),(24,(((18,(((12,15),((6,28),22)),((17,19),26))),21),7)));

STEP 51 [Heur. rSPR MP_RF -> NNI_Substep_18] - Distance: 233.0000
(((27,((11,((25,5),(((2,(1,29)),(3,23)),(8,((14,(16,(30,20))),13))))),4)),(10,9)),(24,(((18,(((12,15),((6,28),22)),((17,19),26))),7),21)));

STEP 52 [Heur. rSPR MP_RF -> NNI_Substep_19] - Distance: 233.0000
(((27,((11,((25,5),(((2,(1,29)),(3,23)),(8,((14,(16,(30,20))),13))))),4)),(10,9)),((24,((18,(((12,15),((6,28),22)),((17,19),26))),7)),21));

STEP 53 [Heur. rSPR MP_RF -> NNI_Substep_20] - Distance: 227.0000
((((27,((11,((25,5),(((2,(1,29)),(3,23)),(8,((14,(16,(30,20))),13))))),4)),21),(10,9)),(24,((18,(((12,15),((6,28),22)),((17,19),26))),7)));

STEP 54 [Heur. rSPR MP_RF -> NNI_Substep_21] - Distance: 226.0000
(((27,(((11,((25,5),(((2,(1,29)),(3,23)),(8,((14,(16,(30,20))),13))))),4),21)),(10,9)),(24,((18,(((12,15),((6,28),22)),((17,19),26))),7)));

STEP 55 [Heur. rSPR MP_RF -> NNI_Substep_22] - Distance: 222.0000
(((27,((11,((25,5),(((2,(1,29)),(3,23)),(8,((14,(16,(30,20))),13))))),(4,21))),(10,9)),(24,((18,(((12,15),((6,28),22)),((17,19),26))),7)));

STEP 56 [Heur. rSPR MP_RF -> NNI_Substep_23] - Distance: 222.0000
(((27,((11,((25,5),(((2,(1,29)),(3,23)),(8,(((16,(30,20)),13),14))))),(4,21))),(10,9)),(24,((18,(((12,15),((6,28),22)),((17,19),26))),7)));

STEP 57 [Heur. rSPR MP_RF -> NNI_Substep_24] - Distance: 222.0000
(((27,((11,((25,5),(((2,(1,29)),(3,23)),((8,((16,(30,20)),13)),14)))),(4,21))),(10,9)),(24,((18,(((12,15),((6,28),22)),((17,19),26))),7)));

STEP 58 [Heur. rSPR MP_RF -> NNI_Substep_25] - Distance: 222.0000
(((27,((11,((25,5),((((2,(1,29)),(3,23)),(8,((16,(30,20)),13))),14))),(4,21))),(10,9)),(24,((18,(((12,15),((6,28),22)),((17,19),26))),7)));

STEP 59 [Heur. rSPR MP_RF -> NNI_Substep_26] - Distance: 222.0000
(((27,((11,(((25,5),(((2,(1,29)),(3,23)),(8,((16,(30,20)),13)))),14)),(4,21))),(10,9)),(24,((18,(((12,15),((6,28),22)),((17,19),26))),7)));

STEP 60 [Heur. rSPR MP_RF -> NNI_Substep_27] - Distance: 222.0000
(((27,(((11,((25,5),(((2,(1,29)),(3,23)),(8,((16,(30,20)),13))))),14),(4,21))),(10,9)),(24,((18,(((12,15),((6,28),22)),((17,19),26))),7)));

STEP 61 [Heur. rSPR MP_RF -> NNI_Substep_28] - Distance: 222.0000
(((27,(((11,((25,5),(((2,(1,29)),(3,23)),(8,((16,(30,20)),13))))),(4,21)),14)),(10,9)),(24,((18,(((12,15),((6,28),22)),((17,19),26))),7)));

STEP 62 [Heur. rSPR MP_RF -> NNI_Substep_29] - Distance: 222.0000
((((27,((11,((25,5),(((2,(1,29)),(3,23)),(8,((16,(30,20)),13))))),(4,21))),14),(10,9)),(24,((18,(((12,15),((6,28),22)),((17,19),26))),7)));

STEP 63 [Heur. rSPR MP_RF -> NNI_Substep_30] - Distance: 221.0000
((((27,((11,((25,5),(((2,(1,29)),(3,23)),(8,((16,(30,20)),13))))),(4,21))),(10,9)),14),(24,((18,(((12,15),((6,28),22)),((17,19),26))),7)));

STEP 64 [Heur. rSPR MP_RF -> NNI_Substep_31] - Distance: 213.0000
(((27,((11,((25,5),(((2,(1,29)),(3,23)),(8,((16,(30,20)),13))))),(4,21))),((10,9),14)),(24,((18,(((12,15),((6,28),22)),((17,19),26))),7)));

STEP 65 [Heur. rSPR MP_RF -> NNI_Substep_32] - Distance: 212.0000
(((27,((11,((25,5),(((2,(1,29)),(3,23)),(8,((16,(30,20)),13))))),(4,21))),(10,(9,14))),(24,((18,(((12,15),((6,28),22)),((17,19),26))),7)));

STEP 66 [Heur. rSPR MP_RF -> NNI_Substep_33] - Distance: 215.0000
(((27,((11,((25,5),(((2,(3,23)),(1,29)),(8,((16,(30,20)),13))))),(4,21))),(10,(9,14))),(24,((18,(((12,15),((6,28),22)),((17,19),26))),7)));

STEP 67 [Heur. rSPR MP_RF -> NNI_Substep_34] - Distance: 221.0000
(((27,((11,((25,5),(((2,(3,23)),(8,((16,(30,20)),13))),(1,29)))),(4,21))),(10,(9,14))),(24,((18,(((12,15),((6,28),22)),((17,19),26))),7)));

STEP 68 [Heur. rSPR MP_RF -> NNI_Substep_35] - Distance: 221.0000
(((27,((11,(((25,5),((2,(3,23)),(8,((16,(30,20)),13)))),(1,29))),(4,21))),(10,(9,14))),(24,((18,(((12,15),((6,28),22)),((17,19),26))),7)));

STEP 69 [Heur. rSPR MP_RF -> NNI_Substep_36] - Distance: 221.0000
(((27,(((11,((25,5),((2,(3,23)),(8,((16,(30,20)),13))))),(1,29)),(4,21))),(10,(9,14))),(24,((18,(((12,15),((6,28),22)),((17,19),26))),7)));

STEP 70 [Heur. rSPR MP_RF -> NNI_Substep_37] - Distance: 221.0000
(((27,(((11,((25,5),((2,(3,23)),(8,((16,(30,20)),13))))),(4,21)),(1,29))),(10,(9,14))),(24,((18,(((12,15),((6,28),22)),((17,19),26))),7)));

STEP 71 [Heur. rSPR MP_RF -> NNI_Substep_38] - Distance: 221.0000
((((27,((11,((25,5),((2,(3,23)),(8,((16,(30,20)),13))))),(4,21))),(1,29)),(10,(9,14))),(24,((18,(((12,15),((6,28),22)),((17,19),26))),7)));

STEP 72 [Heur. rSPR MP_RF -> NNI_Substep_39] - Distance: 221.0000
((((27,((11,((25,5),((2,(3,23)),(8,((16,(30,20)),13))))),(4,21))),(10,(9,14))),(1,29)),(24,((18,(((12,15),((6,28),22)),((17,19),26))),7)));

STEP 73 [Heur. rSPR MP_RF -> NNI_Substep_40] - Distance: 199.0000
(((27,((11,((25,5),((2,(3,23)),(8,((16,(30,20)),13))))),(4,21))),(10,(9,14))),(24,(((18,(((12,15),((6,28),22)),((17,19),26))),7),(1,29))));

STEP 74 [Heur. rSPR MP_RF -> NNI_Substep_41] - Distance: 199.0000
(((27,((11,((25,5),((2,(3,23)),(8,((16,(30,20)),13))))),(4,21))),(10,(9,14))),(24,(((18,(((12,15),((6,28),22)),((17,19),26))),(1,29)),7)));

STEP 75 [Heur. rSPR MP_RF -> NNI_Substep_42] - Distance: 199.0000
(((27,((11,((25,5),((2,(3,23)),(8,((16,(30,20)),13))))),(4,21))),(10,(9,14))),(24,((18,((((12,15),((6,28),22)),((17,19),26)),(1,29))),7)));

STEP 76 [Heur. rSPR MP_RF -> NNI_Substep_43] - Distance: 189.0000
(((27,((11,((25,5),((2,(3,23)),(8,((16,(30,20)),13))))),(4,21))),(10,(9,14))),(24,((18,(((12,15),((6,28),22)),(((17,19),26),(1,29)))),7)));

STEP 77 [Heur. rSPR MP_RF -> NNI_Substep_44] - Distance: 187.0000
(((27,((11,((25,5),((2,(3,23)),(8,((16,(30,20)),13))))),(4,21))),(10,(9,14))),(24,((18,(((12,15),((6,28),22)),(((17,19),(1,29)),26))),7)));

STEP 78 [Heur. rSPR MP_RF -> NNI_Substep_45] - Distance: 187.0000
(((27,((11,((25,5),((2,(3,23)),(8,((16,(30,20)),13))))),(4,21))),(10,(9,14))),(24,((18,(((12,15),((6,28),22)),((17,(19,(1,29))),26))),7)));

STEP 79 [Heur. rSPR MP_RF -> NNI_Substep_46] - Distance: 187.0000
(((27,((11,((25,5),((2,(3,23)),(8,(((16,20),30),13))))),(4,21))),(10,(9,14))),(24,((18,(((12,15),((6,28),22)),((17,(19,(1,29))),26))),7)));

STEP 80 [Heur. rSPR MP_RF -> NNI_Substep_47] - Distance: 187.0000
(((27,((11,((25,5),((2,(3,23)),(8,(((16,20),13),30))))),(4,21))),(10,(9,14))),(24,((18,(((12,15),((6,28),22)),((17,(19,(1,29))),26))),7)));

STEP 81 [Heur. rSPR MP_RF -> NNI_Substep_48] - Distance: 188.0000
(((27,((11,((25,5),((2,(3,23)),((8,((16,20),13)),30)))),(4,21))),(10,(9,14))),(24,((18,(((12,15),((6,28),22)),((17,(19,(1,29))),26))),7)));

STEP 82 [Heur. rSPR MP_RF -> NNI_Substep_49] - Distance: 189.0000
(((27,((11,((25,5),(((2,(3,23)),(8,((16,20),13))),30))),(4,21))),(10,(9,14))),(24,((18,(((12,15),((6,28),22)),((17,(19,(1,29))),26))),7)));

STEP 83 [Heur. rSPR MP_RF -> NNI_Substep_50] - Distance: 189.0000
(((27,((11,(((25,5),((2,(3,23)),(8,((16,20),13)))),30)),(4,21))),(10,(9,14))),(24,((18,(((12,15),((6,28),22)),((17,(19,(1,29))),26))),7)));

STEP 84 [Heur. rSPR MP_RF -> NNI_Substep_51] - Distance: 189.0000
(((27,(((11,((25,5),((2,(3,23)),(8,((16,20),13))))),30),(4,21))),(10,(9,14))),(24,((18,(((12,15),((6,28),22)),((17,(19,(1,29))),26))),7)));

STEP 85 [Heur. rSPR MP_RF -> NNI_Substep_52] - Distance: 189.0000
(((27,(((11,((25,5),((2,(3,23)),(8,((16,20),13))))),(4,21)),30)),(10,(9,14))),(24,((18,(((12,15),((6,28),22)),((17,(19,(1,29))),26))),7)));

STEP 86 [Heur. rSPR MP_RF -> NNI_Substep_53] - Distance: 189.0000
((((27,((11,((25,5),((2,(3,23)),(8,((16,20),13))))),(4,21))),30),(10,(9,14))),(24,((18,(((12,15),((6,28),22)),((17,(19,(1,29))),26))),7)));

STEP 87 [Heur. rSPR MP_RF -> NNI_Substep_54] - Distance: 189.0000
((((27,((11,((25,5),((2,(3,23)),(8,((16,20),13))))),(4,21))),(10,(9,14))),30),(24,((18,(((12,15),((6,28),22)),((17,(19,(1,29))),26))),7)));

STEP 88 [Heur. rSPR MP_RF -> NNI_Substep_55] - Distance: 177.0000
(((27,((11,((25,5),((2,(3,23)),(8,((16,20),13))))),(4,21))),(10,(9,14))),(24,(((18,(((12,15),((6,28),22)),((17,(19,(1,29))),26))),7),30)));

STEP 89 [Heur. rSPR MP_RF -> NNI_Substep_56] - Distance: 176.0000
(((27,((11,((25,5),((2,(3,23)),(8,((16,20),13))))),(4,21))),(10,(9,14))),(24,(((18,(((12,15),((6,28),22)),((17,(19,(1,29))),26))),30),7)));

STEP 90 [Heur. rSPR MP_RF -> NNI_Substep_57] - Distance: 167.0000
(((27,((11,((25,5),((2,(3,23)),(8,((16,20),13))))),(4,21))),(10,(9,14))),(24,(((18,30),(((12,15),((6,28),22)),((17,(19,(1,29))),26))),7)));

STEP 91 [Heur. rSPR MP_RF -> NNI_Substep_58] - Distance: 167.0000
(((27,((11,((25,5),((2,(3,23)),((8,(16,20)),13)))),(4,21))),(10,(9,14))),(24,(((18,30),(((12,15),((6,28),22)),((17,(19,(1,29))),26))),7)));

STEP 92 [Heur. rSPR MP_RF -> NNI_Substep_59] - Distance: 167.0000
(((27,((11,((25,5),(((2,(3,23)),(8,(16,20))),13))),(4,21))),(10,(9,14))),(24,(((18,30),(((12,15),((6,28),22)),((17,(19,(1,29))),26))),7)));

STEP 93 [Heur. rSPR MP_RF -> NNI_Substep_60] - Distance: 167.0000
(((27,((11,(((25,5),((2,(3,23)),(8,(16,20)))),13)),(4,21))),(10,(9,14))),(24,(((18,30),(((12,15),((6,28),22)),((17,(19,(1,29))),26))),7)));

STEP 94 [Heur. rSPR MP_RF -> NNI_Substep_61] - Distance: 167.0000
(((27,(((11,((25,5),((2,(3,23)),(8,(16,20))))),13),(4,21))),(10,(9,14))),(24,(((18,30),(((12,15),((6,28),22)),((17,(19,(1,29))),26))),7)));

STEP 95 [Heur. rSPR MP_RF -> NNI_Substep_62] - Distance: 167.0000
(((27,(((11,((25,5),((2,(3,23)),(8,(16,20))))),(4,21)),13)),(10,(9,14))),(24,(((18,30),(((12,15),((6,28),22)),((17,(19,(1,29))),26))),7)));

STEP 96 [Heur. rSPR MP_RF -> NNI_Substep_63] - Distance: 167.0000
((((27,((11,((25,5),((2,(3,23)),(8,(16,20))))),(4,21))),13),(10,(9,14))),(24,(((18,30),(((12,15),((6,28),22)),((17,(19,(1,29))),26))),7)));

STEP 97 [Heur. rSPR MP_RF -> NNI_Substep_64] - Distance: 167.0000
((((27,((11,((25,5),((2,(3,23)),(8,(16,20))))),(4,21))),(10,(9,14))),13),(24,(((18,30),(((12,15),((6,28),22)),((17,(19,(1,29))),26))),7)));

STEP 98 [Heur. rSPR MP_RF -> NNI_Substep_65] - Distance: 154.0000
(((27,((11,((25,5),((2,(3,23)),(8,(16,20))))),(4,21))),(10,(9,14))),(24,((((18,30),(((12,15),((6,28),22)),((17,(19,(1,29))),26))),7),13)));

STEP 99 [Heur. rSPR MP_RF -> NNI_Substep_66] - Distance: 153.0000
(((27,((11,((25,5),((2,(3,23)),(8,(16,20))))),(4,21))),(10,(9,14))),(24,((((18,30),(((12,15),((6,28),22)),((17,(19,(1,29))),26))),13),7)));

STEP 100 [Heur. rSPR MP_RF -> NNI_Substep_67] - Distance: 144.0000
(((27,((11,((25,5),((2,(3,23)),(8,(16,20))))),(4,21))),(10,(9,14))),(24,((((18,30),13),(((12,15),((6,28),22)),((17,(19,(1,29))),26))),7)));

STEP 101 [Heur. rSPR MP_RF -> NNI_Substep_68] - Distance: 144.0000
(((27,((11,((25,5),(((2,(3,23)),(16,20)),8))),(4,21))),(10,(9,14))),(24,((((18,30),13),(((12,15),((6,28),22)),((17,(19,(1,29))),26))),7)));

STEP 102 [Heur. rSPR MP_RF -> NNI_Substep_69] - Distance: 144.0000
(((27,((11,(((25,5),((2,(3,23)),(16,20))),8)),(4,21))),(10,(9,14))),(24,((((18,30),13),(((12,15),((6,28),22)),((17,(19,(1,29))),26))),7)));

STEP 103 [Heur. rSPR MP_RF -> NNI_Substep_70] - Distance: 144.0000
(((27,(((11,((25,5),((2,(3,23)),(16,20)))),8),(4,21))),(10,(9,14))),(24,((((18,30),13),(((12,15),((6,28),22)),((17,(19,(1,29))),26))),7)));

STEP 104 [Heur. rSPR MP_RF -> NNI_Substep_71] - Distance: 144.0000
(((27,(((11,((25,5),((2,(3,23)),(16,20)))),(4,21)),8)),(10,(9,14))),(24,((((18,30),13),(((12,15),((6,28),22)),((17,(19,(1,29))),26))),7)));

STEP 105 [Heur. rSPR MP_RF -> NNI_Substep_72] - Distance: 144.0000
((((27,((11,((25,5),((2,(3,23)),(16,20)))),(4,21))),8),(10,(9,14))),(24,((((18,30),13),(((12,15),((6,28),22)),((17,(19,(1,29))),26))),7)));

STEP 106 [Heur. rSPR MP_RF -> NNI_Substep_73] - Distance: 144.0000
((((27,((11,((25,5),((2,(3,23)),(16,20)))),(4,21))),(10,(9,14))),8),(24,((((18,30),13),(((12,15),((6,28),22)),((17,(19,(1,29))),26))),7)));

STEP 107 [Heur. rSPR MP_RF -> NNI_Substep_74] - Distance: 129.0000
(((27,((11,((25,5),((2,(3,23)),(16,20)))),(4,21))),(10,(9,14))),(24,(((((18,30),13),(((12,15),((6,28),22)),((17,(19,(1,29))),26))),7),8)));

STEP 108 [Heur. rSPR MP_RF -> NNI_Substep_75] - Distance: 128.0000
(((27,((11,((25,5),((2,(3,23)),(16,20)))),(4,21))),(10,(9,14))),(24,(((((18,30),13),(((12,15),((6,28),22)),((17,(19,(1,29))),26))),8),7)));

STEP 109 [Heur. rSPR MP_RF -> NNI_Substep_76] - Distance: 119.0000
(((27,((11,((25,5),((2,(3,23)),(16,20)))),(4,21))),(10,(9,14))),(24,(((((18,30),13),8),(((12,15),((6,28),22)),((17,(19,(1,29))),26))),7)));

STEP 110 [Heur. rSPR MP_RF -> NNI_Substep_77] - Distance: 119.0000
(((27,((11,(((25,5),(16,20)),(2,(3,23)))),(4,21))),(10,(9,14))),(24,(((((18,30),13),8),(((12,15),((6,28),22)),((17,(19,(1,29))),26))),7)));

STEP 111 [Heur. rSPR MP_RF -> NNI_Substep_78] - Distance: 119.0000
(((27,(((11,((25,5),(16,20))),(2,(3,23))),(4,21))),(10,(9,14))),(24,(((((18,30),13),8),(((12,15),((6,28),22)),((17,(19,(1,29))),26))),7)));

STEP 112 [Heur. rSPR MP_RF -> NNI_Substep_79] - Distance: 119.0000
(((27,(((11,((25,5),(16,20))),(4,21)),(2,(3,23)))),(10,(9,14))),(24,(((((18,30),13),8),(((12,15),((6,28),22)),((17,(19,(1,29))),26))),7)));

STEP 113 [Heur. rSPR MP_RF -> NNI_Substep_80] - Distance: 119.0000
((((27,((11,((25,5),(16,20))),(4,21))),(2,(3,23))),(10,(9,14))),(24,(((((18,30),13),8),(((12,15),((6,28),22)),((17,(19,(1,29))),26))),7)));

STEP 114 [Heur. rSPR MP_RF -> NNI_Substep_81] - Distance: 119.0000
((((27,((11,((25,5),(16,20))),(4,21))),(10,(9,14))),(2,(3,23))),(24,(((((18,30),13),8),(((12,15),((6,28),22)),((17,(19,(1,29))),26))),7)));

STEP 115 [Heur. rSPR MP_RF -> NNI_Substep_82] - Distance: 70.0000
(((27,((11,((25,5),(16,20))),(4,21))),(10,(9,14))),(24,((((((18,30),13),8),(((12,15),((6,28),22)),((17,(19,(1,29))),26))),7),(2,(3,23)))));

STEP 116 [Heur. rSPR MP_RF -> NNI_Substep_83] - Distance: 70.0000
(((27,((11,((25,5),(16,20))),(4,21))),(10,(9,14))),(24,((((((18,30),13),8),(((12,15),((6,28),22)),((17,(19,(1,29))),26))),(2,(3,23))),7)));

STEP 117 [Heur. rSPR MP_RF -> NNI_Substep_84] - Distance: 58.0000
(((27,((11,((25,5),(16,20))),(4,21))),(10,(9,14))),(24,(((((18,30),13),8),((((12,15),((6,28),22)),((17,(19,(1,29))),26)),(2,(3,23)))),7)));

STEP 118 [Heur. rSPR MP_RF -> NNI_Substep_85] - Distance: 58.0000
(((27,((11,(((25,5),20),16)),(4,21))),(10,(9,14))),(24,(((((18,30),13),8),((((12,15),((6,28),22)),((17,(19,(1,29))),26)),(2,(3,23)))),7)));

STEP 119 [Heur. rSPR MP_RF -> NNI_Substep_86] - Distance: 58.0000
(((27,(((11,((25,5),20)),16),(4,21))),(10,(9,14))),(24,(((((18,30),13),8),((((12,15),((6,28),22)),((17,(19,(1,29))),26)),(2,(3,23)))),7)));

STEP 120 [Heur. rSPR MP_RF -> NNI_Substep_87] - Distance: 57.0000
(((27,(((11,((25,5),20)),(4,21)),16)),(10,(9,14))),(24,(((((18,30),13),8),((((12,15),((6,28),22)),((17,(19,(1,29))),26)),(2,(3,23)))),7)));

STEP 121 [Heur. rSPR MP_RF -> NNI_Substep_88] - Distance: 57.0000
((((27,((11,((25,5),20)),(4,21))),16),(10,(9,14))),(24,(((((18,30),13),8),((((12,15),((6,28),22)),((17,(19,(1,29))),26)),(2,(3,23)))),7)));

STEP 122 [Heur. rSPR MP_RF -> NNI_Substep_89] - Distance: 51.0000
((((27,16),((11,((25,5),20)),(4,21))),(10,(9,14))),(24,(((((18,30),13),8),((((12,15),((6,28),22)),((17,(19,(1,29))),26)),(2,(3,23)))),7)));

STEP 123 [Heur. rSPR MP_RF -> NNI_Substep_90] - Distance: 51.0000
((((27,16),((11,((25,5),20)),(4,21))),(10,(9,14))),(24,(((((18,30),13),8),((((12,15),((6,28),22)),(((19,(1,29)),26),17)),(2,(3,23)))),7)));

STEP 124 [Heur. rSPR MP_RF -> NNI_Substep_91] - Distance: 51.0000
((((27,16),((11,((25,5),20)),(4,21))),(10,(9,14))),(24,(((((18,30),13),8),(((((12,15),((6,28),22)),((19,(1,29)),26)),17),(2,(3,23)))),7)));

STEP 125 [Heur. rSPR MP_RF -> NNI_Substep_92] - Distance: 51.0000
((((27,16),((11,((25,5),20)),(4,21))),(10,(9,14))),(24,(((((18,30),13),8),(((((12,15),((6,28),22)),((19,(1,29)),26)),(2,(3,23))),17)),7)));

STEP 126 [Heur. rSPR MP_RF -> NNI_Substep_93] - Distance: 47.0000
((((27,16),((11,((25,5),20)),(4,21))),(10,(9,14))),(24,((((((18,30),13),8),((((12,15),((6,28),22)),((19,(1,29)),26)),(2,(3,23)))),17),7)));

STEP 127 [Heur. rSPR MP_RF -> NNI_Substep_94] - Distance: 35.0000
((((27,16),((11,((25,5),20)),(4,21))),(10,(9,14))),(24,((((((18,30),13),8),17),((((12,15),((6,28),22)),((19,(1,29)),26)),(2,(3,23)))),7)));

STEP 128 [Heur. rSPR MP_RF -> NNI_Substep_95] - Distance: 34.0000
((((27,16),((11,((25,5),20)),(4,21))),(10,(9,14))),(24,((((((18,30),13),8),17),(((((12,15),((6,28),22)),((19,(1,29)),26)),(3,23)),2)),7)));

STEP 129 [Heur. rSPR MP_RF -> NNI_Substep_96] - Distance: 32.0000
((((27,16),((11,((25,5),20)),(4,21))),(10,(9,14))),(24,((((((18,30),13),8),17),(((((12,15),((6,28),22)),((19,(1,29)),26)),2),(3,23))),7)));

STEP 130 [Heur. rSPR MP_RF -> NNI_Substep_97] - Distance: 27.0000
((((27,16),((11,((25,5),20)),(4,21))),(10,(9,14))),(24,((((((18,30),13),8),17),((((12,15),((6,28),22)),(((19,(1,29)),26),2)),(3,23))),7)));

STEP 131 [Heur. rSPR MP_RF -> NNI_Substep_98] - Distance: 24.0000
((((27,16),((11,((25,5),20)),(4,21))),(10,(9,14))),(24,((((((18,30),13),8),17),((((12,15),((6,28),22)),((19,(1,29)),(26,2))),(3,23))),7)));

STEP 132 [Heur. rSPR MP_RF -> NNI_Substep_99] - Distance: 12.0000
((((27,16),((11,((25,5),20)),(4,21))),(10,(9,14))),(24,((((((18,30),13),8),17),7),((((12,15),((6,28),22)),((19,(1,29)),(26,2))),(3,23)))));

STEP 133 [Heur. rSPR MP_RF -> NNI_Substep_100] - Distance: 0.0000
((((27,16),((11,((25,5),20)),(4,21))),(10,(9,14))),((24,(((((18,30),13),8),17),7)),((((12,15),((6,28),22)),((19,(1,29)),(26,2))),(3,23))));

========================================================
[FINAL] Total Steps: 133 | Final Distance: 0.0000
========================================================
