========================================================
HEURISTIC TRAJECTORY: VND Incremental (RF)
========================================================
STEP 0 [START] - Distance: 27.0000
(((22,5),(26,30)),(13,19),(27,((6,(17,(1,(2,(7,20))))),(12,(((4,((11,(25,(14,(29,8)))),(24,16))),(3,21)),((28,(23,10)),(15,(18,9))))))));

STEP 1 [NNI_IncrementalHeuristic_RF -> NNI_Substep_1] - Distance: 26.0000
(((22,5),(26,30)),(13,19),(27,((6,(17,((7,20),(2,1)))),(12,(((4,((11,(25,(14,(29,8)))),(24,16))),(3,21)),((28,(23,10)),(15,(18,9))))))));

STEP 2 [NNI_IncrementalHeuristic_RF -> NNI_Substep_2] - Distance: 25.0000
(((22,5),(26,30)),(13,19),(27,((6,((7,20),(17,(2,1)))),(12,(((4,((11,(25,(14,(29,8)))),(24,16))),(3,21)),((28,(23,10)),(15,(18,9))))))));

STEP 3 [uTBR_IncrementalHeuristic_RF -> NNI_Substep_1] - Distance: 25.0000
(((5,(26,30)),22),(13,19),(27,((6,((7,20),(17,(2,1)))),(12,(((4,((11,(25,(14,(29,8)))),(24,16))),(3,21)),((28,(23,10)),(15,(18,9))))))));

STEP 4 [uTBR_IncrementalHeuristic_RF -> NNI_Substep_2] - Distance: 25.0000
((5,(26,30)),(13,19),((27,((6,((7,20),(17,(2,1)))),(12,(((4,((11,(25,(14,(29,8)))),(24,16))),(3,21)),((28,(23,10)),(15,(18,9))))))),22));

STEP 5 [uTBR_IncrementalHeuristic_RF -> NNI_Substep_3] - Distance: 24.0000
((5,(26,30)),(13,19),((27,22),((6,((7,20),(17,(2,1)))),(12,(((4,((11,(25,(14,(29,8)))),(24,16))),(3,21)),((28,(23,10)),(15,(18,9))))))));

STEP 6 [uTBR_IncrementalHeuristic_RF -> NNI_Substep_4] - Distance: 24.0000
((5,(26,30)),(13,19),((27,22),((6,((7,20),(17,(2,1)))),((((4,((11,(25,(14,(29,8)))),(24,16))),(3,21)),12),((28,(23,10)),(15,(18,9)))))));

STEP 7 [uTBR_IncrementalHeuristic_RF -> NNI_Substep_5] - Distance: 24.0000
((5,(26,30)),(13,19),((27,22),((6,((7,20),(17,(2,1)))),((((3,21),12),(4,((11,(25,(14,(29,8)))),(24,16)))),((28,(23,10)),(15,(18,9)))))));

STEP 8 [uTBR_IncrementalHeuristic_RF -> NNI_Substep_6] - Distance: 23.0000
((5,(26,30)),(13,19),((27,22),((6,((7,20),(17,(2,1)))),(((4,((11,(25,(14,(29,8)))),(24,16))),(3,(21,12))),((28,(23,10)),(15,(18,9)))))));

STEP 9 [uTBR_IncrementalHeuristic_RF -> NNI_Substep_7] - Distance: 23.0000
(((5,26),30),(13,19),((27,22),((6,((7,20),(17,(2,1)))),(((4,((11,(25,(14,(29,8)))),(24,16))),(3,(21,12))),((28,(23,10)),(15,(18,9)))))));

STEP 10 [uTBR_IncrementalHeuristic_RF -> NNI_Substep_8] - Distance: 23.0000
((5,26),(13,19),(((27,22),((6,((7,20),(17,(2,1)))),(((4,((11,(25,(14,(29,8)))),(24,16))),(3,(21,12))),((28,(23,10)),(15,(18,9)))))),30));

STEP 11 [uTBR_IncrementalHeuristic_RF -> NNI_Substep_9] - Distance: 23.0000
((5,26),(13,19),((27,22),(((6,((7,20),(17,(2,1)))),(((4,((11,(25,(14,(29,8)))),(24,16))),(3,(21,12))),((28,(23,10)),(15,(18,9))))),30)));

STEP 12 [uTBR_IncrementalHeuristic_RF -> NNI_Substep_10] - Distance: 23.0000
((5,26),(13,19),((27,22),((6,((7,20),(17,(2,1)))),((((4,((11,(25,(14,(29,8)))),(24,16))),(3,(21,12))),((28,(23,10)),(15,(18,9)))),30))));

STEP 13 [uTBR_IncrementalHeuristic_RF -> NNI_Substep_11] - Distance: 23.0000
((5,26),(13,19),((27,22),((6,((7,20),(17,(2,1)))),((((4,((11,(25,(14,(29,8)))),(24,16))),(3,(21,12))),30),((28,(23,10)),(15,(18,9)))))));

STEP 14 [uTBR_IncrementalHeuristic_RF -> NNI_Substep_12] - Distance: 22.0000
((5,26),(13,19),((27,22),((6,((7,20),(17,(2,1)))),(((4,((11,(25,(14,(29,8)))),(24,16))),((3,(21,12)),30)),((28,(23,10)),(15,(18,9)))))));

STEP 15 [uTBR_IncrementalHeuristic_RF -> NNI_Substep_13] - Distance: 21.0000
((5,26),(13,19),((27,22),((6,((7,20),(17,(2,1)))),(((4,((11,(25,(14,(29,8)))),(24,16))),((3,30),(21,12))),((28,(23,10)),(15,(18,9)))))));

STEP 16 [uTBR_IncrementalHeuristic_RF -> NNI_Substep_14] - Distance: 21.0000
((5,26),(13,19),((6,((7,20),(17,(2,1)))),((((4,((11,(25,(14,(29,8)))),(24,16))),((3,30),(21,12))),((28,(23,10)),(15,(18,9)))),(27,22))));

STEP 17 [uTBR_IncrementalHeuristic_RF -> NNI_Substep_15] - Distance: 21.0000
((5,26),(13,19),((6,((7,20),(17,(2,1)))),(((4,((11,(25,(14,(29,8)))),(24,16))),((3,30),(21,12))),(((28,(23,10)),(15,(18,9))),(27,22)))));

STEP 18 [uTBR_IncrementalHeuristic_RF -> NNI_Substep_16] - Distance: 21.0000
((5,26),(13,19),((6,((7,20),(17,(2,1)))),(((4,((11,(25,(14,(29,8)))),(24,16))),((3,30),(21,12))),((28,(23,10)),((15,(18,9)),(27,22))))));

STEP 19 [uTBR_IncrementalHeuristic_RF -> NNI_Substep_17] - Distance: 21.0000
((5,26),(13,19),((6,((7,20),(17,(2,1)))),(((4,((11,(25,(14,(29,8)))),(24,16))),((3,30),(21,12))),((28,(23,10)),(15,((18,9),(27,22)))))));

STEP 20 [uTBR_IncrementalHeuristic_RF -> NNI_Substep_18] - Distance: 20.0000
((5,26),(13,19),((6,((7,20),(17,(2,1)))),(((4,((11,(25,(14,(29,8)))),(24,16))),((3,30),(21,12))),((28,(23,10)),(15,((18,(27,22)),9))))));

STEP 21 [uTBR_IncrementalHeuristic_RF -> NNI_Substep_19] - Distance: 20.0000
((5,26),13,(((6,((7,20),(17,(2,1)))),(((4,((11,(25,(14,(29,8)))),(24,16))),((3,30),(21,12))),((28,(23,10)),(15,((18,(27,22)),9))))),19));

STEP 22 [uTBR_IncrementalHeuristic_RF -> NNI_Substep_20] - Distance: 20.0000
((5,26),13,((6,((7,20),(17,(2,1)))),((((4,((11,(25,(14,(29,8)))),(24,16))),((3,30),(21,12))),((28,(23,10)),(15,((18,(27,22)),9)))),19)));

STEP 23 [uTBR_IncrementalHeuristic_RF -> NNI_Substep_21] - Distance: 20.0000
((5,26),13,((6,((7,20),(17,(2,1)))),((((4,((11,(25,(14,(29,8)))),(24,16))),((3,30),(21,12))),19),((28,(23,10)),(15,((18,(27,22)),9))))));

STEP 24 [uTBR_IncrementalHeuristic_RF -> NNI_Substep_22] - Distance: 20.0000
((5,26),13,((6,((7,20),(17,(2,1)))),((((4,((11,(25,(14,(29,8)))),(24,16))),19),((3,30),(21,12))),((28,(23,10)),(15,((18,(27,22)),9))))));

STEP 25 [uTBR_IncrementalHeuristic_RF -> NNI_Substep_23] - Distance: 19.0000
((5,26),13,((6,((7,20),(17,(2,1)))),((((4,19),((11,(25,(14,(29,8)))),(24,16))),((3,30),(21,12))),((28,(23,10)),(15,((18,(27,22)),9))))));

STEP 26 [uTBR_IncrementalHeuristic_RF -> NNI_Substep_24] - Distance: 19.0000
((5,26),13,((6,((7,20),(17,(2,1)))),((((11,(25,(14,(29,8)))),((24,16),(4,19))),((3,30),(21,12))),((28,(23,10)),(15,((18,(27,22)),9))))));

STEP 27 [uTBR_IncrementalHeuristic_RF -> NNI_Substep_25] - Distance: 18.0000
((5,26),13,((6,((7,20),(17,(2,1)))),((((11,(25,(14,(29,8)))),(24,(16,(4,19)))),((3,30),(21,12))),((28,(23,10)),(15,((18,(27,22)),9))))));

STEP 28 [uTBR_IncrementalHeuristic_RF -> NNI_Substep_26] - Distance: 18.0000
(5,26,((6,((7,20),(17,(2,1)))),(((((11,(25,(14,(29,8)))),(24,(16,(4,19)))),((3,30),(21,12))),((28,(23,10)),(15,((18,(27,22)),9)))),13)));

STEP 29 [uTBR_IncrementalHeuristic_RF -> NNI_Substep_27] - Distance: 18.0000
(5,26,((6,((7,20),(17,(2,1)))),((((11,(25,(14,(29,8)))),(24,(16,(4,19)))),((3,30),(21,12))),(((28,(23,10)),(15,((18,(27,22)),9))),13))));

STEP 30 [uTBR_IncrementalHeuristic_RF -> NNI_Substep_28] - Distance: 18.0000
(5,26,((6,((7,20),(17,(2,1)))),((((11,(25,(14,(29,8)))),(24,(16,(4,19)))),((3,30),(21,12))),((28,(23,10)),((15,((18,(27,22)),9)),13)))));

STEP 31 [uTBR_IncrementalHeuristic_RF -> NNI_Substep_29] - Distance: 18.0000
(5,26,((6,((7,20),(17,(2,1)))),((((11,(25,(14,(29,8)))),(24,(16,(4,19)))),((3,30),(21,12))),((28,(23,10)),(15,(((18,(27,22)),9),13))))));

STEP 32 [uTBR_IncrementalHeuristic_RF -> NNI_Substep_30] - Distance: 17.0000
(5,26,((6,((7,20),(17,(2,1)))),((((11,(25,(14,(29,8)))),(24,(16,(4,19)))),((3,30),(21,12))),((28,(23,10)),(15,((18,(27,22)),(9,13)))))));

STEP 33 [uTBR_IncrementalHeuristic_RF -> NNI_Substep_31] - Distance: 17.0000
(5,26,((((7,20),(17,(2,1))),((((11,(25,(14,(29,8)))),(24,(16,(4,19)))),((3,30),(21,12))),((28,(23,10)),(15,((18,(27,22)),(9,13)))))),6));

STEP 34 [uTBR_IncrementalHeuristic_RF -> NNI_Substep_32] - Distance: 17.0000
(5,26,((((((11,(25,(14,(29,8)))),(24,(16,(4,19)))),((3,30),(21,12))),((28,(23,10)),(15,((18,(27,22)),(9,13))))),6),((7,20),(17,(2,1)))));

STEP 35 [uTBR_IncrementalHeuristic_RF -> NNI_Substep_33] - Distance: 17.0000
(5,26,(((((28,(23,10)),(15,((18,(27,22)),(9,13)))),6),(((11,(25,(14,(29,8)))),(24,(16,(4,19)))),((3,30),(21,12)))),((7,20),(17,(2,1)))));

STEP 36 [uTBR_IncrementalHeuristic_RF -> NNI_Substep_34] - Distance: 17.0000
(5,26,(((7,20),(17,(2,1))),((((11,(25,(14,(29,8)))),(24,(16,(4,19)))),((3,30),(21,12))),((28,(23,10)),((15,((18,(27,22)),(9,13))),6)))));

STEP 37 [uTBR_IncrementalHeuristic_RF -> NNI_Substep_35] - Distance: 17.0000
(5,26,(((7,20),(17,(2,1))),((((11,(25,(14,(29,8)))),(24,(16,(4,19)))),((3,30),(21,12))),((28,(23,10)),(15,(((18,(27,22)),(9,13)),6))))));

STEP 38 [uTBR_IncrementalHeuristic_RF -> NNI_Substep_36] - Distance: 16.0000
(5,26,(((7,20),(17,(2,1))),((((11,(25,(14,(29,8)))),(24,(16,(4,19)))),((3,30),(21,12))),((28,(23,10)),(15,((18,(27,22)),((9,13),6)))))));

STEP 39 [uTBR_IncrementalHeuristic_RF -> NNI_Substep_37] - Distance: 16.0000
(((7,20),(17,(2,1))),(((((11,(25,(14,(29,8)))),(24,(16,(4,19)))),((3,30),(21,12))),((28,(23,10)),(15,((18,(27,22)),((9,13),6))))),5),26);

STEP 40 [uTBR_IncrementalHeuristic_RF -> NNI_Substep_38] - Distance: 16.0000
(((7,20),(17,(2,1))),((((11,(25,(14,(29,8)))),(24,(16,(4,19)))),((3,30),(21,12))),(((28,(23,10)),(15,((18,(27,22)),((9,13),6)))),5)),26);

STEP 41 [uTBR_IncrementalHeuristic_RF -> NNI_Substep_39] - Distance: 16.0000
(((7,20),(17,(2,1))),((((11,(25,(14,(29,8)))),(24,(16,(4,19)))),((3,30),(21,12))),((28,(23,10)),((15,((18,(27,22)),((9,13),6))),5))),26);

STEP 42 [uTBR_IncrementalHeuristic_RF -> NNI_Substep_40] - Distance: 16.0000
(((7,20),(17,(2,1))),((((11,(25,(14,(29,8)))),(24,(16,(4,19)))),((3,30),(21,12))),((28,(23,10)),(15,(((18,(27,22)),((9,13),6)),5)))),26);

STEP 43 [uTBR_IncrementalHeuristic_RF -> NNI_Substep_41] - Distance: 15.0000
(((7,20),(17,(2,1))),((((11,(25,(14,(29,8)))),(24,(16,(4,19)))),((3,30),(21,12))),((28,(23,10)),(15,((18,(27,22)),(((9,13),6),5))))),26);

STEP 44 [uTBR_IncrementalHeuristic_RF -> NNI_Substep_42] - Distance: 15.0000
(((7,20),(17,(2,1))),((((11,(25,((14,8),29))),(24,(16,(4,19)))),((3,30),(21,12))),((28,(23,10)),(15,((18,(27,22)),(((9,13),6),5))))),26);

STEP 45 [uTBR_IncrementalHeuristic_RF -> NNI_Substep_43] - Distance: 15.0000
(((7,20),(17,(2,1))),((((11,((25,(14,8)),29)),(24,(16,(4,19)))),((3,30),(21,12))),((28,(23,10)),(15,((18,(27,22)),(((9,13),6),5))))),26);

STEP 46 [uTBR_IncrementalHeuristic_RF -> NNI_Substep_44] - Distance: 15.0000
(((7,20),(17,(2,1))),(((((11,(25,(14,8))),29),(24,(16,(4,19)))),((3,30),(21,12))),((28,(23,10)),(15,((18,(27,22)),(((9,13),6),5))))),26);

STEP 47 [uTBR_IncrementalHeuristic_RF -> NNI_Substep_45] - Distance: 15.0000
(((7,20),(17,(2,1))),(((((11,(25,(14,8))),(24,(16,(4,19)))),29),((3,30),(21,12))),((28,(23,10)),(15,((18,(27,22)),(((9,13),6),5))))),26);

STEP 48 [uTBR_IncrementalHeuristic_RF -> NNI_Substep_46] - Distance: 15.0000
(((7,20),(17,(2,1))),((((11,(25,(14,8))),((24,(16,(4,19))),29)),((3,30),(21,12))),((28,(23,10)),(15,((18,(27,22)),(((9,13),6),5))))),26);

STEP 49 [uTBR_IncrementalHeuristic_RF -> NNI_Substep_47] - Distance: 14.0000
(((7,20),(17,(2,1))),((((11,(25,(14,8))),((24,29),(16,(4,19)))),((3,30),(21,12))),((28,(23,10)),(15,((18,(27,22)),(((9,13),6),5))))),26);

STEP 50 [uTBR_IncrementalHeuristic_RF -> NNI_Substep_48] - Distance: 14.0000
(((20,(17,(2,1))),7),((((11,(25,(14,8))),((24,29),(16,(4,19)))),((3,30),(21,12))),((28,(23,10)),(15,((18,(27,22)),(((9,13),6),5))))),26);

STEP 51 [uTBR_IncrementalHeuristic_RF -> NNI_Substep_49] - Distance: 14.0000
((20,(17,(2,1))),(((((11,(25,(14,8))),((24,29),(16,(4,19)))),((3,30),(21,12))),((28,(23,10)),(15,((18,(27,22)),(((9,13),6),5))))),7),26);

STEP 52 [uTBR_IncrementalHeuristic_RF -> NNI_Substep_50] - Distance: 14.0000
((20,(17,(2,1))),(((((11,(25,(14,8))),((24,29),(16,(4,19)))),((3,30),(21,12))),7),((28,(23,10)),(15,((18,(27,22)),(((9,13),6),5))))),26);

STEP 53 [uTBR_IncrementalHeuristic_RF -> NNI_Substep_51] - Distance: 14.0000
((20,(17,(2,1))),(((((11,(25,(14,8))),((24,29),(16,(4,19)))),7),((3,30),(21,12))),((28,(23,10)),(15,((18,(27,22)),(((9,13),6),5))))),26);

STEP 54 [uTBR_IncrementalHeuristic_RF -> NNI_Substep_52] - Distance: 14.0000
((20,(17,(2,1))),(((((11,(25,(14,8))),7),((24,29),(16,(4,19)))),((3,30),(21,12))),((28,(23,10)),(15,((18,(27,22)),(((9,13),6),5))))),26);

STEP 55 [uTBR_IncrementalHeuristic_RF -> NNI_Substep_53] - Distance: 13.0000
((20,(17,(2,1))),(((((11,7),(25,(14,8))),((24,29),(16,(4,19)))),((3,30),(21,12))),((28,(23,10)),(15,((18,(27,22)),(((9,13),6),5))))),26);

STEP 56 [uTBR_IncrementalHeuristic_RF -> NNI_Substep_54] - Distance: 13.0000
((20,(17,(2,1))),(((((25,(14,8)),((24,29),(16,(4,19)))),(11,7)),((3,30),(21,12))),((28,(23,10)),(15,((18,(27,22)),(((9,13),6),5))))),26);

STEP 57 [uTBR_IncrementalHeuristic_RF -> NNI_Substep_55] - Distance: 13.0000
((20,(17,(2,1))),(((((25,(14,8)),((24,29),(16,(4,19)))),((3,30),(21,12))),(11,7)),((28,(23,10)),(15,((18,(27,22)),(((9,13),6),5))))),26);

STEP 58 [uTBR_IncrementalHeuristic_RF -> NNI_Substep_56] - Distance: 13.0000
((20,(17,(2,1))),(((((25,(14,8)),((24,29),(16,(4,19)))),((3,30),(21,12))),((28,(23,10)),(15,((18,(27,22)),(((9,13),6),5))))),(11,7)),26);

STEP 59 [uTBR_IncrementalHeuristic_RF -> NNI_Substep_57] - Distance: 12.0000
((20,(17,(2,1))),((((25,(14,8)),((24,29),(16,(4,19)))),((3,30),(21,12))),((28,(23,10)),(15,((18,(27,22)),(((9,13),6),5))))),(26,(11,7)));

STEP 60 [uTBR_IncrementalHeuristic_RF -> NNI_Substep_58] - Distance: 12.0000
((20,(17,(2,1))),((((25,(14,8)),((24,29),(16,(4,19)))),((3,30),(21,12))),((28,(23,10)),((15,(18,(27,22))),(((9,13),6),5)))),(26,(11,7)));

STEP 61 [uTBR_IncrementalHeuristic_RF -> NNI_Substep_59] - Distance: 12.0000
((20,(17,(2,1))),((((25,(14,8)),((24,29),(16,(4,19)))),((3,30),(21,12))),(((28,(23,10)),(15,(18,(27,22)))),(((9,13),6),5))),(26,(11,7)));

STEP 62 [uTBR_IncrementalHeuristic_RF -> NNI_Substep_60] - Distance: 12.0000
((20,(17,(2,1))),(((((25,(14,8)),((24,29),(16,(4,19)))),((3,30),(21,12))),((28,(23,10)),(15,(18,(27,22))))),(((9,13),6),5)),(26,(11,7)));

STEP 63 [uTBR_IncrementalHeuristic_RF -> NNI_Substep_61] - Distance: 11.0000
((20,(17,(2,1))),((((25,(14,8)),((24,29),(16,(4,19)))),((3,30),(21,12))),((28,(23,10)),(15,(18,(27,22))))),((26,(11,7)),(((9,13),6),5)));

STEP 64 [uTBR_IncrementalHeuristic_RF -> NNI_Substep_62] - Distance: 11.0000
((20,(17,(2,1))),(((((14,8),((24,29),(16,(4,19)))),25),((3,30),(21,12))),((28,(23,10)),(15,(18,(27,22))))),((26,(11,7)),(((9,13),6),5)));

STEP 65 [uTBR_IncrementalHeuristic_RF -> NNI_Substep_63] - Distance: 11.0000
((20,(17,(2,1))),(((((14,8),((24,29),(16,(4,19)))),((3,30),(21,12))),25),((28,(23,10)),(15,(18,(27,22))))),((26,(11,7)),(((9,13),6),5)));

STEP 66 [uTBR_IncrementalHeuristic_RF -> NNI_Substep_64] - Distance: 11.0000
((20,(17,(2,1))),(((((14,8),((24,29),(16,(4,19)))),((3,30),(21,12))),((28,(23,10)),(15,(18,(27,22))))),25),((26,(11,7)),(((9,13),6),5)));

STEP 67 [uTBR_IncrementalHeuristic_RF -> NNI_Substep_65] - Distance: 11.0000
((20,(17,(2,1))),((((14,8),((24,29),(16,(4,19)))),((3,30),(21,12))),(((28,(23,10)),(15,(18,(27,22)))),25)),((26,(11,7)),(((9,13),6),5)));

STEP 68 [uTBR_IncrementalHeuristic_RF -> NNI_Substep_66] - Distance: 11.0000
((20,(17,(2,1))),((((14,8),((24,29),(16,(4,19)))),((3,30),(21,12))),(((28,(23,10)),25),(15,(18,(27,22))))),((26,(11,7)),(((9,13),6),5)));

STEP 69 [uTBR_IncrementalHeuristic_RF -> NNI_Substep_67] - Distance: 11.0000
((20,(17,(2,1))),((((14,8),((24,29),(16,(4,19)))),((3,30),(21,12))),((28,((23,10),25)),(15,(18,(27,22))))),((26,(11,7)),(((9,13),6),5)));

STEP 70 [uTBR_IncrementalHeuristic_RF -> NNI_Substep_68] - Distance: 10.0000
((20,(17,(2,1))),((((14,8),((24,29),(16,(4,19)))),((3,30),(21,12))),((28,(23,(10,25))),(15,(18,(27,22))))),((26,(11,7)),(((9,13),6),5)));

STEP 71 [uTBR_IncrementalHeuristic_RF -> NNI_Substep_69] - Distance: 10.0000
((20,(17,(2,1))),(((((14,8),(16,(4,19))),(24,29)),((3,30),(21,12))),((28,(23,(10,25))),(15,(18,(27,22))))),((26,(11,7)),(((9,13),6),5)));

STEP 72 [uTBR_IncrementalHeuristic_RF -> NNI_Substep_70] - Distance: 10.0000
((20,(17,(2,1))),(((((14,8),(16,(4,19))),((3,30),(21,12))),(24,29)),((28,(23,(10,25))),(15,(18,(27,22))))),((26,(11,7)),(((9,13),6),5)));

STEP 73 [uTBR_IncrementalHeuristic_RF -> NNI_Substep_71] - Distance: 10.0000
((20,(17,(2,1))),(((((14,8),(16,(4,19))),((3,30),(21,12))),((28,(23,(10,25))),(15,(18,(27,22))))),(24,29)),((26,(11,7)),(((9,13),6),5)));

STEP 74 [uTBR_IncrementalHeuristic_RF -> NNI_Substep_72] - Distance: 10.0000
((20,(17,(2,1))),((((14,8),(16,(4,19))),((3,30),(21,12))),(((28,(23,(10,25))),(15,(18,(27,22)))),(24,29))),((26,(11,7)),(((9,13),6),5)));

STEP 75 [uTBR_IncrementalHeuristic_RF -> NNI_Substep_73] - Distance: 9.0000
((20,(17,(2,1))),((((14,8),(16,(4,19))),((3,30),(21,12))),(((28,(23,(10,25))),(24,29)),(15,(18,(27,22))))),((26,(11,7)),(((9,13),6),5)));

STEP 76 [uTBR_IncrementalHeuristic_RF -> NNI_Substep_74] - Distance: 9.0000
((20,(17,(2,1))),((((14,8),(16,(4,19))),((3,30),(21,12))),((28,((23,(10,25)),(24,29))),(15,(18,(27,22))))),((26,(11,7)),(((9,13),6),5)));

STEP 77 [uTBR_IncrementalHeuristic_RF -> NNI_Substep_75] - Distance: 8.0000
((20,(17,(2,1))),((((14,8),(16,(4,19))),((3,30),(21,12))),((28,((23,(24,29)),(10,25))),(15,(18,(27,22))))),((26,(11,7)),(((9,13),6),5)));

STEP 78 [uTBR_IncrementalHeuristic_RF -> NNI_Substep_76] - Distance: 7.0000
((20,(17,(2,1))),((((14,8),(16,(4,19))),((3,30),(21,12))),((15,(18,(27,22))),((23,(24,29)),((10,25),28)))),((26,(11,7)),(((9,13),6),5)));

STEP 79 [uTBR_IncrementalHeuristic_RF -> NNI_Substep_77] - Distance: 7.0000
((20,(17,(2,1))),(((((14,8),(16,(4,19))),((3,30),(21,12))),(15,(18,(27,22)))),((23,(24,29)),((10,25),28))),((26,(11,7)),(((9,13),6),5)));

STEP 80 [uTBR_IncrementalHeuristic_RF -> NNI_Substep_78] - Distance: 6.0000
((20,(17,(2,1))),((((14,8),(16,(4,19))),((3,30),(21,12))),(15,(18,(27,22)))),(((26,(11,7)),(((9,13),6),5)),((23,(24,29)),((10,25),28))));

STEP 81 [uTBR_IncrementalHeuristic_RF -> NNI_Substep_79] - Distance: 5.0000
((17,(2,1)),((((14,8),(16,(4,19))),((3,30),(21,12))),(15,(18,(27,22)))),((((26,(11,7)),(((9,13),6),5)),((23,(24,29)),((10,25),28))),20));

STEP 82 [uTBR_IncrementalHeuristic_RF -> NNI_Substep_80] - Distance: 5.0000
((17,(2,1)),((((14,8),(16,(4,19))),(15,(18,(27,22)))),((3,30),(21,12))),((((26,(11,7)),(((9,13),6),5)),((23,(24,29)),((10,25),28))),20));

STEP 83 [uTBR_IncrementalHeuristic_RF -> NNI_Substep_81] - Distance: 4.0000
((17,(2,1)),(((14,8),(16,(4,19))),(15,(18,(27,22)))),(((((26,(11,7)),(((9,13),6),5)),((23,(24,29)),((10,25),28))),20),((3,30),(21,12))));

STEP 84 [uTBR_IncrementalHeuristic_RF -> NNI_Substep_82] - Distance: 4.0000
((17,(2,1)),(((8,(16,(4,19))),14),(15,(18,(27,22)))),(((((26,(11,7)),(((9,13),6),5)),((23,(24,29)),((10,25),28))),20),((3,30),(21,12))));

STEP 85 [uTBR_IncrementalHeuristic_RF -> NNI_Substep_83] - Distance: 4.0000
((17,(2,1)),(((8,(16,(4,19))),(15,(18,(27,22)))),14),(((((26,(11,7)),(((9,13),6),5)),((23,(24,29)),((10,25),28))),20),((3,30),(21,12))));

STEP 86 [uTBR_IncrementalHeuristic_RF -> NNI_Substep_84] - Distance: 4.0000
((17,(2,1)),((8,(16,(4,19))),((15,(18,(27,22))),14)),(((((26,(11,7)),(((9,13),6),5)),((23,(24,29)),((10,25),28))),20),((3,30),(21,12))));

STEP 87 [uTBR_IncrementalHeuristic_RF -> NNI_Substep_85] - Distance: 3.0000
((17,(2,1)),((8,(16,(4,19))),(15,((18,(27,22)),14))),(((((26,(11,7)),(((9,13),6),5)),((23,(24,29)),((10,25),28))),20),((3,30),(21,12))));

STEP 88 [uTBR_IncrementalHeuristic_RF -> NNI_Substep_86] - Distance: 3.0000
((17,(2,1)),(((16,(4,19)),(15,((18,(27,22)),14))),8),(((((26,(11,7)),(((9,13),6),5)),((23,(24,29)),((10,25),28))),20),((3,30),(21,12))));

STEP 89 [uTBR_IncrementalHeuristic_RF -> NNI_Substep_87] - Distance: 3.0000
((17,(2,1)),(((15,((18,(27,22)),14)),8),(16,(4,19))),(((((26,(11,7)),(((9,13),6),5)),((23,(24,29)),((10,25),28))),20),((3,30),(21,12))));

STEP 90 [uTBR_IncrementalHeuristic_RF -> NNI_Substep_88] - Distance: 2.0000
((17,(2,1)),(((15,8),((18,(27,22)),14)),(16,(4,19))),(((((26,(11,7)),(((9,13),6),5)),((23,(24,29)),((10,25),28))),20),((3,30),(21,12))));

STEP 91 [uTBR_IncrementalHeuristic_RF -> NNI_Substep_89] - Distance: 1.0000
((17,(2,1)),(((16,(4,19)),((18,(27,22)),14)),(15,8)),(((((26,(11,7)),(((9,13),6),5)),((23,(24,29)),((10,25),28))),20),((3,30),(21,12))));

STEP 92 [uTBR_IncrementalHeuristic_RF -> NNI_Substep_90] - Distance: 0.0000
((17,(2,1)),((16,(4,19)),((18,(27,22)),14)),((((((26,(11,7)),(((9,13),6),5)),((23,(24,29)),((10,25),28))),20),((3,30),(21,12))),(15,8)));

========================================================
[FINAL] Total Steps: 92 | Final Distance: 0.0000
========================================================
