========================================================
HEURISTIC TRAJECTORY: VND Classic (MC)
========================================================
STEP 0 [START] - Distance: 153.0000
((5,((2,(18,(17,24))),(30,27))),(((20,(((3,(15,28)),(9,7)),(25,(13,10)))),(21,(29,(23,(19,(26,12)))))),(14,((8,(1,(4,6))),(11,(16,22))))));

STEP 1 [NNI_ClassicHeuristic_MC -> NNI_Substep_1] - Distance: 148.0000
((5,((2,(18,(17,24))),(30,27))),(((20,(((3,(15,28)),(9,7)),(25,(13,10)))),(21,(29,(23,(19,(26,12)))))),((8,(1,(4,6))),(14,(11,(16,22))))));

STEP 2 [NNI_ClassicHeuristic_MC -> NNI_Substep_2] - Distance: 145.0000
((5,((2,(18,(17,24))),(30,27))),(((20,(((3,(15,28)),(9,7)),(25,(13,10)))),((23,(19,(26,12))),(29,21))),((8,(1,(4,6))),(14,(11,(16,22))))));

STEP 3 [NNI_ClassicHeuristic_MC -> NNI_Substep_3] - Distance: 143.0000
((5,((2,(18,(17,24))),(30,27))),(((((3,(15,28)),(9,7)),(20,(25,(13,10)))),((23,(19,(26,12))),(29,21))),((8,(1,(4,6))),(14,(11,(16,22))))));

STEP 4 [NNI_ClassicHeuristic_MC -> NNI_Substep_4] - Distance: 142.0000
((5,(((17,24),(18,2)),(30,27))),(((((3,(15,28)),(9,7)),(20,(25,(13,10)))),((23,(19,(26,12))),(29,21))),((8,(1,(4,6))),(14,(11,(16,22))))));

STEP 5 [NNI_ClassicHeuristic_MC -> NNI_Substep_5] - Distance: 140.0000
((5,(((17,24),(30,27)),(18,2))),(((((3,(15,28)),(9,7)),(20,(25,(13,10)))),((23,(19,(26,12))),(29,21))),((8,(1,(4,6))),(14,(11,(16,22))))));

STEP 6 [NNI_ClassicHeuristic_MC -> NNI_Substep_6] - Distance: 139.0000
((((17,24),(30,27)),(5,(18,2))),(((((3,(15,28)),(9,7)),(20,(25,(13,10)))),((23,(19,(26,12))),(29,21))),((8,(1,(4,6))),(14,(11,(16,22))))));

STEP 7 [NNI_ClassicHeuristic_MC -> NNI_Substep_7] - Distance: 138.0000
((((17,(30,27)),24),(5,(18,2))),(((((3,(15,28)),(9,7)),(20,(25,(13,10)))),((23,(19,(26,12))),(29,21))),((8,(1,(4,6))),(14,(11,(16,22))))));

STEP 8 [NNI_ClassicHeuristic_MC -> NNI_Substep_8] - Distance: 137.0000
((((17,(30,27)),24),(5,(18,2))),((((((9,7),(15,28)),3),(20,(25,(13,10)))),((23,(19,(26,12))),(29,21))),((8,(1,(4,6))),(14,(11,(16,22))))));

STEP 9 [NNI_ClassicHeuristic_MC -> NNI_Substep_9] - Distance: 136.0000
((((17,(30,27)),24),(5,(18,2))),((((((9,7),(15,28)),3),((13,10),(25,20))),((23,(19,(26,12))),(29,21))),((8,(1,(4,6))),(14,(11,(16,22))))));

STEP 10 [NNI_ClassicHeuristic_MC -> NNI_Substep_10] - Distance: 135.0000
((((17,(30,27)),24),(5,(18,2))),((((((9,7),(15,28)),3),((13,10),(25,20))),(((26,12),(19,23)),(29,21))),((8,(1,(4,6))),(14,(11,(16,22))))));

STEP 11 [NNI_ClassicHeuristic_MC -> NNI_Substep_11] - Distance: 134.0000
((((17,(30,27)),24),(5,(18,2))),((((((9,7),(15,28)),3),((13,10),(25,20))),(((26,12),(19,23)),(29,21))),(((4,6),(1,8)),(14,(11,(16,22))))));

STEP 12 [NNI_ClassicHeuristic_MC -> NNI_Substep_12] - Distance: 133.0000
((((17,(30,27)),24),(5,(18,2))),((((((9,7),(15,28)),3),((13,10),(25,20))),(((26,12),(19,23)),(29,21))),(((4,6),(1,8)),((16,22),(11,14)))));

STEP 13 [2sECR_ClassicHeuristic_MC -> NNI_Substep_1] - Distance: 133.0000
((((17,(30,27)),24),(5,(18,2))),(((((9,7),(15,28)),(3,((13,10),(25,20)))),(((26,12),(19,23)),(29,21))),(((4,6),(1,8)),((16,22),(11,14)))));

STEP 14 [2sECR_ClassicHeuristic_MC -> NNI_Substep_2] - Distance: 130.0000
((((17,(30,27)),24),(5,(18,2))),(((((9,7),(15,28)),((13,10),(3,(25,20)))),(((26,12),(19,23)),(29,21))),(((4,6),(1,8)),((16,22),(11,14)))));

STEP 15 [2sECR_ClassicHeuristic_MC -> NNI_Substep_3] - Distance: 130.0000
((((17,(30,27)),24),(5,(18,2))),((((9,7),(15,28)),(((13,10),(3,(25,20))),(((26,12),(19,23)),(29,21)))),(((4,6),(1,8)),((16,22),(11,14)))));

STEP 16 [2sECR_ClassicHeuristic_MC -> NNI_Substep_4] - Distance: 129.0000
((((17,(30,27)),24),(5,(18,2))),((((9,7),(15,28)),((29,21),(((13,10),(3,(25,20))),((26,12),(19,23))))),(((4,6),(1,8)),((16,22),(11,14)))));

STEP 17 [2sECR_ClassicHeuristic_MC -> NNI_Substep_5] - Distance: 124.0000
((((17,(30,27)),24),(5,(18,2))),(((((9,7),(15,28)),(29,21)),(((13,10),(3,(25,20))),((26,12),(19,23)))),(((4,6),(1,8)),((16,22),(11,14)))));

STEP 18 [2sECR_ClassicHeuristic_MC -> NNI_Substep_6] - Distance: 120.0000
((((17,(30,27)),24),(5,(18,2))),((((9,7),(15,28)),(29,21)),((((13,10),(3,(25,20))),((26,12),(19,23))),(((4,6),(1,8)),((16,22),(11,14))))));

STEP 19 [2sECR_ClassicHeuristic_MC -> NNI_Substep_7] - Distance: 123.0000
((((17,(30,27)),24),(5,(18,2))),((((9,7),(15,28)),(29,21)),(((4,6),(1,8)),((((13,10),(3,(25,20))),((26,12),(19,23))),((16,22),(11,14))))));

STEP 20 [2sECR_ClassicHeuristic_MC -> NNI_Substep_8] - Distance: 118.0000
((((17,(30,27)),24),(5,(18,2))),(((((9,7),(15,28)),(29,21)),((4,6),(1,8))),((((13,10),(3,(25,20))),((26,12),(19,23))),((16,22),(11,14)))));

STEP 21 [2sECR_ClassicHeuristic_MC -> NNI_Substep_9] - Distance: 119.0000
((((17,(30,27)),24),(5,(18,2))),(((29,(21,((9,7),(15,28)))),((4,6),(1,8))),((((13,10),(3,(25,20))),((26,12),(19,23))),((16,22),(11,14)))));

STEP 22 [2sECR_ClassicHeuristic_MC -> NNI_Substep_10] - Distance: 116.0000
((((17,(30,27)),24),(5,(18,2))),(((29,((9,7),((15,28),21))),((4,6),(1,8))),((((13,10),(3,(25,20))),((26,12),(19,23))),((16,22),(11,14)))));

STEP 23 [2sECR_ClassicHeuristic_MC -> NNI_Substep_11] - Distance: 114.0000
(((17,(30,27)),24),(((29,((9,7),((15,28),21))),((4,6),(1,8))),((5,(18,2)),((((13,10),(3,(25,20))),((26,12),(19,23))),((16,22),(11,14))))));

STEP 24 [2sECR_ClassicHeuristic_MC -> NNI_Substep_12] - Distance: 115.0000
(((17,(30,27)),24),(((29,((9,7),((15,28),21))),((4,6),(1,8))),((5,(18,2)),(((3,(25,20)),(((26,12),(19,23)),(13,10))),((16,22),(11,14))))));

STEP 25 [2sECR_ClassicHeuristic_MC -> NNI_Substep_13] - Distance: 111.0000
(((17,(30,27)),24),(((29,((9,7),((15,28),21))),((4,6),(1,8))),((5,(18,2)),((((26,12),(19,23)),(13,10)),(((16,22),(11,14)),(3,(25,20)))))));

STEP 26 [2sECR_ClassicHeuristic_MC -> NNI_Substep_14] - Distance: 109.0000
(((17,(30,27)),24),(((29,((9,7),((15,28),21))),((4,6),(1,8))),((5,(18,2)),((((13,10),(26,12)),(19,23)),(((16,22),(11,14)),(3,(25,20)))))));

STEP 27 [2sECR_ClassicHeuristic_MC -> NNI_Substep_15] - Distance: 108.0000
(((17,(30,27)),24),(((29,((9,7),((15,28),21))),((4,6),(1,8))),((5,(18,2)),(((12,((13,10),26)),(19,23)),(((16,22),(11,14)),(3,(25,20)))))));

STEP 28 [2sECR_ClassicHeuristic_MC -> NNI_Substep_16] - Distance: 108.0000
(((30,(17,27)),24),(((29,((9,7),((15,28),21))),((4,6),(1,8))),((5,(18,2)),(((12,((13,10),26)),(19,23)),(((16,22),(11,14)),(3,(25,20)))))));

STEP 29 [2sECR_ClassicHeuristic_MC -> NNI_Substep_17] - Distance: 107.0000
(((17,27),(24,30)),(((29,((9,7),((15,28),21))),((4,6),(1,8))),((5,(18,2)),(((12,((13,10),26)),(19,23)),(((16,22),(11,14)),(3,(25,20)))))));

STEP 30 [2sECR_ClassicHeuristic_MC -> NNI_Substep_18] - Distance: 109.0000
(((17,27),(24,30)),(((29,(9,(((15,28),21),7))),((4,6),(1,8))),((5,(18,2)),(((12,((13,10),26)),(19,23)),(((16,22),(11,14)),(3,(25,20)))))));

STEP 31 [2sECR_ClassicHeuristic_MC -> NNI_Substep_19] - Distance: 106.0000
(((17,27),(24,30)),((((29,9),(((15,28),21),7)),((4,6),(1,8))),((5,(18,2)),(((12,((13,10),26)),(19,23)),(((16,22),(11,14)),(3,(25,20)))))));

STEP 32 [2sECR_ClassicHeuristic_MC -> NNI_Substep_20] - Distance: 106.0000
(((17,27),(24,30)),((((29,9),((28,(21,15)),7)),((4,6),(1,8))),((5,(18,2)),(((12,((13,10),26)),(19,23)),(((16,22),(11,14)),(3,(25,20)))))));

STEP 33 [2sECR_ClassicHeuristic_MC -> NNI_Substep_21] - Distance: 105.0000
(((17,27),(24,30)),((((29,9),((21,15),(7,28))),((4,6),(1,8))),((5,(18,2)),(((12,((13,10),26)),(19,23)),(((16,22),(11,14)),(3,(25,20)))))));

STEP 34 [2sECR_ClassicHeuristic_MC -> NNI_Substep_22] - Distance: 105.0000
(((17,27),(24,30)),((((29,9),((21,15),(7,28))),((4,6),(1,8))),((5,(18,2)),(((12,(13,(26,10))),(19,23)),(((16,22),(11,14)),(3,(25,20)))))));

STEP 35 [2sECR_ClassicHeuristic_MC -> NNI_Substep_23] - Distance: 104.0000
(((17,27),(24,30)),((((29,9),((21,15),(7,28))),((4,6),(1,8))),((5,(18,2)),((((12,13),(26,10)),(19,23)),(((16,22),(11,14)),(3,(25,20)))))));

STEP 36 [2sECR_ClassicHeuristic_MC -> NNI_Substep_24] - Distance: 106.0000
(((17,27),(24,30)),(((4,6),((1,8),((29,9),((21,15),(7,28))))),((5,(18,2)),((((12,13),(26,10)),(19,23)),(((16,22),(11,14)),(3,(25,20)))))));

STEP 37 [2sECR_ClassicHeuristic_MC -> NNI_Substep_25] - Distance: 102.0000
(((17,27),(24,30)),(((4,6),(((21,15),(7,28)),((29,9),(1,8)))),((5,(18,2)),((((12,13),(26,10)),(19,23)),(((16,22),(11,14)),(3,(25,20)))))));

STEP 38 [2sECR_ClassicHeuristic_MC -> NNI_Substep_26] - Distance: 103.0000
(((17,27),(24,30)),(((4,6),(((21,15),(7,28)),((29,9),(1,8)))),((5,(18,2)),((((12,13),(26,10)),(19,23)),((22,((11,14),16)),(3,(25,20)))))));

STEP 39 [2sECR_ClassicHeuristic_MC -> NNI_Substep_27] - Distance: 101.0000
(((17,27),(24,30)),(((4,6),(((21,15),(7,28)),((29,9),(1,8)))),((5,(18,2)),((((12,13),(26,10)),(19,23)),(((11,14),16),((3,(25,20)),22))))));

STEP 40 [2sECR_ClassicHeuristic_MC -> NNI_Substep_28] - Distance: 98.0000
(((17,27),(24,30)),(((4,6),(((21,15),(7,28)),((29,9),(1,8)))),((5,(18,2)),((((12,13),(26,10)),(19,23)),(((11,14),16),((25,20),(22,3)))))));

STEP 41 [2sECR_ClassicHeuristic_MC -> NNI_Substep_29] - Distance: 101.0000
(((17,27),(24,30)),(((4,6),(((21,15),(7,28)),((29,9),(1,8)))),((5,(18,2)),(((11,14),16),((((12,13),(26,10)),(19,23)),((25,20),(22,3)))))));

STEP 42 [2sECR_ClassicHeuristic_MC -> NNI_Substep_30] - Distance: 101.0000
(((17,27),(24,30)),(((4,6),(((21,15),(7,28)),((29,9),(1,8)))),(((11,14),16),((5,(18,2)),((((12,13),(26,10)),(19,23)),((25,20),(22,3)))))));

STEP 43 [2sECR_ClassicHeuristic_MC -> NNI_Substep_31] - Distance: 96.0000
(((17,27),(24,30)),(((4,6),(((21,15),(7,28)),((29,9),(1,8)))),(((11,14),16),((((12,13),(26,10)),(19,23)),((5,(18,2)),((25,20),(22,3)))))));

STEP 44 [2sECR_ClassicHeuristic_MC -> NNI_Substep_32] - Distance: 101.0000
(((17,27),(24,30)),(((4,6),(((21,15),(7,28)),((29,9),(1,8)))),(((11,14),16),(((12,13),(26,10)),(((5,(18,2)),((25,20),(22,3))),(19,23))))));

STEP 45 [2sECR_ClassicHeuristic_MC -> NNI_Substep_33] - Distance: 97.0000
(((17,27),(24,30)),(((4,6),(((21,15),(7,28)),((29,9),(1,8)))),((((11,14),16),((12,13),(26,10))),(((5,(18,2)),((25,20),(22,3))),(19,23)))));

STEP 46 [2sECR_ClassicHeuristic_MC -> NNI_Substep_34] - Distance: 94.0000
(((17,27),(24,30)),(((4,6),(((21,15),(7,28)),((29,9),(1,8)))),((19,23),(((5,(18,2)),((25,20),(22,3))),(((11,14),16),((12,13),(26,10)))))));

STEP 47 [2sECR_ClassicHeuristic_MC -> NNI_Substep_35] - Distance: 95.0000
(((17,27),(24,30)),(((4,6),(((21,15),(7,28)),((29,9),(1,8)))),((19,23),(((5,(18,2)),(25,((22,3),20))),(((11,14),16),((12,13),(26,10)))))));

STEP 48 [2sECR_ClassicHeuristic_MC -> NNI_Substep_36] - Distance: 93.0000
(((17,27),(24,30)),(((4,6),(((21,15),(7,28)),((29,9),(1,8)))),((19,23),((((5,(18,2)),25),((22,3),20)),(((11,14),16),((12,13),(26,10)))))));

STEP 49 [2sECR_ClassicHeuristic_MC -> NNI_Substep_37] - Distance: 93.0000
(((17,27),(24,30)),(((4,6),(((21,15),(7,28)),((29,9),(1,8)))),((19,23),((((18,(5,2)),25),((22,3),20)),(((11,14),16),((12,13),(26,10)))))));

STEP 50 [2sECR_ClassicHeuristic_MC -> NNI_Substep_38] - Distance: 90.0000
(((17,27),(24,30)),(((4,6),(((21,15),(7,28)),((29,9),(1,8)))),((19,23),((((5,2),(25,18)),((22,3),20)),(((11,14),16),((12,13),(26,10)))))));

STEP 51 [3sECR_ClassicHeuristic_MC -> NNI_Substep_1] - Distance: 91.0000
(((17,27),(24,30)),(((4,6),(((21,15),(7,28)),((29,9),(1,8)))),((19,23),((((11,14),16),((12,13),(26,10))),((((22,3),20),(5,2)),(25,18))))));

STEP 52 [3sECR_ClassicHeuristic_MC -> NNI_Substep_2] - Distance: 96.0000
(((17,27),(24,30)),(((4,6),(((21,15),(7,28)),((29,9),(1,8)))),((19,23),(((((11,14),16),((12,13),(26,10))),(((22,3),20),(5,2))),(25,18)))));

STEP 53 [3sECR_ClassicHeuristic_MC -> NNI_Substep_3] - Distance: 84.0000
(((17,27),(24,30)),(((4,6),(((21,15),(7,28)),((29,9),(1,8)))),(((19,23),(25,18)),((((11,14),16),((12,13),(26,10))),(((22,3),20),(5,2))))));

STEP 54 [3sECR_ClassicHeuristic_MC -> NNI_Substep_4] - Distance: 85.0000
(((17,27),(24,30)),(((4,6),(((21,15),(7,28)),(((29,9),8),1))),(((19,23),(25,18)),((((11,14),16),((12,13),(26,10))),(((22,3),20),(5,2))))));

STEP 55 [3sECR_ClassicHeuristic_MC -> NNI_Substep_5] - Distance: 84.0000
(((17,27),(24,30)),(((4,6),((((21,15),(7,28)),1),((29,9),8))),(((19,23),(25,18)),((((11,14),16),((12,13),(26,10))),(((22,3),20),(5,2))))));

STEP 56 [3sECR_ClassicHeuristic_MC -> NNI_Substep_6] - Distance: 81.0000
(((17,27),(24,30)),(((4,6),((((21,15),1),(7,28)),((29,9),8))),(((19,23),(25,18)),((((11,14),16),((12,13),(26,10))),(((22,3),20),(5,2))))));

STEP 57 [3sECR_ClassicHeuristic_MC -> NNI_Substep_7] - Distance: 79.0000
(((17,27),(24,30)),(((4,6),((((1,21),15),(7,28)),((29,9),8))),(((19,23),(25,18)),((((11,14),16),((12,13),(26,10))),(((22,3),20),(5,2))))));

STEP 58 [3sECR_ClassicHeuristic_MC -> NNI_Substep_8] - Distance: 78.0000
(((17,27),(24,30)),((((4,6),(((1,21),15),(7,28))),(8,(29,9))),(((19,23),(25,18)),((((11,14),16),((12,13),(26,10))),(((22,3),20),(5,2))))));

STEP 59 [3sECR_ClassicHeuristic_MC -> NNI_Substep_9] - Distance: 95.0000
((17,27),((24,30),(((((19,23),(25,18)),((((11,14),16),((12,13),(26,10))),(((22,3),20),(5,2)))),((4,6),(((1,21),15),(7,28)))),(8,(29,9)))));

STEP 60 [3sECR_ClassicHeuristic_MC -> NNI_Substep_10] - Distance: 96.0000
((17,27),(((24,30),((((19,23),(25,18)),((((11,14),16),((12,13),(26,10))),(((22,3),20),(5,2)))),((4,6),(((1,21),15),(7,28))))),(8,(29,9))));

STEP 61 [3sECR_ClassicHeuristic_MC -> NNI_Substep_11] - Distance: 88.0000
((17,27),((((24,30),((4,6),(((1,21),15),(7,28)))),(((19,23),(25,18)),((((11,14),16),((12,13),(26,10))),(((22,3),20),(5,2))))),(8,(29,9))));

STEP 62 [3sECR_ClassicHeuristic_MC -> NNI_Substep_12] - Distance: 73.0000
(((17,27),((8,9),29)),(((24,30),((4,6),(((1,21),15),(7,28)))),(((19,23),(25,18)),((((11,14),16),((12,13),(26,10))),(((22,3),20),(5,2))))));

STEP 63 [3sECR_ClassicHeuristic_MC -> NNI_Substep_13] - Distance: 69.0000
((((17,27),29),(8,9)),(((24,30),((4,6),(((1,21),15),(7,28)))),(((19,23),(25,18)),((((11,14),16),((12,13),(26,10))),(((22,3),20),(5,2))))));

STEP 64 [3sECR_ClassicHeuristic_MC -> NNI_Substep_14] - Distance: 67.0000
((((17,27),29),(8,9)),((((24,30),(((1,21),15),(7,28))),(4,6)),(((19,23),(25,18)),((((11,14),16),((12,13),(26,10))),(((22,3),20),(5,2))))));

STEP 65 [3sECR_ClassicHeuristic_MC -> NNI_Substep_15] - Distance: 67.0000
((((17,27),29),(8,9)),((((24,30),(((1,21),15),(7,28))),(4,6)),(((19,23),(25,18)),((((16,14),11),((12,13),(26,10))),(((22,3),20),(5,2))))));

STEP 66 [3sECR_ClassicHeuristic_MC -> NNI_Substep_16] - Distance: 69.0000
((((17,27),29),(8,9)),((((24,30),(((1,21),15),(7,28))),(4,6)),(((19,23),(25,18)),(((16,14),(11,((12,13),(26,10)))),(((22,3),20),(5,2))))));

STEP 67 [3sECR_ClassicHeuristic_MC -> NNI_Substep_17] - Distance: 66.0000
((((17,27),29),(8,9)),((((24,30),(((1,21),15),(7,28))),(4,6)),(((19,23),(25,18)),(((16,14),((11,(12,13)),(26,10))),(((22,3),20),(5,2))))));

STEP 68 [3sECR_ClassicHeuristic_MC -> NNI_Substep_18] - Distance: 66.0000
((((17,27),29),(8,9)),((((24,30),(((1,21),15),(7,28))),(4,6)),(((19,23),(25,18)),(((16,14),((26,10),((11,12),13))),(((22,3),20),(5,2))))));

STEP 69 [3sECR_ClassicHeuristic_MC -> NNI_Substep_19] - Distance: 65.0000
((((17,27),29),(8,9)),((((24,30),(((1,21),15),(7,28))),(4,6)),(((19,23),(25,18)),(((16,14),(((26,10),(11,12)),13)),(((22,3),20),(5,2))))));

STEP 70 [3sECR_ClassicHeuristic_MC -> NNI_Substep_20] - Distance: 63.0000
((((17,27),29),(8,9)),((((24,30),(((1,21),15),(7,28))),(4,6)),(((19,23),(25,18)),((((16,14),13),((26,10),(11,12))),(((22,3),20),(5,2))))));

STEP 71 [3sECR_ClassicHeuristic_MC -> NNI_Substep_21] - Distance: 65.0000
((((17,27),29),(8,9)),((((24,30),(((1,21),15),(7,28))),(4,6)),(((19,23),(25,18)),((((22,3),20),(5,2)),((((26,10),(11,12)),13),(16,14))))));

STEP 72 [3sECR_ClassicHeuristic_MC -> NNI_Substep_22] - Distance: 66.0000
((((17,27),29),(8,9)),((((24,30),(((1,21),15),(7,28))),(4,6)),(((19,23),(25,18)),(((((22,3),20),(5,2)),(((26,10),(11,12)),13)),(16,14)))));

STEP 73 [3sECR_ClassicHeuristic_MC -> NNI_Substep_23] - Distance: 60.0000
((((17,27),29),(8,9)),((((24,30),(((1,21),15),(7,28))),(4,6)),((((19,23),(25,18)),(16,14)),((((22,3),20),(5,2)),(((26,10),(11,12)),13)))));

STEP 74 [3sECR_ClassicHeuristic_MC -> NNI_Substep_24] - Distance: 66.0000
((((17,27),29),(8,9)),((((24,30),(((1,21),15),(7,28))),(4,6)),((((((22,3),20),(5,2)),(((26,10),(11,12)),13)),((19,23),(25,18))),(16,14))));

STEP 75 [3sECR_ClassicHeuristic_MC -> NNI_Substep_25] - Distance: 61.0000
((((17,27),29),(8,9)),(((((24,30),(((1,21),15),(7,28))),(4,6)),(16,14)),(((((22,3),20),(5,2)),(((26,10),(11,12)),13)),((19,23),(25,18)))));

STEP 76 [3sECR_ClassicHeuristic_MC -> NNI_Substep_26] - Distance: 56.0000
((((17,27),29),(8,9)),((((24,30),(((1,21),15),(7,28))),((4,6),(16,14))),(((((22,3),20),(5,2)),(((26,10),(11,12)),13)),((19,23),(25,18)))));

STEP 77 [3sECR_ClassicHeuristic_MC -> NNI_Substep_27] - Distance: 57.0000
((((17,27),29),(8,9)),(((((24,30),(((1,21),15),(7,28))),(16,14)),(4,6)),(((((22,3),20),(5,2)),(((26,10),(11,12)),13)),((19,23),(25,18)))));

STEP 78 [3sECR_ClassicHeuristic_MC -> NNI_Substep_28] - Distance: 52.0000
((((17,27),29),(8,9)),(((((24,30),(16,14)),(((1,21),15),(7,28))),(4,6)),(((((22,3),20),(5,2)),(((26,10),(11,12)),13)),((19,23),(25,18)))));

STEP 79 [3sECR_ClassicHeuristic_MC -> NNI_Substep_29] - Distance: 51.0000
((((17,27),29),(8,9)),((((((24,30),14),16),(((1,21),15),(7,28))),(4,6)),(((((22,3),20),(5,2)),(((26,10),(11,12)),13)),((19,23),(25,18)))));

STEP 80 [3sECR_ClassicHeuristic_MC -> NNI_Substep_30] - Distance: 53.0000
((((17,27),29),(8,9)),((((((24,30),14),16),((((1,21),15),7),28)),(4,6)),(((((22,3),20),(5,2)),(((26,10),(11,12)),13)),((19,23),(25,18)))));

STEP 81 [3sECR_ClassicHeuristic_MC -> NNI_Substep_31] - Distance: 51.0000
((((17,27),29),(8,9)),(((((((24,30),14),16),28),(((1,21),15),7)),(4,6)),(((((22,3),20),(5,2)),(((26,10),(11,12)),13)),((19,23),(25,18)))));

STEP 82 [3sECR_ClassicHeuristic_MC -> NNI_Substep_32] - Distance: 47.0000
((((17,27),29),(8,9)),((((((24,30),14),(16,28)),(((1,21),15),7)),(4,6)),(((((22,3),20),(5,2)),(((26,10),(11,12)),13)),((19,23),(25,18)))));

STEP 83 [3sECR_ClassicHeuristic_MC -> NNI_Substep_33] - Distance: 55.0000
((((17,27),29),(8,9)),(((((((24,30),14),(16,28)),(((1,21),15),7)),6),4),(((((22,3),20),(5,2)),(((26,10),(11,12)),13)),((19,23),(25,18)))));

STEP 84 [3sECR_ClassicHeuristic_MC -> NNI_Substep_34] - Distance: 57.0000
((((17,27),29),(8,9)),((((((24,30),14),(16,28)),(((1,21),15),7)),6),(4,(((((22,3),20),(5,2)),(((26,10),(11,12)),13)),((19,23),(25,18))))));

STEP 85 [3sECR_ClassicHeuristic_MC -> NNI_Substep_35] - Distance: 46.0000
((((17,27),29),(8,9)),((((((24,30),14),(16,28)),(((1,21),15),7)),6),((4,((19,23),(25,18))),((((22,3),20),(5,2)),(((26,10),(11,12)),13)))));

STEP 86 [3sECR_ClassicHeuristic_MC -> NNI_Substep_36] - Distance: 43.0000
((((17,27),29),(8,9)),((((((24,30),14),(16,28)),(((1,21),15),7)),6),(((4,(19,23)),(25,18)),((((22,3),20),(5,2)),(((26,10),(11,12)),13)))));

STEP 87 [SPR_ClassicHeuristic_MC -> NNI_Substep_1] - Distance: 43.0000
((((17,27),29),(8,9)),((((((24,30),14),(16,28)),(((1,21),15),7)),6),((((4,23),19),(25,18)),((((22,3),20),(5,2)),(((26,10),(11,12)),13)))));

STEP 88 [SPR_ClassicHeuristic_MC -> NNI_Substep_2] - Distance: 44.0000
((((17,27),29),(8,9)),((((((24,30),14),(16,28)),(((1,21),15),7)),6),((((4,23),(25,18)),19),((((22,3),20),(5,2)),(((26,10),(11,12)),13)))));

STEP 89 [SPR_ClassicHeuristic_MC -> NNI_Substep_3] - Distance: 53.0000
((((17,27),29),(8,9)),((((((24,30),14),(16,28)),(((1,21),15),7)),6),((((4,23),(25,18)),((((22,3),20),(5,2)),(((26,10),(11,12)),13))),19)));

STEP 90 [SPR_ClassicHeuristic_MC -> NNI_Substep_4] - Distance: 60.0000
((((17,27),29),(8,9)),(((((((24,30),14),(16,28)),(((1,21),15),7)),6),(((4,23),(25,18)),((((22,3),20),(5,2)),(((26,10),(11,12)),13)))),19));

STEP 91 [SPR_ClassicHeuristic_MC -> NNI_Substep_5] - Distance: 47.0000
((((17,27),29),(8,9)),(((((((24,30),14),(16,28)),(((1,21),15),7)),6),19),(((4,23),(25,18)),((((22,3),20),(5,2)),(((26,10),(11,12)),13)))));

STEP 92 [SPR_ClassicHeuristic_MC -> NNI_Substep_6] - Distance: 45.0000
((((17,27),29),(8,9)),(((((((24,30),14),(16,28)),(((1,21),15),7)),19),6),(((4,23),(25,18)),((((22,3),20),(5,2)),(((26,10),(11,12)),13)))));

STEP 93 [SPR_ClassicHeuristic_MC -> NNI_Substep_7] - Distance: 40.0000
((((17,27),29),(8,9)),(((((((24,30),14),(16,28)),19),(((1,21),15),7)),6),(((4,23),(25,18)),((((22,3),20),(5,2)),(((26,10),(11,12)),13)))));

STEP 94 [SPR_ClassicHeuristic_MC -> NNI_Substep_8] - Distance: 36.0000
((((17,27),29),(8,9)),((((((24,30),14),((16,28),19)),(((1,21),15),7)),6),(((4,23),(25,18)),((((22,3),20),(5,2)),(((26,10),(11,12)),13)))));

STEP 95 [SPR_ClassicHeuristic_MC -> NNI_Substep_9] - Distance: 34.0000
((((17,27),29),(8,9)),((((((24,30),14),(16,(28,19))),(((1,21),15),7)),6),(((4,23),(25,18)),((((22,3),20),(5,2)),(((26,10),(11,12)),13)))));

STEP 96 [SPR_ClassicHeuristic_MC -> NNI_Substep_10] - Distance: 36.0000
((((17,27),29),(8,9)),((((((24,30),14),(16,(28,19))),(((1,21),15),7)),6),(((4,23),(25,18)),(((((22,3),20),2),5),(((26,10),(11,12)),13)))));

STEP 97 [SPR_ClassicHeuristic_MC -> NNI_Substep_11] - Distance: 40.0000
((((17,27),29),(8,9)),((((((24,30),14),(16,(28,19))),(((1,21),15),7)),6),(((4,23),(25,18)),(((((22,3),20),2),(((26,10),(11,12)),13)),5))));

STEP 98 [SPR_ClassicHeuristic_MC -> NNI_Substep_12] - Distance: 43.0000
((((17,27),29),(8,9)),((((((24,30),14),(16,(28,19))),(((1,21),15),7)),6),((((4,23),(25,18)),((((22,3),20),2),(((26,10),(11,12)),13))),5)));

STEP 99 [SPR_ClassicHeuristic_MC -> NNI_Substep_13] - Distance: 53.0000
((((17,27),29),(8,9)),(((((((24,30),14),(16,(28,19))),(((1,21),15),7)),6),(((4,23),(25,18)),((((22,3),20),2),(((26,10),(11,12)),13)))),5));

STEP 100 [SPR_ClassicHeuristic_MC -> NNI_Substep_14] - Distance: 39.0000
((((17,27),29),(8,9)),(((((((24,30),14),(16,(28,19))),(((1,21),15),7)),6),5),(((4,23),(25,18)),((((22,3),20),2),(((26,10),(11,12)),13)))));

STEP 101 [SPR_ClassicHeuristic_MC -> NNI_Substep_15] - Distance: 37.0000
((((17,27),29),(8,9)),(((((((24,30),14),(16,(28,19))),(((1,21),15),7)),5),6),(((4,23),(25,18)),((((22,3),20),2),(((26,10),(11,12)),13)))));

STEP 102 [SPR_ClassicHeuristic_MC -> NNI_Substep_16] - Distance: 32.0000
((((17,27),29),(8,9)),(((((((24,30),14),(16,(28,19))),5),(((1,21),15),7)),6),(((4,23),(25,18)),((((22,3),20),2),(((26,10),(11,12)),13)))));

STEP 103 [SPR_ClassicHeuristic_MC -> NNI_Substep_17] - Distance: 28.0000
((((17,27),29),(8,9)),((((((24,30),14),((16,(28,19)),5)),(((1,21),15),7)),6),(((4,23),(25,18)),((((22,3),20),2),(((26,10),(11,12)),13)))));

STEP 104 [SPR_ClassicHeuristic_MC -> NNI_Substep_18] - Distance: 25.0000
((((17,27),29),(8,9)),((((((24,30),14),((16,5),(28,19))),(((1,21),15),7)),6),(((4,23),(25,18)),((((22,3),20),2),(((26,10),(11,12)),13)))));

STEP 105 [SPR_ClassicHeuristic_MC -> NNI_Substep_19] - Distance: 25.0000
((((17,27),29),(8,9)),((((((30,14),24),((16,5),(28,19))),(((1,21),15),7)),6),(((4,23),(25,18)),((((22,3),20),2),(((26,10),(11,12)),13)))));

STEP 106 [SPR_ClassicHeuristic_MC -> NNI_Substep_20] - Distance: 28.0000
((((17,27),29),(8,9)),((((((30,14),((16,5),(28,19))),24),(((1,21),15),7)),6),(((4,23),(25,18)),((((22,3),20),2),(((26,10),(11,12)),13)))));

STEP 107 [SPR_ClassicHeuristic_MC -> NNI_Substep_21] - Distance: 31.0000
((((17,27),29),(8,9)),((((((30,14),((16,5),(28,19))),(((1,21),15),7)),24),6),(((4,23),(25,18)),((((22,3),20),2),(((26,10),(11,12)),13)))));

STEP 108 [SPR_ClassicHeuristic_MC -> NNI_Substep_22] - Distance: 31.0000
((((17,27),29),(8,9)),((((((30,14),((16,5),(28,19))),(((1,21),15),7)),6),24),(((4,23),(25,18)),((((22,3),20),2),(((26,10),(11,12)),13)))));

STEP 109 [SPR_ClassicHeuristic_MC -> NNI_Substep_23] - Distance: 45.0000
((((17,27),29),(8,9)),((((((30,14),((16,5),(28,19))),(((1,21),15),7)),6),(((4,23),(25,18)),((((22,3),20),2),(((26,10),(11,12)),13)))),24));

STEP 110 [SPR_ClassicHeuristic_MC -> NNI_Substep_24] - Distance: 33.0000
((((17,27),29),(8,9)),(((((30,14),((16,5),(28,19))),(((1,21),15),7)),6),((((4,23),(25,18)),((((22,3),20),2),(((26,10),(11,12)),13))),24)));

STEP 111 [SPR_ClassicHeuristic_MC -> NNI_Substep_25] - Distance: 28.0000
((((17,27),29),(8,9)),(((((30,14),((16,5),(28,19))),(((1,21),15),7)),6),(((4,23),(25,18)),(((((22,3),20),2),(((26,10),(11,12)),13)),24))));

STEP 112 [SPR_ClassicHeuristic_MC -> NNI_Substep_26] - Distance: 23.0000
((((17,27),29),(8,9)),(((((30,14),((16,5),(28,19))),(((1,21),15),7)),6),(((4,23),(25,18)),((((22,3),20),2),((((26,10),(11,12)),13),24)))));

STEP 113 [SPR_ClassicHeuristic_MC -> NNI_Substep_27] - Distance: 18.0000
((((17,27),29),(8,9)),(((((30,14),((16,5),(28,19))),(((1,21),15),7)),6),(((4,23),(25,18)),((((22,3),20),2),(((26,10),(11,12)),(13,24))))));

STEP 114 [SPR_ClassicHeuristic_MC -> NNI_Substep_28] - Distance: 27.0000
(((17,27),29),(((((30,14),((16,5),(28,19))),(((1,21),15),7)),6),((((4,23),(25,18)),((((22,3),20),2),(((26,10),(11,12)),(13,24)))),(8,9))));

STEP 115 [SPR_ClassicHeuristic_MC -> NNI_Substep_29] - Distance: 21.0000
(((17,27),29),(((((30,14),((16,5),(28,19))),(((1,21),15),7)),6),(((4,23),(25,18)),(((((22,3),20),2),(((26,10),(11,12)),(13,24))),(8,9)))));

STEP 116 [SPR_ClassicHeuristic_MC -> NNI_Substep_30] - Distance: 15.0000
(((17,27),29),(((((30,14),((16,5),(28,19))),(((1,21),15),7)),6),(((4,23),(25,18)),((((22,3),20),2),((((26,10),(11,12)),(13,24)),(8,9))))));

STEP 117 [SPR_ClassicHeuristic_MC -> NNI_Substep_31] - Distance: 11.0000
(((17,27),29),(((((30,14),((16,5),(28,19))),(((1,21),15),7)),6),(((4,23),(25,18)),((((22,3),20),2),(((26,10),(11,12)),((13,24),(8,9)))))));

STEP 118 [SPR_ClassicHeuristic_MC -> NNI_Substep_32] - Distance: 12.0000
(((17,27),29),(((((30,14),((16,5),(28,19))),(((1,21),15),7)),6),(((4,23),(25,18)),((((22,3),20),2),(((26,10),(11,12)),((24,(8,9)),13))))));

STEP 119 [SPR_ClassicHeuristic_MC -> NNI_Substep_33] - Distance: 15.0000
(((17,27),29),(((((30,14),((16,5),(28,19))),(((1,21),15),7)),6),(((4,23),(25,18)),((((22,3),20),2),((((26,10),(11,12)),(24,(8,9))),13)))));

STEP 120 [SPR_ClassicHeuristic_MC -> NNI_Substep_34] - Distance: 18.0000
(((17,27),29),(((((30,14),((16,5),(28,19))),(((1,21),15),7)),6),(((4,23),(25,18)),(((((22,3),20),2),(((26,10),(11,12)),(24,(8,9)))),13))));

STEP 121 [SPR_ClassicHeuristic_MC -> NNI_Substep_35] - Distance: 21.0000
(((17,27),29),(((((30,14),((16,5),(28,19))),(((1,21),15),7)),6),((((4,23),(25,18)),((((22,3),20),2),(((26,10),(11,12)),(24,(8,9))))),13)));

STEP 122 [SPR_ClassicHeuristic_MC -> NNI_Substep_36] - Distance: 31.0000
(((17,27),29),((((((30,14),((16,5),(28,19))),(((1,21),15),7)),6),(((4,23),(25,18)),((((22,3),20),2),(((26,10),(11,12)),(24,(8,9)))))),13));

STEP 123 [SPR_ClassicHeuristic_MC -> NNI_Substep_37] - Distance: 0.0000
((((17,27),29),13),(((((30,14),((16,5),(28,19))),(((1,21),15),7)),6),(((4,23),(25,18)),((((22,3),20),2),(((26,10),(11,12)),((8,24),9))))));

========================================================
[FINAL] Total Steps: 123 | Final Distance: 0.0000
========================================================
