========================================================
HEURISTIC TRAJECTORY: 2. NNI (Incremental) (M3)
========================================================
STEP 0 [START] - Distance: 875.0000
(20,(15,(19,(8,(10,((6,16),(14,18)))))),((5,((4,12),(2,7))),((1,11),((13,9),(17,3)))));

STEP 1 [NNI_IncrementalHeuristic_M3 -> NNI_Substep_1] - Distance: 845.0000
(20,(15,((10,((6,16),(14,18))),(8,19))),((5,((4,12),(2,7))),((1,11),((13,9),(17,3)))));

STEP 2 [NNI_IncrementalHeuristic_M3 -> NNI_Substep_2] - Distance: 838.0000
(20,(15,((10,((6,16),(14,18))),(8,19))),(((13,9),(17,3)),((1,11),(5,((4,12),(2,7))))));

STEP 3 [NNI_IncrementalHeuristic_M3 -> NNI_Substep_3] - Distance: 810.0000
(20,(15,((10,((6,16),(14,18))),(8,19))),(((13,9),(17,3)),(((4,12),(2,7)),(5,(1,11)))));

STEP 4 [NNI_IncrementalHeuristic_M3 -> NNI_Substep_4] - Distance: 796.0000
((((4,12),(2,7)),(5,(1,11))),(15,((10,((6,16),(14,18))),(8,19))),(((13,9),(17,3)),20));

STEP 5 [NNI_IncrementalHeuristic_M3 -> NNI_Substep_5] - Distance: 780.0000
((((4,12),(2,7)),(5,(1,11))),(15,((10,((6,16),(14,18))),(8,19))),(((13,9),20),(17,3)));

STEP 6 [NNI_IncrementalHeuristic_M3 -> NNI_Substep_6] - Distance: 766.0000
((((4,12),(2,7)),(5,(1,11))),(15,((10,((6,16),(14,18))),(8,19))),(((20,9),13),(17,3)));

STEP 7 [NNI_IncrementalHeuristic_M3 -> NNI_Substep_7] - Distance: 754.0000
((((4,12),(2,7)),(5,(1,11))),(15,((10,((6,16),(14,18))),(8,19))),(((20,9),(17,3)),13));

STEP 8 [NNI_IncrementalHeuristic_M3 -> NNI_Substep_8] - Distance: 746.0000
((((4,12),(2,7)),(5,(1,11))),(15,((10,(18,(14,(6,16)))),(8,19))),(((20,9),(17,3)),13));

STEP 9 [NNI_IncrementalHeuristic_M3 -> NNI_Substep_9] - Distance: 741.0000
(((((2,7),12),4),(5,(1,11))),(15,((10,(18,(14,(6,16)))),(8,19))),(((20,9),(17,3)),13));

STEP 10 [NNI_IncrementalHeuristic_M3 -> NNI_Substep_10] - Distance: 731.0000
(((((2,7),12),(5,(1,11))),4),(15,((10,(18,(14,(6,16)))),(8,19))),(((20,9),(17,3)),13));

STEP 11 [NNI_IncrementalHeuristic_M3 -> NNI_Substep_11] - Distance: 722.0000
(((15,((10,(18,(14,(6,16)))),(8,19))),4),(((2,7),12),(5,(1,11))),(((20,9),(17,3)),13));

STEP 12 [NNI_IncrementalHeuristic_M3 -> NNI_Substep_12] - Distance: 717.0000
(((15,((18,(10,(14,(6,16)))),(8,19))),4),(((2,7),12),(5,(1,11))),(((20,9),(17,3)),13));

STEP 13 [NNI_IncrementalHeuristic_M3 -> NNI_Substep_13] - Distance: 713.0000
(((4,((18,(10,(14,(6,16)))),(8,19))),15),(((2,7),12),(5,(1,11))),(((20,9),(17,3)),13));

STEP 14 [NNI_IncrementalHeuristic_M3 -> NNI_Substep_14] - Distance: 707.0000
((((8,19),((18,(10,(14,(6,16)))),4)),15),(((2,7),12),(5,(1,11))),(((20,9),(17,3)),13));

STEP 15 [NNI_IncrementalHeuristic_M3 -> NNI_Substep_15] - Distance: 699.0000
(((15,((18,(10,(14,(6,16)))),4)),(8,19)),(((2,7),12),(5,(1,11))),(((20,9),(17,3)),13));

STEP 16 [NNI_IncrementalHeuristic_M3 -> NNI_Substep_16] - Distance: 643.0000
(((((2,7),12),(5,(1,11))),(8,19)),(15,((18,(10,(14,(6,16)))),4)),(((20,9),(17,3)),13));

STEP 17 [NNI_IncrementalHeuristic_M3 -> NNI_Substep_17] - Distance: 639.0000
(((((2,7),12),(5,(1,11))),(8,19)),(15,((4,(10,(14,(6,16)))),18)),(((20,9),(17,3)),13));

STEP 18 [NNI_IncrementalHeuristic_M3 -> NNI_Substep_18] - Distance: 634.0000
(((((2,7),12),(5,(1,11))),(8,19)),(18,((4,(10,(14,(6,16)))),15)),(((20,9),(17,3)),13));

STEP 19 [NNI_IncrementalHeuristic_M3 -> NNI_Substep_19] - Distance: 601.0000
(((4,(10,(14,(6,16)))),15),(18,((((2,7),12),(5,(1,11))),(8,19))),(((20,9),(17,3)),13));

STEP 20 [NNI_IncrementalHeuristic_M3 -> NNI_Substep_20] - Distance: 575.0000
(((4,(10,(14,(6,16)))),15),((8,19),((((2,7),12),(5,(1,11))),18)),(((20,9),(17,3)),13));

STEP 21 [NNI_IncrementalHeuristic_M3 -> NNI_Substep_21] - Distance: 571.0000
(((4,(10,(14,(6,16)))),15),((8,19),((((2,7),12),(5,(1,11))),18)),((17,((20,9),3)),13));

STEP 22 [NNI_IncrementalHeuristic_M3 -> NNI_Substep_22] - Distance: 562.0000
(((4,(10,(14,(6,16)))),15),((8,19),((((2,7),12),(5,(1,11))),18)),((17,13),((20,9),3)));

STEP 23 [NNI_IncrementalHeuristic_M3 -> NNI_Substep_23] - Distance: 559.0000
(((4,(14,(10,(6,16)))),15),((8,19),((((2,7),12),(5,(1,11))),18)),((17,13),((20,9),3)));

STEP 24 [NNI_IncrementalHeuristic_M3 -> NNI_Substep_24] - Distance: 549.0000
(((14,(4,(10,(6,16)))),15),((8,19),((((2,7),12),(5,(1,11))),18)),((17,13),((20,9),3)));

STEP 25 [NNI_IncrementalHeuristic_M3 -> NNI_Substep_25] - Distance: 538.0000
(((15,(4,(10,(6,16)))),14),((8,19),((((2,7),12),(5,(1,11))),18)),((17,13),((20,9),3)));

STEP 26 [NNI_IncrementalHeuristic_M3 -> NNI_Substep_26] - Distance: 535.0000
(((15,(4,(10,(6,16)))),14),((8,19),((((12,7),2),(5,(1,11))),18)),((17,13),((20,9),3)));

STEP 27 [NNI_IncrementalHeuristic_M3 -> NNI_Substep_27] - Distance: 525.0000
(((15,(4,(10,(6,16)))),14),((8,19),((((12,7),(5,(1,11))),2),18)),((17,13),((20,9),3)));

STEP 28 [NNI_IncrementalHeuristic_M3 -> NNI_Substep_28] - Distance: 519.0000
(((15,(4,(10,(6,16)))),14),((8,19),((((12,7),(5,(1,11))),18),2)),((17,13),((20,9),3)));

STEP 29 [NNI_IncrementalHeuristic_M3 -> NNI_Substep_29] - Distance: 505.0000
(((15,(4,(10,(6,16)))),14),(2,((((12,7),(5,(1,11))),18),(8,19))),((17,13),((20,9),3)));

STEP 30 [NNI_IncrementalHeuristic_M3 -> NNI_Substep_30] - Distance: 483.0000
(2,(((15,(4,(10,(6,16)))),14),((((12,7),(5,(1,11))),18),(8,19))),((17,13),((20,9),3)));

STEP 31 [NNI_IncrementalHeuristic_M3 -> NNI_Substep_31] - Distance: 447.0000
(((20,9),3),(((15,(4,(10,(6,16)))),14),((((12,7),(5,(1,11))),18),(8,19))),((17,13),2));

STEP 32 [NNI_IncrementalHeuristic_M3 -> NNI_Substep_32] - Distance: 444.0000
(((20,9),3),(((15,(4,(10,(6,16)))),14),((((12,7),(5,(1,11))),18),(8,19))),((17,2),13));

STEP 33 [NNI_IncrementalHeuristic_M3 -> NNI_Substep_33] - Distance: 442.0000
(((20,9),3),(((15,(4,(6,(10,16)))),14),((((12,7),(5,(1,11))),18),(8,19))),((17,2),13));

STEP 34 [NNI_IncrementalHeuristic_M3 -> NNI_Substep_34] - Distance: 440.0000
(((20,9),3),(((15,(4,(6,(10,16)))),14),((((12,7),(11,(1,5))),18),(8,19))),((17,2),13));

STEP 35 [NNI_IncrementalHeuristic_M3 -> NNI_Substep_35] - Distance: 434.0000
(((20,9),3),(((15,(4,(6,(10,16)))),14),(((11,((12,7),(1,5))),18),(8,19))),((17,2),13));

STEP 36 [NNI_IncrementalHeuristic_M3 -> NNI_Substep_36] - Distance: 429.0000
(((20,9),3),(((15,(4,(6,(10,16)))),14),(((18,((12,7),(1,5))),11),(8,19))),((17,2),13));

STEP 37 [NNI_IncrementalHeuristic_M3 -> NNI_Substep_37] - Distance: 417.0000
(((20,9),3),(((15,(4,(6,(10,16)))),14),(((18,((12,7),(1,5))),(8,19)),11)),((17,2),13));

STEP 38 [NNI_IncrementalHeuristic_M3 -> NNI_Substep_38] - Distance: 376.0000
(((20,9),3),(((18,((12,7),(1,5))),(8,19)),(((15,(4,(6,(10,16)))),14),11)),((17,2),13));

STEP 39 [NNI_IncrementalHeuristic_M3 -> NNI_Substep_39] - Distance: 333.0000
(((20,9),3),(((18,((12,7),(1,5))),(8,19)),((11,14),(15,(4,(6,(10,16)))))),((17,2),13));

STEP 40 [NNI_IncrementalHeuristic_M3 -> NNI_Substep_40] - Distance: 332.0000
(((20,9),3),(((18,((12,7),(1,5))),(8,19)),((11,14),(15,((10,16),(6,4))))),((17,2),13));

STEP 41 [NNI_IncrementalHeuristic_M3 -> NNI_Substep_41] - Distance: 328.0000
(((20,9),3),(((18,((12,7),(1,5))),(8,19)),((11,14),((10,16),(15,(6,4))))),((17,2),13));

STEP 42 [NNI_IncrementalHeuristic_M3 -> NNI_Substep_42] - Distance: 316.0000
(((20,9),3),(((18,((12,7),(1,5))),(8,19)),((10,16),((11,14),(15,(6,4))))),((17,2),13));

STEP 43 [NNI_IncrementalHeuristic_M3 -> NNI_Substep_43] - Distance: 246.0000
(((20,9),3),((10,16),(((18,((12,7),(1,5))),(8,19)),((11,14),(15,(6,4))))),((17,2),13));

STEP 44 [NNI_IncrementalHeuristic_M3 -> NNI_Substep_44] - Distance: 174.0000
((10,16),(((20,9),3),(((18,((12,7),(1,5))),(8,19)),((11,14),(15,(6,4))))),((17,2),13));

STEP 45 [NNI_IncrementalHeuristic_M3 -> NNI_Substep_45] - Distance: 144.0000
(13,(((20,9),3),(((18,((12,7),(1,5))),(8,19)),((11,14),(15,(6,4))))),((17,2),(10,16)));

STEP 46 [NNI_IncrementalHeuristic_M3 -> NNI_Substep_46] - Distance: 140.0000
(13,(((20,9),3),(((18,((12,7),(1,5))),(8,19)),((11,14),(15,(6,4))))),(((10,16),2),17));

STEP 47 [NNI_IncrementalHeuristic_M3 -> NNI_Substep_47] - Distance: 136.0000
(17,(((20,9),3),(((18,((12,7),(1,5))),(8,19)),((11,14),(15,(6,4))))),(((10,16),2),13));

STEP 48 [NNI_IncrementalHeuristic_M3 -> NNI_Substep_48] - Distance: 121.0000
(((20,9),3),(17,(((18,((12,7),(1,5))),(8,19)),((11,14),(15,(6,4))))),(((10,16),2),13));

STEP 49 [NNI_IncrementalHeuristic_M3 -> NNI_Substep_49] - Distance: 65.0000
(((20,9),3),(((18,((12,7),(1,5))),(8,19)),(17,((11,14),(15,(6,4))))),(((10,16),2),13));

STEP 50 [NNI_IncrementalHeuristic_M3 -> NNI_Substep_50] - Distance: 35.0000
(((20,9),3),(((18,((12,7),(1,5))),(8,19)),((11,14),(17,(15,(6,4))))),(((10,16),2),13));

STEP 51 [NNI_IncrementalHeuristic_M3 -> NNI_Substep_51] - Distance: 18.0000
(((20,9),3),(((18,((12,7),(1,5))),(8,19)),((11,14),(15,(17,(6,4))))),(((10,16),2),13));

STEP 52 [NNI_IncrementalHeuristic_M3 -> NNI_Substep_52] - Distance: 0.0000
(((20,9),3),(((18,((12,7),(1,5))),(8,19)),((11,14),(15,(4,(6,17))))),(((10,16),2),13));

========================================================
[FINAL] Total Steps: 52 | Final Distance: 0.0000
========================================================
