========================================================
HEURISTIC TRAJECTORY: VND Classic (MC_RF)
========================================================
STEP 0 [START] - Distance: 73.0000
((((16,(4,18)),(((2,12),(5,7)),(1,8))),(3,((17,(14,20)),(13,11)))),(6,(10,(9,(15,19)))));

STEP 1 [NNI_ClassicHeuristic_MC_RF -> NNI_Substep_1] - Distance: 67.0000
((((16,(4,18)),(3,((17,(14,20)),(13,11)))),(((2,12),(5,7)),(1,8))),(6,(10,(9,(15,19)))));

STEP 2 [NNI_ClassicHeuristic_MC_RF -> NNI_Substep_2] - Distance: 66.0000
((((16,(4,18)),((13,11),((17,(14,20)),3))),(((2,12),(5,7)),(1,8))),(6,(10,(9,(15,19)))));

STEP 3 [NNI_ClassicHeuristic_MC_RF -> NNI_Substep_3] - Distance: 63.0000
((((16,(4,18)),((13,11),((17,3),(14,20)))),(((2,12),(5,7)),(1,8))),(6,(10,(9,(15,19)))));

STEP 4 [NNI_ClassicHeuristic_MC_RF -> NNI_Substep_4] - Distance: 62.0000
((((16,(4,18)),((13,11),(14,((17,3),20)))),(((2,12),(5,7)),(1,8))),(6,(10,(9,(15,19)))));

STEP 5 [NNI_ClassicHeuristic_MC_RF -> NNI_Substep_5] - Distance: 61.0000
((((16,(4,18)),(14,((13,11),((17,3),20)))),(((2,12),(5,7)),(1,8))),(6,(10,(9,(15,19)))));

STEP 6 [NNI_ClassicHeuristic_MC_RF -> NNI_Substep_6] - Distance: 60.0000
((((16,(4,18)),(14,(20,((17,3),(13,11))))),(((2,12),(5,7)),(1,8))),(6,(10,(9,(15,19)))));

STEP 7 [NNI_ClassicHeuristic_MC_RF -> NNI_Substep_7] - Distance: 58.0000
((((16,(4,18)),(14,(20,((17,3),(13,11))))),(((2,12),(5,7)),(1,8))),(6,((15,19),(9,10))));

STEP 8 [TBR_ClassicHeuristic_MC_RF -> NNI_Substep_1] - Distance: 59.0000
((((16,(4,18)),(14,(20,((17,3),(13,11))))),(6,((19,(9,10)),15))),(((2,12),(5,7)),(1,8)));

STEP 9 [TBR_ClassicHeuristic_MC_RF -> NNI_Substep_2] - Distance: 59.0000
((((16,(4,18)),(14,(20,((17,3),(13,11))))),((6,(19,(9,10))),15)),(((2,12),(5,7)),(1,8)));

STEP 10 [TBR_ClassicHeuristic_MC_RF -> NNI_Substep_3] - Distance: 61.0000
(((((16,(4,18)),(14,(20,((17,3),(13,11))))),(6,(19,(9,10)))),15),(((2,12),(5,7)),(1,8)));

STEP 11 [TBR_ClassicHeuristic_MC_RF -> NNI_Substep_4] - Distance: 58.0000
(((((16,(4,18)),(14,(20,((17,3),(13,11))))),15),(6,(19,(9,10)))),(((2,12),(5,7)),(1,8)));

STEP 12 [TBR_ClassicHeuristic_MC_RF -> NNI_Substep_5] - Distance: 56.0000
((((16,(4,18)),((14,(20,((17,3),(13,11)))),15)),(6,(19,(9,10)))),(((2,12),(5,7)),(1,8)));

STEP 13 [TBR_ClassicHeuristic_MC_RF -> NNI_Substep_6] - Distance: 54.0000
((((16,(4,18)),(14,((20,((17,3),(13,11))),15))),(6,(19,(9,10)))),(((2,12),(5,7)),(1,8)));

STEP 14 [TBR_ClassicHeuristic_MC_RF -> NNI_Substep_7] - Distance: 52.0000
((((16,(4,18)),(14,(20,(((17,3),(13,11)),15)))),(6,(19,(9,10)))),(((2,12),(5,7)),(1,8)));

STEP 15 [TBR_ClassicHeuristic_MC_RF -> NNI_Substep_8] - Distance: 49.0000
((((16,(4,18)),(14,(20,(((17,3),15),(13,11))))),(6,(19,(9,10)))),(((2,12),(5,7)),(1,8)));

STEP 16 [TBR_ClassicHeuristic_MC_RF -> NNI_Substep_9] - Distance: 49.0000
(((((16,18),4),(14,(20,(((17,3),15),(13,11))))),(6,(19,(9,10)))),(((2,12),(5,7)),(1,8)));

STEP 17 [TBR_ClassicHeuristic_MC_RF -> NNI_Substep_10] - Distance: 53.0000
(((((16,18),(14,(20,(((17,3),15),(13,11))))),4),(6,(19,(9,10)))),(((2,12),(5,7)),(1,8)));

STEP 18 [TBR_ClassicHeuristic_MC_RF -> NNI_Substep_11] - Distance: 52.0000
((((16,18),((14,(20,(((17,3),15),(13,11)))),4)),(6,(19,(9,10)))),(((2,12),(5,7)),(1,8)));

STEP 19 [TBR_ClassicHeuristic_MC_RF -> NNI_Substep_12] - Distance: 52.0000
((((16,18),(14,((20,(((17,3),15),(13,11))),4))),(6,(19,(9,10)))),(((2,12),(5,7)),(1,8)));

STEP 20 [TBR_ClassicHeuristic_MC_RF -> NNI_Substep_13] - Distance: 50.0000
((((16,18),(14,(20,((((17,3),15),(13,11)),4)))),(6,(19,(9,10)))),(((2,12),(5,7)),(1,8)));

STEP 21 [TBR_ClassicHeuristic_MC_RF -> NNI_Substep_14] - Distance: 46.0000
((((16,18),(14,(20,(((17,3),15),((13,11),4))))),(6,(19,(9,10)))),(((2,12),(5,7)),(1,8)));

STEP 22 [TBR_ClassicHeuristic_MC_RF -> NNI_Substep_15] - Distance: 46.0000
((((16,18),(14,(20,(((17,3),15),(13,(11,4)))))),(6,(19,(9,10)))),(((2,12),(5,7)),(1,8)));

STEP 23 [TBR_ClassicHeuristic_MC_RF -> NNI_Substep_16] - Distance: 48.0000
((((16,18),(14,(20,((((17,3),15),(11,4)),13)))),(6,(19,(9,10)))),(((2,12),(5,7)),(1,8)));

STEP 24 [TBR_ClassicHeuristic_MC_RF -> NNI_Substep_17] - Distance: 46.0000
((((16,18),(14,((20,(((17,3),15),(11,4))),13))),(6,(19,(9,10)))),(((2,12),(5,7)),(1,8)));

STEP 25 [TBR_ClassicHeuristic_MC_RF -> NNI_Substep_18] - Distance: 46.0000
((((16,18),(14,((20,(((17,3),15),(11,4))),13))),(6,(9,(10,19)))),(((2,12),(5,7)),(1,8)));

STEP 26 [TBR_ClassicHeuristic_MC_RF -> NNI_Substep_19] - Distance: 51.0000
(((((16,18),(14,((20,(((17,3),15),(11,4))),13))),6),(9,(10,19))),(((2,12),(5,7)),(1,8)));

STEP 27 [TBR_ClassicHeuristic_MC_RF -> NNI_Substep_20] - Distance: 39.0000
((((16,18),(14,((20,(((17,3),15),(11,4))),13))),6),(((2,12),(5,7)),((1,8),(9,(10,19)))));

STEP 28 [TBR_ClassicHeuristic_MC_RF -> NNI_Substep_21] - Distance: 37.0000
((((16,18),(14,((20,(((17,3),15),(11,4))),13))),6),(((2,12),(5,7)),((1,(9,(10,19))),8)));

STEP 29 [TBR_ClassicHeuristic_MC_RF -> NNI_Substep_22] - Distance: 38.0000
((((16,18),(14,((20,(((17,3),15),(11,4))),13))),6),((((2,12),5),7),((1,(9,(10,19))),8)));

STEP 30 [TBR_ClassicHeuristic_MC_RF -> NNI_Substep_23] - Distance: 42.0000
((((16,18),(14,((20,(((17,3),15),(11,4))),13))),6),((((2,12),5),((1,(9,(10,19))),8)),7));

STEP 31 [TBR_ClassicHeuristic_MC_RF -> NNI_Substep_24] - Distance: 41.0000
(((((16,18),(14,((20,(((17,3),15),(11,4))),13))),7),6),(((2,12),5),((1,(9,(10,19))),8)));

STEP 32 [TBR_ClassicHeuristic_MC_RF -> NNI_Substep_25] - Distance: 32.0000
(((((16,18),7),(14,((20,(((17,3),15),(11,4))),13))),6),(((2,12),5),((1,(9,(10,19))),8)));

STEP 33 [TBR_ClassicHeuristic_MC_RF -> NNI_Substep_26] - Distance: 30.0000
((((16,(18,7)),(14,((20,(((17,3),15),(11,4))),13))),6),(((2,12),5),((1,(9,(10,19))),8)));

STEP 34 [TBR_ClassicHeuristic_MC_RF -> NNI_Substep_27] - Distance: 37.0000
(((((18,7),(14,((20,(((17,3),15),(11,4))),13))),16),6),(((2,12),5),((1,(9,(10,19))),8)));

STEP 35 [TBR_ClassicHeuristic_MC_RF -> NNI_Substep_28] - Distance: 35.0000
(((((18,7),(14,((20,(((17,3),15),(11,4))),13))),6),16),(((2,12),5),((1,(9,(10,19))),8)));

STEP 36 [TBR_ClassicHeuristic_MC_RF -> NNI_Substep_29] - Distance: 30.0000
((((18,7),(14,((20,(((17,3),15),(11,4))),13))),6),((((2,12),5),16),((1,(9,(10,19))),8)));

STEP 37 [TBR_ClassicHeuristic_MC_RF -> NNI_Substep_30] - Distance: 27.0000
((((18,7),(14,((20,(((17,3),15),(11,4))),13))),6),(((2,12),(5,16)),((1,(9,(10,19))),8)));

STEP 38 [TBR_ClassicHeuristic_MC_RF -> NNI_Substep_31] - Distance: 20.0000
((((2,12),(5,16)),((1,(9,(10,19))),8)),((14,((20,(((17,3),15),(11,4))),13)),((18,7),6)));

STEP 39 [TBR_ClassicHeuristic_MC_RF -> NNI_Substep_32] - Distance: 24.0000
((((2,12),(5,16)),((1,(9,(10,19))),8)),(((20,(((17,3),15),(11,4))),13),(14,((18,7),6))));

STEP 40 [TBR_ClassicHeuristic_MC_RF -> NNI_Substep_33] - Distance: 25.0000
((((2,12),(((20,(((17,3),15),(11,4))),13),(14,((18,7),6)))),(5,16)),((1,(9,(10,19))),8));

STEP 41 [TBR_ClassicHeuristic_MC_RF -> NNI_Substep_34] - Distance: 35.0000
(((2,(12,(((20,(((17,3),15),(11,4))),13),(14,((18,7),6))))),(5,16)),((1,(9,(10,19))),8));

STEP 42 [TBR_ClassicHeuristic_MC_RF -> NNI_Substep_35] - Distance: 33.0000
(((2,(12,(((20,(((17,3),15),(11,4))),13),(14,((18,7),6))))),(5,16)),(((1,(10,19)),9),8));

STEP 43 [TBR_ClassicHeuristic_MC_RF -> NNI_Substep_36] - Distance: 31.0000
(((2,(12,(((20,(((17,3),15),(11,4))),13),(14,((18,7),6))))),(5,16)),(((1,(10,19)),8),9));

STEP 44 [TBR_ClassicHeuristic_MC_RF -> NNI_Substep_37] - Distance: 30.0000
(((2,(12,(((20,(((17,3),15),(11,4))),13),(14,((18,7),6))))),((5,16),9)),((1,(10,19)),8));

STEP 45 [TBR_ClassicHeuristic_MC_RF -> NNI_Substep_38] - Distance: 34.0000
((((12,(((20,(((17,3),15),(11,4))),13),(14,((18,7),6)))),((5,16),9)),2),((1,(10,19)),8));

STEP 46 [TBR_ClassicHeuristic_MC_RF -> NNI_Substep_39] - Distance: 0.0000
(((12,(((20,(((17,3),15),(11,4))),13),(14,((18,7),6)))),((5,16),9)),((1,(10,19)),(8,2)));

========================================================
[FINAL] Total Steps: 46 | Final Distance: 0.0000
========================================================
