========================================================
HEURISTIC TRAJECTORY: VND Classic (MC_RF)
========================================================
STEP 0 [START] - Distance: 81.0000
((((10,(7,1)),(13,15)),(11,((3,(16,(6,8))),(((4,12),(5,19)),(2,(14,18)))))),(9,(20,17)));

STEP 1 [NNI_ClassicHeuristic_MC_RF -> NNI_Substep_1] - Distance: 77.0000
((((10,(7,1)),(13,15)),((((4,12),(5,19)),(2,(14,18))),((3,(16,(6,8))),11))),(9,(20,17)));

STEP 2 [NNI_ClassicHeuristic_MC_RF -> NNI_Substep_2] - Distance: 75.0000
((((10,(13,15)),(7,1)),((((4,12),(5,19)),(2,(14,18))),((3,(16,(6,8))),11))),(9,(20,17)));

STEP 3 [NNI_ClassicHeuristic_MC_RF -> NNI_Substep_3] - Distance: 73.0000
((((10,(13,15)),(7,1)),((((4,12),(5,19)),(14,(2,18))),((3,(16,(6,8))),11))),(9,(20,17)));

STEP 4 [NNI_ClassicHeuristic_MC_RF -> NNI_Substep_4] - Distance: 71.0000
((((10,(13,15)),(7,1)),((((4,12),(5,19)),(14,(2,18))),((3,11),(16,(6,8))))),(9,(20,17)));

STEP 5 [NNI_ClassicHeuristic_MC_RF -> NNI_Substep_5] - Distance: 70.0000
((((10,(13,15)),(7,1)),(((((5,19),12),4),(14,(2,18))),((3,11),(16,(6,8))))),(9,(20,17)));

STEP 6 [SPR_ClassicHeuristic_MC_RF -> NNI_Substep_1] - Distance: 70.0000
(((((10,15),13),(7,1)),(((((5,19),12),4),(14,(2,18))),((3,11),(16,(6,8))))),(9,(20,17)));

STEP 7 [SPR_ClassicHeuristic_MC_RF -> NNI_Substep_2] - Distance: 71.0000
(((((10,15),(7,1)),13),(((((5,19),12),4),(14,(2,18))),((3,11),(16,(6,8))))),(9,(20,17)));

STEP 8 [SPR_ClassicHeuristic_MC_RF -> NNI_Substep_3] - Distance: 76.0000
(((((10,15),(7,1)),(((((5,19),12),4),(14,(2,18))),((3,11),(16,(6,8))))),13),(9,(20,17)));

STEP 9 [SPR_ClassicHeuristic_MC_RF -> NNI_Substep_4] - Distance: 75.0000
((((10,15),(7,1)),((((((5,19),12),4),(14,(2,18))),((3,11),(16,(6,8)))),13)),(9,(20,17)));

STEP 10 [SPR_ClassicHeuristic_MC_RF -> NNI_Substep_5] - Distance: 73.0000
((((10,15),(7,1)),((((((5,19),12),4),(14,(2,18))),13),((3,11),(16,(6,8))))),(9,(20,17)));

STEP 11 [SPR_ClassicHeuristic_MC_RF -> NNI_Substep_6] - Distance: 70.0000
((((10,15),(7,1)),(((((5,19),12),4),((14,(2,18)),13)),((3,11),(16,(6,8))))),(9,(20,17)));

STEP 12 [SPR_ClassicHeuristic_MC_RF -> NNI_Substep_7] - Distance: 68.0000
((((10,15),(7,1)),(((((5,19),12),4),(14,((2,18),13))),((3,11),(16,(6,8))))),(9,(20,17)));

STEP 13 [SPR_ClassicHeuristic_MC_RF -> NNI_Substep_8] - Distance: 66.0000
((((10,15),(7,1)),(((((5,19),12),4),(14,((2,13),18))),((3,11),(16,(6,8))))),(9,(20,17)));

STEP 14 [SPR_ClassicHeuristic_MC_RF -> NNI_Substep_9] - Distance: 69.0000
((((10,15),(7,1)),(((((5,19),12),(14,((2,13),18))),4),((3,11),(16,(6,8))))),(9,(20,17)));

STEP 15 [SPR_ClassicHeuristic_MC_RF -> NNI_Substep_10] - Distance: 71.0000
((((10,15),(7,1)),(((((5,19),12),(14,((2,13),18))),((3,11),(16,(6,8)))),4)),(9,(20,17)));

STEP 16 [SPR_ClassicHeuristic_MC_RF -> NNI_Substep_11] - Distance: 72.0000
(((((10,15),(7,1)),((((5,19),12),(14,((2,13),18))),((3,11),(16,(6,8))))),4),(9,(20,17)));

STEP 17 [SPR_ClassicHeuristic_MC_RF -> NNI_Substep_12] - Distance: 62.0000
((((10,15),(7,1)),((((5,19),12),(14,((2,13),18))),((3,11),(16,(6,8))))),((9,4),(20,17)));

STEP 18 [SPR_ClassicHeuristic_MC_RF -> NNI_Substep_13] - Distance: 63.0000
((((10,15),(7,1)),((((5,19),12),(14,((2,13),18))),(((3,11),(6,8)),16))),((9,4),(20,17)));

STEP 19 [SPR_ClassicHeuristic_MC_RF -> NNI_Substep_14] - Distance: 69.0000
((((10,15),(7,1)),(((((5,19),12),(14,((2,13),18))),((3,11),(6,8))),16)),((9,4),(20,17)));

STEP 20 [SPR_ClassicHeuristic_MC_RF -> NNI_Substep_15] - Distance: 64.0000
((((10,15),(7,1)),(((((5,19),12),(14,((2,13),18))),16),((3,11),(6,8)))),((9,4),(20,17)));

STEP 21 [SPR_ClassicHeuristic_MC_RF -> NNI_Substep_16] - Distance: 59.0000
((((10,15),(7,1)),(((((5,19),12),16),(14,((2,13),18))),((3,11),(6,8)))),((9,4),(20,17)));

STEP 22 [SPR_ClassicHeuristic_MC_RF -> NNI_Substep_17] - Distance: 59.0000
((((10,15),(7,1)),(((((5,19),16),12),(14,((2,13),18))),((3,11),(6,8)))),((9,4),(20,17)));

STEP 23 [SPR_ClassicHeuristic_MC_RF -> NNI_Substep_18] - Distance: 57.0000
((((10,15),(7,1)),((((5,(19,16)),12),(14,((2,13),18))),((3,11),(6,8)))),((9,4),(20,17)));

STEP 24 [SPR_ClassicHeuristic_MC_RF -> NNI_Substep_19] - Distance: 58.0000
((((10,15),(7,1)),((((5,(19,16)),12),(14,((2,13),18))),((11,(6,8)),3))),((9,4),(20,17)));

STEP 25 [SPR_ClassicHeuristic_MC_RF -> NNI_Substep_20] - Distance: 63.0000
((((10,15),(7,1)),(((((5,(19,16)),12),(14,((2,13),18))),(11,(6,8))),3)),((9,4),(20,17)));

STEP 26 [SPR_ClassicHeuristic_MC_RF -> NNI_Substep_21] - Distance: 64.0000
(((((10,15),(7,1)),((((5,(19,16)),12),(14,((2,13),18))),(11,(6,8)))),3),((9,4),(20,17)));

STEP 27 [SPR_ClassicHeuristic_MC_RF -> NNI_Substep_22] - Distance: 52.0000
((((10,15),(7,1)),((((5,(19,16)),12),(14,((2,13),18))),(11,(6,8)))),(((9,4),3),(20,17)));

STEP 28 [SPR_ClassicHeuristic_MC_RF -> NNI_Substep_23] - Distance: 52.0000
((((10,15),(7,1)),((((5,(19,16)),12),(14,((2,13),18))),((11,6),8))),(((9,4),3),(20,17)));

STEP 29 [SPR_ClassicHeuristic_MC_RF -> NNI_Substep_24] - Distance: 57.0000
((((10,15),(7,1)),(((((5,(19,16)),12),(14,((2,13),18))),(11,6)),8)),(((9,4),3),(20,17)));

STEP 30 [SPR_ClassicHeuristic_MC_RF -> NNI_Substep_25] - Distance: 58.0000
(((((10,15),(7,1)),((((5,(19,16)),12),(14,((2,13),18))),(11,6))),8),(((9,4),3),(20,17)));

STEP 31 [SPR_ClassicHeuristic_MC_RF -> NNI_Substep_26] - Distance: 51.0000
(((((10,15),(7,1)),8),((((5,(19,16)),12),(14,((2,13),18))),(11,6))),(((9,4),3),(20,17)));

STEP 32 [SPR_ClassicHeuristic_MC_RF -> NNI_Substep_27] - Distance: 50.0000
((((10,15),((7,1),8)),((((5,(19,16)),12),(14,((2,13),18))),(11,6))),(((9,4),3),(20,17)));

STEP 33 [SPR_ClassicHeuristic_MC_RF -> NNI_Substep_28] - Distance: 50.0000
((((10,15),((7,8),1)),((((5,(19,16)),12),(14,((2,13),18))),(11,6))),(((9,4),3),(20,17)));

STEP 34 [SPR_ClassicHeuristic_MC_RF -> NNI_Substep_29] - Distance: 46.0000
(((((10,15),((7,8),1)),((9,4),3)),((((5,(19,16)),12),(14,((2,13),18))),(11,6))),(20,17));

STEP 35 [SPR_ClassicHeuristic_MC_RF -> NNI_Substep_30] - Distance: 40.0000
(((((10,15),((9,4),3)),((7,8),1)),((((5,(19,16)),12),(14,((2,13),18))),(11,6))),(20,17));

STEP 36 [SPR_ClassicHeuristic_MC_RF -> NNI_Substep_31] - Distance: 48.0000
(((((10,15),((9,4),3)),((7,8),1)),(((((5,(19,16)),12),(14,((2,13),18))),(11,6)),20)),17);

STEP 37 [SPR_ClassicHeuristic_MC_RF -> NNI_Substep_32] - Distance: 45.0000
(((((10,15),((9,4),3)),((7,8),1)),(((((5,(19,16)),12),(14,((2,13),18))),20),(11,6))),17);

STEP 38 [SPR_ClassicHeuristic_MC_RF -> NNI_Substep_33] - Distance: 40.0000
(((((10,15),((9,4),3)),((7,8),1)),(((((5,(19,16)),12),20),(14,((2,13),18))),(11,6))),17);

STEP 39 [SPR_ClassicHeuristic_MC_RF -> NNI_Substep_34] - Distance: 36.0000
(((((10,15),((9,4),3)),((7,8),1)),((((5,(19,16)),(12,20)),(14,((2,13),18))),(11,6))),17);

STEP 40 [SPR_ClassicHeuristic_MC_RF -> NNI_Substep_35] - Distance: 36.0000
(((((10,15),((9,4),3)),((7,8),1)),((((5,(12,20)),(19,16)),(14,((2,13),18))),(11,6))),17);

STEP 41 [SPR_ClassicHeuristic_MC_RF -> NNI_Substep_36] - Distance: 38.0000
(((((10,15),((9,4),3)),((7,8),1)),((((5,(12,20)),(14,((2,13),18))),(19,16)),(11,6))),17);

STEP 42 [SPR_ClassicHeuristic_MC_RF -> NNI_Substep_37] - Distance: 42.0000
(((((10,15),((9,4),3)),((7,8),1)),((((5,(12,20)),(14,((2,13),18))),(11,6)),(19,16))),17);

STEP 43 [SPR_ClassicHeuristic_MC_RF -> NNI_Substep_38] - Distance: 46.0000
((((((10,15),((9,4),3)),((7,8),1)),(((5,(12,20)),(14,((2,13),18))),(11,6))),(19,16)),17);

STEP 44 [SPR_ClassicHeuristic_MC_RF -> NNI_Substep_39] - Distance: 38.0000
((((((10,15),((9,4),3)),(7,8)),1),(((5,(12,20)),(14,((2,13),18))),(11,6))),(17,(19,16)));

STEP 45 [SPR_ClassicHeuristic_MC_RF -> NNI_Substep_40] - Distance: 40.0000
((((((10,15),((9,4),3)),(7,8)),(((5,(12,20)),(14,((2,13),18))),(11,6))),1),(17,(19,16)));

STEP 46 [SPR_ClassicHeuristic_MC_RF -> NNI_Substep_41] - Distance: 34.0000
(((((10,15),((9,4),3)),(7,8)),((((5,(12,20)),(14,((2,13),18))),(11,6)),1)),(17,(19,16)));

STEP 47 [SPR_ClassicHeuristic_MC_RF -> NNI_Substep_42] - Distance: 31.0000
(((((10,15),((9,4),3)),(7,8)),((((5,(12,20)),(14,((2,13),18))),1),(11,6))),(17,(19,16)));

STEP 48 [SPR_ClassicHeuristic_MC_RF -> NNI_Substep_43] - Distance: 26.0000
(((((10,15),((9,4),3)),(7,8)),((((5,(12,20)),1),(14,((2,13),18))),(11,6))),(17,(19,16)));

STEP 49 [SPR_ClassicHeuristic_MC_RF -> NNI_Substep_44] - Distance: 32.0000
(((((10,15),((9,4),3)),(7,8)),(((14,((2,13),18)),(11,6)),((5,(12,20)),1))),(17,(19,16)));

STEP 50 [SPR_ClassicHeuristic_MC_RF -> NNI_Substep_45] - Distance: 35.0000
((((((10,15),((9,4),3)),(7,8)),((14,((2,13),18)),(11,6))),((5,(12,20)),1)),(17,(19,16)));

STEP 51 [SPR_ClassicHeuristic_MC_RF -> NNI_Substep_46] - Distance: 24.0000
((((((10,15),((9,4),3)),(7,8)),(14,((2,13),18))),(11,6)),((17,(19,16)),((5,(12,20)),1)));

STEP 52 [SPR_ClassicHeuristic_MC_RF -> NNI_Substep_47] - Distance: 10.0000
((((((10,15),((9,4),3)),(7,8)),14),((2,13),18)),(((17,(19,16)),((5,(12,20)),1)),(11,6)));

STEP 53 [SPR_ClassicHeuristic_MC_RF -> NNI_Substep_48] - Distance: 8.0000
((((((10,15),((9,4),3)),(7,8)),((2,13),18)),14),(((17,(19,16)),((5,(12,20)),1)),(11,6)));

STEP 54 [SPR_ClassicHeuristic_MC_RF -> NNI_Substep_49] - Distance: 6.0000
(((((10,15),((9,4),3)),((7,8),((2,13),18))),14),(((17,(19,16)),((5,(12,20)),1)),(11,6)));

STEP 55 [SPR_ClassicHeuristic_MC_RF -> NNI_Substep_50] - Distance: 10.0000
(((((7,8),((2,13),18)),14),((10,15),((9,4),3))),(((17,(19,16)),((5,(12,20)),1)),(11,6)));

STEP 56 [SPR_ClassicHeuristic_MC_RF -> NNI_Substep_51] - Distance: 0.0000
((((7,8),((2,13),18)),(14,((10,15),((9,4),3)))),(((17,(19,16)),((5,(12,20)),1)),(11,6)));

========================================================
[FINAL] Total Steps: 56 | Final Distance: 0.0000
========================================================
