========================================================
HEURISTIC TRAJECTORY: VND Incremental (MP)
========================================================
STEP 0 [START] - Distance: 125.0000
(17,(6,(((((3,(4,16)),(14,1)),(11,(13,(5,19)))),(12,((10,(9,(15,20))),(2,8)))),(7,18))));

STEP 1 [NNI_IncrementalHeuristic_MP -> NNI_Substep_1] - Distance: 117.0000
(17,(6,(((7,18),(12,((10,(9,(15,20))),(2,8)))),(((3,(4,16)),(14,1)),(11,(13,(5,19)))))));

STEP 2 [NNI_IncrementalHeuristic_MP -> NNI_Substep_2] - Distance: 109.0000
(17,((((3,(4,16)),(14,1)),(11,(13,(5,19)))),(((7,18),(12,((10,(9,(15,20))),(2,8)))),6)));

STEP 3 [NNI_IncrementalHeuristic_MP -> NNI_Substep_3] - Distance: 100.0000
((((7,18),(12,((10,(9,(15,20))),(2,8)))),6),((17,(11,(13,(5,19)))),((3,(4,16)),(14,1))));

STEP 4 [NNI_IncrementalHeuristic_MP -> NNI_Substep_4] - Distance: 98.0000
((((7,18),(12,(2,((10,(9,(15,20))),8)))),6),((17,(11,(13,(5,19)))),((3,(4,16)),(14,1))));

STEP 5 [NNI_IncrementalHeuristic_MP -> NNI_Substep_5] - Distance: 96.0000
((((7,18),(12,(2,((10,(9,(15,20))),8)))),6),((17,(11,(13,(5,19)))),((3,(14,1)),(4,16))));

STEP 6 [NNI_IncrementalHeuristic_MP -> NNI_Substep_6] - Distance: 95.0000
(((6,(12,(2,((10,(9,(15,20))),8)))),(7,18)),((17,(11,(13,(5,19)))),((3,(14,1)),(4,16))));

STEP 7 [NNI_IncrementalHeuristic_MP -> NNI_Substep_7] - Distance: 94.0000
(((6,(12,(2,((8,(9,(15,20))),10)))),(7,18)),((17,(11,(13,(5,19)))),((3,(14,1)),(4,16))));

STEP 8 [NNI_IncrementalHeuristic_MP -> NNI_Substep_8] - Distance: 93.0000
(((6,(12,(2,((8,(9,(15,20))),10)))),(7,18)),((11,(17,(13,(5,19)))),((3,(14,1)),(4,16))));

STEP 9 [NNI_IncrementalHeuristic_MP -> NNI_Substep_9] - Distance: 92.0000
(((6,(12,(2,((8,(9,(15,20))),10)))),(7,18)),((11,(13,(17,(5,19)))),((3,(14,1)),(4,16))));

STEP 10 [NNI_IncrementalHeuristic_MP -> NNI_Substep_10] - Distance: 91.0000
(((6,(12,(2,((8,(9,(15,20))),10)))),(7,18)),((13,(11,(17,(5,19)))),((3,(14,1)),(4,16))));

STEP 11 [2sECR_IncrementalHeuristic_MP -> NNI_Substep_1] - Distance: 91.0000
((7,((6,(12,(2,((8,(9,(15,20))),10)))),18)),((13,(11,(17,(5,19)))),((3,(14,1)),(4,16))));

STEP 12 [2sECR_IncrementalHeuristic_MP -> NNI_Substep_2] - Distance: 81.0000
(((6,(12,(2,((8,(9,(15,20))),10)))),18),((7,(13,(11,(17,(5,19))))),((3,(14,1)),(4,16))));

STEP 13 [2sECR_IncrementalHeuristic_MP -> NNI_Substep_3] - Distance: 78.0000
(((6,(12,(2,((8,(9,(15,20))),10)))),18),(((11,(17,(5,19))),(7,13)),((3,(14,1)),(4,16))));

STEP 14 [2sECR_IncrementalHeuristic_MP -> NNI_Substep_4] - Distance: 78.0000
(((12,(6,(2,((8,(9,(15,20))),10)))),18),(((11,(17,(5,19))),(7,13)),((3,(14,1)),(4,16))));

STEP 15 [2sECR_IncrementalHeuristic_MP -> NNI_Substep_5] - Distance: 77.0000
(((12,(2,(6,((8,(9,(15,20))),10)))),18),(((11,(17,(5,19))),(7,13)),((3,(14,1)),(4,16))));

STEP 16 [2sECR_IncrementalHeuristic_MP -> NNI_Substep_6] - Distance: 77.0000
((12,(18,(2,(6,((8,(9,(15,20))),10))))),(((11,(17,(5,19))),(7,13)),((3,(14,1)),(4,16))));

STEP 17 [2sECR_IncrementalHeuristic_MP -> NNI_Substep_7] - Distance: 66.0000
((18,(2,(6,((8,(9,(15,20))),10)))),((12,((3,(14,1)),(4,16))),((11,(17,(5,19))),(7,13))));

STEP 18 [2sECR_IncrementalHeuristic_MP -> NNI_Substep_8] - Distance: 64.0000
((18,(2,(6,((8,(9,(15,20))),10)))),(((3,(14,1)),(12,(4,16))),((11,(17,(5,19))),(7,13))));

STEP 19 [2sECR_IncrementalHeuristic_MP -> NNI_Substep_9] - Distance: 62.0000
((18,(2,((6,10),(8,(9,(15,20)))))),(((3,(14,1)),(12,(4,16))),((11,(17,(5,19))),(7,13))));

STEP 20 [2sECR_IncrementalHeuristic_MP -> NNI_Substep_10] - Distance: 61.0000
((18,(2,((6,10),(8,(9,(15,20)))))),(((3,(14,1)),(16,(12,4))),((11,(17,(5,19))),(7,13))));

STEP 21 [3sECR_IncrementalHeuristic_MP -> NNI_Substep_1] - Distance: 61.0000
((18,(2,((6,10),(8,(9,(15,20)))))),(((11,(17,(5,19))),(7,13)),((16,(12,4)),((3,1),14))));

STEP 22 [3sECR_IncrementalHeuristic_MP -> NNI_Substep_2] - Distance: 61.0000
((18,(2,((6,10),(8,(9,(15,20)))))),(((11,(17,(5,19))),(7,13)),(((16,(12,4)),(3,1)),14)));

STEP 23 [3sECR_IncrementalHeuristic_MP -> NNI_Substep_3] - Distance: 55.0000
((18,(2,((6,10),(8,(9,(15,20)))))),((((11,(17,(5,19))),(7,13)),14),((16,(12,4)),(3,1))));

STEP 24 [3sECR_IncrementalHeuristic_MP -> NNI_Substep_4] - Distance: 53.0000
((18,(2,((6,10),(8,(9,(15,20)))))),(((14,(11,(17,(5,19)))),(7,13)),((16,(12,4)),(3,1))));

STEP 25 [3sECR_IncrementalHeuristic_MP -> NNI_Substep_5] - Distance: 52.0000
((18,(2,((6,10),(8,(9,(15,20)))))),((((14,(17,(5,19))),11),(7,13)),((16,(12,4)),(3,1))));

STEP 26 [3sECR_IncrementalHeuristic_MP -> NNI_Substep_6] - Distance: 51.0000
((18,(2,((6,10),(8,(9,(15,20)))))),(((((14,(5,19)),17),11),(7,13)),((16,(12,4)),(3,1))));

STEP 27 [Heur. rSPR MP -> NNI_Substep_1] - Distance: 51.0000
((18,(2,((6,10),((8,9),(15,20))))),(((((14,(5,19)),17),11),(7,13)),((16,(12,4)),(3,1))));

STEP 28 [Heur. rSPR MP -> NNI_Substep_2] - Distance: 51.0000
((18,(2,(((6,10),(8,9)),(15,20)))),(((((14,(5,19)),17),11),(7,13)),((16,(12,4)),(3,1))));

STEP 29 [Heur. rSPR MP -> NNI_Substep_3] - Distance: 51.0000
((18,((2,((6,10),(8,9))),(15,20))),(((((14,(5,19)),17),11),(7,13)),((16,(12,4)),(3,1))));

STEP 30 [Heur. rSPR MP -> NNI_Substep_4] - Distance: 51.0000
(((18,(2,((6,10),(8,9)))),(15,20)),(((((14,(5,19)),17),11),(7,13)),((16,(12,4)),(3,1))));

STEP 31 [Heur. rSPR MP -> NNI_Substep_5] - Distance: 28.0000
((18,(2,((6,10),(8,9)))),(((((14,(5,19)),17),11),(7,13)),(((16,(12,4)),(3,1)),(15,20))));

STEP 32 [Heur. rSPR MP -> NNI_Substep_6] - Distance: 22.0000
((18,(2,((6,10),(8,9)))),(((((14,(5,19)),17),11),(7,13)),((16,(12,4)),((3,1),(15,20)))));

STEP 33 [Heur. rSPR MP -> NNI_Substep_7] - Distance: 20.0000
((18,(2,((6,10),(8,9)))),(((((14,(5,19)),17),11),(7,13)),((16,(12,4)),((3,(15,20)),1))));

STEP 34 [Heur. rSPR MP -> NNI_Substep_8] - Distance: 20.0000
((18,(2,((6,10),(8,9)))),((((((14,19),5),17),11),(7,13)),((16,(12,4)),((3,(15,20)),1))));

STEP 35 [Heur. rSPR MP -> NNI_Substep_9] - Distance: 20.0000
((18,(2,((6,10),(8,9)))),((((((14,19),17),5),11),(7,13)),((16,(12,4)),((3,(15,20)),1))));

STEP 36 [Heur. rSPR MP -> NNI_Substep_10] - Distance: 20.0000
((18,(2,((6,10),(8,9)))),((((((14,19),17),11),5),(7,13)),((16,(12,4)),((3,(15,20)),1))));

STEP 37 [Heur. rSPR MP -> NNI_Substep_11] - Distance: 20.0000
((18,(2,((6,10),(8,9)))),((((((14,19),17),11),(7,13)),5),((16,(12,4)),((3,(15,20)),1))));

STEP 38 [Heur. rSPR MP -> NNI_Substep_12] - Distance: 20.0000
((18,(2,((6,10),(8,9)))),((((((14,19),17),11),(7,13)),((16,(12,4)),((3,(15,20)),1))),5));

STEP 39 [Heur. rSPR MP -> NNI_Substep_13] - Distance: 4.0000
((18,((2,((6,10),(8,9))),5)),(((((14,19),17),11),(7,13)),((16,(12,4)),((3,(15,20)),1))));

STEP 40 [Heur. rSPR MP -> NNI_Substep_14] - Distance: 3.0000
((18,(2,(((6,10),(8,9)),5))),(((((14,19),17),11),(7,13)),((16,(12,4)),((3,(15,20)),1))));

STEP 41 [Heur. rSPR MP -> NNI_Substep_15] - Distance: 1.0000
((18,(2,(((6,10),5),(8,9)))),(((((14,19),17),11),(7,13)),((16,(12,4)),((3,(15,20)),1))));

STEP 42 [Heur. rSPR MP -> NNI_Substep_16] - Distance: 0.0000
((18,(2,(((6,10),5),(8,9)))),(((((14,19),17),11),(7,13)),((16,(12,4)),(((3,15),20),1))));

========================================================
[FINAL] Total Steps: 42 | Final Distance: 0.0000
========================================================
