========================================================
HEURISTIC TRAJECTORY: 2. NNI (Incremental) (M3)
========================================================
STEP 0 [START] - Distance: 871.0000
((((12,(1,((9,(17,4)),(14,(15,11))))),(18,7)),((6,3),(5,(13,10)))),(19,(2,(16,8))),20);

STEP 1 [NNI_IncrementalHeuristic_M3 -> NNI_Substep_1] - Distance: 852.0000
(((((6,3),(5,(13,10))),(18,7)),(12,(1,((9,(17,4)),(14,(15,11)))))),(19,(2,(16,8))),20);

STEP 2 [NNI_IncrementalHeuristic_M3 -> NNI_Substep_2] - Distance: 837.0000
(((((6,3),(5,(13,10))),(18,7)),(12,(1,((9,(17,4)),(14,(15,11)))))),((16,8),(2,19)),20);

STEP 3 [NNI_IncrementalHeuristic_M3 -> NNI_Substep_3] - Distance: 820.0000
((2,19),((16,8),((((6,3),(5,(13,10))),(18,7)),(12,(1,((9,(17,4)),(14,(15,11))))))),20);

STEP 4 [NNI_IncrementalHeuristic_M3 -> NNI_Substep_4] - Distance: 802.0000
((((16,8),((((6,3),(5,(13,10))),(18,7)),(12,(1,((9,(17,4)),(14,(15,11))))))),19),2,20);

STEP 5 [NNI_IncrementalHeuristic_M3 -> NNI_Substep_5] - Distance: 790.0000
((((16,((((6,3),(5,(13,10))),(18,7)),(12,(1,((9,(17,4)),(14,(15,11))))))),8),19),2,20);

STEP 6 [NNI_IncrementalHeuristic_M3 -> NNI_Substep_6] - Distance: 760.0000
(((((12,(1,((9,(17,4)),(14,(15,11))))),((((6,3),(5,(13,10))),(18,7)),16)),8),19),2,20);

STEP 7 [NNI_IncrementalHeuristic_M3 -> NNI_Substep_7] - Distance: 748.0000
(((((12,(1,((9,(17,4)),(14,(15,11))))),((18,(((6,3),(5,(13,10))),7)),16)),8),19),2,20);

STEP 8 [NNI_IncrementalHeuristic_M3 -> NNI_Substep_8] - Distance: 738.0000
(((((12,(1,((9,(17,4)),(14,(15,11))))),((18,(((6,(5,(13,10))),3),7)),16)),8),19),2,20);

STEP 9 [NNI_IncrementalHeuristic_M3 -> NNI_Substep_9] - Distance: 729.0000
(((((12,(1,((9,(14,(15,11))),(17,4)))),((18,(((6,(5,(13,10))),3),7)),16)),8),19),2,20);

STEP 10 [NNI_IncrementalHeuristic_M3 -> NNI_Substep_10] - Distance: 721.0000
(((((12,((17,4),((9,(14,(15,11))),1))),((18,(((6,(5,(13,10))),3),7)),16)),8),19),2,20);

STEP 11 [NNI_IncrementalHeuristic_M3 -> NNI_Substep_11] - Distance: 693.0000
(((((((9,(14,(15,11))),1),((17,4),12)),((18,(((6,(5,(13,10))),3),7)),16)),8),19),2,20);

STEP 12 [NNI_IncrementalHeuristic_M3 -> NNI_Substep_12] - Distance: 689.0000
(((((((9,(14,(15,11))),1),((17,4),12)),((18,(((6,(5,(13,10))),7),3)),16)),8),19),2,20);

STEP 13 [NNI_IncrementalHeuristic_M3 -> NNI_Substep_13] - Distance: 685.0000
(((((((9,(14,(15,11))),1),((17,4),12)),((3,(((6,(5,(13,10))),7),18)),16)),8),19),2,20);

STEP 14 [NNI_IncrementalHeuristic_M3 -> NNI_Substep_14] - Distance: 680.0000
(((((((9,(14,(15,11))),1),((17,4),12)),((16,(((6,(5,(13,10))),7),18)),3)),8),19),2,20);

STEP 15 [NNI_IncrementalHeuristic_M3 -> NNI_Substep_15] - Distance: 658.0000
((((3,((16,(((6,(5,(13,10))),7),18)),(((9,(14,(15,11))),1),((17,4),12)))),8),19),2,20);

STEP 16 [NNI_IncrementalHeuristic_M3 -> NNI_Substep_16] - Distance: 622.0000
((((3,8),((16,(((6,(5,(13,10))),7),18)),(((9,(14,(15,11))),1),((17,4),12)))),19),2,20);

STEP 17 [NNI_IncrementalHeuristic_M3 -> NNI_Substep_17] - Distance: 618.0000
((((3,8),((16,(((6,(10,(13,5))),7),18)),(((9,(14,(15,11))),1),((17,4),12)))),19),2,20);

STEP 18 [NNI_IncrementalHeuristic_M3 -> NNI_Substep_18] - Distance: 614.0000
((((3,8),((16,(((10,(6,(13,5))),7),18)),(((9,(14,(15,11))),1),((17,4),12)))),19),2,20);

STEP 19 [NNI_IncrementalHeuristic_M3 -> NNI_Substep_19] - Distance: 603.0000
((((3,8),((16,(((7,(6,(13,5))),10),18)),(((9,(14,(15,11))),1),((17,4),12)))),19),2,20);

STEP 20 [NNI_IncrementalHeuristic_M3 -> NNI_Substep_20] - Distance: 592.0000
((((3,8),((16,(((7,(6,(13,5))),18),10)),(((9,(14,(15,11))),1),((17,4),12)))),19),2,20);

STEP 21 [NNI_IncrementalHeuristic_M3 -> NNI_Substep_21] - Distance: 590.0000
((((3,8),((16,(((7,(6,(13,5))),18),10)),(((14,(9,(15,11))),1),((17,4),12)))),19),2,20);

STEP 22 [NNI_IncrementalHeuristic_M3 -> NNI_Substep_22] - Distance: 587.0000
((((3,8),((16,(((7,(6,(13,5))),18),10)),(((14,(11,(15,9))),1),((17,4),12)))),19),2,20);

STEP 23 [NNI_IncrementalHeuristic_M3 -> NNI_Substep_23] - Distance: 586.0000
((((3,8),((16,(((7,(5,(13,6))),18),10)),(((14,(11,(15,9))),1),((17,4),12)))),19),2,20);

STEP 24 [NNI_IncrementalHeuristic_M3 -> NNI_Substep_24] - Distance: 583.0000
((((3,8),((16,((((13,6),(5,7)),18),10)),(((14,(11,(15,9))),1),((17,4),12)))),19),2,20);

STEP 25 [NNI_IncrementalHeuristic_M3 -> NNI_Substep_25] - Distance: 581.0000
((((3,8),((16,(((18,(5,7)),(13,6)),10)),(((14,(11,(15,9))),1),((17,4),12)))),19),2,20);

STEP 26 [NNI_IncrementalHeuristic_M3 -> NNI_Substep_26] - Distance: 579.0000
((((3,8),((16,(((18,(5,7)),10),(13,6))),(((14,(11,(15,9))),1),((17,4),12)))),19),2,20);

STEP 27 [NNI_IncrementalHeuristic_M3 -> NNI_Substep_27] - Distance: 573.0000
((((3,8),(((13,6),(((18,(5,7)),10),16)),(((14,(11,(15,9))),1),((17,4),12)))),19),2,20);

STEP 28 [NNI_IncrementalHeuristic_M3 -> NNI_Substep_28] - Distance: 533.0000
((((3,8),(((13,6),(((14,(11,(15,9))),1),((17,4),12))),(((18,(5,7)),10),16))),19),2,20);

STEP 29 [NNI_IncrementalHeuristic_M3 -> NNI_Substep_29] - Distance: 491.0000
((((3,8),((((17,4),12),(((14,(11,(15,9))),1),(13,6))),(((18,(5,7)),10),16))),19),2,20);

STEP 30 [NNI_IncrementalHeuristic_M3 -> NNI_Substep_30] - Distance: 481.0000
((((3,8),((((17,4),12),(((13,6),1),(14,(11,(15,9))))),(((18,(5,7)),10),16))),19),2,20);

STEP 31 [NNI_IncrementalHeuristic_M3 -> NNI_Substep_31] - Distance: 439.0000
((((3,8),(((14,(11,(15,9))),(((13,6),1),((17,4),12))),(((18,(5,7)),10),16))),19),2,20);

STEP 32 [NNI_IncrementalHeuristic_M3 -> NNI_Substep_32] - Distance: 369.0000
((((3,8),(((14,(11,(15,9))),(((18,(5,7)),10),16)),(((13,6),1),((17,4),12)))),19),2,20);

STEP 33 [NNI_IncrementalHeuristic_M3 -> NNI_Substep_33] - Distance: 353.0000
((((3,8),((16,(((18,(5,7)),10),(14,(11,(15,9))))),(((13,6),1),((17,4),12)))),19),2,20);

STEP 34 [NNI_IncrementalHeuristic_M3 -> NNI_Substep_34] - Distance: 333.0000
((((3,8),((16,(((18,(5,7)),(14,(11,(15,9)))),10)),(((13,6),1),((17,4),12)))),19),2,20);

STEP 35 [NNI_IncrementalHeuristic_M3 -> NNI_Substep_35] - Distance: 320.0000
((((3,8),((16,(((11,(15,9)),(14,(18,(5,7)))),10)),(((13,6),1),((17,4),12)))),19),2,20);

STEP 36 [NNI_IncrementalHeuristic_M3 -> NNI_Substep_36] - Distance: 288.0000
((((3,8),((16,(((11,(15,9)),((5,7),(18,14))),10)),(((13,6),1),((17,4),12)))),19),2,20);

STEP 37 [NNI_IncrementalHeuristic_M3 -> NNI_Substep_37] - Distance: 266.0000
((((3,8),((16,(((18,14),((5,7),(11,(15,9)))),10)),(((13,6),1),((17,4),12)))),19),2,20);

STEP 38 [NNI_IncrementalHeuristic_M3 -> NNI_Substep_38] - Distance: 260.0000
((((3,8),((16,(((18,14),((15,9),(11,(5,7)))),10)),(((13,6),1),((17,4),12)))),19),2,20);

STEP 39 [NNI_IncrementalHeuristic_M3 -> NNI_Substep_39] - Distance: 246.0000
((((3,8),((16,(((15,9),((18,14),(11,(5,7)))),10)),(((13,6),1),((17,4),12)))),19),2,20);

STEP 40 [NNI_IncrementalHeuristic_M3 -> NNI_Substep_40] - Distance: 235.0000
((((3,8),((16,((10,((18,14),(11,(5,7)))),(15,9))),(((13,6),1),((17,4),12)))),19),2,20);

STEP 41 [NNI_IncrementalHeuristic_M3 -> NNI_Substep_41] - Distance: 222.0000
((((3,8),(((15,9),((10,((18,14),(11,(5,7)))),16)),(((13,6),1),((17,4),12)))),19),2,20);

STEP 42 [NNI_IncrementalHeuristic_M3 -> NNI_Substep_42] - Distance: 132.0000
((((3,8),(((((13,6),1),((17,4),12)),((10,((18,14),(11,(5,7)))),16)),(15,9))),19),2,20);

STEP 43 [NNI_IncrementalHeuristic_M3 -> NNI_Substep_43] - Distance: 50.0000
(((((((13,6),1),((17,4),12)),((10,((18,14),(11,(5,7)))),16)),((3,8),(15,9))),19),2,20);

STEP 44 [NNI_IncrementalHeuristic_M3 -> NNI_Substep_44] - Distance: 18.0000
(((((((13,6),1),((17,4),12)),((10,((18,14),(11,(5,7)))),16)),(((15,9),8),3)),19),2,20);

STEP 45 [NNI_IncrementalHeuristic_M3 -> NNI_Substep_45] - Distance: 0.0000
(((((((13,6),1),((17,4),12)),((10,((18,14),(11,(5,7)))),16)),(((8,9),15),3)),19),2,20);

========================================================
[FINAL] Total Steps: 45 | Final Distance: 0.0000
========================================================
