========================================================
HEURISTIC TRAJECTORY: VND Classic (MC_RF)
========================================================
STEP 0 [START] - Distance: 72.0000
((11,((17,(19,14)),(18,12))),((1,(9,(8,13))),((((20,(6,16)),(15,3)),(10,(4,5))),(7,2))));

STEP 1 [NNI_ClassicHeuristic_MC_RF -> NNI_Substep_1] - Distance: 61.0000
(((((20,(6,16)),(15,3)),(10,(4,5))),(((8,13),(9,1)),(11,((17,(19,14)),(18,12))))),(7,2));

STEP 2 [NNI_ClassicHeuristic_MC_RF -> NNI_Substep_2] - Distance: 60.0000
(((((20,(6,16)),(15,3)),(10,(4,5))),(((17,(19,14)),(18,12)),(11,((8,13),(9,1))))),(7,2));

STEP 3 [NNI_ClassicHeuristic_MC_RF -> NNI_Substep_3] - Distance: 59.0000
(((((20,(6,16)),(15,3)),(10,(4,5))),(((17,(19,14)),(18,12)),((8,13),(11,(9,1))))),(7,2));

STEP 4 [NNI_ClassicHeuristic_MC_RF -> NNI_Substep_4] - Distance: 58.0000
(((((20,(6,16)),(15,3)),(10,(4,5))),((8,13),(((17,(19,14)),(18,12)),(11,(9,1))))),(7,2));

STEP 5 [TBR_ClassicHeuristic_MC_RF -> NNI_Substep_1] - Distance: 58.0000
((((((20,6),16),(15,3)),(10,(4,5))),((8,13),(((17,(19,14)),(18,12)),(11,(9,1))))),(7,2));

STEP 6 [TBR_ClassicHeuristic_MC_RF -> NNI_Substep_2] - Distance: 59.0000
((((((20,6),(15,3)),16),(10,(4,5))),((8,13),(((17,(19,14)),(18,12)),(11,(9,1))))),(7,2));

STEP 7 [TBR_ClassicHeuristic_MC_RF -> NNI_Substep_3] - Distance: 61.0000
((((((20,6),(15,3)),(10,(4,5))),16),((8,13),(((17,(19,14)),(18,12)),(11,(9,1))))),(7,2));

STEP 8 [TBR_ClassicHeuristic_MC_RF -> NNI_Substep_4] - Distance: 64.0000
((((((20,6),(15,3)),(10,(4,5))),((8,13),(((17,(19,14)),(18,12)),(11,(9,1))))),16),(7,2));

STEP 9 [TBR_ClassicHeuristic_MC_RF -> NNI_Substep_5] - Distance: 60.0000
(((((20,6),(15,3)),(10,(4,5))),(((8,13),(((17,(19,14)),(18,12)),(11,(9,1)))),16)),(7,2));

STEP 10 [TBR_ClassicHeuristic_MC_RF -> NNI_Substep_6] - Distance: 57.0000
(((((20,6),(15,3)),(10,(4,5))),((8,13),((((17,(19,14)),(18,12)),(11,(9,1))),16))),(7,2));

STEP 11 [TBR_ClassicHeuristic_MC_RF -> NNI_Substep_7] - Distance: 53.0000
(((((20,6),(15,3)),(10,(4,5))),((8,13),(((17,(19,14)),(18,12)),((11,(9,1)),16)))),(7,2));

STEP 12 [TBR_ClassicHeuristic_MC_RF -> NNI_Substep_8] - Distance: 51.0000
(((((20,6),(15,3)),(10,(4,5))),((8,13),(((17,(19,14)),(18,12)),(11,((9,1),16))))),(7,2));

STEP 13 [TBR_ClassicHeuristic_MC_RF -> NNI_Substep_9] - Distance: 49.0000
(((((20,6),(15,3)),(10,(4,5))),((8,13),(((17,(19,14)),(18,12)),(11,((9,16),1))))),(7,2));

STEP 14 [TBR_ClassicHeuristic_MC_RF -> NNI_Substep_10] - Distance: 49.0000
(((((20,6),(15,3)),((10,4),5)),((8,13),(((17,(19,14)),(18,12)),(11,((9,16),1))))),(7,2));

STEP 15 [TBR_ClassicHeuristic_MC_RF -> NNI_Substep_11] - Distance: 52.0000
((((((20,6),(15,3)),(10,4)),5),((8,13),(((17,(19,14)),(18,12)),(11,((9,16),1))))),(7,2));

STEP 16 [TBR_ClassicHeuristic_MC_RF -> NNI_Substep_12] - Distance: 58.0000
((((((20,6),(15,3)),(10,4)),((8,13),(((17,(19,14)),(18,12)),(11,((9,16),1))))),5),(7,2));

STEP 17 [TBR_ClassicHeuristic_MC_RF -> NNI_Substep_13] - Distance: 53.0000
(((((20,6),(15,3)),(10,4)),(((8,13),(((17,(19,14)),(18,12)),(11,((9,16),1)))),5)),(7,2));

STEP 18 [TBR_ClassicHeuristic_MC_RF -> NNI_Substep_14] - Distance: 50.0000
(((((20,6),(15,3)),(10,4)),((8,13),((((17,(19,14)),(18,12)),(11,((9,16),1))),5))),(7,2));

STEP 19 [TBR_ClassicHeuristic_MC_RF -> NNI_Substep_15] - Distance: 46.0000
(((((20,6),(15,3)),(10,4)),((8,13),(((17,(19,14)),(18,12)),((11,((9,16),1)),5)))),(7,2));

STEP 20 [TBR_ClassicHeuristic_MC_RF -> NNI_Substep_16] - Distance: 44.0000
(((((20,6),(15,3)),(10,4)),((8,13),(((17,(19,14)),(18,12)),((11,5),((9,16),1))))),(7,2));

STEP 21 [TBR_ClassicHeuristic_MC_RF -> NNI_Substep_17] - Distance: 45.0000
((((((20,6),3),15),(10,4)),((8,13),(((17,(19,14)),(18,12)),((11,5),((9,16),1))))),(7,2));

STEP 22 [TBR_ClassicHeuristic_MC_RF -> NNI_Substep_18] - Distance: 46.0000
((((((20,6),3),(10,4)),15),((8,13),(((17,(19,14)),(18,12)),((11,5),((9,16),1))))),(7,2));

STEP 23 [TBR_ClassicHeuristic_MC_RF -> NNI_Substep_19] - Distance: 42.0000
(((((20,6),3),((10,4),15)),((8,13),(((17,(19,14)),(18,12)),((11,5),((9,16),1))))),(7,2));

STEP 24 [TBR_ClassicHeuristic_MC_RF -> NNI_Substep_20] - Distance: 40.0000
(((((20,6),3),(10,(4,15))),((8,13),(((17,(19,14)),(18,12)),((11,5),((9,16),1))))),(7,2));

STEP 25 [TBR_ClassicHeuristic_MC_RF -> NNI_Substep_21] - Distance: 44.0000
((((((20,6),3),(10,(4,15))),7),((8,13),(((17,(19,14)),(18,12)),((11,5),((9,16),1))))),2);

STEP 26 [TBR_ClassicHeuristic_MC_RF -> NNI_Substep_22] - Distance: 42.0000
(((((20,6),3),((10,(4,15)),7)),((8,13),(((17,(19,14)),(18,12)),((11,5),((9,16),1))))),2);

STEP 27 [TBR_ClassicHeuristic_MC_RF -> NNI_Substep_23] - Distance: 40.0000
(((((20,6),3),(10,((4,15),7))),((8,13),(((17,(19,14)),(18,12)),((11,5),((9,16),1))))),2);

STEP 28 [TBR_ClassicHeuristic_MC_RF -> NNI_Substep_24] - Distance: 40.0000
(((((20,6),3),(10,((4,15),7))),((8,13),((((17,19),14),(18,12)),((11,5),((9,16),1))))),2);

STEP 29 [TBR_ClassicHeuristic_MC_RF -> NNI_Substep_25] - Distance: 41.0000
(((((20,6),3),(10,((4,15),7))),((8,13),((((17,19),(18,12)),14),((11,5),((9,16),1))))),2);

STEP 30 [TBR_ClassicHeuristic_MC_RF -> NNI_Substep_26] - Distance: 41.0000
(((((20,6),3),(10,((4,15),7))),((8,13),((((17,19),(18,12)),((11,5),((9,16),1))),14))),2);

STEP 31 [TBR_ClassicHeuristic_MC_RF -> NNI_Substep_27] - Distance: 38.0000
(((((20,6),3),(10,((4,15),7))),((8,13),(((17,19),(18,12)),(((11,5),((9,16),1)),14)))),2);

STEP 32 [TBR_ClassicHeuristic_MC_RF -> NNI_Substep_28] - Distance: 36.0000
(((((20,6),3),(10,((4,15),7))),((8,13),(((17,19),(18,12)),(((11,5),14),((9,16),1))))),2);

STEP 33 [TBR_ClassicHeuristic_MC_RF -> NNI_Substep_29] - Distance: 45.0000
(((((20,6),3),(10,((4,15),7))),((13,(((17,19),(18,12)),(((11,5),14),((9,16),1)))),8)),2);

STEP 34 [TBR_ClassicHeuristic_MC_RF -> NNI_Substep_30] - Distance: 43.0000
(((((20,6),3),(10,((4,15),7))),(13,((((17,19),(18,12)),(((11,5),14),((9,16),1))),8))),2);

STEP 35 [TBR_ClassicHeuristic_MC_RF -> NNI_Substep_31] - Distance: 38.0000
(((((20,6),3),(10,((4,15),7))),(13,((((17,19),(18,12)),8),(((11,5),14),((9,16),1))))),2);

STEP 36 [TBR_ClassicHeuristic_MC_RF -> NNI_Substep_32] - Distance: 35.0000
(((((20,6),3),(10,((4,15),7))),(13,((((17,19),8),(18,12)),(((11,5),14),((9,16),1))))),2);

STEP 37 [TBR_ClassicHeuristic_MC_RF -> NNI_Substep_33] - Distance: 33.0000
(((((20,6),3),(10,((4,15),7))),(13,((((17,8),19),(18,12)),(((11,5),14),((9,16),1))))),2);

STEP 38 [TBR_ClassicHeuristic_MC_RF -> NNI_Substep_34] - Distance: 33.0000
(((((6,3),20),(10,((4,15),7))),(13,((((17,8),19),(18,12)),(((11,5),14),((9,16),1))))),2);

STEP 39 [TBR_ClassicHeuristic_MC_RF -> NNI_Substep_35] - Distance: 36.0000
(((((6,3),(10,((4,15),7))),20),(13,((((17,8),19),(18,12)),(((11,5),14),((9,16),1))))),2);

STEP 40 [TBR_ClassicHeuristic_MC_RF -> NNI_Substep_36] - Distance: 45.0000
(((((6,3),(10,((4,15),7))),(13,((((17,8),19),(18,12)),(((11,5),14),((9,16),1))))),20),2);

STEP 41 [TBR_ClassicHeuristic_MC_RF -> NNI_Substep_37] - Distance: 40.0000
((((6,3),(10,((4,15),7))),((13,((((17,8),19),(18,12)),(((11,5),14),((9,16),1)))),20)),2);

STEP 42 [TBR_ClassicHeuristic_MC_RF -> NNI_Substep_38] - Distance: 38.0000
((((6,3),(10,((4,15),7))),(13,(((((17,8),19),(18,12)),(((11,5),14),((9,16),1))),20))),2);

STEP 43 [TBR_ClassicHeuristic_MC_RF -> NNI_Substep_39] - Distance: 33.0000
((((6,3),(10,((4,15),7))),(13,(((((17,8),19),(18,12)),20),(((11,5),14),((9,16),1))))),2);

STEP 44 [TBR_ClassicHeuristic_MC_RF -> NNI_Substep_40] - Distance: 31.0000
((((6,3),(10,((4,15),7))),(13,((((17,8),19),((18,12),20)),(((11,5),14),((9,16),1))))),2);

STEP 45 [TBR_ClassicHeuristic_MC_RF -> NNI_Substep_41] - Distance: 31.0000
((((6,3),(10,((4,15),7))),(13,((((17,8),19),((18,20),12)),(((11,5),14),((9,16),1))))),2);

STEP 46 [TBR_ClassicHeuristic_MC_RF -> NNI_Substep_42] - Distance: 32.0000
((((6,3),(10,((4,15),7))),(13,(((((17,8),19),12),(18,20)),(((11,5),14),((9,16),1))))),2);

STEP 47 [TBR_ClassicHeuristic_MC_RF -> NNI_Substep_43] - Distance: 36.0000
((((6,3),(10,((4,15),7))),(13,(((((17,8),19),12),(((11,5),14),((9,16),1))),(18,20)))),2);

STEP 48 [TBR_ClassicHeuristic_MC_RF -> NNI_Substep_44] - Distance: 30.0000
((((6,3),(10,((4,15),7))),(13,((((17,8),19),12),((((11,5),14),((9,16),1)),(18,20))))),2);

STEP 49 [TBR_ClassicHeuristic_MC_RF -> NNI_Substep_45] - Distance: 27.0000
((((6,3),(10,((4,15),7))),(13,((((17,8),19),12),(((11,5),14),(((9,16),1),(18,20)))))),2);

STEP 50 [TBR_ClassicHeuristic_MC_RF -> NNI_Substep_46] - Distance: 32.0000
(((((6,3),(10,((4,15),7))),((((17,8),19),12),(((11,5),14),(((9,16),1),(18,20))))),13),2);

STEP 51 [TBR_ClassicHeuristic_MC_RF -> NNI_Substep_47] - Distance: 19.0000
(((((6,3),(10,((4,15),7))),13),((((17,8),19),12),(((11,5),14),(((9,16),1),(18,20))))),2);

STEP 52 [TBR_ClassicHeuristic_MC_RF -> NNI_Substep_48] - Distance: 14.0000
(((((6,3),13),(10,((4,15),7))),((((17,8),19),12),(((11,5),14),(((9,16),1),(18,20))))),2);

STEP 53 [TBR_ClassicHeuristic_MC_RF -> NNI_Substep_49] - Distance: 12.0000
(((((6,13),3),(10,((4,15),7))),((((17,8),19),12),(((11,5),14),(((9,16),1),(18,20))))),2);

STEP 54 [TBR_ClassicHeuristic_MC_RF -> NNI_Substep_50] - Distance: 18.0000
(((((6,13),3),2),(10,((4,15),7))),((((17,8),19),12),(((11,5),14),(((9,16),1),(18,20)))));

STEP 55 [TBR_ClassicHeuristic_MC_RF -> NNI_Substep_51] - Distance: 0.0000
(((((6,13),2),3),(10,((4,15),7))),((((17,8),19),12),(((11,5),14),(((9,16),1),(18,20)))));

========================================================
[FINAL] Total Steps: 55 | Final Distance: 0.0000
========================================================
