========================================================
HEURISTIC TRAJECTORY: VND Incremental (MP_RF)
========================================================
STEP 0 [START] - Distance: 137.0000
(((12,(5,((2,9),(13,(4,(10,15)))))),(17,11)),(((1,(19,(16,18))),(6,(3,7))),(8,(14,20))));

STEP 1 [NNI_IncrementalHeuristic_MP_RF -> NNI_Substep_1] - Distance: 130.0000
((5,(((13,(4,(10,15))),9),2)),(12,((((1,(19,(16,18))),(6,(3,7))),(8,(14,20))),(17,11))));

STEP 2 [NNI_IncrementalHeuristic_MP_RF -> NNI_Substep_2] - Distance: 129.0000
((5,(((13,(4,(10,15))),9),2)),((17,11),((((1,(19,(16,18))),(6,(3,7))),(8,(14,20))),12)));

STEP 3 [NNI_IncrementalHeuristic_MP_RF -> NNI_Substep_3] - Distance: 128.0000
((5,(((13,(4,(10,15))),9),2)),((17,11),(((((6,(3,7)),(19,(16,18))),1),(8,(14,20))),12)));

STEP 4 [Heur. rSPR MP_RF -> NNI_Substep_1] - Distance: 128.0000
((5,(((13,(4,(10,15))),9),2)),((17,11),(((((6,(3,7)),(19,(16,18))),1),((8,14),20)),12)));

STEP 5 [Heur. rSPR MP_RF -> NNI_Substep_2] - Distance: 128.0000
((5,(((13,(4,(10,15))),9),2)),((17,11),((((((6,(3,7)),(19,(16,18))),1),(8,14)),20),12)));

STEP 6 [Heur. rSPR MP_RF -> NNI_Substep_3] - Distance: 127.0000
((5,(((13,(4,(10,15))),9),2)),((17,11),((((((6,(3,7)),(19,(16,18))),1),20),(8,14)),12)));

STEP 7 [Heur. rSPR MP_RF -> NNI_Substep_4] - Distance: 127.0000
((5,(((13,(4,(10,15))),9),2)),((17,11),((((((6,(3,7)),(19,(16,18))),20),1),(8,14)),12)));

STEP 8 [Heur. rSPR MP_RF -> NNI_Substep_5] - Distance: 127.0000
((5,(((13,(4,(10,15))),9),2)),((17,11),(((((6,(3,7)),((19,(16,18)),20)),1),(8,14)),12)));

STEP 9 [Heur. rSPR MP_RF -> NNI_Substep_6] - Distance: 127.0000
((5,(((13,(4,(10,15))),9),2)),((17,11),(((((6,(3,7)),(19,((16,18),20))),1),(8,14)),12)));

STEP 10 [Heur. rSPR MP_RF -> NNI_Substep_7] - Distance: 126.0000
((5,(((13,(4,(10,15))),9),2)),((17,11),(((((6,(3,7)),(19,(16,(18,20)))),1),(8,14)),12)));

STEP 11 [Heur. rSPR MP_RF -> NNI_Substep_8] - Distance: 126.0000
((5,(((13,(4,(10,15))),9),2)),((17,11),((((((3,7),(19,(16,(18,20)))),6),1),(8,14)),12)));

STEP 12 [Heur. rSPR MP_RF -> NNI_Substep_9] - Distance: 126.0000
((5,(((13,(4,(10,15))),9),2)),((17,11),((((((3,7),(19,(16,(18,20)))),1),6),(8,14)),12)));

STEP 13 [Heur. rSPR MP_RF -> NNI_Substep_10] - Distance: 126.0000
((5,(((13,(4,(10,15))),9),2)),((17,11),((((((3,7),(19,(16,(18,20)))),1),(8,14)),6),12)));

STEP 14 [Heur. rSPR MP_RF -> NNI_Substep_11] - Distance: 119.0000
((5,(((13,(4,(10,15))),9),2)),((17,11),(((((3,7),(19,(16,(18,20)))),1),((8,14),6)),12)));

STEP 15 [Heur. rSPR MP_RF -> NNI_Substep_12] - Distance: 119.0000
((5,(((13,(4,(10,15))),9),2)),((17,11),(((((3,7),(19,(16,(18,20)))),1),(8,(14,6))),12)));

STEP 16 [Heur. rSPR MP_RF -> NNI_Substep_13] - Distance: 119.0000
((5,(((13,(4,(10,15))),9),2)),((17,11),((((((3,7),(19,(16,(18,20)))),1),(14,6)),8),12)));

STEP 17 [Heur. rSPR MP_RF -> NNI_Substep_14] - Distance: 119.0000
((5,(((13,(4,(10,15))),9),2)),((17,11),((((((3,7),(19,(16,(18,20)))),1),(14,6)),12),8)));

STEP 18 [Heur. rSPR MP_RF -> NNI_Substep_15] - Distance: 119.0000
((5,(((13,(4,(10,15))),9),2)),(((17,11),(((((3,7),(19,(16,(18,20)))),1),(14,6)),12)),8));

STEP 19 [Heur. rSPR MP_RF -> NNI_Substep_16] - Distance: 113.0000
((5,((((13,(4,(10,15))),9),2),8)),((17,11),(((((3,7),(19,(16,(18,20)))),1),(14,6)),12)));

STEP 20 [Heur. rSPR MP_RF -> NNI_Substep_17] - Distance: 113.0000
((5,((((13,(4,(10,15))),9),8),2)),((17,11),(((((3,7),(19,(16,(18,20)))),1),(14,6)),12)));

STEP 21 [Heur. rSPR MP_RF -> NNI_Substep_18] - Distance: 113.0000
((5,((((13,(4,(10,15))),8),9),2)),((17,11),(((((3,7),(19,(16,(18,20)))),1),(14,6)),12)));

STEP 22 [Heur. rSPR MP_RF -> NNI_Substep_19] - Distance: 112.0000
((5,((((13,8),(4,(10,15))),9),2)),((17,11),(((((3,7),(19,(16,(18,20)))),1),(14,6)),12)));

STEP 23 [Heur. rSPR MP_RF -> NNI_Substep_20] - Distance: 112.0000
((5,((((13,8),((4,10),15)),9),2)),((17,11),(((((3,7),(19,(16,(18,20)))),1),(14,6)),12)));

STEP 24 [Heur. rSPR MP_RF -> NNI_Substep_21] - Distance: 112.0000
((5,(((((13,8),(4,10)),15),9),2)),((17,11),(((((3,7),(19,(16,(18,20)))),1),(14,6)),12)));

STEP 25 [Heur. rSPR MP_RF -> NNI_Substep_22] - Distance: 112.0000
((5,(((((13,8),(4,10)),9),15),2)),((17,11),(((((3,7),(19,(16,(18,20)))),1),(14,6)),12)));

STEP 26 [Heur. rSPR MP_RF -> NNI_Substep_23] - Distance: 112.0000
((5,(((((13,8),(4,10)),9),2),15)),((17,11),(((((3,7),(19,(16,(18,20)))),1),(14,6)),12)));

STEP 27 [Heur. rSPR MP_RF -> NNI_Substep_24] - Distance: 112.0000
(((5,((((13,8),(4,10)),9),2)),15),((17,11),(((((3,7),(19,(16,(18,20)))),1),(14,6)),12)));

STEP 28 [Heur. rSPR MP_RF -> NNI_Substep_25] - Distance: 107.0000
((5,((((13,8),(4,10)),9),2)),((17,11),((((((3,7),(19,(16,(18,20)))),1),(14,6)),12),15)));

STEP 29 [Heur. rSPR MP_RF -> NNI_Substep_26] - Distance: 107.0000
((5,((((13,8),(4,10)),9),2)),((17,11),((((((3,7),(19,(16,(18,20)))),1),(14,6)),15),12)));

STEP 30 [Heur. rSPR MP_RF -> NNI_Substep_27] - Distance: 105.0000
((5,((((13,8),(4,10)),9),2)),((17,11),((((((3,7),(19,(16,(18,20)))),1),15),(14,6)),12)));

STEP 31 [Heur. rSPR MP_RF -> NNI_Substep_28] - Distance: 104.0000
((5,((((13,8),(4,10)),9),2)),((17,11),((((((3,7),(19,(16,(18,20)))),15),1),(14,6)),12)));

STEP 32 [Heur. rSPR MP_RF -> NNI_Substep_29] - Distance: 103.0000
((5,((((13,8),(4,10)),9),2)),((17,11),((((((3,7),15),(19,(16,(18,20)))),1),(14,6)),12)));

STEP 33 [Heur. rSPR MP_RF -> NNI_Substep_30] - Distance: 103.0000
((5,((((13,8),(4,10)),9),2)),((17,11),((((((3,15),7),(19,(16,(18,20)))),1),(14,6)),12)));

STEP 34 [Heur. rSPR MP_RF -> NNI_Substep_31] - Distance: 103.0000
((5,((((13,8),(4,10)),9),2)),((17,11),((((((3,15),(19,(16,(18,20)))),7),1),(14,6)),12)));

STEP 35 [Heur. rSPR MP_RF -> NNI_Substep_32] - Distance: 103.0000
((5,((((13,8),(4,10)),9),2)),((17,11),((((((3,15),(19,(16,(18,20)))),1),7),(14,6)),12)));

STEP 36 [Heur. rSPR MP_RF -> NNI_Substep_33] - Distance: 105.0000
((5,((((13,8),(4,10)),9),2)),((17,11),((((((3,15),(19,(16,(18,20)))),1),(14,6)),7),12)));

STEP 37 [Heur. rSPR MP_RF -> NNI_Substep_34] - Distance: 105.0000
((5,((((13,8),(4,10)),9),2)),((17,11),((((((3,15),(19,(16,(18,20)))),1),(14,6)),12),7)));

STEP 38 [Heur. rSPR MP_RF -> NNI_Substep_35] - Distance: 105.0000
((5,((((13,8),(4,10)),9),2)),(((17,11),(((((3,15),(19,(16,(18,20)))),1),(14,6)),12)),7));

STEP 39 [Heur. rSPR MP_RF -> NNI_Substep_36] - Distance: 97.0000
((5,(((((13,8),(4,10)),9),2),7)),((17,11),(((((3,15),(19,(16,(18,20)))),1),(14,6)),12)));

STEP 40 [Heur. rSPR MP_RF -> NNI_Substep_37] - Distance: 96.0000
((5,((((13,8),(4,10)),9),(2,7))),((17,11),(((((3,15),(19,(16,(18,20)))),1),(14,6)),12)));

STEP 41 [Heur. rSPR MP_RF -> NNI_Substep_38] - Distance: 91.0000
(((((13,8),(4,10)),9),(2,7)),((17,11),((((((3,15),(19,(16,(18,20)))),1),(14,6)),12),5)));

STEP 42 [Heur. rSPR MP_RF -> NNI_Substep_39] - Distance: 88.0000
(((((13,8),(4,10)),9),(2,7)),((17,11),(((((3,15),(19,(16,(18,20)))),1),(14,6)),(12,5))));

STEP 43 [Heur. rSPR MP_RF -> NNI_Substep_40] - Distance: 83.0000
(((((13,8),(4,10)),9),(2,7)),((17,11),((((((3,15),19),(16,(18,20))),1),(14,6)),(12,5))));

STEP 44 [Heur. rSPR MP_RF -> NNI_Substep_41] - Distance: 80.0000
(((((13,8),(4,10)),9),(2,7)),((17,11),((((((3,15),19),1),(16,(18,20))),(14,6)),(12,5))));

STEP 45 [Heur. rSPR MP_RF -> NNI_Substep_42] - Distance: 86.0000
(((((13,8),(4,10)),9),(2,7)),((17,11),((((((3,15),19),1),(14,6)),(16,(18,20))),(12,5))));

STEP 46 [Heur. rSPR MP_RF -> NNI_Substep_43] - Distance: 90.0000
(((((13,8),(4,10)),9),(2,7)),((17,11),((((((3,15),19),1),(14,6)),(12,5)),(16,(18,20)))));

STEP 47 [Heur. rSPR MP_RF -> NNI_Substep_44] - Distance: 78.0000
(((((13,8),(4,10)),9),(2,7)),((17,11),(((((3,15),19),1),(14,6)),((12,5),(16,(18,20))))));

STEP 48 [Heur. rSPR MP_RF -> NNI_Substep_45] - Distance: 77.0000
(((((13,8),(4,10)),9),(2,7)),((17,(((((3,15),19),1),(14,6)),((12,5),(16,(18,20))))),11));

STEP 49 [Heur. rSPR MP_RF -> NNI_Substep_46] - Distance: 77.0000
(((((13,8),(4,10)),9),(2,7)),(17,((((((3,15),19),1),(14,6)),((12,5),(16,(18,20)))),11)));

STEP 50 [Heur. rSPR MP_RF -> NNI_Substep_47] - Distance: 72.0000
(((((13,8),(4,10)),9),(2,7)),(17,((((((3,15),19),1),(14,6)),11),((12,5),(16,(18,20))))));

STEP 51 [Heur. rSPR MP_RF -> NNI_Substep_48] - Distance: 70.0000
(((((13,8),(4,10)),9),(2,7)),(17,((((((3,15),19),1),11),(14,6)),((12,5),(16,(18,20))))));

STEP 52 [Heur. rSPR MP_RF -> NNI_Substep_49] - Distance: 69.0000
(((((13,8),(4,10)),9),(2,7)),(17,((((((3,15),19),11),1),(14,6)),((12,5),(16,(18,20))))));

STEP 53 [Heur. rSPR MP_RF -> NNI_Substep_50] - Distance: 67.0000
(((((13,8),(4,10)),9),(2,7)),(17,(((((3,15),(19,11)),1),(14,6)),((12,5),(16,(18,20))))));

STEP 54 [Heur. rSPR MP_RF -> NNI_Substep_51] - Distance: 67.0000
((((((13,8),10),4),9),(2,7)),(17,(((((3,15),(19,11)),1),(14,6)),((12,5),(16,(18,20))))));

STEP 55 [Heur. rSPR MP_RF -> NNI_Substep_52] - Distance: 67.0000
((((((13,8),10),9),4),(2,7)),(17,(((((3,15),(19,11)),1),(14,6)),((12,5),(16,(18,20))))));

STEP 56 [Heur. rSPR MP_RF -> NNI_Substep_53] - Distance: 67.0000
((((((13,8),10),9),(2,7)),4),(17,(((((3,15),(19,11)),1),(14,6)),((12,5),(16,(18,20))))));

STEP 57 [Heur. rSPR MP_RF -> NNI_Substep_54] - Distance: 57.0000
(((((13,8),10),9),(2,7)),((17,4),(((((3,15),(19,11)),1),(14,6)),((12,5),(16,(18,20))))));

STEP 58 [Heur. rSPR MP_RF -> NNI_Substep_55] - Distance: 57.0000
(((((13,8),10),(2,7)),9),((17,4),(((((3,15),(19,11)),1),(14,6)),((12,5),(16,(18,20))))));

STEP 59 [Heur. rSPR MP_RF -> NNI_Substep_56] - Distance: 45.0000
((((13,8),10),(2,7)),(((17,4),9),(((((3,15),(19,11)),1),(14,6)),((12,5),(16,(18,20))))));

STEP 60 [Heur. rSPR MP_RF -> NNI_Substep_57] - Distance: 35.0000
((((13,8),10),(2,7)),(((17,4),9),(((((3,15),(19,11)),1),((12,5),(16,(18,20)))),(14,6))));

STEP 61 [Heur. rSPR MP_RF -> NNI_Substep_58] - Distance: 29.0000
((((13,8),10),(2,7)),((((17,4),9),((((3,15),(19,11)),1),((12,5),(16,(18,20))))),(14,6)));

STEP 62 [Heur. rSPR MP_RF -> NNI_Substep_59] - Distance: 4.0000
(((((13,8),10),(2,7)),((((17,4),9),((12,5),(16,(18,20)))),(((3,15),(19,11)),1))),(14,6));

STEP 63 [Heur. rSPR MP_RF -> NNI_Substep_60] - Distance: 0.0000
((((10,(2,7)),(13,8)),((((17,4),9),((12,5),(16,(18,20)))),(((3,15),(19,11)),1))),(14,6));

========================================================
[FINAL] Total Steps: 63 | Final Distance: 0.0000
========================================================
