========================================================
HEURISTIC TRAJECTORY: VND Classic (MC)
========================================================
STEP 0 [START] - Distance: 89.0000
(((5,((20,(3,(7,(12,2)))),(13,(6,(15,(14,(8,4))))))),((16,(9,(19,10))),(11,17))),(1,18));

STEP 1 [NNI_ClassicHeuristic_MC -> NNI_Substep_1] - Distance: 86.0000
(((5,((20,(3,(7,(12,2)))),((15,(14,(8,4))),(6,13)))),((16,(9,(19,10))),(11,17))),(1,18));

STEP 2 [NNI_ClassicHeuristic_MC -> NNI_Substep_2] - Distance: 83.0000
(((5,((20,(3,(7,(12,2)))),((15,(6,13)),(14,(8,4))))),((16,(9,(19,10))),(11,17))),(1,18));

STEP 3 [NNI_ClassicHeuristic_MC -> NNI_Substep_3] - Distance: 80.0000
(((((15,(6,13)),(14,(8,4))),((20,(3,(7,(12,2)))),5)),((16,(9,(19,10))),(11,17))),(1,18));

STEP 4 [NNI_ClassicHeuristic_MC -> NNI_Substep_4] - Distance: 78.0000
(((((16,(9,(19,10))),(11,17)),((20,(3,(7,(12,2)))),5)),((15,(6,13)),(14,(8,4)))),(1,18));

STEP 5 [NNI_ClassicHeuristic_MC -> NNI_Substep_5] - Distance: 76.0000
((((((20,(3,(7,(12,2)))),5),(11,17)),(16,(9,(19,10)))),((15,(6,13)),(14,(8,4)))),(1,18));

STEP 6 [NNI_ClassicHeuristic_MC -> NNI_Substep_6] - Distance: 74.0000
(((((15,(6,13)),(14,(8,4))),(16,(9,(19,10)))),(((20,(3,(7,(12,2)))),5),(11,17))),(1,18));

STEP 7 [NNI_ClassicHeuristic_MC -> NNI_Substep_7] - Distance: 69.0000
(((1,18),(((20,((12,2),(7,3))),5),(11,17))),(((15,(6,13)),(14,(8,4))),(16,(9,(19,10)))));

STEP 8 [NNI_ClassicHeuristic_MC -> NNI_Substep_8] - Distance: 68.0000
(((1,18),((((7,3),((12,2),20)),5),(11,17))),(((15,(6,13)),(14,(8,4))),(16,(9,(19,10)))));

STEP 9 [NNI_ClassicHeuristic_MC -> NNI_Substep_9] - Distance: 66.0000
(((1,18),((((7,3),((20,2),12)),5),(11,17))),(((15,(6,13)),(14,(8,4))),(16,(9,(19,10)))));

STEP 10 [NNI_ClassicHeuristic_MC -> NNI_Substep_10] - Distance: 65.0000
(((1,18),(((11,17),5),((7,3),((20,2),12)))),(((15,(6,13)),(14,(8,4))),(16,(9,(19,10)))));

STEP 11 [NNI_ClassicHeuristic_MC -> NNI_Substep_11] - Distance: 63.0000
(((1,18),(((11,17),5),((7,3),((20,2),12)))),(((15,(6,13)),(14,(8,4))),(9,(16,(19,10)))));

STEP 12 [NNI_ClassicHeuristic_MC -> NNI_Substep_12] - Distance: 62.0000
(((1,18),(((11,17),5),((7,3),((20,2),12)))),(((15,(6,13)),(9,(16,(19,10)))),(14,(8,4))));

STEP 13 [2sECR_ClassicHeuristic_MC -> NNI_Substep_1] - Distance: 64.0000
(((1,18),(5,(((7,3),((20,2),12)),(11,17)))),(((15,(6,13)),(9,(16,(19,10)))),(14,(8,4))));

STEP 14 [2sECR_ClassicHeuristic_MC -> NNI_Substep_2] - Distance: 59.0000
((((1,18),5),(((7,3),((20,2),12)),(11,17))),(((15,(6,13)),(9,(16,(19,10)))),(14,(8,4))));

STEP 15 [2sECR_ClassicHeuristic_MC -> NNI_Substep_3] - Distance: 62.0000
(((1,18),5),(((15,(6,13)),(9,(16,(19,10)))),((((7,3),((20,2),12)),(11,17)),(14,(8,4)))));

STEP 16 [2sECR_ClassicHeuristic_MC -> NNI_Substep_4] - Distance: 57.0000
((((1,18),5),(9,((15,(6,13)),(16,(19,10))))),((((7,3),((20,2),12)),(11,17)),(14,(8,4))));

STEP 17 [2sECR_ClassicHeuristic_MC -> NNI_Substep_5] - Distance: 52.0000
(((((1,18),5),9),((15,(6,13)),(16,(19,10)))),((((7,3),((20,2),12)),(11,17)),(14,(8,4))));

STEP 18 [2sECR_ClassicHeuristic_MC -> NNI_Substep_6] - Distance: 51.0000
(((((1,18),5),9),((15,(6,13)),(16,(19,10)))),((8,4),(14,(((7,3),((20,2),12)),(11,17)))));

STEP 19 [2sECR_ClassicHeuristic_MC -> NNI_Substep_7] - Distance: 49.0000
(((((1,18),5),9),((15,(6,13)),(16,(19,10)))),((8,4),(((7,3),((20,2),12)),((11,17),14))));

STEP 20 [2sECR_ClassicHeuristic_MC -> NNI_Substep_8] - Distance: 48.0000
(((((1,18),5),9),((15,(6,13)),(16,(19,10)))),((8,4),((((11,17),14),((20,2),12)),(7,3))));

STEP 21 [2sECR_ClassicHeuristic_MC -> NNI_Substep_9] - Distance: 46.0000
(((((1,18),5),9),((15,(6,13)),(16,(19,10)))),((8,4),((12,(((11,17),14),(20,2))),(7,3))));

STEP 22 [2sECR_ClassicHeuristic_MC -> NNI_Substep_10] - Distance: 49.0000
(((((1,18),5),9),((15,(6,13)),(16,(19,10)))),((8,4),(7,(3,(12,(((11,17),14),(20,2)))))));

STEP 23 [2sECR_ClassicHeuristic_MC -> NNI_Substep_11] - Distance: 43.0000
(((((1,18),5),9),((15,(6,13)),(16,(19,10)))),((8,4),(7,((((11,17),14),(20,2)),(12,3)))));

STEP 24 [2sECR_ClassicHeuristic_MC -> NNI_Substep_12] - Distance: 41.0000
(((((1,18),5),9),((15,(6,13)),(19,(16,10)))),((8,4),(7,((((11,17),14),(20,2)),(12,3)))));

STEP 25 [2sECR_ClassicHeuristic_MC -> NNI_Substep_13] - Distance: 39.0000
(((((1,18),5),9),((15,(6,13)),(19,(16,10)))),((8,4),(7,(((11,(14,17)),(20,2)),(12,3)))));

STEP 26 [2sECR_ClassicHeuristic_MC -> NNI_Substep_14] - Distance: 44.0000
(((((1,18),5),9),((15,(6,13)),(19,(16,10)))),(8,(4,(7,(((11,(14,17)),(20,2)),(12,3))))));

STEP 27 [2sECR_ClassicHeuristic_MC -> NNI_Substep_15] - Distance: 38.0000
(((((1,18),5),9),((15,(6,13)),(19,(16,10)))),(8,((((11,(14,17)),(20,2)),(12,3)),(4,7))));

STEP 28 [2sECR_ClassicHeuristic_MC -> NNI_Substep_16] - Distance: 37.0000
(((((1,18),5),9),((15,(6,13)),(19,(16,10)))),((8,(((11,(14,17)),(20,2)),(12,3))),(4,7)));

STEP 29 [2sECR_ClassicHeuristic_MC -> NNI_Substep_17] - Distance: 37.0000
((((1,(5,18)),9),((15,(6,13)),(19,(16,10)))),((8,(((11,(14,17)),(20,2)),(12,3))),(4,7)));

STEP 30 [2sECR_ClassicHeuristic_MC -> NNI_Substep_18] - Distance: 36.0000
((((5,18),(9,1)),((15,(6,13)),(19,(16,10)))),((8,(((11,(14,17)),(20,2)),(12,3))),(4,7)));

STEP 31 [3sECR_ClassicHeuristic_MC -> NNI_Substep_1] - Distance: 51.0000
(((5,18),(9,1)),((15,(6,13)),((19,(16,10)),((8,(((11,(14,17)),(20,2)),(12,3))),(4,7)))));

STEP 32 [3sECR_ClassicHeuristic_MC -> NNI_Substep_2] - Distance: 50.0000
(((5,18),(9,1)),((15,(6,13)),(((19,(16,10)),(8,(((11,(14,17)),(20,2)),(12,3)))),(4,7))));

STEP 33 [3sECR_ClassicHeuristic_MC -> NNI_Substep_3] - Distance: 42.0000
(((5,18),(9,1)),(((15,(6,13)),(4,7)),((19,(16,10)),(8,(((11,(14,17)),(20,2)),(12,3))))));

STEP 34 [3sECR_ClassicHeuristic_MC -> NNI_Substep_4] - Distance: 40.0000
((((5,18),(9,1)),((15,(6,13)),(4,7))),(19,((16,10),(8,(((11,(14,17)),(20,2)),(12,3))))));

STEP 35 [3sECR_ClassicHeuristic_MC -> NNI_Substep_5] - Distance: 35.0000
((((5,18),(9,1)),((15,(6,13)),(4,7))),(19,(((16,10),8),(((11,(14,17)),(20,2)),(12,3)))));

STEP 36 [3sECR_ClassicHeuristic_MC -> NNI_Substep_6] - Distance: 31.0000
((((5,18),(9,1)),((15,(6,13)),(4,7))),((19,(((11,(14,17)),(20,2)),(12,3))),((16,10),8)));

STEP 37 [3sECR_ClassicHeuristic_MC -> NNI_Substep_7] - Distance: 35.0000
((((5,18),(9,1)),((15,(6,13)),(4,7))),((19,((12,3),(((20,2),11),(14,17)))),((16,10),8)));

STEP 38 [3sECR_ClassicHeuristic_MC -> NNI_Substep_8] - Distance: 36.0000
((((5,18),(9,1)),((15,(6,13)),(4,7))),(((19,(((20,2),11),(14,17))),(12,3)),((16,10),8)));

STEP 39 [3sECR_ClassicHeuristic_MC -> NNI_Substep_9] - Distance: 32.0000
((((5,18),(9,1)),((15,(6,13)),(4,7))),((((19,(14,17)),((20,2),11)),(12,3)),((16,10),8)));

STEP 40 [3sECR_ClassicHeuristic_MC -> NNI_Substep_10] - Distance: 28.0000
((((5,18),(9,1)),((15,(6,13)),(4,7))),(((((19,(14,17)),(20,2)),11),(12,3)),((16,10),8)));

STEP 41 [3sECR_ClassicHeuristic_MC -> NNI_Substep_11] - Distance: 25.0000
((((5,18),(9,1)),((15,(6,13)),(4,7))),(((((19,(14,17)),(20,2)),(12,3)),11),((16,10),8)));

STEP 42 [3sECR_ClassicHeuristic_MC -> NNI_Substep_12] - Distance: 31.0000
((((5,18),(9,1)),((15,(6,13)),(4,7))),((((((19,(14,17)),(20,2)),(12,3)),11),8),(16,10)));

STEP 43 [3sECR_ClassicHeuristic_MC -> NNI_Substep_13] - Distance: 23.0000
((((5,18),(9,1)),(((15,(6,13)),(4,7)),(16,10))),(((((19,(14,17)),(20,2)),(12,3)),11),8));

STEP 44 [3sECR_ClassicHeuristic_MC -> NNI_Substep_14] - Distance: 18.0000
((((5,18),(9,1)),((15,(6,13)),((4,7),(16,10)))),(((((19,(14,17)),(20,2)),(12,3)),11),8));

STEP 45 [3sECR_ClassicHeuristic_MC -> NNI_Substep_15] - Distance: 15.0000
((((5,18),(9,1)),((15,(6,13)),(4,(7,(16,10))))),(((((19,(14,17)),(20,2)),(12,3)),11),8));

STEP 46 [3sECR_ClassicHeuristic_MC -> NNI_Substep_16] - Distance: 15.0000
((((5,18),(9,1)),((4,(7,(16,10))),((15,13),6))),(((((19,(14,17)),(20,2)),(12,3)),11),8));

STEP 47 [3sECR_ClassicHeuristic_MC -> NNI_Substep_17] - Distance: 18.0000
((((5,18),(9,1)),(((4,(7,(16,10))),(15,13)),6)),(((((19,(14,17)),(20,2)),(12,3)),11),8));

STEP 48 [3sECR_ClassicHeuristic_MC -> NNI_Substep_18] - Distance: 14.0000
(((((5,18),(9,1)),6),((4,(7,(16,10))),(15,13))),(((((19,(14,17)),(20,2)),(12,3)),11),8));

STEP 49 [3sECR_ClassicHeuristic_MC -> NNI_Substep_19] - Distance: 11.0000
((((6,(9,1)),(5,18)),((4,(7,(16,10))),(15,13))),(((((19,(14,17)),(20,2)),(12,3)),11),8));

STEP 50 [SPR_ClassicHeuristic_MC -> NNI_Substep_1] - Distance: 11.0000
(((((6,9),1),(5,18)),((4,(7,(16,10))),(15,13))),(((((19,(14,17)),(20,2)),(12,3)),11),8));

STEP 51 [SPR_ClassicHeuristic_MC -> NNI_Substep_2] - Distance: 12.0000
(((((6,9),(5,18)),1),((4,(7,(16,10))),(15,13))),(((((19,(14,17)),(20,2)),(12,3)),11),8));

STEP 52 [SPR_ClassicHeuristic_MC -> NNI_Substep_3] - Distance: 17.0000
(((((6,9),(5,18)),((4,(7,(16,10))),(15,13))),1),(((((19,(14,17)),(20,2)),(12,3)),11),8));

STEP 53 [SPR_ClassicHeuristic_MC -> NNI_Substep_4] - Distance: 10.0000
((((6,9),(5,18)),((4,(7,(16,10))),(15,13))),((((((19,(14,17)),(20,2)),(12,3)),11),1),8));

STEP 54 [SPR_ClassicHeuristic_MC -> NNI_Substep_5] - Distance: 8.0000
((((6,9),(5,18)),((4,(7,(16,10))),(15,13))),((((((19,(14,17)),(20,2)),(12,3)),1),11),8));

STEP 55 [SPR_ClassicHeuristic_MC -> NNI_Substep_6] - Distance: 5.0000
((((6,9),(5,18)),((4,(7,(16,10))),(15,13))),((((((19,(14,17)),(20,2)),1),(12,3)),11),8));

STEP 56 [SPR_ClassicHeuristic_MC -> NNI_Substep_7] - Distance: 2.0000
((((6,9),(5,18)),((4,(7,(16,10))),(15,13))),((((((19,(14,17)),1),(20,2)),(12,3)),11),8));

STEP 57 [SPR_ClassicHeuristic_MC -> NNI_Substep_8] - Distance: 0.0000
((((6,9),(5,18)),((4,(7,(16,10))),(15,13))),(((((19,((14,17),1)),(20,2)),(12,3)),11),8));

========================================================
[FINAL] Total Steps: 57 | Final Distance: 0.0000
========================================================
