========================================================
HEURISTIC TRAJECTORY: VND Classic (MC_RF)
========================================================
STEP 0 [START] - Distance: 82.0000
(((11,(((1,(9,(7,(5,4)))),(10,(19,2))),(17,3))),(12,6)),(8,((18,(20,(16,15))),(14,13))));

STEP 1 [NNI_ClassicHeuristic_MC_RF -> NNI_Substep_1] - Distance: 76.0000
(((11,(12,6)),(((1,(9,(7,(5,4)))),(10,(19,2))),(17,3))),(8,((18,(20,(16,15))),(14,13))));

STEP 2 [NNI_ClassicHeuristic_MC_RF -> NNI_Substep_2] - Distance: 69.0000
((((1,(9,(7,(5,4)))),(10,(19,2))),((11,(12,6)),(17,3))),(8,((18,(20,(16,15))),(14,13))));

STEP 3 [NNI_ClassicHeuristic_MC_RF -> NNI_Substep_3] - Distance: 67.0000
(((((7,(5,4)),(9,1)),(10,(19,2))),((11,(12,6)),(17,3))),(8,((18,(20,(16,15))),(14,13))));

STEP 4 [NNI_ClassicHeuristic_MC_RF -> NNI_Substep_4] - Distance: 66.0000
(((((7,(5,4)),(9,1)),(10,(19,2))),((11,(12,6)),(17,3))),(8,(((16,15),(20,18)),(14,13))));

STEP 5 [NNI_ClassicHeuristic_MC_RF -> NNI_Substep_5] - Distance: 65.0000
(((((7,(5,4)),(9,1)),(10,(19,2))),((11,(12,6)),(17,3))),(((16,15),(20,18)),(8,(14,13))));

STEP 6 [NNI_ClassicHeuristic_MC_RF -> NNI_Substep_6] - Distance: 64.0000
((((((9,1),(5,4)),7),(10,(19,2))),((11,(12,6)),(17,3))),(((16,15),(20,18)),(8,(14,13))));

STEP 7 [NNI_ClassicHeuristic_MC_RF -> NNI_Substep_7] - Distance: 63.0000
(((((10,(19,2)),7),((9,1),(5,4))),((11,(12,6)),(17,3))),(((16,15),(20,18)),(8,(14,13))));

STEP 8 [NNI_ClassicHeuristic_MC_RF -> NNI_Substep_8] - Distance: 61.0000
(((((7,(19,2)),10),((9,1),(5,4))),((11,(12,6)),(17,3))),(((16,15),(20,18)),(8,(14,13))));

STEP 9 [NNI_ClassicHeuristic_MC_RF -> NNI_Substep_9] - Distance: 59.0000
(((((2,(19,7)),10),((9,1),(5,4))),((11,(12,6)),(17,3))),(((16,15),(20,18)),(8,(14,13))));

STEP 10 [NNI_ClassicHeuristic_MC_RF -> NNI_Substep_10] - Distance: 58.0000
(((((2,(19,7)),10),(((5,4),1),9)),((11,(12,6)),(17,3))),(((16,15),(20,18)),(8,(14,13))));

STEP 11 [SPR_ClassicHeuristic_MC_RF -> NNI_Substep_1] - Distance: 58.0000
(((((2,(19,7)),10),(((5,4),1),9)),(((11,12),6),(17,3))),(((16,15),(20,18)),(8,(14,13))));

STEP 12 [SPR_ClassicHeuristic_MC_RF -> NNI_Substep_2] - Distance: 59.0000
(((((2,(19,7)),10),(((5,4),1),9)),(((11,12),(17,3)),6)),(((16,15),(20,18)),(8,(14,13))));

STEP 13 [SPR_ClassicHeuristic_MC_RF -> NNI_Substep_3] - Distance: 64.0000
((((((2,(19,7)),10),(((5,4),1),9)),((11,12),(17,3))),6),(((16,15),(20,18)),(8,(14,13))));

STEP 14 [SPR_ClassicHeuristic_MC_RF -> NNI_Substep_4] - Distance: 61.0000
((((((2,(19,7)),10),(((5,4),1),9)),6),((11,12),(17,3))),(((16,15),(20,18)),(8,(14,13))));

STEP 15 [SPR_ClassicHeuristic_MC_RF -> NNI_Substep_5] - Distance: 56.0000
((((((2,(19,7)),10),6),(((5,4),1),9)),((11,12),(17,3))),(((16,15),(20,18)),(8,(14,13))));

STEP 16 [SPR_ClassicHeuristic_MC_RF -> NNI_Substep_6] - Distance: 54.0000
((((((2,(19,7)),6),10),(((5,4),1),9)),((11,12),(17,3))),(((16,15),(20,18)),(8,(14,13))));

STEP 17 [SPR_ClassicHeuristic_MC_RF -> NNI_Substep_7] - Distance: 52.0000
(((((2,((19,7),6)),10),(((5,4),1),9)),((11,12),(17,3))),(((16,15),(20,18)),(8,(14,13))));

STEP 18 [SPR_ClassicHeuristic_MC_RF -> NNI_Substep_8] - Distance: 50.0000
(((((2,(19,(7,6))),10),(((5,4),1),9)),((11,12),(17,3))),(((16,15),(20,18)),(8,(14,13))));

STEP 19 [SPR_ClassicHeuristic_MC_RF -> NNI_Substep_9] - Distance: 50.0000
(((((2,(19,(7,6))),10),(((5,1),4),9)),((11,12),(17,3))),(((16,15),(20,18)),(8,(14,13))));

STEP 20 [SPR_ClassicHeuristic_MC_RF -> NNI_Substep_10] - Distance: 50.0000
(((((2,(19,(7,6))),10),(((5,1),9),4)),((11,12),(17,3))),(((16,15),(20,18)),(8,(14,13))));

STEP 21 [SPR_ClassicHeuristic_MC_RF -> NNI_Substep_11] - Distance: 54.0000
((((((2,(19,(7,6))),10),((5,1),9)),4),((11,12),(17,3))),(((16,15),(20,18)),(8,(14,13))));

STEP 22 [SPR_ClassicHeuristic_MC_RF -> NNI_Substep_12] - Distance: 55.0000
((((((2,(19,(7,6))),10),((5,1),9)),((11,12),(17,3))),4),(((16,15),(20,18)),(8,(14,13))));

STEP 23 [SPR_ClassicHeuristic_MC_RF -> NNI_Substep_13] - Distance: 48.0000
(((((2,(19,(7,6))),10),((5,1),9)),(((11,12),(17,3)),4)),(((16,15),(20,18)),(8,(14,13))));

STEP 24 [SPR_ClassicHeuristic_MC_RF -> NNI_Substep_14] - Distance: 45.0000
(((((2,(19,(7,6))),10),((5,1),9)),((11,12),((17,3),4))),(((16,15),(20,18)),(8,(14,13))));

STEP 25 [SPR_ClassicHeuristic_MC_RF -> NNI_Substep_15] - Distance: 45.0000
(((((2,(19,(7,6))),10),((5,1),9)),((11,12),(17,(3,4)))),(((16,15),(20,18)),(8,(14,13))));

STEP 26 [SPR_ClassicHeuristic_MC_RF -> NNI_Substep_16] - Distance: 46.0000
(((((2,(19,(7,6))),10),((5,1),9)),(((11,12),(3,4)),17)),(((16,15),(20,18)),(8,(14,13))));

STEP 27 [SPR_ClassicHeuristic_MC_RF -> NNI_Substep_17] - Distance: 53.0000
((((((2,(19,(7,6))),10),((5,1),9)),((11,12),(3,4))),17),(((16,15),(20,18)),(8,(14,13))));

STEP 28 [SPR_ClassicHeuristic_MC_RF -> NNI_Substep_18] - Distance: 48.0000
((((((2,(19,(7,6))),10),((5,1),9)),17),((11,12),(3,4))),(((16,15),(20,18)),(8,(14,13))));

STEP 29 [SPR_ClassicHeuristic_MC_RF -> NNI_Substep_19] - Distance: 44.0000
(((((2,(19,(7,6))),10),(((5,1),9),17)),((11,12),(3,4))),(((16,15),(20,18)),(8,(14,13))));

STEP 30 [SPR_ClassicHeuristic_MC_RF -> NNI_Substep_20] - Distance: 43.0000
(((((2,(19,(7,6))),10),((5,1),(9,17))),((11,12),(3,4))),(((16,15),(20,18)),(8,(14,13))));

STEP 31 [SPR_ClassicHeuristic_MC_RF -> NNI_Substep_21] - Distance: 46.0000
(((((2,(19,(7,6))),10),((5,1),(9,17))),((11,12),(3,4))),((((16,15),20),18),(8,(14,13))));

STEP 32 [SPR_ClassicHeuristic_MC_RF -> NNI_Substep_22] - Distance: 48.0000
(((((2,(19,(7,6))),10),((5,1),(9,17))),((11,12),(3,4))),((((16,15),20),(8,(14,13))),18));

STEP 33 [SPR_ClassicHeuristic_MC_RF -> NNI_Substep_23] - Distance: 46.0000
((((((2,(19,(7,6))),10),((5,1),(9,17))),18),((11,12),(3,4))),(((16,15),20),(8,(14,13))));

STEP 34 [SPR_ClassicHeuristic_MC_RF -> NNI_Substep_24] - Distance: 42.0000
(((((2,(19,(7,6))),10),(((5,1),(9,17)),18)),((11,12),(3,4))),(((16,15),20),(8,(14,13))));

STEP 35 [SPR_ClassicHeuristic_MC_RF -> NNI_Substep_25] - Distance: 41.0000
(((((2,(19,(7,6))),10),((5,1),((9,17),18))),((11,12),(3,4))),(((16,15),20),(8,(14,13))));

STEP 36 [SPR_ClassicHeuristic_MC_RF -> NNI_Substep_26] - Distance: 39.0000
(((((2,(19,(7,6))),10),((5,1),((9,18),17))),((11,12),(3,4))),(((16,15),20),(8,(14,13))));

STEP 37 [SPR_ClassicHeuristic_MC_RF -> NNI_Substep_27] - Distance: 39.0000
(((((2,(19,(7,6))),10),((5,1),((9,18),17))),((11,12),(3,4))),(((15,20),16),(8,(14,13))));

STEP 38 [SPR_ClassicHeuristic_MC_RF -> NNI_Substep_28] - Distance: 41.0000
(((((2,(19,(7,6))),10),((5,1),((9,18),17))),((11,12),(3,4))),(((15,20),(8,(14,13))),16));

STEP 39 [SPR_ClassicHeuristic_MC_RF -> NNI_Substep_29] - Distance: 41.0000
((((((2,(19,(7,6))),10),((5,1),((9,18),17))),16),((11,12),(3,4))),((15,20),(8,(14,13))));

STEP 40 [SPR_ClassicHeuristic_MC_RF -> NNI_Substep_30] - Distance: 37.0000
((((((2,(19,(7,6))),10),16),((5,1),((9,18),17))),((11,12),(3,4))),((15,20),(8,(14,13))));

STEP 41 [SPR_ClassicHeuristic_MC_RF -> NNI_Substep_31] - Distance: 34.0000
(((((2,(19,(7,6))),(10,16)),((5,1),((9,18),17))),((11,12),(3,4))),((15,20),(8,(14,13))));

STEP 42 [SPR_ClassicHeuristic_MC_RF -> NNI_Substep_32] - Distance: 34.0000
(((((2,(19,(7,6))),(10,16)),((5,1),((9,18),17))),((11,12),(3,4))),((20,(8,(14,13))),15));

STEP 43 [SPR_ClassicHeuristic_MC_RF -> NNI_Substep_33] - Distance: 34.0000
(((((2,(19,(7,6))),(10,16)),((5,1),((9,18),17))),((11,12),(3,4))),(20,((8,(14,13)),15)));

STEP 44 [SPR_ClassicHeuristic_MC_RF -> NNI_Substep_34] - Distance: 32.0000
(((((2,(19,(7,6))),(10,16)),((5,1),((9,18),17))),((11,12),(3,4))),(20,(8,((14,13),15))));

STEP 45 [SPR_ClassicHeuristic_MC_RF -> NNI_Substep_35] - Distance: 32.0000
(((((2,(19,(7,6))),(10,16)),((5,1),((9,18),17))),((11,12),(3,4))),(20,(8,(14,(13,15)))));

STEP 46 [SPR_ClassicHeuristic_MC_RF -> NNI_Substep_36] - Distance: 32.0000
(((((2,(19,(7,6))),(10,16)),((5,1),((9,18),17))),((11,12),(3,4))),(20,((8,(13,15)),14)));

STEP 47 [SPR_ClassicHeuristic_MC_RF -> NNI_Substep_37] - Distance: 32.0000
(((((2,(19,(7,6))),(10,16)),((5,1),((9,18),17))),((11,12),(3,4))),((20,(8,(13,15))),14));

STEP 48 [SPR_ClassicHeuristic_MC_RF -> NNI_Substep_38] - Distance: 28.0000
(((((2,(19,(7,6))),(10,16)),((5,1),((9,18),17))),((11,12),(3,4))),((20,14),(8,(13,15))));

STEP 49 [SPR_ClassicHeuristic_MC_RF -> NNI_Substep_39] - Distance: 29.0000
(((((10,16),((5,1),((9,18),17))),(2,(19,(7,6)))),((11,12),(3,4))),((20,14),(8,(13,15))));

STEP 50 [SPR_ClassicHeuristic_MC_RF -> NNI_Substep_40] - Distance: 29.0000
(((((10,16),((5,1),((9,18),17))),((11,12),(3,4))),(2,(19,(7,6)))),((20,14),(8,(13,15))));

STEP 51 [SPR_ClassicHeuristic_MC_RF -> NNI_Substep_41] - Distance: 11.0000
((((10,16),((5,1),((9,18),17))),((11,12),(3,4))),((20,14),((8,(13,15)),(2,(19,(7,6))))));

STEP 52 [SPR_ClassicHeuristic_MC_RF -> NNI_Substep_42] - Distance: 11.0000
(((((10,16),((9,18),17)),(5,1)),((11,12),(3,4))),((20,14),((8,(13,15)),(2,(19,(7,6))))));

STEP 53 [SPR_ClassicHeuristic_MC_RF -> NNI_Substep_43] - Distance: 13.0000
(((((10,16),((9,18),17)),((11,12),(3,4))),(5,1)),((20,14),((8,(13,15)),(2,(19,(7,6))))));

STEP 54 [SPR_ClassicHeuristic_MC_RF -> NNI_Substep_44] - Distance: 0.0000
((((10,16),((9,18),17)),((11,12),(3,4))),(((20,14),(5,1)),((8,(13,15)),(2,(19,(7,6))))));

========================================================
[FINAL] Total Steps: 54 | Final Distance: 0.0000
========================================================
