========================================================
HEURISTIC TRAJECTORY: VND Classic (RF)
========================================================
STEP 0 [START] - Distance: 16.0000
(20,(3,(19,15)),(((((12,(8,(9,(11,17)))),(4,(1,16))),(5,18)),(7,(2,6))),(10,(14,13))));

STEP 1 [NNI_ClassicHeuristic_RF -> NNI_Substep_1] - Distance: 15.0000
(20,(3,(19,15)),(((((12,(8,(17,(11,9)))),(4,(1,16))),(5,18)),(7,(2,6))),(10,(14,13))));

STEP 2 [NNI_ClassicHeuristic_RF -> NNI_Substep_2] - Distance: 14.0000
(20,(3,(19,15)),(((((12,(17,(8,(11,9)))),(4,(1,16))),(5,18)),(7,(2,6))),(10,(14,13))));

STEP 3 [uSPR_ClassicHeuristic_RF -> NNI_Substep_1] - Distance: 14.0000
(20,(3,(19,15)),((((((12,(17,(8,(11,9)))),(4,(1,16))),(5,18)),(2,6)),7),(10,(14,13))));

STEP 4 [uSPR_ClassicHeuristic_RF -> NNI_Substep_2] - Distance: 14.0000
(20,(3,(19,15)),((((((12,(17,(8,(11,9)))),(4,(1,16))),(5,18)),(2,6)),(10,(14,13))),7));

STEP 5 [uSPR_ClassicHeuristic_RF -> NNI_Substep_3] - Distance: 14.0000
(20,(3,(19,15)),(((((12,(17,(8,(11,9)))),(4,(1,16))),(5,18)),(2,6)),((10,(14,13)),7)));

STEP 6 [uSPR_ClassicHeuristic_RF -> NNI_Substep_4] - Distance: 13.0000
(20,(3,(19,15)),(((((12,(17,(8,(11,9)))),(4,(1,16))),(5,18)),(2,6)),(10,((14,13),7))));

STEP 7 [uSPR_ClassicHeuristic_RF -> NNI_Substep_5] - Distance: 12.0000
(20,(3,(19,15)),(((((12,(17,(8,(11,9)))),(4,(1,16))),(5,18)),(2,6)),(10,(14,(13,7)))));

STEP 8 [uSPR_ClassicHeuristic_RF -> NNI_Substep_6] - Distance: 12.0000
(20,(3,(19,15)),(((((12,(17,(8,(11,9)))),(4,(1,16))),(2,6)),(5,18)),(10,(14,(13,7)))));

STEP 9 [uSPR_ClassicHeuristic_RF -> NNI_Substep_7] - Distance: 12.0000
(20,(3,(19,15)),(((((12,(17,(8,(11,9)))),(4,(1,16))),(2,6)),(10,(14,(13,7)))),(5,18)));

STEP 10 [uSPR_ClassicHeuristic_RF -> NNI_Substep_8] - Distance: 11.0000
((20,(5,18)),(3,(19,15)),((((12,(17,(8,(11,9)))),(4,(1,16))),(2,6)),(10,(14,(13,7)))));

STEP 11 [uSPR_ClassicHeuristic_RF -> NNI_Substep_9] - Distance: 11.0000
((20,(5,18)),(3,(19,15)),(((((12,(17,(8,(11,9)))),(4,(1,16))),(2,6)),10),(14,(13,7))));

STEP 12 [uSPR_ClassicHeuristic_RF -> NNI_Substep_10] - Distance: 11.0000
((20,(5,18)),((3,(19,15)),(14,(13,7))),((((12,(17,(8,(11,9)))),(4,(1,16))),(2,6)),10));

STEP 13 [uSPR_ClassicHeuristic_RF -> NNI_Substep_11] - Distance: 10.0000
((20,(5,18)),((3,(14,(13,7))),(19,15)),((((12,(17,(8,(11,9)))),(4,(1,16))),(2,6)),10));

STEP 14 [uSPR_ClassicHeuristic_RF -> NNI_Substep_12] - Distance: 10.0000
((20,(5,18)),((3,(14,(13,7))),(19,15)),(((((17,(8,(11,9))),(4,(1,16))),12),(2,6)),10));

STEP 15 [uSPR_ClassicHeuristic_RF -> NNI_Substep_13] - Distance: 10.0000
((20,(5,18)),((3,(14,(13,7))),(19,15)),(((((17,(8,(11,9))),(4,(1,16))),(2,6)),12),10));

STEP 16 [uSPR_ClassicHeuristic_RF -> NNI_Substep_14] - Distance: 10.0000
((20,(5,18)),((3,(14,(13,7))),(19,15)),(((((17,(8,(11,9))),(4,(1,16))),(2,6)),10),12));

STEP 17 [uSPR_ClassicHeuristic_RF -> NNI_Substep_15] - Distance: 9.0000
((20,(5,18)),((3,(14,(13,7))),(19,15)),((((17,(8,(11,9))),(4,(1,16))),(2,6)),(10,12)));

STEP 18 [uSPR_ClassicHeuristic_RF -> NNI_Substep_16] - Distance: 9.0000
((20,(5,18)),(((3,(14,(13,7))),(19,15)),(10,12)),(((17,(8,(11,9))),(4,(1,16))),(2,6)));

STEP 19 [uSPR_ClassicHeuristic_RF -> NNI_Substep_17] - Distance: 9.0000
((20,(5,18)),((3,(14,(13,7))),((19,15),(10,12))),(((17,(8,(11,9))),(4,(1,16))),(2,6)));

STEP 20 [uSPR_ClassicHeuristic_RF -> NNI_Substep_18] - Distance: 8.0000
((20,(5,18)),((3,(14,(13,7))),(19,(15,(10,12)))),(((17,(8,(11,9))),(4,(1,16))),(2,6)));

STEP 21 [uSPR_ClassicHeuristic_RF -> NNI_Substep_19] - Distance: 8.0000
((3,(14,(13,7))),((19,(15,(10,12))),(20,(5,18))),(((17,(8,(11,9))),(4,(1,16))),(2,6)));

STEP 22 [uSPR_ClassicHeuristic_RF -> NNI_Substep_20] - Distance: 7.0000
((3,(14,(13,7))),(19,((15,(10,12)),(20,(5,18)))),(((17,(8,(11,9))),(4,(1,16))),(2,6)));

STEP 23 [uSPR_ClassicHeuristic_RF -> NNI_Substep_21] - Distance: 7.0000
((3,(14,(13,7))),((15,(10,12)),(20,(5,18))),((((17,(8,(11,9))),(4,(1,16))),(2,6)),19));

STEP 24 [uSPR_ClassicHeuristic_RF -> NNI_Substep_22] - Distance: 7.0000
((3,(14,(13,7))),((15,(10,12)),(20,(5,18))),((((17,(8,(11,9))),(4,(1,16))),19),(2,6)));

STEP 25 [uSPR_ClassicHeuristic_RF -> NNI_Substep_23] - Distance: 7.0000
((3,(14,(13,7))),((15,(10,12)),(20,(5,18))),(((17,(8,(11,9))),((4,(1,16)),19)),(2,6)));

STEP 26 [uSPR_ClassicHeuristic_RF -> NNI_Substep_24] - Distance: 6.0000
((3,(14,(13,7))),((15,(10,12)),(20,(5,18))),(((17,(8,(11,9))),((4,19),(1,16))),(2,6)));

STEP 27 [uSPR_ClassicHeuristic_RF -> NNI_Substep_25] - Distance: 5.0000
((3,(14,(13,7))),((15,(10,12)),(20,(5,18))),(((17,(8,(11,9))),(((4,19),16),1)),(2,6)));

STEP 28 [uSPR_ClassicHeuristic_RF -> NNI_Substep_26] - Distance: 5.0000
((3,(14,(13,7))),((15,(10,12)),(20,(5,18))),((((17,(8,(11,9))),((4,19),16)),1),(2,6)));

STEP 29 [uSPR_ClassicHeuristic_RF -> NNI_Substep_27] - Distance: 5.0000
((3,(14,(13,7))),((15,(10,12)),(20,(5,18))),((((17,(8,(11,9))),((4,19),16)),(2,6)),1));

STEP 30 [uSPR_ClassicHeuristic_RF -> NNI_Substep_28] - Distance: 5.0000
((3,(14,(13,7))),((15,(10,12)),(20,(5,18))),(((17,(8,(11,9))),((4,19),16)),((2,6),1)));

STEP 31 [uSPR_ClassicHeuristic_RF -> NNI_Substep_29] - Distance: 4.0000
((3,(14,(13,7))),((15,(10,12)),(20,(5,18))),(((17,(8,(11,9))),((4,19),16)),((2,1),6)));

STEP 32 [uSPR_ClassicHeuristic_RF -> NNI_Substep_30] - Distance: 3.0000
((3,(14,(13,7))),((15,(10,12)),(20,(5,18))),(((17,((4,19),16)),(8,(11,9))),((2,1),6)));

STEP 33 [uSPR_ClassicHeuristic_RF -> NNI_Substep_31] - Distance: 3.0000
((3,(14,(13,7))),((15,(10,12)),(20,(5,18))),(((17,((4,19),16)),((2,1),6)),(8,(11,9))));

STEP 34 [uSPR_ClassicHeuristic_RF -> NNI_Substep_32] - Distance: 2.0000
((3,(14,(13,7))),((15,(10,12)),(20,(5,18))),((17,((4,19),16)),(((2,1),6),(8,(11,9)))));

STEP 35 [uSPR_ClassicHeuristic_RF -> NNI_Substep_33] - Distance: 1.0000
((3,(14,(13,7))),((15,(10,12)),(20,(5,18))),((17,((4,19),16)),(((2,1),(8,(11,9))),6)));

STEP 36 [uSPR_ClassicHeuristic_RF -> NNI_Substep_34] - Distance: 0.0000
((15,(10,12)),(20,(5,18)),(((17,((4,19),16)),(3,(14,(13,7)))),(((2,1),(8,(11,9))),6)));

========================================================
[FINAL] Total Steps: 36 | Final Distance: 0.0000
========================================================
