========================================================
HEURISTIC TRAJECTORY: VND Incremental (RF)
========================================================
STEP 0 [START] - Distance: 17.0000
(3,((20,(19,1)),(2,14)),((5,(12,(16,(17,8)))),((((9,(4,10)),(13,15)),(18,7)),(6,11))));

STEP 1 [Heur. uSPR RF -> NNI_Substep_1] - Distance: 17.0000
(3,((20,(19,1)),(2,14)),((5,(12,(16,(17,8)))),(((((9,(4,10)),13),15),(18,7)),(6,11))));

STEP 2 [Heur. uSPR RF -> NNI_Substep_2] - Distance: 17.0000
(3,((20,(19,1)),(2,14)),((5,(12,(16,(17,8)))),(((((9,(4,10)),13),(18,7)),15),(6,11))));

STEP 3 [Heur. uSPR RF -> NNI_Substep_3] - Distance: 16.0000
(3,((20,(19,1)),(2,14)),((5,(12,(16,(17,8)))),((((9,(4,10)),13),((18,7),15)),(6,11))));

STEP 4 [Heur. uSPR RF -> NNI_Substep_4] - Distance: 15.0000
(3,((20,(19,1)),(2,14)),((5,(12,(16,(17,8)))),((((9,(4,10)),13),(18,(7,15))),(6,11))));

STEP 5 [Heur. uSPR RF -> NNI_Substep_5] - Distance: 15.0000
(3,(((20,1),19),(2,14)),((5,(12,(16,(17,8)))),((((9,(4,10)),13),(18,(7,15))),(6,11))));

STEP 6 [Heur. uSPR RF -> NNI_Substep_6] - Distance: 15.0000
(3,(((20,1),(2,14)),19),((5,(12,(16,(17,8)))),((((9,(4,10)),13),(18,(7,15))),(6,11))));

STEP 7 [Heur. uSPR RF -> NNI_Substep_7] - Distance: 15.0000
(3,((20,1),((2,14),19)),((5,(12,(16,(17,8)))),((((9,(4,10)),13),(18,(7,15))),(6,11))));

STEP 8 [Heur. uSPR RF -> NNI_Substep_8] - Distance: 14.0000
(3,((20,1),(2,(14,19))),((5,(12,(16,(17,8)))),((((9,(4,10)),13),(18,(7,15))),(6,11))));

STEP 9 [Heur. uSPR RF -> NNI_Substep_9] - Distance: 14.0000
(3,((20,(2,(14,19))),1),((5,(12,(16,(17,8)))),((((9,(4,10)),13),(18,(7,15))),(6,11))));

STEP 10 [Heur. uSPR RF -> NNI_Substep_10] - Distance: 14.0000
(3,(((2,(14,19)),1),20),((5,(12,(16,(17,8)))),((((9,(4,10)),13),(18,(7,15))),(6,11))));

STEP 11 [Heur. uSPR RF -> NNI_Substep_11] - Distance: 13.0000
(3,(((2,1),(14,19)),20),((5,(12,(16,(17,8)))),((((9,(4,10)),13),(18,(7,15))),(6,11))));

STEP 12 [Heur. uSPR RF -> NNI_Substep_12] - Distance: 13.0000
(3,(20,((2,1),(14,19))),((((16,(17,8)),5),12),((((9,(4,10)),13),(18,(7,15))),(6,11))));

STEP 13 [Heur. uSPR RF -> NNI_Substep_13] - Distance: 13.0000
(3,(20,((2,1),(14,19))),(((((17,8),5),16),12),((((9,(4,10)),13),(18,(7,15))),(6,11))));

STEP 14 [Heur. uSPR RF -> NNI_Substep_14] - Distance: 12.0000
(3,(20,((2,1),(14,19))),((12,(16,(17,(8,5)))),((((9,(4,10)),13),(18,(7,15))),(6,11))));

STEP 15 [Heur. uSPR RF -> NNI_Substep_15] - Distance: 12.0000
(3,(20,((2,1),(14,19))),((12,(16,(17,(8,5)))),(((((4,10),13),9),(18,(7,15))),(6,11))));

STEP 16 [Heur. uSPR RF -> NNI_Substep_16] - Distance: 12.0000
(3,(20,((2,1),(14,19))),((12,(16,(17,(8,5)))),(((((4,10),13),(18,(7,15))),9),(6,11))));

STEP 17 [Heur. uSPR RF -> NNI_Substep_17] - Distance: 12.0000
(3,(20,((2,1),(14,19))),((12,(16,(17,(8,5)))),(((((4,10),13),(18,(7,15))),(6,11)),9)));

STEP 18 [Heur. uSPR RF -> NNI_Substep_18] - Distance: 12.0000
(3,(20,((2,1),(14,19))),(((12,(16,(17,(8,5)))),((((4,10),13),(18,(7,15))),(6,11))),9));

STEP 19 [Heur. uSPR RF -> NNI_Substep_19] - Distance: 12.0000
(3,(20,((2,1),(14,19))),(((12,(16,(17,(8,5)))),9),((((4,10),13),(18,(7,15))),(6,11))));

STEP 20 [Heur. uSPR RF -> NNI_Substep_20] - Distance: 11.0000
(3,(20,((2,1),(14,19))),((12,((16,(17,(8,5))),9)),((((4,10),13),(18,(7,15))),(6,11))));

STEP 21 [Heur. uSPR RF -> NNI_Substep_21] - Distance: 11.0000
(3,(20,((2,1),(14,19))),((12,(16,((17,(8,5)),9))),((((4,10),13),(18,(7,15))),(6,11))));

STEP 22 [Heur. uSPR RF -> NNI_Substep_22] - Distance: 10.0000
(3,(20,((2,1),(14,19))),((12,(16,((17,9),(8,5)))),((((4,10),13),(18,(7,15))),(6,11))));

STEP 23 [Heur. uSPR RF -> NNI_Substep_23] - Distance: 9.0000
(3,(20,((2,1),(14,19))),((12,((16,(17,9)),(8,5))),((((4,10),13),(18,(7,15))),(6,11))));

STEP 24 [Heur. uSPR RF -> NNI_Substep_24] - Distance: 9.0000
(3,((20,(14,19)),(2,1)),((12,((16,(17,9)),(8,5))),((((4,10),13),(18,(7,15))),(6,11))));

STEP 25 [Heur. uSPR RF -> NNI_Substep_25] - Distance: 9.0000
(3,(20,(14,19)),(((12,((16,(17,9)),(8,5))),((((4,10),13),(18,(7,15))),(6,11))),(2,1)));

STEP 26 [Heur. uSPR RF -> NNI_Substep_26] - Distance: 9.0000
(3,(20,(14,19)),(((12,((16,(17,9)),(8,5))),(2,1)),((((4,10),13),(18,(7,15))),(6,11))));

STEP 27 [Heur. uSPR RF -> NNI_Substep_27] - Distance: 8.0000
(3,(20,(14,19)),((12,(((16,(17,9)),(8,5)),(2,1))),((((4,10),13),(18,(7,15))),(6,11))));

STEP 28 [Heur. uSPR RF -> NNI_Substep_28] - Distance: 8.0000
(3,20,(((12,(((16,(17,9)),(8,5)),(2,1))),((((4,10),13),(18,(7,15))),(6,11))),(14,19)));

STEP 29 [Heur. uSPR RF -> NNI_Substep_29] - Distance: 8.0000
(3,20,((12,(((16,(17,9)),(8,5)),(2,1))),(((((4,10),13),(18,(7,15))),(6,11)),(14,19))));

STEP 30 [Heur. uSPR RF -> NNI_Substep_30] - Distance: 8.0000
(3,20,((12,(((16,(17,9)),(8,5)),(2,1))),((((4,10),13),(18,(7,15))),((6,11),(14,19)))));

STEP 31 [Heur. uSPR RF -> NNI_Substep_31] - Distance: 7.0000
(3,20,((12,(((16,(17,9)),(8,5)),(2,1))),((((4,10),13),(18,(7,15))),(6,(11,(14,19))))));

STEP 32 [Heur. uSPR RF -> NNI_Substep_32] - Distance: 7.0000
(3,20,((12,((((4,10),13),(18,(7,15))),(6,(11,(14,19))))),(((16,(17,9)),(8,5)),(2,1))));

STEP 33 [Heur. uSPR RF -> NNI_Substep_33] - Distance: 7.0000
(3,20,((((((4,10),13),(18,(7,15))),(6,(11,(14,19)))),(((16,(17,9)),(8,5)),(2,1))),12));

STEP 34 [Heur. uSPR RF -> NNI_Substep_34] - Distance: 7.0000
(3,20,((((((4,10),13),(18,(7,15))),(((16,(17,9)),(8,5)),(2,1))),(6,(11,(14,19)))),12));

STEP 35 [Heur. uSPR RF -> NNI_Substep_35] - Distance: 7.0000
(3,20,(12,(((((4,10),13),(((16,(17,9)),(8,5)),(2,1))),(18,(7,15))),(6,(11,(14,19))))));

STEP 36 [Heur. uSPR RF -> NNI_Substep_36] - Distance: 6.0000
(3,20,(12,((((4,10),(13,(((16,(17,9)),(8,5)),(2,1)))),(18,(7,15))),(6,(11,(14,19))))));

STEP 37 [Heur. uSPR RF -> NNI_Substep_37] - Distance: 6.0000
(12,(((((4,10),(13,(((16,(17,9)),(8,5)),(2,1)))),(18,(7,15))),(6,(11,(14,19)))),3),20);

STEP 38 [Heur. uSPR RF -> NNI_Substep_38] - Distance: 6.0000
(12,(((((4,10),(13,(((16,(17,9)),(8,5)),(2,1)))),(18,(7,15))),3),(6,(11,(14,19)))),20);

STEP 39 [Heur. uSPR RF -> NNI_Substep_39] - Distance: 6.0000
(12,(((((4,10),(13,(((16,(17,9)),(8,5)),(2,1)))),3),(18,(7,15))),(6,(11,(14,19)))),20);

STEP 40 [Heur. uSPR RF -> NNI_Substep_40] - Distance: 6.0000
(12,(((((4,10),3),(13,(((16,(17,9)),(8,5)),(2,1)))),(18,(7,15))),(6,(11,(14,19)))),20);

STEP 41 [Heur. uSPR RF -> NNI_Substep_41] - Distance: 5.0000
(12,((((4,(10,3)),(13,(((16,(17,9)),(8,5)),(2,1)))),(18,(7,15))),(6,(11,(14,19)))),20);

STEP 42 [Heur. uSPR RF -> NNI_Substep_42] - Distance: 5.0000
(12,((((4,(13,(((16,(17,9)),(8,5)),(2,1)))),(10,3)),(18,(7,15))),(6,(11,(14,19)))),20);

STEP 43 [Heur. uSPR RF -> NNI_Substep_43] - Distance: 5.0000
(12,((((4,(13,(((16,(17,9)),(8,5)),(2,1)))),(18,(7,15))),(10,3)),(6,(11,(14,19)))),20);

STEP 44 [Heur. uSPR RF -> NNI_Substep_44] - Distance: 5.0000
(12,((((4,(13,(((16,(17,9)),(8,5)),(2,1)))),(18,(7,15))),(6,(11,(14,19)))),(10,3)),20);

STEP 45 [Heur. uSPR RF -> NNI_Substep_45] - Distance: 4.0000
(12,(((4,(13,(((16,(17,9)),(8,5)),(2,1)))),(18,(7,15))),((6,(11,(14,19))),(10,3))),20);

STEP 46 [Heur. uSPR RF -> NNI_Substep_46] - Distance: 3.0000
(12,(((4,(13,(((16,(17,9)),(8,5)),(2,1)))),(18,(7,15))),((6,(10,3)),(11,(14,19)))),20);

STEP 47 [Heur. uSPR RF -> NNI_Substep_47] - Distance: 2.0000
((((4,(13,(((16,(17,9)),(8,5)),(2,1)))),(18,(7,15))),20),((6,(10,3)),(11,(14,19))),12);

STEP 48 [Heur. uSPR RF -> NNI_Substep_48] - Distance: 1.0000
((((4,(13,(((16,(17,9)),(8,5)),(2,1)))),20),(18,(7,15))),((6,(10,3)),(11,(14,19))),12);

STEP 49 [Heur. uSPR RF -> NNI_Substep_49] - Distance: 0.0000
((((4,20),(13,(((16,(17,9)),(8,5)),(2,1)))),(18,(7,15))),((6,(10,3)),(11,(14,19))),12);

========================================================
[FINAL] Total Steps: 49 | Final Distance: 0.0000
========================================================
