========================================================
HEURISTIC TRAJECTORY: VND Incremental (MC)
========================================================
STEP 0 [START] - Distance: 89.0000
((18,(((((17,(15,(20,(9,4)))),(8,((7,5),(2,11)))),(3,6)),(1,19)),(12,14))),(10,(13,16)));

STEP 1 [NNI_IncrementalHeuristic_MC -> NNI_Substep_1] - Distance: 83.0000
((18,(((12,14),(1,19)),(((17,(15,(20,(9,4)))),(8,((7,5),(2,11)))),(3,6)))),(10,(13,16)));

STEP 2 [NNI_IncrementalHeuristic_MC -> NNI_Substep_2] - Distance: 75.0000
(((10,(13,16)),(((12,14),(1,19)),((((20,(9,4)),(15,17)),(8,((7,5),(2,11)))),(3,6)))),18);

STEP 3 [NNI_IncrementalHeuristic_MC -> NNI_Substep_3] - Distance: 72.0000
((((((20,(9,4)),(15,17)),(8,((7,5),(2,11)))),(3,6)),(((12,14),(1,19)),(10,(13,16)))),18);

STEP 4 [NNI_IncrementalHeuristic_MC -> NNI_Substep_4] - Distance: 69.0000
((((((20,(9,4)),(15,17)),(3,6)),(8,((7,5),(2,11)))),(((12,14),(1,19)),(10,(13,16)))),18);

STEP 5 [NNI_IncrementalHeuristic_MC -> NNI_Substep_5] - Distance: 67.0000
((((((20,(9,4)),(15,17)),(3,6)),(((12,14),(1,19)),(10,(13,16)))),(8,((7,5),(2,11)))),18);

STEP 6 [NNI_IncrementalHeuristic_MC -> NNI_Substep_6] - Distance: 66.0000
((((((20,(9,4)),(15,17)),(3,6)),(((12,14),(1,19)),(10,(13,16)))),(8,((7,(2,11)),5))),18);

STEP 7 [2sECR_IncrementalHeuristic_MC -> NNI_Substep_1] - Distance: 66.0000
((((((4,(20,9)),(15,17)),(3,6)),(((12,14),(1,19)),(10,(13,16)))),(8,((7,(2,11)),5))),18);

STEP 8 [2sECR_IncrementalHeuristic_MC -> NNI_Substep_2] - Distance: 64.0000
((((((20,9),((15,17),4)),(3,6)),(((12,14),(1,19)),(10,(13,16)))),(8,((7,(2,11)),5))),18);

STEP 9 [2sECR_IncrementalHeuristic_MC -> NNI_Substep_3] - Distance: 63.0000
((((((15,17),4),((3,6),(20,9))),(((12,14),(1,19)),(10,(13,16)))),(8,((7,(2,11)),5))),18);

STEP 10 [2sECR_IncrementalHeuristic_MC -> NNI_Substep_4] - Distance: 60.0000
(((((3,6),(20,9)),((((12,14),(1,19)),(10,(13,16))),((15,17),4))),(8,((7,(2,11)),5))),18);

STEP 11 [2sECR_IncrementalHeuristic_MC -> NNI_Substep_5] - Distance: 59.0000
((((3,6),(20,9)),((8,((7,(2,11)),5)),((((12,14),(1,19)),(10,(13,16))),((15,17),4)))),18);

STEP 12 [2sECR_IncrementalHeuristic_MC -> NNI_Substep_6] - Distance: 49.0000
(((8,((7,(2,11)),5)),((((15,17),4),((12,14),(1,19))),(10,(13,16)))),(18,((3,6),(20,9))));

STEP 13 [2sECR_IncrementalHeuristic_MC -> NNI_Substep_7] - Distance: 46.0000
(((8,((7,(2,11)),5)),(((12,14),(((15,17),4),(1,19))),(10,(13,16)))),(18,((3,6),(20,9))));

STEP 14 [2sECR_IncrementalHeuristic_MC -> NNI_Substep_8] - Distance: 44.0000
(((8,((7,(2,11)),5)),(((12,14),(1,(19,((15,17),4)))),(10,(13,16)))),(18,((3,6),(20,9))));

STEP 15 [2sECR_IncrementalHeuristic_MC -> NNI_Substep_9] - Distance: 42.0000
(((8,((7,(2,11)),5)),(((12,14),(1,(4,((15,17),19)))),(10,(13,16)))),(18,((3,6),(20,9))));

STEP 16 [2sECR_IncrementalHeuristic_MC -> NNI_Substep_10] - Distance: 47.0000
((8,(((7,(2,11)),5),(((12,14),(1,(4,((15,17),19)))),(10,(13,16))))),(18,((3,6),(20,9))));

STEP 17 [2sECR_IncrementalHeuristic_MC -> NNI_Substep_11] - Distance: 44.0000
((8,(((12,14),(1,(4,((15,17),19)))),(((7,(2,11)),5),(10,(13,16))))),(18,((3,6),(20,9))));

STEP 18 [2sECR_IncrementalHeuristic_MC -> NNI_Substep_12] - Distance: 38.0000
(((8,((12,14),(1,(4,((15,17),19))))),(((7,(2,11)),5),(10,(13,16)))),(18,((3,6),(20,9))));

STEP 19 [2sECR_IncrementalHeuristic_MC -> NNI_Substep_13] - Distance: 39.0000
(((8,((12,14),(1,(4,((15,17),19))))),(((7,(2,11)),5),(10,(13,16)))),(18,(3,((20,9),6))));

STEP 20 [2sECR_IncrementalHeuristic_MC -> NNI_Substep_14] - Distance: 37.0000
(((8,((12,14),(1,(4,((15,17),19))))),(((7,(2,11)),5),(10,(13,16)))),((18,3),((20,9),6)));

STEP 21 [2sECR_IncrementalHeuristic_MC -> NNI_Substep_15] - Distance: 34.0000
(((8,((12,14),(1,(4,((15,17),19))))),(((7,(2,11)),5),(10,(13,16)))),(6,((20,9),(18,3))));

STEP 22 [2sECR_IncrementalHeuristic_MC -> NNI_Substep_16] - Distance: 33.0000
(((8,((12,14),(1,(4,((15,17),19))))),(((7,(2,11)),5),(10,(13,16)))),(6,(20,(9,(18,3)))));

STEP 23 [2sECR_IncrementalHeuristic_MC -> NNI_Substep_17] - Distance: 31.0000
(((8,((12,14),(1,(4,((15,17),19))))),(((7,(2,11)),5),(10,(13,16)))),(6,(20,(18,(9,3)))));

STEP 24 [2sECR_IncrementalHeuristic_MC -> NNI_Substep_18] - Distance: 35.0000
(((8,(12,(14,(1,(4,((15,17),19)))))),(((7,(2,11)),5),(10,(13,16)))),(6,(20,(18,(9,3)))));

STEP 25 [2sECR_IncrementalHeuristic_MC -> NNI_Substep_19] - Distance: 33.0000
(((8,(12,(1,(14,(4,((15,17),19)))))),(((7,(2,11)),5),(10,(13,16)))),(6,(20,(18,(9,3)))));

STEP 26 [2sECR_IncrementalHeuristic_MC -> NNI_Substep_20] - Distance: 29.0000
(((8,((12,1),(14,(4,((15,17),19))))),(((7,(2,11)),5),(10,(13,16)))),(6,(20,(18,(9,3)))));

STEP 27 [2sECR_IncrementalHeuristic_MC -> NNI_Substep_21] - Distance: 31.0000
(((8,((12,1),(14,(4,((15,17),19))))),((7,(2,11)),(5,(10,(13,16))))),(6,(20,(18,(9,3)))));

STEP 28 [2sECR_IncrementalHeuristic_MC -> NNI_Substep_22] - Distance: 30.0000
(((8,((12,1),(14,(4,((15,17),19))))),((7,(2,11)),((13,16),(5,10)))),(6,(20,(18,(9,3)))));

STEP 29 [2sECR_IncrementalHeuristic_MC -> NNI_Substep_23] - Distance: 27.0000
(((8,((12,1),(14,(4,((15,17),19))))),(((7,(2,11)),(13,16)),(5,10))),(6,(20,(18,(9,3)))));

STEP 30 [2sECR_IncrementalHeuristic_MC -> NNI_Substep_24] - Distance: 27.0000
(((8,((12,1),(14,(4,((15,17),19))))),(((11,(7,2)),(13,16)),(5,10))),(6,(20,(18,(9,3)))));

STEP 31 [2sECR_IncrementalHeuristic_MC -> NNI_Substep_25] - Distance: 25.0000
(((8,((12,1),(14,(4,((15,17),19))))),(((7,2),((13,16),11)),(5,10))),(6,(20,(18,(9,3)))));

STEP 32 [2sECR_IncrementalHeuristic_MC -> NNI_Substep_26] - Distance: 29.0000
(((8,(12,((14,(4,((15,17),19))),1))),(((7,2),((13,16),11)),(5,10))),(6,(20,(18,(9,3)))));

STEP 33 [2sECR_IncrementalHeuristic_MC -> NNI_Substep_27] - Distance: 24.0000
((((8,12),((14,(4,((15,17),19))),1)),(((7,2),((13,16),11)),(5,10))),(6,(20,(18,(9,3)))));

STEP 34 [3sECR_IncrementalHeuristic_MC -> NNI_Substep_1] - Distance: 37.0000
(((8,12),((14,(4,((15,17),19))),1)),(((7,2),((13,16),11)),((5,10),(6,(20,(18,(9,3)))))));

STEP 35 [3sECR_IncrementalHeuristic_MC -> NNI_Substep_2] - Distance: 38.0000
(((8,12),((14,(4,((15,17),19))),1)),(((7,2),((13,16),11)),(((5,10),(20,(18,(9,3)))),6)));

STEP 36 [3sECR_IncrementalHeuristic_MC -> NNI_Substep_3] - Distance: 29.0000
(((8,12),((14,(4,((15,17),19))),1)),((((7,2),((13,16),11)),6),((5,10),(20,(18,(9,3))))));

STEP 37 [3sECR_IncrementalHeuristic_MC -> NNI_Substep_4] - Distance: 19.0000
((((8,12),((14,(4,((15,17),19))),1)),(6,((7,2),((11,13),16)))),((5,10),(20,(18,(9,3)))));

STEP 38 [3sECR_IncrementalHeuristic_MC -> NNI_Substep_5] - Distance: 20.0000
((((8,12),((14,(4,((15,17),19))),1)),(6,(((7,2),(11,13)),16))),((5,10),(20,(18,(9,3)))));

STEP 39 [3sECR_IncrementalHeuristic_MC -> NNI_Substep_6] - Distance: 15.0000
((((8,12),((14,(4,((15,17),19))),1)),((6,16),((7,2),(11,13)))),((5,10),(20,(18,(9,3)))));

STEP 40 [Heur. rSPR MC -> NNI_Substep_1] - Distance: 18.0000
((((8,12),((14,(4,((15,17),19))),1)),((6,16),((7,2),(11,13)))),((5,(20,(18,(9,3)))),10));

STEP 41 [Heur. rSPR MC -> NNI_Substep_2] - Distance: 18.0000
(((((8,12),((14,(4,((15,17),19))),1)),10),((6,16),((7,2),(11,13)))),(5,(20,(18,(9,3)))));

STEP 42 [Heur. rSPR MC -> NNI_Substep_3] - Distance: 15.0000
((((8,12),(((14,(4,((15,17),19))),1),10)),((6,16),((7,2),(11,13)))),(5,(20,(18,(9,3)))));

STEP 43 [Heur. rSPR MC -> NNI_Substep_4] - Distance: 13.0000
((((8,12),(((14,(4,((15,17),19))),10),1)),((6,16),((7,2),(11,13)))),(5,(20,(18,(9,3)))));

STEP 44 [Heur. rSPR MC -> NNI_Substep_5] - Distance: 11.0000
((((8,12),((14,((4,((15,17),19)),10)),1)),((6,16),((7,2),(11,13)))),(5,(20,(18,(9,3)))));

STEP 45 [Heur. rSPR MC -> NNI_Substep_6] - Distance: 7.0000
((((8,12),((14,((4,10),((15,17),19))),1)),((6,16),((7,2),(11,13)))),(5,(20,(18,(9,3)))));

STEP 46 [Heur. rSPR MC -> NNI_Substep_7] - Distance: 13.0000
((((8,((14,((4,10),((15,17),19))),1)),12),((6,16),((7,2),(11,13)))),(5,(20,(18,(9,3)))));

STEP 47 [Heur. rSPR MC -> NNI_Substep_8] - Distance: 18.0000
((((8,((14,((4,10),((15,17),19))),1)),((6,16),((7,2),(11,13)))),12),(5,(20,(18,(9,3)))));

STEP 48 [Heur. rSPR MC -> NNI_Substep_9] - Distance: 5.0000
(((8,((14,((4,10),((15,17),19))),1)),((6,16),((7,2),(11,13)))),(5,((20,(18,(9,3))),12)));

STEP 49 [Heur. rSPR MC -> NNI_Substep_10] - Distance: 3.0000
(((8,((14,((4,10),((15,17),19))),1)),((6,16),((7,2),(11,13)))),(5,(20,((18,(9,3)),12))));

STEP 50 [Heur. rSPR MC -> NNI_Substep_11] - Distance: 0.0000
(((8,((14,((4,10),((15,17),19))),1)),((6,16),((7,2),(11,13)))),(5,(20,((18,12),(9,3)))));

========================================================
[FINAL] Total Steps: 50 | Final Distance: 0.0000
========================================================
