========================================================
HEURISTIC TRAJECTORY: VND Classic (MP_RF)
========================================================
STEP 0 [START] - Distance: 139.0000
(((((12,11),(4,2)),(8,((6,(18,(5,9))),(7,1)))),((14,(3,(10,20))),(16,(17,15)))),(13,19));

STEP 1 [NNI_ClassicHeuristic_MP_RF -> NNI_Substep_1] - Distance: 137.0000
(((8,(((12,11),(4,2)),((6,(18,(5,9))),(7,1)))),((14,(3,(10,20))),(16,(17,15)))),(13,19));

STEP 2 [NNI_ClassicHeuristic_MP_RF -> NNI_Substep_2] - Distance: 134.0000
(((8,((14,(3,(10,20))),(16,(17,15)))),(((12,11),(4,2)),((6,(18,(5,9))),(7,1)))),(13,19));

STEP 3 [NNI_ClassicHeuristic_MP_RF -> NNI_Substep_3] - Distance: 133.0000
(((8,(16,((14,(3,(10,20))),(17,15)))),(((12,11),(4,2)),((6,(18,(5,9))),(7,1)))),(13,19));

STEP 4 [NNI_ClassicHeuristic_MP_RF -> NNI_Substep_4] - Distance: 132.0000
(((8,(16,(17,((14,(3,(10,20))),15)))),(((12,11),(4,2)),((6,(18,(5,9))),(7,1)))),(13,19));

STEP 5 [NNI_ClassicHeuristic_MP_RF -> NNI_Substep_5] - Distance: 131.0000
(((8,(16,(17,((14,(3,(10,20))),15)))),(((12,11),(4,2)),((6,(5,(18,9))),(7,1)))),(13,19));

STEP 6 [NNI_ClassicHeuristic_MP_RF -> NNI_Substep_6] - Distance: 130.0000
(((8,(16,(17,((14,(3,(10,20))),15)))),(((12,11),(4,2)),((5,(6,(18,9))),(7,1)))),(13,19));

STEP 7 [NNI_ClassicHeuristic_MP_RF -> NNI_Substep_7] - Distance: 128.0000
(((8,(16,(17,((14,(3,(10,20))),15)))),(((12,11),(4,2)),(((7,1),(6,(18,9))),5))),(13,19));

STEP 8 [NNI_ClassicHeuristic_MP_RF -> NNI_Substep_8] - Distance: 126.0000
(((8,(16,(17,((14,(3,(10,20))),15)))),(5,(((7,1),(6,(18,9))),((12,11),(4,2))))),(13,19));

STEP 9 [NNI_ClassicHeuristic_MP_RF -> NNI_Substep_9] - Distance: 124.0000
((5,((8,(16,(17,((14,(3,(10,20))),15)))),(((7,1),(6,(18,9))),((12,11),(4,2))))),(13,19));

STEP 10 [NNI_ClassicHeuristic_MP_RF -> NNI_Substep_10] - Distance: 121.0000
(((13,19),((8,(16,(17,((14,(3,(10,20))),15)))),((((6,(18,9)),1),7),((12,11),(4,2))))),5);

STEP 11 [NNI_ClassicHeuristic_MP_RF -> NNI_Substep_11] - Distance: 120.0000
(((8,(16,(17,((14,(3,(10,20))),15)))),((13,19),((((6,(18,9)),1),7),((12,11),(4,2))))),5);

STEP 12 [NNI_ClassicHeuristic_MP_RF -> NNI_Substep_12] - Distance: 119.0000
(((8,(16,(17,((14,(3,(10,20))),15)))),((((6,(18,9)),1),7),((13,19),((12,11),(4,2))))),5);

STEP 13 [SPR_ClassicHeuristic_MP_RF -> NNI_Substep_1] - Distance: 119.0000
(((8,(16,(17,(((14,(10,20)),3),15)))),((((6,(18,9)),1),7),((13,19),((12,11),(4,2))))),5);

STEP 14 [SPR_ClassicHeuristic_MP_RF -> NNI_Substep_2] - Distance: 119.0000
(((8,(16,(17,(((14,(10,20)),15),3)))),((((6,(18,9)),1),7),((13,19),((12,11),(4,2))))),5);

STEP 15 [SPR_ClassicHeuristic_MP_RF -> NNI_Substep_3] - Distance: 119.0000
(((8,(16,((17,((14,(10,20)),15)),3))),((((6,(18,9)),1),7),((13,19),((12,11),(4,2))))),5);

STEP 16 [SPR_ClassicHeuristic_MP_RF -> NNI_Substep_4] - Distance: 119.0000
(((8,((16,(17,((14,(10,20)),15))),3)),((((6,(18,9)),1),7),((13,19),((12,11),(4,2))))),5);

STEP 17 [SPR_ClassicHeuristic_MP_RF -> NNI_Substep_5] - Distance: 119.0000
((((8,(16,(17,((14,(10,20)),15)))),3),((((6,(18,9)),1),7),((13,19),((12,11),(4,2))))),5);

STEP 18 [SPR_ClassicHeuristic_MP_RF -> NNI_Substep_6] - Distance: 119.0000
((((8,(16,(17,((14,(10,20)),15)))),((((6,(18,9)),1),7),((13,19),((12,11),(4,2))))),3),5);

STEP 19 [SPR_ClassicHeuristic_MP_RF -> NNI_Substep_7] - Distance: 118.0000
(((8,(16,(17,((14,(10,20)),15)))),(((((6,(18,9)),1),7),((13,19),((12,11),(4,2)))),3)),5);

STEP 20 [SPR_ClassicHeuristic_MP_RF -> NNI_Substep_8] - Distance: 115.0000
(((8,(16,(17,((14,(10,20)),15)))),(((((6,(18,9)),1),7),3),((13,19),((12,11),(4,2))))),5);

STEP 21 [SPR_ClassicHeuristic_MP_RF -> NNI_Substep_9] - Distance: 114.0000
(((8,(16,(17,((14,(10,20)),15)))),((((6,(18,9)),1),(7,3)),((13,19),((12,11),(4,2))))),5);

STEP 22 [SPR_ClassicHeuristic_MP_RF -> NNI_Substep_10] - Distance: 114.0000
(((8,(16,(17,(((14,20),10),15)))),((((6,(18,9)),1),(7,3)),((13,19),((12,11),(4,2))))),5);

STEP 23 [SPR_ClassicHeuristic_MP_RF -> NNI_Substep_11] - Distance: 114.0000
(((8,(16,(17,(((14,20),15),10)))),((((6,(18,9)),1),(7,3)),((13,19),((12,11),(4,2))))),5);

STEP 24 [SPR_ClassicHeuristic_MP_RF -> NNI_Substep_12] - Distance: 115.0000
(((8,(16,((17,((14,20),15)),10))),((((6,(18,9)),1),(7,3)),((13,19),((12,11),(4,2))))),5);

STEP 25 [SPR_ClassicHeuristic_MP_RF -> NNI_Substep_13] - Distance: 115.0000
(((8,((16,(17,((14,20),15))),10)),((((6,(18,9)),1),(7,3)),((13,19),((12,11),(4,2))))),5);

STEP 26 [SPR_ClassicHeuristic_MP_RF -> NNI_Substep_14] - Distance: 115.0000
((((8,(16,(17,((14,20),15)))),10),((((6,(18,9)),1),(7,3)),((13,19),((12,11),(4,2))))),5);

STEP 27 [SPR_ClassicHeuristic_MP_RF -> NNI_Substep_15] - Distance: 115.0000
((((8,(16,(17,((14,20),15)))),((((6,(18,9)),1),(7,3)),((13,19),((12,11),(4,2))))),10),5);

STEP 28 [SPR_ClassicHeuristic_MP_RF -> NNI_Substep_16] - Distance: 113.0000
(((8,(16,(17,((14,20),15)))),(((((6,(18,9)),1),(7,3)),((13,19),((12,11),(4,2)))),10)),5);

STEP 29 [SPR_ClassicHeuristic_MP_RF -> NNI_Substep_17] - Distance: 111.0000
(((8,(16,(17,((14,20),15)))),((((6,(18,9)),1),(7,3)),(((13,19),((12,11),(4,2))),10))),5);

STEP 30 [SPR_ClassicHeuristic_MP_RF -> NNI_Substep_18] - Distance: 111.0000
(((8,(16,(17,((14,20),15)))),((((6,(18,9)),1),(7,3)),((13,19),(((12,11),(4,2)),10)))),5);

STEP 31 [SPR_ClassicHeuristic_MP_RF -> NNI_Substep_19] - Distance: 111.0000
(((8,(16,(17,((14,20),15)))),((((6,(18,9)),1),(7,3)),((13,19),((12,11),((4,2),10))))),5);

STEP 32 [SPR_ClassicHeuristic_MP_RF -> NNI_Substep_20] - Distance: 111.0000
(((8,(16,(17,((14,20),15)))),((((6,(18,9)),1),(7,3)),((13,19),((12,11),((4,10),2))))),5);

STEP 33 [SPR_ClassicHeuristic_MP_RF -> NNI_Substep_21] - Distance: 110.0000
(((8,(16,(17,((14,20),15)))),((((6,(18,9)),1),(7,3)),((13,19),(((12,11),(4,10)),2)))),5);

STEP 34 [SPR_ClassicHeuristic_MP_RF -> NNI_Substep_22] - Distance: 110.0000
(((8,(16,(17,((14,20),15)))),((((6,(18,9)),1),(7,3)),(((13,19),((12,11),(4,10))),2))),5);

STEP 35 [SPR_ClassicHeuristic_MP_RF -> NNI_Substep_23] - Distance: 110.0000
(((8,(16,(17,((14,20),15)))),(((((6,(18,9)),1),(7,3)),((13,19),((12,11),(4,10)))),2)),5);

STEP 36 [SPR_ClassicHeuristic_MP_RF -> NNI_Substep_24] - Distance: 112.0000
((((8,(16,(17,((14,20),15)))),((((6,(18,9)),1),(7,3)),((13,19),((12,11),(4,10))))),2),5);

STEP 37 [SPR_ClassicHeuristic_MP_RF -> NNI_Substep_25] - Distance: 101.0000
((((8,(16,(17,((14,20),15)))),2),((((6,(18,9)),1),(7,3)),((13,19),((12,11),(4,10))))),5);

STEP 38 [SPR_ClassicHeuristic_MP_RF -> NNI_Substep_26] - Distance: 100.0000
(((8,((16,(17,((14,20),15))),2)),((((6,(18,9)),1),(7,3)),((13,19),((12,11),(4,10))))),5);

STEP 39 [SPR_ClassicHeuristic_MP_RF -> NNI_Substep_27] - Distance: 100.0000
(((8,(16,((17,((14,20),15)),2))),((((6,(18,9)),1),(7,3)),((13,19),((12,11),(4,10))))),5);

STEP 40 [SPR_ClassicHeuristic_MP_RF -> NNI_Substep_28] - Distance: 100.0000
(((8,(16,(17,(((14,20),15),2)))),((((6,(18,9)),1),(7,3)),((13,19),((12,11),(4,10))))),5);

STEP 41 [SPR_ClassicHeuristic_MP_RF -> NNI_Substep_29] - Distance: 100.0000
(((8,(16,(17,(((14,20),2),15)))),((((6,(18,9)),1),(7,3)),((13,19),((12,11),(4,10))))),5);

STEP 42 [SPR_ClassicHeuristic_MP_RF -> NNI_Substep_30] - Distance: 100.0000
(((8,(16,(17,(((14,20),2),15)))),((((6,(18,9)),1),(7,3)),((13,19),((12,(4,10)),11)))),5);

STEP 43 [SPR_ClassicHeuristic_MP_RF -> NNI_Substep_31] - Distance: 100.0000
(((8,(16,(17,(((14,20),2),15)))),((((6,(18,9)),1),(7,3)),(((13,19),(12,(4,10))),11))),5);

STEP 44 [SPR_ClassicHeuristic_MP_RF -> NNI_Substep_32] - Distance: 100.0000
(((8,(16,(17,(((14,20),2),15)))),(((((6,(18,9)),1),(7,3)),((13,19),(12,(4,10)))),11)),5);

STEP 45 [SPR_ClassicHeuristic_MP_RF -> NNI_Substep_33] - Distance: 100.0000
((((8,(16,(17,(((14,20),2),15)))),((((6,(18,9)),1),(7,3)),((13,19),(12,(4,10))))),11),5);

STEP 46 [SPR_ClassicHeuristic_MP_RF -> NNI_Substep_34] - Distance: 89.0000
((((8,(16,(17,(((14,20),2),15)))),11),((((6,(18,9)),1),(7,3)),((13,19),(12,(4,10))))),5);

STEP 47 [SPR_ClassicHeuristic_MP_RF -> NNI_Substep_35] - Distance: 88.0000
(((8,((16,(17,(((14,20),2),15))),11)),((((6,(18,9)),1),(7,3)),((13,19),(12,(4,10))))),5);

STEP 48 [SPR_ClassicHeuristic_MP_RF -> NNI_Substep_36] - Distance: 88.0000
(((8,(16,((17,(((14,20),2),15)),11))),((((6,(18,9)),1),(7,3)),((13,19),(12,(4,10))))),5);

STEP 49 [SPR_ClassicHeuristic_MP_RF -> NNI_Substep_37] - Distance: 88.0000
(((8,(16,(17,((((14,20),2),15),11)))),((((6,(18,9)),1),(7,3)),((13,19),(12,(4,10))))),5);

STEP 50 [SPR_ClassicHeuristic_MP_RF -> NNI_Substep_38] - Distance: 88.0000
(((8,(16,(17,((((14,20),2),11),15)))),((((6,(18,9)),1),(7,3)),((13,19),(12,(4,10))))),5);

STEP 51 [SPR_ClassicHeuristic_MP_RF -> NNI_Substep_39] - Distance: 88.0000
(((8,(16,((17,(((14,20),2),11)),15))),((((6,(18,9)),1),(7,3)),((13,19),(12,(4,10))))),5);

STEP 52 [SPR_ClassicHeuristic_MP_RF -> NNI_Substep_40] - Distance: 88.0000
(((8,((16,(17,(((14,20),2),11))),15)),((((6,(18,9)),1),(7,3)),((13,19),(12,(4,10))))),5);

STEP 53 [SPR_ClassicHeuristic_MP_RF -> NNI_Substep_41] - Distance: 88.0000
((((8,(16,(17,(((14,20),2),11)))),15),((((6,(18,9)),1),(7,3)),((13,19),(12,(4,10))))),5);

STEP 54 [SPR_ClassicHeuristic_MP_RF -> NNI_Substep_42] - Distance: 86.0000
((((8,(16,(17,(((14,20),2),11)))),((((6,(18,9)),1),(7,3)),((13,19),(12,(4,10))))),15),5);

STEP 55 [SPR_ClassicHeuristic_MP_RF -> NNI_Substep_43] - Distance: 81.0000
(((8,(16,(17,(((14,20),2),11)))),(((((6,(18,9)),1),(7,3)),((13,19),(12,(4,10)))),15)),5);

STEP 56 [SPR_ClassicHeuristic_MP_RF -> NNI_Substep_44] - Distance: 78.0000
(((8,(16,(17,(((14,20),2),11)))),((((6,(18,9)),1),(7,3)),(((13,19),(12,(4,10))),15))),5);

STEP 57 [SPR_ClassicHeuristic_MP_RF -> NNI_Substep_45] - Distance: 78.0000
(((8,(16,(17,(((14,20),2),11)))),((((6,(18,9)),1),(7,3)),((13,19),((12,(4,10)),15)))),5);

STEP 58 [SPR_ClassicHeuristic_MP_RF -> NNI_Substep_46] - Distance: 77.0000
(((8,(16,(17,(((14,20),2),11)))),((((6,(18,9)),1),(7,3)),((13,19),(12,((4,10),15))))),5);

STEP 59 [SPR_ClassicHeuristic_MP_RF -> NNI_Substep_47] - Distance: 77.0000
((((8,(17,(((14,20),2),11))),16),((((6,(18,9)),1),(7,3)),((13,19),(12,((4,10),15))))),5);

STEP 60 [SPR_ClassicHeuristic_MP_RF -> NNI_Substep_48] - Distance: 75.0000
((((8,(17,(((14,20),2),11))),((((6,(18,9)),1),(7,3)),((13,19),(12,((4,10),15))))),16),5);

STEP 61 [SPR_ClassicHeuristic_MP_RF -> NNI_Substep_49] - Distance: 70.0000
(((8,(17,(((14,20),2),11))),(((((6,(18,9)),1),(7,3)),((13,19),(12,((4,10),15)))),16)),5);

STEP 62 [SPR_ClassicHeuristic_MP_RF -> NNI_Substep_50] - Distance: 68.0000
(((8,(17,(((14,20),2),11))),((((6,(18,9)),1),(7,3)),(((13,19),(12,((4,10),15))),16))),5);

STEP 63 [SPR_ClassicHeuristic_MP_RF -> NNI_Substep_51] - Distance: 68.0000
(((8,(17,(((14,20),2),11))),((((6,(18,9)),1),(7,3)),(((13,19),16),(12,((4,10),15))))),5);

STEP 64 [SPR_ClassicHeuristic_MP_RF -> NNI_Substep_52] - Distance: 68.0000
(((8,(17,(((14,20),2),11))),((((6,(18,9)),1),(7,3)),((13,(19,16)),(12,((4,10),15))))),5);

STEP 65 [SPR_ClassicHeuristic_MP_RF -> NNI_Substep_53] - Distance: 68.0000
((((8,(((14,20),2),11)),17),((((6,(18,9)),1),(7,3)),((13,(19,16)),(12,((4,10),15))))),5);

STEP 66 [SPR_ClassicHeuristic_MP_RF -> NNI_Substep_54] - Distance: 66.0000
((((8,(((14,20),2),11)),((((6,(18,9)),1),(7,3)),((13,(19,16)),(12,((4,10),15))))),17),5);

STEP 67 [SPR_ClassicHeuristic_MP_RF -> NNI_Substep_55] - Distance: 61.0000
(((8,(((14,20),2),11)),(((((6,(18,9)),1),(7,3)),((13,(19,16)),(12,((4,10),15)))),17)),5);

STEP 68 [SPR_ClassicHeuristic_MP_RF -> NNI_Substep_56] - Distance: 58.0000
(((8,(((14,20),2),11)),((((6,(18,9)),1),(7,3)),(((13,(19,16)),(12,((4,10),15))),17))),5);

STEP 69 [SPR_ClassicHeuristic_MP_RF -> NNI_Substep_57] - Distance: 59.0000
(((8,(((14,20),2),11)),((((6,(18,9)),1),(7,3)),((13,(19,16)),((12,((4,10),15)),17)))),5);

STEP 70 [SPR_ClassicHeuristic_MP_RF -> NNI_Substep_58] - Distance: 56.0000
(((8,(((14,20),2),11)),((((6,(18,9)),1),(7,3)),((13,(19,16)),((12,17),((4,10),15))))),5);

STEP 71 [SPR_ClassicHeuristic_MP_RF -> NNI_Substep_59] - Distance: 56.0000
(((8,(((14,20),2),11)),((((6,(18,9)),1),(7,3)),(((19,16),((12,17),((4,10),15))),13))),5);

STEP 72 [SPR_ClassicHeuristic_MP_RF -> NNI_Substep_60] - Distance: 56.0000
(((8,(((14,20),2),11)),((((6,(18,9)),1),(7,3)),((19,16),(((12,17),((4,10),15)),13)))),5);

STEP 73 [SPR_ClassicHeuristic_MP_RF -> NNI_Substep_61] - Distance: 53.0000
(((8,(((14,20),2),11)),((((6,(18,9)),1),(7,3)),((19,16),(((12,17),13),((4,10),15))))),5);

STEP 74 [SPR_ClassicHeuristic_MP_RF -> NNI_Substep_62] - Distance: 52.0000
(((8,(((14,20),2),11)),((((6,(18,9)),1),(7,3)),((19,16),(((12,13),17),((4,10),15))))),5);

STEP 75 [SPR_ClassicHeuristic_MP_RF -> NNI_Substep_63] - Distance: 52.0000
(((8,(((14,20),2),11)),(((((6,(18,9)),1),(7,3)),(((12,13),17),((4,10),15))),(19,16))),5);

STEP 76 [SPR_ClassicHeuristic_MP_RF -> NNI_Substep_64] - Distance: 42.0000
(((8,(((14,20),2),11)),(((((6,(18,9)),1),(7,3)),(19,16)),(((12,13),17),((4,10),15)))),5);

STEP 77 [SPR_ClassicHeuristic_MP_RF -> NNI_Substep_65] - Distance: 40.0000
(((8,(((14,20),2),11)),((((6,(18,9)),1),((7,3),(19,16))),(((12,13),17),((4,10),15)))),5);

STEP 78 [SPR_ClassicHeuristic_MP_RF -> NNI_Substep_66] - Distance: 40.0000
(((8,(((14,20),2),11)),(((((18,9),1),6),((7,3),(19,16))),(((12,13),17),((4,10),15)))),5);

STEP 79 [SPR_ClassicHeuristic_MP_RF -> NNI_Substep_67] - Distance: 40.0000
(((8,(((14,20),2),11)),(((((18,9),1),((7,3),(19,16))),6),(((12,13),17),((4,10),15)))),5);

STEP 80 [SPR_ClassicHeuristic_MP_RF -> NNI_Substep_68] - Distance: 37.0000
(((8,(((14,20),2),11)),(((((18,9),1),((7,3),(19,16))),(((12,13),17),((4,10),15))),6)),5);

STEP 81 [SPR_ClassicHeuristic_MP_RF -> NNI_Substep_69] - Distance: 32.0000
(((8,(((14,20),2),11)),((((18,9),1),((7,3),(19,16))),((((12,13),17),((4,10),15)),6))),5);

STEP 82 [SPR_ClassicHeuristic_MP_RF -> NNI_Substep_70] - Distance: 29.0000
(((8,(((14,20),2),11)),((((18,9),1),((7,3),(19,16))),((((12,13),17),6),((4,10),15)))),5);

STEP 83 [SPR_ClassicHeuristic_MP_RF -> NNI_Substep_71] - Distance: 29.0000
(((8,(((14,20),2),11)),((((18,1),9),((7,3),(19,16))),((((12,13),17),6),((4,10),15)))),5);

STEP 84 [SPR_ClassicHeuristic_MP_RF -> NNI_Substep_72] - Distance: 29.0000
(((8,(((14,20),2),11)),((((18,1),((7,3),(19,16))),9),((((12,13),17),6),((4,10),15)))),5);

STEP 85 [SPR_ClassicHeuristic_MP_RF -> NNI_Substep_73] - Distance: 29.0000
(((8,(((14,20),2),11)),(((18,1),(((7,3),(19,16)),9)),((((12,13),17),6),((4,10),15)))),5);

STEP 86 [SPR_ClassicHeuristic_MP_RF -> NNI_Substep_74] - Distance: 23.0000
(((8,(((14,20),2),11)),(((((7,3),(19,16)),9),((((12,13),17),6),((4,10),15))),(18,1))),5);

STEP 87 [SPR_ClassicHeuristic_MP_RF -> NNI_Substep_75] - Distance: 13.0000
(((8,(((14,20),2),11)),((((7,3),(19,16)),9),(((((12,13),17),6),((4,10),15)),(18,1)))),5);

STEP 88 [SPR_ClassicHeuristic_MP_RF -> NNI_Substep_76] - Distance: 0.0000
(((8,(((14,20),2),11)),((((7,3),(19,16)),9),((((12,13),17),6),(((4,10),15),(18,1))))),5);

========================================================
[FINAL] Total Steps: 88 | Final Distance: 0.0000
========================================================
