========================================================
HEURISTIC TRAJECTORY: VND Incremental (M3_RF)
========================================================
STEP 0 [START] - Distance: 908.0000
(5,(20,((2,7),(6,16))),(((17,(11,19)),(9,((12,8),(18,4)))),((15,(14,3)),(13,(10,1)))));

STEP 1 [NNI_IncrementalHeuristic_M3_RF -> NNI_Substep_1] - Distance: 891.0000
(5,(20,((2,7),(6,16))),(((17,(9,((12,8),(18,4)))),(11,19)),((15,(14,3)),(13,(10,1)))));

STEP 2 [NNI_IncrementalHeuristic_M3_RF -> NNI_Substep_2] - Distance: 881.0000
(5,((2,7),(20,(6,16))),(((17,(9,((12,8),(18,4)))),(11,19)),((15,(14,3)),(13,(10,1)))));

STEP 3 [NNI_IncrementalHeuristic_M3_RF -> NNI_Substep_3] - Distance: 873.0000
(((17,(9,((12,8),(18,4)))),(11,19)),((2,7),(20,(6,16))),(5,((15,(14,3)),(13,(10,1)))));

STEP 4 [NNI_IncrementalHeuristic_M3_RF -> NNI_Substep_4] - Distance: 850.0000
((2,7),(((17,(9,((12,8),(18,4)))),(11,19)),(20,(6,16))),(5,((15,(14,3)),(13,(10,1)))));

STEP 5 [NNI_IncrementalHeuristic_M3_RF -> NNI_Substep_5] - Distance: 830.0000
((2,7),(((17,(9,((12,8),(18,4)))),(20,(6,16))),(11,19)),(5,((15,(14,3)),(13,(10,1)))));

STEP 6 [NNI_IncrementalHeuristic_M3_RF -> NNI_Substep_6] - Distance: 813.0000
(((((17,(9,((12,8),(18,4)))),(20,(6,16))),(11,19)),7),2,(5,((15,(14,3)),(13,(10,1)))));

STEP 7 [NNI_IncrementalHeuristic_M3_RF -> NNI_Substep_7] - Distance: 792.0000
(((7,(11,19)),((17,(9,((12,8),(18,4)))),(20,(6,16)))),2,(5,((15,(14,3)),(13,(10,1)))));

STEP 8 [NNI_IncrementalHeuristic_M3_RF -> NNI_Substep_8] - Distance: 783.0000
(((15,(14,3)),(13,(10,1))),2,(5,((7,(11,19)),((17,(9,((12,8),(18,4)))),(20,(6,16))))));

STEP 9 [NNI_IncrementalHeuristic_M3_RF -> NNI_Substep_9] - Distance: 779.0000
((((13,(10,1)),(14,3)),15),2,(5,((7,(11,19)),((17,(9,((12,8),(18,4)))),(20,(6,16))))));

STEP 10 [NNI_IncrementalHeuristic_M3_RF -> NNI_Substep_10] - Distance: 775.0000
(((3,(14,(13,(10,1)))),15),2,(5,((7,(11,19)),((17,(9,((12,8),(18,4)))),(20,(6,16))))));

STEP 11 [NNI_IncrementalHeuristic_M3_RF -> NNI_Substep_11] - Distance: 772.0000
(((3,(14,(13,(10,1)))),2),15,(5,((7,(11,19)),((17,(9,((12,8),(18,4)))),(20,(6,16))))));

STEP 12 [NNI_IncrementalHeuristic_M3_RF -> NNI_Substep_12] - Distance: 769.0000
(((2,(14,(13,(10,1)))),3),15,(5,((7,(11,19)),((17,(9,((12,8),(18,4)))),(20,(6,16))))));

STEP 13 [NNI_IncrementalHeuristic_M3_RF -> NNI_Substep_13] - Distance: 766.0000
(((7,(11,19)),((17,(9,((12,8),(18,4)))),(20,(6,16)))),15,(5,((2,(14,(13,(10,1)))),3)));

STEP 14 [NNI_IncrementalHeuristic_M3_RF -> NNI_Substep_14] - Distance: 730.0000
(((7,(11,19)),15),((17,(9,((12,8),(18,4)))),(20,(6,16))),(5,((2,(14,(13,(10,1)))),3)));

STEP 15 [NNI_IncrementalHeuristic_M3_RF -> NNI_Substep_15] - Distance: 716.0000
(((15,(11,19)),7),((17,(9,((12,8),(18,4)))),(20,(6,16))),(5,((2,(14,(13,(10,1)))),3)));

STEP 16 [NNI_IncrementalHeuristic_M3_RF -> NNI_Substep_16] - Distance: 700.0000
(((19,(11,15)),7),((17,(9,((12,8),(18,4)))),(20,(6,16))),(5,((2,(14,(13,(10,1)))),3)));

STEP 17 [NNI_IncrementalHeuristic_M3_RF -> NNI_Substep_17] - Distance: 697.0000
(((19,(11,15)),7),((17,((12,8),(9,(18,4)))),(20,(6,16))),(5,((2,(14,(13,(10,1)))),3)));

STEP 18 [NNI_IncrementalHeuristic_M3_RF -> NNI_Substep_18] - Distance: 694.0000
(((19,(11,15)),7),(((12,8),(17,(9,(18,4)))),(20,(6,16))),(5,((2,(14,(13,(10,1)))),3)));

STEP 19 [NNI_IncrementalHeuristic_M3_RF -> NNI_Substep_19] - Distance: 683.0000
(((19,(11,15)),7),(((20,(6,16)),(17,(9,(18,4)))),(12,8)),(5,((2,(14,(13,(10,1)))),3)));

STEP 20 [NNI_IncrementalHeuristic_M3_RF -> NNI_Substep_20] - Distance: 648.0000
(((20,(6,16)),(17,(9,(18,4)))),(((19,(11,15)),7),(12,8)),(5,((2,(14,(13,(10,1)))),3)));

STEP 21 [NNI_IncrementalHeuristic_M3_RF -> NNI_Substep_21] - Distance: 612.0000
(((20,(6,16)),(17,(9,(18,4)))),(((12,8),7),(19,(11,15))),(5,((2,(14,(13,(10,1)))),3)));

STEP 22 [NNI_IncrementalHeuristic_M3_RF -> NNI_Substep_22] - Distance: 609.0000
(((20,(6,16)),(17,(4,(18,9)))),(((12,8),7),(19,(11,15))),(5,((2,(14,(13,(10,1)))),3)));

STEP 23 [NNI_IncrementalHeuristic_M3_RF -> NNI_Substep_23] - Distance: 606.0000
(((20,(6,16)),(4,(17,(18,9)))),(((12,8),7),(19,(11,15))),(5,((2,(14,(13,(10,1)))),3)));

STEP 24 [NNI_IncrementalHeuristic_M3_RF -> NNI_Substep_24] - Distance: 596.0000
((4,((20,(6,16)),(17,(18,9)))),(((12,8),7),(19,(11,15))),(5,((2,(14,(13,(10,1)))),3)));

STEP 25 [NNI_IncrementalHeuristic_M3_RF -> NNI_Substep_25] - Distance: 566.0000
((4,(((12,8),7),(19,(11,15)))),((20,(6,16)),(17,(18,9))),(5,((2,(14,(13,(10,1)))),3)));

STEP 26 [NNI_IncrementalHeuristic_M3_RF -> NNI_Substep_26] - Distance: 542.0000
((((12,8),7),(4,(19,(11,15)))),((20,(6,16)),(17,(18,9))),(5,((2,(14,(13,(10,1)))),3)));

STEP 27 [NNI_IncrementalHeuristic_M3_RF -> NNI_Substep_27] - Distance: 512.0000
((((12,8),7),((11,15),(19,4))),((20,(6,16)),(17,(18,9))),(5,((2,(14,(13,(10,1)))),3)));

STEP 28 [NNI_IncrementalHeuristic_M3_RF -> NNI_Substep_28] - Distance: 509.0000
((((12,8),7),((11,15),(19,4))),((20,(6,16)),(17,(18,9))),(3,((2,(14,(13,(10,1)))),5)));

STEP 29 [NNI_IncrementalHeuristic_M3_RF -> NNI_Substep_29] - Distance: 477.0000
(3,((20,(6,16)),(17,(18,9))),((((12,8),7),((11,15),(19,4))),((2,(14,(13,(10,1)))),5)));

STEP 30 [NNI_IncrementalHeuristic_M3_RF -> NNI_Substep_30] - Distance: 448.0000
((20,(6,16)),(3,(17,(18,9))),((((12,8),7),((11,15),(19,4))),((2,(14,(13,(10,1)))),5)));

STEP 31 [NNI_IncrementalHeuristic_M3_RF -> NNI_Substep_31] - Distance: 431.0000
((20,(6,16)),(17,(3,(18,9))),((((12,8),7),((11,15),(19,4))),((2,(14,(13,(10,1)))),5)));

STEP 32 [NNI_IncrementalHeuristic_M3_RF -> NNI_Substep_32] - Distance: 413.0000
((20,(6,16)),(17,(18,(3,9))),((((12,8),7),((11,15),(19,4))),((2,(14,(13,(10,1)))),5)));

STEP 33 [NNI_IncrementalHeuristic_M3_RF -> NNI_Substep_33] - Distance: 411.0000
((6,(20,16)),(17,(18,(3,9))),((((12,8),7),((11,15),(19,4))),((2,(14,(13,(10,1)))),5)));

STEP 34 [NNI_IncrementalHeuristic_M3_RF -> NNI_Substep_34] - Distance: 394.0000
(((17,(18,(3,9))),(20,16)),6,((((12,8),7),((11,15),(19,4))),((2,(14,(13,(10,1)))),5)));

STEP 35 [NNI_IncrementalHeuristic_M3_RF -> NNI_Substep_35] - Distance: 344.0000
(((2,(14,(13,(10,1)))),5),6,((((12,8),7),((11,15),(19,4))),((17,(18,(3,9))),(20,16))));

STEP 36 [NNI_IncrementalHeuristic_M3_RF -> NNI_Substep_36] - Distance: 331.0000
(((2,(14,(13,(10,1)))),6),5,((((12,8),7),((11,15),(19,4))),((17,(18,(3,9))),(20,16))));

STEP 37 [NNI_IncrementalHeuristic_M3_RF -> NNI_Substep_37] - Distance: 329.0000
(((2,(13,(14,(10,1)))),6),5,((((12,8),7),((11,15),(19,4))),((17,(18,(3,9))),(20,16))));

STEP 38 [NNI_IncrementalHeuristic_M3_RF -> NNI_Substep_38] - Distance: 326.0000
(((13,(2,(14,(10,1)))),6),5,((((12,8),7),((11,15),(19,4))),((17,(18,(3,9))),(20,16))));

STEP 39 [NNI_IncrementalHeuristic_M3_RF -> NNI_Substep_39] - Distance: 323.0000
(((6,(2,(14,(10,1)))),13),5,((((12,8),7),((11,15),(19,4))),((17,(18,(3,9))),(20,16))));

STEP 40 [NNI_IncrementalHeuristic_M3_RF -> NNI_Substep_40] - Distance: 318.0000
(((6,(2,(14,(10,1)))),5),13,((((12,8),7),((11,15),(19,4))),((17,(18,(3,9))),(20,16))));

STEP 41 [NNI_IncrementalHeuristic_M3_RF -> NNI_Substep_41] - Distance: 282.0000
((((12,8),7),((11,15),(19,4))),13,(((6,(2,(14,(10,1)))),5),((17,(18,(3,9))),(20,16))));

STEP 42 [NNI_IncrementalHeuristic_M3_RF -> NNI_Substep_42] - Distance: 255.0000
((13,((11,15),(19,4))),((12,8),7),(((6,(2,(14,(10,1)))),5),((17,(18,(3,9))),(20,16))));

STEP 43 [NNI_IncrementalHeuristic_M3_RF -> NNI_Substep_43] - Distance: 223.0000
(((11,15),(13,(19,4))),((12,8),7),(((6,(2,(14,(10,1)))),5),((17,(18,(3,9))),(20,16))));

STEP 44 [NNI_IncrementalHeuristic_M3_RF -> NNI_Substep_44] - Distance: 205.0000
(((11,15),(4,(19,13))),((12,8),7),(((6,(2,(14,(10,1)))),5),((17,(18,(3,9))),(20,16))));

STEP 45 [NNI_IncrementalHeuristic_M3_RF -> NNI_Substep_45] - Distance: 203.0000
(((11,15),(4,(19,13))),((12,7),8),(((6,(2,(14,(10,1)))),5),((17,(18,(3,9))),(20,16))));

STEP 46 [NNI_IncrementalHeuristic_M3_RF -> NNI_Substep_46] - Distance: 188.0000
(8,((12,7),((11,15),(4,(19,13)))),(((6,(2,(14,(10,1)))),5),((17,(18,(3,9))),(20,16))));

STEP 47 [NNI_IncrementalHeuristic_M3_RF -> NNI_Substep_47] - Distance: 140.0000
(((17,(18,(3,9))),(20,16)),((12,7),((11,15),(4,(19,13)))),(((6,(2,(14,(10,1)))),5),8));

STEP 48 [NNI_IncrementalHeuristic_M3_RF -> NNI_Substep_48] - Distance: 126.0000
(((17,(18,(3,9))),(20,16)),((12,7),((11,15),(4,(19,13)))),(((6,(2,(14,(10,1)))),8),5));

STEP 49 [NNI_IncrementalHeuristic_M3_RF -> NNI_Substep_49] - Distance: 111.0000
(((17,(18,(3,9))),(20,16)),((12,7),((11,15),(4,(19,13)))),(((8,(2,(14,(10,1)))),6),5));

STEP 50 [NNI_IncrementalHeuristic_M3_RF -> NNI_Substep_50] - Distance: 78.0000
(((17,(18,(3,9))),(20,16)),((12,7),((11,15),(4,(19,13)))),((((14,(10,1)),(2,8)),6),5));

STEP 51 [NNI_IncrementalHeuristic_M3_RF -> NNI_Substep_51] - Distance: 76.0000
(((17,(18,(3,9))),(20,16)),((12,7),((11,15),(4,(19,13)))),((((10,(14,1)),(2,8)),6),5));

STEP 52 [NNI_IncrementalHeuristic_M3_RF -> NNI_Substep_52] - Distance: 60.0000
(((17,(18,(3,9))),(20,16)),((12,7),((11,15),(4,(19,13)))),(((((2,8),(14,1)),10),6),5));

STEP 53 [NNI_IncrementalHeuristic_M3_RF -> NNI_Substep_53] - Distance: 0.0000
(((17,(18,(3,9))),(20,16)),((12,7),((11,15),(4,(19,13)))),(((6,10),((2,8),(14,1))),5));

========================================================
[FINAL] Total Steps: 53 | Final Distance: 0.0000
========================================================
