========================================================
HEURISTIC TRAJECTORY: VND Incremental (MC)
========================================================
STEP 0 [START] - Distance: 91.0000
(4,(2,((((17,(16,(13,(1,(5,18))))),(15,((12,7),(8,(3,19))))),(11,(10,9))),(14,(20,6)))));

STEP 1 [NNI_IncrementalHeuristic_MC -> NNI_Substep_1] - Distance: 83.0000
((((14,(20,6)),(11,(10,9))),((17,(16,(13,(1,(5,18))))),(15,((12,7),(8,(3,19)))))),(2,4));

STEP 2 [NNI_IncrementalHeuristic_MC -> NNI_Substep_2] - Distance: 81.0000
((((14,(20,6)),(11,(10,9))),((17,(16,(1,(13,(5,18))))),(15,((12,7),(8,(3,19)))))),(2,4));

STEP 3 [NNI_IncrementalHeuristic_MC -> NNI_Substep_3] - Distance: 80.0000
((((14,(11,(10,9))),(20,6)),((17,(16,(1,(13,(5,18))))),(15,((12,7),(8,(3,19)))))),(2,4));

STEP 4 [NNI_IncrementalHeuristic_MC -> NNI_Substep_4] - Distance: 79.0000
((((14,(11,(10,9))),(20,6)),(((1,(13,(5,18))),(16,17)),(15,((12,7),(8,(3,19)))))),(2,4));

STEP 5 [NNI_IncrementalHeuristic_MC -> NNI_Substep_5] - Distance: 76.0000
((((14,(11,(10,9))),(20,6)),(((12,7),(8,(3,19))),(15,((1,(13,(5,18))),(16,17))))),(2,4));

STEP 6 [NNI_IncrementalHeuristic_MC -> NNI_Substep_6] - Distance: 74.0000
((((14,(11,(10,9))),(20,6)),(((12,7),(19,(3,8))),(15,((1,(13,(5,18))),(16,17))))),(2,4));

STEP 7 [NNI_IncrementalHeuristic_MC -> NNI_Substep_7] - Distance: 73.0000
((((14,(11,(10,9))),(20,6)),(((12,7),(19,(3,8))),((1,(13,(5,18))),(15,(16,17))))),(2,4));

STEP 8 [TBR_IncrementalHeuristic_MC -> NNI_Substep_1] - Distance: 73.0000
((((14,(11,(10,9))),(20,6)),(((12,7),(19,(3,8))),((1,(18,(5,13))),(15,(16,17))))),(2,4));

STEP 9 [TBR_IncrementalHeuristic_MC -> NNI_Substep_2] - Distance: 71.0000
((((14,(11,(10,9))),(20,6)),(((12,7),(19,(3,8))),((1,(15,(16,17))),(18,(5,13))))),(2,4));

STEP 10 [TBR_IncrementalHeuristic_MC -> NNI_Substep_3] - Distance: 75.0000
((((14,(11,(10,9))),(20,6)),((((12,7),(19,(3,8))),(1,(15,(16,17)))),(18,(5,13)))),(2,4));

STEP 11 [TBR_IncrementalHeuristic_MC -> NNI_Substep_4] - Distance: 76.0000
(((((14,(11,(10,9))),(20,6)),(((12,7),(19,(3,8))),(1,(15,(16,17))))),(18,(5,13))),(2,4));

STEP 12 [TBR_IncrementalHeuristic_MC -> NNI_Substep_5] - Distance: 72.0000
(((((14,(11,(10,9))),(20,6)),(18,(5,13))),(((12,7),(19,(3,8))),(1,(15,(16,17))))),(2,4));

STEP 13 [TBR_IncrementalHeuristic_MC -> NNI_Substep_6] - Distance: 69.0000
(((((14,(11,(10,9))),(18,(5,13))),(20,6)),(((12,7),(19,(3,8))),(1,(15,(16,17))))),(2,4));

STEP 14 [TBR_IncrementalHeuristic_MC -> NNI_Substep_7] - Distance: 65.0000
(((((14,(18,(5,13))),(11,(10,9))),(20,6)),(((12,7),(19,(3,8))),(1,(15,(16,17))))),(2,4));

STEP 15 [TBR_IncrementalHeuristic_MC -> NNI_Substep_8] - Distance: 67.0000
(((((14,(18,(5,13))),(11,(10,9))),(20,6)),(((7,(19,(3,8))),12),(1,(15,(16,17))))),(2,4));

STEP 16 [TBR_IncrementalHeuristic_MC -> NNI_Substep_9] - Distance: 68.0000
(((((14,(18,(5,13))),(11,(10,9))),(20,6)),(((7,(19,(3,8))),(1,(15,(16,17)))),12)),(2,4));

STEP 17 [TBR_IncrementalHeuristic_MC -> NNI_Substep_10] - Distance: 70.0000
((((((14,(18,(5,13))),(11,(10,9))),(20,6)),((7,(19,(3,8))),(1,(15,(16,17))))),12),(2,4));

STEP 18 [TBR_IncrementalHeuristic_MC -> NNI_Substep_11] - Distance: 69.0000
((((((14,(18,(5,13))),(11,(10,9))),(20,6)),12),((7,(19,(3,8))),(1,(15,(16,17))))),(2,4));

STEP 19 [TBR_IncrementalHeuristic_MC -> NNI_Substep_12] - Distance: 66.0000
((((((14,(18,(5,13))),(11,(10,9))),12),(20,6)),((7,(19,(3,8))),(1,(15,(16,17))))),(2,4));

STEP 20 [TBR_IncrementalHeuristic_MC -> NNI_Substep_13] - Distance: 61.0000
(((((14,(18,(5,13))),((11,(10,9)),12)),(20,6)),((7,(19,(3,8))),(1,(15,(16,17))))),(2,4));

STEP 21 [TBR_IncrementalHeuristic_MC -> NNI_Substep_14] - Distance: 58.0000
(((((14,(18,(5,13))),((11,12),(10,9))),(20,6)),((7,(19,(3,8))),(1,(15,(16,17))))),(2,4));

STEP 22 [TBR_IncrementalHeuristic_MC -> NNI_Substep_15] - Distance: 64.0000
((((((14,(18,(5,13))),((11,12),(10,9))),(20,6)),4),((7,(19,(3,8))),(1,(15,(16,17))))),2);

STEP 23 [TBR_IncrementalHeuristic_MC -> NNI_Substep_16] - Distance: 61.0000
((((((14,(18,(5,13))),((11,12),(10,9))),4),(20,6)),((7,(19,(3,8))),(1,(15,(16,17))))),2);

STEP 24 [TBR_IncrementalHeuristic_MC -> NNI_Substep_17] - Distance: 56.0000
(((((14,(18,(5,13))),(((11,12),(10,9)),4)),(20,6)),((7,(19,(3,8))),(1,(15,(16,17))))),2);

STEP 25 [TBR_IncrementalHeuristic_MC -> NNI_Substep_18] - Distance: 53.0000
(((((14,(18,(5,13))),(((11,12),4),(10,9))),(20,6)),((7,(19,(3,8))),(1,(15,(16,17))))),2);

STEP 26 [TBR_IncrementalHeuristic_MC -> NNI_Substep_19] - Distance: 51.0000
(((((14,(18,(5,13))),(((11,4),12),(10,9))),(20,6)),((7,(19,(3,8))),(1,(15,(16,17))))),2);

STEP 27 [TBR_IncrementalHeuristic_MC -> NNI_Substep_20] - Distance: 51.0000
(((((14,(18,(5,13))),(((11,4),12),(10,9))),(20,6)),((7,(19,(3,8))),(1,((15,17),16)))),2);

STEP 28 [TBR_IncrementalHeuristic_MC -> NNI_Substep_21] - Distance: 51.0000
(((((14,(18,(5,13))),(((11,4),12),(10,9))),(20,6)),((7,(19,(3,8))),((1,(15,17)),16))),2);

STEP 29 [TBR_IncrementalHeuristic_MC -> NNI_Substep_22] - Distance: 52.0000
(((((14,(18,(5,13))),(((11,4),12),(10,9))),(20,6)),(((7,(19,(3,8))),(1,(15,17))),16)),2);

STEP 30 [TBR_IncrementalHeuristic_MC -> NNI_Substep_23] - Distance: 56.0000
((((((14,(18,(5,13))),(((11,4),12),(10,9))),(20,6)),((7,(19,(3,8))),(1,(15,17)))),16),2);

STEP 31 [TBR_IncrementalHeuristic_MC -> NNI_Substep_24] - Distance: 54.0000
((((((14,(18,(5,13))),(((11,4),12),(10,9))),(20,6)),16),((7,(19,(3,8))),(1,(15,17)))),2);

STEP 32 [TBR_IncrementalHeuristic_MC -> NNI_Substep_25] - Distance: 51.0000
((((((14,(18,(5,13))),(((11,4),12),(10,9))),16),(20,6)),((7,(19,(3,8))),(1,(15,17)))),2);

STEP 33 [TBR_IncrementalHeuristic_MC -> NNI_Substep_26] - Distance: 48.0000
(((((14,(18,(5,13))),((((11,4),12),(10,9)),16)),(20,6)),((7,(19,(3,8))),(1,(15,17)))),2);

STEP 34 [TBR_IncrementalHeuristic_MC -> NNI_Substep_27] - Distance: 44.0000
(((((14,(18,(5,13))),(((11,4),12),((10,9),16))),(20,6)),((7,(19,(3,8))),(1,(15,17)))),2);

STEP 35 [TBR_IncrementalHeuristic_MC -> NNI_Substep_28] - Distance: 44.0000
(((((14,(18,(5,13))),(((11,4),12),((9,16),10))),(20,6)),((7,(19,(3,8))),(1,(15,17)))),2);

STEP 36 [TBR_IncrementalHeuristic_MC -> NNI_Substep_29] - Distance: 46.0000
(((((14,(18,(5,13))),((((11,4),12),(9,16)),10)),(20,6)),((7,(19,(3,8))),(1,(15,17)))),2);

STEP 37 [TBR_IncrementalHeuristic_MC -> NNI_Substep_30] - Distance: 47.0000
((((((14,(18,(5,13))),(((11,4),12),(9,16))),10),(20,6)),((7,(19,(3,8))),(1,(15,17)))),2);

STEP 38 [TBR_IncrementalHeuristic_MC -> NNI_Substep_31] - Distance: 46.0000
((((((14,(18,(5,13))),(((11,4),12),(9,16))),(20,6)),10),((7,(19,(3,8))),(1,(15,17)))),2);

STEP 39 [TBR_IncrementalHeuristic_MC -> NNI_Substep_32] - Distance: 48.0000
((((((14,(18,(5,13))),(((11,4),12),(9,16))),(20,6)),((7,(19,(3,8))),(1,(15,17)))),10),2);

STEP 40 [TBR_IncrementalHeuristic_MC -> NNI_Substep_33] - Distance: 43.0000
((((7,(19,(3,8))),(1,(15,17))),(20,(6,((14,(18,(5,13))),(((11,4),12),(9,16)))))),(2,10));

STEP 41 [TBR_IncrementalHeuristic_MC -> NNI_Substep_34] - Distance: 34.0000
((((7,(19,(3,8))),((1,17),15)),(2,10)),(20,(6,((14,(18,(5,13))),(((11,4),12),(9,16))))));

STEP 42 [TBR_IncrementalHeuristic_MC -> NNI_Substep_35] - Distance: 35.0000
(((((7,(19,(3,8))),(1,17)),15),(2,10)),(20,(6,((14,(18,(5,13))),(((11,4),12),(9,16))))));

STEP 43 [TBR_IncrementalHeuristic_MC -> NNI_Substep_36] - Distance: 34.0000
(((((7,(19,(3,8))),(1,17)),(2,10)),15),(20,(6,((14,(18,(5,13))),(((11,4),12),(9,16))))));

STEP 44 [TBR_IncrementalHeuristic_MC -> NNI_Substep_37] - Distance: 35.0000
((((7,(19,(3,8))),(1,17)),(2,10)),(20,((6,((14,(18,(5,13))),(((11,4),12),(9,16)))),15)));

STEP 45 [TBR_IncrementalHeuristic_MC -> NNI_Substep_38] - Distance: 33.0000
((((7,(19,(3,8))),(1,17)),(2,10)),(20,(6,(((14,(18,(5,13))),(((11,4),12),(9,16))),15))));

STEP 46 [TBR_IncrementalHeuristic_MC -> NNI_Substep_39] - Distance: 27.0000
((((7,(19,(3,8))),(1,17)),(2,10)),(20,(6,(((14,(18,(5,13))),15),(((11,4),12),(9,16))))));

STEP 47 [TBR_IncrementalHeuristic_MC -> NNI_Substep_40] - Distance: 27.0000
((((7,(19,(3,8))),(1,17)),(2,10)),(20,(6,((((14,(5,13)),18),15),(((11,4),12),(9,16))))));

STEP 48 [TBR_IncrementalHeuristic_MC -> NNI_Substep_41] - Distance: 27.0000
((((7,(19,(3,8))),(1,17)),(2,10)),(20,(6,((((14,(5,13)),15),18),(((11,4),12),(9,16))))));

STEP 49 [TBR_IncrementalHeuristic_MC -> NNI_Substep_42] - Distance: 31.0000
((((7,(19,(3,8))),(1,17)),(2,10)),(20,(6,((((14,(5,13)),15),(((11,4),12),(9,16))),18))));

STEP 50 [TBR_IncrementalHeuristic_MC -> NNI_Substep_43] - Distance: 31.0000
((((7,(19,(3,8))),(1,17)),(2,10)),(20,((6,(((14,(5,13)),15),(((11,4),12),(9,16)))),18)));

STEP 51 [TBR_IncrementalHeuristic_MC -> NNI_Substep_44] - Distance: 31.0000
((((7,(19,(3,8))),(1,17)),(2,10)),((20,(6,(((14,(5,13)),15),(((11,4),12),(9,16))))),18));

STEP 52 [TBR_IncrementalHeuristic_MC -> NNI_Substep_45] - Distance: 19.0000
((((7,(19,(3,8))),(1,17)),((2,10),18)),(20,(6,(((14,(5,13)),15),(((11,4),12),(9,16))))));

STEP 53 [TBR_IncrementalHeuristic_MC -> NNI_Substep_46] - Distance: 18.0000
(((((7,19),(3,8)),(1,17)),((2,10),18)),(20,(6,(((14,(5,13)),15),(((11,4),12),(9,16))))));

STEP 54 [TBR_IncrementalHeuristic_MC -> NNI_Substep_47] - Distance: 18.0000
(((((7,19),(1,17)),(3,8)),((2,10),18)),(20,(6,(((14,(5,13)),15),(((11,4),12),(9,16))))));

STEP 55 [TBR_IncrementalHeuristic_MC -> NNI_Substep_48] - Distance: 14.0000
((((7,19),((1,17),(3,8))),((2,10),18)),(20,(6,(((14,(5,13)),15),(((11,4),12),(9,16))))));

STEP 56 [TBR_IncrementalHeuristic_MC -> NNI_Substep_49] - Distance: 14.0000
((((7,19),((1,17),(3,8))),((10,18),2)),(20,(6,(((14,(5,13)),15),(((11,4),12),(9,16))))));

STEP 57 [TBR_IncrementalHeuristic_MC -> NNI_Substep_50] - Distance: 19.0000
(((((7,19),((1,17),(3,8))),(10,18)),2),(20,(6,(((14,(5,13)),15),(((11,4),12),(9,16))))));

STEP 58 [TBR_IncrementalHeuristic_MC -> NNI_Substep_51] - Distance: 16.0000
(((((7,19),((1,17),(3,8))),2),(10,18)),(20,(6,(((14,(5,13)),15),(((11,4),12),(9,16))))));

STEP 59 [TBR_IncrementalHeuristic_MC -> NNI_Substep_52] - Distance: 13.0000
((((7,19),(((1,17),(3,8)),2)),(10,18)),(20,(6,(((14,(5,13)),15),(((11,4),12),(9,16))))));

STEP 60 [TBR_IncrementalHeuristic_MC -> NNI_Substep_53] - Distance: 10.0000
((((7,19),(((1,17),2),(3,8))),(10,18)),(20,(6,(((14,(5,13)),15),(((11,4),12),(9,16))))));

STEP 61 [TBR_IncrementalHeuristic_MC -> NNI_Substep_54] - Distance: 8.0000
((((7,19),((1,(17,2)),(3,8))),(10,18)),(20,(6,(((14,(5,13)),15),(((11,4),12),(9,16))))));

STEP 62 [TBR_IncrementalHeuristic_MC -> NNI_Substep_55] - Distance: 12.0000
((((19,((1,(17,2)),(3,8))),7),(10,18)),(20,(6,(((14,(5,13)),15),(((11,4),12),(9,16))))));

STEP 63 [TBR_IncrementalHeuristic_MC -> NNI_Substep_56] - Distance: 13.0000
((((19,((1,(17,2)),(3,8))),(10,18)),7),(20,(6,(((14,(5,13)),15),(((11,4),12),(9,16))))));

STEP 64 [TBR_IncrementalHeuristic_MC -> NNI_Substep_57] - Distance: 5.0000
(((19,((1,(17,2)),(3,8))),(10,18)),((20,7),(6,(((14,(5,13)),15),(((11,4),12),(9,16))))));

STEP 65 [TBR_IncrementalHeuristic_MC -> NNI_Substep_58] - Distance: 14.0000
(((19,((1,(17,2)),(3,8))),(10,18)),((7,(6,(((14,(5,13)),15),(((11,4),12),(9,16))))),20));

STEP 66 [TBR_IncrementalHeuristic_MC -> NNI_Substep_59] - Distance: 6.0000
((((19,((1,(17,2)),(3,8))),20),(10,18)),(7,(6,(((14,(5,13)),15),(((11,4),12),(9,16))))));

STEP 67 [TBR_IncrementalHeuristic_MC -> NNI_Substep_60] - Distance: 0.0000
((((19,20),((1,(17,2)),(3,8))),(10,18)),(7,(6,(((14,(5,13)),15),(((11,4),12),(9,16))))));

========================================================
[FINAL] Total Steps: 67 | Final Distance: 0.0000
========================================================
