========================================================
HEURISTIC TRAJECTORY: VND Incremental (MC)
========================================================
STEP 0 [START] - Distance: 84.0000
(((((3,((6,18),(16,13))),(15,10)),(1,(9,20))),(7,19)),(((14,17),(2,5)),(12,(11,(4,8)))));

STEP 1 [NNI_IncrementalHeuristic_MC -> NNI_Substep_1] - Distance: 75.0000
(((((3,((6,18),(16,13))),(15,10)),(((14,17),(2,5)),(12,(11,(4,8))))),(1,(9,20))),(7,19));

STEP 2 [NNI_IncrementalHeuristic_MC -> NNI_Substep_2] - Distance: 72.0000
(((((3,((6,18),(16,13))),(15,10)),(((14,17),(2,5)),((4,8),(11,12)))),(1,(9,20))),(7,19));

STEP 3 [NNI_IncrementalHeuristic_MC -> NNI_Substep_3] - Distance: 70.0000
(((((3,(15,10)),((6,18),(16,13))),(((14,17),(2,5)),((4,8),(11,12)))),(1,(9,20))),(7,19));

STEP 4 [NNI_IncrementalHeuristic_MC -> NNI_Substep_4] - Distance: 68.0000
((((7,19),(((14,17),(2,5)),((4,8),(11,12)))),((3,(15,10)),((6,18),(16,13)))),(1,(9,20)));

STEP 5 [NNI_IncrementalHeuristic_MC -> NNI_Substep_5] - Distance: 66.0000
(((((4,8),(11,12)),(((14,17),(2,5)),(7,19))),((3,(15,10)),((6,18),(16,13)))),(1,(9,20)));

STEP 6 [NNI_IncrementalHeuristic_MC -> NNI_Substep_6] - Distance: 63.0000
(((((3,(15,10)),((6,18),(16,13))),(((14,17),(2,5)),(7,19))),((4,8),(11,12))),(1,(9,20)));

STEP 7 [NNI_IncrementalHeuristic_MC -> NNI_Substep_7] - Distance: 60.0000
(((((((14,17),(2,5)),(7,19)),((6,18),(16,13))),(3,(15,10))),((4,8),(11,12))),(1,(9,20)));

STEP 8 [NNI_IncrementalHeuristic_MC -> NNI_Substep_8] - Distance: 58.0000
(((((4,8),(11,12)),(3,(15,10))),((((14,17),(2,5)),(7,19)),((6,18),(16,13)))),(1,(9,20)));

STEP 9 [NNI_IncrementalHeuristic_MC -> NNI_Substep_9] - Distance: 56.0000
(((((4,8),(11,12)),(3,(15,10))),((6,18),((((14,17),(2,5)),(7,19)),(16,13)))),(1,(9,20)));

STEP 10 [NNI_IncrementalHeuristic_MC -> NNI_Substep_10] - Distance: 55.0000
(((((3,(15,10)),(11,12)),(4,8)),((6,18),((((14,17),(2,5)),(7,19)),(16,13)))),(1,(9,20)));

STEP 11 [TBR_IncrementalHeuristic_MC -> NNI_Substep_1] - Distance: 55.0000
(((((3,(15,10)),(11,12)),(4,8)),((6,18),((((14,17),(2,5)),(7,19)),(16,13)))),((1,9),20));

STEP 12 [TBR_IncrementalHeuristic_MC -> NNI_Substep_2] - Distance: 56.0000
(((((3,(15,10)),(11,12)),(4,8)),(((6,18),((((14,17),(2,5)),(7,19)),(16,13))),20)),(1,9));

STEP 13 [TBR_IncrementalHeuristic_MC -> NNI_Substep_3] - Distance: 55.0000
(((((3,(15,10)),(11,12)),(4,8)),((6,18),(((((14,17),(2,5)),(7,19)),(16,13)),20))),(1,9));

STEP 14 [TBR_IncrementalHeuristic_MC -> NNI_Substep_4] - Distance: 54.0000
(((((3,(15,10)),(11,12)),(4,8)),((6,18),(((((14,17),(2,5)),(7,19)),20),(16,13)))),(1,9));

STEP 15 [TBR_IncrementalHeuristic_MC -> NNI_Substep_5] - Distance: 51.0000
(((((3,(15,10)),(11,12)),(4,8)),((6,18),(((((14,17),(2,5)),20),(7,19)),(16,13)))),(1,9));

STEP 16 [TBR_IncrementalHeuristic_MC -> NNI_Substep_6] - Distance: 48.0000
(((((3,(15,10)),(11,12)),(4,8)),((6,18),(((((14,17),20),(2,5)),(7,19)),(16,13)))),(1,9));

STEP 17 [TBR_IncrementalHeuristic_MC -> NNI_Substep_7] - Distance: 46.0000
(((((3,(15,10)),(11,12)),(4,8)),((6,18),(((((14,20),17),(2,5)),(7,19)),(16,13)))),(1,9));

STEP 18 [TBR_IncrementalHeuristic_MC -> NNI_Substep_8] - Distance: 50.0000
(((((3,(15,10)),(11,12)),(4,8)),((6,18),((((((14,20),17),(2,5)),(7,19)),16),13))),(1,9));

STEP 19 [TBR_IncrementalHeuristic_MC -> NNI_Substep_9] - Distance: 49.0000
(((((3,(15,10)),(11,12)),(4,8)),(((6,18),(((((14,20),17),(2,5)),(7,19)),16)),13)),(1,9));

STEP 20 [TBR_IncrementalHeuristic_MC -> NNI_Substep_10] - Distance: 51.0000
((((((3,(15,10)),(11,12)),(4,8)),((6,18),(((((14,20),17),(2,5)),(7,19)),16))),13),(1,9));

STEP 21 [TBR_IncrementalHeuristic_MC -> NNI_Substep_11] - Distance: 48.0000
((((((3,(15,10)),(11,12)),(4,8)),13),((6,18),(((((14,20),17),(2,5)),(7,19)),16))),(1,9));

STEP 22 [TBR_IncrementalHeuristic_MC -> NNI_Substep_12] - Distance: 45.0000
((((((3,(15,10)),(11,12)),13),(4,8)),((6,18),(((((14,20),17),(2,5)),(7,19)),16))),(1,9));

STEP 23 [TBR_IncrementalHeuristic_MC -> NNI_Substep_13] - Distance: 41.0000
(((((3,(15,10)),((11,12),13)),(4,8)),((6,18),(((((14,20),17),(2,5)),(7,19)),16))),(1,9));

STEP 24 [TBR_IncrementalHeuristic_MC -> NNI_Substep_14] - Distance: 39.0000
(((((3,(15,10)),((11,13),12)),(4,8)),((6,18),(((((14,20),17),(2,5)),(7,19)),16))),(1,9));

STEP 25 [TBR_IncrementalHeuristic_MC -> NNI_Substep_15] - Distance: 43.0000
((((((3,(15,10)),((11,13),12)),(4,8)),1),((6,18),(((((14,20),17),(2,5)),(7,19)),16))),9);

STEP 26 [TBR_IncrementalHeuristic_MC -> NNI_Substep_16] - Distance: 40.0000
((((((3,(15,10)),((11,13),12)),1),(4,8)),((6,18),(((((14,20),17),(2,5)),(7,19)),16))),9);

STEP 27 [TBR_IncrementalHeuristic_MC -> NNI_Substep_17] - Distance: 36.0000
(((((3,(15,10)),(((11,13),12),1)),(4,8)),((6,18),(((((14,20),17),(2,5)),(7,19)),16))),9);

STEP 28 [TBR_IncrementalHeuristic_MC -> NNI_Substep_18] - Distance: 34.0000
(((((3,(15,10)),(((11,13),1),12)),(4,8)),((6,18),(((((14,20),17),(2,5)),(7,19)),16))),9);

STEP 29 [TBR_IncrementalHeuristic_MC -> NNI_Substep_19] - Distance: 32.0000
(((((3,(15,10)),((11,(13,1)),12)),(4,8)),((6,18),(((((14,20),17),(2,5)),(7,19)),16))),9);

STEP 30 [TBR_IncrementalHeuristic_MC -> NNI_Substep_20] - Distance: 38.0000
((((((3,(15,10)),((11,(13,1)),12)),4),8),((6,18),(((((14,20),17),(2,5)),(7,19)),16))),9);

STEP 31 [TBR_IncrementalHeuristic_MC -> NNI_Substep_21] - Distance: 39.0000
((((((3,(15,10)),((11,(13,1)),12)),4),((6,18),(((((14,20),17),(2,5)),(7,19)),16))),8),9);

STEP 32 [TBR_IncrementalHeuristic_MC -> NNI_Substep_22] - Distance: 32.0000
(((((3,(15,10)),((11,(13,1)),12)),4),(((6,18),(((((14,20),17),(2,5)),(7,19)),16)),8)),9);

STEP 33 [TBR_IncrementalHeuristic_MC -> NNI_Substep_23] - Distance: 29.0000
(((((3,(15,10)),((11,(13,1)),12)),4),(((6,18),8),(((((14,20),17),(2,5)),(7,19)),16))),9);

STEP 34 [TBR_IncrementalHeuristic_MC -> NNI_Substep_24] - Distance: 27.0000
(((((3,(15,10)),((11,(13,1)),12)),4),((6,(18,8)),(((((14,20),17),(2,5)),(7,19)),16))),9);

STEP 35 [TBR_IncrementalHeuristic_MC -> NNI_Substep_25] - Distance: 27.0000
((((((3,10),15),((11,(13,1)),12)),4),((6,(18,8)),(((((14,20),17),(2,5)),(7,19)),16))),9);

STEP 36 [TBR_IncrementalHeuristic_MC -> NNI_Substep_26] - Distance: 30.0000
((((((3,10),((11,(13,1)),12)),15),4),((6,(18,8)),(((((14,20),17),(2,5)),(7,19)),16))),9);

STEP 37 [TBR_IncrementalHeuristic_MC -> NNI_Substep_27] - Distance: 30.0000
((((((3,10),((11,(13,1)),12)),4),15),((6,(18,8)),(((((14,20),17),(2,5)),(7,19)),16))),9);

STEP 38 [TBR_IncrementalHeuristic_MC -> NNI_Substep_28] - Distance: 32.0000
((((((3,10),((11,(13,1)),12)),4),((6,(18,8)),(((((14,20),17),(2,5)),(7,19)),16))),15),9);

STEP 39 [TBR_IncrementalHeuristic_MC -> NNI_Substep_29] - Distance: 24.0000
(((((3,10),((11,(13,1)),12)),4),(((6,(18,8)),(((((14,20),17),(2,5)),(7,19)),16)),15)),9);

STEP 40 [TBR_IncrementalHeuristic_MC -> NNI_Substep_30] - Distance: 21.0000
(((((3,10),((11,(13,1)),12)),4),(((6,(18,8)),15),(((((14,20),17),(2,5)),(7,19)),16))),9);

STEP 41 [TBR_IncrementalHeuristic_MC -> NNI_Substep_31] - Distance: 20.0000
(((((3,10),((11,(13,1)),12)),4),(((6,(18,8)),15),(((((14,20),17),(2,5)),16),(7,19)))),9);

STEP 42 [TBR_IncrementalHeuristic_MC -> NNI_Substep_32] - Distance: 17.0000
(((((3,10),((11,(13,1)),12)),4),(((6,(18,8)),15),(((((14,20),17),16),(2,5)),(7,19)))),9);

STEP 43 [TBR_IncrementalHeuristic_MC -> NNI_Substep_33] - Distance: 20.0000
(((((10,((11,(13,1)),12)),3),4),(((6,(18,8)),15),(((((14,20),17),16),(2,5)),(7,19)))),9);

STEP 44 [TBR_IncrementalHeuristic_MC -> NNI_Substep_34] - Distance: 20.0000
(((((10,((11,(13,1)),12)),4),3),(((6,(18,8)),15),(((((14,20),17),16),(2,5)),(7,19)))),9);

STEP 45 [TBR_IncrementalHeuristic_MC -> NNI_Substep_35] - Distance: 14.0000
((((10,((11,(13,1)),12)),(4,3)),(((6,(18,8)),15),(((((14,20),17),16),(2,5)),(7,19)))),9);

STEP 46 [TBR_IncrementalHeuristic_MC -> NNI_Substep_36] - Distance: 12.0000
((((10,((11,(13,1)),12)),(4,3)),((((6,(18,8)),15),((((14,20),17),16),(2,5))),(7,19))),9);

STEP 47 [TBR_IncrementalHeuristic_MC -> NNI_Substep_37] - Distance: 15.0000
((((10,((11,(13,1)),12)),(4,3)),((((6,(18,8)),15),(((((14,20),17),16),5),2)),(7,19))),9);

STEP 48 [TBR_IncrementalHeuristic_MC -> NNI_Substep_38] - Distance: 18.0000
((((10,((11,(13,1)),12)),(4,3)),(((((6,(18,8)),15),((((14,20),17),16),5)),2),(7,19))),9);

STEP 49 [TBR_IncrementalHeuristic_MC -> NNI_Substep_39] - Distance: 12.0000
((((10,((11,(13,1)),12)),(4,3)),(((((6,(18,8)),15),2),((((14,20),17),16),5)),(7,19))),9);

STEP 50 [TBR_IncrementalHeuristic_MC -> NNI_Substep_40] - Distance: 10.0000
((((10,((11,(13,1)),12)),(4,3)),(((((6,(18,8)),2),15),((((14,20),17),16),5)),(7,19))),9);

STEP 51 [TBR_IncrementalHeuristic_MC -> NNI_Substep_41] - Distance: 9.0000
((((10,((11,(13,1)),12)),(4,3)),(((((6,2),(18,8)),15),((((14,20),17),16),5)),(7,19))),9);

STEP 52 [TBR_IncrementalHeuristic_MC -> NNI_Substep_42] - Distance: 18.0000
((((10,((11,(13,1)),12)),(4,3)),((((((6,2),(18,8)),15),((((14,20),17),16),5)),19),7)),9);

STEP 53 [TBR_IncrementalHeuristic_MC -> NNI_Substep_43] - Distance: 16.0000
((((10,((11,(13,1)),12)),(4,3)),((((((6,2),(18,8)),15),((((14,20),17),16),5)),7),19)),9);

STEP 54 [TBR_IncrementalHeuristic_MC -> NNI_Substep_44] - Distance: 10.0000
((((10,((11,(13,1)),12)),(4,3)),(((((6,2),(18,8)),15),(((((14,20),17),16),5),7)),19)),9);

STEP 55 [TBR_IncrementalHeuristic_MC -> NNI_Substep_45] - Distance: 5.0000
((((10,((11,(13,1)),12)),(4,3)),(((((6,2),(18,8)),15),((((14,20),17),16),(5,7))),19)),9);

STEP 56 [TBR_IncrementalHeuristic_MC -> NNI_Substep_46] - Distance: 6.0000
((((10,((11,(13,1)),12)),(4,3)),(((((2,(18,8)),6),15),((((14,20),17),16),(5,7))),19)),9);

STEP 57 [TBR_IncrementalHeuristic_MC -> NNI_Substep_47] - Distance: 6.0000
((((10,((11,(13,1)),12)),(4,3)),(((((2,(18,8)),15),6),((((14,20),17),16),(5,7))),19)),9);

STEP 58 [TBR_IncrementalHeuristic_MC -> NNI_Substep_48] - Distance: 11.0000
((((10,((11,(13,1)),12)),(4,3)),(((((2,(18,8)),15),((((14,20),17),16),(5,7))),6),19)),9);

STEP 59 [TBR_IncrementalHeuristic_MC -> NNI_Substep_49] - Distance: 11.0000
((((10,((11,(13,1)),12)),(4,3)),(((((2,(18,8)),15),((((14,20),17),16),(5,7))),19),6)),9);

STEP 60 [TBR_IncrementalHeuristic_MC -> NNI_Substep_50] - Distance: 0.0000
((((10,((11,(13,1)),12)),(4,3)),((((2,(18,8)),15),((((14,20),17),16),(5,7))),(19,6))),9);

========================================================
[FINAL] Total Steps: 60 | Final Distance: 0.0000
========================================================
