========================================================
HEURISTIC TRAJECTORY: VND Classic (MP)
========================================================
STEP 0 [START] - Distance: 131.0000
((15,(18,(14,7))),(12,((((6,16),(8,(19,2))),(5,(9,1))),(17,((3,(11,10)),(20,(13,4)))))));

STEP 1 [NNI_ClassicHeuristic_MP -> NNI_Substep_1] - Distance: 119.0000
((((3,(11,10)),(20,(13,4))),(17,(((6,16),(8,(19,2))),(5,(9,1))))),(12,(15,(18,(14,7)))));

STEP 2 [NNI_ClassicHeuristic_MP -> NNI_Substep_2] - Distance: 112.0000
((((3,(11,10)),(17,(((6,16),(8,(19,2))),(5,(9,1))))),(20,(13,4))),(12,(15,(18,(14,7)))));

STEP 3 [NNI_ClassicHeuristic_MP -> NNI_Substep_3] - Distance: 111.0000
((((3,(11,10)),(17,(5,(((6,16),(8,(19,2))),(9,1))))),(20,(13,4))),(12,(15,(18,(14,7)))));

STEP 4 [NNI_ClassicHeuristic_MP -> NNI_Substep_4] - Distance: 109.0000
((((3,(11,10)),(17,(5,(((9,1),(8,(19,2))),(6,16))))),(20,(13,4))),(12,(15,(18,(14,7)))));

STEP 5 [NNI_ClassicHeuristic_MP -> NNI_Substep_5] - Distance: 107.0000
((((3,(11,10)),(17,(5,(((9,(8,(19,2))),1),(6,16))))),(20,(13,4))),(12,(15,(18,(14,7)))));

STEP 6 [NNI_ClassicHeuristic_MP -> NNI_Substep_6] - Distance: 106.0000
((((3,(11,10)),(17,(5,(16,(6,((9,(8,(19,2))),1)))))),(20,(13,4))),(12,(15,(18,(14,7)))));

STEP 7 [NNI_ClassicHeuristic_MP -> NNI_Substep_7] - Distance: 101.0000
((((3,(11,10)),(17,((6,((9,(8,(19,2))),1)),(16,5)))),(20,(13,4))),(12,(15,(18,(14,7)))));

STEP 8 [NNI_ClassicHeuristic_MP -> NNI_Substep_8] - Distance: 99.0000
((((3,(11,10)),((16,5),((6,((9,(8,(19,2))),1)),17))),(20,(13,4))),(12,(15,(18,(14,7)))));

STEP 9 [NNI_ClassicHeuristic_MP -> NNI_Substep_9] - Distance: 95.0000
((((16,5),((3,(11,10)),((6,((9,(8,(19,2))),1)),17))),(20,(13,4))),(12,(15,(18,(14,7)))));

STEP 10 [NNI_ClassicHeuristic_MP -> NNI_Substep_10] - Distance: 94.0000
((((16,5),((3,(11,10)),((17,((9,(8,(19,2))),1)),6))),(20,(13,4))),(12,(15,(18,(14,7)))));

STEP 11 [NNI_ClassicHeuristic_MP -> NNI_Substep_11] - Distance: 92.0000
((((16,5),(6,((17,((9,(8,(19,2))),1)),(3,(11,10))))),(20,(13,4))),(12,(15,(18,(14,7)))));

STEP 12 [NNI_ClassicHeuristic_MP -> NNI_Substep_12] - Distance: 91.0000
((((16,5),(6,((1,((9,(8,(19,2))),17)),(3,(11,10))))),(20,(13,4))),(12,(15,(18,(14,7)))));

STEP 13 [NNI_ClassicHeuristic_MP -> NNI_Substep_13] - Distance: 89.0000
((((16,5),(6,(((3,(11,10)),((9,(8,(19,2))),17)),1))),(20,(13,4))),(12,(15,(18,(14,7)))));

STEP 14 [NNI_ClassicHeuristic_MP -> NNI_Substep_14] - Distance: 88.0000
((((16,5),(6,(((9,(8,(19,2))),((3,(11,10)),17)),1))),(20,(13,4))),(12,(15,(18,(14,7)))));

STEP 15 [SPR_ClassicHeuristic_MP -> NNI_Substep_1] - Distance: 88.0000
(((((16,5),(6,(((9,(8,(19,2))),((3,(11,10)),17)),1))),(13,4)),20),(12,(15,(18,(14,7)))));

STEP 16 [SPR_ClassicHeuristic_MP -> NNI_Substep_2] - Distance: 76.0000
((((16,5),(6,(((9,(8,(19,2))),((3,(11,10)),17)),1))),(13,4)),(12,((15,(18,(14,7))),20)));

STEP 17 [SPR_ClassicHeuristic_MP -> NNI_Substep_3] - Distance: 76.0000
((((16,5),(6,(((9,(8,(19,2))),((3,(11,10)),17)),1))),(13,4)),(12,(15,((18,(14,7)),20))));

STEP 18 [SPR_ClassicHeuristic_MP -> NNI_Substep_4] - Distance: 75.0000
((((16,5),(6,(((9,(8,(19,2))),((3,(11,10)),17)),1))),(13,4)),(12,(15,(18,((14,7),20)))));

STEP 19 [SPR_ClassicHeuristic_MP -> NNI_Substep_5] - Distance: 75.0000
((((16,5),(6,(((9,(8,(19,2))),((3,(11,10)),17)),1))),(13,4)),((12,(18,((14,7),20))),15));

STEP 20 [SPR_ClassicHeuristic_MP -> NNI_Substep_6] - Distance: 62.0000
((((16,5),(6,(((9,(8,(19,2))),((3,(11,10)),17)),1))),((13,4),15)),(12,(18,((14,7),20))));

STEP 21 [SPR_ClassicHeuristic_MP -> NNI_Substep_7] - Distance: 61.0000
((((16,5),(6,(((9,(8,(19,2))),((3,(11,10)),17)),1))),(13,(4,15))),(12,(18,((14,7),20))));

STEP 22 [SPR_ClassicHeuristic_MP -> NNI_Substep_8] - Distance: 61.0000
((((16,5),(6,(((9,((8,2),19)),((3,(11,10)),17)),1))),(13,(4,15))),(12,(18,((14,7),20))));

STEP 23 [SPR_ClassicHeuristic_MP -> NNI_Substep_9] - Distance: 61.0000
((((16,5),(6,((((9,(8,2)),19),((3,(11,10)),17)),1))),(13,(4,15))),(12,(18,((14,7),20))));

STEP 24 [SPR_ClassicHeuristic_MP -> NNI_Substep_10] - Distance: 61.0000
((((16,5),(6,((((9,(8,2)),((3,(11,10)),17)),19),1))),(13,(4,15))),(12,(18,((14,7),20))));

STEP 25 [SPR_ClassicHeuristic_MP -> NNI_Substep_11] - Distance: 61.0000
((((16,5),(6,((((9,(8,2)),((3,(11,10)),17)),1),19))),(13,(4,15))),(12,(18,((14,7),20))));

STEP 26 [SPR_ClassicHeuristic_MP -> NNI_Substep_12] - Distance: 61.0000
((((16,5),((6,(((9,(8,2)),((3,(11,10)),17)),1)),19)),(13,(4,15))),(12,(18,((14,7),20))));

STEP 27 [SPR_ClassicHeuristic_MP -> NNI_Substep_13] - Distance: 61.0000
(((((16,5),(6,(((9,(8,2)),((3,(11,10)),17)),1))),19),(13,(4,15))),(12,(18,((14,7),20))));

STEP 28 [SPR_ClassicHeuristic_MP -> NNI_Substep_14] - Distance: 61.0000
(((((16,5),(6,(((9,(8,2)),((3,(11,10)),17)),1))),(13,(4,15))),19),(12,(18,((14,7),20))));

STEP 29 [SPR_ClassicHeuristic_MP -> NNI_Substep_15] - Distance: 46.0000
((((16,5),(6,(((9,(8,2)),((3,(11,10)),17)),1))),(13,(4,15))),((12,19),(18,((14,7),20))));

STEP 30 [SPR_ClassicHeuristic_MP -> NNI_Substep_16] - Distance: 46.0000
((((16,5),(6,(((9,(8,2)),(((3,10),11),17)),1))),(13,(4,15))),((12,19),(18,((14,7),20))));

STEP 31 [SPR_ClassicHeuristic_MP -> NNI_Substep_17] - Distance: 46.0000
((((16,5),(6,(((9,(8,2)),(((3,10),17),11)),1))),(13,(4,15))),((12,19),(18,((14,7),20))));

STEP 32 [SPR_ClassicHeuristic_MP -> NNI_Substep_18] - Distance: 46.0000
((((16,5),(6,((((9,(8,2)),((3,10),17)),11),1))),(13,(4,15))),((12,19),(18,((14,7),20))));

STEP 33 [SPR_ClassicHeuristic_MP -> NNI_Substep_19] - Distance: 46.0000
((((16,5),(6,((((9,(8,2)),((3,10),17)),1),11))),(13,(4,15))),((12,19),(18,((14,7),20))));

STEP 34 [SPR_ClassicHeuristic_MP -> NNI_Substep_20] - Distance: 46.0000
((((16,5),((6,(((9,(8,2)),((3,10),17)),1)),11)),(13,(4,15))),((12,19),(18,((14,7),20))));

STEP 35 [SPR_ClassicHeuristic_MP -> NNI_Substep_21] - Distance: 46.0000
(((((16,5),(6,(((9,(8,2)),((3,10),17)),1))),11),(13,(4,15))),((12,19),(18,((14,7),20))));

STEP 36 [SPR_ClassicHeuristic_MP -> NNI_Substep_22] - Distance: 46.0000
(((((16,5),(6,(((9,(8,2)),((3,10),17)),1))),(13,(4,15))),11),((12,19),(18,((14,7),20))));

STEP 37 [SPR_ClassicHeuristic_MP -> NNI_Substep_23] - Distance: 33.0000
((((16,5),(6,(((9,(8,2)),((3,10),17)),1))),(13,(4,15))),((12,19),((18,((14,7),20)),11)));

STEP 38 [SPR_ClassicHeuristic_MP -> NNI_Substep_24] - Distance: 31.0000
((((16,5),(6,(((9,(8,2)),((3,10),17)),1))),(13,(4,15))),((12,19),((18,11),((14,7),20))));

STEP 39 [SPR_ClassicHeuristic_MP -> NNI_Substep_25] - Distance: 31.0000
((((16,5),(6,(((9,(8,2)),((3,10),17)),1))),(13,(4,15))),((12,19),((18,11),((7,20),14))));

STEP 40 [SPR_ClassicHeuristic_MP -> NNI_Substep_26] - Distance: 31.0000
((((16,5),(6,(((9,(8,2)),((3,10),17)),1))),(13,(4,15))),((12,19),(((18,11),(7,20)),14)));

STEP 41 [SPR_ClassicHeuristic_MP -> NNI_Substep_27] - Distance: 31.0000
((((16,5),(6,(((9,(8,2)),((3,10),17)),1))),(13,(4,15))),(((12,19),((18,11),(7,20))),14));

STEP 42 [SPR_ClassicHeuristic_MP -> NNI_Substep_28] - Distance: 21.0000
(((((16,5),(6,(((9,(8,2)),((3,10),17)),1))),14),(13,(4,15))),((12,19),((18,11),(7,20))));

STEP 43 [SPR_ClassicHeuristic_MP -> NNI_Substep_29] - Distance: 19.0000
((((16,5),((6,(((9,(8,2)),((3,10),17)),1)),14)),(13,(4,15))),((12,19),((18,11),(7,20))));

STEP 44 [SPR_ClassicHeuristic_MP -> NNI_Substep_30] - Distance: 18.0000
((((16,5),(6,((((9,(8,2)),((3,10),17)),1),14))),(13,(4,15))),((12,19),((18,11),(7,20))));

STEP 45 [SPR_ClassicHeuristic_MP -> NNI_Substep_31] - Distance: 17.0000
((((16,5),(6,((((9,(8,2)),((3,10),17)),14),1))),(13,(4,15))),((12,19),((18,11),(7,20))));

STEP 46 [SPR_ClassicHeuristic_MP -> NNI_Substep_32] - Distance: 15.0000
((((16,5),(6,(((9,(8,2)),(((3,10),17),14)),1))),(13,(4,15))),((12,19),((18,11),(7,20))));

STEP 47 [SPR_ClassicHeuristic_MP -> NNI_Substep_33] - Distance: 14.0000
((((16,5),(6,(((9,(8,2)),(((3,10),14),17)),1))),(13,(4,15))),((12,19),((18,11),(7,20))));

STEP 48 [SPR_ClassicHeuristic_MP -> NNI_Substep_34] - Distance: 10.0000
((((16,5),(6,(((9,(8,2)),(((3,10),14),17)),1))),(13,(4,15))),((18,11),((7,20),(12,19))));

STEP 49 [SPR_ClassicHeuristic_MP -> NNI_Substep_35] - Distance: 10.0000
((((16,5),(6,((((9,8),2),(((3,10),14),17)),1))),(13,(4,15))),((18,11),((7,20),(12,19))));

STEP 50 [SPR_ClassicHeuristic_MP -> NNI_Substep_36] - Distance: 9.0000
((((16,5),(6,((((9,8),(((3,10),14),17)),2),1))),(13,(4,15))),((18,11),((7,20),(12,19))));

STEP 51 [SPR_ClassicHeuristic_MP -> NNI_Substep_37] - Distance: 7.0000
((((16,5),(6,(((9,8),((((3,10),14),17),2)),1))),(13,(4,15))),((18,11),((7,20),(12,19))));

STEP 52 [SPR_ClassicHeuristic_MP -> NNI_Substep_38] - Distance: 6.0000
((((16,5),(6,(((9,8),((((3,10),14),2),17)),1))),(13,(4,15))),((18,11),((7,20),(12,19))));

STEP 53 [SPR_ClassicHeuristic_MP -> NNI_Substep_39] - Distance: 6.0000
((((16,5),(6,(((9,8),((((3,14),10),2),17)),1))),(13,(4,15))),((18,11),((7,20),(12,19))));

STEP 54 [SPR_ClassicHeuristic_MP -> NNI_Substep_40] - Distance: 6.0000
((((16,5),(6,(((9,8),((((3,14),2),10),17)),1))),(13,(4,15))),((18,11),((7,20),(12,19))));

STEP 55 [SPR_ClassicHeuristic_MP -> NNI_Substep_41] - Distance: 6.0000
((((16,5),(6,(((9,8),((((3,14),2),17),10)),1))),(13,(4,15))),((18,11),((7,20),(12,19))));

STEP 56 [SPR_ClassicHeuristic_MP -> NNI_Substep_42] - Distance: 5.0000
((((16,5),(6,((((9,8),(((3,14),2),17)),10),1))),(13,(4,15))),((18,11),((7,20),(12,19))));

STEP 57 [SPR_ClassicHeuristic_MP -> NNI_Substep_43] - Distance: 1.0000
((((16,5),(6,((((9,8),10),(((3,14),2),17)),1))),(13,(4,15))),((18,11),((7,20),(12,19))));

STEP 58 [SPR_ClassicHeuristic_MP -> NNI_Substep_44] - Distance: 0.0000
((((16,5),(6,(((9,(8,10)),(((3,14),2),17)),1))),(13,(4,15))),((18,11),((7,20),(12,19))));

========================================================
[FINAL] Total Steps: 58 | Final Distance: 0.0000
========================================================
