========================================================
HEURISTIC TRAJECTORY: VND Classic (MP_RF)
========================================================
STEP 0 [START] - Distance: 131.0000
(((3,(7,(16,(19,(6,(18,(14,13))))))),(20,(1,((12,8),(9,(4,11)))))),(10,((17,15),(2,5))));

STEP 1 [NNI_ClassicHeuristic_MP_RF] - Distance: 126.0000
(((10,((17,15),(2,5))),(20,((9,(4,11)),((12,8),1)))),(3,(7,(16,(19,(6,(18,(14,13))))))));

STEP 2 [TBR_ClassicHeuristic_MP_RF -> NNI_Substep_1] - Distance: 126.0000
(((10,((17,15),(2,5))),(20,(((9,4),11),((12,8),1)))),(3,(7,(16,(19,(6,(18,(14,13))))))));

STEP 3 [TBR_ClassicHeuristic_MP_RF -> NNI_Substep_2] - Distance: 126.0000
(((10,((17,15),(2,5))),(20,(((9,4),((12,8),1)),11))),(3,(7,(16,(19,(6,(18,(14,13))))))));

STEP 4 [TBR_ClassicHeuristic_MP_RF -> NNI_Substep_3] - Distance: 126.0000
(((10,((17,15),(2,5))),((20,((9,4),((12,8),1))),11)),(3,(7,(16,(19,(6,(18,(14,13))))))));

STEP 5 [TBR_ClassicHeuristic_MP_RF -> NNI_Substep_4] - Distance: 124.0000
((((10,((17,15),(2,5))),(20,((9,4),((12,8),1)))),11),(3,(7,(16,(19,(6,(18,(14,13))))))));

STEP 6 [TBR_ClassicHeuristic_MP_RF -> NNI_Substep_5] - Distance: 122.0000
(((10,((17,15),(2,5))),(20,((9,4),((12,8),1)))),(3,((7,(16,(19,(6,(18,(14,13)))))),11)));

STEP 7 [TBR_ClassicHeuristic_MP_RF -> NNI_Substep_6] - Distance: 122.0000
(((10,((17,15),(2,5))),(20,((9,4),((12,8),1)))),(3,(7,((16,(19,(6,(18,(14,13))))),11))));

STEP 8 [TBR_ClassicHeuristic_MP_RF -> NNI_Substep_7] - Distance: 120.0000
(((10,((17,15),(2,5))),(20,((9,4),((12,8),1)))),(3,(7,((16,11),(19,(6,(18,(14,13))))))));

STEP 9 [TBR_ClassicHeuristic_MP_RF -> NNI_Substep_8] - Distance: 120.0000
(((10,((17,15),(2,5))),(20,((9,4),((12,8),1)))),(3,(7,(((16,11),(6,(18,(14,13)))),19))));

STEP 10 [TBR_ClassicHeuristic_MP_RF -> NNI_Substep_9] - Distance: 120.0000
(((10,((17,15),(2,5))),(20,((9,4),((12,8),1)))),(3,((7,((16,11),(6,(18,(14,13))))),19)));

STEP 11 [TBR_ClassicHeuristic_MP_RF -> NNI_Substep_10] - Distance: 120.0000
(((10,((17,15),(2,5))),(20,((9,4),((12,8),1)))),((3,(7,((16,11),(6,(18,(14,13)))))),19));

STEP 12 [TBR_ClassicHeuristic_MP_RF -> NNI_Substep_11] - Distance: 118.0000
(((10,((17,15),(2,5))),((20,((9,4),((12,8),1))),19)),(3,(7,((16,11),(6,(18,(14,13)))))));

STEP 13 [TBR_ClassicHeuristic_MP_RF -> NNI_Substep_12] - Distance: 118.0000
(((10,((17,15),(2,5))),(20,(((9,4),((12,8),1)),19))),(3,(7,((16,11),(6,(18,(14,13)))))));

STEP 14 [TBR_ClassicHeuristic_MP_RF -> NNI_Substep_13] - Distance: 116.0000
(((10,((17,15),(2,5))),(20,(((9,4),19),((12,8),1)))),(3,(7,((16,11),(6,(18,(14,13)))))));

STEP 15 [TBR_ClassicHeuristic_MP_RF -> NNI_Substep_14] - Distance: 116.0000
(((10,((17,15),(2,5))),(20,((9,(4,19)),((12,8),1)))),(3,(7,((16,11),(6,(18,(14,13)))))));

STEP 16 [TBR_ClassicHeuristic_MP_RF -> NNI_Substep_15] - Distance: 116.0000
(((10,((17,15),(2,5))),(20,((9,(4,19)),((12,8),1)))),(3,(7,((16,11),((6,(14,13)),18)))));

STEP 17 [TBR_ClassicHeuristic_MP_RF -> NNI_Substep_16] - Distance: 116.0000
(((10,((17,15),(2,5))),(20,((9,(4,19)),((12,8),1)))),(3,(7,(((16,11),(6,(14,13))),18))));

STEP 18 [TBR_ClassicHeuristic_MP_RF -> NNI_Substep_17] - Distance: 116.0000
(((10,((17,15),(2,5))),(20,((9,(4,19)),((12,8),1)))),(3,((7,((16,11),(6,(14,13)))),18)));

STEP 19 [TBR_ClassicHeuristic_MP_RF -> NNI_Substep_18] - Distance: 116.0000
(((10,((17,15),(2,5))),(20,((9,(4,19)),((12,8),1)))),((3,(7,((16,11),(6,(14,13))))),18));

STEP 20 [TBR_ClassicHeuristic_MP_RF -> NNI_Substep_19] - Distance: 114.0000
(((10,((17,15),(2,5))),((20,((9,(4,19)),((12,8),1))),18)),(3,(7,((16,11),(6,(14,13))))));

STEP 21 [TBR_ClassicHeuristic_MP_RF -> NNI_Substep_20] - Distance: 114.0000
(((10,((17,15),(2,5))),(20,(((9,(4,19)),((12,8),1)),18))),(3,(7,((16,11),(6,(14,13))))));

STEP 22 [TBR_ClassicHeuristic_MP_RF -> NNI_Substep_21] - Distance: 112.0000
(((10,((17,15),(2,5))),(20,((9,(4,19)),(((12,8),1),18)))),(3,(7,((16,11),(6,(14,13))))));

STEP 23 [TBR_ClassicHeuristic_MP_RF -> NNI_Substep_22] - Distance: 111.0000
(((10,((17,15),(2,5))),(20,((9,(4,19)),((12,8),(1,18))))),(3,(7,((16,11),(6,(14,13))))));

STEP 24 [TBR_ClassicHeuristic_MP_RF -> NNI_Substep_23] - Distance: 111.0000
(((10,((17,15),(2,5))),(20,((9,(4,19)),((12,(1,18)),8)))),(3,(7,((16,11),(6,(14,13))))));

STEP 25 [TBR_ClassicHeuristic_MP_RF -> NNI_Substep_24] - Distance: 111.0000
(((10,((17,15),(2,5))),(20,(((9,(4,19)),(12,(1,18))),8))),(3,(7,((16,11),(6,(14,13))))));

STEP 26 [TBR_ClassicHeuristic_MP_RF -> NNI_Substep_25] - Distance: 110.0000
(((10,((17,15),(2,5))),((20,((9,(4,19)),(12,(1,18)))),8)),(3,(7,((16,11),(6,(14,13))))));

STEP 27 [TBR_ClassicHeuristic_MP_RF -> NNI_Substep_26] - Distance: 111.0000
((((10,((17,15),(2,5))),(20,((9,(4,19)),(12,(1,18))))),8),(3,(7,((16,11),(6,(14,13))))));

STEP 28 [TBR_ClassicHeuristic_MP_RF -> NNI_Substep_27] - Distance: 105.0000
(((10,((17,15),(2,5))),(20,((9,(4,19)),(12,(1,18))))),(3,((7,((16,11),(6,(14,13)))),8)));

STEP 29 [TBR_ClassicHeuristic_MP_RF -> NNI_Substep_28] - Distance: 104.0000
(((10,((17,15),(2,5))),(20,((9,(4,19)),(12,(1,18))))),(3,(7,(((16,11),(6,(14,13))),8))));

STEP 30 [TBR_ClassicHeuristic_MP_RF -> NNI_Substep_29] - Distance: 105.0000
(((10,((17,15),(2,5))),(20,((9,(4,19)),(12,(1,18))))),(3,(7,((16,11),((6,(14,13)),8)))));

STEP 31 [TBR_ClassicHeuristic_MP_RF -> NNI_Substep_30] - Distance: 105.0000
(((10,((17,15),(2,5))),(20,((9,(4,19)),(12,(1,18))))),(3,(7,((16,11),(6,((14,13),8))))));

STEP 32 [TBR_ClassicHeuristic_MP_RF -> NNI_Substep_31] - Distance: 105.0000
(((10,((17,15),(2,5))),(20,((9,(4,19)),(12,(1,18))))),(3,(7,((16,11),(6,(14,(13,8)))))));

STEP 33 [TBR_ClassicHeuristic_MP_RF -> NNI_Substep_32] - Distance: 105.0000
(((10,((17,(2,5)),15)),(20,((9,(4,19)),(12,(1,18))))),(3,(7,((16,11),(6,(14,(13,8)))))));

STEP 34 [TBR_ClassicHeuristic_MP_RF -> NNI_Substep_33] - Distance: 105.0000
((((10,(17,(2,5))),15),(20,((9,(4,19)),(12,(1,18))))),(3,(7,((16,11),(6,(14,(13,8)))))));

STEP 35 [TBR_ClassicHeuristic_MP_RF -> NNI_Substep_34] - Distance: 105.0000
((((10,(17,(2,5))),(20,((9,(4,19)),(12,(1,18))))),15),(3,(7,((16,11),(6,(14,(13,8)))))));

STEP 36 [TBR_ClassicHeuristic_MP_RF -> NNI_Substep_35] - Distance: 94.0000
(((10,(17,(2,5))),(20,((9,(4,19)),(12,(1,18))))),((3,15),(7,((16,11),(6,(14,(13,8)))))));

STEP 37 [TBR_ClassicHeuristic_MP_RF -> NNI_Substep_36] - Distance: 94.0000
(((10,(17,(2,5))),(20,((9,(4,19)),(12,(1,18))))),(7,(((16,11),(6,(14,(13,8)))),(3,15))));

STEP 38 [TBR_ClassicHeuristic_MP_RF -> NNI_Substep_37] - Distance: 90.0000
(((10,(17,(2,5))),(20,((9,(4,19)),(12,(1,18))))),(7,((16,11),((6,(14,(13,8))),(3,15)))));

STEP 39 [TBR_ClassicHeuristic_MP_RF -> NNI_Substep_38] - Distance: 88.0000
(((10,(17,(2,5))),(20,((9,(4,19)),(12,(1,18))))),(7,((16,11),(6,((14,(13,8)),(3,15))))));

STEP 40 [TBR_ClassicHeuristic_MP_RF -> NNI_Substep_39] - Distance: 86.0000
(((10,(17,(2,5))),(20,((9,(4,19)),(12,(1,18))))),(7,((16,11),(6,((14,(3,15)),(13,8))))));

STEP 41 [TBR_ClassicHeuristic_MP_RF -> NNI_Substep_40] - Distance: 84.0000
(((10,(17,(2,5))),(20,((9,(4,19)),(12,(1,18))))),(7,((16,11),((6,(14,(3,15))),(13,8)))));

STEP 42 [TBR_ClassicHeuristic_MP_RF -> NNI_Substep_41] - Distance: 80.0000
(((10,(17,(2,5))),(20,((9,(4,19)),(12,(1,18))))),(7,(((16,11),(6,(14,(3,15)))),(13,8))));

STEP 43 [TBR_ClassicHeuristic_MP_RF -> NNI_Substep_42] - Distance: 82.0000
(((10,(17,(2,5))),(20,((9,(4,19)),(12,(1,18))))),((7,((16,11),(6,(14,(3,15))))),(13,8)));

STEP 44 [TBR_ClassicHeuristic_MP_RF -> NNI_Substep_43] - Distance: 74.0000
(((10,(17,(2,5))),(20,((9,(4,19)),(12,(1,18))))),((7,(13,8)),((16,11),(6,(14,(3,15))))));

STEP 45 [TBR_ClassicHeuristic_MP_RF -> NNI_Substep_44] - Distance: 74.0000
((((10,(2,5)),17),(20,((9,(4,19)),(12,(1,18))))),((7,(13,8)),((16,11),(6,(14,(3,15))))));

STEP 46 [TBR_ClassicHeuristic_MP_RF -> NNI_Substep_45] - Distance: 72.0000
((((10,(2,5)),(20,((9,(4,19)),(12,(1,18))))),17),((7,(13,8)),((16,11),(6,(14,(3,15))))));

STEP 47 [TBR_ClassicHeuristic_MP_RF -> NNI_Substep_46] - Distance: 71.0000
(((10,(2,5)),((20,((9,(4,19)),(12,(1,18)))),17)),((7,(13,8)),((16,11),(6,(14,(3,15))))));

STEP 48 [TBR_ClassicHeuristic_MP_RF -> NNI_Substep_47] - Distance: 71.0000
(((10,(2,5)),(20,(((9,(4,19)),(12,(1,18))),17))),((7,(13,8)),((16,11),(6,(14,(3,15))))));

STEP 49 [TBR_ClassicHeuristic_MP_RF -> NNI_Substep_48] - Distance: 68.0000
(((10,(2,5)),(20,(((9,(4,19)),17),(12,(1,18))))),((7,(13,8)),((16,11),(6,(14,(3,15))))));

STEP 50 [TBR_ClassicHeuristic_MP_RF -> NNI_Substep_49] - Distance: 68.0000
(((10,(2,5)),(20,((9,((4,19),17)),(12,(1,18))))),((7,(13,8)),((16,11),(6,(14,(3,15))))));

STEP 51 [TBR_ClassicHeuristic_MP_RF -> NNI_Substep_50] - Distance: 68.0000
(((10,(2,5)),(20,((((4,19),17),(12,(1,18))),9))),((7,(13,8)),((16,11),(6,(14,(3,15))))));

STEP 52 [TBR_ClassicHeuristic_MP_RF -> NNI_Substep_51] - Distance: 68.0000
(((10,(2,5)),((20,(((4,19),17),(12,(1,18)))),9)),((7,(13,8)),((16,11),(6,(14,(3,15))))));

STEP 53 [TBR_ClassicHeuristic_MP_RF -> NNI_Substep_52] - Distance: 68.0000
(((10,(2,5)),((20,9),(((4,19),17),(12,(1,18))))),((7,(13,8)),((16,11),(6,(14,(3,15))))));

STEP 54 [TBR_ClassicHeuristic_MP_RF -> NNI_Substep_53] - Distance: 68.0000
((((10,(2,5)),(((4,19),17),(12,(1,18)))),(20,9)),((7,(13,8)),((16,11),(6,(14,(3,15))))));

STEP 55 [TBR_ClassicHeuristic_MP_RF -> NNI_Substep_54] - Distance: 40.0000
(((10,(2,5)),(((4,19),17),(12,(1,18)))),(((7,(13,8)),(20,9)),((16,11),(6,(14,(3,15))))));

STEP 56 [TBR_ClassicHeuristic_MP_RF -> NNI_Substep_55] - Distance: 36.0000
(((10,(2,5)),(((4,19),17),(12,(1,18)))),(((7,(20,9)),(13,8)),((16,11),(6,(14,(3,15))))));

STEP 57 [TBR_ClassicHeuristic_MP_RF -> NNI_Substep_56] - Distance: 36.0000
((((10,2),5),(((4,19),17),(12,(1,18)))),(((7,(20,9)),(13,8)),((16,11),(6,(14,(3,15))))));

STEP 58 [TBR_ClassicHeuristic_MP_RF -> NNI_Substep_57] - Distance: 36.0000
((((10,2),(((4,19),17),(12,(1,18)))),5),(((7,(20,9)),(13,8)),((16,11),(6,(14,(3,15))))));

STEP 59 [TBR_ClassicHeuristic_MP_RF -> NNI_Substep_58] - Distance: 36.0000
(((10,2),((((4,19),17),(12,(1,18))),5)),(((7,(20,9)),(13,8)),((16,11),(6,(14,(3,15))))));

STEP 60 [TBR_ClassicHeuristic_MP_RF -> NNI_Substep_59] - Distance: 8.0000
(((((4,19),17),(12,(1,18))),5),(((7,(20,9)),(13,8)),(((16,11),(6,(14,(3,15)))),(10,2))));

STEP 61 [TBR_ClassicHeuristic_MP_RF -> NNI_Substep_60] - Distance: 0.0000
(((((4,19),17),(12,(1,18))),5),(((7,(20,9)),(13,8)),(((16,11),(10,2)),(6,(14,(3,15))))));

========================================================
[FINAL] Total Steps: 61 | Final Distance: 0.0000
========================================================
