========================================================
HEURISTIC TRAJECTORY: 2. NNI (Incremental) (M3)
========================================================
STEP 0 [START] - Distance: 916.0000
((16,(17,10)),(18,7),((((6,2),(11,((14,(8,15)),(13,12)))),(1,20)),(9,((3,19),(5,4)))));

STEP 1 [NNI_IncrementalHeuristic_M3 -> NNI_Substep_1] - Distance: 895.0000
((9,((3,19),(5,4))),(18,7),((((6,2),(11,((14,(8,15)),(13,12)))),(1,20)),(16,(17,10))));

STEP 2 [NNI_IncrementalHeuristic_M3 -> NNI_Substep_2] - Distance: 874.0000
(18,((9,((3,19),(5,4))),7),((((6,2),(11,((14,(8,15)),(13,12)))),(1,20)),(16,(17,10))));

STEP 3 [NNI_IncrementalHeuristic_M3 -> NNI_Substep_3] - Distance: 854.0000
(18,((9,((3,19),(5,4))),7),((((6,2),((14,(8,15)),(11,(13,12)))),(1,20)),(16,(17,10))));

STEP 4 [NNI_IncrementalHeuristic_M3 -> NNI_Substep_4] - Distance: 839.0000
(18,((9,((3,19),(5,4))),7),((17,10),(16,(((6,2),((14,(8,15)),(11,(13,12)))),(1,20)))));

STEP 5 [NNI_IncrementalHeuristic_M3 -> NNI_Substep_5] - Distance: 813.0000
(18,((9,((3,19),(5,4))),7),((17,10),(((6,2),((14,(8,15)),(11,(13,12)))),(16,(1,20)))));

STEP 6 [NNI_IncrementalHeuristic_M3 -> NNI_Substep_6] - Distance: 797.0000
(18,((9,((3,19),(5,4))),7),((17,10),(((6,2),(16,(1,20))),((14,(8,15)),(11,(13,12))))));

STEP 7 [NNI_IncrementalHeuristic_M3 -> NNI_Substep_7] - Distance: 784.0000
(18,((9,((3,19),(5,4))),7),((17,10),(((6,(16,(1,20))),2),((14,(8,15)),(11,(13,12))))));

STEP 8 [NNI_IncrementalHeuristic_M3 -> NNI_Substep_8] - Distance: 776.0000
((17,10),((9,((3,19),(5,4))),7),(18,(((6,(16,(1,20))),2),((14,(8,15)),(11,(13,12))))));

STEP 9 [NNI_IncrementalHeuristic_M3 -> NNI_Substep_9] - Distance: 768.0000
((17,10),((9,((3,19),(5,4))),7),(((6,(16,(1,20))),2),(18,((14,(8,15)),(11,(13,12))))));

STEP 10 [NNI_IncrementalHeuristic_M3 -> NNI_Substep_10] - Distance: 758.0000
((17,10),((9,((3,19),(5,4))),7),(((6,(16,(1,20))),2),((11,(13,12)),((14,(8,15)),18))));

STEP 11 [NNI_IncrementalHeuristic_M3 -> NNI_Substep_11] - Distance: 754.0000
((17,10),((9,((3,19),(5,4))),7),(((6,(16,(1,20))),2),((13,(11,12)),((14,(8,15)),18))));

STEP 12 [NNI_IncrementalHeuristic_M3 -> NNI_Substep_12] - Distance: 738.0000
((17,10),((9,((3,19),(5,4))),7),(((6,(16,(1,20))),2),((((14,(8,15)),18),(11,12)),13)));

STEP 13 [NNI_IncrementalHeuristic_M3 -> NNI_Substep_13] - Distance: 714.0000
((17,10),((9,((3,19),(5,4))),7),(13,((((14,(8,15)),18),(11,12)),((6,(16,(1,20))),2))));

STEP 14 [NNI_IncrementalHeuristic_M3 -> NNI_Substep_14] - Distance: 683.0000
(((((14,(8,15)),18),(11,12)),((6,(16,(1,20))),2)),((9,((3,19),(5,4))),7),(13,(17,10)));

STEP 15 [NNI_IncrementalHeuristic_M3 -> NNI_Substep_15] - Distance: 680.0000
(((((14,(8,15)),18),(11,12)),((6,(16,(1,20))),2)),((7,((3,19),(5,4))),9),(13,(17,10)));

STEP 16 [NNI_IncrementalHeuristic_M3 -> NNI_Substep_16] - Distance: 671.0000
((7,((3,19),(5,4))),(((((14,(8,15)),18),(11,12)),((6,(16,(1,20))),2)),9),(13,(17,10)));

STEP 17 [NNI_IncrementalHeuristic_M3 -> NNI_Substep_17] - Distance: 638.0000
((7,((3,19),(5,4))),((9,((6,(16,(1,20))),2)),(((14,(8,15)),18),(11,12))),(13,(17,10)));

STEP 18 [NNI_IncrementalHeuristic_M3 -> NNI_Substep_18] - Distance: 626.0000
((7,((3,19),(5,4))),((2,((6,(16,(1,20))),9)),(((14,(8,15)),18),(11,12))),(13,(17,10)));

STEP 19 [NNI_IncrementalHeuristic_M3 -> NNI_Substep_19] - Distance: 623.0000
((7,((3,(5,4)),19)),((2,((6,(16,(1,20))),9)),(((14,(8,15)),18),(11,12))),(13,(17,10)));

STEP 20 [NNI_IncrementalHeuristic_M3 -> NNI_Substep_20] - Distance: 620.0000
((19,((3,(5,4)),7)),((2,((6,(16,(1,20))),9)),(((14,(8,15)),18),(11,12))),(13,(17,10)));

STEP 21 [NNI_IncrementalHeuristic_M3 -> NNI_Substep_21] - Distance: 574.0000
((((2,((6,(16,(1,20))),9)),(((14,(8,15)),18),(11,12))),((3,(5,4)),7)),19,(13,(17,10)));

STEP 22 [NNI_IncrementalHeuristic_M3 -> NNI_Substep_22] - Distance: 557.0000
((17,10),19,(13,(((2,((6,(16,(1,20))),9)),(((14,(8,15)),18),(11,12))),((3,(5,4)),7))));

STEP 23 [NNI_IncrementalHeuristic_M3 -> NNI_Substep_23] - Distance: 539.0000
((19,10),17,(13,(((2,((6,(16,(1,20))),9)),(((14,(8,15)),18),(11,12))),((3,(5,4)),7))));

STEP 24 [NNI_IncrementalHeuristic_M3 -> NNI_Substep_24] - Distance: 537.0000
((19,10),17,(13,(((2,((6,(16,(1,20))),9)),(((14,(8,15)),18),(11,12))),((5,(3,4)),7))));

STEP 25 [NNI_IncrementalHeuristic_M3 -> NNI_Substep_25] - Distance: 534.0000
((19,10),17,(13,(((2,((6,(16,(1,20))),9)),(((14,(8,15)),18),(11,12))),((7,(3,4)),5))));

STEP 26 [NNI_IncrementalHeuristic_M3 -> NNI_Substep_26] - Distance: 522.0000
((19,10),17,(13,((7,(3,4)),(((2,((6,(16,(1,20))),9)),(((14,(8,15)),18),(11,12))),5))));

STEP 27 [NNI_IncrementalHeuristic_M3 -> NNI_Substep_27] - Distance: 496.0000
((19,10),17,(13,((7,(3,4)),((5,(((14,(8,15)),18),(11,12))),(2,((6,(16,(1,20))),9))))));

STEP 28 [NNI_IncrementalHeuristic_M3 -> NNI_Substep_28] - Distance: 476.0000
((19,10),17,(13,((7,(3,4)),(((11,12),(((14,(8,15)),18),5)),(2,((6,(16,(1,20))),9))))));

STEP 29 [NNI_IncrementalHeuristic_M3 -> NNI_Substep_29] - Distance: 464.0000
((19,10),17,(13,((7,(3,4)),(((11,12),(((14,(8,15)),5),18)),(2,((6,(16,(1,20))),9))))));

STEP 30 [NNI_IncrementalHeuristic_M3 -> NNI_Substep_30] - Distance: 459.0000
((19,10),17,(13,((7,(3,4)),(((11,12),(((14,5),(8,15)),18)),(2,((6,(16,(1,20))),9))))));

STEP 31 [NNI_IncrementalHeuristic_M3 -> NNI_Substep_31] - Distance: 455.0000
((19,10),17,(13,((7,(3,4)),(((11,12),((15,(8,(14,5))),18)),(2,((6,(16,(1,20))),9))))));

STEP 32 [NNI_IncrementalHeuristic_M3 -> NNI_Substep_32] - Distance: 452.0000
((19,10),17,(13,((7,(3,4)),(((11,12),((18,(8,(14,5))),15)),(2,((6,(16,(1,20))),9))))));

STEP 33 [NNI_IncrementalHeuristic_M3 -> NNI_Substep_33] - Distance: 444.0000
((19,10),17,(13,((7,(3,4)),((15,((18,(8,(14,5))),(11,12))),(2,((6,(16,(1,20))),9))))));

STEP 34 [NNI_IncrementalHeuristic_M3 -> NNI_Substep_34] - Distance: 402.0000
((19,10),17,(13,((7,(3,4)),((15,(2,((6,(16,(1,20))),9))),((18,(8,(14,5))),(11,12))))));

STEP 35 [NNI_IncrementalHeuristic_M3 -> NNI_Substep_35] - Distance: 388.0000
((19,10),17,(13,((7,(3,4)),((2,(15,((6,(16,(1,20))),9))),((18,(8,(14,5))),(11,12))))));

STEP 36 [NNI_IncrementalHeuristic_M3 -> NNI_Substep_36] - Distance: 387.0000
((19,10),17,(13,((7,(3,4)),((2,(15,((16,(6,(1,20))),9))),((18,(8,(14,5))),(11,12))))));

STEP 37 [NNI_IncrementalHeuristic_M3 -> NNI_Substep_37] - Distance: 373.0000
((19,10),17,(13,((7,(3,4)),((2,(15,((9,(6,(1,20))),16))),((18,(8,(14,5))),(11,12))))));

STEP 38 [NNI_IncrementalHeuristic_M3 -> NNI_Substep_38] - Distance: 370.0000
((19,10),17,(13,((7,(3,4)),((2,(15,((9,(1,(6,20))),16))),((18,(8,(14,5))),(11,12))))));

STEP 39 [NNI_IncrementalHeuristic_M3 -> NNI_Substep_39] - Distance: 368.0000
((19,10),17,(13,((7,(3,4)),((2,(15,((1,(9,(6,20))),16))),((18,(8,(14,5))),(11,12))))));

STEP 40 [NNI_IncrementalHeuristic_M3 -> NNI_Substep_40] - Distance: 365.0000
((19,10),17,(13,((7,(3,4)),((2,(15,((16,(9,(6,20))),1))),((18,(8,(14,5))),(11,12))))));

STEP 41 [NNI_IncrementalHeuristic_M3 -> NNI_Substep_41] - Distance: 361.0000
((19,10),17,(13,((7,(3,4)),((2,(1,((16,(9,(6,20))),15))),((18,(8,(14,5))),(11,12))))));

STEP 42 [NNI_IncrementalHeuristic_M3 -> NNI_Substep_42] - Distance: 356.0000
((19,10),17,(13,((7,(3,4)),((1,(2,((16,(9,(6,20))),15))),((18,(8,(14,5))),(11,12))))));

STEP 43 [NNI_IncrementalHeuristic_M3 -> NNI_Substep_43] - Distance: 314.0000
((19,10),17,(13,((7,(3,4)),((1,((18,(8,(14,5))),(11,12))),(2,((16,(9,(6,20))),15))))));

STEP 44 [NNI_IncrementalHeuristic_M3 -> NNI_Substep_44] - Distance: 290.0000
((19,10),17,(13,((7,(3,4)),(((11,12),((18,(8,(14,5))),1)),(2,((16,(9,(6,20))),15))))));

STEP 45 [NNI_IncrementalHeuristic_M3 -> NNI_Substep_45] - Distance: 276.0000
((19,10),17,(13,((7,(3,4)),(((11,12),((1,(8,(14,5))),18)),(2,((16,(9,(6,20))),15))))));

STEP 46 [NNI_IncrementalHeuristic_M3 -> NNI_Substep_46] - Distance: 274.0000
((19,10),17,(13,((7,(3,4)),(((11,12),((8,(1,(14,5))),18)),(2,((16,(9,(6,20))),15))))));

STEP 47 [NNI_IncrementalHeuristic_M3 -> NNI_Substep_47] - Distance: 271.0000
((19,10),17,(13,((7,(3,4)),(((11,12),((18,(1,(14,5))),8)),(2,((16,(9,(6,20))),15))))));

STEP 48 [NNI_IncrementalHeuristic_M3 -> NNI_Substep_48] - Distance: 263.0000
((19,10),17,(13,((7,(3,4)),((8,((18,(1,(14,5))),(11,12))),(2,((16,(9,(6,20))),15))))));

STEP 49 [NNI_IncrementalHeuristic_M3 -> NNI_Substep_49] - Distance: 227.0000
((19,10),17,(13,((7,(3,4)),(((2,((16,(9,(6,20))),15)),((18,(1,(14,5))),(11,12))),8))));

STEP 50 [NNI_IncrementalHeuristic_M3 -> NNI_Substep_50] - Distance: 175.0000
((19,10),17,(13,(((2,((16,(9,(6,20))),15)),((18,(1,(14,5))),(11,12))),((7,(3,4)),8))));

STEP 51 [NNI_IncrementalHeuristic_M3 -> NNI_Substep_51] - Distance: 141.0000
((19,10),17,(13,(((2,((16,(9,(6,20))),15)),((18,(1,(14,5))),(11,12))),((7,8),(3,4)))));

STEP 52 [NNI_IncrementalHeuristic_M3 -> NNI_Substep_52] - Distance: 139.0000
((19,10),17,(13,(((2,((16,(6,(9,20))),15)),((18,(1,(14,5))),(11,12))),((7,8),(3,4)))));

STEP 53 [NNI_IncrementalHeuristic_M3 -> NNI_Substep_53] - Distance: 136.0000
((19,10),17,(13,(((2,((6,(16,(9,20))),15)),((18,(1,(14,5))),(11,12))),((7,8),(3,4)))));

STEP 54 [NNI_IncrementalHeuristic_M3 -> NNI_Substep_54] - Distance: 132.0000
((19,10),17,(13,(((2,((15,(16,(9,20))),6)),((18,(1,(14,5))),(11,12))),((7,8),(3,4)))));

STEP 55 [NNI_IncrementalHeuristic_M3 -> NNI_Substep_55] - Distance: 127.0000
((19,10),17,(13,(((6,((15,(16,(9,20))),2)),((18,(1,(14,5))),(11,12))),((7,8),(3,4)))));

STEP 56 [NNI_IncrementalHeuristic_M3 -> NNI_Substep_56] - Distance: 79.0000
((19,10),17,(13,(((6,((18,(1,(14,5))),(11,12))),((15,(16,(9,20))),2)),((7,8),(3,4)))));

STEP 57 [NNI_IncrementalHeuristic_M3 -> NNI_Substep_57] - Distance: 51.0000
((19,10),17,(13,((((11,12),((18,(1,(14,5))),6)),((15,(16,(9,20))),2)),((7,8),(3,4)))));

STEP 58 [NNI_IncrementalHeuristic_M3 -> NNI_Substep_58] - Distance: 35.0000
((19,10),17,(13,((((11,12),((6,(1,(14,5))),18)),((15,(16,(9,20))),2)),((7,8),(3,4)))));

STEP 59 [NNI_IncrementalHeuristic_M3 -> NNI_Substep_59] - Distance: 18.0000
((19,10),17,(13,((((11,12),((1,(6,(14,5))),18)),((15,(16,(9,20))),2)),((7,8),(3,4)))));

STEP 60 [NNI_IncrementalHeuristic_M3 -> NNI_Substep_60] - Distance: 0.0000
((19,10),17,(13,((((11,12),((1,(14,(6,5))),18)),((15,(16,(9,20))),2)),((7,8),(3,4)))));

========================================================
[FINAL] Total Steps: 60 | Final Distance: 0.0000
========================================================
