========================================================
HEURISTIC TRAJECTORY: VND Classic (RF)
========================================================
STEP 0 [START] - Distance: 17.0000
(3,((20,(19,1)),(2,14)),((5,(12,(16,(17,8)))),((((9,(4,10)),(13,15)),(18,7)),(6,11))));

STEP 1 [uTBR_ClassicHeuristic_RF -> NNI_Substep_1] - Distance: 17.0000
(3,((20,(19,1)),(2,14)),((5,(12,(16,(17,8)))),(((((9,(4,10)),13),15),(18,7)),(6,11))));

STEP 2 [uTBR_ClassicHeuristic_RF -> NNI_Substep_2] - Distance: 17.0000
(3,((20,(19,1)),(2,14)),((5,(12,(16,(17,8)))),(((((9,(4,10)),13),(18,7)),15),(6,11))));

STEP 3 [uTBR_ClassicHeuristic_RF -> NNI_Substep_3] - Distance: 16.0000
(3,((20,(19,1)),(2,14)),((5,(12,(16,(17,8)))),((((9,(4,10)),13),((18,7),15)),(6,11))));

STEP 4 [uTBR_ClassicHeuristic_RF -> NNI_Substep_4] - Distance: 15.0000
(3,((20,(19,1)),(2,14)),((5,(12,(16,(17,8)))),((((9,(4,10)),13),(18,(7,15))),(6,11))));

STEP 5 [uTBR_ClassicHeuristic_RF -> NNI_Substep_5] - Distance: 15.0000
(3,(((20,1),19),(2,14)),((5,(12,(16,(17,8)))),((((9,(4,10)),13),(18,(7,15))),(6,11))));

STEP 6 [uTBR_ClassicHeuristic_RF -> NNI_Substep_6] - Distance: 15.0000
(3,(((20,1),(2,14)),19),((5,(12,(16,(17,8)))),((((9,(4,10)),13),(18,(7,15))),(6,11))));

STEP 7 [uTBR_ClassicHeuristic_RF -> NNI_Substep_7] - Distance: 15.0000
(3,((20,1),((2,14),19)),((5,(12,(16,(17,8)))),((((9,(4,10)),13),(18,(7,15))),(6,11))));

STEP 8 [uTBR_ClassicHeuristic_RF -> NNI_Substep_8] - Distance: 14.0000
(3,((20,1),(2,(14,19))),((5,(12,(16,(17,8)))),((((9,(4,10)),13),(18,(7,15))),(6,11))));

STEP 9 [uTBR_ClassicHeuristic_RF -> NNI_Substep_9] - Distance: 14.0000
(3,((20,(2,(14,19))),1),((5,(12,(16,(17,8)))),((((9,(4,10)),13),(18,(7,15))),(6,11))));

STEP 10 [uTBR_ClassicHeuristic_RF -> NNI_Substep_10] - Distance: 14.0000
(3,(((2,(14,19)),1),20),((5,(12,(16,(17,8)))),((((9,(4,10)),13),(18,(7,15))),(6,11))));

STEP 11 [uTBR_ClassicHeuristic_RF -> NNI_Substep_11] - Distance: 13.0000
(3,(((2,1),(14,19)),20),((5,(12,(16,(17,8)))),((((9,(4,10)),13),(18,(7,15))),(6,11))));

STEP 12 [uTBR_ClassicHeuristic_RF -> NNI_Substep_12] - Distance: 13.0000
(3,(20,((2,1),(14,19))),((((16,(17,8)),5),12),((((9,(4,10)),13),(18,(7,15))),(6,11))));

STEP 13 [uTBR_ClassicHeuristic_RF -> NNI_Substep_13] - Distance: 13.0000
(3,(20,((2,1),(14,19))),(((((17,8),5),16),12),((((9,(4,10)),13),(18,(7,15))),(6,11))));

STEP 14 [uTBR_ClassicHeuristic_RF -> NNI_Substep_14] - Distance: 12.0000
(3,(20,((2,1),(14,19))),((12,(16,(17,(8,5)))),((((9,(4,10)),13),(18,(7,15))),(6,11))));

STEP 15 [uTBR_ClassicHeuristic_RF -> NNI_Substep_15] - Distance: 12.0000
(3,(20,((2,1),(14,19))),((12,(16,(17,(8,5)))),(((((4,10),13),9),(18,(7,15))),(6,11))));

STEP 16 [uTBR_ClassicHeuristic_RF -> NNI_Substep_16] - Distance: 12.0000
(3,(20,((2,1),(14,19))),((12,(16,(17,(8,5)))),(((((4,10),13),(18,(7,15))),9),(6,11))));

STEP 17 [uTBR_ClassicHeuristic_RF -> NNI_Substep_17] - Distance: 12.0000
(3,(20,((2,1),(14,19))),((12,(16,(17,(8,5)))),(((((4,10),13),(18,(7,15))),(6,11)),9)));

STEP 18 [uTBR_ClassicHeuristic_RF -> NNI_Substep_18] - Distance: 12.0000
(3,(20,((2,1),(14,19))),(((12,(16,(17,(8,5)))),((((4,10),13),(18,(7,15))),(6,11))),9));

STEP 19 [uTBR_ClassicHeuristic_RF -> NNI_Substep_19] - Distance: 12.0000
(3,(20,((2,1),(14,19))),(((12,(16,(17,(8,5)))),9),((((4,10),13),(18,(7,15))),(6,11))));

STEP 20 [uTBR_ClassicHeuristic_RF -> NNI_Substep_20] - Distance: 11.0000
(3,(20,((2,1),(14,19))),((12,((16,(17,(8,5))),9)),((((4,10),13),(18,(7,15))),(6,11))));

STEP 21 [uTBR_ClassicHeuristic_RF -> NNI_Substep_21] - Distance: 11.0000
(3,(20,((2,1),(14,19))),((12,(16,((17,(8,5)),9))),((((4,10),13),(18,(7,15))),(6,11))));

STEP 22 [uTBR_ClassicHeuristic_RF -> NNI_Substep_22] - Distance: 10.0000
(3,(20,((2,1),(14,19))),((12,(16,((17,9),(8,5)))),((((4,10),13),(18,(7,15))),(6,11))));

STEP 23 [uTBR_ClassicHeuristic_RF -> NNI_Substep_23] - Distance: 9.0000
(3,(20,((2,1),(14,19))),((12,((8,5),((17,9),16))),((((4,10),13),(18,(7,15))),(6,11))));

STEP 24 [uTBR_ClassicHeuristic_RF -> NNI_Substep_24] - Distance: 9.0000
(3,(20,((2,1),(14,19))),((12,((((4,10),13),(18,(7,15))),(6,11))),((8,5),((17,9),16))));

STEP 25 [uTBR_ClassicHeuristic_RF -> NNI_Substep_25] - Distance: 9.0000
(3,((20,((2,1),(14,19))),((8,5),((17,9),16))),(12,((((4,10),13),(18,(7,15))),(6,11))));

STEP 26 [uTBR_ClassicHeuristic_RF -> NNI_Substep_26] - Distance: 9.0000
(3,(20,(((2,1),(14,19)),((8,5),((17,9),16)))),(12,((((4,10),13),(18,(7,15))),(6,11))));

STEP 27 [uTBR_ClassicHeuristic_RF -> NNI_Substep_27] - Distance: 8.0000
(3,(20,(((2,1),((8,5),((17,9),16))),(14,19))),(12,((((4,10),13),(18,(7,15))),(6,11))));

STEP 28 [uTBR_ClassicHeuristic_RF -> NNI_Substep_28] - Distance: 8.0000
(20,(((2,1),((8,5),((17,9),16))),(14,19)),(12,(((((4,10),13),(18,(7,15))),(6,11)),3)));

STEP 29 [uTBR_ClassicHeuristic_RF -> NNI_Substep_29] - Distance: 8.0000
(20,(((2,1),((8,5),((17,9),16))),(14,19)),(12,(((((4,10),13),(18,(7,15))),3),(6,11))));

STEP 30 [uTBR_ClassicHeuristic_RF -> NNI_Substep_30] - Distance: 8.0000
(20,(((2,1),((8,5),((17,9),16))),(14,19)),(12,(((((4,10),13),3),(18,(7,15))),(6,11))));

STEP 31 [uTBR_ClassicHeuristic_RF -> NNI_Substep_31] - Distance: 8.0000
(20,(((2,1),((8,5),((17,9),16))),(14,19)),(12,(((((4,10),3),13),(18,(7,15))),(6,11))));

STEP 32 [uTBR_ClassicHeuristic_RF -> NNI_Substep_32] - Distance: 7.0000
(20,(((2,1),((8,5),((17,9),16))),(14,19)),(12,((((4,(10,3)),13),(18,(7,15))),(6,11))));

STEP 33 [uTBR_ClassicHeuristic_RF -> NNI_Substep_33] - Distance: 7.0000
(20,((2,1),((8,5),((17,9),16))),((12,((((4,(10,3)),13),(18,(7,15))),(6,11))),(14,19)));

STEP 34 [uTBR_ClassicHeuristic_RF -> NNI_Substep_34] - Distance: 7.0000
(20,((2,1),((8,5),((17,9),16))),(12,(((((4,(10,3)),13),(18,(7,15))),(6,11)),(14,19))));

STEP 35 [uTBR_ClassicHeuristic_RF -> NNI_Substep_35] - Distance: 7.0000
(20,((2,1),((8,5),((17,9),16))),(12,((((4,(10,3)),13),(18,(7,15))),((6,11),(14,19)))));

STEP 36 [uTBR_ClassicHeuristic_RF -> NNI_Substep_36] - Distance: 6.0000
(20,((2,1),((8,5),((17,9),16))),(12,((((4,(10,3)),13),(18,(7,15))),(6,(11,(14,19))))));

STEP 37 [uTBR_ClassicHeuristic_RF -> NNI_Substep_37] - Distance: 6.0000
(20,((2,1),((8,5),((17,9),16))),(12,((((4,13),(10,3)),(18,(7,15))),(6,(11,(14,19))))));

STEP 38 [uTBR_ClassicHeuristic_RF -> NNI_Substep_38] - Distance: 6.0000
(20,((2,1),((8,5),((17,9),16))),(12,((((4,13),(18,(7,15))),(10,3)),(6,(11,(14,19))))));

STEP 39 [uTBR_ClassicHeuristic_RF -> NNI_Substep_39] - Distance: 6.0000
(20,((2,1),((8,5),((17,9),16))),(12,((((4,13),(18,(7,15))),(6,(11,(14,19)))),(10,3))));

STEP 40 [uTBR_ClassicHeuristic_RF -> NNI_Substep_40] - Distance: 5.0000
(20,((2,1),((8,5),((17,9),16))),(12,(((4,13),(18,(7,15))),((6,(11,(14,19))),(10,3)))));

STEP 41 [uTBR_ClassicHeuristic_RF -> NNI_Substep_41] - Distance: 4.0000
(20,((2,1),((8,5),((17,9),16))),(12,(((4,13),(18,(7,15))),((6,(10,3)),(11,(14,19))))));

STEP 42 [uTBR_ClassicHeuristic_RF -> NNI_Substep_42] - Distance: 3.0000
(20,(((4,13),(18,(7,15))),(((6,(10,3)),(11,(14,19))),12)),((2,1),((8,5),((17,9),16))));

STEP 43 [uTBR_ClassicHeuristic_RF -> NNI_Substep_43] - Distance: 2.0000
(20,((4,13),((18,(7,15)),(((6,(10,3)),(11,(14,19))),12))),((2,1),((8,5),((17,9),16))));

STEP 44 [uTBR_ClassicHeuristic_RF -> NNI_Substep_44] - Distance: 2.0000
(((4,13),20),((18,(7,15)),(((6,(10,3)),(11,(14,19))),12)),((2,1),((8,5),((17,9),16))));

STEP 45 [uTBR_ClassicHeuristic_RF -> NNI_Substep_45] - Distance: 1.0000
(((4,20),13),((18,(7,15)),(((6,(10,3)),(11,(14,19))),12)),((2,1),((8,5),((17,9),16))));

STEP 46 [uTBR_ClassicHeuristic_RF -> NNI_Substep_46] - Distance: 0.0000
(13,(((18,(7,15)),(((6,(10,3)),(11,(14,19))),12)),(4,20)),((2,1),((8,5),((17,9),16))));

========================================================
[FINAL] Total Steps: 46 | Final Distance: 0.0000
========================================================
