========================================================
HEURISTIC TRAJECTORY: VND Incremental (MS)
========================================================
STEP 0 [START] - Distance: 78.0000
((14,12),(5,20),(((16,(7,1)),(10,18)),((((6,17),(19,9)),(2,(8,(3,15)))),(13,(4,11)))));

STEP 1 [NNI_IncrementalHeuristic_MS -> NNI_Substep_1] - Distance: 76.0000
((14,12),(5,20),(((16,(10,18)),(7,1)),((((6,17),(19,9)),(2,(8,(3,15)))),(13,(4,11)))));

STEP 2 [NNI_IncrementalHeuristic_MS -> NNI_Substep_2] - Distance: 74.0000
((14,12),(5,20),(((10,(16,18)),(7,1)),((((6,17),(19,9)),(2,(8,(3,15)))),(13,(4,11)))));

STEP 3 [NNI_IncrementalHeuristic_MS -> NNI_Substep_3] - Distance: 73.0000
(((5,20),12),14,(((10,(16,18)),(7,1)),((((6,17),(19,9)),(2,(8,(3,15)))),(13,(4,11)))));

STEP 4 [NNI_IncrementalHeuristic_MS -> NNI_Substep_4] - Distance: 72.0000
(((5,20),12),14,(((10,(16,18)),((((6,17),(19,9)),(2,(8,(3,15)))),(13,(4,11)))),(7,1)));

STEP 5 [NNI_IncrementalHeuristic_MS -> NNI_Substep_5] - Distance: 71.0000
((7,1),14,(((10,(16,18)),((((6,17),(19,9)),(2,(8,(3,15)))),(13,(4,11)))),((5,20),12)));

STEP 6 [NNI_IncrementalHeuristic_MS -> NNI_Substep_6] - Distance: 70.0000
((7,1),14,(((((6,17),(19,9)),(2,(8,(3,15)))),((10,(16,18)),(13,(4,11)))),((5,20),12)));

STEP 7 [NNI_IncrementalHeuristic_MS -> NNI_Substep_7] - Distance: 68.0000
((7,1),14,(((((10,(16,18)),(13,(4,11))),(2,(8,(3,15)))),((6,17),(19,9))),((5,20),12)));

STEP 8 [NNI_IncrementalHeuristic_MS -> NNI_Substep_8] - Distance: 67.0000
((7,1),14,(((2,(((10,(16,18)),(13,(4,11))),(8,(3,15)))),((6,17),(19,9))),((5,20),12)));

STEP 9 [NNI_IncrementalHeuristic_MS -> NNI_Substep_9] - Distance: 66.0000
((7,1),14,(((((6,17),(19,9)),(((10,(16,18)),(13,(4,11))),(8,(3,15)))),2),((5,20),12)));

STEP 10 [NNI_IncrementalHeuristic_MS -> NNI_Substep_10] - Distance: 62.0000
((7,1),14,((((5,20),12),2),(((6,17),(19,9)),(((10,(16,18)),(13,(4,11))),(8,(3,15))))));

STEP 11 [Heur. uSPR MS -> NNI_Substep_1] - Distance: 62.0000
((7,1),14,((((5,20),12),2),(((6,17),(19,9)),(((10,(16,18)),((13,11),4)),(8,(3,15))))));

STEP 12 [Heur. uSPR MS -> NNI_Substep_2] - Distance: 62.0000
((7,1),14,((((5,20),12),2),(((6,17),(19,9)),((((10,(16,18)),(13,11)),4),(8,(3,15))))));

STEP 13 [Heur. uSPR MS -> NNI_Substep_3] - Distance: 62.0000
((7,1),14,((((5,20),12),2),(((6,17),(19,9)),((((10,(16,18)),(13,11)),(8,(3,15))),4))));

STEP 14 [Heur. uSPR MS -> NNI_Substep_4] - Distance: 61.0000
((7,1),14,((((5,20),12),2),((((6,17),(19,9)),(((10,(16,18)),(13,11)),(8,(3,15)))),4)));

STEP 15 [Heur. uSPR MS -> NNI_Substep_5] - Distance: 58.0000
((7,1),14,(((((5,20),12),2),(((6,17),(19,9)),(((10,(16,18)),(13,11)),(8,(3,15))))),4));

STEP 16 [Heur. uSPR MS -> NNI_Substep_6] - Distance: 56.0000
(((7,1),4),14,((((5,20),12),2),(((6,17),(19,9)),(((10,(16,18)),(13,11)),(8,(3,15))))));

STEP 17 [Heur. uSPR MS -> NNI_Substep_7] - Distance: 54.0000
((7,(1,4)),14,((((5,20),12),2),(((6,17),(19,9)),(((10,(16,18)),(13,11)),(8,(3,15))))));

STEP 18 [Heur. uSPR MS -> NNI_Substep_8] - Distance: 54.0000
((7,(1,4)),14,((((5,20),12),2),(((6,17),(19,9)),(((10,(16,18)),(13,11)),((8,15),3)))));

STEP 19 [Heur. uSPR MS -> NNI_Substep_9] - Distance: 54.0000
((7,(1,4)),14,((((5,20),12),2),(((6,17),(19,9)),((((10,(16,18)),(13,11)),(8,15)),3))));

STEP 20 [Heur. uSPR MS -> NNI_Substep_10] - Distance: 53.0000
((7,(1,4)),14,((((5,20),12),2),((((6,17),(19,9)),(((10,(16,18)),(13,11)),(8,15))),3)));

STEP 21 [Heur. uSPR MS -> NNI_Substep_11] - Distance: 52.0000
((7,(1,4)),14,(((((5,20),12),2),(((6,17),(19,9)),(((10,(16,18)),(13,11)),(8,15)))),3));

STEP 22 [Heur. uSPR MS -> NNI_Substep_12] - Distance: 48.0000
((7,(1,4)),(14,3),((((5,20),12),2),(((6,17),(19,9)),(((10,(16,18)),(13,11)),(8,15)))));

STEP 23 [Heur. uSPR MS -> NNI_Substep_13] - Distance: 49.0000
((7,(1,4)),(14,3),((((5,20),12),2),(((6,(19,9)),17),(((10,(16,18)),(13,11)),(8,15)))));

STEP 24 [Heur. uSPR MS -> NNI_Substep_14] - Distance: 47.0000
((7,(1,4)),(14,3),((((5,20),12),2),(((6,(19,9)),(((10,(16,18)),(13,11)),(8,15))),17)));

STEP 25 [Heur. uSPR MS -> NNI_Substep_15] - Distance: 48.0000
((7,(1,4)),(14,3),(((((5,20),12),2),((6,(19,9)),(((10,(16,18)),(13,11)),(8,15)))),17));

STEP 26 [Heur. uSPR MS -> NNI_Substep_16] - Distance: 44.0000
((7,(1,4)),((14,3),17),((((5,20),12),2),((6,(19,9)),(((10,(16,18)),(13,11)),(8,15)))));

STEP 27 [Heur. uSPR MS -> NNI_Substep_17] - Distance: 42.0000
((7,(1,4)),((14,17),3),((((5,20),12),2),((6,(19,9)),(((10,(16,18)),(13,11)),(8,15)))));

STEP 28 [Heur. uSPR MS -> NNI_Substep_18] - Distance: 44.0000
((7,(1,4)),((14,17),3),((((5,20),12),2),(((6,19),9),(((10,(16,18)),(13,11)),(8,15)))));

STEP 29 [Heur. uSPR MS -> NNI_Substep_19] - Distance: 44.0000
((7,(1,4)),((14,17),3),((((5,20),12),2),(((6,19),(((10,(16,18)),(13,11)),(8,15))),9)));

STEP 30 [Heur. uSPR MS -> NNI_Substep_20] - Distance: 43.0000
((7,(1,4)),((14,17),3),((((5,20),12),2),((6,19),((((10,(16,18)),(13,11)),(8,15)),9))));

STEP 31 [Heur. uSPR MS -> NNI_Substep_21] - Distance: 42.0000
((7,(1,4)),((14,17),3),((((5,20),12),2),((6,19),((((10,(16,18)),(13,11)),9),(8,15)))));

STEP 32 [Heur. uSPR MS -> NNI_Substep_22] - Distance: 41.0000
((7,(1,4)),((14,17),3),((((5,20),12),2),((6,19),((((10,(16,18)),9),(13,11)),(8,15)))));

STEP 33 [Heur. uSPR MS -> NNI_Substep_23] - Distance: 39.0000
((7,(1,4)),((14,17),3),((((5,20),12),2),((6,19),(((10,((16,18),9)),(13,11)),(8,15)))));

STEP 34 [Heur. uSPR MS -> NNI_Substep_24] - Distance: 37.0000
((7,(1,4)),((14,17),3),((((5,20),12),2),((6,19),(((10,(16,(18,9))),(13,11)),(8,15)))));

STEP 35 [Heur. uSPR MS -> NNI_Substep_25] - Distance: 36.0000
((7,(1,4)),((14,17),3),((((5,20),12),2),((19,(((10,(16,(18,9))),(13,11)),(8,15))),6)));

STEP 36 [Heur. uSPR MS -> NNI_Substep_26] - Distance: 34.0000
((7,(1,4)),((14,17),3),((((5,20),12),2),(((((10,(16,(18,9))),(13,11)),(8,15)),6),19)));

STEP 37 [Heur. uSPR MS -> NNI_Substep_27] - Distance: 33.0000
((7,(1,4)),((14,17),3),((((5,20),12),2),(((((10,(16,(18,9))),(13,11)),6),(8,15)),19)));

STEP 38 [Heur. uSPR MS -> NNI_Substep_28] - Distance: 32.0000
((7,(1,4)),((14,17),3),((((5,20),12),2),(19,((((10,(16,(18,9))),6),(13,11)),(8,15)))));

STEP 39 [Heur. uSPR MS -> NNI_Substep_29] - Distance: 30.0000
((7,(1,4)),((14,17),3),((((5,20),12),2),(19,(((((10,(16,(18,9))),6),11),13),(8,15)))));

STEP 40 [Heur. uSPR MS -> NNI_Substep_30] - Distance: 27.0000
((7,(1,4)),((14,17),3),((((5,20),12),2),(19,(((((10,(16,(18,9))),6),11),(8,15)),13))));

STEP 41 [Heur. uSPR MS -> NNI_Substep_31] - Distance: 27.0000
((7,(1,4)),((14,17),3),((((5,20),12),2),(19,((((((16,(18,9)),6),10),11),(8,15)),13))));

STEP 42 [Heur. uSPR MS -> NNI_Substep_32] - Distance: 25.0000
((7,(1,4)),((14,17),3),((((5,20),12),2),(19,((((((16,(18,9)),6),11),10),(8,15)),13))));

STEP 43 [Heur. uSPR MS -> NNI_Substep_33] - Distance: 24.0000
((7,(1,4)),((14,17),3),((((5,20),12),2),(19,((((((16,(18,9)),6),11),(8,15)),10),13))));

STEP 44 [Heur. uSPR MS -> NNI_Substep_34] - Distance: 28.0000
((7,(1,4)),((14,17),3),((((5,20),12),2),(19,(((((((16,(18,9)),6),11),8),15),10),13))));

STEP 45 [Heur. uSPR MS -> NNI_Substep_35] - Distance: 26.0000
((7,(1,4)),((14,17),3),((((5,20),12),2),(19,(((((((16,(18,9)),6),11),15),8),10),13))));

STEP 46 [Heur. uSPR MS -> NNI_Substep_36] - Distance: 21.0000
((7,(1,4)),((14,17),3),((((5,20),12),2),(19,(((((11,15),((16,(18,9)),6)),8),10),13))));

STEP 47 [Heur. uSPR MS -> NNI_Substep_37] - Distance: 18.0000
((7,(1,4)),((14,17),3),((((5,20),12),2),(19,((((((16,(18,9)),(11,15)),6),8),10),13))));

STEP 48 [Heur. uSPR MS -> NNI_Substep_38] - Distance: 18.0000
((7,(1,4)),((14,17),3),((((5,20),2),12),(19,((((((16,(18,9)),(11,15)),6),8),10),13))));

STEP 49 [Heur. uSPR MS -> NNI_Substep_39] - Distance: 25.0000
((7,(1,4)),((14,17),3),((((5,20),2),(19,((((((16,(18,9)),(11,15)),6),8),10),13))),12));

STEP 50 [Heur. uSPR MS -> NNI_Substep_40] - Distance: 23.0000
((7,(1,4)),((14,17),3),(((5,20),2),((19,((((((16,(18,9)),(11,15)),6),8),10),13)),12)));

STEP 51 [Heur. uSPR MS -> NNI_Substep_41] - Distance: 21.0000
((7,(1,4)),((14,17),3),(((5,20),2),(19,(((((((16,(18,9)),(11,15)),6),8),10),13),12))));

STEP 52 [Heur. uSPR MS -> NNI_Substep_42] - Distance: 21.0000
((7,(1,4)),((14,17),3),(((5,20),2),(19,(((((((16,(18,9)),(11,15)),6),8),10),12),13))));

STEP 53 [Heur. uSPR MS -> NNI_Substep_43] - Distance: 15.0000
((7,(1,4)),((14,17),3),(((5,20),2),(19,((((((16,(18,9)),(11,15)),6),8),(10,12)),13))));

STEP 54 [Heur. uSPR MS -> NNI_Substep_44] - Distance: 19.0000
((7,(1,4)),((14,17),3),(((5,20),2),(19,(((((((16,(18,9)),(11,15)),6),8),12),10),13))));

STEP 55 [Heur. uSPR MS -> NNI_Substep_45] - Distance: 17.0000
((7,(1,4)),((14,17),3),(((5,20),2),(19,(((((((16,(18,9)),(11,15)),6),8),12),13),10))));

STEP 56 [Heur. uSPR MS -> NNI_Substep_46] - Distance: 17.0000
((7,(1,4)),((14,17),3),(((5,20),2),((19,((((((16,(18,9)),(11,15)),6),8),12),13)),10)));

STEP 57 [Heur. uSPR MS -> NNI_Substep_47] - Distance: 17.0000
((7,(1,4)),((14,17),3),((((5,20),2),(19,((((((16,(18,9)),(11,15)),6),8),12),13))),10));

STEP 58 [Heur. uSPR MS -> NNI_Substep_48] - Distance: 10.0000
((7,(1,4)),((14,17),3),((((5,20),2),10),(19,((((((16,(18,9)),(11,15)),6),8),12),13))));

STEP 59 [Heur. uSPR MS -> NNI_Substep_49] - Distance: 8.0000
((7,(1,4)),((14,17),3),((((5,20),10),2),(19,((((((16,(18,9)),(11,15)),6),8),12),13))));

STEP 60 [Heur. uSPR MS -> NNI_Substep_50] - Distance: 6.0000
((7,(1,4)),((14,17),3),((((5,20),10),2),(19,((((((16,(18,9)),(11,15)),6),12),8),13))));

STEP 61 [Heur. uSPR MS -> NNI_Substep_51] - Distance: 8.0000
((1,4),((14,17),3),(((((5,20),10),2),(19,((((((16,(18,9)),(11,15)),6),12),8),13))),7));

STEP 62 [Heur. uSPR MS -> NNI_Substep_52] - Distance: 11.0000
((1,4),((14,17),3),((((5,20),10),2),((19,((((((16,(18,9)),(11,15)),6),12),8),13)),7)));

STEP 63 [Heur. uSPR MS -> NNI_Substep_53] - Distance: 5.0000
((1,4),((14,17),3),((((5,20),10),2),((19,7),((((((16,(18,9)),(11,15)),6),12),8),13))));

STEP 64 [Heur. uSPR MS -> NNI_Substep_54] - Distance: 9.0000
((1,4),((14,17),3),((((5,20),10),2),((7,((((((16,(18,9)),(11,15)),6),12),8),13)),19)));

STEP 65 [Heur. uSPR MS -> NNI_Substep_55] - Distance: 4.0000
((1,4),((14,17),3),(((((5,20),10),2),(7,((((((16,(18,9)),(11,15)),6),12),8),13))),19));

STEP 66 [Heur. uSPR MS -> NNI_Substep_56] - Distance: 0.0000
(((1,4),19),((14,17),3),((((5,20),10),2),(7,((((((16,(18,9)),(11,15)),6),12),8),13))));

========================================================
[FINAL] Total Steps: 66 | Final Distance: 0.0000
========================================================
