========================================================
HEURISTIC TRAJECTORY: VND Incremental (MP)
========================================================
STEP 0 [START] - Distance: 132.0000
(((19,1),((7,((2,(16,(6,((5,12),((11,15),(17,10)))))),(8,(9,18)))),(4,3))),(14,(20,13)));

STEP 1 [NNI_IncrementalHeuristic_MP -> NNI_Substep_1] - Distance: 120.0000
(((19,1),(14,(20,13))),((7,(8,((2,(16,(6,((5,12),((11,15),(17,10)))))),(9,18)))),(4,3)));

STEP 2 [NNI_IncrementalHeuristic_MP -> NNI_Substep_2] - Distance: 119.0000
(((19,1),(14,(20,13))),((7,(8,(((9,18),(16,(6,((5,12),((11,15),(17,10)))))),2))),(4,3)));

STEP 3 [NNI_IncrementalHeuristic_MP -> NNI_Substep_3] - Distance: 118.0000
(((19,1),(14,(20,13))),((7,(8,((((16,(6,((5,12),((11,15),(17,10))))),18),9),2))),(4,3)));

STEP 4 [2sECR_IncrementalHeuristic_MP -> NNI_Substep_1] - Distance: 118.0000
(((19,1),(14,(20,13))),(7,((4,3),(8,((((16,(6,((5,12),((11,15),(17,10))))),18),9),2)))));

STEP 5 [2sECR_IncrementalHeuristic_MP -> NNI_Substep_2] - Distance: 112.0000
(((19,((14,(20,13)),1)),7),((4,3),(8,((((16,(6,((5,12),((11,15),(17,10))))),18),9),2))));

STEP 6 [2sECR_IncrementalHeuristic_MP -> NNI_Substep_3] - Distance: 111.0000
(((7,((14,(20,13)),1)),19),((4,3),(8,((((16,(6,((5,12),((11,15),(17,10))))),18),9),2))));

STEP 7 [3sECR_IncrementalHeuristic_MP -> NNI_Substep_1] - Distance: 111.0000
(((7,((14,(20,13)),1)),19),((4,3),((8,(((16,(6,((5,12),((11,15),(17,10))))),18),9)),2)));

STEP 8 [3sECR_IncrementalHeuristic_MP -> NNI_Substep_2] - Distance: 111.0000
(((7,((14,(20,13)),1)),19),(((4,3),(8,(((16,(6,((5,12),((11,15),(17,10))))),18),9))),2));

STEP 9 [3sECR_IncrementalHeuristic_MP -> NNI_Substep_3] - Distance: 105.0000
((((7,((14,(20,13)),1)),19),2),((4,3),((8,((16,(6,((5,12),((11,15),(17,10))))),18)),9)));

STEP 10 [3sECR_IncrementalHeuristic_MP -> NNI_Substep_4] - Distance: 105.0000
((((7,((14,(20,13)),1)),19),2),(((4,3),(8,((16,(6,((5,12),((11,15),(17,10))))),18))),9));

STEP 11 [3sECR_IncrementalHeuristic_MP -> NNI_Substep_5] - Distance: 97.0000
(((9,2),(19,(7,((14,(20,13)),1)))),((4,3),(8,((16,(6,((5,12),((11,15),(17,10))))),18))));

STEP 12 [3sECR_IncrementalHeuristic_MP -> NNI_Substep_6] - Distance: 95.0000
((((9,2),(7,((14,(20,13)),1))),19),((4,3),(8,((16,(6,((5,12),((11,15),(17,10))))),18))));

STEP 13 [3sECR_IncrementalHeuristic_MP -> NNI_Substep_7] - Distance: 92.0000
(((((9,2),7),((14,(20,13)),1)),19),((4,3),(8,((16,(6,((5,12),((11,15),(17,10))))),18))));

STEP 14 [3sECR_IncrementalHeuristic_MP -> NNI_Substep_8] - Distance: 91.0000
(((((9,7),2),((14,(20,13)),1)),19),((4,3),(8,((16,(6,((5,12),((11,15),(17,10))))),18))));

STEP 15 [3sECR_IncrementalHeuristic_MP -> NNI_Substep_9] - Distance: 91.0000
(((4,3),(8,((16,(6,((5,12),((11,15),(17,10))))),18))),(19,((((9,7),2),(14,(20,13))),1)));

STEP 16 [3sECR_IncrementalHeuristic_MP -> NNI_Substep_10] - Distance: 91.0000
(((4,3),(8,((16,(6,((5,12),((11,15),(17,10))))),18))),((19,(((9,7),2),(14,(20,13)))),1));

STEP 17 [3sECR_IncrementalHeuristic_MP -> NNI_Substep_11] - Distance: 81.0000
(((1,(4,3)),(8,((16,(6,((5,12),((11,15),(17,10))))),18))),(19,(((9,7),2),(14,(20,13)))));

STEP 18 [3sECR_IncrementalHeuristic_MP -> NNI_Substep_12] - Distance: 80.0000
((((1,4),3),(8,((16,(6,((5,12),((11,15),(17,10))))),18))),(19,(((9,7),2),(14,(20,13)))));

STEP 19 [3sECR_IncrementalHeuristic_MP -> NNI_Substep_13] - Distance: 80.0000
((((1,4),3),(8,((16,(6,((5,12),((11,15),(17,10))))),18))),(19,((((9,7),2),(20,13)),14)));

STEP 20 [3sECR_IncrementalHeuristic_MP -> NNI_Substep_14] - Distance: 80.0000
((((1,4),3),(8,((16,(6,((5,12),((11,15),(17,10))))),18))),((19,(((9,7),2),(20,13))),14));

STEP 21 [3sECR_IncrementalHeuristic_MP -> NNI_Substep_15] - Distance: 73.0000
(((14,(8,((16,(6,((5,12),((11,15),(17,10))))),18))),((1,4),3)),(19,(((9,7),2),(20,13))));

STEP 22 [3sECR_IncrementalHeuristic_MP -> NNI_Substep_16] - Distance: 68.0000
((((14,8),((16,(6,((5,12),((11,15),(17,10))))),18)),((1,4),3)),(19,(((9,7),2),(20,13))));

STEP 23 [3sECR_IncrementalHeuristic_MP -> NNI_Substep_17] - Distance: 68.0000
((((14,8),((16,(6,((5,12),(((17,10),15),11)))),18)),((1,4),3)),(19,(((9,7),2),(20,13))));

STEP 24 [3sECR_IncrementalHeuristic_MP -> NNI_Substep_18] - Distance: 68.0000
((((14,8),((16,(6,(((5,12),11),((17,10),15)))),18)),((1,4),3)),(19,(((9,7),2),(20,13))));

STEP 25 [3sECR_IncrementalHeuristic_MP -> NNI_Substep_19] - Distance: 67.0000
((((14,8),((16,((6,((5,12),11)),((17,10),15))),18)),((1,4),3)),(19,(((9,7),2),(20,13))));

STEP 26 [3sECR_IncrementalHeuristic_MP -> NNI_Substep_20] - Distance: 67.0000
((((14,8),(18,(16,(((6,((5,12),11)),(17,10)),15)))),((1,4),3)),(19,(((9,7),2),(20,13))));

STEP 27 [3sECR_IncrementalHeuristic_MP -> NNI_Substep_21] - Distance: 67.0000
((((14,8),(18,((16,((6,((5,12),11)),(17,10))),15))),((1,4),3)),(19,(((9,7),2),(20,13))));

STEP 28 [3sECR_IncrementalHeuristic_MP -> NNI_Substep_22] - Distance: 64.0000
((((14,8),((18,15),(16,((6,((5,12),11)),(17,10))))),((1,4),3)),(19,(((9,7),2),(20,13))));

STEP 29 [Heur. rSPR MP -> NNI_Substep_1] - Distance: 64.0000
((((14,8),((18,15),((16,(6,((5,12),11))),(17,10)))),((1,4),3)),(19,(((9,7),2),(20,13))));

STEP 30 [Heur. rSPR MP -> NNI_Substep_2] - Distance: 64.0000
((((14,8),(((18,15),(16,(6,((5,12),11)))),(17,10))),((1,4),3)),(19,(((9,7),2),(20,13))));

STEP 31 [Heur. rSPR MP -> NNI_Substep_3] - Distance: 64.0000
(((((14,8),((18,15),(16,(6,((5,12),11))))),(17,10)),((1,4),3)),(19,(((9,7),2),(20,13))));

STEP 32 [Heur. rSPR MP -> NNI_Substep_4] - Distance: 64.0000
(((((14,8),((18,15),(16,(6,((5,12),11))))),((1,4),3)),(17,10)),(19,(((9,7),2),(20,13))));

STEP 33 [Heur. rSPR MP -> NNI_Substep_5] - Distance: 39.0000
((((14,8),((18,15),(16,(6,((5,12),11))))),((1,4),3)),(19,((((9,7),2),(20,13)),(17,10))));

STEP 34 [Heur. rSPR MP -> NNI_Substep_6] - Distance: 36.0000
((((14,8),((18,15),(16,(6,((5,12),11))))),((1,4),3)),(19,(((9,7),2),((20,13),(17,10)))));

STEP 35 [Heur. rSPR MP -> NNI_Substep_7] - Distance: 35.0000
((((14,8),((18,15),(16,(6,((5,12),11))))),((1,4),3)),(19,(((9,7),2),((20,(17,10)),13))));

STEP 36 [Heur. rSPR MP -> NNI_Substep_8] - Distance: 35.0000
((((14,8),(((18,15),(6,((5,12),11))),16)),((1,4),3)),(19,(((9,7),2),((20,(17,10)),13))));

STEP 37 [Heur. rSPR MP -> NNI_Substep_9] - Distance: 35.0000
(((((14,8),((18,15),(6,((5,12),11)))),16),((1,4),3)),(19,(((9,7),2),((20,(17,10)),13))));

STEP 38 [Heur. rSPR MP -> NNI_Substep_10] - Distance: 35.0000
(((((14,8),((18,15),(6,((5,12),11)))),((1,4),3)),16),(19,(((9,7),2),((20,(17,10)),13))));

STEP 39 [Heur. rSPR MP -> NNI_Substep_11] - Distance: 16.0000
((((14,8),((18,15),(6,((5,12),11)))),((1,4),3)),((19,16),(((9,7),2),((20,(17,10)),13))));

STEP 40 [Heur. rSPR MP -> NNI_Substep_12] - Distance: 16.0000
((((14,8),((18,15),(6,((12,11),5)))),((1,4),3)),((19,16),(((9,7),2),((20,(17,10)),13))));

STEP 41 [Heur. rSPR MP -> NNI_Substep_13] - Distance: 16.0000
((((14,8),((18,15),((6,(12,11)),5))),((1,4),3)),((19,16),(((9,7),2),((20,(17,10)),13))));

STEP 42 [Heur. rSPR MP -> NNI_Substep_14] - Distance: 16.0000
((((14,8),(((18,15),(6,(12,11))),5)),((1,4),3)),((19,16),(((9,7),2),((20,(17,10)),13))));

STEP 43 [Heur. rSPR MP -> NNI_Substep_15] - Distance: 16.0000
(((((14,8),((18,15),(6,(12,11)))),5),((1,4),3)),((19,16),(((9,7),2),((20,(17,10)),13))));

STEP 44 [Heur. rSPR MP -> NNI_Substep_16] - Distance: 15.0000
(((((14,8),((18,15),(6,(12,11)))),((1,4),3)),5),((19,16),(((9,7),2),((20,(17,10)),13))));

STEP 45 [Heur. rSPR MP -> NNI_Substep_17] - Distance: 8.0000
((((14,8),((18,15),(6,(12,11)))),(((1,4),3),5)),((19,16),(((9,7),2),((20,(17,10)),13))));

STEP 46 [Heur. rSPR MP -> NNI_Substep_18] - Distance: 7.0000
((((14,8),((18,15),(6,(12,11)))),(((1,4),5),3)),((19,16),(((9,7),2),((20,(17,10)),13))));

STEP 47 [Heur. rSPR MP -> NNI_Substep_19] - Distance: 6.0000
((((14,8),((18,15),(6,(12,11)))),(((1,5),4),3)),((19,16),(((9,7),2),((20,(17,10)),13))));

STEP 48 [Heur. rSPR MP -> NNI_Substep_20] - Distance: 6.0000
((((14,8),((18,15),(6,(12,11)))),(((1,5),4),3)),((19,16),(((9,7),2),(((20,10),17),13))));

STEP 49 [Heur. rSPR MP -> NNI_Substep_21] - Distance: 6.0000
((((14,8),((18,15),(6,(12,11)))),(((1,5),4),3)),((19,16),(((9,7),2),(((20,10),13),17))));

STEP 50 [Heur. rSPR MP -> NNI_Substep_22] - Distance: 5.0000
((((14,8),((18,15),(6,(12,11)))),(((1,5),4),3)),((19,16),((((9,7),2),((20,10),13)),17)));

STEP 51 [Heur. rSPR MP -> NNI_Substep_23] - Distance: 2.0000
((((14,8),((18,15),(6,(12,11)))),(((1,5),4),3)),((19,16),((((9,7),2),17),((20,10),13))));

STEP 52 [Heur. rSPR MP -> NNI_Substep_24] - Distance: 1.0000
((((14,8),((18,15),(6,(12,11)))),(((1,5),4),3)),((19,16),((((9,7),17),2),((20,10),13))));

STEP 53 [Heur. rSPR MP -> NNI_Substep_25] - Distance: 0.0000
((((14,8),((18,15),(6,(12,11)))),(((1,5),4),3)),((19,16),((((9,17),7),2),((20,10),13))));

========================================================
[FINAL] Total Steps: 53 | Final Distance: 0.0000
========================================================
