========================================================
HEURISTIC TRAJECTORY: VND Classic (MP)
========================================================
STEP 0 [START] - Distance: 139.0000
((((18,12),((7,4),(16,(1,(11,2))))),(19,5)),(8,((3,(15,(10,13))),(9,(17,(14,(6,20)))))));

STEP 1 [NNI_ClassicHeuristic_MP -> NNI_Substep_1] - Distance: 125.0000
(19,((((3,(15,(10,13))),(9,(17,(14,(6,20))))),(8,((18,12),((7,4),(16,(1,(11,2))))))),5));

STEP 2 [NNI_ClassicHeuristic_MP -> NNI_Substep_2] - Distance: 123.0000
(19,((((3,(15,(10,13))),(9,(17,(14,(6,20))))),(8,((((7,4),(16,(1,(11,2)))),12),18))),5));

STEP 3 [NNI_ClassicHeuristic_MP -> NNI_Substep_3] - Distance: 122.0000
(19,(((9,((3,(15,(10,13))),(17,(14,(6,20))))),(8,((((7,4),(16,(1,(11,2)))),12),18))),5));

STEP 4 [NNI_ClassicHeuristic_MP -> NNI_Substep_4] - Distance: 119.0000
(19,((((8,((((7,4),(16,(1,(11,2)))),12),18)),((3,(15,(10,13))),(17,(14,(6,20))))),9),5));

STEP 5 [NNI_ClassicHeuristic_MP -> NNI_Substep_5] - Distance: 118.0000
(19,((((8,(((((16,(1,(11,2))),4),7),12),18)),((3,(15,(10,13))),(17,(14,(6,20))))),9),5));

STEP 6 [NNI_ClassicHeuristic_MP -> NNI_Substep_6] - Distance: 117.0000
(19,((((8,(((((16,(1,(11,2))),4),7),12),18)),(17,((3,(15,(10,13))),(14,(6,20))))),9),5));

STEP 7 [NNI_ClassicHeuristic_MP -> NNI_Substep_7] - Distance: 116.0000
(19,((((8,(((((16,(1,(11,2))),4),7),12),18)),(17,((3,(15,(10,13))),(14,(6,20))))),5),9));

STEP 8 [NNI_ClassicHeuristic_MP -> NNI_Substep_8] - Distance: 115.0000
(19,((((8,(((((16,(1,(11,2))),4),7),12),18)),5),(17,((3,(15,(10,13))),(14,(6,20))))),9));

STEP 9 [NNI_ClassicHeuristic_MP -> NNI_Substep_9] - Distance: 114.0000
(19,((((8,5),(((((16,(1,(11,2))),4),7),12),18)),(17,((3,(15,(10,13))),(14,(6,20))))),9));

STEP 10 [SPR_ClassicHeuristic_MP -> NNI_Substep_1] - Distance: 114.0000
(19,((((8,5),(((((16,(1,(11,2))),4),7),12),18)),(17,((3,(15,(10,13))),((14,20),6)))),9));

STEP 11 [SPR_ClassicHeuristic_MP -> NNI_Substep_2] - Distance: 114.0000
(19,((((8,5),(((((16,(1,(11,2))),4),7),12),18)),(17,(((3,(15,(10,13))),(14,20)),6))),9));

STEP 12 [SPR_ClassicHeuristic_MP -> NNI_Substep_3] - Distance: 114.0000
(19,((((8,5),(((((16,(1,(11,2))),4),7),12),18)),((17,((3,(15,(10,13))),(14,20))),6)),9));

STEP 13 [SPR_ClassicHeuristic_MP -> NNI_Substep_4] - Distance: 114.0000
(19,(((((8,5),(((((16,(1,(11,2))),4),7),12),18)),(17,((3,(15,(10,13))),(14,20)))),6),9));

STEP 14 [SPR_ClassicHeuristic_MP -> NNI_Substep_5] - Distance: 113.0000
(19,(((((8,5),(((((16,(1,(11,2))),4),7),12),18)),(17,((3,(15,(10,13))),(14,20)))),9),6));

STEP 15 [SPR_ClassicHeuristic_MP -> NNI_Substep_6] - Distance: 95.0000
((19,6),((((8,5),(((((16,(1,(11,2))),4),7),12),18)),((17,(3,(15,(10,13)))),(14,20))),9));

STEP 16 [SPR_ClassicHeuristic_MP -> NNI_Substep_7] - Distance: 92.0000
((19,6),(((((8,5),(((((16,(1,(11,2))),4),7),12),18)),(17,(3,(15,(10,13))))),(14,20)),9));

STEP 17 [SPR_ClassicHeuristic_MP -> NNI_Substep_8] - Distance: 86.0000
((19,6),(((((8,5),(((((16,(1,(11,2))),4),7),12),18)),(14,20)),(17,(3,(15,(10,13))))),9));

STEP 18 [SPR_ClassicHeuristic_MP -> NNI_Substep_9] - Distance: 82.0000
((19,6),(((((8,5),(14,20)),(((((16,(1,(11,2))),4),7),12),18)),(17,(3,(15,(10,13))))),9));

STEP 19 [SPR_ClassicHeuristic_MP -> NNI_Substep_10] - Distance: 81.0000
((19,6),(((((8,(14,20)),5),(((((16,(1,(11,2))),4),7),12),18)),(17,(3,(15,(10,13))))),9));

STEP 20 [SPR_ClassicHeuristic_MP -> NNI_Substep_11] - Distance: 81.0000
((19,6),(((((8,(14,20)),5),(((((16,(1,(11,2))),4),7),12),18)),(17,(3,((15,13),10)))),9));

STEP 21 [SPR_ClassicHeuristic_MP -> NNI_Substep_12] - Distance: 81.0000
((19,6),(((((8,(14,20)),5),(((((16,(1,(11,2))),4),7),12),18)),(17,((3,(15,13)),10))),9));

STEP 22 [SPR_ClassicHeuristic_MP -> NNI_Substep_13] - Distance: 81.0000
((19,6),(((((8,(14,20)),5),(((((16,(1,(11,2))),4),7),12),18)),((17,(3,(15,13))),10)),9));

STEP 23 [SPR_ClassicHeuristic_MP -> NNI_Substep_14] - Distance: 80.0000
((19,6),((((((8,(14,20)),5),(((((16,(1,(11,2))),4),7),12),18)),(17,(3,(15,13)))),10),9));

STEP 24 [SPR_ClassicHeuristic_MP -> NNI_Substep_15] - Distance: 79.0000
((19,6),((((((8,(14,20)),5),(((((16,(1,(11,2))),4),7),12),18)),(17,(3,(15,13)))),9),10));

STEP 25 [SPR_ClassicHeuristic_MP -> NNI_Substep_16] - Distance: 68.0000
((19,6),(((((8,(14,20)),5),(((((16,(1,(11,2))),4),7),12),18)),(17,(3,(15,13)))),(9,10)));

STEP 26 [SPR_ClassicHeuristic_MP -> NNI_Substep_17] - Distance: 68.0000
((19,6),((((((8,(14,20)),5),((((16,(1,(11,2))),4),7),12)),18),(17,(3,(15,13)))),(9,10)));

STEP 27 [SPR_ClassicHeuristic_MP -> NNI_Substep_18] - Distance: 71.0000
((19,6),((((((8,(14,20)),5),((((16,(1,(11,2))),4),7),12)),(17,(3,(15,13)))),18),(9,10)));

STEP 28 [SPR_ClassicHeuristic_MP -> NNI_Substep_19] - Distance: 70.0000
((19,6),((((((8,(14,20)),5),((((16,(1,(11,2))),4),7),12)),(17,(3,(15,13)))),(9,10)),18));

STEP 29 [SPR_ClassicHeuristic_MP -> NNI_Substep_20] - Distance: 58.0000
((19,6),(((((8,(14,20)),5),((((16,(1,(11,2))),4),7),12)),(17,(3,(15,13)))),((9,10),18)));

STEP 30 [SPR_ClassicHeuristic_MP -> NNI_Substep_21] - Distance: 57.0000
((19,6),(((((8,(14,20)),5),((((16,(1,(11,2))),4),7),12)),(17,(3,(15,13)))),((9,18),10)));

STEP 31 [SPR_ClassicHeuristic_MP -> NNI_Substep_22] - Distance: 57.0000
((19,6),(((((8,(14,20)),5),((((16,(1,(11,2))),4),7),12)),(17,((3,15),13))),((9,18),10)));

STEP 32 [SPR_ClassicHeuristic_MP -> NNI_Substep_23] - Distance: 57.0000
((19,6),(((((8,(14,20)),5),((((16,(1,(11,2))),4),7),12)),((17,(3,15)),13)),((9,18),10)));

STEP 33 [SPR_ClassicHeuristic_MP -> NNI_Substep_24] - Distance: 54.0000
((19,6),((((((8,(14,20)),5),((((16,(1,(11,2))),4),7),12)),(17,(3,15))),13),((9,18),10)));

STEP 34 [SPR_ClassicHeuristic_MP -> NNI_Substep_25] - Distance: 51.0000
((19,6),((((((8,(14,20)),5),((((16,(1,(11,2))),4),7),12)),13),(17,(3,15))),((9,18),10)));

STEP 35 [SPR_ClassicHeuristic_MP -> NNI_Substep_26] - Distance: 49.0000
((19,6),((((((8,(14,20)),5),13),((((16,(1,(11,2))),4),7),12)),(17,(3,15))),((9,18),10)));

STEP 36 [SPR_ClassicHeuristic_MP -> NNI_Substep_27] - Distance: 76.0000
((19,6),(((17,(3,15)),((9,18),10)),((((8,(14,20)),5),13),((((16,(1,(11,2))),4),7),12))));

STEP 37 [SPR_ClassicHeuristic_MP -> NNI_Substep_28] - Distance: 40.0000
((19,6),((17,(3,15)),(((9,18),10),((((8,(14,20)),5),13),((((16,(1,(11,2))),4),7),12)))));

STEP 38 [SPR_ClassicHeuristic_MP -> NNI_Substep_29] - Distance: 40.0000
((19,6),((17,(3,15)),(((9,18),10),((((8,(14,20)),5),13),(((((16,(11,2)),1),4),7),12)))));

STEP 39 [SPR_ClassicHeuristic_MP -> NNI_Substep_30] - Distance: 40.0000
((19,6),((17,(3,15)),(((9,18),10),((((8,(14,20)),5),13),(((((16,(11,2)),4),1),7),12)))));

STEP 40 [SPR_ClassicHeuristic_MP -> NNI_Substep_31] - Distance: 40.0000
((19,6),((17,(3,15)),(((9,18),10),((((8,(14,20)),5),13),(((((16,(11,2)),4),7),1),12)))));

STEP 41 [SPR_ClassicHeuristic_MP -> NNI_Substep_32] - Distance: 40.0000
((19,6),((17,(3,15)),(((9,18),10),((((8,(14,20)),5),13),(((((16,(11,2)),4),7),12),1)))));

STEP 42 [SPR_ClassicHeuristic_MP -> NNI_Substep_33] - Distance: 41.0000
((19,6),((17,(3,15)),(((9,18),10),(((((8,(14,20)),5),13),((((16,(11,2)),4),7),12)),1))));

STEP 43 [SPR_ClassicHeuristic_MP -> NNI_Substep_34] - Distance: 38.0000
((19,6),((17,(3,15)),(((9,18),10),(((((8,(14,20)),5),13),1),((((16,(11,2)),4),7),12)))));

STEP 44 [SPR_ClassicHeuristic_MP -> NNI_Substep_35] - Distance: 37.0000
((19,6),((17,(3,15)),(((9,18),10),(((((8,(14,20)),5),1),13),((((16,(11,2)),4),7),12)))));

STEP 45 [SPR_ClassicHeuristic_MP -> NNI_Substep_36] - Distance: 37.0000
((19,6),((17,(3,15)),(((9,18),10),(((((8,(14,20)),1),5),13),((((16,(11,2)),4),7),12)))));

STEP 46 [SPR_ClassicHeuristic_MP -> NNI_Substep_37] - Distance: 36.0000
((19,6),((17,(3,15)),(((9,18),10),(((((8,1),(14,20)),5),13),((((16,(11,2)),4),7),12)))));

STEP 47 [SPR_ClassicHeuristic_MP -> NNI_Substep_38] - Distance: 38.0000
((19,6),((17,(3,15)),(((9,18),10),((((((8,1),(14,20)),5),13),(((16,(11,2)),4),7)),12))));

STEP 48 [SPR_ClassicHeuristic_MP -> NNI_Substep_39] - Distance: 36.0000
((19,6),((17,(3,15)),(((9,18),10),((((((8,1),(14,20)),5),13),12),(((16,(11,2)),4),7)))));

STEP 49 [SPR_ClassicHeuristic_MP -> NNI_Substep_40] - Distance: 33.0000
((19,6),((17,(3,15)),(((9,18),10),(((((8,1),(14,20)),5),(13,12)),(((16,(11,2)),4),7)))));

STEP 50 [SPR_ClassicHeuristic_MP -> NNI_Substep_41] - Distance: 33.0000
((19,6),((17,(3,15)),(((9,18),10),(((((8,1),(14,20)),5),(13,12)),(((16,(11,2)),7),4)))));

STEP 51 [SPR_ClassicHeuristic_MP -> NNI_Substep_42] - Distance: 31.0000
((19,6),((17,(3,15)),(((9,18),10),((((((8,1),(14,20)),5),(13,12)),((16,(11,2)),7)),4))));

STEP 52 [SPR_ClassicHeuristic_MP -> NNI_Substep_43] - Distance: 28.0000
((19,6),((17,(3,15)),(((9,18),10),((((((8,1),(14,20)),5),(13,12)),4),((16,(11,2)),7)))));

STEP 53 [SPR_ClassicHeuristic_MP -> NNI_Substep_44] - Distance: 28.0000
((19,6),((17,(3,15)),(((9,18),10),((((((8,1),(14,20)),5),(13,12)),4),(((16,11),2),7)))));

STEP 54 [SPR_ClassicHeuristic_MP -> NNI_Substep_45] - Distance: 28.0000
((19,6),((17,(3,15)),(((9,18),10),((((((8,1),(14,20)),5),(13,12)),4),(((16,11),7),2)))));

STEP 55 [SPR_ClassicHeuristic_MP -> NNI_Substep_46] - Distance: 29.0000
((19,6),((17,(3,15)),(((9,18),10),(((((((8,1),(14,20)),5),(13,12)),4),((16,11),7)),2))));

STEP 56 [SPR_ClassicHeuristic_MP -> NNI_Substep_47] - Distance: 26.0000
((19,6),((17,(3,15)),(((9,18),10),(((((((8,1),(14,20)),5),(13,12)),4),2),((16,11),7)))));

STEP 57 [SPR_ClassicHeuristic_MP -> NNI_Substep_48] - Distance: 21.0000
((19,6),((17,(3,15)),(((9,18),10),((((((8,1),(14,20)),5),(13,12)),(4,2)),((16,11),7)))));

STEP 58 [SPR_ClassicHeuristic_MP -> NNI_Substep_49] - Distance: 21.0000
((19,6),((17,(3,15)),(((9,18),10),(((((((8,1),14),20),5),(13,12)),(4,2)),((16,11),7)))));

STEP 59 [SPR_ClassicHeuristic_MP -> NNI_Substep_50] - Distance: 21.0000
((19,6),((17,(3,15)),(((9,18),10),(((((((8,1),14),5),20),(13,12)),(4,2)),((16,11),7)))));

STEP 60 [SPR_ClassicHeuristic_MP -> NNI_Substep_51] - Distance: 21.0000
((19,6),((17,(3,15)),(((9,18),10),(((((((8,1),14),5),(13,12)),20),(4,2)),((16,11),7)))));

STEP 61 [SPR_ClassicHeuristic_MP -> NNI_Substep_52] - Distance: 21.0000
((19,6),((17,(3,15)),(((9,18),10),(((((((8,1),14),5),(13,12)),(4,2)),20),((16,11),7)))));

STEP 62 [SPR_ClassicHeuristic_MP -> NNI_Substep_53] - Distance: 18.0000
((19,6),((17,(3,15)),(((9,18),10),(((((((8,1),14),5),(13,12)),(4,2)),((16,11),7)),20))));

STEP 63 [SPR_ClassicHeuristic_MP -> NNI_Substep_54] - Distance: 12.0000
((19,6),((17,(3,15)),(((9,18),10),((((((8,1),14),5),(13,12)),(4,2)),(((16,11),7),20)))));

STEP 64 [SPR_ClassicHeuristic_MP -> NNI_Substep_55] - Distance: 12.0000
((19,6),((17,(3,15)),(((9,18),10),((((((8,1),14),(13,12)),5),(4,2)),(((16,11),7),20)))));

STEP 65 [SPR_ClassicHeuristic_MP -> NNI_Substep_56] - Distance: 12.0000
((19,6),((17,(3,15)),(((9,18),10),((((((8,1),14),(13,12)),(4,2)),5),(((16,11),7),20)))));

STEP 66 [SPR_ClassicHeuristic_MP -> NNI_Substep_57] - Distance: 11.0000
((19,6),((17,(3,15)),(((9,18),10),((((((8,1),14),(13,12)),(4,2)),(((16,11),7),20)),5))));

STEP 67 [SPR_ClassicHeuristic_MP -> NNI_Substep_58] - Distance: 4.0000
((19,6),((17,(3,15)),(((9,18),10),(((((8,1),14),(13,12)),(4,2)),((((16,11),7),20),5)))));

STEP 68 [SPR_ClassicHeuristic_MP -> NNI_Substep_59] - Distance: 3.0000
((19,6),((17,(3,15)),(((9,18),10),(((((8,1),14),(13,12)),(4,2)),((((16,11),7),5),20)))));

STEP 69 [SPR_ClassicHeuristic_MP -> NNI_Substep_60] - Distance: 2.0000
((19,6),((17,(3,15)),(((9,18),10),(((((8,1),14),(13,12)),(4,2)),(((16,11),(7,5)),20)))));

STEP 70 [SPR_ClassicHeuristic_MP -> NNI_Substep_61] - Distance: 0.0000
((19,6),((17,(3,15)),(((9,18),10),(((((8,1),14),(13,12)),(4,2)),(((16,(7,5)),11),20)))));

========================================================
[FINAL] Total Steps: 70 | Final Distance: 0.0000
========================================================
