========================================================
HEURISTIC TRAJECTORY: VND Incremental (M3)
========================================================
STEP 0 [START] - Distance: 923.0000
(((5,(9,(3,(14,13)))),(7,6)),(11,(2,12)),(((18,(8,(15,1))),(16,10)),(4,(17,(19,20)))));

STEP 1 [NNI_IncrementalHeuristic_M3 -> NNI_Substep_1] - Distance: 906.0000
(((5,(9,(3,(14,13)))),(7,6)),(11,(2,12)),((16,((18,(8,(15,1))),10)),(4,(17,(19,20)))));

STEP 2 [NNI_IncrementalHeuristic_M3 -> NNI_Substep_2] - Distance: 891.0000
(((5,(9,(3,(14,13)))),(7,6)),(11,(2,12)),(4,((16,((18,(8,(15,1))),10)),(17,(19,20)))));

STEP 3 [NNI_IncrementalHeuristic_M3 -> NNI_Substep_3] - Distance: 876.0000
(((5,(9,(3,(14,13)))),(7,6)),(11,(2,12)),(4,(((17,(19,20)),((18,(8,(15,1))),10)),16)));

STEP 4 [NNI_IncrementalHeuristic_M3 -> NNI_Substep_4] - Distance: 862.0000
(((5,((14,13),(3,9))),(7,6)),(11,(2,12)),(4,(((17,(19,20)),((18,(8,(15,1))),10)),16)));

STEP 5 [NNI_IncrementalHeuristic_M3 -> NNI_Substep_5] - Distance: 848.0000
(((5,((14,13),(3,9))),(7,6)),(11,(2,12)),(4,(((17,((18,(8,(15,1))),10)),(19,20)),16)));

STEP 6 [NNI_IncrementalHeuristic_M3 -> NNI_Substep_6] - Distance: 824.0000
(((5,((14,13),(3,9))),(7,6)),(11,(2,12)),(4,((20,(19,(17,((18,(8,(15,1))),10)))),16)));

STEP 7 [NNI_IncrementalHeuristic_M3 -> NNI_Substep_7] - Distance: 812.0000
(((11,(2,12)),(7,6)),(5,((14,13),(3,9))),(4,((20,(19,(17,((18,(8,(15,1))),10)))),16)));

STEP 8 [NNI_IncrementalHeuristic_M3 -> NNI_Substep_8] - Distance: 803.0000
(4,(5,((14,13),(3,9))),(((11,(2,12)),(7,6)),((20,(19,(17,((18,(8,(15,1))),10)))),16)));

STEP 9 [NNI_IncrementalHeuristic_M3 -> NNI_Substep_9] - Distance: 797.0000
(4,(5,((14,13),(3,9))),(16,((20,(19,(17,((18,(8,(15,1))),10)))),((11,(2,12)),(7,6)))));

STEP 10 [NNI_IncrementalHeuristic_M3 -> NNI_Substep_10] - Distance: 793.0000
(4,(5,((14,13),(3,9))),(16,((20,(19,(17,((18,(8,(15,1))),10)))),(7,((11,(2,12)),6)))));

STEP 11 [NNI_IncrementalHeuristic_M3 -> NNI_Substep_11] - Distance: 780.0000
(4,(5,((14,13),(3,9))),(16,(7,((20,(19,(17,((18,(8,(15,1))),10)))),((11,(2,12)),6)))));

STEP 12 [NNI_IncrementalHeuristic_M3 -> NNI_Substep_12] - Distance: 771.0000
(4,(5,((14,13),(3,9))),(7,(16,((20,(19,(17,((18,(8,(15,1))),10)))),((11,(2,12)),6)))));

STEP 13 [NNI_IncrementalHeuristic_M3 -> NNI_Substep_13] - Distance: 769.0000
(4,((3,9),((14,13),5)),(7,(16,((20,(19,(17,((18,(8,(15,1))),10)))),((11,(2,12)),6)))));

STEP 14 [NNI_IncrementalHeuristic_M3 -> NNI_Substep_14] - Distance: 751.0000
(((14,13),5),((3,9),4),(7,(16,((20,(19,(17,((18,(8,(15,1))),10)))),((11,(2,12)),6)))));

STEP 15 [NNI_IncrementalHeuristic_M3 -> NNI_Substep_15] - Distance: 721.0000
((16,((20,(19,(17,((18,(8,(15,1))),10)))),((11,(2,12)),6))),((3,9),4),(7,((14,13),5)));

STEP 16 [NNI_IncrementalHeuristic_M3 -> NNI_Substep_16] - Distance: 719.0000
((16,((20,(19,(17,((10,(8,(15,1))),18)))),((11,(2,12)),6))),((3,9),4),(7,((14,13),5)));

STEP 17 [NNI_IncrementalHeuristic_M3 -> NNI_Substep_17] - Distance: 697.0000
((16,((20,(19,((10,(8,(15,1))),(17,18)))),((11,(2,12)),6))),((3,9),4),(7,((14,13),5)));

STEP 18 [NNI_IncrementalHeuristic_M3 -> NNI_Substep_18] - Distance: 694.0000
((16,((20,(19,((8,(10,(15,1))),(17,18)))),((11,(2,12)),6))),((3,9),4),(7,((14,13),5)));

STEP 19 [NNI_IncrementalHeuristic_M3 -> NNI_Substep_19] - Distance: 692.0000
((16,((20,((17,18),((8,(10,(15,1))),19))),((11,(2,12)),6))),((3,9),4),(7,((14,13),5)));

STEP 20 [NNI_IncrementalHeuristic_M3 -> NNI_Substep_20] - Distance: 688.0000
((16,(((17,18),(20,((8,(10,(15,1))),19))),((11,(2,12)),6))),((3,9),4),(7,((14,13),5)));

STEP 21 [NNI_IncrementalHeuristic_M3 -> NNI_Substep_21] - Distance: 636.0000
((16,(((17,18),((11,(2,12)),6)),(20,((8,(10,(15,1))),19)))),((3,9),4),(7,((14,13),5)));

STEP 22 [NNI_IncrementalHeuristic_M3 -> NNI_Substep_22] - Distance: 634.0000
((16,(((17,18),((11,(2,12)),6)),(20,((19,(10,(15,1))),8)))),((3,9),4),(7,((14,13),5)));

STEP 23 [NNI_IncrementalHeuristic_M3 -> NNI_Substep_23] - Distance: 631.0000
((16,(((17,18),((11,(2,12)),6)),(8,((19,(10,(15,1))),20)))),((3,9),4),(7,((14,13),5)));

STEP 24 [NNI_IncrementalHeuristic_M3 -> NNI_Substep_24] - Distance: 610.0000
((16,(8,(((17,18),((11,(2,12)),6)),((19,(10,(15,1))),20)))),((3,9),4),(7,((14,13),5)));

STEP 25 [NNI_IncrementalHeuristic_M3 -> NNI_Substep_25] - Distance: 600.0000
((8,(16,(((17,18),((11,(2,12)),6)),((19,(10,(15,1))),20)))),((3,9),4),(7,((14,13),5)));

STEP 26 [NNI_IncrementalHeuristic_M3 -> NNI_Substep_26] - Distance: 567.0000
((((3,9),4),(16,(((17,18),((11,(2,12)),6)),((19,(10,(15,1))),20)))),8,(7,((14,13),5)));

STEP 27 [NNI_IncrementalHeuristic_M3 -> NNI_Substep_27] - Distance: 565.0000
((((3,9),4),(16,(((17,18),((11,(2,12)),6)),((19,(15,(10,1))),20)))),8,(7,((14,13),5)));

STEP 28 [NNI_IncrementalHeuristic_M3 -> NNI_Substep_28] - Distance: 564.0000
((((3,9),4),(16,(((17,18),((6,(2,12)),11)),((19,(15,(10,1))),20)))),8,(7,((14,13),5)));

STEP 29 [NNI_IncrementalHeuristic_M3 -> NNI_Substep_29] - Distance: 560.0000
((((3,9),4),(16,((11,((6,(2,12)),(17,18))),((19,(15,(10,1))),20)))),8,(7,((14,13),5)));

STEP 30 [NNI_IncrementalHeuristic_M3 -> NNI_Substep_30] - Distance: 530.0000
((((3,9),4),(16,((11,((19,(15,(10,1))),20)),((6,(2,12)),(17,18))))),8,(7,((14,13),5)));

STEP 31 [NNI_IncrementalHeuristic_M3 -> NNI_Substep_31] - Distance: 488.0000
((((3,9),4),(16,(((19,(15,(10,1))),(11,20)),((6,(2,12)),(17,18))))),8,(7,((14,13),5)));

STEP 32 [NNI_IncrementalHeuristic_M3 -> NNI_Substep_32] - Distance: 487.0000
((((3,9),4),(16,(((15,(19,(10,1))),(11,20)),((6,(2,12)),(17,18))))),8,(7,((14,13),5)));

STEP 33 [NNI_IncrementalHeuristic_M3 -> NNI_Substep_33] - Distance: 483.0000
((((3,9),4),(16,((((11,20),(19,(10,1))),15),((6,(2,12)),(17,18))))),8,(7,((14,13),5)));

STEP 34 [NNI_IncrementalHeuristic_M3 -> NNI_Substep_34] - Distance: 441.0000
((((3,9),4),(16,((((6,(2,12)),(17,18)),15),((11,20),(19,(10,1)))))),8,(7,((14,13),5)));

STEP 35 [NNI_IncrementalHeuristic_M3 -> NNI_Substep_35] - Distance: 413.0000
((((3,9),4),(16,((((6,(2,12)),15),(17,18)),((11,20),(19,(10,1)))))),8,(7,((14,13),5)));

STEP 36 [NNI_IncrementalHeuristic_M3 -> NNI_Substep_36] - Distance: 397.0000
((((3,9),4),(16,((((15,(2,12)),6),(17,18)),((11,20),(19,(10,1)))))),8,(7,((14,13),5)));

STEP 37 [NNI_IncrementalHeuristic_M3 -> NNI_Substep_37] - Distance: 395.0000
((((3,9),4),(16,((((2,(15,12)),6),(17,18)),((11,20),(19,(10,1)))))),8,(7,((14,13),5)));

STEP 38 [NNI_IncrementalHeuristic_M3 -> NNI_Substep_38] - Distance: 392.0000
((((3,9),4),(16,((((6,(15,12)),2),(17,18)),((11,20),(19,(10,1)))))),8,(7,((14,13),5)));

STEP 39 [NNI_IncrementalHeuristic_M3 -> NNI_Substep_39] - Distance: 384.0000
((((3,9),4),(16,((((6,(15,12)),(17,18)),2),((11,20),(19,(10,1)))))),8,(7,((14,13),5)));

STEP 40 [NNI_IncrementalHeuristic_M3 -> NNI_Substep_40] - Distance: 354.0000
((((3,9),4),(16,((((6,(15,12)),(17,18)),((11,20),(19,(10,1)))),2))),8,(7,((14,13),5)));

STEP 41 [NNI_IncrementalHeuristic_M3 -> NNI_Substep_41] - Distance: 345.0000
((((3,9),4),(2,((((6,(15,12)),(17,18)),((11,20),(19,(10,1)))),16))),8,(7,((14,13),5)));

STEP 42 [NNI_IncrementalHeuristic_M3 -> NNI_Substep_42] - Distance: 307.0000
((((((6,(15,12)),(17,18)),((11,20),(19,(10,1)))),16),(2,((3,9),4))),8,(7,((14,13),5)));

STEP 43 [NNI_IncrementalHeuristic_M3 -> NNI_Substep_43] - Distance: 290.0000
((((((6,(15,12)),(17,18)),((11,20),(19,(10,1)))),16),(4,((3,9),2))),8,(7,((14,13),5)));

STEP 44 [NNI_IncrementalHeuristic_M3 -> NNI_Substep_44] - Distance: 272.0000
((((((6,(15,12)),(17,18)),((11,20),(19,(10,1)))),16),(4,((2,9),3))),8,(7,((14,13),5)));

STEP 45 [NNI_IncrementalHeuristic_M3 -> NNI_Substep_45] - Distance: 271.0000
((((((6,(15,12)),(17,18)),((11,20),(19,(10,1)))),16),(4,((2,9),3))),8,(5,((14,13),7)));

STEP 46 [NNI_IncrementalHeuristic_M3 -> NNI_Substep_46] - Distance: 269.0000
(((14,13),7),8,(5,(((((6,(15,12)),(17,18)),((11,20),(19,(10,1)))),16),(4,((2,9),3)))));

STEP 47 [NNI_IncrementalHeuristic_M3 -> NNI_Substep_47] - Distance: 257.0000
(((14,13),7),8,((4,((2,9),3)),(((((6,(15,12)),(17,18)),((11,20),(19,(10,1)))),16),5)));

STEP 48 [NNI_IncrementalHeuristic_M3 -> NNI_Substep_48] - Distance: 250.0000
(((14,13),7),8,((4,((2,9),3)),(((((6,(15,12)),(17,18)),((11,20),(19,(10,1)))),5),16)));

STEP 49 [NNI_IncrementalHeuristic_M3 -> NNI_Substep_49] - Distance: 210.0000
(((14,13),7),8,((4,((2,9),3)),(((5,((11,20),(19,(10,1)))),((6,(15,12)),(17,18))),16)));

STEP 50 [NNI_IncrementalHeuristic_M3 -> NNI_Substep_50] - Distance: 184.0000
(((14,13),7),8,((4,((2,9),3)),((((11,20),(5,(19,(10,1)))),((6,(15,12)),(17,18))),16)));

STEP 51 [NNI_IncrementalHeuristic_M3 -> NNI_Substep_51] - Distance: 169.0000
(((14,13),7),8,((4,((2,9),3)),((((11,20),(19,(5,(10,1)))),((6,(15,12)),(17,18))),16)));

STEP 52 [NNI_IncrementalHeuristic_M3 -> NNI_Substep_52] - Distance: 153.0000
(((14,13),7),8,((4,((2,9),3)),((((11,20),(19,(1,(10,5)))),((6,(15,12)),(17,18))),16)));

STEP 53 [NNI_IncrementalHeuristic_M3 -> NNI_Substep_53] - Distance: 151.0000
(((7,13),14),8,((4,((2,9),3)),((((11,20),(19,(1,(10,5)))),((6,(15,12)),(17,18))),16)));

STEP 54 [NNI_IncrementalHeuristic_M3 -> NNI_Substep_54] - Distance: 148.0000
(((7,13),8),14,((4,((2,9),3)),((((11,20),(19,(1,(10,5)))),((6,(15,12)),(17,18))),16)));

STEP 55 [NNI_IncrementalHeuristic_M3 -> NNI_Substep_55] - Distance: 132.0000
(((((11,20),(19,(1,(10,5)))),((6,(15,12)),(17,18))),16),14,((4,((2,9),3)),((7,13),8)));

STEP 56 [NNI_IncrementalHeuristic_M3 -> NNI_Substep_56] - Distance: 124.0000
(((((11,20),(19,(1,(10,5)))),((6,(15,12)),(17,18))),14),16,((4,((2,9),3)),((7,13),8)));

STEP 57 [NNI_IncrementalHeuristic_M3 -> NNI_Substep_57] - Distance: 79.0000
(((((11,20),(19,(1,(10,5)))),14),((6,(15,12)),(17,18))),16,((4,((2,9),3)),((7,13),8)));

STEP 58 [NNI_IncrementalHeuristic_M3 -> NNI_Substep_58] - Distance: 51.0000
((((14,(19,(1,(10,5)))),(11,20)),((6,(15,12)),(17,18))),16,((4,((2,9),3)),((7,13),8)));

STEP 59 [NNI_IncrementalHeuristic_M3 -> NNI_Substep_59] - Distance: 35.0000
((((19,(14,(1,(10,5)))),(11,20)),((6,(15,12)),(17,18))),16,((4,((2,9),3)),((7,13),8)));

STEP 60 [NNI_IncrementalHeuristic_M3 -> NNI_Substep_60] - Distance: 18.0000
((((19,(1,(14,(10,5)))),(11,20)),((6,(15,12)),(17,18))),16,((4,((2,9),3)),((7,13),8)));

STEP 61 [NNI_IncrementalHeuristic_M3 -> NNI_Substep_61] - Distance: 0.0000
((((19,(1,(5,(10,14)))),(11,20)),((6,(15,12)),(17,18))),16,((4,((2,9),3)),((7,13),8)));

========================================================
[FINAL] Total Steps: 61 | Final Distance: 0.0000
========================================================
