========================================================
HEURISTIC TRAJECTORY: VND Incremental (MP)
========================================================
STEP 0 [START] - Distance: 126.0000
((((1,(4,(10,2))),((5,(12,14)),(19,7))),(18,16)),(((13,17),(20,(6,(9,(11,3))))),(8,15)));

STEP 1 [NNI_IncrementalHeuristic_MP -> NNI_Substep_1] - Distance: 124.0000
((((18,16),((5,(12,14)),(19,7))),(1,(4,(10,2)))),(((13,17),(20,(6,(9,(11,3))))),(8,15)));

STEP 2 [NNI_IncrementalHeuristic_MP -> NNI_Substep_2] - Distance: 119.0000
(((((13,(20,(6,(9,(11,3))))),17),(8,15)),(1,(4,(10,2)))),((18,16),((5,(12,14)),(19,7))));

STEP 3 [2sECR_IncrementalHeuristic_MP -> NNI_Substep_1] - Distance: 119.0000
(((8,15),((1,(4,(10,2))),((13,(20,(6,(9,(11,3))))),17))),((18,16),((5,(12,14)),(19,7))));

STEP 4 [2sECR_IncrementalHeuristic_MP -> NNI_Substep_2] - Distance: 104.0000
(((1,(4,(10,2))),((13,(20,(6,(9,(11,3))))),17)),(((5,(12,14)),(19,7)),((18,16),(8,15))));

STEP 5 [2sECR_IncrementalHeuristic_MP -> NNI_Substep_3] - Distance: 103.0000
(((1,(4,(10,2))),((13,(20,(6,(9,(11,3))))),17)),(((5,(12,14)),(19,7)),(8,((18,16),15))));

STEP 6 [2sECR_IncrementalHeuristic_MP -> NNI_Substep_4] - Distance: 103.0000
(((1,(4,(10,2))),((13,(20,(6,(9,(11,3))))),17)),((19,7),((8,((18,16),15)),(5,(12,14)))));

STEP 7 [2sECR_IncrementalHeuristic_MP -> NNI_Substep_5] - Distance: 90.0000
(((1,(4,(10,2))),(((13,(20,(6,(9,(11,3))))),17),(19,7))),((8,((18,16),15)),(5,(12,14))));

STEP 8 [2sECR_IncrementalHeuristic_MP -> NNI_Substep_6] - Distance: 89.0000
(((1,(4,(10,2))),(19,(((13,(20,(6,(9,(11,3))))),17),7))),((8,((18,16),15)),(5,(12,14))));

STEP 9 [2sECR_IncrementalHeuristic_MP -> NNI_Substep_7] - Distance: 87.0000
((((1,(4,(10,2))),19),(((13,(20,(6,(9,(11,3))))),17),7)),((8,((18,16),15)),(5,(12,14))));

STEP 10 [2sECR_IncrementalHeuristic_MP -> NNI_Substep_8] - Distance: 87.0000
((((1,(4,(10,2))),19),(((13,(20,(6,(9,(11,3))))),17),7)),((8,((18,16),15)),(12,(5,14))));

STEP 11 [2sECR_IncrementalHeuristic_MP -> NNI_Substep_9] - Distance: 84.0000
((((1,(4,(10,2))),19),(((13,(20,(6,(9,(11,3))))),17),7)),(((8,((18,16),15)),12),(5,14)));

STEP 12 [2sECR_IncrementalHeuristic_MP -> NNI_Substep_10] - Distance: 83.0000
((((1,(4,(10,2))),19),((7,(13,(20,(6,(9,(11,3)))))),17)),(((8,((18,16),15)),12),(5,14)));

STEP 13 [2sECR_IncrementalHeuristic_MP -> NNI_Substep_11] - Distance: 82.0000
((((1,(4,(10,2))),19),((13,(7,(20,(6,(9,(11,3)))))),17)),(((8,((18,16),15)),12),(5,14)));

STEP 14 [2sECR_IncrementalHeuristic_MP -> NNI_Substep_12] - Distance: 80.0000
((((1,(4,(10,2))),19),((13,(7,(20,(6,(9,(11,3)))))),17)),((((18,16),15),(12,8)),(5,14)));

STEP 15 [2sECR_IncrementalHeuristic_MP -> NNI_Substep_13] - Distance: 80.0000
(((1,(19,(4,(10,2)))),((13,(7,(20,(6,(9,(11,3)))))),17)),((((18,16),15),(12,8)),(5,14)));

STEP 16 [2sECR_IncrementalHeuristic_MP -> NNI_Substep_14] - Distance: 79.0000
(((19,(4,(10,2))),(((13,(7,(20,(6,(9,(11,3)))))),17),1)),((((18,16),15),(12,8)),(5,14)));

STEP 17 [2sECR_IncrementalHeuristic_MP -> NNI_Substep_15] - Distance: 79.0000
(((4,(19,(10,2))),(((13,(7,(20,(6,(9,(11,3)))))),17),1)),((((18,16),15),(12,8)),(5,14)));

STEP 18 [2sECR_IncrementalHeuristic_MP -> NNI_Substep_16] - Distance: 75.0000
(((19,(10,2)),((((13,(7,(20,(6,(9,(11,3)))))),17),1),4)),((((18,16),15),(12,8)),(5,14)));

STEP 19 [2sECR_IncrementalHeuristic_MP -> NNI_Substep_17] - Distance: 74.0000
(((19,(10,2)),(((1,(13,(7,(20,(6,(9,(11,3))))))),17),4)),((((18,16),15),(12,8)),(5,14)));

STEP 20 [2sECR_IncrementalHeuristic_MP -> NNI_Substep_18] - Distance: 73.0000
(((19,(10,2)),(((13,(1,(7,(20,(6,(9,(11,3))))))),17),4)),((((18,16),15),(12,8)),(5,14)));

STEP 21 [2sECR_IncrementalHeuristic_MP -> NNI_Substep_19] - Distance: 72.0000
(((19,(10,2)),((4,(13,(1,(7,(20,(6,(9,(11,3)))))))),17)),((((18,16),15),(12,8)),(5,14)));

STEP 22 [2sECR_IncrementalHeuristic_MP -> NNI_Substep_20] - Distance: 71.0000
(((19,(10,2)),((13,(4,(1,(7,(20,(6,(9,(11,3)))))))),17)),((((18,16),15),(12,8)),(5,14)));

STEP 23 [2sECR_IncrementalHeuristic_MP -> NNI_Substep_21] - Distance: 70.0000
(((10,(19,2)),((13,(4,(1,(7,(20,(6,(9,(11,3)))))))),17)),((((18,16),15),(12,8)),(5,14)));

STEP 24 [2sECR_IncrementalHeuristic_MP -> NNI_Substep_22] - Distance: 69.0000
(((10,(19,2)),((13,(4,(7,(1,(20,(6,(9,(11,3)))))))),17)),((((18,16),15),(12,8)),(5,14)));

STEP 25 [Heur. rSPR MP -> NNI_Substep_1] - Distance: 69.0000
(((10,(19,2)),((13,(4,(7,((1,(6,(9,(11,3)))),20)))),17)),((((18,16),15),(12,8)),(5,14)));

STEP 26 [Heur. rSPR MP -> NNI_Substep_2] - Distance: 69.0000
(((10,(19,2)),((13,(4,((7,(1,(6,(9,(11,3))))),20))),17)),((((18,16),15),(12,8)),(5,14)));

STEP 27 [Heur. rSPR MP -> NNI_Substep_3] - Distance: 69.0000
(((10,(19,2)),((13,((4,(7,(1,(6,(9,(11,3)))))),20)),17)),((((18,16),15),(12,8)),(5,14)));

STEP 28 [Heur. rSPR MP -> NNI_Substep_4] - Distance: 69.0000
(((10,(19,2)),(((13,(4,(7,(1,(6,(9,(11,3))))))),20),17)),((((18,16),15),(12,8)),(5,14)));

STEP 29 [Heur. rSPR MP -> NNI_Substep_5] - Distance: 69.0000
(((10,(19,2)),(((13,(4,(7,(1,(6,(9,(11,3))))))),17),20)),((((18,16),15),(12,8)),(5,14)));

STEP 30 [Heur. rSPR MP -> NNI_Substep_6] - Distance: 69.0000
((((10,(19,2)),((13,(4,(7,(1,(6,(9,(11,3))))))),17)),20),((((18,16),15),(12,8)),(5,14)));

STEP 31 [Heur. rSPR MP -> NNI_Substep_7] - Distance: 54.0000
(((10,(19,2)),((13,(4,(7,(1,(6,((9,3),11)))))),17)),(((((18,16),15),(12,8)),(5,14)),20));

STEP 32 [Heur. rSPR MP -> NNI_Substep_8] - Distance: 54.0000
(((10,(19,2)),((13,(4,(7,(1,((6,(9,3)),11))))),17)),(((((18,16),15),(12,8)),(5,14)),20));

STEP 33 [Heur. rSPR MP -> NNI_Substep_9] - Distance: 54.0000
(((10,(19,2)),((13,(4,(7,((1,(6,(9,3))),11)))),17)),(((((18,16),15),(12,8)),(5,14)),20));

STEP 34 [Heur. rSPR MP -> NNI_Substep_10] - Distance: 54.0000
(((10,(19,2)),((13,(4,((7,(1,(6,(9,3)))),11))),17)),(((((18,16),15),(12,8)),(5,14)),20));

STEP 35 [Heur. rSPR MP -> NNI_Substep_11] - Distance: 54.0000
(((10,(19,2)),((13,((4,(7,(1,(6,(9,3))))),11)),17)),(((((18,16),15),(12,8)),(5,14)),20));

STEP 36 [Heur. rSPR MP -> NNI_Substep_12] - Distance: 54.0000
(((10,(19,2)),(((13,(4,(7,(1,(6,(9,3)))))),11),17)),(((((18,16),15),(12,8)),(5,14)),20));

STEP 37 [Heur. rSPR MP -> NNI_Substep_13] - Distance: 54.0000
(((10,(19,2)),(((13,(4,(7,(1,(6,(9,3)))))),17),11)),(((((18,16),15),(12,8)),(5,14)),20));

STEP 38 [Heur. rSPR MP -> NNI_Substep_14] - Distance: 54.0000
((((10,(19,2)),((13,(4,(7,(1,(6,(9,3)))))),17)),11),(((((18,16),15),(12,8)),(5,14)),20));

STEP 39 [Heur. rSPR MP -> NNI_Substep_15] - Distance: 39.0000
(((10,(19,2)),((13,(4,(7,(1,(6,(9,3)))))),17)),((((((18,16),15),(12,8)),(5,14)),11),20));

STEP 40 [Heur. rSPR MP -> NNI_Substep_16] - Distance: 37.0000
(((10,(19,2)),((13,(4,(7,(1,(6,(9,3)))))),17)),((((((18,16),15),(12,8)),11),(5,14)),20));

STEP 41 [Heur. rSPR MP -> NNI_Substep_17] - Distance: 37.0000
(((10,(19,2)),((13,(4,(7,(1,(6,(9,3)))))),17)),((((((16,15),18),(12,8)),11),(5,14)),20));

STEP 42 [Heur. rSPR MP -> NNI_Substep_18] - Distance: 37.0000
(((10,(19,2)),((13,(4,(7,(1,(6,(9,3)))))),17)),((((((16,15),(12,8)),18),11),(5,14)),20));

STEP 43 [Heur. rSPR MP -> NNI_Substep_19] - Distance: 37.0000
(((10,(19,2)),((13,(4,(7,(1,(6,(9,3)))))),17)),((((((16,15),(12,8)),11),18),(5,14)),20));

STEP 44 [Heur. rSPR MP -> NNI_Substep_20] - Distance: 37.0000
(((10,(19,2)),((13,(4,(7,(1,(6,(9,3)))))),17)),((((((16,15),(12,8)),11),(5,14)),18),20));

STEP 45 [Heur. rSPR MP -> NNI_Substep_21] - Distance: 37.0000
(((10,(19,2)),((13,(4,(7,(1,(6,(9,3)))))),17)),((((((16,15),(12,8)),11),(5,14)),20),18));

STEP 46 [Heur. rSPR MP -> NNI_Substep_22] - Distance: 22.0000
((((10,(19,2)),18),((13,(4,(7,(1,(6,(9,3)))))),17)),(((((16,15),(12,8)),11),(5,14)),20));

STEP 47 [Heur. rSPR MP -> NNI_Substep_23] - Distance: 20.0000
((((10,18),(19,2)),((13,(4,(7,(1,(6,(9,3)))))),17)),(((((16,15),(12,8)),11),(5,14)),20));

STEP 48 [Heur. rSPR MP -> NNI_Substep_24] - Distance: 20.0000
((((10,18),(19,2)),((13,(4,(7,((1,(9,3)),6)))),17)),(((((16,15),(12,8)),11),(5,14)),20));

STEP 49 [Heur. rSPR MP -> NNI_Substep_25] - Distance: 20.0000
((((10,18),(19,2)),((13,(4,((7,(1,(9,3))),6))),17)),(((((16,15),(12,8)),11),(5,14)),20));

STEP 50 [Heur. rSPR MP -> NNI_Substep_26] - Distance: 20.0000
((((10,18),(19,2)),((13,((4,(7,(1,(9,3)))),6)),17)),(((((16,15),(12,8)),11),(5,14)),20));

STEP 51 [Heur. rSPR MP -> NNI_Substep_27] - Distance: 20.0000
((((10,18),(19,2)),(((13,(4,(7,(1,(9,3))))),6),17)),(((((16,15),(12,8)),11),(5,14)),20));

STEP 52 [Heur. rSPR MP -> NNI_Substep_28] - Distance: 20.0000
((((10,18),(19,2)),(((13,(4,(7,(1,(9,3))))),17),6)),(((((16,15),(12,8)),11),(5,14)),20));

STEP 53 [Heur. rSPR MP -> NNI_Substep_29] - Distance: 20.0000
(((((10,18),(19,2)),((13,(4,(7,(1,(9,3))))),17)),6),(((((16,15),(12,8)),11),(5,14)),20));

STEP 54 [Heur. rSPR MP -> NNI_Substep_30] - Distance: 14.0000
(((((10,18),(19,2)),6),((13,(4,(7,(1,(9,3))))),17)),(((((16,15),(12,8)),11),(5,14)),20));

STEP 55 [Heur. rSPR MP -> NNI_Substep_31] - Distance: 12.0000
(((((10,18),6),(19,2)),((13,(4,(7,(1,(9,3))))),17)),(((((16,15),(12,8)),11),(5,14)),20));

STEP 56 [Heur. rSPR MP -> NNI_Substep_32] - Distance: 11.0000
((((10,(18,6)),(19,2)),((13,(4,(7,(1,(9,3))))),17)),(((((16,15),(12,8)),11),(5,14)),20));

STEP 57 [Heur. rSPR MP -> NNI_Substep_33] - Distance: 11.0000
((((10,(18,6)),(19,2)),((13,(4,(7,((1,9),3)))),17)),(((((16,15),(12,8)),11),(5,14)),20));

STEP 58 [Heur. rSPR MP -> NNI_Substep_34] - Distance: 11.0000
((((10,(18,6)),(19,2)),((13,(4,((7,(1,9)),3))),17)),(((((16,15),(12,8)),11),(5,14)),20));

STEP 59 [Heur. rSPR MP -> NNI_Substep_35] - Distance: 11.0000
((((10,(18,6)),(19,2)),((13,((4,(7,(1,9))),3)),17)),(((((16,15),(12,8)),11),(5,14)),20));

STEP 60 [Heur. rSPR MP -> NNI_Substep_36] - Distance: 11.0000
((((10,(18,6)),(19,2)),(((13,(4,(7,(1,9)))),3),17)),(((((16,15),(12,8)),11),(5,14)),20));

STEP 61 [Heur. rSPR MP -> NNI_Substep_37] - Distance: 11.0000
((((10,(18,6)),(19,2)),(((13,(4,(7,(1,9)))),17),3)),(((((16,15),(12,8)),11),(5,14)),20));

STEP 62 [Heur. rSPR MP -> NNI_Substep_38] - Distance: 9.0000
(((((10,(18,6)),(19,2)),((13,(4,(7,(1,9)))),17)),3),(((((16,15),(12,8)),11),(5,14)),20));

STEP 63 [Heur. rSPR MP -> NNI_Substep_39] - Distance: 3.0000
(((((10,(18,6)),(19,2)),3),((13,(4,(7,(1,9)))),17)),(((((16,15),(12,8)),11),(5,14)),20));

STEP 64 [Heur. rSPR MP -> NNI_Substep_40] - Distance: 1.0000
(((((10,(18,6)),3),(19,2)),((13,(4,(7,(1,9)))),17)),(((((16,15),(12,8)),11),(5,14)),20));

STEP 65 [Heur. rSPR MP -> NNI_Substep_41] - Distance: 0.0000
((((10,((18,6),3)),(19,2)),((13,(4,(7,(1,9)))),17)),(((((16,15),(12,8)),11),(5,14)),20));

========================================================
[FINAL] Total Steps: 65 | Final Distance: 0.0000
========================================================
