========================================================
HEURISTIC TRAJECTORY: VND Classic (MS)
========================================================
STEP 0 [START] - Distance: 70.0000
(((5,(9,(3,(14,13)))),(7,6)),(11,(2,12)),(((18,(8,(15,1))),(16,10)),(4,(17,(19,20)))));

STEP 1 [NNI_ClassicHeuristic_MS -> NNI_Substep_1] - Distance: 67.0000
(((5,((14,13),(3,9))),(7,6)),(11,(2,12)),(((18,(8,(15,1))),(16,10)),(4,(17,(19,20)))));

STEP 2 [NNI_ClassicHeuristic_MS -> NNI_Substep_2] - Distance: 66.0000
((((14,13),(5,(3,9))),(7,6)),(11,(2,12)),(((18,(8,(15,1))),(16,10)),(4,(17,(19,20)))));

STEP 3 [NNI_ClassicHeuristic_MS -> NNI_Substep_3] - Distance: 65.0000
((((14,13),(7,6)),(5,(3,9))),(11,(2,12)),(((18,(8,(15,1))),(16,10)),(4,(17,(19,20)))));

STEP 4 [NNI_ClassicHeuristic_MS -> NNI_Substep_4] - Distance: 64.0000
(((6,(7,(14,13))),(5,(3,9))),(11,(2,12)),(((18,(8,(15,1))),(16,10)),(4,(17,(19,20)))));

STEP 5 [NNI_ClassicHeuristic_MS -> NNI_Substep_5] - Distance: 63.0000
(((6,(7,(14,13))),(5,(3,9))),(11,(2,12)),((((15,1),(8,18)),(16,10)),(4,(17,(19,20)))));

STEP 6 [uSPR_ClassicHeuristic_MS -> NNI_Substep_1] - Distance: 63.0000
(((6,((7,13),14)),(5,(3,9))),(11,(2,12)),((((15,1),(8,18)),(16,10)),(4,(17,(19,20)))));

STEP 7 [uSPR_ClassicHeuristic_MS -> NNI_Substep_2] - Distance: 63.0000
((((6,(7,13)),14),(5,(3,9))),(11,(2,12)),((((15,1),(8,18)),(16,10)),(4,(17,(19,20)))));

STEP 8 [uSPR_ClassicHeuristic_MS -> NNI_Substep_3] - Distance: 63.0000
((((6,(7,13)),(5,(3,9))),14),(11,(2,12)),((((15,1),(8,18)),(16,10)),(4,(17,(19,20)))));

STEP 9 [uSPR_ClassicHeuristic_MS -> NNI_Substep_4] - Distance: 65.0000
(((6,(7,13)),(5,(3,9))),(11,(2,12)),(((((15,1),(8,18)),(16,10)),(4,(17,(19,20)))),14));

STEP 10 [uSPR_ClassicHeuristic_MS -> NNI_Substep_5] - Distance: 62.0000
(((6,(7,13)),(5,(3,9))),(11,(2,12)),(((((15,1),(8,18)),(16,10)),14),(4,(17,(19,20)))));

STEP 11 [uSPR_ClassicHeuristic_MS -> NNI_Substep_6] - Distance: 57.0000
(((6,(7,13)),(5,(3,9))),(11,(2,12)),((((15,1),(8,18)),((16,10),14)),(4,(17,(19,20)))));

STEP 12 [uSPR_ClassicHeuristic_MS -> NNI_Substep_7] - Distance: 55.0000
(((6,(7,13)),(5,(3,9))),(11,(2,12)),((((15,1),(8,18)),(16,(10,14))),(4,(17,(19,20)))));

STEP 13 [uSPR_ClassicHeuristic_MS -> NNI_Substep_8] - Distance: 55.0000
(((6,(7,13)),(5,(3,9))),((11,12),2),((((15,1),(8,18)),(16,(10,14))),(4,(17,(19,20)))));

STEP 14 [uSPR_ClassicHeuristic_MS -> NNI_Substep_9] - Distance: 57.0000
((((6,(7,13)),(5,(3,9))),2),(11,12),((((15,1),(8,18)),(16,(10,14))),(4,(17,(19,20)))));

STEP 15 [uSPR_ClassicHeuristic_MS -> NNI_Substep_10] - Distance: 53.0000
(((6,(7,13)),((5,(3,9)),2)),(11,12),((((15,1),(8,18)),(16,(10,14))),(4,(17,(19,20)))));

STEP 16 [uSPR_ClassicHeuristic_MS -> NNI_Substep_11] - Distance: 51.0000
(((6,(7,13)),(5,((3,9),2))),(11,12),((((15,1),(8,18)),(16,(10,14))),(4,(17,(19,20)))));

STEP 17 [uSPR_ClassicHeuristic_MS -> NNI_Substep_12] - Distance: 49.0000
(((6,(7,13)),(5,(3,(9,2)))),(11,12),((((15,1),(8,18)),(16,(10,14))),(4,(17,(19,20)))));

STEP 18 [uSPR_ClassicHeuristic_MS -> NNI_Substep_13] - Distance: 49.0000
(((6,(7,13)),(5,(3,(9,2)))),(11,12),(((((15,1),(8,18)),(16,(10,14))),(17,(19,20))),4));

STEP 19 [uSPR_ClassicHeuristic_MS -> NNI_Substep_14] - Distance: 46.0000
((((6,(7,13)),(5,(3,(9,2)))),4),(11,12),((((15,1),(8,18)),(16,(10,14))),(17,(19,20))));

STEP 20 [uSPR_ClassicHeuristic_MS -> NNI_Substep_15] - Distance: 46.0000
(((6,(7,13)),((5,(3,(9,2))),4)),(11,12),((((15,1),(8,18)),(16,(10,14))),(17,(19,20))));

STEP 21 [uSPR_ClassicHeuristic_MS -> NNI_Substep_16] - Distance: 44.0000
(((6,(7,13)),((5,4),(3,(9,2)))),(11,12),((((15,1),(8,18)),(16,(10,14))),(17,(19,20))));

STEP 22 [uSPR_ClassicHeuristic_MS -> NNI_Substep_17] - Distance: 44.0000
(((6,(7,13)),((4,(3,(9,2))),5)),(11,12),((((15,1),(8,18)),(16,(10,14))),(17,(19,20))));

STEP 23 [uSPR_ClassicHeuristic_MS -> NNI_Substep_18] - Distance: 42.0000
((((6,(7,13)),(4,(3,(9,2)))),5),(11,12),((((15,1),(8,18)),(16,(10,14))),(17,(19,20))));

STEP 24 [uSPR_ClassicHeuristic_MS -> NNI_Substep_19] - Distance: 43.0000
(((6,(7,13)),(4,(3,(9,2)))),(11,12),(((((15,1),(8,18)),(16,(10,14))),(17,(19,20))),5));

STEP 25 [uSPR_ClassicHeuristic_MS -> NNI_Substep_20] - Distance: 41.0000
(((6,(7,13)),(4,(3,(9,2)))),(11,12),(((((15,1),(8,18)),(16,(10,14))),5),(17,(19,20))));

STEP 26 [uSPR_ClassicHeuristic_MS -> NNI_Substep_21] - Distance: 38.0000
(((6,(7,13)),(4,(3,(9,2)))),(11,12),((((15,1),(8,18)),((16,(10,14)),5)),(17,(19,20))));

STEP 27 [uSPR_ClassicHeuristic_MS -> NNI_Substep_22] - Distance: 36.0000
(((6,(7,13)),(4,(3,(9,2)))),(11,12),((((15,1),(8,18)),(16,((10,14),5))),(17,(19,20))));

STEP 28 [uSPR_ClassicHeuristic_MS -> NNI_Substep_23] - Distance: 36.0000
(((6,(7,13)),(4,(3,(9,2)))),(11,12),((((15,1),(16,((10,14),5))),(8,18)),(17,(19,20))));

STEP 29 [uSPR_ClassicHeuristic_MS -> NNI_Substep_24] - Distance: 33.0000
(((6,(7,13)),(4,(3,(9,2)))),(11,12),((((15,1),(16,((10,14),5))),(17,(19,20))),(8,18)));

STEP 30 [uSPR_ClassicHeuristic_MS -> NNI_Substep_25] - Distance: 31.0000
((((6,(7,13)),(4,(3,(9,2)))),(8,18)),(11,12),(((15,1),(16,((10,14),5))),(17,(19,20))));

STEP 31 [uSPR_ClassicHeuristic_MS -> NNI_Substep_26] - Distance: 34.0000
((((6,(7,13)),(4,(3,(9,2)))),(8,18)),(11,12),(((1,(16,((10,14),5))),15),(17,(19,20))));

STEP 32 [uSPR_ClassicHeuristic_MS -> NNI_Substep_27] - Distance: 34.0000
((((6,(7,13)),(4,(3,(9,2)))),(8,18)),(11,12),(((1,(16,((10,14),5))),(17,(19,20))),15));

STEP 33 [uSPR_ClassicHeuristic_MS -> NNI_Substep_28] - Distance: 28.0000
((((6,(7,13)),(4,(3,(9,2)))),(8,18)),((11,12),15),((1,(16,((10,14),5))),(17,(19,20))));

STEP 34 [uSPR_ClassicHeuristic_MS -> NNI_Substep_29] - Distance: 26.0000
((((6,(7,13)),(4,(3,(9,2)))),(8,18)),(11,(12,15)),((1,(16,((10,14),5))),(17,(19,20))));

STEP 35 [uSPR_ClassicHeuristic_MS -> NNI_Substep_30] - Distance: 29.0000
(((((7,13),(4,(3,(9,2)))),6),(8,18)),(11,(12,15)),((1,(16,((10,14),5))),(17,(19,20))));

STEP 36 [uSPR_ClassicHeuristic_MS -> NNI_Substep_31] - Distance: 28.0000
(((((7,13),(4,(3,(9,2)))),(8,18)),6),(11,(12,15)),((1,(16,((10,14),5))),(17,(19,20))));

STEP 37 [uSPR_ClassicHeuristic_MS -> NNI_Substep_32] - Distance: 23.0000
((((7,13),(4,(3,(9,2)))),(8,18)),((11,(12,15)),6),((1,(16,((10,14),5))),(17,(19,20))));

STEP 38 [uSPR_ClassicHeuristic_MS -> NNI_Substep_33] - Distance: 21.0000
((((7,13),(4,(3,(9,2)))),(8,18)),(11,((12,15),6)),((1,(16,((10,14),5))),(17,(19,20))));

STEP 39 [uSPR_ClassicHeuristic_MS -> NNI_Substep_34] - Distance: 24.0000
(((((7,13),(4,(3,(9,2)))),18),8),(11,((12,15),6)),((1,(16,((10,14),5))),(17,(19,20))));

STEP 40 [uSPR_ClassicHeuristic_MS -> NNI_Substep_35] - Distance: 22.0000
(((((7,13),(4,(3,(9,2)))),8),18),(11,((12,15),6)),((1,(16,((10,14),5))),(17,(19,20))));

STEP 41 [uSPR_ClassicHeuristic_MS -> NNI_Substep_36] - Distance: 17.0000
(((((7,13),8),(4,(3,(9,2)))),18),(11,((12,15),6)),((1,(16,((10,14),5))),(17,(19,20))));

STEP 42 [uSPR_ClassicHeuristic_MS -> NNI_Substep_37] - Distance: 19.0000
(((((7,13),8),(4,(3,(9,2)))),18),(11,((12,15),6)),(((1,(16,((10,14),5))),(19,20)),17));

STEP 43 [uSPR_ClassicHeuristic_MS -> NNI_Substep_38] - Distance: 20.0000
((((((7,13),8),(4,(3,(9,2)))),18),17),(11,((12,15),6)),((1,(16,((10,14),5))),(19,20)));

STEP 44 [uSPR_ClassicHeuristic_MS -> NNI_Substep_39] - Distance: 14.0000
(((((7,13),8),(4,(3,(9,2)))),(18,17)),(11,((12,15),6)),((1,(16,((10,14),5))),(19,20)));

STEP 45 [uSPR_ClassicHeuristic_MS -> NNI_Substep_40] - Distance: 12.0000
(((((7,13),8),(4,(3,(9,2)))),(18,17)),(11,((12,15),6)),(((1,((10,14),5)),16),(19,20)));

STEP 46 [uSPR_ClassicHeuristic_MS -> NNI_Substep_41] - Distance: 11.0000
(((((7,13),8),(4,(3,(9,2)))),(18,17)),(11,((12,15),6)),(((1,((10,14),5)),(19,20)),16));

STEP 47 [uSPR_ClassicHeuristic_MS -> NNI_Substep_42] - Distance: 12.0000
((((((7,13),8),(4,(3,(9,2)))),(18,17)),16),(11,((12,15),6)),((1,((10,14),5)),(19,20)));

STEP 48 [uSPR_ClassicHeuristic_MS -> NNI_Substep_43] - Distance: 9.0000
((((((7,13),8),(4,(3,(9,2)))),16),(18,17)),(11,((12,15),6)),((1,((10,14),5)),(19,20)));

STEP 49 [uSPR_ClassicHeuristic_MS -> NNI_Substep_44] - Distance: 12.0000
(((((((7,13),8),(4,(3,(9,2)))),16),(18,17)),((12,15),6)),11,((1,((10,14),5)),(19,20)));

STEP 50 [uSPR_ClassicHeuristic_MS -> NNI_Substep_45] - Distance: 3.0000
((((((7,13),8),(4,(3,(9,2)))),16),((18,17),((12,15),6))),11,((1,((10,14),5)),(19,20)));

STEP 51 [uSPR_ClassicHeuristic_MS -> NNI_Substep_46] - Distance: 6.0000
((((((7,13),8),(4,(3,(9,2)))),16),((18,17),((12,15),6))),11,(((1,((10,14),5)),19),20));

STEP 52 [uSPR_ClassicHeuristic_MS -> NNI_Substep_47] - Distance: 0.0000
((((((7,13),8),(4,(3,(9,2)))),16),((18,17),((12,15),6))),(11,20),((1,((10,14),5)),19));

========================================================
[FINAL] Total Steps: 52 | Final Distance: 0.0000
========================================================
