========================================================
HEURISTIC TRAJECTORY: VND Incremental (MS_RF)
========================================================
STEP 0 [START] - Distance: 69.0000
(((((2,(17,(4,(1,16)))),(12,(14,3))),(10,(20,(9,5)))),(13,19)),(7,15),(6,(8,(18,11))));

STEP 1 [NNI_IncrementalHeuristic_MS_RF -> NNI_Substep_1] - Distance: 65.0000
((((13,19),(10,(20,(9,5)))),((2,(17,(4,(1,16)))),(12,(14,3)))),(7,15),(6,(8,(18,11))));

STEP 2 [NNI_IncrementalHeuristic_MS_RF -> NNI_Substep_2] - Distance: 61.0000
((((13,19),(10,(20,(9,5)))),(7,15)),((2,(17,(4,(1,16)))),(12,(14,3))),(6,(8,(18,11))));

STEP 3 [NNI_IncrementalHeuristic_MS_RF -> NNI_Substep_3] - Distance: 58.0000
((12,(14,3)),((2,(17,(4,(1,16)))),(((13,19),(10,(20,(9,5)))),(7,15))),(6,(8,(18,11))));

STEP 4 [NNI_IncrementalHeuristic_MS_RF -> NNI_Substep_4] - Distance: 55.0000
((12,(14,3)),(((((13,19),(10,(20,(9,5)))),(7,15)),(17,(4,(1,16)))),2),(6,(8,(18,11))));

STEP 5 [NNI_IncrementalHeuristic_MS_RF -> NNI_Substep_5] - Distance: 53.0000
(2,(((((13,19),(10,(20,(9,5)))),(7,15)),(17,(4,(1,16)))),(12,(14,3))),(6,(8,(18,11))));

STEP 6 [NNI_IncrementalHeuristic_MS_RF -> NNI_Substep_6] - Distance: 51.0000
(2,((14,3),(12,((((13,19),(10,(20,(9,5)))),(7,15)),(17,(4,(1,16)))))),(6,(8,(18,11))));

STEP 7 [NNI_IncrementalHeuristic_MS_RF -> NNI_Substep_7] - Distance: 50.0000
(2,((14,3),(12,((((13,19),((9,5),(20,10))),(7,15)),(17,(4,(1,16)))))),(6,(8,(18,11))));

STEP 8 [NNI_IncrementalHeuristic_MS_RF -> NNI_Substep_8] - Distance: 49.0000
(2,((14,3),(12,((4,(1,16)),(17,(((13,19),((9,5),(20,10))),(7,15)))))),(6,(8,(18,11))));

STEP 9 [NNI_IncrementalHeuristic_MS_RF -> NNI_Substep_9] - Distance: 47.0000
(2,((14,3),(12,((4,(1,16)),(17,(((13,19),(7,15)),((9,5),(20,10))))))),(6,(8,(18,11))));

STEP 10 [NNI_IncrementalHeuristic_MS_RF -> NNI_Substep_10] - Distance: 46.0000
(2,((14,3),(12,((4,(1,16)),(((13,19),(7,15)),(17,((9,5),(20,10))))))),(6,(8,(18,11))));

STEP 11 [NNI_IncrementalHeuristic_MS_RF -> NNI_Substep_11] - Distance: 45.0000
(2,((14,3),(12,((4,(1,16)),((7,((13,19),15)),(17,((9,5),(20,10))))))),(6,(8,(18,11))));

STEP 12 [NNI_IncrementalHeuristic_MS_RF -> NNI_Substep_12] - Distance: 44.0000
(2,((14,3),(12,((4,(1,16)),((7,((13,19),15)),((9,5),(17,(20,10))))))),(6,(8,(18,11))));

STEP 13 [NNI_IncrementalHeuristic_MS_RF -> NNI_Substep_13] - Distance: 42.0000
(2,((14,3),(12,((4,(1,16)),((((9,5),(17,(20,10))),((13,19),15)),7)))),(6,(8,(18,11))));

STEP 14 [NNI_IncrementalHeuristic_MS_RF -> NNI_Substep_14] - Distance: 41.0000
(2,((14,3),(12,((4,(1,16)),((((9,5),(17,(20,10))),((13,19),15)),7)))),((18,11),(8,6)));

STEP 15 [2sECR_IncrementalHeuristic_MS_RF -> NNI_Substep_1] - Distance: 45.0000
(2,(14,(3,(12,((4,(1,16)),((((9,5),(17,(20,10))),((13,19),15)),7))))),((18,11),(8,6)));

STEP 16 [2sECR_IncrementalHeuristic_MS_RF -> NNI_Substep_2] - Distance: 40.0000
(2,(14,(((4,(1,16)),((((9,5),(17,(20,10))),((13,19),15)),7)),(3,12))),((18,11),(8,6)));

STEP 17 [2sECR_IncrementalHeuristic_MS_RF -> NNI_Substep_3] - Distance: 39.0000
(2,14,((((4,(1,16)),((((9,5),(17,(20,10))),((13,19),15)),7)),(3,12)),((18,11),(8,6))));

STEP 18 [2sECR_IncrementalHeuristic_MS_RF -> NNI_Substep_4] - Distance: 39.0000
(2,14,((18,11),((((4,(1,16)),((((9,5),(17,(20,10))),((13,19),15)),7)),(3,12)),(8,6))));

STEP 19 [2sECR_IncrementalHeuristic_MS_RF -> NNI_Substep_5] - Distance: 38.0000
(2,(14,(18,11)),((((4,(1,16)),((((9,5),(17,(20,10))),((13,19),15)),7)),(3,12)),(8,6)));

STEP 20 [2sECR_IncrementalHeuristic_MS_RF -> NNI_Substep_6] - Distance: 36.0000
(2,(11,(14,18)),((((4,(1,16)),((((9,5),(17,(20,10))),((13,19),15)),7)),(3,12)),(8,6)));

STEP 21 [2sECR_IncrementalHeuristic_MS_RF -> NNI_Substep_7] - Distance: 39.0000
(2,11,((14,18),((((4,(1,16)),((((9,5),(17,(20,10))),((13,19),15)),7)),(3,12)),(8,6))));

STEP 22 [2sECR_IncrementalHeuristic_MS_RF -> NNI_Substep_8] - Distance: 37.0000
(2,11,((((4,(1,16)),((((9,5),(17,(20,10))),((13,19),15)),7)),(3,12)),((14,18),(8,6))));

STEP 23 [2sECR_IncrementalHeuristic_MS_RF -> NNI_Substep_9] - Distance: 34.0000
(2,(11,(((4,(1,16)),((((9,5),(17,(20,10))),((13,19),15)),7)),(3,12))),((14,18),(8,6)));

STEP 24 [2sECR_IncrementalHeuristic_MS_RF -> NNI_Substep_10] - Distance: 39.0000
(2,(11,(12,(3,((4,(1,16)),((((9,5),(17,(20,10))),((13,19),15)),7))))),((14,18),(8,6)));

STEP 25 [2sECR_IncrementalHeuristic_MS_RF -> NNI_Substep_11] - Distance: 33.0000
(2,(11,(12,(((((9,5),(17,(20,10))),((13,19),15)),7),((4,(1,16)),3)))),((14,18),(8,6)));

STEP 26 [2sECR_IncrementalHeuristic_MS_RF -> NNI_Substep_12] - Distance: 33.0000
(2,(11,(12,(((((9,5),(17,(20,10))),((13,19),15)),7),((1,(4,16)),3)))),((14,18),(8,6)));

STEP 27 [2sECR_IncrementalHeuristic_MS_RF -> NNI_Substep_13] - Distance: 30.0000
(2,(11,(12,(((((9,5),(17,(20,10))),((13,19),15)),7),((4,16),(3,1))))),((14,18),(8,6)));

STEP 28 [2sECR_IncrementalHeuristic_MS_RF -> NNI_Substep_14] - Distance: 31.0000
(2,(11,(12,(((((9,5),(17,(20,10))),((13,19),15)),7),((4,16),(3,1))))),(8,((14,18),6)));

STEP 29 [2sECR_IncrementalHeuristic_MS_RF -> NNI_Substep_15] - Distance: 29.0000
((2,8),(11,(12,(((((9,5),(17,(20,10))),((13,19),15)),7),((4,16),(3,1))))),((14,18),6));

STEP 30 [2sECR_IncrementalHeuristic_MS_RF -> NNI_Substep_16] - Distance: 31.0000
(2,(8,(11,(12,(((((9,5),(17,(20,10))),((13,19),15)),7),((4,16),(3,1)))))),((14,18),6));

STEP 31 [2sECR_IncrementalHeuristic_MS_RF -> NNI_Substep_17] - Distance: 28.0000
(2,((12,(((((9,5),(17,(20,10))),((13,19),15)),7),((4,16),(3,1)))),(8,11)),((14,18),6));

STEP 32 [2sECR_IncrementalHeuristic_MS_RF -> NNI_Substep_18] - Distance: 31.0000
(2,(11,(8,(12,(((((9,5),(17,(20,10))),((13,19),15)),7),((4,16),(3,1)))))),((14,18),6));

STEP 33 [2sECR_IncrementalHeuristic_MS_RF -> NNI_Substep_19] - Distance: 27.0000
(2,(11,((((((9,5),(17,(20,10))),((13,19),15)),7),((4,16),(3,1))),(12,8))),((14,18),6));

STEP 34 [3sECR_IncrementalHeuristic_MS_RF -> NNI_Substep_1] - Distance: 27.0000
(2,(11,(((7,(((9,5),(17,(20,10))),((15,13),19))),((4,16),(3,1))),(12,8))),((14,18),6));

STEP 35 [3sECR_IncrementalHeuristic_MS_RF -> NNI_Substep_2] - Distance: 29.0000
(2,(11,(((7,((((9,5),(17,(20,10))),(15,13)),19)),((4,16),(3,1))),(12,8))),((14,18),6));

STEP 36 [3sECR_IncrementalHeuristic_MS_RF -> NNI_Substep_3] - Distance: 23.0000
(2,(11,((((7,19),(((9,5),(17,(20,10))),(15,13))),((4,16),(3,1))),(12,8))),((14,18),6));

STEP 37 [3sECR_IncrementalHeuristic_MS_RF -> NNI_Substep_4] - Distance: 30.0000
(2,(11,(((7,19),(((9,5),(17,(20,10))),(15,13))),(((4,16),(3,1)),(12,8)))),((14,18),6));

STEP 38 [3sECR_IncrementalHeuristic_MS_RF -> NNI_Substep_5] - Distance: 30.0000
(2,(11,(((7,19),(((9,5),(17,(20,10))),(15,13))),((4,16),((3,1),(12,8))))),((14,18),6));

STEP 39 [3sECR_IncrementalHeuristic_MS_RF -> NNI_Substep_6] - Distance: 31.0000
(2,(11,(((7,19),(((9,5),(17,(20,10))),(15,13))),((4,16),(((3,1),8),12)))),((14,18),6));

STEP 40 [3sECR_IncrementalHeuristic_MS_RF -> NNI_Substep_7] - Distance: 28.0000
(2,(11,(((7,19),(((9,5),(17,(20,10))),(15,13))),(((4,16),12),((3,1),8)))),((14,18),6));

STEP 41 [3sECR_IncrementalHeuristic_MS_RF -> NNI_Substep_8] - Distance: 20.0000
(2,(11,((((7,19),(((9,5),(17,(20,10))),(15,13))),((3,1),8)),((4,16),12))),((14,18),6));

STEP 42 [3sECR_IncrementalHeuristic_MS_RF -> NNI_Substep_9] - Distance: 20.0000
(2,(11,((((7,19),(((9,5),(17,(20,10))),(15,13))),((3,1),8)),((12,16),4))),((14,18),6));

STEP 43 [3sECR_IncrementalHeuristic_MS_RF -> NNI_Substep_10] - Distance: 24.0000
(2,(11,(((((7,19),(((9,5),(17,(20,10))),(15,13))),((3,1),8)),4),(12,16))),((14,18),6));

STEP 44 [3sECR_IncrementalHeuristic_MS_RF -> NNI_Substep_11] - Distance: 18.0000
(2,(11,((((7,19),(((9,5),(17,(20,10))),(15,13))),(((3,1),8),4)),(12,16))),((14,18),6));

STEP 45 [3sECR_IncrementalHeuristic_MS_RF -> NNI_Substep_12] - Distance: 15.0000
(2,(11,((((7,19),(((9,5),(17,(20,10))),(15,13))),((4,8),(3,1))),(12,16))),((14,18),6));

STEP 46 [3sECR_IncrementalHeuristic_MS_RF -> NNI_Substep_13] - Distance: 15.0000
(2,(11,((((7,19),((15,13),((9,5),((17,10),20)))),((4,8),(3,1))),(12,16))),((14,18),6));

STEP 47 [3sECR_IncrementalHeuristic_MS_RF -> NNI_Substep_14] - Distance: 16.0000
(2,(11,((((7,19),((15,13),(((9,5),(17,10)),20))),((4,8),(3,1))),(12,16))),((14,18),6));

STEP 48 [3sECR_IncrementalHeuristic_MS_RF -> NNI_Substep_15] - Distance: 14.0000
(2,(11,((((7,19),(((15,13),20),((9,5),(17,10)))),((4,8),(3,1))),(12,16))),((14,18),6));

STEP 49 [3sECR_IncrementalHeuristic_MS_RF -> NNI_Substep_16] - Distance: 17.0000
(2,(11,((((7,19),((((9,5),(17,10)),(15,13)),20)),((4,8),(3,1))),(12,16))),((14,18),6));

STEP 50 [3sECR_IncrementalHeuristic_MS_RF -> NNI_Substep_17] - Distance: 11.0000
(2,(11,(((((7,19),20),(((9,5),(17,10)),(15,13))),((4,8),(3,1))),(12,16))),((14,18),6));

STEP 51 [3sECR_IncrementalHeuristic_MS_RF -> NNI_Substep_18] - Distance: 9.0000
(2,(11,((((7,(19,20)),(((9,5),(17,10)),(15,13))),((4,8),(3,1))),(12,16))),((14,18),6));

STEP 52 [Heur. uSPR MS_RF -> NNI_Substep_1] - Distance: 10.0000
(2,(11,((((7,(19,20)),(((5,(17,10)),9),(15,13))),((4,8),(3,1))),(12,16))),((14,18),6));

STEP 53 [Heur. uSPR MS_RF -> NNI_Substep_2] - Distance: 11.0000
(2,(11,((((7,(19,20)),(((5,(17,10)),(15,13)),9)),((4,8),(3,1))),(12,16))),((14,18),6));

STEP 54 [Heur. uSPR MS_RF -> NNI_Substep_3] - Distance: 13.0000
(2,(11,(((((7,(19,20)),((5,(17,10)),(15,13))),9),((4,8),(3,1))),(12,16))),((14,18),6));

STEP 55 [Heur. uSPR MS_RF -> NNI_Substep_4] - Distance: 10.0000
(2,(11,(((((7,(19,20)),((5,(17,10)),(15,13))),((4,8),(3,1))),9),(12,16))),((14,18),6));

STEP 56 [Heur. uSPR MS_RF -> NNI_Substep_5] - Distance: 7.0000
(2,(11,(((((7,(19,20)),((5,(17,10)),(15,13))),((4,8),(3,1))),(12,16)),9)),((14,18),6));

STEP 57 [Heur. uSPR MS_RF -> NNI_Substep_6] - Distance: 5.0000
(2,((11,((((7,(19,20)),((5,(17,10)),(15,13))),((4,8),(3,1))),(12,16))),9),((14,18),6));

STEP 58 [Heur. uSPR MS_RF -> NNI_Substep_7] - Distance: 3.0000
(2,(11,((((7,(19,20)),((5,(17,10)),(15,13))),((4,8),(3,1))),(12,16))),(((14,18),6),9));

STEP 59 [Heur. uSPR MS_RF -> NNI_Substep_8] - Distance: 0.0000
(2,(11,((((7,(19,20)),((5,(17,10)),(15,13))),((4,8),(3,1))),(12,16))),((14,18),(6,9)));

========================================================
[FINAL] Total Steps: 59 | Final Distance: 0.0000
========================================================
