========================================================
HEURISTIC TRAJECTORY: VND Classic (RF)
========================================================
STEP 0 [START] - Distance: 17.0000
(10,(6,17),((((14,(12,(18,15))),(20,(4,7))),(3,(16,(9,(13,5))))),(2,(1,(19,(8,11))))));

STEP 1 [NNI_ClassicHeuristic_RF] - Distance: 16.0000
(17,(6,10),((((14,(12,(18,15))),(20,(4,7))),(3,(16,(9,(13,5))))),(2,(1,(19,(8,11))))));

STEP 2 [3sECR_ClassicHeuristic_RF -> NNI_Substep_1] - Distance: 16.0000
(17,(6,10),(((20,(4,7)),((14,(12,(18,15))),(3,(16,(9,(13,5)))))),(2,(1,(19,(8,11))))));

STEP 3 [3sECR_ClassicHeuristic_RF -> NNI_Substep_2] - Distance: 16.0000
(17,(6,10),(((20,(4,7)),(((14,(12,(18,15))),3),(16,(9,(13,5))))),(2,(1,(19,(8,11))))));

STEP 4 [3sECR_ClassicHeuristic_RF -> NNI_Substep_3] - Distance: 15.0000
(17,(6,10),(((20,(4,7)),(((14,3),(12,(18,15))),(16,(9,(13,5))))),(2,(1,(19,(8,11))))));

STEP 5 [3sECR_ClassicHeuristic_RF -> NNI_Substep_4] - Distance: 15.0000
(17,(6,10),(((20,(4,7)),(((14,3),(12,(18,15))),(16,(9,(13,5))))),(2,(1,((19,8),11)))));

STEP 6 [3sECR_ClassicHeuristic_RF -> NNI_Substep_5] - Distance: 15.0000
(17,(6,10),(((20,(4,7)),(((14,3),(12,(18,15))),(16,(9,(13,5))))),(2,((1,(19,8)),11))));

STEP 7 [3sECR_ClassicHeuristic_RF -> NNI_Substep_6] - Distance: 14.0000
(17,(6,10),(((20,(4,7)),(((14,3),(12,(18,15))),(16,(9,(13,5))))),((2,11),(1,(19,8)))));

STEP 8 [uSPR_ClassicHeuristic_RF -> NNI_Substep_1] - Distance: 14.0000
(6,10,(((20,(4,7)),(((14,3),(12,(18,15))),(16,(9,(13,5))))),(((2,11),(1,(19,8))),17)));

STEP 9 [uSPR_ClassicHeuristic_RF -> NNI_Substep_2] - Distance: 14.0000
(6,10,(((20,(4,7)),(((14,3),(12,(18,15))),(16,(9,(13,5))))),((2,11),((1,(19,8)),17))));

STEP 10 [uSPR_ClassicHeuristic_RF -> NNI_Substep_3] - Distance: 13.0000
(6,10,(((20,(4,7)),(((14,3),(12,(18,15))),(16,(9,(13,5))))),((2,11),((1,17),(19,8)))));

STEP 11 [uSPR_ClassicHeuristic_RF -> NNI_Substep_4] - Distance: 13.0000
(6,10,(((20,(4,7)),(((14,3),(12,(18,15))),((16,(13,5)),9))),((2,11),((1,17),(19,8)))));

STEP 12 [uSPR_ClassicHeuristic_RF -> NNI_Substep_5] - Distance: 13.0000
(6,10,(((20,(4,7)),((((14,3),(12,(18,15))),(16,(13,5))),9)),((2,11),((1,17),(19,8)))));

STEP 13 [uSPR_ClassicHeuristic_RF -> NNI_Substep_6] - Distance: 13.0000
(6,10,((((20,(4,7)),(((14,3),(12,(18,15))),(16,(13,5)))),9),((2,11),((1,17),(19,8)))));

STEP 14 [uSPR_ClassicHeuristic_RF -> NNI_Substep_7] - Distance: 12.0000
(6,10,((((20,(4,7)),(((14,3),(12,(18,15))),(16,(13,5)))),((2,11),((1,17),(19,8)))),9));

STEP 15 [uSPR_ClassicHeuristic_RF -> NNI_Substep_8] - Distance: 12.0000
(6,10,((((20,(4,7)),(((12,(18,15)),(16,(13,5))),(14,3))),((2,11),((1,17),(19,8)))),9));

STEP 16 [uSPR_ClassicHeuristic_RF -> NNI_Substep_9] - Distance: 12.0000
(6,10,(((((20,(4,7)),((12,(18,15)),(16,(13,5)))),(14,3)),((2,11),((1,17),(19,8)))),9));

STEP 17 [uSPR_ClassicHeuristic_RF -> NNI_Substep_10] - Distance: 12.0000
(6,10,(((((20,(4,7)),((12,(18,15)),(16,(13,5)))),((2,11),((1,17),(19,8)))),(14,3)),9));

STEP 18 [uSPR_ClassicHeuristic_RF -> NNI_Substep_11] - Distance: 12.0000
(6,10,((((20,(4,7)),((12,(18,15)),(16,(13,5)))),(((2,11),((1,17),(19,8))),(14,3))),9));

STEP 19 [uSPR_ClassicHeuristic_RF -> NNI_Substep_12] - Distance: 11.0000
(6,10,((((20,(4,7)),((12,(18,15)),(16,(13,5)))),(((2,11),(14,3)),((1,17),(19,8)))),9));

STEP 20 [uSPR_ClassicHeuristic_RF -> NNI_Substep_13] - Distance: 10.0000
(6,10,(((((20,(4,7)),((12,(18,15)),(16,(13,5)))),((1,17),(19,8))),((2,11),(14,3))),9));

STEP 21 [uSPR_ClassicHeuristic_RF -> NNI_Substep_14] - Distance: 10.0000
(6,10,((((((20,(4,7)),((12,(18,15)),(16,(13,5)))),(19,8)),(1,17)),((2,11),(14,3))),9));

STEP 22 [uSPR_ClassicHeuristic_RF -> NNI_Substep_15] - Distance: 10.0000
(6,10,((((((20,(4,7)),((12,(18,15)),(16,(13,5)))),(1,17)),(19,8)),((2,11),(14,3))),9));

STEP 23 [uSPR_ClassicHeuristic_RF -> NNI_Substep_16] - Distance: 10.0000
(6,10,(((((((12,(18,15)),(16,(13,5))),(1,17)),(20,(4,7))),(19,8)),((2,11),(14,3))),9));

STEP 24 [uSPR_ClassicHeuristic_RF -> NNI_Substep_17] - Distance: 10.0000
(6,10,(((((20,(4,7)),((12,(18,15)),((16,(13,5)),(1,17)))),(19,8)),((2,11),(14,3))),9));

STEP 25 [uSPR_ClassicHeuristic_RF -> NNI_Substep_18] - Distance: 9.0000
(6,10,(((((20,(4,7)),((12,(18,15)),((16,(1,17)),(13,5)))),(19,8)),((2,11),(14,3))),9));

STEP 26 [uSPR_ClassicHeuristic_RF -> NNI_Substep_19] - Distance: 9.0000
(6,10,((((((20,4),7),((12,(18,15)),((16,(1,17)),(13,5)))),(19,8)),((2,11),(14,3))),9));

STEP 27 [uSPR_ClassicHeuristic_RF -> NNI_Substep_20] - Distance: 9.0000
(6,10,((((((20,4),((12,(18,15)),((16,(1,17)),(13,5)))),7),(19,8)),((2,11),(14,3))),9));

STEP 28 [uSPR_ClassicHeuristic_RF -> NNI_Substep_21] - Distance: 9.0000
(6,10,((((((20,4),((12,(18,15)),((16,(1,17)),(13,5)))),(19,8)),7),((2,11),(14,3))),9));

STEP 29 [uSPR_ClassicHeuristic_RF -> NNI_Substep_22] - Distance: 9.0000
(6,10,(((((20,4),((12,(18,15)),((16,(1,17)),(13,5)))),((19,8),7)),((2,11),(14,3))),9));

STEP 30 [uSPR_ClassicHeuristic_RF -> NNI_Substep_23] - Distance: 8.0000
(6,10,(((((20,4),((12,(18,15)),((16,(1,17)),(13,5)))),(19,(8,7))),((2,11),(14,3))),9));

STEP 31 [uSPR_ClassicHeuristic_RF -> NNI_Substep_24] - Distance: 8.0000
(6,10,(((((20,((12,(18,15)),((16,(1,17)),(13,5)))),4),(19,(8,7))),((2,11),(14,3))),9));

STEP 32 [uSPR_ClassicHeuristic_RF -> NNI_Substep_25] - Distance: 8.0000
(6,10,(((((((12,(18,15)),((16,(1,17)),(13,5))),4),20),(19,(8,7))),((2,11),(14,3))),9));

STEP 33 [uSPR_ClassicHeuristic_RF -> NNI_Substep_26] - Distance: 8.0000
(6,10,(((((((12,(18,15)),4),((16,(1,17)),(13,5))),20),(19,(8,7))),((2,11),(14,3))),9));

STEP 34 [uSPR_ClassicHeuristic_RF -> NNI_Substep_27] - Distance: 8.0000
(6,10,((((20,((12,((18,15),4)),((16,(1,17)),(13,5)))),(19,(8,7))),((2,11),(14,3))),9));

STEP 35 [uSPR_ClassicHeuristic_RF -> NNI_Substep_28] - Distance: 7.0000
(6,10,((((20,((12,(18,(15,4))),((16,(1,17)),(13,5)))),(19,(8,7))),((2,11),(14,3))),9));

STEP 36 [uSPR_ClassicHeuristic_RF -> NNI_Substep_29] - Distance: 7.0000
(6,10,((((20,(((12,18),(15,4)),((16,(1,17)),(13,5)))),(19,(8,7))),((2,11),(14,3))),9));

STEP 37 [uSPR_ClassicHeuristic_RF -> NNI_Substep_30] - Distance: 7.0000
(6,10,((((20,(((12,18),((16,(1,17)),(13,5))),(15,4))),(19,(8,7))),((2,11),(14,3))),9));

STEP 38 [uSPR_ClassicHeuristic_RF -> NNI_Substep_31] - Distance: 6.0000
(6,10,((((20,((12,18),(((16,(1,17)),(13,5)),(15,4)))),(19,(8,7))),((2,11),(14,3))),9));

STEP 39 [uSPR_ClassicHeuristic_RF -> NNI_Substep_32] - Distance: 5.0000
(6,10,((((20,((12,18),(((16,(1,17)),(15,4)),(13,5)))),(19,(8,7))),((2,11),(14,3))),9));

STEP 40 [uSPR_ClassicHeuristic_RF -> NNI_Substep_33] - Distance: 4.0000
(6,10,(((((20,(((16,(1,17)),(15,4)),(13,5))),(12,18)),(19,(8,7))),((2,11),(14,3))),9));

STEP 41 [uSPR_ClassicHeuristic_RF -> NNI_Substep_34] - Distance: 4.0000
(6,10,(((((20,(((16,(1,17)),(15,4)),(13,5))),(19,(8,7))),(12,18)),((2,11),(14,3))),9));

STEP 42 [uSPR_ClassicHeuristic_RF -> NNI_Substep_35] - Distance: 3.0000
(6,10,((((20,(((16,(1,17)),(15,4)),(13,5))),((19,(8,7)),(12,18))),((2,11),(14,3))),9));

STEP 43 [uSPR_ClassicHeuristic_RF -> NNI_Substep_36] - Distance: 2.0000
(6,10,((((20,((((16,(1,17)),(15,4)),13),5)),((19,(8,7)),(12,18))),((2,11),(14,3))),9));

STEP 44 [uSPR_ClassicHeuristic_RF -> NNI_Substep_37] - Distance: 2.0000
(6,10,((((20,((((16,(1,17)),(15,4)),13),5)),(((8,7),(12,18)),19)),((2,11),(14,3))),9));

STEP 45 [uSPR_ClassicHeuristic_RF -> NNI_Substep_38] - Distance: 2.0000
(6,10,((((20,((((16,(1,17)),(15,4)),13),5)),(((12,18),19),(8,7))),((2,11),(14,3))),9));

STEP 46 [uSPR_ClassicHeuristic_RF -> NNI_Substep_39] - Distance: 1.0000
(6,10,((((20,((((16,(1,17)),(15,4)),13),5)),(((18,19),12),(8,7))),((2,11),(14,3))),9));

STEP 47 [uSPR_ClassicHeuristic_RF -> NNI_Substep_40] - Distance: 0.0000
(6,10,((((20,((((16,(1,17)),(15,4)),13),5)),((12,(8,7)),(18,19))),((2,11),(14,3))),9));

========================================================
[FINAL] Total Steps: 47 | Final Distance: 0.0000
========================================================
