========================================================
HEURISTIC TRAJECTORY: VND Classic (MP_RF)
========================================================
STEP 0 [START] - Distance: 132.0000
(((4,1),(2,16)),(((5,((18,14),(11,6))),(15,19)),(20,((13,(12,7)),(9,(8,(3,(10,17))))))));

STEP 1 [NNI_ClassicHeuristic_MP_RF -> NNI_Substep_1] - Distance: 129.0000
(((4,1),(2,16)),(((5,((18,14),(11,6))),(15,19)),(20,(((9,(8,(3,(10,17)))),(12,7)),13))));

STEP 2 [NNI_ClassicHeuristic_MP_RF -> NNI_Substep_2] - Distance: 122.0000
((20,(((9,(8,(3,(10,17)))),(12,7)),13)),((((4,1),(2,16)),(15,19)),(5,((18,14),(11,6)))));

STEP 3 [NNI_ClassicHeuristic_MP_RF -> NNI_Substep_3] - Distance: 120.0000
((20,(((9,(8,(3,(10,17)))),(12,7)),13)),(((18,14),(11,6)),(5,(((4,1),(2,16)),(15,19)))));

STEP 4 [NNI_ClassicHeuristic_MP_RF -> NNI_Substep_4] - Distance: 118.0000
((20,(((9,(8,(3,(10,17)))),(12,7)),13)),(((18,14),(11,6)),(((4,1),(2,16)),(5,(15,19)))));

STEP 5 [NNI_ClassicHeuristic_MP_RF -> NNI_Substep_5] - Distance: 106.0000
((13,(((9,(8,(3,(10,17)))),(12,7)),20)),(((18,14),(11,6)),(((4,1),(2,16)),(5,(15,19)))));

STEP 6 [TBR_ClassicHeuristic_MP_RF -> NNI_Substep_1] - Distance: 106.0000
(((((18,14),(11,6)),((((4,1),16),2),(5,(15,19)))),(((9,(8,(3,(10,17)))),(12,7)),20)),13);

STEP 7 [TBR_ClassicHeuristic_MP_RF -> NNI_Substep_2] - Distance: 106.0000
(((((18,14),(11,6)),((((4,1),16),(5,(15,19))),2)),(((9,(8,(3,(10,17)))),(12,7)),20)),13);

STEP 8 [TBR_ClassicHeuristic_MP_RF -> NNI_Substep_3] - Distance: 106.0000
((((((18,14),(11,6)),(((4,1),16),(5,(15,19)))),2),(((9,(8,(3,(10,17)))),(12,7)),20)),13);

STEP 9 [TBR_ClassicHeuristic_MP_RF -> NNI_Substep_4] - Distance: 100.0000
((((((18,14),(11,6)),2),(((4,1),16),(5,(15,19)))),(((9,(8,(3,(10,17)))),(12,7)),20)),13);

STEP 10 [TBR_ClassicHeuristic_MP_RF -> NNI_Substep_5] - Distance: 99.0000
((((((18,14),2),(11,6)),(((4,1),16),(5,(15,19)))),(((9,(8,(3,(10,17)))),(12,7)),20)),13);

STEP 11 [TBR_ClassicHeuristic_MP_RF -> NNI_Substep_6] - Distance: 98.0000
(((((18,(14,2)),(11,6)),(((4,1),16),(5,(15,19)))),(((9,(8,(3,(10,17)))),(12,7)),20)),13);

STEP 12 [TBR_ClassicHeuristic_MP_RF -> NNI_Substep_7] - Distance: 98.0000
(((((18,(14,2)),(11,6)),(((4,1),16),(5,(15,19)))),((((9,(8,(3,(10,17)))),12),7),20)),13);

STEP 13 [TBR_ClassicHeuristic_MP_RF -> NNI_Substep_8] - Distance: 98.0000
(((((18,(14,2)),(11,6)),(((4,1),16),(5,(15,19)))),((((9,(8,(3,(10,17)))),12),20),7)),13);

STEP 14 [TBR_ClassicHeuristic_MP_RF -> NNI_Substep_9] - Distance: 98.0000
((((((18,(14,2)),(11,6)),(((4,1),16),(5,(15,19)))),(((9,(8,(3,(10,17)))),12),20)),7),13);

STEP 15 [TBR_ClassicHeuristic_MP_RF -> NNI_Substep_10] - Distance: 95.0000
((((((18,(14,2)),(11,6)),(((4,1),16),(5,(15,19)))),7),(((9,(8,(3,(10,17)))),12),20)),13);

STEP 16 [TBR_ClassicHeuristic_MP_RF -> NNI_Substep_11] - Distance: 89.0000
((((((18,(14,2)),(11,6)),7),(((4,1),16),(5,(15,19)))),(((9,(8,(3,(10,17)))),12),20)),13);

STEP 17 [TBR_ClassicHeuristic_MP_RF -> NNI_Substep_12] - Distance: 86.0000
(((((18,(14,2)),((11,6),7)),(((4,1),16),(5,(15,19)))),(((9,(8,(3,(10,17)))),12),20)),13);

STEP 18 [TBR_ClassicHeuristic_MP_RF -> NNI_Substep_13] - Distance: 86.0000
(((((18,(14,2)),(11,(6,7))),(((4,1),16),(5,(15,19)))),(((9,(8,(3,(10,17)))),12),20)),13);

STEP 19 [TBR_ClassicHeuristic_MP_RF -> NNI_Substep_14] - Distance: 86.0000
(((((18,(14,2)),(11,(6,7))),(((4,1),16),(5,(15,19)))),(((9,(8,((3,17),10))),12),20)),13);

STEP 20 [TBR_ClassicHeuristic_MP_RF -> NNI_Substep_15] - Distance: 86.0000
(((((18,(14,2)),(11,(6,7))),(((4,1),16),(5,(15,19)))),(((9,((8,(3,17)),10)),12),20)),13);

STEP 21 [TBR_ClassicHeuristic_MP_RF -> NNI_Substep_16] - Distance: 86.0000
(((((18,(14,2)),(11,(6,7))),(((4,1),16),(5,(15,19)))),((((9,(8,(3,17))),10),12),20)),13);

STEP 22 [TBR_ClassicHeuristic_MP_RF -> NNI_Substep_17] - Distance: 86.0000
(((((18,(14,2)),(11,(6,7))),(((4,1),16),(5,(15,19)))),((((9,(8,(3,17))),12),10),20)),13);

STEP 23 [TBR_ClassicHeuristic_MP_RF -> NNI_Substep_18] - Distance: 86.0000
(((((18,(14,2)),(11,(6,7))),(((4,1),16),(5,(15,19)))),((((9,(8,(3,17))),12),20),10)),13);

STEP 24 [TBR_ClassicHeuristic_MP_RF -> NNI_Substep_19] - Distance: 84.0000
((((((18,(14,2)),(11,(6,7))),(((4,1),16),(5,(15,19)))),(((9,(8,(3,17))),12),20)),10),13);

STEP 25 [TBR_ClassicHeuristic_MP_RF -> NNI_Substep_20] - Distance: 81.0000
((((((18,(14,2)),(11,(6,7))),(((4,1),16),(5,(15,19)))),10),(((9,(8,(3,17))),12),20)),13);

STEP 26 [TBR_ClassicHeuristic_MP_RF -> NNI_Substep_21] - Distance: 75.0000
((((((18,(14,2)),(11,(6,7))),10),(((4,1),16),(5,(15,19)))),(((9,(8,(3,17))),12),20)),13);

STEP 27 [TBR_ClassicHeuristic_MP_RF -> NNI_Substep_22] - Distance: 72.0000
(((((18,(14,2)),((11,(6,7)),10)),(((4,1),16),(5,(15,19)))),(((9,(8,(3,17))),12),20)),13);

STEP 28 [TBR_ClassicHeuristic_MP_RF -> NNI_Substep_23] - Distance: 72.0000
(((((18,(14,2)),(11,((6,7),10))),(((4,1),16),(5,(15,19)))),(((9,(8,(3,17))),12),20)),13);

STEP 29 [TBR_ClassicHeuristic_MP_RF -> NNI_Substep_24] - Distance: 72.0000
((((((18,(14,2)),((6,7),10)),11),(((4,1),16),(5,(15,19)))),(((9,(8,(3,17))),12),20)),13);

STEP 30 [TBR_ClassicHeuristic_MP_RF -> NNI_Substep_25] - Distance: 71.0000
((((((18,(14,2)),((6,7),10)),(((4,1),16),(5,(15,19)))),11),(((9,(8,(3,17))),12),20)),13);

STEP 31 [TBR_ClassicHeuristic_MP_RF -> NNI_Substep_26] - Distance: 65.0000
(((((18,(14,2)),((6,7),10)),((((4,1),16),(5,(15,19))),11)),(((9,(8,(3,17))),12),20)),13);

STEP 32 [TBR_ClassicHeuristic_MP_RF -> NNI_Substep_27] - Distance: 64.0000
(((((18,(14,2)),((6,7),10)),((((4,1),16),11),(5,(15,19)))),(((9,(8,(3,17))),12),20)),13);

STEP 33 [TBR_ClassicHeuristic_MP_RF -> NNI_Substep_28] - Distance: 64.0000
(((((18,(14,2)),((6,7),10)),((((4,1),11),16),(5,(15,19)))),(((9,(8,(3,17))),12),20)),13);

STEP 34 [TBR_ClassicHeuristic_MP_RF -> NNI_Substep_29] - Distance: 64.0000
(((((18,(14,2)),((6,7),10)),((((4,11),1),16),(5,(15,19)))),(((9,(8,(3,17))),12),20)),13);

STEP 35 [TBR_ClassicHeuristic_MP_RF -> NNI_Substep_30] - Distance: 64.0000
(((((18,(14,2)),((6,7),10)),((((4,11),1),16),(5,(15,19)))),(((9,((8,17),3)),12),20)),13);

STEP 36 [TBR_ClassicHeuristic_MP_RF -> NNI_Substep_31] - Distance: 64.0000
(((((18,(14,2)),((6,7),10)),((((4,11),1),16),(5,(15,19)))),((((9,(8,17)),3),12),20)),13);

STEP 37 [TBR_ClassicHeuristic_MP_RF -> NNI_Substep_32] - Distance: 64.0000
(((((18,(14,2)),((6,7),10)),((((4,11),1),16),(5,(15,19)))),((((9,(8,17)),12),3),20)),13);

STEP 38 [TBR_ClassicHeuristic_MP_RF -> NNI_Substep_33] - Distance: 64.0000
(((((18,(14,2)),((6,7),10)),((((4,11),1),16),(5,(15,19)))),((((9,(8,17)),12),20),3)),13);

STEP 39 [TBR_ClassicHeuristic_MP_RF -> NNI_Substep_34] - Distance: 62.0000
((((((18,(14,2)),((6,7),10)),((((4,11),1),16),(5,(15,19)))),(((9,(8,17)),12),20)),3),13);

STEP 40 [TBR_ClassicHeuristic_MP_RF -> NNI_Substep_35] - Distance: 60.0000
((((((18,(14,2)),((6,7),10)),((((4,11),1),16),(5,(15,19)))),3),(((9,(8,17)),12),20)),13);

STEP 41 [TBR_ClassicHeuristic_MP_RF -> NNI_Substep_36] - Distance: 54.0000
(((((18,(14,2)),((6,7),10)),(((((4,11),1),16),(5,(15,19))),3)),(((9,(8,17)),12),20)),13);

STEP 42 [TBR_ClassicHeuristic_MP_RF -> NNI_Substep_37] - Distance: 52.0000
(((((18,(14,2)),((6,7),10)),(((((4,11),1),16),3),(5,(15,19)))),(((9,(8,17)),12),20)),13);

STEP 43 [TBR_ClassicHeuristic_MP_RF -> NNI_Substep_38] - Distance: 51.0000
(((((18,(14,2)),((6,7),10)),((((4,11),1),(16,3)),(5,(15,19)))),(((9,(8,17)),12),20)),13);

STEP 44 [TBR_ClassicHeuristic_MP_RF -> NNI_Substep_39] - Distance: 51.0000
(((((18,(14,2)),((6,7),10)),((((4,11),1),(16,3)),(5,(15,19)))),((((9,8),17),12),20)),13);

STEP 45 [TBR_ClassicHeuristic_MP_RF -> NNI_Substep_40] - Distance: 51.0000
(((((18,(14,2)),((6,7),10)),((((4,11),1),(16,3)),(5,(15,19)))),((((9,8),12),17),20)),13);

STEP 46 [TBR_ClassicHeuristic_MP_RF -> NNI_Substep_41] - Distance: 51.0000
(((((18,(14,2)),((6,7),10)),((((4,11),1),(16,3)),(5,(15,19)))),((((9,8),12),20),17)),13);

STEP 47 [TBR_ClassicHeuristic_MP_RF -> NNI_Substep_42] - Distance: 50.0000
((((((18,(14,2)),((6,7),10)),((((4,11),1),(16,3)),(5,(15,19)))),(((9,8),12),20)),17),13);

STEP 48 [TBR_ClassicHeuristic_MP_RF -> NNI_Substep_43] - Distance: 47.0000
((((((18,(14,2)),((6,7),10)),((((4,11),1),(16,3)),(5,(15,19)))),17),(((9,8),12),20)),13);

STEP 49 [TBR_ClassicHeuristic_MP_RF -> NNI_Substep_44] - Distance: 41.0000
(((((18,(14,2)),((6,7),10)),(((((4,11),1),(16,3)),(5,(15,19))),17)),(((9,8),12),20)),13);

STEP 50 [TBR_ClassicHeuristic_MP_RF -> NNI_Substep_45] - Distance: 39.0000
(((((18,(14,2)),((6,7),10)),(((((4,11),1),(16,3)),17),(5,(15,19)))),(((9,8),12),20)),13);

STEP 51 [TBR_ClassicHeuristic_MP_RF -> NNI_Substep_46] - Distance: 37.0000
(((((18,(14,2)),((6,7),10)),(((((4,11),1),17),(16,3)),(5,(15,19)))),(((9,8),12),20)),13);

STEP 52 [TBR_ClassicHeuristic_MP_RF -> NNI_Substep_47] - Distance: 37.0000
(((((18,(14,2)),((6,7),10)),((((4,11),(1,17)),(16,3)),(5,(15,19)))),(((9,8),12),20)),13);

STEP 53 [TBR_ClassicHeuristic_MP_RF -> NNI_Substep_48] - Distance: 37.0000
(((((18,(14,2)),((6,7),10)),((((4,11),(1,17)),(16,3)),(5,(15,19)))),(((9,8),20),12)),13);

STEP 54 [TBR_ClassicHeuristic_MP_RF -> NNI_Substep_49] - Distance: 33.0000
((((((18,(14,2)),((6,7),10)),((((4,11),(1,17)),(16,3)),(5,(15,19)))),((9,8),20)),12),13);

STEP 55 [TBR_ClassicHeuristic_MP_RF -> NNI_Substep_50] - Distance: 30.0000
((((((18,(14,2)),((6,7),10)),((((4,11),(1,17)),(16,3)),(5,(15,19)))),12),((9,8),20)),13);

STEP 56 [TBR_ClassicHeuristic_MP_RF -> NNI_Substep_51] - Distance: 24.0000
(((((18,(14,2)),((6,7),10)),(((((4,11),(1,17)),(16,3)),(5,(15,19))),12)),((9,8),20)),13);

STEP 57 [TBR_ClassicHeuristic_MP_RF -> NNI_Substep_52] - Distance: 22.0000
(((((18,(14,2)),((6,7),10)),((((4,11),(1,17)),(16,3)),((5,(15,19)),12))),((9,8),20)),13);

STEP 58 [TBR_ClassicHeuristic_MP_RF -> NNI_Substep_53] - Distance: 22.0000
(((((18,(14,2)),((6,7),10)),((((1,17),(16,3)),(4,11)),((5,(15,19)),12))),((9,8),20)),13);

STEP 59 [TBR_ClassicHeuristic_MP_RF -> NNI_Substep_54] - Distance: 22.0000
(((((18,(14,2)),((6,7),10)),((((1,17),(16,3)),((5,(15,19)),12)),(4,11))),((9,8),20)),13);

STEP 60 [TBR_ClassicHeuristic_MP_RF -> NNI_Substep_55] - Distance: 14.0000
(((((18,(14,2)),((6,7),10)),(((1,17),(16,3)),(((5,(15,19)),12),(4,11)))),((9,8),20)),13);

STEP 61 [TBR_ClassicHeuristic_MP_RF -> NNI_Substep_56] - Distance: 12.0000
(((((18,(14,2)),((6,7),10)),(((1,17),(16,3)),(((5,(15,19)),(4,11)),12))),((9,8),20)),13);

STEP 62 [TBR_ClassicHeuristic_MP_RF -> NNI_Substep_57] - Distance: 10.0000
(((((18,(14,2)),((6,7),10)),(((1,17),(16,3)),(((5,(4,11)),(15,19)),12))),((9,8),20)),13);

STEP 63 [TBR_ClassicHeuristic_MP_RF -> NNI_Substep_58] - Distance: 10.0000
(((((18,(14,2)),((6,7),10)),(((1,17),(16,3)),((((5,(4,11)),19),15),12))),((9,8),20)),13);

STEP 64 [TBR_ClassicHeuristic_MP_RF -> NNI_Substep_59] - Distance: 10.0000
(((((18,(14,2)),((6,7),10)),(((1,17),(16,3)),((((5,(4,11)),19),12),15))),((9,8),20)),13);

STEP 65 [TBR_ClassicHeuristic_MP_RF -> NNI_Substep_60] - Distance: 8.0000
(((((18,(14,2)),((6,7),10)),((((1,17),(16,3)),(((5,(4,11)),19),12)),15)),((9,8),20)),13);

STEP 66 [TBR_ClassicHeuristic_MP_RF -> NNI_Substep_61] - Distance: 3.0000
(((((18,(14,2)),((6,7),10)),((((1,17),(16,3)),15),(((5,(4,11)),19),12))),((9,8),20)),13);

STEP 67 [TBR_ClassicHeuristic_MP_RF -> NNI_Substep_62] - Distance: 1.0000
(((((18,(14,2)),((6,7),10)),((((1,17),15),(16,3)),(((5,(4,11)),19),12))),((9,8),20)),13);

STEP 68 [TBR_ClassicHeuristic_MP_RF -> NNI_Substep_63] - Distance: 0.0000
(((((18,(14,2)),((6,7),10)),((((1,17),15),(16,3)),(((5,(4,11)),19),12))),(9,(8,20))),13);

========================================================
[FINAL] Total Steps: 68 | Final Distance: 0.0000
========================================================
