========================================================
HEURISTIC TRAJECTORY: VND Classic (RFC)
========================================================
STEP 0 [START] - Distance: 17.0000
((((5,(4,(12,13))),(18,((19,(11,15)),(14,(20,9))))),((17,8),(10,1))),((2,(3,16)),(7,6)));

STEP 1 [NNI_ClassicHeuristic_RFC] - Distance: 16.0000
((((5,(4,(12,13))),(18,((19,(11,15)),(14,(20,9))))),((17,8),(10,1))),((16,(3,2)),(7,6)));

STEP 2 [SPR_ClassicHeuristic_RFC -> NNI_Substep_1] - Distance: 16.0000
(((((4,(12,13)),(18,((19,(11,15)),(14,(20,9))))),5),((17,8),(10,1))),((16,(3,2)),(7,6)));

STEP 3 [SPR_ClassicHeuristic_RFC -> NNI_Substep_2] - Distance: 16.0000
((((4,(12,13)),((18,((19,(11,15)),(14,(20,9)))),5)),((17,8),(10,1))),((16,(3,2)),(7,6)));

STEP 4 [SPR_ClassicHeuristic_RFC -> NNI_Substep_3] - Distance: 16.0000
((((4,(12,13)),(18,(((19,(11,15)),(14,(20,9))),5))),((17,8),(10,1))),((16,(3,2)),(7,6)));

STEP 5 [SPR_ClassicHeuristic_RFC -> NNI_Substep_4] - Distance: 16.0000
((((4,(12,13)),(18,(((19,(11,15)),5),(14,(20,9))))),((17,8),(10,1))),((16,(3,2)),(7,6)));

STEP 6 [SPR_ClassicHeuristic_RFC -> NNI_Substep_5] - Distance: 15.0000
((((4,(12,13)),(18,(((19,5),(11,15)),(14,(20,9))))),((17,8),(10,1))),((16,(3,2)),(7,6)));

STEP 7 [SPR_ClassicHeuristic_RFC -> NNI_Substep_6] - Distance: 15.0000
((((4,(12,13)),(18,((((19,5),15),11),(14,(20,9))))),((17,8),(10,1))),((16,(3,2)),(7,6)));

STEP 8 [SPR_ClassicHeuristic_RFC -> NNI_Substep_7] - Distance: 15.0000
((((4,(12,13)),(18,((((19,5),15),(14,(20,9))),11))),((17,8),(10,1))),((16,(3,2)),(7,6)));

STEP 9 [SPR_ClassicHeuristic_RFC -> NNI_Substep_8] - Distance: 15.0000
((((4,(12,13)),(18,(((19,5),15),((14,(20,9)),11)))),((17,8),(10,1))),((16,(3,2)),(7,6)));

STEP 10 [SPR_ClassicHeuristic_RFC -> NNI_Substep_9] - Distance: 15.0000
((((4,(12,13)),(18,(((19,5),15),(14,((20,9),11))))),((17,8),(10,1))),((16,(3,2)),(7,6)));

STEP 11 [SPR_ClassicHeuristic_RFC -> NNI_Substep_10] - Distance: 14.0000
((((4,(12,13)),(18,(((19,5),15),(14,(20,(9,11)))))),((17,8),(10,1))),((16,(3,2)),(7,6)));

STEP 12 [SPR_ClassicHeuristic_RFC -> NNI_Substep_11] - Distance: 14.0000
(((((12,13),(18,(((19,5),15),(14,(20,(9,11)))))),4),((17,8),(10,1))),((16,(3,2)),(7,6)));

STEP 13 [SPR_ClassicHeuristic_RFC -> NNI_Substep_12] - Distance: 14.0000
((((12,13),((18,(((19,5),15),(14,(20,(9,11))))),4)),((17,8),(10,1))),((16,(3,2)),(7,6)));

STEP 14 [SPR_ClassicHeuristic_RFC -> NNI_Substep_13] - Distance: 14.0000
((((12,13),(18,((((19,5),15),(14,(20,(9,11)))),4))),((17,8),(10,1))),((16,(3,2)),(7,6)));

STEP 15 [SPR_ClassicHeuristic_RFC -> NNI_Substep_14] - Distance: 14.0000
((((12,13),(18,((((19,5),15),4),(14,(20,(9,11)))))),((17,8),(10,1))),((16,(3,2)),(7,6)));

STEP 16 [SPR_ClassicHeuristic_RFC -> NNI_Substep_15] - Distance: 13.0000
((((12,13),(18,(((19,5),(15,4)),(14,(20,(9,11)))))),((17,8),(10,1))),((16,(3,2)),(7,6)));

STEP 17 [SPR_ClassicHeuristic_RFC -> NNI_Substep_16] - Distance: 13.0000
((((12,13),(18,(((15,4),(14,(20,(9,11)))),(19,5)))),((17,8),(10,1))),((16,(3,2)),(7,6)));

STEP 18 [SPR_ClassicHeuristic_RFC -> NNI_Substep_17] - Distance: 13.0000
((((12,13),((18,((15,4),(14,(20,(9,11))))),(19,5))),((17,8),(10,1))),((16,(3,2)),(7,6)));

STEP 19 [SPR_ClassicHeuristic_RFC -> NNI_Substep_18] - Distance: 13.0000
(((((12,13),(18,((15,4),(14,(20,(9,11)))))),(19,5)),((17,8),(10,1))),((16,(3,2)),(7,6)));

STEP 20 [SPR_ClassicHeuristic_RFC -> NNI_Substep_19] - Distance: 13.0000
(((((12,13),(18,((15,4),(14,(20,(9,11)))))),((17,8),(10,1))),(19,5)),((16,(3,2)),(7,6)));

STEP 21 [SPR_ClassicHeuristic_RFC -> NNI_Substep_20] - Distance: 12.0000
(((((12,13),(18,((15,4),(14,(20,(9,11)))))),(((17,8),1),10)),((16,(3,2)),(7,6))),(19,5));

STEP 22 [SPR_ClassicHeuristic_RFC -> NNI_Substep_21] - Distance: 12.0000
((((((12,13),(18,((15,4),(14,(20,(9,11)))))),((17,8),1)),10),((16,(3,2)),(7,6))),(19,5));

STEP 23 [SPR_ClassicHeuristic_RFC -> NNI_Substep_22] - Distance: 11.0000
((((((12,13),(18,((15,4),(14,(20,(9,11)))))),((17,8),1)),((16,(3,2)),(7,6))),10),(19,5));

STEP 24 [SPR_ClassicHeuristic_RFC -> NNI_Substep_23] - Distance: 11.0000
((((((12,13),(18,((15,4),(14,(20,(9,11)))))),((17,8),1)),((16,(7,6)),(3,2))),10),(19,5));

STEP 25 [SPR_ClassicHeuristic_RFC -> NNI_Substep_24] - Distance: 10.0000
(((((((12,13),(18,((15,4),(14,(20,(9,11)))))),((17,8),1)),(16,(7,6))),(3,2)),10),(19,5));

STEP 26 [SPR_ClassicHeuristic_RFC -> NNI_Substep_25] - Distance: 10.0000
(((((((13,(18,((15,4),(14,(20,(9,11)))))),12),((17,8),1)),(16,(7,6))),(3,2)),10),(19,5));

STEP 27 [SPR_ClassicHeuristic_RFC -> NNI_Substep_26] - Distance: 10.0000
(((((((13,(18,((15,4),(14,(20,(9,11)))))),((17,8),1)),12),(16,(7,6))),(3,2)),10),(19,5));

STEP 28 [SPR_ClassicHeuristic_RFC -> NNI_Substep_27] - Distance: 10.0000
(((((((13,(18,((15,4),(14,(20,(9,11)))))),((17,8),1)),(16,(7,6))),12),(3,2)),10),(19,5));

STEP 29 [SPR_ClassicHeuristic_RFC -> NNI_Substep_28] - Distance: 10.0000
((((((13,(18,((15,4),(14,(20,(9,11)))))),((17,8),1)),((16,(7,6)),12)),(3,2)),10),(19,5));

STEP 30 [SPR_ClassicHeuristic_RFC -> NNI_Substep_29] - Distance: 10.0000
((((((13,(18,((15,4),(14,(20,(9,11)))))),((17,8),1)),(16,((7,6),12))),(3,2)),10),(19,5));

STEP 31 [SPR_ClassicHeuristic_RFC -> NNI_Substep_30] - Distance: 9.0000
((((((13,(18,((15,4),(14,(20,(9,11)))))),((17,8),1)),(16,((7,12),6))),(3,2)),10),(19,5));

STEP 32 [SPR_ClassicHeuristic_RFC -> NNI_Substep_31] - Distance: 9.0000
((((((13,(18,((15,4),((14,20),(9,11))))),((17,8),1)),(16,((7,12),6))),(3,2)),10),(19,5));

STEP 33 [SPR_ClassicHeuristic_RFC -> NNI_Substep_32] - Distance: 9.0000
((((((13,(18,(((15,4),(14,20)),(9,11)))),((17,8),1)),(16,((7,12),6))),(3,2)),10),(19,5));

STEP 34 [SPR_ClassicHeuristic_RFC -> NNI_Substep_33] - Distance: 9.0000
((((((13,((18,((15,4),(14,20))),(9,11))),((17,8),1)),(16,((7,12),6))),(3,2)),10),(19,5));

STEP 35 [SPR_ClassicHeuristic_RFC -> NNI_Substep_34] - Distance: 9.0000
(((((((13,(18,((15,4),(14,20)))),(9,11)),((17,8),1)),(16,((7,12),6))),(3,2)),10),(19,5));

STEP 36 [SPR_ClassicHeuristic_RFC -> NNI_Substep_35] - Distance: 8.0000
(((((((13,(9,11)),(18,((15,4),(14,20)))),((17,8),1)),(16,((7,12),6))),(3,2)),10),(19,5));

STEP 37 [SPR_ClassicHeuristic_RFC -> NNI_Substep_36] - Distance: 8.0000
(((((((18,((15,4),(14,20))),((17,8),1)),(13,(9,11))),(16,((7,12),6))),(3,2)),10),(19,5));

STEP 38 [SPR_ClassicHeuristic_RFC -> NNI_Substep_37] - Distance: 7.0000
(((((((18,((15,4),(14,20))),((17,8),1)),(16,((7,12),6))),(13,(9,11))),(3,2)),10),(19,5));

STEP 39 [SPR_ClassicHeuristic_RFC -> NNI_Substep_38] - Distance: 7.0000
(((((((18,(((15,4),14),20)),((17,8),1)),(16,((7,12),6))),(13,(9,11))),(3,2)),10),(19,5));

STEP 40 [SPR_ClassicHeuristic_RFC -> NNI_Substep_39] - Distance: 7.0000
((((((((18,((15,4),14)),20),((17,8),1)),(16,((7,12),6))),(13,(9,11))),(3,2)),10),(19,5));

STEP 41 [SPR_ClassicHeuristic_RFC -> NNI_Substep_40] - Distance: 7.0000
((((((((18,((15,4),14)),((17,8),1)),20),(16,((7,12),6))),(13,(9,11))),(3,2)),10),(19,5));

STEP 42 [SPR_ClassicHeuristic_RFC -> NNI_Substep_41] - Distance: 7.0000
((((((((18,((15,4),14)),((17,8),1)),(16,((7,12),6))),20),(13,(9,11))),(3,2)),10),(19,5));

STEP 43 [SPR_ClassicHeuristic_RFC -> NNI_Substep_42] - Distance: 7.0000
(((((((18,((15,4),14)),((17,8),1)),((16,((7,12),6)),20)),(13,(9,11))),(3,2)),10),(19,5));

STEP 44 [SPR_ClassicHeuristic_RFC -> NNI_Substep_43] - Distance: 7.0000
(((((((18,((15,4),14)),((17,8),1)),(16,(((7,12),6),20))),(13,(9,11))),(3,2)),10),(19,5));

STEP 45 [SPR_ClassicHeuristic_RFC -> NNI_Substep_44] - Distance: 6.0000
(((((((18,((15,4),14)),((17,8),1)),(16,((7,12),(6,20)))),(13,(9,11))),(3,2)),10),(19,5));

STEP 46 [SPR_ClassicHeuristic_RFC -> NNI_Substep_45] - Distance: 6.0000
(((((((18,((15,4),14)),((17,8),1)),((16,(7,12)),(6,20))),(13,(9,11))),(3,2)),10),(19,5));

STEP 47 [SPR_ClassicHeuristic_RFC -> NNI_Substep_46] - Distance: 6.0000
((((((((18,((15,4),14)),((17,8),1)),(16,(7,12))),(6,20)),(13,(9,11))),(3,2)),10),(19,5));

STEP 48 [SPR_ClassicHeuristic_RFC -> NNI_Substep_47] - Distance: 6.0000
((((((((18,((15,4),14)),((17,8),1)),(6,20)),(16,(7,12))),(13,(9,11))),(3,2)),10),(19,5));

STEP 49 [SPR_ClassicHeuristic_RFC -> NNI_Substep_48] - Distance: 6.0000
((((((((18,((15,4),14)),(6,20)),((17,8),1)),(16,(7,12))),(13,(9,11))),(3,2)),10),(19,5));

STEP 50 [SPR_ClassicHeuristic_RFC -> NNI_Substep_49] - Distance: 5.0000
((((((((18,(6,20)),((15,4),14)),((17,8),1)),(16,(7,12))),(13,(9,11))),(3,2)),10),(19,5));

STEP 51 [SPR_ClassicHeuristic_RFC -> NNI_Substep_50] - Distance: 4.0000
(((((((((18,(6,20)),(15,4)),14),((17,8),1)),(16,(7,12))),(13,(9,11))),(3,2)),10),(19,5));

STEP 52 [SPR_ClassicHeuristic_RFC -> NNI_Substep_51] - Distance: 4.0000
(((((((((18,(6,20)),(15,4)),((17,8),1)),14),(16,(7,12))),(13,(9,11))),(3,2)),10),(19,5));

STEP 53 [SPR_ClassicHeuristic_RFC -> NNI_Substep_52] - Distance: 4.0000
(((((((((18,(6,20)),(15,4)),((17,8),1)),(16,(7,12))),14),(13,(9,11))),(3,2)),10),(19,5));

STEP 54 [SPR_ClassicHeuristic_RFC -> NNI_Substep_53] - Distance: 3.0000
((((((((18,(6,20)),(15,4)),((17,8),1)),((16,(7,12)),14)),(13,(9,11))),(3,2)),10),(19,5));

STEP 55 [SPR_ClassicHeuristic_RFC -> NNI_Substep_54] - Distance: 2.0000
((((((((18,(6,20)),(15,4)),((17,8),1)),(16,((7,12),14))),(13,(9,11))),(3,2)),10),(19,5));

STEP 56 [SPR_ClassicHeuristic_RFC -> NNI_Substep_55] - Distance: 1.0000
(((((((((18,(6,20)),(15,4)),1),(17,8)),(16,((7,12),14))),(13,(9,11))),(3,2)),10),(19,5));

STEP 57 [SPR_ClassicHeuristic_RFC -> NNI_Substep_56] - Distance: 1.0000
(((((((((18,(6,20)),(15,4)),1),(16,((7,12),14))),(17,8)),(13,(9,11))),(3,2)),10),(19,5));

STEP 58 [SPR_ClassicHeuristic_RFC -> NNI_Substep_57] - Distance: 0.0000
((((((((18,(6,20)),(15,4)),1),((16,((7,12),14)),(17,8))),(13,(9,11))),(3,2)),10),(19,5));

========================================================
[FINAL] Total Steps: 58 | Final Distance: 0.0000
========================================================
