========================================================
HEURISTIC TRAJECTORY: VND Incremental (MS_RF)
========================================================
STEP 0 [START] - Distance: 65.0000
(6,((1,(3,5)),((20,(13,18)),(10,(14,15)))),(((4,(8,(11,16))),(17,2)),(19,(12,(7,9)))));

STEP 1 [NNI_IncrementalHeuristic_MS_RF -> NNI_Substep_1] - Distance: 63.0000
((1,(3,5)),(6,((20,(13,18)),(10,(14,15)))),(((4,(8,(11,16))),(17,2)),(19,(12,(7,9)))));

STEP 2 [NNI_IncrementalHeuristic_MS_RF -> NNI_Substep_2] - Distance: 61.0000
((1,(3,5)),(6,((20,(13,18)),(10,(14,15)))),(((19,(12,(7,9))),(17,2)),(4,(8,(11,16)))));

STEP 3 [NNI_IncrementalHeuristic_MS_RF -> NNI_Substep_3] - Distance: 60.0000
((1,(3,5)),(6,((20,(10,(14,15))),(13,18))),(((19,(12,(7,9))),(17,2)),(4,(8,(11,16)))));

STEP 4 [NNI_IncrementalHeuristic_MS_RF -> NNI_Substep_4] - Distance: 59.0000
((1,(3,5)),(6,(((14,15),(10,20)),(13,18))),(((19,(12,(7,9))),(17,2)),(4,(8,(11,16)))));

STEP 5 [NNI_IncrementalHeuristic_MS_RF -> NNI_Substep_5] - Distance: 58.0000
((1,(3,5)),(6,(((14,15),(10,20)),(13,18))),(((19,(17,2)),(12,(7,9))),(4,(8,(11,16)))));

STEP 6 [NNI_IncrementalHeuristic_MS_RF -> NNI_Substep_6] - Distance: 57.0000
((1,(3,5)),(6,(((14,15),(10,20)),(13,18))),(((4,(8,(11,16))),(12,(7,9))),(19,(17,2))));

STEP 7 [Heur. uSPR MS_RF -> NNI_Substep_1] - Distance: 57.0000
((1,(3,5)),(6,(((14,15),(10,20)),(13,18))),(((4,((8,11),16)),(12,(7,9))),(19,(17,2))));

STEP 8 [Heur. uSPR MS_RF -> NNI_Substep_2] - Distance: 57.0000
((1,(3,5)),(6,(((14,15),(10,20)),(13,18))),((((4,(8,11)),16),(12,(7,9))),(19,(17,2))));

STEP 9 [Heur. uSPR MS_RF -> NNI_Substep_3] - Distance: 57.0000
((1,(3,5)),(6,(((14,15),(10,20)),(13,18))),((((4,(8,11)),(12,(7,9))),16),(19,(17,2))));

STEP 10 [Heur. uSPR MS_RF -> NNI_Substep_4] - Distance: 57.0000
((1,(3,5)),(6,(((14,15),(10,20)),(13,18))),((((4,(8,11)),(12,(7,9))),(19,(17,2))),16));

STEP 11 [Heur. uSPR MS_RF -> NNI_Substep_5] - Distance: 57.0000
((1,(3,5)),((6,(((14,15),(10,20)),(13,18))),16),(((4,(8,11)),(12,(7,9))),(19,(17,2))));

STEP 12 [Heur. uSPR MS_RF -> NNI_Substep_6] - Distance: 55.0000
((1,(3,5)),(6,((((14,15),(10,20)),(13,18)),16)),(((4,(8,11)),(12,(7,9))),(19,(17,2))));

STEP 13 [Heur. uSPR MS_RF -> NNI_Substep_7] - Distance: 52.0000
((1,(3,5)),(6,((((14,15),(10,20)),16),(13,18))),(((4,(8,11)),(12,(7,9))),(19,(17,2))));

STEP 14 [Heur. uSPR MS_RF -> NNI_Substep_8] - Distance: 49.0000
((1,(3,5)),(6,(((14,15),((10,20),16)),(13,18))),(((4,(8,11)),(12,(7,9))),(19,(17,2))));

STEP 15 [Heur. uSPR MS_RF -> NNI_Substep_9] - Distance: 49.0000
((1,(3,5)),(6,(((14,15),(10,(20,16))),(13,18))),(((4,(8,11)),(12,(7,9))),(19,(17,2))));

STEP 16 [Heur. uSPR MS_RF -> NNI_Substep_10] - Distance: 50.0000
((1,(3,5)),(6,((((14,15),(20,16)),10),(13,18))),(((4,(8,11)),(12,(7,9))),(19,(17,2))));

STEP 17 [Heur. uSPR MS_RF -> NNI_Substep_11] - Distance: 51.0000
((1,(3,5)),(6,((((14,15),(20,16)),(13,18)),10)),(((4,(8,11)),(12,(7,9))),(19,(17,2))));

STEP 18 [Heur. uSPR MS_RF -> NNI_Substep_12] - Distance: 49.0000
((1,(3,5)),((6,(((14,15),(20,16)),(13,18))),10),(((4,(8,11)),(12,(7,9))),(19,(17,2))));

STEP 19 [Heur. uSPR MS_RF -> NNI_Substep_13] - Distance: 45.0000
(((1,(3,5)),10),(6,(((14,15),(20,16)),(13,18))),(((4,(8,11)),(12,(7,9))),(19,(17,2))));

STEP 20 [Heur. uSPR MS_RF -> NNI_Substep_14] - Distance: 43.0000
((1,((3,5),10)),(6,(((14,15),(20,16)),(13,18))),(((4,(8,11)),(12,(7,9))),(19,(17,2))));

STEP 21 [Heur. uSPR MS_RF -> NNI_Substep_15] - Distance: 41.0000
((1,(3,(5,10))),(6,(((14,15),(20,16)),(13,18))),(((4,(8,11)),(12,(7,9))),(19,(17,2))));

STEP 22 [Heur. uSPR MS_RF -> NNI_Substep_16] - Distance: 42.0000
((1,(3,(5,10))),(6,(((14,15),(20,16)),(13,18))),((((4,(8,11)),(12,(7,9))),(17,2)),19));

STEP 23 [Heur. uSPR MS_RF -> NNI_Substep_17] - Distance: 41.0000
((1,(3,(5,10))),((6,(((14,15),(20,16)),(13,18))),19),(((4,(8,11)),(12,(7,9))),(17,2)));

STEP 24 [Heur. uSPR MS_RF -> NNI_Substep_18] - Distance: 39.0000
((1,(3,(5,10))),(6,((((14,15),(20,16)),(13,18)),19)),(((4,(8,11)),(12,(7,9))),(17,2)));

STEP 25 [Heur. uSPR MS_RF -> NNI_Substep_19] - Distance: 36.0000
((1,(3,(5,10))),(6,((((14,15),(20,16)),19),(13,18))),(((4,(8,11)),(12,(7,9))),(17,2)));

STEP 26 [Heur. uSPR MS_RF -> NNI_Substep_20] - Distance: 33.0000
((1,(3,(5,10))),(6,(((14,15),((20,16),19)),(13,18))),(((4,(8,11)),(12,(7,9))),(17,2)));

STEP 27 [Heur. uSPR MS_RF -> NNI_Substep_21] - Distance: 37.0000
((1,(3,(5,10))),(6,((((14,15),((20,16),19)),13),18)),(((4,(8,11)),(12,(7,9))),(17,2)));

STEP 28 [Heur. uSPR MS_RF -> NNI_Substep_22] - Distance: 35.0000
((1,(3,(5,10))),((6,(((14,15),((20,16),19)),13)),18),(((4,(8,11)),(12,(7,9))),(17,2)));

STEP 29 [Heur. uSPR MS_RF -> NNI_Substep_23] - Distance: 32.0000
(((1,(3,(5,10))),18),(6,(((14,15),((20,16),19)),13)),(((4,(8,11)),(12,(7,9))),(17,2)));

STEP 30 [Heur. uSPR MS_RF -> NNI_Substep_24] - Distance: 30.0000
((1,((3,(5,10)),18)),(6,(((14,15),((20,16),19)),13)),(((4,(8,11)),(12,(7,9))),(17,2)));

STEP 31 [Heur. uSPR MS_RF -> NNI_Substep_25] - Distance: 27.0000
((1,((3,18),(5,10))),(6,(((14,15),((20,16),19)),13)),(((4,(8,11)),(12,(7,9))),(17,2)));

STEP 32 [Heur. uSPR MS_RF -> NNI_Substep_26] - Distance: 29.0000
((1,((3,18),(5,10))),(6,(((14,((20,16),19)),15),13)),(((4,(8,11)),(12,(7,9))),(17,2)));

STEP 33 [Heur. uSPR MS_RF -> NNI_Substep_27] - Distance: 29.0000
((1,((3,18),(5,10))),(6,(((14,((20,16),19)),13),15)),(((4,(8,11)),(12,(7,9))),(17,2)));

STEP 34 [Heur. uSPR MS_RF -> NNI_Substep_28] - Distance: 27.0000
((1,((3,18),(5,10))),((6,((14,((20,16),19)),13)),15),(((4,(8,11)),(12,(7,9))),(17,2)));

STEP 35 [Heur. uSPR MS_RF -> NNI_Substep_29] - Distance: 23.0000
((1,((3,18),(5,10))),(6,((14,((20,16),19)),13)),((((4,(8,11)),(12,(7,9))),(17,2)),15));

STEP 36 [Heur. uSPR MS_RF -> NNI_Substep_30] - Distance: 22.0000
((1,((3,18),(5,10))),(6,((14,((20,16),19)),13)),((((4,(8,11)),(12,(7,9))),15),(17,2)));

STEP 37 [Heur. uSPR MS_RF -> NNI_Substep_31] - Distance: 26.0000
((1,((3,18),(5,10))),(6,((14,((20,16),19)),13)),(((((4,(8,11)),(12,(7,9))),15),2),17));

STEP 38 [Heur. uSPR MS_RF -> NNI_Substep_32] - Distance: 21.0000
(((1,((3,18),(5,10))),17),(6,((14,((20,16),19)),13)),((((4,(8,11)),(12,(7,9))),15),2));

STEP 39 [Heur. uSPR MS_RF -> NNI_Substep_33] - Distance: 19.0000
((1,(((3,18),(5,10)),17)),(6,((14,((20,16),19)),13)),((((4,(8,11)),(12,(7,9))),15),2));

STEP 40 [Heur. uSPR MS_RF -> NNI_Substep_34] - Distance: 16.0000
((1,(((3,18),17),(5,10))),(6,((14,((20,16),19)),13)),((((4,(8,11)),(12,(7,9))),15),2));

STEP 41 [Heur. uSPR MS_RF -> NNI_Substep_35] - Distance: 16.0000
((1,(((3,18),17),(5,10))),(6,((14,((20,16),19)),13)),(((((8,11),(12,(7,9))),4),15),2));

STEP 42 [Heur. uSPR MS_RF -> NNI_Substep_36] - Distance: 16.0000
((1,(((3,18),17),(5,10))),(6,((14,((20,16),19)),13)),(((((8,11),(12,(7,9))),15),4),2));

STEP 43 [Heur. uSPR MS_RF -> NNI_Substep_37] - Distance: 14.0000
((1,(((3,18),17),(5,10))),(6,((14,((20,16),19)),13)),(((((8,11),(12,(7,9))),15),2),4));

STEP 44 [Heur. uSPR MS_RF -> NNI_Substep_38] - Distance: 19.0000
(((1,(((3,18),17),(5,10))),4),(6,((14,((20,16),19)),13)),((((8,11),(12,(7,9))),15),2));

STEP 45 [Heur. uSPR MS_RF -> NNI_Substep_39] - Distance: 17.0000
((1,((((3,18),17),(5,10)),4)),(6,((14,((20,16),19)),13)),((((8,11),(12,(7,9))),15),2));

STEP 46 [Heur. uSPR MS_RF -> NNI_Substep_40] - Distance: 19.0000
((1,((((3,18),17),(5,10)),4)),(6,((14,((20,16),19)),13)),((((8,11),((12,7),9)),15),2));

STEP 47 [Heur. uSPR MS_RF -> NNI_Substep_41] - Distance: 18.0000
((1,((((3,18),17),(5,10)),4)),(6,((14,((20,16),19)),13)),(((((8,11),(12,7)),9),15),2));

STEP 48 [Heur. uSPR MS_RF -> NNI_Substep_42] - Distance: 18.0000
((1,((((3,18),17),(5,10)),4)),(6,((14,((20,16),19)),13)),(((((8,11),(12,7)),15),9),2));

STEP 49 [Heur. uSPR MS_RF -> NNI_Substep_43] - Distance: 18.0000
((1,((((3,18),17),(5,10)),4)),(6,((14,((20,16),19)),13)),(((((8,11),(12,7)),15),2),9));

STEP 50 [Heur. uSPR MS_RF -> NNI_Substep_44] - Distance: 14.0000
((1,((((3,18),17),(5,10)),4)),(6,((14,((20,16),19)),13)),((((8,11),(12,7)),15),(2,9)));

STEP 51 [Heur. uSPR MS_RF -> NNI_Substep_45] - Distance: 7.0000
(((((3,18),17),(5,10)),4),(6,((14,((20,16),19)),13)),(((((8,11),(12,7)),15),(2,9)),1));

STEP 52 [Heur. uSPR MS_RF -> NNI_Substep_46] - Distance: 3.0000
(((((3,18),17),(5,10)),4),(6,((14,((20,16),19)),13)),(((15,(2,9)),((8,11),(12,7))),1));

STEP 53 [Heur. uSPR MS_RF -> NNI_Substep_47] - Distance: 0.0000
(((((3,18),17),(5,10)),4),(6,((14,((20,16),19)),13)),(((15,(2,9)),(((8,11),12),7)),1));

========================================================
[FINAL] Total Steps: 53 | Final Distance: 0.0000
========================================================
