========================================================
HEURISTIC TRAJECTORY: VND Incremental (MC)
========================================================
STEP 0 [START] - Distance: 68.0000
(((((15,13),(8,(17,6))),(19,9)),(((5,1),(11,((10,12),(18,20)))),(4,(3,(7,16))))),(14,2));

STEP 1 [NNI_IncrementalHeuristic_MC -> NNI_Substep_1] - Distance: 65.0000
(((((15,13),(8,(17,6))),(19,9)),(((5,1),(4,(3,(7,16)))),(11,((10,12),(18,20))))),(14,2));

STEP 2 [NNI_IncrementalHeuristic_MC -> NNI_Substep_2] - Distance: 61.0000
(((((19,9),(8,(17,6))),(15,13)),(((5,1),(4,(3,(7,16)))),(11,((10,12),(18,20))))),(14,2));

STEP 3 [NNI_IncrementalHeuristic_MC -> NNI_Substep_3] - Distance: 59.0000
(((((17,6),(8,(19,9))),(15,13)),(((5,1),(4,(3,(7,16)))),(11,((10,12),(18,20))))),(14,2));

STEP 4 [NNI_IncrementalHeuristic_MC -> NNI_Substep_4] - Distance: 57.0000
(((((17,6),(9,(19,8))),(15,13)),(((5,1),(4,(3,(7,16)))),(11,((10,12),(18,20))))),(14,2));

STEP 5 [NNI_IncrementalHeuristic_MC -> NNI_Substep_5] - Distance: 55.0000
(((((17,6),(9,(19,8))),(15,13)),(((10,12),(18,20)),(11,((5,1),(4,(3,(7,16))))))),(14,2));

STEP 6 [NNI_IncrementalHeuristic_MC -> NNI_Substep_6] - Distance: 54.0000
(((((17,6),(9,(19,8))),(((10,12),(18,20)),(11,((5,1),(4,(3,(7,16))))))),(15,13)),(14,2));

STEP 7 [NNI_IncrementalHeuristic_MC -> NNI_Substep_7] - Distance: 53.0000
(((((17,6),(9,(19,8))),(((10,12),(18,20)),(11,((5,1),((7,16),(3,4)))))),(15,13)),(14,2));

STEP 8 [Heur. rSPR MC -> NNI_Substep_1] - Distance: 56.0000
(((((17,6),(9,(19,8))),(((10,12),(11,((5,1),((7,16),(3,4))))),(18,20))),(15,13)),(14,2));

STEP 9 [Heur. rSPR MC -> NNI_Substep_2] - Distance: 57.0000
((((((17,6),(9,(19,8))),((10,12),(11,((5,1),((7,16),(3,4)))))),(18,20)),(15,13)),(14,2));

STEP 10 [Heur. rSPR MC -> NNI_Substep_3] - Distance: 48.0000
((((((17,6),(9,(19,8))),(18,20)),((10,12),(11,((5,1),((7,16),(3,4)))))),(15,13)),(14,2));

STEP 11 [Heur. rSPR MC -> NNI_Substep_4] - Distance: 46.0000
(((((17,6),((9,(19,8)),(18,20))),((10,12),(11,((5,1),((7,16),(3,4)))))),(15,13)),(14,2));

STEP 12 [Heur. rSPR MC -> NNI_Substep_5] - Distance: 45.0000
(((((17,6),(9,((19,8),(18,20)))),((10,12),(11,((5,1),((7,16),(3,4)))))),(15,13)),(14,2));

STEP 13 [Heur. rSPR MC -> NNI_Substep_6] - Distance: 48.0000
(((((17,6),(9,((19,8),(18,20)))),((10,12),(11,((5,((7,16),(3,4))),1)))),(15,13)),(14,2));

STEP 14 [Heur. rSPR MC -> NNI_Substep_7] - Distance: 48.0000
(((((17,6),(9,((19,8),(18,20)))),((10,12),((11,(5,((7,16),(3,4)))),1))),(15,13)),(14,2));

STEP 15 [Heur. rSPR MC -> NNI_Substep_8] - Distance: 47.0000
(((((17,6),(9,((19,8),(18,20)))),(((10,12),(11,(5,((7,16),(3,4))))),1)),(15,13)),(14,2));

STEP 16 [Heur. rSPR MC -> NNI_Substep_9] - Distance: 53.0000
((((((17,6),(9,((19,8),(18,20)))),((10,12),(11,(5,((7,16),(3,4)))))),1),(15,13)),(14,2));

STEP 17 [Heur. rSPR MC -> NNI_Substep_10] - Distance: 44.0000
((((((17,6),(9,((19,8),(18,20)))),1),((10,12),(11,(5,((7,16),(3,4)))))),(15,13)),(14,2));

STEP 18 [Heur. rSPR MC -> NNI_Substep_11] - Distance: 43.0000
(((((17,6),((9,((19,8),(18,20))),1)),((10,12),(11,(5,((7,16),(3,4)))))),(15,13)),(14,2));

STEP 19 [Heur. rSPR MC -> NNI_Substep_12] - Distance: 41.0000
(((((17,6),(9,(((19,8),(18,20)),1))),((10,12),(11,(5,((7,16),(3,4)))))),(15,13)),(14,2));

STEP 20 [Heur. rSPR MC -> NNI_Substep_13] - Distance: 38.0000
(((((17,6),(9,((19,8),((18,20),1)))),((10,12),(11,(5,((7,16),(3,4)))))),(15,13)),(14,2));

STEP 21 [Heur. rSPR MC -> NNI_Substep_14] - Distance: 39.0000
(((((17,6),(9,((19,8),((18,20),1)))),((10,12),(11,(5,((7,(3,4)),16))))),(15,13)),(14,2));

STEP 22 [Heur. rSPR MC -> NNI_Substep_15] - Distance: 37.0000
(((((17,6),(9,((19,8),((18,20),1)))),((10,12),(11,((5,(7,(3,4))),16)))),(15,13)),(14,2));

STEP 23 [Heur. rSPR MC -> NNI_Substep_16] - Distance: 37.0000
(((((17,6),(9,((19,8),((18,20),1)))),((10,12),((11,(5,(7,(3,4)))),16))),(15,13)),(14,2));

STEP 24 [Heur. rSPR MC -> NNI_Substep_17] - Distance: 34.0000
(((((17,6),(9,((19,8),((18,20),1)))),((10,12),((11,16),(5,(7,(3,4)))))),(15,13)),(14,2));

STEP 25 [Heur. rSPR MC -> NNI_Substep_18] - Distance: 47.0000
((((((17,6),(9,((19,8),((18,20),1)))),((10,12),((11,16),(5,(7,(3,4)))))),15),13),(14,2));

STEP 26 [Heur. rSPR MC -> NNI_Substep_19] - Distance: 30.0000
(((((17,6),(9,((19,8),((18,20),1)))),((10,12),((11,16),(5,(7,(3,4)))))),15),((14,13),2));

STEP 27 [Heur. rSPR MC -> NNI_Substep_20] - Distance: 30.0000
(((((17,6),(9,((19,8),((18,1),20)))),((10,12),((11,16),(5,(7,(3,4)))))),15),((14,13),2));

STEP 28 [Heur. rSPR MC -> NNI_Substep_21] - Distance: 31.0000
(((((17,6),(9,(((19,8),(18,1)),20))),((10,12),((11,16),(5,(7,(3,4)))))),15),((14,13),2));

STEP 29 [Heur. rSPR MC -> NNI_Substep_22] - Distance: 31.0000
(((((17,6),((9,((19,8),(18,1))),20)),((10,12),((11,16),(5,(7,(3,4)))))),15),((14,13),2));

STEP 30 [Heur. rSPR MC -> NNI_Substep_23] - Distance: 32.0000
((((((17,6),(9,((19,8),(18,1)))),20),((10,12),((11,16),(5,(7,(3,4)))))),15),((14,13),2));

STEP 31 [Heur. rSPR MC -> NNI_Substep_24] - Distance: 26.0000
((((((17,6),20),(9,((19,8),(18,1)))),((10,12),((11,16),(5,(7,(3,4)))))),15),((14,13),2));

STEP 32 [Heur. rSPR MC -> NNI_Substep_25] - Distance: 23.0000
((((((17,6),20),(9,((19,8),(18,1)))),15),((10,12),((11,16),(5,(7,(3,4)))))),((14,13),2));

STEP 33 [Heur. rSPR MC -> NNI_Substep_26] - Distance: 21.0000
((((((17,6),20),(9,((19,8),(18,1)))),15),(((10,12),(5,(7,(3,4)))),(11,16))),((14,13),2));

STEP 34 [Heur. rSPR MC -> NNI_Substep_27] - Distance: 26.0000
(((((((17,6),20),(9,((19,8),(18,1)))),15),((10,12),(5,(7,(3,4))))),(11,16)),((14,13),2));

STEP 35 [Heur. rSPR MC -> NNI_Substep_28] - Distance: 24.0000
(((((((17,6),20),(9,((19,8),(18,1)))),15),(11,16)),((10,12),(5,(7,(3,4))))),((14,13),2));

STEP 36 [Heur. rSPR MC -> NNI_Substep_29] - Distance: 18.0000
((((((17,6),20),(9,((19,8),(18,1)))),(15,(11,16))),((10,12),(5,(7,(3,4))))),((14,13),2));

STEP 37 [Heur. rSPR MC -> NNI_Substep_30] - Distance: 25.0000
(((((((17,6),20),(9,((19,8),(18,1)))),(11,16)),15),((10,12),(5,(7,(3,4))))),((14,13),2));

STEP 38 [Heur. rSPR MC -> NNI_Substep_31] - Distance: 26.0000
(((((((17,6),20),(9,((19,8),(18,1)))),(11,16)),((10,12),(5,(7,(3,4))))),15),((14,13),2));

STEP 39 [Heur. rSPR MC -> NNI_Substep_32] - Distance: 15.0000
((((((17,6),20),(9,((19,8),(18,1)))),(11,16)),(((10,12),(5,(7,(3,4)))),15)),((14,13),2));

STEP 40 [Heur. rSPR MC -> NNI_Substep_33] - Distance: 14.0000
((((((17,6),20),(9,((19,8),(18,1)))),(11,16)),((10,12),((5,(7,(3,4))),15))),((14,13),2));

STEP 41 [Heur. rSPR MC -> NNI_Substep_34] - Distance: 14.0000
((((((17,6),20),(9,((19,8),(18,1)))),(11,16)),((10,12),(5,((7,(3,4)),15)))),((14,13),2));

STEP 42 [Heur. rSPR MC -> NNI_Substep_35] - Distance: 12.0000
((((((17,6),20),(9,((19,8),(18,1)))),(11,16)),((10,12),(5,(7,((3,4),15))))),((14,13),2));

STEP 43 [Heur. rSPR MC -> NNI_Substep_36] - Distance: 10.0000
((((((17,6),20),(9,((19,8),(18,1)))),(11,16)),((10,12),(5,(7,((3,15),4))))),((14,13),2));

STEP 44 [Heur. rSPR MC -> NNI_Substep_37] - Distance: 10.0000
((((((17,20),6),(9,((19,8),(18,1)))),(11,16)),((10,12),(5,(7,((3,15),4))))),((14,13),2));

STEP 45 [Heur. rSPR MC -> NNI_Substep_38] - Distance: 14.0000
((((((17,20),(9,((19,8),(18,1)))),6),(11,16)),((10,12),(5,(7,((3,15),4))))),((14,13),2));

STEP 46 [Heur. rSPR MC -> NNI_Substep_39] - Distance: 15.0000
((((((17,20),(9,((19,8),(18,1)))),(11,16)),6),((10,12),(5,(7,((3,15),4))))),((14,13),2));

STEP 47 [Heur. rSPR MC -> NNI_Substep_40] - Distance: 7.0000
(((((17,20),(9,((19,8),(18,1)))),((11,16),6)),((10,12),(5,(7,((3,15),4))))),((14,13),2));

STEP 48 [Heur. rSPR MC -> NNI_Substep_41] - Distance: 5.0000
(((((17,20),(9,((19,8),(18,1)))),((11,6),16)),((10,12),(5,(7,((3,15),4))))),((14,13),2));

STEP 49 [Heur. rSPR MC -> NNI_Substep_42] - Distance: 3.0000
(((((17,20),(9,((19,8),(18,1)))),((11,6),16)),((10,12),((5,((3,15),4)),7))),((14,13),2));

STEP 50 [Heur. rSPR MC -> NNI_Substep_43] - Distance: 7.0000
(((((17,20),(9,((19,8),(18,1)))),((11,6),16)),((10,((5,((3,15),4)),7)),12)),((14,13),2));

STEP 51 [Heur. rSPR MC -> NNI_Substep_44] - Distance: 5.0000
(((((17,20),(9,((19,8),(18,1)))),((11,6),16)),(10,(((5,((3,15),4)),7),12))),((14,13),2));

STEP 52 [Heur. rSPR MC -> NNI_Substep_45] - Distance: 0.0000
(((((17,20),(9,((19,8),(18,1)))),((11,6),16)),(10,((5,((3,15),4)),(7,12)))),((14,13),2));

========================================================
[FINAL] Total Steps: 52 | Final Distance: 0.0000
========================================================
