========================================================
HEURISTIC TRAJECTORY: VND Incremental (RFC)
========================================================
STEP 0 [START] - Distance: 18.0000
((6,((((13,19),((2,(8,7)),(16,9))),(20,11)),(12,14))),(1,(10,((5,(3,(18,15))),(4,17)))));

STEP 1 [3sECR_IncrementalHeuristic_RFC -> NNI_Substep_1] - Distance: 18.0000
((6,(((13,(19,((16,9),(2,(8,7))))),(20,11)),(12,14))),(1,(10,((5,(3,(18,15))),(4,17)))));

STEP 2 [3sECR_IncrementalHeuristic_RFC -> NNI_Substep_2] - Distance: 18.0000
((6,(((13,(19,(((16,9),2),(8,7)))),(20,11)),(12,14))),(1,(10,((5,(3,(18,15))),(4,17)))));

STEP 3 [3sECR_IncrementalHeuristic_RFC -> NNI_Substep_3] - Distance: 18.0000
((6,(((13,((19,((16,9),2)),(8,7))),(20,11)),(12,14))),(1,(10,((5,(3,(18,15))),(4,17)))));

STEP 4 [3sECR_IncrementalHeuristic_RFC -> NNI_Substep_4] - Distance: 17.0000
((6,((((13,(8,7)),(19,((16,9),2))),(20,11)),(12,14))),(1,(10,((5,(3,(18,15))),(4,17)))));

STEP 5 [3sECR_IncrementalHeuristic_RFC -> NNI_Substep_5] - Distance: 16.0000
((6,(((((13,7),8),(19,((16,9),2))),(20,11)),(12,14))),(1,(10,((5,(3,(18,15))),(4,17)))));

STEP 6 [3sECR_IncrementalHeuristic_RFC -> NNI_Substep_6] - Distance: 16.0000
((6,(((((13,7),8),(19,((16,9),2))),(20,11)),(12,14))),(1,(10,(((5,(3,(18,15))),4),17))));

STEP 7 [3sECR_IncrementalHeuristic_RFC -> NNI_Substep_7] - Distance: 16.0000
((6,(((((13,7),8),(19,((16,9),2))),(20,11)),(12,14))),(1,((10,((5,(3,(18,15))),4)),17)));

STEP 8 [3sECR_IncrementalHeuristic_RFC -> NNI_Substep_8] - Distance: 15.0000
((6,(((((13,7),8),(19,((16,9),2))),(20,11)),(12,14))),((1,17),(10,((5,(3,(18,15))),4))));

STEP 9 [Heur. rSPR RFC -> NNI_Substep_1] - Distance: 15.0000
((6,(((((13,7),8),(19,((9,2),16))),(20,11)),(12,14))),((1,17),(10,((5,(3,(18,15))),4))));

STEP 10 [Heur. rSPR RFC -> NNI_Substep_2] - Distance: 15.0000
((6,(((((13,7),8),((19,(9,2)),16)),(20,11)),(12,14))),((1,17),(10,((5,(3,(18,15))),4))));

STEP 11 [Heur. rSPR RFC -> NNI_Substep_3] - Distance: 15.0000
((6,((((((13,7),8),(19,(9,2))),16),(20,11)),(12,14))),((1,17),(10,((5,(3,(18,15))),4))));

STEP 12 [Heur. rSPR RFC -> NNI_Substep_4] - Distance: 15.0000
((6,((((((13,7),8),(19,(9,2))),(20,11)),16),(12,14))),((1,17),(10,((5,(3,(18,15))),4))));

STEP 13 [Heur. rSPR RFC -> NNI_Substep_5] - Distance: 15.0000
((6,((((((13,7),8),(19,(9,2))),(20,11)),(12,14)),16)),((1,17),(10,((5,(3,(18,15))),4))));

STEP 14 [Heur. rSPR RFC -> NNI_Substep_6] - Distance: 15.0000
(((6,(((((13,7),8),(19,(9,2))),(20,11)),(12,14))),16),((1,17),(10,((5,(3,(18,15))),4))));

STEP 15 [Heur. rSPR RFC -> NNI_Substep_7] - Distance: 15.0000
((6,(((((13,7),8),(19,(9,2))),(20,11)),(12,14))),((1,17),((10,((5,(3,(18,15))),4)),16)));

STEP 16 [Heur. rSPR RFC -> NNI_Substep_8] - Distance: 15.0000
((6,(((((13,7),8),(19,(9,2))),(20,11)),(12,14))),((1,17),(10,(((5,(3,(18,15))),4),16))));

STEP 17 [Heur. rSPR RFC -> NNI_Substep_9] - Distance: 15.0000
((6,(((((13,7),8),(19,(9,2))),(20,11)),(12,14))),((1,17),(10,(((5,(3,(18,15))),16),4))));

STEP 18 [Heur. rSPR RFC -> NNI_Substep_10] - Distance: 15.0000
((6,(((((13,7),8),(19,(9,2))),(20,11)),(12,14))),((1,17),(10,((5,((3,(18,15)),16)),4))));

STEP 19 [Heur. rSPR RFC -> NNI_Substep_11] - Distance: 14.0000
((6,(((((13,7),8),(19,(9,2))),(20,11)),(12,14))),((1,17),(10,((5,(3,((18,15),16))),4))));

STEP 20 [Heur. rSPR RFC -> NNI_Substep_12] - Distance: 13.0000
((6,(((((13,7),8),(19,(9,2))),(20,11)),(12,14))),((1,17),(10,((5,(3,(18,(15,16)))),4))));

STEP 21 [Heur. rSPR RFC -> NNI_Substep_13] - Distance: 13.0000
((6,(((((13,7),8),((19,2),9)),(20,11)),(12,14))),((1,17),(10,((5,(3,(18,(15,16)))),4))));

STEP 22 [Heur. rSPR RFC -> NNI_Substep_14] - Distance: 13.0000
((6,((((((13,7),8),(19,2)),9),(20,11)),(12,14))),((1,17),(10,((5,(3,(18,(15,16)))),4))));

STEP 23 [Heur. rSPR RFC -> NNI_Substep_15] - Distance: 13.0000
((6,((((((13,7),8),(19,2)),(20,11)),9),(12,14))),((1,17),(10,((5,(3,(18,(15,16)))),4))));

STEP 24 [Heur. rSPR RFC -> NNI_Substep_16] - Distance: 13.0000
((6,(((((13,7),8),(19,2)),((20,11),9)),(12,14))),((1,17),(10,((5,(3,(18,(15,16)))),4))));

STEP 25 [Heur. rSPR RFC -> NNI_Substep_17] - Distance: 12.0000
((6,(((((13,7),8),(19,2)),(20,(11,9))),(12,14))),((1,17),(10,((5,(3,(18,(15,16)))),4))));

STEP 26 [Heur. rSPR RFC -> NNI_Substep_18] - Distance: 12.0000
((6,((((((13,7),8),19),2),(20,(11,9))),(12,14))),((1,17),(10,((5,(3,(18,(15,16)))),4))));

STEP 27 [Heur. rSPR RFC -> NNI_Substep_19] - Distance: 12.0000
((6,((((((13,7),8),19),(20,(11,9))),2),(12,14))),((1,17),(10,((5,(3,(18,(15,16)))),4))));

STEP 28 [Heur. rSPR RFC -> NNI_Substep_20] - Distance: 12.0000
((6,((((((13,7),8),19),(20,(11,9))),(12,14)),2)),((1,17),(10,((5,(3,(18,(15,16)))),4))));

STEP 29 [Heur. rSPR RFC -> NNI_Substep_21] - Distance: 12.0000
((6,(((((13,7),8),19),(20,(11,9))),((12,14),2))),((1,17),(10,((5,(3,(18,(15,16)))),4))));

STEP 30 [Heur. rSPR RFC -> NNI_Substep_22] - Distance: 11.0000
((6,(((((13,7),8),19),(20,(11,9))),(12,(14,2)))),((1,17),(10,((5,(3,(18,(15,16)))),4))));

STEP 31 [Heur. rSPR RFC -> NNI_Substep_23] - Distance: 11.0000
((6,(((19,(20,(11,9))),((13,7),8)),(12,(14,2)))),((1,17),(10,((5,(3,(18,(15,16)))),4))));

STEP 32 [Heur. rSPR RFC -> NNI_Substep_24] - Distance: 11.0000
((6,(((19,(20,(11,9))),(12,(14,2))),((13,7),8))),((1,17),(10,((5,(3,(18,(15,16)))),4))));

STEP 33 [Heur. rSPR RFC -> NNI_Substep_25] - Distance: 11.0000
(((6,((19,(20,(11,9))),(12,(14,2)))),((13,7),8)),((1,17),(10,((5,(3,(18,(15,16)))),4))));

STEP 34 [Heur. rSPR RFC -> NNI_Substep_26] - Distance: 10.0000
((6,((19,(20,(11,9))),(12,(14,2)))),(((1,17),((13,7),8)),(10,((5,(3,(18,(15,16)))),4))));

STEP 35 [Heur. rSPR RFC -> NNI_Substep_27] - Distance: 10.0000
((6,(((19,(20,(11,9))),(14,2)),12)),(((1,17),((13,7),8)),(10,((5,(3,(18,(15,16)))),4))));

STEP 36 [Heur. rSPR RFC -> NNI_Substep_28] - Distance: 10.0000
(((6,((19,(20,(11,9))),(14,2))),12),(((1,17),((13,7),8)),(10,((5,(3,(18,(15,16)))),4))));

STEP 37 [Heur. rSPR RFC -> NNI_Substep_29] - Distance: 9.0000
((6,((19,(20,(11,9))),(14,2))),((((1,17),((13,7),8)),12),(10,((5,(3,(18,(15,16)))),4))));

STEP 38 [Heur. rSPR RFC -> NNI_Substep_30] - Distance: 9.0000
((6,((19,(20,(11,9))),(14,2))),(10,(((5,(3,(18,(15,16)))),4),(((1,17),((13,7),8)),12))));

STEP 39 [Heur. rSPR RFC -> NNI_Substep_31] - Distance: 9.0000
((6,((19,(20,(11,9))),(14,2))),(10,(((5,(3,(18,(15,16)))),(((1,17),((13,7),8)),12)),4)));

STEP 40 [Heur. rSPR RFC -> NNI_Substep_32] - Distance: 9.0000
((6,((19,(20,(11,9))),(14,2))),(10,((5,((3,(18,(15,16))),(((1,17),((13,7),8)),12))),4)));

STEP 41 [Heur. rSPR RFC -> NNI_Substep_33] - Distance: 8.0000
((6,((19,(20,(11,9))),(14,2))),(10,((5,(3,((18,(15,16)),(((1,17),((13,7),8)),12)))),4)));

STEP 42 [Heur. rSPR RFC -> NNI_Substep_34] - Distance: 8.0000
(((6,(19,(20,(11,9)))),(14,2)),(10,((5,(3,((18,(15,16)),(((1,17),((13,7),8)),12)))),4)));

STEP 43 [Heur. rSPR RFC -> NNI_Substep_35] - Distance: 8.0000
((6,(19,(20,(11,9)))),(10,(((5,(3,((18,(15,16)),(((1,17),((13,7),8)),12)))),4),(14,2))));

STEP 44 [Heur. rSPR RFC -> NNI_Substep_36] - Distance: 8.0000
((6,(19,(20,(11,9)))),(10,(((5,(3,((18,(15,16)),(((1,17),((13,7),8)),12)))),(14,2)),4)));

STEP 45 [Heur. rSPR RFC -> NNI_Substep_37] - Distance: 8.0000
((6,(19,(20,(11,9)))),(10,((5,((3,((18,(15,16)),(((1,17),((13,7),8)),12))),(14,2))),4)));

STEP 46 [Heur. rSPR RFC -> NNI_Substep_38] - Distance: 7.0000
((6,(19,(20,(11,9)))),(10,((5,(3,(((18,(15,16)),(((1,17),((13,7),8)),12)),(14,2)))),4)));

STEP 47 [Heur. rSPR RFC -> NNI_Substep_39] - Distance: 7.0000
((19,(20,(11,9))),(10,(((5,(3,(((18,(15,16)),(((1,17),((13,7),8)),12)),(14,2)))),4),6)));

STEP 48 [Heur. rSPR RFC -> NNI_Substep_40] - Distance: 7.0000
((19,(20,(11,9))),(10,(((5,(3,(((18,(15,16)),(((1,17),((13,7),8)),12)),(14,2)))),6),4)));

STEP 49 [Heur. rSPR RFC -> NNI_Substep_41] - Distance: 7.0000
((19,(20,(11,9))),(10,((5,((3,(((18,(15,16)),(((1,17),((13,7),8)),12)),(14,2))),6)),4)));

STEP 50 [Heur. rSPR RFC -> NNI_Substep_42] - Distance: 6.0000
((19,(20,(11,9))),(10,((5,(3,((((18,(15,16)),(((1,17),((13,7),8)),12)),(14,2)),6))),4)));

STEP 51 [Heur. rSPR RFC -> NNI_Substep_43] - Distance: 6.0000
(((19,20),(11,9)),(10,((5,(3,((((18,(15,16)),(((1,17),((13,7),8)),12)),(14,2)),6))),4)));

STEP 52 [Heur. rSPR RFC -> NNI_Substep_44] - Distance: 6.0000
((19,20),(10,(((5,(3,((((18,(15,16)),(((1,17),((13,7),8)),12)),(14,2)),6))),4),(11,9))));

STEP 53 [Heur. rSPR RFC -> NNI_Substep_45] - Distance: 6.0000
((19,20),(10,(((5,(3,((((18,(15,16)),(((1,17),((13,7),8)),12)),(14,2)),6))),(11,9)),4)));

STEP 54 [Heur. rSPR RFC -> NNI_Substep_46] - Distance: 5.0000
((19,20),(10,(((5,(11,9)),(3,((((18,(15,16)),(((1,17),((13,7),8)),12)),(14,2)),6))),4)));

STEP 55 [Heur. rSPR RFC -> NNI_Substep_47] - Distance: 5.0000
(20,(10,((((5,(11,9)),(3,((((18,(15,16)),(((1,17),((13,7),8)),12)),(14,2)),6))),4),19)));

STEP 56 [Heur. rSPR RFC -> NNI_Substep_48] - Distance: 5.0000
(20,(10,((((5,(11,9)),(3,((((18,(15,16)),(((1,17),((13,7),8)),12)),(14,2)),6))),19),4)));

STEP 57 [Heur. rSPR RFC -> NNI_Substep_49] - Distance: 4.0000
(20,(10,((((5,(11,9)),19),(3,((((18,(15,16)),(((1,17),((13,7),8)),12)),(14,2)),6))),4)));

STEP 58 [Heur. rSPR RFC -> NNI_Substep_50] - Distance: 4.0000
(10,(((((5,(11,9)),19),(3,((((18,(15,16)),(((1,17),((13,7),8)),12)),(14,2)),6))),20),4));

STEP 59 [Heur. rSPR RFC -> NNI_Substep_51] - Distance: 4.0000
(10,((((5,(11,9)),19),((3,((((18,(15,16)),(((1,17),((13,7),8)),12)),(14,2)),6)),20)),4));

STEP 60 [Heur. rSPR RFC -> NNI_Substep_52] - Distance: 3.0000
(10,((((5,(11,9)),19),((3,20),((((18,(15,16)),(((1,17),((13,7),8)),12)),(14,2)),6))),4));

STEP 61 [Heur. rSPR RFC -> NNI_Substep_53] - Distance: 3.0000
(10,(((((5,(11,9)),19),(3,20)),((((18,(15,16)),(((1,17),((13,7),8)),12)),(14,2)),6)),4));

STEP 62 [Heur. rSPR RFC -> NNI_Substep_54] - Distance: 2.0000
(10,(((((5,(11,9)),19),(3,20)),4),((((18,(15,16)),(((1,17),((13,7),8)),12)),(14,2)),6)));

STEP 63 [Heur. rSPR RFC -> NNI_Substep_55] - Distance: 0.0000
(10,((((3,20),4),((5,(11,9)),19)),((((18,(15,16)),(((1,17),((13,7),8)),12)),(14,2)),6)));

========================================================
[FINAL] Total Steps: 63 | Final Distance: 0.0000
========================================================
