========================================================
HEURISTIC TRAJECTORY: VND Incremental (MP)
========================================================
STEP 0 [START] - Distance: 132.0000
(2,((((1,(12,17)),(8,(5,4))),(20,(7,11))),((16,((14,13),(15,18))),(19,((9,6),(10,3))))));

STEP 1 [NNI_IncrementalHeuristic_MP -> NNI_Substep_1] - Distance: 117.0000
(((16,((((1,(12,17)),(8,(5,4))),(20,(7,11))),2)),((14,13),(15,18))),(19,((9,6),(10,3))));

STEP 2 [NNI_IncrementalHeuristic_MP -> NNI_Substep_2] - Distance: 116.0000
(((16,(((((8,(5,4)),(12,17)),1),(20,(7,11))),2)),((14,13),(15,18))),(19,((9,6),(10,3))));

STEP 3 [NNI_IncrementalHeuristic_MP -> NNI_Substep_3] - Distance: 115.0000
(((16,((((((12,17),(5,4)),8),1),(20,(7,11))),2)),((14,13),(15,18))),(19,((9,6),(10,3))));

STEP 4 [2sECR_IncrementalHeuristic_MP -> NNI_Substep_1] - Distance: 115.0000
(((16,((20,(((((12,17),(5,4)),8),1),(7,11))),2)),((14,13),(15,18))),(19,((9,6),(10,3))));

STEP 5 [2sECR_IncrementalHeuristic_MP -> NNI_Substep_2] - Distance: 112.0000
(((16,((20,(7,(((((12,17),(5,4)),8),1),11))),2)),((14,13),(15,18))),(19,((9,6),(10,3))));

STEP 6 [2sECR_IncrementalHeuristic_MP -> NNI_Substep_3] - Distance: 112.0000
(((16,((20,(7,(((((12,17),(5,4)),8),1),11))),2)),(14,((15,18),13))),(19,((9,6),(10,3))));

STEP 7 [2sECR_IncrementalHeuristic_MP -> NNI_Substep_4] - Distance: 110.0000
((((16,((20,(7,(((((12,17),(5,4)),8),1),11))),2)),14),((15,18),13)),(19,((9,6),(10,3))));

STEP 8 [2sECR_IncrementalHeuristic_MP -> NNI_Substep_5] - Distance: 109.0000
((((14,((20,(7,(((((12,17),(5,4)),8),1),11))),2)),16),((15,18),13)),(19,((9,6),(10,3))));

STEP 9 [2sECR_IncrementalHeuristic_MP -> NNI_Substep_6] - Distance: 106.0000
(((((20,(7,(((((12,17),(5,4)),8),1),11))),(14,2)),16),((15,18),13)),(19,((9,6),(10,3))));

STEP 10 [2sECR_IncrementalHeuristic_MP -> NNI_Substep_7] - Distance: 106.0000
((((((14,2),(7,(((((12,17),(5,4)),8),1),11))),20),16),((15,18),13)),(19,((9,6),(10,3))));

STEP 11 [2sECR_IncrementalHeuristic_MP -> NNI_Substep_8] - Distance: 104.0000
(((((7,((14,2),(((((12,17),(5,4)),8),1),11))),20),16),((15,18),13)),(19,((9,6),(10,3))));

STEP 12 [2sECR_IncrementalHeuristic_MP -> NNI_Substep_9] - Distance: 104.0000
(((20,(16,(7,((14,2),(((((12,17),(5,4)),8),1),11))))),((15,18),13)),(19,((9,6),(10,3))));

STEP 13 [2sECR_IncrementalHeuristic_MP -> NNI_Substep_10] - Distance: 94.0000
(((16,(7,((14,2),(((((12,17),(5,4)),8),1),11)))),(((15,18),13),20)),(19,((9,6),(10,3))));

STEP 14 [3sECR_IncrementalHeuristic_MP -> NNI_Substep_1] - Distance: 94.0000
(((16,(7,((14,2),(((((12,17),(5,4)),8),1),11)))),(((15,18),13),20)),(19,(((10,3),6),9)));

STEP 15 [3sECR_IncrementalHeuristic_MP -> NNI_Substep_2] - Distance: 94.0000
(((16,(7,((14,2),(((((12,17),(5,4)),8),1),11)))),(((15,18),13),20)),((19,((10,3),6)),9));

STEP 16 [3sECR_IncrementalHeuristic_MP -> NNI_Substep_3] - Distance: 87.0000
(((9,(16,(7,((14,2),(((((12,17),(5,4)),8),1),11))))),(((15,18),13),20)),(19,((10,3),6)));

STEP 17 [3sECR_IncrementalHeuristic_MP -> NNI_Substep_4] - Distance: 86.0000
((((9,(7,((14,2),(((((12,17),(5,4)),8),1),11)))),16),(((15,18),13),20)),(19,((10,3),6)));

STEP 18 [3sECR_IncrementalHeuristic_MP -> NNI_Substep_5] - Distance: 85.0000
(((((9,((14,2),(((((12,17),(5,4)),8),1),11))),7),16),(((15,18),13),20)),(19,((10,3),6)));

STEP 19 [3sECR_IncrementalHeuristic_MP -> NNI_Substep_6] - Distance: 85.0000
(((((9,((14,2),(((((12,17),(5,4)),8),1),11))),7),16),(((15,18),13),20)),(19,((6,3),10)));

STEP 20 [3sECR_IncrementalHeuristic_MP -> NNI_Substep_7] - Distance: 85.0000
(((((9,((14,2),(((((12,17),(5,4)),8),1),11))),7),16),(((15,18),13),20)),((19,(6,3)),10));

STEP 21 [3sECR_IncrementalHeuristic_MP -> NNI_Substep_8] - Distance: 80.0000
(((10,(16,((9,((14,2),(((((12,17),(5,4)),8),1),11))),7))),(((15,18),13),20)),(19,(6,3)));

STEP 22 [3sECR_IncrementalHeuristic_MP -> NNI_Substep_9] - Distance: 79.0000
((((10,((9,((14,2),(((((12,17),(5,4)),8),1),11))),7)),16),(((15,18),13),20)),(19,(6,3)));

STEP 23 [3sECR_IncrementalHeuristic_MP -> NNI_Substep_10] - Distance: 78.0000
(((((10,(9,((14,2),(((((12,17),(5,4)),8),1),11)))),7),16),(((15,18),13),20)),(19,(6,3)));

STEP 24 [3sECR_IncrementalHeuristic_MP -> NNI_Substep_11] - Distance: 77.0000
((((((10,((14,2),(((((12,17),(5,4)),8),1),11))),9),7),16),(((15,18),13),20)),(19,(6,3)));

STEP 25 [3sECR_IncrementalHeuristic_MP -> NNI_Substep_12] - Distance: 75.0000
(((((((10,(14,2)),(((((12,17),(5,4)),8),1),11)),9),7),16),(((15,18),13),20)),(19,(6,3)));

STEP 26 [3sECR_IncrementalHeuristic_MP -> NNI_Substep_13] - Distance: 75.0000
(((((((10,(14,2)),(((((12,17),(5,4)),8),1),11)),9),7),16),(20,((13,18),15))),(19,(6,3)));

STEP 27 [3sECR_IncrementalHeuristic_MP -> NNI_Substep_14] - Distance: 75.0000
(((((((10,(14,2)),(((((12,17),(5,4)),8),1),11)),9),7),16),((20,(13,18)),15)),(19,(6,3)));

STEP 28 [3sECR_IncrementalHeuristic_MP -> NNI_Substep_15] - Distance: 74.0000
((((((((10,(14,2)),(((((12,17),(5,4)),8),1),11)),9),7),16),15),(20,(13,18))),(19,(6,3)));

STEP 29 [3sECR_IncrementalHeuristic_MP -> NNI_Substep_16] - Distance: 74.0000
((((20,(13,18)),(((((10,(14,2)),(((((12,17),(5,4)),8),1),11)),9),7),16)),15),(19,(6,3)));

STEP 30 [3sECR_IncrementalHeuristic_MP -> NNI_Substep_17] - Distance: 61.0000
(((20,(13,18)),(((((10,(14,2)),(((((12,17),(5,4)),8),1),11)),9),7),16)),(15,((19,6),3)));

STEP 31 [3sECR_IncrementalHeuristic_MP -> NNI_Substep_18] - Distance: 59.0000
(((20,(13,18)),(((((10,(14,2)),(((((12,17),(5,4)),8),1),11)),9),7),16)),((15,3),(19,6)));

STEP 32 [Heur. rSPR MP -> NNI_Substep_1] - Distance: 59.0000
(((20,(13,18)),(((((10,(14,2)),(((((12,17),(5,4)),8),11),1)),9),7),16)),((15,3),(19,6)));

STEP 33 [Heur. rSPR MP -> NNI_Substep_2] - Distance: 59.0000
(((20,(13,18)),((((((10,(14,2)),((((12,17),(5,4)),8),11)),1),9),7),16)),((15,3),(19,6)));

STEP 34 [Heur. rSPR MP -> NNI_Substep_3] - Distance: 59.0000
(((20,(13,18)),((((((10,(14,2)),((((12,17),(5,4)),8),11)),9),1),7),16)),((15,3),(19,6)));

STEP 35 [Heur. rSPR MP -> NNI_Substep_4] - Distance: 59.0000
(((20,(13,18)),((((((10,(14,2)),((((12,17),(5,4)),8),11)),9),7),1),16)),((15,3),(19,6)));

STEP 36 [Heur. rSPR MP -> NNI_Substep_5] - Distance: 59.0000
(((20,(13,18)),((((((10,(14,2)),((((12,17),(5,4)),8),11)),9),7),16),1)),((15,3),(19,6)));

STEP 37 [Heur. rSPR MP -> NNI_Substep_6] - Distance: 59.0000
((((20,(13,18)),(((((10,(14,2)),((((12,17),(5,4)),8),11)),9),7),16)),1),((15,3),(19,6)));

STEP 38 [Heur. rSPR MP -> NNI_Substep_7] - Distance: 43.0000
(((20,(13,18)),(((((10,(14,2)),((((12,17),(5,4)),8),11)),9),7),16)),(((15,3),1),(19,6)));

STEP 39 [Heur. rSPR MP -> NNI_Substep_8] - Distance: 42.0000
(((20,(13,18)),(((((10,(14,2)),((((12,17),(5,4)),8),11)),9),7),16)),(((15,1),3),(19,6)));

STEP 40 [Heur. rSPR MP -> NNI_Substep_9] - Distance: 42.0000
(((20,(13,18)),(((((10,(14,2)),((((12,17),(5,4)),11),8)),9),7),16)),(((15,1),3),(19,6)));

STEP 41 [Heur. rSPR MP -> NNI_Substep_10] - Distance: 42.0000
(((20,(13,18)),((((((10,(14,2)),(((12,17),(5,4)),11)),8),9),7),16)),(((15,1),3),(19,6)));

STEP 42 [Heur. rSPR MP -> NNI_Substep_11] - Distance: 42.0000
(((20,(13,18)),((((((10,(14,2)),(((12,17),(5,4)),11)),9),8),7),16)),(((15,1),3),(19,6)));

STEP 43 [Heur. rSPR MP -> NNI_Substep_12] - Distance: 42.0000
(((20,(13,18)),((((((10,(14,2)),(((12,17),(5,4)),11)),9),7),8),16)),(((15,1),3),(19,6)));

STEP 44 [Heur. rSPR MP -> NNI_Substep_13] - Distance: 42.0000
(((20,(13,18)),((((((10,(14,2)),(((12,17),(5,4)),11)),9),7),16),8)),(((15,1),3),(19,6)));

STEP 45 [Heur. rSPR MP -> NNI_Substep_14] - Distance: 42.0000
((((20,(13,18)),(((((10,(14,2)),(((12,17),(5,4)),11)),9),7),16)),8),(((15,1),3),(19,6)));

STEP 46 [Heur. rSPR MP -> NNI_Substep_15] - Distance: 25.0000
(((20,(13,18)),(((((10,(14,2)),(((12,17),(5,4)),11)),9),7),16)),(((15,1),3),((19,6),8)));

STEP 47 [Heur. rSPR MP -> NNI_Substep_16] - Distance: 25.0000
(((20,(13,18)),(((((10,(14,2)),(((17,(5,4)),12),11)),9),7),16)),(((15,1),3),((19,6),8)));

STEP 48 [Heur. rSPR MP -> NNI_Substep_17] - Distance: 25.0000
(((20,(13,18)),(((((10,(14,2)),(((17,(5,4)),11),12)),9),7),16)),(((15,1),3),((19,6),8)));

STEP 49 [Heur. rSPR MP -> NNI_Substep_18] - Distance: 25.0000
(((20,(13,18)),((((((10,(14,2)),((17,(5,4)),11)),12),9),7),16)),(((15,1),3),((19,6),8)));

STEP 50 [Heur. rSPR MP -> NNI_Substep_19] - Distance: 25.0000
(((20,(13,18)),((((((10,(14,2)),((17,(5,4)),11)),9),12),7),16)),(((15,1),3),((19,6),8)));

STEP 51 [Heur. rSPR MP -> NNI_Substep_20] - Distance: 25.0000
(((20,(13,18)),((((((10,(14,2)),((17,(5,4)),11)),9),7),12),16)),(((15,1),3),((19,6),8)));

STEP 52 [Heur. rSPR MP -> NNI_Substep_21] - Distance: 25.0000
(((20,(13,18)),((((((10,(14,2)),((17,(5,4)),11)),9),7),16),12)),(((15,1),3),((19,6),8)));

STEP 53 [Heur. rSPR MP -> NNI_Substep_22] - Distance: 25.0000
((((20,(13,18)),(((((10,(14,2)),((17,(5,4)),11)),9),7),16)),12),(((15,1),3),((19,6),8)));

STEP 54 [Heur. rSPR MP -> NNI_Substep_23] - Distance: 8.0000
(((20,(13,18)),(((((10,(14,2)),((17,(5,4)),11)),9),7),16)),(((15,1),3),(((19,6),8),12)));

STEP 55 [Heur. rSPR MP -> NNI_Substep_24] - Distance: 7.0000
(((20,(13,18)),(((((10,(14,2)),((17,(5,4)),11)),9),7),16)),(((15,1),3),(((19,6),12),8)));

STEP 56 [Heur. rSPR MP -> NNI_Substep_25] - Distance: 6.0000
(((20,(13,18)),(((((10,(14,2)),((17,(5,4)),11)),9),7),16)),(((15,1),3),((19,(6,12)),8)));

STEP 57 [Heur. rSPR MP -> NNI_Substep_26] - Distance: 6.0000
(((20,(13,18)),(((((10,(14,2)),(((17,4),5),11)),9),7),16)),(((15,1),3),((19,(6,12)),8)));

STEP 58 [Heur. rSPR MP -> NNI_Substep_27] - Distance: 6.0000
(((20,(13,18)),(((((10,(14,2)),(((17,4),11),5)),9),7),16)),(((15,1),3),((19,(6,12)),8)));

STEP 59 [Heur. rSPR MP -> NNI_Substep_28] - Distance: 5.0000
(((20,(13,18)),((((((10,(14,2)),((17,4),11)),5),9),7),16)),(((15,1),3),((19,(6,12)),8)));

STEP 60 [Heur. rSPR MP -> NNI_Substep_29] - Distance: 2.0000
(((20,(13,18)),((((((10,(14,2)),5),((17,4),11)),9),7),16)),(((15,1),3),((19,(6,12)),8)));

STEP 61 [Heur. rSPR MP -> NNI_Substep_30] - Distance: 1.0000
(((20,(13,18)),(((((10,((14,2),5)),((17,4),11)),9),7),16)),(((15,1),3),((19,(6,12)),8)));

STEP 62 [Heur. rSPR MP -> NNI_Substep_31] - Distance: 0.0000
(((20,(13,18)),(((((10,((14,5),2)),((17,4),11)),9),7),16)),(((15,1),3),((19,(6,12)),8)));

========================================================
[FINAL] Total Steps: 62 | Final Distance: 0.0000
========================================================
