========================================================
HEURISTIC TRAJECTORY: VND Classic (RFC)
========================================================
STEP 0 [START] - Distance: 18.0000
(4,(2,((((17,(16,(13,(1,(5,18))))),(15,((12,7),(8,(3,19))))),(11,(10,9))),(14,(20,6)))));

STEP 1 [NNI_ClassicHeuristic_RFC] - Distance: 17.0000
(4,(2,((((17,(16,(13,(1,(5,18))))),(15,((12,7),(19,(3,8))))),(11,(10,9))),(14,(20,6)))));

STEP 2 [TBR_ClassicHeuristic_RFC -> NNI_Substep_1] - Distance: 17.0000
(4,(2,((((17,(16,(1,((5,18),13)))),(15,((12,7),(19,(3,8))))),(11,(10,9))),(14,(20,6)))));

STEP 3 [TBR_ClassicHeuristic_RFC -> NNI_Substep_2] - Distance: 16.0000
(4,(2,((((17,(16,(1,((5,13),18)))),(15,((12,7),(19,(3,8))))),(11,(10,9))),(14,(20,6)))));

STEP 4 [TBR_ClassicHeuristic_RFC -> NNI_Substep_3] - Distance: 16.0000
(2,(((((17,(16,(1,((5,13),18)))),(15,((12,7),(19,(3,8))))),(11,(10,9))),4),(14,(20,6))));

STEP 5 [TBR_ClassicHeuristic_RFC -> NNI_Substep_4] - Distance: 16.0000
(2,((((17,(16,(1,((5,13),18)))),(15,((12,7),(19,(3,8))))),((11,(10,9)),4)),(14,(20,6))));

STEP 6 [TBR_ClassicHeuristic_RFC -> NNI_Substep_5] - Distance: 15.0000
(2,((((17,(16,(1,((5,13),18)))),(15,((12,7),(19,(3,8))))),((11,4),(10,9))),(14,(20,6))));

STEP 7 [TBR_ClassicHeuristic_RFC -> NNI_Substep_6] - Distance: 15.0000
(((((17,(16,(1,((5,13),18)))),(15,((12,7),(19,(3,8))))),2),((11,4),(10,9))),(14,(20,6)));

STEP 8 [TBR_ClassicHeuristic_RFC -> NNI_Substep_7] - Distance: 15.0000
(((((17,(16,(1,((5,13),18)))),2),(15,((12,7),(19,(3,8))))),((11,4),(10,9))),(14,(20,6)));

STEP 9 [TBR_ClassicHeuristic_RFC -> NNI_Substep_8] - Distance: 14.0000
(((((17,2),(16,(1,((5,13),18)))),(15,((12,7),(19,(3,8))))),((11,4),(10,9))),(14,(20,6)));

STEP 10 [TBR_ClassicHeuristic_RFC -> NNI_Substep_9] - Distance: 14.0000
((((16,((1,((5,13),18)),(17,2))),(15,((12,7),(19,(3,8))))),((11,4),(10,9))),(14,(20,6)));

STEP 11 [TBR_ClassicHeuristic_RFC -> NNI_Substep_10] - Distance: 13.0000
((((16,((1,(17,2)),((5,13),18))),(15,((12,7),(19,(3,8))))),((11,4),(10,9))),(14,(20,6)));

STEP 12 [TBR_ClassicHeuristic_RFC -> NNI_Substep_11] - Distance: 13.0000
((((((1,(17,2)),((5,13),18)),(15,((12,7),(19,(3,8))))),16),((11,4),(10,9))),(14,(20,6)));

STEP 13 [TBR_ClassicHeuristic_RFC -> NNI_Substep_12] - Distance: 13.0000
((((((1,(17,2)),((5,13),18)),(15,((12,7),(19,(3,8))))),((11,4),(10,9))),16),(14,(20,6)));

STEP 14 [TBR_ClassicHeuristic_RFC -> NNI_Substep_13] - Distance: 13.0000
(((((1,(17,2)),((5,13),18)),(15,((12,7),(19,(3,8))))),(((11,4),(10,9)),16)),(14,(20,6)));

STEP 15 [TBR_ClassicHeuristic_RFC -> NNI_Substep_14] - Distance: 13.0000
(((((1,(17,2)),((5,13),18)),(15,((12,7),(19,(3,8))))),((11,4),((10,9),16))),(14,(20,6)));

STEP 16 [TBR_ClassicHeuristic_RFC -> NNI_Substep_15] - Distance: 12.0000
(((((1,(17,2)),((5,13),18)),(15,((12,7),(19,(3,8))))),((11,4),(10,(9,16)))),(14,(20,6)));

STEP 17 [TBR_ClassicHeuristic_RFC -> NNI_Substep_16] - Distance: 12.0000
((((((5,13),18),(15,((12,7),(19,(3,8))))),(1,(17,2))),((11,4),(10,(9,16)))),(14,(20,6)));

STEP 18 [TBR_ClassicHeuristic_RFC -> NNI_Substep_17] - Distance: 12.0000
(((((5,13),18),((15,((12,7),(19,(3,8)))),(1,(17,2)))),((11,4),(10,(9,16)))),(14,(20,6)));

STEP 19 [TBR_ClassicHeuristic_RFC -> NNI_Substep_18] - Distance: 12.0000
(((((5,13),18),(15,(((12,7),(19,(3,8))),(1,(17,2))))),((11,4),(10,(9,16)))),(14,(20,6)));

STEP 20 [TBR_ClassicHeuristic_RFC -> NNI_Substep_19] - Distance: 12.0000
(((((5,13),18),(15,((12,7),((19,(3,8)),(1,(17,2)))))),((11,4),(10,(9,16)))),(14,(20,6)));

STEP 21 [TBR_ClassicHeuristic_RFC -> NNI_Substep_20] - Distance: 11.0000
(((((5,13),18),(15,((12,7),(19,((3,8),(1,(17,2))))))),((11,4),(10,(9,16)))),(14,(20,6)));

STEP 22 [TBR_ClassicHeuristic_RFC -> NNI_Substep_21] - Distance: 11.0000
(((((5,13),18),(15,((12,7),(19,((3,8),(1,(17,2))))))),((11,4),(10,(9,16)))),((14,6),20));

STEP 23 [TBR_ClassicHeuristic_RFC -> NNI_Substep_22] - Distance: 11.0000
((((((5,13),18),(15,((12,7),(19,((3,8),(1,(17,2))))))),20),((11,4),(10,(9,16)))),(14,6));

STEP 24 [TBR_ClassicHeuristic_RFC -> NNI_Substep_23] - Distance: 11.0000
(((((5,13),18),((15,((12,7),(19,((3,8),(1,(17,2)))))),20)),((11,4),(10,(9,16)))),(14,6));

STEP 25 [TBR_ClassicHeuristic_RFC -> NNI_Substep_24] - Distance: 11.0000
(((((5,13),18),(15,(((12,7),(19,((3,8),(1,(17,2))))),20))),((11,4),(10,(9,16)))),(14,6));

STEP 26 [TBR_ClassicHeuristic_RFC -> NNI_Substep_25] - Distance: 10.0000
(((((5,13),18),(15,((12,7),((19,((3,8),(1,(17,2)))),20)))),((11,4),(10,(9,16)))),(14,6));

STEP 27 [TBR_ClassicHeuristic_RFC -> NNI_Substep_26] - Distance: 9.0000
(((((5,13),18),(15,((12,7),((19,20),((3,8),(1,(17,2))))))),((11,4),(10,(9,16)))),(14,6));

STEP 28 [TBR_ClassicHeuristic_RFC -> NNI_Substep_27] - Distance: 9.0000
((((18,(15,((12,7),((19,20),((3,8),(1,(17,2))))))),(5,13)),((11,4),(10,(9,16)))),(14,6));

STEP 29 [TBR_ClassicHeuristic_RFC -> NNI_Substep_28] - Distance: 9.0000
((((18,(15,((12,7),((19,20),((3,8),(1,(17,2))))))),((11,4),(10,(9,16)))),(5,13)),(14,6));

STEP 30 [TBR_ClassicHeuristic_RFC -> NNI_Substep_29] - Distance: 8.0000
(((18,(15,((12,7),((19,20),((3,8),(1,(17,2))))))),((11,4),(10,(9,16)))),((14,(5,13)),6));

STEP 31 [TBR_ClassicHeuristic_RFC -> NNI_Substep_30] - Distance: 8.0000
((((15,((12,7),((19,20),((3,8),(1,(17,2)))))),((11,4),(10,(9,16)))),18),((14,(5,13)),6));

STEP 32 [TBR_ClassicHeuristic_RFC -> NNI_Substep_31] - Distance: 8.0000
(((15,((12,7),((19,20),((3,8),(1,(17,2)))))),(((11,4),(10,(9,16))),18)),((14,(5,13)),6));

STEP 33 [TBR_ClassicHeuristic_RFC -> NNI_Substep_32] - Distance: 8.0000
(((15,((12,7),((19,20),((3,8),(1,(17,2)))))),((11,4),((10,(9,16)),18))),((14,(5,13)),6));

STEP 34 [TBR_ClassicHeuristic_RFC -> NNI_Substep_33] - Distance: 7.0000
(((15,((12,7),((19,20),((3,8),(1,(17,2)))))),((11,4),((10,18),(9,16)))),((14,(5,13)),6));

STEP 35 [TBR_ClassicHeuristic_RFC -> NNI_Substep_34] - Distance: 7.0000
(((((12,7),((19,20),((3,8),(1,(17,2))))),((11,4),((10,18),(9,16)))),15),((14,(5,13)),6));

STEP 36 [TBR_ClassicHeuristic_RFC -> NNI_Substep_35] - Distance: 6.0000
((((12,7),((19,20),((3,8),(1,(17,2))))),((11,4),((10,18),(9,16)))),(((14,(5,13)),15),6));

STEP 37 [TBR_ClassicHeuristic_RFC -> NNI_Substep_36] - Distance: 6.0000
((((7,((19,20),((3,8),(1,(17,2))))),12),((11,4),((10,18),(9,16)))),(((14,(5,13)),15),6));

STEP 38 [TBR_ClassicHeuristic_RFC -> NNI_Substep_37] - Distance: 6.0000
((((7,((19,20),((3,8),(1,(17,2))))),((11,4),((10,18),(9,16)))),12),(((14,(5,13)),15),6));

STEP 39 [TBR_ClassicHeuristic_RFC -> NNI_Substep_38] - Distance: 6.0000
(((7,((19,20),((3,8),(1,(17,2))))),(((11,4),((10,18),(9,16))),12)),(((14,(5,13)),15),6));

STEP 40 [TBR_ClassicHeuristic_RFC -> NNI_Substep_39] - Distance: 5.0000
(((7,((19,20),((3,8),(1,(17,2))))),(((11,4),12),((10,18),(9,16)))),(((14,(5,13)),15),6));

STEP 41 [TBR_ClassicHeuristic_RFC -> NNI_Substep_40] - Distance: 4.0000
(((7,((19,20),((3,8),(1,(17,2))))),((((11,4),12),(9,16)),(10,18))),(((14,(5,13)),15),6));

STEP 42 [TBR_ClassicHeuristic_RFC -> NNI_Substep_41] - Distance: 4.0000
((((7,((19,20),((3,8),(1,(17,2))))),(((11,4),12),(9,16))),(10,18)),(((14,(5,13)),15),6));

STEP 43 [TBR_ClassicHeuristic_RFC -> NNI_Substep_42] - Distance: 4.0000
((((7,((19,20),((3,8),(1,(17,2))))),(10,18)),(((11,4),12),(9,16))),(((14,(5,13)),15),6));

STEP 44 [TBR_ClassicHeuristic_RFC -> NNI_Substep_43] - Distance: 3.0000
(((7,(((19,20),((3,8),(1,(17,2)))),(10,18))),(((11,4),12),(9,16))),(((14,(5,13)),15),6));

STEP 45 [TBR_ClassicHeuristic_RFC -> NNI_Substep_44] - Distance: 0.0000
((7,(((19,20),((3,8),(1,(17,2)))),(10,18))),((((14,(5,13)),15),(((11,4),12),(9,16))),6));

========================================================
[FINAL] Total Steps: 45 | Final Distance: 0.0000
========================================================
