========================================================
HEURISTIC TRAJECTORY: VND Classic (M3_RF)
========================================================
STEP 0 [START] - Distance: 945.0000
((15,(8,3)),(19,4),(((((1,2),(13,18)),(5,9)),(12,(6,16))),((17,(10,14)),(11,(20,7)))));

STEP 1 [NNI_ClassicHeuristic_M3_RF -> NNI_Substep_1] - Distance: 925.0000
(19,((15,(8,3)),4),(((((1,2),(13,18)),(5,9)),(12,(6,16))),((17,(10,14)),(11,(20,7)))));

STEP 2 [NNI_ClassicHeuristic_M3_RF -> NNI_Substep_2] - Distance: 909.0000
(19,((15,(8,3)),4),((11,(20,7)),((17,(10,14)),((((1,2),(13,18)),(5,9)),(12,(6,16))))));

STEP 3 [NNI_ClassicHeuristic_M3_RF -> NNI_Substep_3] - Distance: 895.0000
(19,((15,(8,3)),4),((11,(20,7)),((17,(10,14)),((((5,9),(13,18)),(1,2)),(12,(6,16))))));

STEP 4 [NNI_ClassicHeuristic_M3_RF -> NNI_Substep_4] - Distance: 882.0000
(19,((15,(8,3)),4),((11,(20,7)),((12,(6,16)),((((5,9),(13,18)),(1,2)),(17,(10,14))))));

STEP 5 [NNI_ClassicHeuristic_M3_RF -> NNI_Substep_5] - Distance: 868.0000
(19,((15,(8,3)),4),((11,(20,7)),((12,(6,16)),((((5,9),(13,18)),(17,(10,14))),(1,2)))));

STEP 6 [NNI_ClassicHeuristic_M3_RF -> NNI_Substep_6] - Distance: 844.0000
(19,((15,(8,3)),4),((11,(20,7)),((((5,9),(13,18)),(17,(10,14))),((12,(6,16)),(1,2)))));

STEP 7 [NNI_ClassicHeuristic_M3_RF -> NNI_Substep_7] - Distance: 826.0000
(19,((15,(8,3)),4),((11,(20,7)),((((5,9),(13,18)),(17,(10,14))),(1,((12,(6,16)),2)))));

STEP 8 [NNI_ClassicHeuristic_M3_RF -> NNI_Substep_8] - Distance: 809.0000
(19,((15,(8,3)),4),((11,(20,7)),((((5,9),(13,18)),(17,(10,14))),(1,((12,2),(6,16))))));

STEP 9 [NNI_ClassicHeuristic_M3_RF -> NNI_Substep_9] - Distance: 803.0000
((11,(20,7)),((15,(8,3)),4),(19,((((5,9),(13,18)),(17,(10,14))),(1,((12,2),(6,16))))));

STEP 10 [NNI_ClassicHeuristic_M3_RF -> NNI_Substep_10] - Distance: 795.0000
((11,((15,(8,3)),4)),(20,7),(19,((((5,9),(13,18)),(17,(10,14))),(1,((12,2),(6,16))))));

STEP 11 [NNI_ClassicHeuristic_M3_RF -> NNI_Substep_11] - Distance: 788.0000
((11,((15,(8,3)),4)),(20,7),(19,(((18,(13,(5,9))),(17,(10,14))),(1,((12,2),(6,16))))));

STEP 12 [NNI_ClassicHeuristic_M3_RF -> NNI_Substep_12] - Distance: 770.0000
((11,((15,(8,3)),4)),(20,7),(19,((((17,(10,14)),(13,(5,9))),18),(1,((12,2),(6,16))))));

STEP 13 [NNI_ClassicHeuristic_M3_RF -> NNI_Substep_13] - Distance: 760.0000
(20,((11,((15,(8,3)),4)),7),(19,((((17,(10,14)),(13,(5,9))),18),(1,((12,2),(6,16))))));

STEP 14 [NNI_ClassicHeuristic_M3_RF -> NNI_Substep_14] - Distance: 751.0000
(20,((11,((15,(8,3)),4)),7),(19,(((1,((12,2),(6,16))),18),((17,(10,14)),(13,(5,9))))));

STEP 15 [NNI_ClassicHeuristic_M3_RF -> NNI_Substep_15] - Distance: 744.0000
(20,((11,((15,(8,3)),4)),7),(((17,(10,14)),(13,(5,9))),(((1,((12,2),(6,16))),18),19)));

STEP 16 [NNI_ClassicHeuristic_M3_RF -> NNI_Substep_16] - Distance: 728.0000
(((17,(10,14)),(13,(5,9))),((11,((15,(8,3)),4)),7),(20,(((1,((12,2),(6,16))),18),19)));

STEP 17 [NNI_ClassicHeuristic_M3_RF -> NNI_Substep_17] - Distance: 719.0000
(((17,(10,14)),(13,(5,9))),((11,((15,(8,3)),4)),7),(19,(((1,((12,2),(6,16))),18),20)));

STEP 18 [NNI_ClassicHeuristic_M3_RF -> NNI_Substep_18] - Distance: 711.0000
(((17,(10,14)),(13,(5,9))),((11,((15,(8,3)),4)),7),(19,(((1,((12,2),(6,16))),20),18)));

STEP 19 [NNI_ClassicHeuristic_M3_RF -> NNI_Substep_19] - Distance: 703.0000
(((17,(10,14)),(13,(5,9))),((11,((15,(8,3)),4)),7),(18,(((1,((12,2),(6,16))),20),19)));

STEP 20 [NNI_ClassicHeuristic_M3_RF -> NNI_Substep_20] - Distance: 698.0000
(((17,(10,14)),(13,(5,9))),((11,((3,(8,15)),4)),7),(18,(((1,((12,2),(6,16))),20),19)));

STEP 21 [NNI_ClassicHeuristic_M3_RF -> NNI_Substep_21] - Distance: 694.0000
(((17,(10,14)),(13,(5,9))),((11,((3,(8,15)),4)),7),(18,(((20,((12,2),(6,16))),1),19)));

STEP 22 [NNI_ClassicHeuristic_M3_RF -> NNI_Substep_22] - Distance: 675.0000
(((17,(10,14)),(13,(5,9))),((11,((3,(8,15)),4)),7),(18,((((6,16),((12,2),20)),1),19)));

STEP 23 [NNI_ClassicHeuristic_M3_RF -> NNI_Substep_23] - Distance: 671.0000
(((17,(10,14)),(13,(5,9))),((11,((3,(8,15)),4)),7),(18,((((6,16),((12,2),20)),19),1)));

STEP 24 [NNI_ClassicHeuristic_M3_RF -> NNI_Substep_24] - Distance: 666.0000
(((17,(10,14)),(13,(5,9))),((11,((3,(8,15)),4)),7),(1,((((6,16),((12,2),20)),19),18)));

STEP 25 [NNI_ClassicHeuristic_M3_RF -> NNI_Substep_25] - Distance: 651.0000
(1,((11,((3,(8,15)),4)),7),(((17,(10,14)),(13,(5,9))),((((6,16),((12,2),20)),19),18)));

STEP 26 [NNI_ClassicHeuristic_M3_RF -> NNI_Substep_26] - Distance: 648.0000
(1,((4,((3,(8,15)),11)),7),(((17,(10,14)),(13,(5,9))),((((6,16),((12,2),20)),19),18)));

STEP 27 [NNI_ClassicHeuristic_M3_RF -> NNI_Substep_27] - Distance: 640.0000
(1,((7,((3,(8,15)),11)),4),(((17,(10,14)),(13,(5,9))),((((6,16),((12,2),20)),19),18)));

STEP 28 [NNI_ClassicHeuristic_M3_RF -> NNI_Substep_28] - Distance: 632.0000
(4,((7,((3,(8,15)),11)),1),(((17,(10,14)),(13,(5,9))),((((6,16),((12,2),20)),19),18)));

STEP 29 [NNI_ClassicHeuristic_M3_RF -> NNI_Substep_29] - Distance: 627.0000
(4,((7,((11,(8,15)),3)),1),(((17,(10,14)),(13,(5,9))),((((6,16),((12,2),20)),19),18)));

STEP 30 [NNI_ClassicHeuristic_M3_RF -> NNI_Substep_30] - Distance: 622.0000
(4,((3,((11,(8,15)),7)),1),(((17,(10,14)),(13,(5,9))),((((6,16),((12,2),20)),19),18)));

STEP 31 [NNI_ClassicHeuristic_M3_RF -> NNI_Substep_31] - Distance: 617.0000
(4,((1,((11,(8,15)),7)),3),(((17,(10,14)),(13,(5,9))),((((6,16),((12,2),20)),19),18)));

STEP 32 [NNI_ClassicHeuristic_M3_RF -> NNI_Substep_32] - Distance: 611.0000
(3,((1,((11,(8,15)),7)),4),(((17,(10,14)),(13,(5,9))),((((6,16),((12,2),20)),19),18)));

STEP 33 [NNI_ClassicHeuristic_M3_RF -> NNI_Substep_33] - Distance: 582.0000
(((17,(10,14)),(13,(5,9))),((1,((11,(8,15)),7)),4),(3,((((6,16),((12,2),20)),19),18)));

STEP 34 [NNI_ClassicHeuristic_M3_RF -> NNI_Substep_34] - Distance: 571.0000
(((17,(10,14)),(13,(5,9))),((1,((11,(8,15)),7)),4),(18,((((6,16),((12,2),20)),19),3)));

STEP 35 [NNI_ClassicHeuristic_M3_RF -> NNI_Substep_35] - Distance: 557.0000
(((17,(10,14)),(13,(5,9))),((1,((11,(8,15)),7)),4),(18,((((6,16),((12,2),20)),3),19)));

STEP 36 [NNI_ClassicHeuristic_M3_RF -> NNI_Substep_36] - Distance: 554.0000
(((17,(10,14)),(13,(5,9))),((1,((11,(8,15)),7)),4),(18,((((6,((12,2),20)),16),3),19)));

STEP 37 [NNI_ClassicHeuristic_M3_RF -> NNI_Substep_37] - Distance: 550.0000
(((17,(10,14)),(13,(5,9))),((1,((11,(8,15)),7)),4),(18,((((6,((12,2),20)),3),16),19)));

STEP 38 [NNI_ClassicHeuristic_M3_RF -> NNI_Substep_38] - Distance: 545.0000
(((17,(10,14)),(13,(5,9))),((1,((11,(8,15)),7)),4),(18,((((6,((12,2),20)),3),19),16)));

STEP 39 [NNI_ClassicHeuristic_M3_RF -> NNI_Substep_39] - Distance: 539.0000
(((17,(10,14)),(13,(5,9))),((1,((11,(8,15)),7)),4),((((6,((12,2),20)),3),19),(18,16)));

STEP 40 [NNI_ClassicHeuristic_M3_RF -> NNI_Substep_40] - Distance: 537.0000
(((10,(17,14)),(13,(5,9))),((1,((11,(8,15)),7)),4),((((6,((12,2),20)),3),19),(18,16)));

STEP 41 [NNI_ClassicHeuristic_M3_RF -> NNI_Substep_41] - Distance: 530.0000
((((13,(5,9)),(17,14)),10),((1,((11,(8,15)),7)),4),((((6,((12,2),20)),3),19),(18,16)));

STEP 42 [NNI_ClassicHeuristic_M3_RF -> NNI_Substep_42] - Distance: 508.0000
((((13,(5,9)),(17,14)),((1,((11,(8,15)),7)),4)),10,((((6,((12,2),20)),3),19),(18,16)));

STEP 43 [NNI_ClassicHeuristic_M3_RF -> NNI_Substep_43] - Distance: 495.0000
((((6,((12,2),20)),3),19),10,((((13,(5,9)),(17,14)),((1,((11,(8,15)),7)),4)),(18,16)));

STEP 44 [NNI_ClassicHeuristic_M3_RF -> NNI_Substep_44] - Distance: 481.0000
((((6,((12,2),20)),3),10),19,((((13,(5,9)),(17,14)),((1,((11,(8,15)),7)),4)),(18,16)));

STEP 45 [NNI_ClassicHeuristic_M3_RF -> NNI_Substep_45] - Distance: 466.0000
((((6,((12,2),20)),10),3),19,((((13,(5,9)),(17,14)),((1,((11,(8,15)),7)),4)),(18,16)));

STEP 46 [NNI_ClassicHeuristic_M3_RF -> NNI_Substep_46] - Distance: 418.0000
((((6,10),((12,2),20)),3),19,((((13,(5,9)),(17,14)),((1,((11,(8,15)),7)),4)),(18,16)));

STEP 47 [NNI_ClassicHeuristic_M3_RF -> NNI_Substep_47] - Distance: 416.0000
((((6,10),((12,2),20)),3),19,((((9,(5,13)),(17,14)),((1,((11,(8,15)),7)),4)),(18,16)));

STEP 48 [NNI_ClassicHeuristic_M3_RF -> NNI_Substep_48] - Distance: 410.0000
((((6,10),((12,2),20)),3),19,(((((17,14),(5,13)),9),((1,((11,(8,15)),7)),4)),(18,16)));

STEP 49 [NNI_ClassicHeuristic_M3_RF -> NNI_Substep_49] - Distance: 369.0000
((((6,10),((12,2),20)),3),19,(((((1,((11,(8,15)),7)),4),9),((17,14),(5,13))),(18,16)));

STEP 50 [NNI_ClassicHeuristic_M3_RF -> NNI_Substep_50] - Distance: 358.0000
((((6,10),((12,2),20)),3),19,(((((1,((11,(8,15)),7)),9),4),((17,14),(5,13))),(18,16)));

STEP 51 [NNI_ClassicHeuristic_M3_RF -> NNI_Substep_51] - Distance: 346.0000
((((6,10),((12,2),20)),3),19,(((((9,((11,(8,15)),7)),1),4),((17,14),(5,13))),(18,16)));

STEP 52 [NNI_ClassicHeuristic_M3_RF -> NNI_Substep_52] - Distance: 327.0000
((((6,10),((12,2),20)),3),19,((((((11,(8,15)),(9,7)),1),4),((17,14),(5,13))),(18,16)));

STEP 53 [NNI_ClassicHeuristic_M3_RF -> NNI_Substep_53] - Distance: 326.0000
((((6,10),((12,2),20)),3),19,((((((15,(8,11)),(9,7)),1),4),((17,14),(5,13))),(18,16)));

STEP 54 [NNI_ClassicHeuristic_M3_RF -> NNI_Substep_54] - Distance: 325.0000
((((6,10),((12,2),20)),3),19,((((((15,(9,7)),(8,11)),1),4),((17,14),(5,13))),(18,16)));

STEP 55 [NNI_ClassicHeuristic_M3_RF -> NNI_Substep_55] - Distance: 320.0000
((((6,10),((12,2),20)),3),19,((((((15,(9,7)),1),(8,11)),4),((17,14),(5,13))),(18,16)));

STEP 56 [NNI_ClassicHeuristic_M3_RF -> NNI_Substep_56] - Distance: 313.0000
((((6,10),((12,2),20)),3),19,((((((15,(9,7)),1),4),(8,11)),((17,14),(5,13))),(18,16)));

STEP 57 [NNI_ClassicHeuristic_M3_RF -> NNI_Substep_57] - Distance: 230.0000
((((6,10),((12,2),20)),3),19,((((((15,(9,7)),1),4),((17,14),(5,13))),(8,11)),(18,16)));

STEP 58 [NNI_ClassicHeuristic_M3_RF -> NNI_Substep_58] - Distance: 158.0000
((((6,10),((12,2),20)),3),19,(((18,16),(8,11)),((((15,(9,7)),1),4),((17,14),(5,13)))));

STEP 59 [NNI_ClassicHeuristic_M3_RF -> NNI_Substep_59] - Distance: 142.0000
((((6,10),((12,2),20)),3),19,((11,(8,(18,16))),((((15,(9,7)),1),4),((17,14),(5,13)))));

STEP 60 [NNI_ClassicHeuristic_M3_RF -> NNI_Substep_60] - Distance: 140.0000
((((6,10),((12,2),20)),3),19,((11,(16,(18,8))),((((15,(9,7)),1),4),((17,14),(5,13)))));

STEP 61 [NNI_ClassicHeuristic_M3_RF -> NNI_Substep_61] - Distance: 137.0000
((((6,10),((12,2),20)),3),19,((16,(11,(18,8))),((((15,(9,7)),1),4),((17,14),(5,13)))));

STEP 62 [NNI_ClassicHeuristic_M3_RF -> NNI_Substep_62] - Distance: 109.0000
((((6,10),((12,2),20)),3),19,((16,((((15,(9,7)),1),4),((17,14),(5,13)))),(11,(18,8))));

STEP 63 [NNI_ClassicHeuristic_M3_RF -> NNI_Substep_63] - Distance: 65.0000
((((6,10),((12,2),20)),3),19,((((17,14),(5,13)),((((15,(9,7)),1),4),16)),(11,(18,8))));

STEP 64 [NNI_ClassicHeuristic_M3_RF -> NNI_Substep_64] - Distance: 50.0000
((((6,10),((12,2),20)),3),19,((((17,14),(5,13)),((((15,(9,7)),1),16),4)),(11,(18,8))));

STEP 65 [NNI_ClassicHeuristic_M3_RF -> NNI_Substep_65] - Distance: 34.0000
((((6,10),((12,2),20)),3),19,((((17,14),(5,13)),((((15,(9,7)),16),1),4)),(11,(18,8))));

STEP 66 [NNI_ClassicHeuristic_M3_RF -> NNI_Substep_66] - Distance: 0.0000
((((6,10),((12,2),20)),3),19,((((17,14),(5,13)),((((15,16),(9,7)),1),4)),(11,(18,8))));

========================================================
[FINAL] Total Steps: 66 | Final Distance: 0.0000
========================================================
