========================================================
HEURISTIC TRAJECTORY: VND Classic (MC_RF)
========================================================
STEP 0 [START] - Distance: 84.0000
(((((10,(4,(15,2))),(12,19)),((1,(18,8)),(9,(3,16)))),((20,(5,11)),(7,13))),(17,(6,14)));

STEP 1 [NNI_ClassicHeuristic_MC_RF -> NNI_Substep_1] - Distance: 81.0000
(((((10,(12,19)),(4,(15,2))),((1,(18,8)),(9,(3,16)))),((20,(5,11)),(7,13))),(17,(6,14)));

STEP 2 [NNI_ClassicHeuristic_MC_RF -> NNI_Substep_2] - Distance: 80.0000
(((((15,2),(4,(10,(12,19)))),((1,(18,8)),(9,(3,16)))),((20,(5,11)),(7,13))),(17,(6,14)));

STEP 3 [NNI_ClassicHeuristic_MC_RF -> NNI_Substep_3] - Distance: 79.0000
(((((15,2),(4,(10,(12,19)))),((1,(9,(3,16))),(18,8))),((20,(5,11)),(7,13))),(17,(6,14)));

STEP 4 [NNI_ClassicHeuristic_MC_RF -> NNI_Substep_4] - Distance: 78.0000
(((((15,2),(4,(10,(12,19)))),(((3,16),(9,1)),(18,8))),((20,(5,11)),(7,13))),(17,(6,14)));

STEP 5 [NNI_ClassicHeuristic_MC_RF -> NNI_Substep_5] - Distance: 77.0000
(((((15,2),(4,(10,(12,19)))),((20,(5,11)),(7,13))),(((3,16),(9,1)),(18,8))),(17,(6,14)));

STEP 6 [TBR_ClassicHeuristic_MC_RF -> NNI_Substep_1] - Distance: 77.0000
(((((15,2),(4,((10,12),19))),((20,(5,11)),(7,13))),(((3,16),(9,1)),(18,8))),(17,(6,14)));

STEP 7 [TBR_ClassicHeuristic_MC_RF -> NNI_Substep_2] - Distance: 77.0000
(((((15,2),((4,(10,12)),19)),((20,(5,11)),(7,13))),(((3,16),(9,1)),(18,8))),(17,(6,14)));

STEP 8 [TBR_ClassicHeuristic_MC_RF -> NNI_Substep_3] - Distance: 78.0000
((((((15,2),(4,(10,12))),19),((20,(5,11)),(7,13))),(((3,16),(9,1)),(18,8))),(17,(6,14)));

STEP 9 [TBR_ClassicHeuristic_MC_RF -> NNI_Substep_4] - Distance: 80.0000
((((((15,2),(4,(10,12))),((20,(5,11)),(7,13))),19),(((3,16),(9,1)),(18,8))),(17,(6,14)));

STEP 10 [TBR_ClassicHeuristic_MC_RF -> NNI_Substep_5] - Distance: 78.0000
(((((15,2),(4,(10,12))),(((20,(5,11)),(7,13)),19)),(((3,16),(9,1)),(18,8))),(17,(6,14)));

STEP 11 [TBR_ClassicHeuristic_MC_RF -> NNI_Substep_6] - Distance: 75.0000
(((((15,2),(4,(10,12))),(((20,(5,11)),19),(7,13))),(((3,16),(9,1)),(18,8))),(17,(6,14)));

STEP 12 [TBR_ClassicHeuristic_MC_RF -> NNI_Substep_7] - Distance: 73.0000
(((((15,2),(4,(10,12))),((20,((5,11),19)),(7,13))),(((3,16),(9,1)),(18,8))),(17,(6,14)));

STEP 13 [TBR_ClassicHeuristic_MC_RF -> NNI_Substep_8] - Distance: 71.0000
(((((15,2),(4,(10,12))),((20,((5,19),11)),(7,13))),(((3,16),(9,1)),(18,8))),(17,(6,14)));

STEP 14 [TBR_ClassicHeuristic_MC_RF -> NNI_Substep_9] - Distance: 74.0000
(((((15,2),(4,(10,12))),((20,((5,19),11)),(7,13))),((((3,16),(9,1)),8),18)),(17,(6,14)));

STEP 15 [TBR_ClassicHeuristic_MC_RF -> NNI_Substep_10] - Distance: 78.0000
((((((15,2),(4,(10,12))),((20,((5,19),11)),(7,13))),(((3,16),(9,1)),8)),18),(17,(6,14)));

STEP 16 [TBR_ClassicHeuristic_MC_RF -> NNI_Substep_11] - Distance: 74.0000
((((((15,2),(4,(10,12))),((20,((5,19),11)),(7,13))),18),(((3,16),(9,1)),8)),(17,(6,14)));

STEP 17 [TBR_ClassicHeuristic_MC_RF -> NNI_Substep_12] - Distance: 71.0000
((((((15,2),(4,(10,12))),18),((20,((5,19),11)),(7,13))),(((3,16),(9,1)),8)),(17,(6,14)));

STEP 18 [TBR_ClassicHeuristic_MC_RF -> NNI_Substep_13] - Distance: 68.0000
(((((15,2),((4,(10,12)),18)),((20,((5,19),11)),(7,13))),(((3,16),(9,1)),8)),(17,(6,14)));

STEP 19 [TBR_ClassicHeuristic_MC_RF -> NNI_Substep_14] - Distance: 66.0000
(((((15,2),(4,((10,12),18))),((20,((5,19),11)),(7,13))),(((3,16),(9,1)),8)),(17,(6,14)));

STEP 20 [TBR_ClassicHeuristic_MC_RF -> NNI_Substep_15] - Distance: 64.0000
(((((15,2),(4,(10,(12,18)))),((20,((5,19),11)),(7,13))),(((3,16),(9,1)),8)),(17,(6,14)));

STEP 21 [TBR_ClassicHeuristic_MC_RF -> NNI_Substep_16] - Distance: 64.0000
(((((15,2),(4,(10,(12,18)))),(((20,(5,19)),11),(7,13))),(((3,16),(9,1)),8)),(17,(6,14)));

STEP 22 [TBR_ClassicHeuristic_MC_RF -> NNI_Substep_17] - Distance: 65.0000
(((((15,2),(4,(10,(12,18)))),(((20,(5,19)),(7,13)),11)),(((3,16),(9,1)),8)),(17,(6,14)));

STEP 23 [TBR_ClassicHeuristic_MC_RF -> NNI_Substep_18] - Distance: 68.0000
((((((15,2),(4,(10,(12,18)))),((20,(5,19)),(7,13))),11),(((3,16),(9,1)),8)),(17,(6,14)));

STEP 24 [TBR_ClassicHeuristic_MC_RF -> NNI_Substep_19] - Distance: 66.0000
((((((15,2),(4,(10,(12,18)))),11),((20,(5,19)),(7,13))),(((3,16),(9,1)),8)),(17,(6,14)));

STEP 25 [TBR_ClassicHeuristic_MC_RF -> NNI_Substep_20] - Distance: 63.0000
(((((15,2),((4,(10,(12,18))),11)),((20,(5,19)),(7,13))),(((3,16),(9,1)),8)),(17,(6,14)));

STEP 26 [TBR_ClassicHeuristic_MC_RF -> NNI_Substep_21] - Distance: 61.0000
(((((15,2),(4,((10,(12,18)),11))),((20,(5,19)),(7,13))),(((3,16),(9,1)),8)),(17,(6,14)));

STEP 27 [TBR_ClassicHeuristic_MC_RF -> NNI_Substep_22] - Distance: 58.0000
(((((15,2),(4,((10,11),(12,18)))),((20,(5,19)),(7,13))),(((3,16),(9,1)),8)),(17,(6,14)));

STEP 28 [TBR_ClassicHeuristic_MC_RF -> NNI_Substep_23] - Distance: 60.0000
(((((2,(4,((10,11),(12,18)))),15),((20,(5,19)),(7,13))),(((3,16),(9,1)),8)),(17,(6,14)));

STEP 29 [TBR_ClassicHeuristic_MC_RF -> NNI_Substep_24] - Distance: 62.0000
(((((2,(4,((10,11),(12,18)))),((20,(5,19)),(7,13))),15),(((3,16),(9,1)),8)),(17,(6,14)));

STEP 30 [TBR_ClassicHeuristic_MC_RF -> NNI_Substep_25] - Distance: 64.0000
(((((2,(4,((10,11),(12,18)))),((20,(5,19)),(7,13))),(((3,16),(9,1)),8)),15),(17,(6,14)));

STEP 31 [TBR_ClassicHeuristic_MC_RF -> NNI_Substep_26] - Distance: 58.0000
((((2,(4,((10,11),(12,18)))),((20,(5,19)),(7,13))),((((3,16),(9,1)),8),15)),(17,(6,14)));

STEP 32 [TBR_ClassicHeuristic_MC_RF -> NNI_Substep_27] - Distance: 53.0000
((((2,(4,((10,11),(12,18)))),((20,(5,19)),(7,13))),(((3,16),(9,1)),(8,15))),(17,(6,14)));

STEP 33 [TBR_ClassicHeuristic_MC_RF -> NNI_Substep_28] - Distance: 60.0000
(((((2,(4,((10,11),(12,18)))),((20,(5,19)),(7,13))),((3,16),(9,1))),(8,15)),(17,(6,14)));

STEP 34 [TBR_ClassicHeuristic_MC_RF -> NNI_Substep_29] - Distance: 56.0000
(((((2,(4,((10,11),(12,18)))),((20,(5,19)),(7,13))),(8,15)),((3,16),(9,1))),(17,(6,14)));

STEP 35 [TBR_ClassicHeuristic_MC_RF -> NNI_Substep_30] - Distance: 52.0000
((((2,(4,((10,11),(12,18)))),(((20,(5,19)),(7,13)),(8,15))),((3,16),(9,1))),(17,(6,14)));

STEP 36 [TBR_ClassicHeuristic_MC_RF -> NNI_Substep_31] - Distance: 48.0000
((((2,(4,((10,11),(12,18)))),(((20,(5,19)),(8,15)),(7,13))),((3,16),(9,1))),(17,(6,14)));

STEP 37 [TBR_ClassicHeuristic_MC_RF -> NNI_Substep_32] - Distance: 45.0000
((((2,(4,((10,11),(12,18)))),((20,((5,19),(8,15))),(7,13))),((3,16),(9,1))),(17,(6,14)));

STEP 38 [TBR_ClassicHeuristic_MC_RF -> NNI_Substep_33] - Distance: 53.0000
(((((2,(4,((10,11),(12,18)))),((20,((5,19),(8,15))),(7,13))),17),((3,16),(9,1))),(6,14));

STEP 39 [TBR_ClassicHeuristic_MC_RF -> NNI_Substep_34] - Distance: 48.0000
((((2,(4,((10,11),(12,18)))),(((20,((5,19),(8,15))),(7,13)),17)),((3,16),(9,1))),(6,14));

STEP 40 [TBR_ClassicHeuristic_MC_RF -> NNI_Substep_35] - Distance: 45.0000
((((2,(4,((10,11),(12,18)))),(((20,((5,19),(8,15))),17),(7,13))),((3,16),(9,1))),(6,14));

STEP 41 [TBR_ClassicHeuristic_MC_RF -> NNI_Substep_36] - Distance: 40.0000
((((2,(4,((10,11),(12,18)))),(((20,17),((5,19),(8,15))),(7,13))),((3,16),(9,1))),(6,14));

STEP 42 [TBR_ClassicHeuristic_MC_RF -> NNI_Substep_37] - Distance: 41.0000
((((2,(4,((10,11),(12,18)))),(((20,17),((5,19),(8,15))),(7,13))),(((3,16),1),9)),(6,14));

STEP 43 [TBR_ClassicHeuristic_MC_RF -> NNI_Substep_38] - Distance: 50.0000
(((((2,(4,((10,11),(12,18)))),(((20,17),((5,19),(8,15))),(7,13))),((3,16),1)),9),(6,14));

STEP 44 [TBR_ClassicHeuristic_MC_RF -> NNI_Substep_39] - Distance: 48.0000
(((((2,(4,((10,11),(12,18)))),(((20,17),((5,19),(8,15))),(7,13))),9),((3,16),1)),(6,14));

STEP 45 [TBR_ClassicHeuristic_MC_RF -> NNI_Substep_40] - Distance: 41.0000
(((((2,(4,((10,11),(12,18)))),9),(((20,17),((5,19),(8,15))),(7,13))),((3,16),1)),(6,14));

STEP 46 [TBR_ClassicHeuristic_MC_RF -> NNI_Substep_41] - Distance: 37.0000
(((((2,9),(4,((10,11),(12,18)))),(((20,17),((5,19),(8,15))),(7,13))),((3,16),1)),(6,14));

STEP 47 [TBR_ClassicHeuristic_MC_RF -> NNI_Substep_42] - Distance: 42.0000
(((((2,9),(4,((10,11),(12,18)))),((((20,17),((5,19),(8,15))),13),7)),((3,16),1)),(6,14));

STEP 48 [TBR_ClassicHeuristic_MC_RF -> NNI_Substep_43] - Distance: 46.0000
((((((2,9),(4,((10,11),(12,18)))),(((20,17),((5,19),(8,15))),13)),7),((3,16),1)),(6,14));

STEP 49 [TBR_ClassicHeuristic_MC_RF -> NNI_Substep_44] - Distance: 40.0000
((((((2,9),(4,((10,11),(12,18)))),7),(((20,17),((5,19),(8,15))),13)),((3,16),1)),(6,14));

STEP 50 [TBR_ClassicHeuristic_MC_RF -> NNI_Substep_45] - Distance: 37.0000
(((((2,9),((4,((10,11),(12,18))),7)),(((20,17),((5,19),(8,15))),13)),((3,16),1)),(6,14));

STEP 51 [TBR_ClassicHeuristic_MC_RF -> NNI_Substep_46] - Distance: 35.0000
(((((2,9),(4,(((10,11),(12,18)),7))),(((20,17),((5,19),(8,15))),13)),((3,16),1)),(6,14));

STEP 52 [TBR_ClassicHeuristic_MC_RF -> NNI_Substep_47] - Distance: 36.0000
((((((2,9),(((10,11),(12,18)),7)),4),(((20,17),((5,19),(8,15))),13)),((3,16),1)),(6,14));

STEP 53 [TBR_ClassicHeuristic_MC_RF -> NNI_Substep_48] - Distance: 42.0000
((((((2,9),(((10,11),(12,18)),7)),(((20,17),((5,19),(8,15))),13)),4),((3,16),1)),(6,14));

STEP 54 [TBR_ClassicHeuristic_MC_RF -> NNI_Substep_49] - Distance: 36.0000
(((((2,9),(((10,11),(12,18)),7)),((((20,17),((5,19),(8,15))),13),4)),((3,16),1)),(6,14));

STEP 55 [TBR_ClassicHeuristic_MC_RF -> NNI_Substep_50] - Distance: 31.0000
(((((2,9),(((10,11),(12,18)),7)),(((20,17),((5,19),(8,15))),(13,4))),((3,16),1)),(6,14));

STEP 56 [TBR_ClassicHeuristic_MC_RF -> NNI_Substep_51] - Distance: 40.0000
((((((2,9),(((10,11),(12,18)),7)),(((20,17),((5,19),(8,15))),(13,4))),6),((3,16),1)),14);

STEP 57 [TBR_ClassicHeuristic_MC_RF -> NNI_Substep_52] - Distance: 31.0000
((((((2,9),(((10,11),(12,18)),7)),6),(((20,17),((5,19),(8,15))),(13,4))),((3,16),1)),14);

STEP 58 [TBR_ClassicHeuristic_MC_RF -> NNI_Substep_53] - Distance: 28.0000
(((((2,9),((((10,11),(12,18)),7),6)),(((20,17),((5,19),(8,15))),(13,4))),((3,16),1)),14);

STEP 59 [TBR_ClassicHeuristic_MC_RF -> NNI_Substep_54] - Distance: 34.0000
((((((2,9),((((10,11),(12,18)),7),6)),((20,17),((5,19),(8,15)))),(13,4)),((3,16),1)),14);

STEP 60 [TBR_ClassicHeuristic_MC_RF -> NNI_Substep_55] - Distance: 33.0000
((((((2,9),((((10,11),(12,18)),7),6)),((20,17),((5,19),(8,15)))),((3,16),1)),(13,4)),14);

STEP 61 [TBR_ClassicHeuristic_MC_RF -> NNI_Substep_56] - Distance: 21.0000
(((((2,9),((((10,11),(12,18)),7),6)),((20,17),((5,19),(8,15)))),(((3,16),1),(13,4))),14);

STEP 62 [TBR_ClassicHeuristic_MC_RF -> NNI_Substep_57] - Distance: 20.0000
(((((2,9),((((10,11),(12,18)),7),6)),((20,17),((5,19),(8,15)))),(((3,16),(13,4)),1)),14);

STEP 63 [TBR_ClassicHeuristic_MC_RF -> NNI_Substep_58] - Distance: 17.0000
(((((2,9),((((10,11),(12,18)),7),6)),((20,17),((5,19),(8,15)))),(((3,(13,4)),16),1)),14);

STEP 64 [TBR_ClassicHeuristic_MC_RF -> NNI_Substep_59] - Distance: 15.0000
(((((2,9),((((10,11),(12,18)),7),6)),((20,17),((5,19),(8,15)))),(((3,(13,4)),1),16)),14);

STEP 65 [TBR_ClassicHeuristic_MC_RF -> NNI_Substep_60] - Distance: 28.0000
((((((2,9),((((10,11),(12,18)),7),6)),((20,17),((5,19),(8,15)))),((3,(13,4)),1)),16),14);

STEP 66 [TBR_ClassicHeuristic_MC_RF -> NNI_Substep_61] - Distance: 25.0000
((((((2,9),((((10,11),(12,18)),7),6)),((20,17),((5,19),(8,15)))),16),((3,(13,4)),1)),14);

STEP 67 [TBR_ClassicHeuristic_MC_RF -> NNI_Substep_62] - Distance: 0.0000
(((((2,9),((((10,11),(12,18)),7),6)),(((20,17),((5,19),(8,15))),16)),((3,(13,4)),1)),14);

========================================================
[FINAL] Total Steps: 67 | Final Distance: 0.0000
========================================================
