========================================================
HEURISTIC TRAJECTORY: VND Incremental (MC)
========================================================
STEP 0 [START] - Distance: 82.0000
(((16,((2,13),(10,(19,14)))),((3,(6,5)),(((1,(15,12)),(8,(20,4))),(11,18)))),(9,(7,17)));

STEP 1 [NNI_IncrementalHeuristic_MC -> NNI_Substep_1] - Distance: 77.0000
(((3,(6,5)),((16,((2,13),(10,(19,14)))),(((1,(15,12)),(8,(20,4))),(11,18)))),(9,(7,17)));

STEP 2 [NNI_IncrementalHeuristic_MC -> NNI_Substep_2] - Distance: 75.0000
(((3,(6,5)),((11,18),(((1,(15,12)),(8,(20,4))),(16,((2,13),(10,(19,14))))))),(9,(7,17)));

STEP 3 [NNI_IncrementalHeuristic_MC -> NNI_Substep_3] - Distance: 74.0000
(((11,18),((3,(6,5)),(((1,(15,12)),(8,(20,4))),(16,((2,13),(10,(19,14))))))),(9,(7,17)));

STEP 4 [NNI_IncrementalHeuristic_MC -> NNI_Substep_4] - Distance: 65.0000
(((3,(6,5)),((9,(7,17)),(((1,(15,12)),(8,(20,4))),(16,((2,13),(10,(19,14))))))),(11,18));

STEP 5 [NNI_IncrementalHeuristic_MC -> NNI_Substep_5] - Distance: 64.0000
(((3,(6,5)),((9,(7,17)),(((16,((2,13),(10,(19,14)))),(8,(20,4))),(1,(15,12))))),(11,18));

STEP 6 [NNI_IncrementalHeuristic_MC -> NNI_Substep_6] - Distance: 62.0000
(((3,(6,5)),((9,(7,17)),(((16,(8,(20,4))),((2,13),(10,(19,14)))),(1,(15,12))))),(11,18));

STEP 7 [NNI_IncrementalHeuristic_MC -> NNI_Substep_7] - Distance: 61.0000
(((3,(6,5)),((9,(7,17)),(((1,(15,12)),((2,13),(10,(19,14)))),(16,(8,(20,4)))))),(11,18));

STEP 8 [NNI_IncrementalHeuristic_MC -> NNI_Substep_8] - Distance: 58.0000
(((3,(6,5)),((9,(7,17)),(((1,((2,13),(10,(19,14)))),(15,12)),(16,(8,(20,4)))))),(11,18));

STEP 9 [NNI_IncrementalHeuristic_MC -> NNI_Substep_9] - Distance: 57.0000
(((3,(6,5)),((9,(7,17)),(((1,((2,13),(10,(19,14)))),(15,12)),((20,4),(8,16))))),(11,18));

STEP 10 [TBR_IncrementalHeuristic_MC -> NNI_Substep_1] - Distance: 57.0000
(((3,(6,5)),(((9,17),7),(((1,((2,13),(10,(19,14)))),(15,12)),((20,4),(8,16))))),(11,18));

STEP 11 [TBR_IncrementalHeuristic_MC -> NNI_Substep_2] - Distance: 62.0000
(((3,(6,5)),(((9,17),(((1,((2,13),(10,(19,14)))),(15,12)),((20,4),(8,16)))),7)),(11,18));

STEP 12 [TBR_IncrementalHeuristic_MC -> NNI_Substep_3] - Distance: 61.0000
(((3,(6,5)),((9,17),((((1,((2,13),(10,(19,14)))),(15,12)),((20,4),(8,16))),7))),(11,18));

STEP 13 [TBR_IncrementalHeuristic_MC -> NNI_Substep_4] - Distance: 58.0000
(((3,(6,5)),((9,17),((((1,((2,13),(10,(19,14)))),(15,12)),7),((20,4),(8,16))))),(11,18));

STEP 14 [TBR_IncrementalHeuristic_MC -> NNI_Substep_5] - Distance: 55.0000
(((3,(6,5)),((9,17),((((1,((2,13),(10,(19,14)))),7),(15,12)),((20,4),(8,16))))),(11,18));

STEP 15 [TBR_IncrementalHeuristic_MC -> NNI_Substep_6] - Distance: 53.0000
(((3,(6,5)),((9,17),(((1,(((2,13),(10,(19,14))),7)),(15,12)),((20,4),(8,16))))),(11,18));

STEP 16 [TBR_IncrementalHeuristic_MC -> NNI_Substep_7] - Distance: 51.0000
(((3,(6,5)),((9,17),(((1,(((2,13),7),(10,(19,14)))),(15,12)),((20,4),(8,16))))),(11,18));

STEP 17 [TBR_IncrementalHeuristic_MC -> NNI_Substep_8] - Distance: 49.0000
(((3,(6,5)),((9,17),(((1,(((2,7),13),(10,(19,14)))),(15,12)),((20,4),(8,16))))),(11,18));

STEP 18 [TBR_IncrementalHeuristic_MC -> NNI_Substep_9] - Distance: 50.0000
(((3,(6,5)),((9,17),(((1,(((2,7),13),(10,(19,14)))),(15,12)),((20,(8,16)),4)))),(11,18));

STEP 19 [TBR_IncrementalHeuristic_MC -> NNI_Substep_10] - Distance: 54.0000
(((3,(6,5)),((9,17),((((1,(((2,7),13),(10,(19,14)))),(15,12)),(20,(8,16))),4))),(11,18));

STEP 20 [TBR_IncrementalHeuristic_MC -> NNI_Substep_11] - Distance: 53.0000
(((3,(6,5)),(((9,17),(((1,(((2,7),13),(10,(19,14)))),(15,12)),(20,(8,16)))),4)),(11,18));

STEP 21 [TBR_IncrementalHeuristic_MC -> NNI_Substep_12] - Distance: 53.0000
((((3,(6,5)),((9,17),(((1,(((2,7),13),(10,(19,14)))),(15,12)),(20,(8,16))))),4),(11,18));

STEP 22 [TBR_IncrementalHeuristic_MC -> NNI_Substep_13] - Distance: 42.0000
(((3,(6,5)),((9,17),(((1,(((2,7),13),((10,19),14))),(15,12)),(20,(8,16))))),((11,18),4));

STEP 23 [TBR_IncrementalHeuristic_MC -> NNI_Substep_14] - Distance: 42.0000
(((3,(6,5)),((9,17),(((1,((((2,7),13),(10,19)),14)),(15,12)),(20,(8,16))))),((11,18),4));

STEP 24 [TBR_IncrementalHeuristic_MC -> NNI_Substep_15] - Distance: 42.0000
(((3,(6,5)),((9,17),((((1,(((2,7),13),(10,19))),14),(15,12)),(20,(8,16))))),((11,18),4));

STEP 25 [TBR_IncrementalHeuristic_MC -> NNI_Substep_16] - Distance: 43.0000
(((3,(6,5)),((9,17),((((1,(((2,7),13),(10,19))),(15,12)),14),(20,(8,16))))),((11,18),4));

STEP 26 [TBR_IncrementalHeuristic_MC -> NNI_Substep_17] - Distance: 43.0000
(((3,(6,5)),((9,17),((((1,(((2,7),13),(10,19))),(15,12)),(20,(8,16))),14))),((11,18),4));

STEP 27 [TBR_IncrementalHeuristic_MC -> NNI_Substep_18] - Distance: 38.0000
(((3,(6,5)),((9,17),(((1,(((2,7),13),(10,19))),(15,12)),((20,(8,16)),14)))),((11,18),4));

STEP 28 [TBR_IncrementalHeuristic_MC -> NNI_Substep_19] - Distance: 38.0000
(((3,(6,5)),((9,17),(((1,(((2,7),13),(10,19))),(15,12)),(20,((8,16),14))))),((11,18),4));

STEP 29 [TBR_IncrementalHeuristic_MC -> NNI_Substep_20] - Distance: 36.0000
(((3,(6,5)),((9,17),(((1,(((2,7),13),(10,19))),(15,12)),(20,((8,14),16))))),((11,18),4));

STEP 30 [TBR_IncrementalHeuristic_MC -> NNI_Substep_21] - Distance: 38.0000
(((3,(6,5)),((9,17),(((1,((13,(10,19)),(2,7))),(15,12)),(20,((8,14),16))))),((11,18),4));

STEP 31 [TBR_IncrementalHeuristic_MC -> NNI_Substep_22] - Distance: 35.0000
(((3,(6,5)),((9,17),(((1,(13,((10,19),(2,7)))),(15,12)),(20,((8,14),16))))),((11,18),4));

STEP 32 [TBR_IncrementalHeuristic_MC -> NNI_Substep_23] - Distance: 32.0000
(((3,(6,5)),((9,17),(((1,(13,((10,(2,7)),19))),(15,12)),(20,((8,14),16))))),((11,18),4));

STEP 33 [TBR_IncrementalHeuristic_MC -> NNI_Substep_24] - Distance: 39.0000
(((3,(6,5)),((9,17),((((1,(13,((10,(2,7)),19))),(15,12)),((8,14),16)),20))),((11,18),4));

STEP 34 [TBR_IncrementalHeuristic_MC -> NNI_Substep_25] - Distance: 35.0000
(((3,(6,5)),((9,17),((((1,(13,((10,(2,7)),19))),(15,12)),20),((8,14),16)))),((11,18),4));

STEP 35 [TBR_IncrementalHeuristic_MC -> NNI_Substep_26] - Distance: 34.0000
(((3,(6,5)),((9,17),((((1,(13,((10,(2,7)),19))),20),(15,12)),((8,14),16)))),((11,18),4));

STEP 36 [TBR_IncrementalHeuristic_MC -> NNI_Substep_27] - Distance: 32.0000
(((3,(6,5)),((9,17),(((1,((13,((10,(2,7)),19)),20)),(15,12)),((8,14),16)))),((11,18),4));

STEP 37 [TBR_IncrementalHeuristic_MC -> NNI_Substep_28] - Distance: 27.0000
(((3,(6,5)),((9,17),(((1,((13,20),((10,(2,7)),19))),(15,12)),((8,14),16)))),((11,18),4));

STEP 38 [TBR_IncrementalHeuristic_MC -> NNI_Substep_29] - Distance: 38.0000
(((3,(6,5)),((17,(((1,((13,20),((10,(2,7)),19))),(15,12)),((8,14),16))),9)),((11,18),4));

STEP 39 [TBR_IncrementalHeuristic_MC -> NNI_Substep_30] - Distance: 36.0000
(((3,(6,5)),(17,((((1,((13,20),((10,(2,7)),19))),(15,12)),((8,14),16)),9))),((11,18),4));

STEP 40 [TBR_IncrementalHeuristic_MC -> NNI_Substep_31] - Distance: 32.0000
(((3,(6,5)),(17,((((1,((13,20),((10,(2,7)),19))),(15,12)),9),((8,14),16)))),((11,18),4));

STEP 41 [TBR_IncrementalHeuristic_MC -> NNI_Substep_32] - Distance: 29.0000
(((3,(6,5)),(17,((((1,((13,20),((10,(2,7)),19))),9),(15,12)),((8,14),16)))),((11,18),4));

STEP 42 [TBR_IncrementalHeuristic_MC -> NNI_Substep_33] - Distance: 27.0000
(((3,(6,5)),(17,(((1,(((13,20),((10,(2,7)),19)),9)),(15,12)),((8,14),16)))),((11,18),4));

STEP 43 [TBR_IncrementalHeuristic_MC -> NNI_Substep_34] - Distance: 22.0000
(((3,(6,5)),(17,(((1,(((13,20),9),((10,(2,7)),19))),(15,12)),((8,14),16)))),((11,18),4));

STEP 44 [TBR_IncrementalHeuristic_MC -> NNI_Substep_35] - Distance: 20.0000
(((3,(6,5)),(17,(((1,((13,(20,9)),((10,(2,7)),19))),(15,12)),((8,14),16)))),((11,18),4));

STEP 45 [TBR_IncrementalHeuristic_MC -> NNI_Substep_36] - Distance: 29.0000
((((6,5),(17,(((1,((13,(20,9)),((10,(2,7)),19))),(15,12)),((8,14),16)))),3),((11,18),4));

STEP 46 [TBR_IncrementalHeuristic_MC -> NNI_Substep_37] - Distance: 30.0000
(((6,5),((17,(((1,((13,(20,9)),((10,(2,7)),19))),(15,12)),((8,14),16))),3)),((11,18),4));

STEP 47 [TBR_IncrementalHeuristic_MC -> NNI_Substep_38] - Distance: 28.0000
(((6,5),(17,((((1,((13,(20,9)),((10,(2,7)),19))),(15,12)),((8,14),16)),3))),((11,18),4));

STEP 48 [TBR_IncrementalHeuristic_MC -> NNI_Substep_39] - Distance: 24.0000
(((6,5),(17,((((1,((13,(20,9)),((10,(2,7)),19))),(15,12)),3),((8,14),16)))),((11,18),4));

STEP 49 [TBR_IncrementalHeuristic_MC -> NNI_Substep_40] - Distance: 23.0000
(((6,5),(17,((((1,((13,(20,9)),((10,(2,7)),19))),3),(15,12)),((8,14),16)))),((11,18),4));

STEP 50 [TBR_IncrementalHeuristic_MC -> NNI_Substep_41] - Distance: 21.0000
(((6,5),(17,(((1,(((13,(20,9)),((10,(2,7)),19)),3)),(15,12)),((8,14),16)))),((11,18),4));

STEP 51 [TBR_IncrementalHeuristic_MC -> NNI_Substep_42] - Distance: 16.0000
(((6,5),(17,(((1,(((13,(20,9)),3),((10,(2,7)),19))),(15,12)),((8,14),16)))),((11,18),4));

STEP 52 [TBR_IncrementalHeuristic_MC -> NNI_Substep_43] - Distance: 15.0000
(((6,5),(17,(((1,(((13,3),(20,9)),((10,(2,7)),19))),(15,12)),((8,14),16)))),((11,18),4));

STEP 53 [TBR_IncrementalHeuristic_MC -> NNI_Substep_44] - Distance: 16.0000
(((6,5),(17,(((1,(((3,(20,9)),13),((10,(2,7)),19))),(15,12)),((8,14),16)))),((11,18),4));

STEP 54 [TBR_IncrementalHeuristic_MC -> NNI_Substep_45] - Distance: 19.0000
(((6,5),(17,(((1,(((3,(20,9)),((10,(2,7)),19)),13)),(15,12)),((8,14),16)))),((11,18),4));

STEP 55 [TBR_IncrementalHeuristic_MC -> NNI_Substep_46] - Distance: 19.0000
(((6,5),(17,((((1,((3,(20,9)),((10,(2,7)),19))),13),(15,12)),((8,14),16)))),((11,18),4));

STEP 56 [TBR_IncrementalHeuristic_MC -> NNI_Substep_47] - Distance: 18.0000
(((6,5),(17,((((1,((3,(20,9)),((10,(2,7)),19))),(15,12)),13),((8,14),16)))),((11,18),4));

STEP 57 [TBR_IncrementalHeuristic_MC -> NNI_Substep_48] - Distance: 20.0000
(((6,5),(17,((((1,((3,(20,9)),((10,(2,7)),19))),(15,12)),((8,14),16)),13))),((11,18),4));

STEP 58 [TBR_IncrementalHeuristic_MC -> NNI_Substep_49] - Distance: 20.0000
(((6,5),((17,(((1,((3,(20,9)),((10,(2,7)),19))),(15,12)),((8,14),16))),13)),((11,18),4));

STEP 59 [TBR_IncrementalHeuristic_MC -> NNI_Substep_50] - Distance: 19.0000
((((6,5),(17,(((1,((3,(20,9)),((10,(2,7)),19))),(15,12)),((8,14),16)))),13),((11,18),4));

STEP 60 [TBR_IncrementalHeuristic_MC -> NNI_Substep_51] - Distance: 6.0000
((((6,5),13),(17,(((1,((3,(20,9)),((10,(2,7)),19))),(15,12)),((8,14),16)))),((11,18),4));

STEP 61 [TBR_IncrementalHeuristic_MC -> NNI_Substep_52] - Distance: 13.0000
((((6,5),13),(17,((((1,((3,(20,9)),((10,(2,7)),19))),15),12),((8,14),16)))),((11,18),4));

STEP 62 [TBR_IncrementalHeuristic_MC -> NNI_Substep_53] - Distance: 15.0000
((((6,5),13),(17,((((1,((3,(20,9)),((10,(2,7)),19))),15),((8,14),16)),12))),((11,18),4));

STEP 63 [TBR_IncrementalHeuristic_MC -> NNI_Substep_54] - Distance: 15.0000
((((6,5),13),((17,(((1,((3,(20,9)),((10,(2,7)),19))),15),((8,14),16))),12)),((11,18),4));

STEP 64 [TBR_IncrementalHeuristic_MC -> NNI_Substep_55] - Distance: 17.0000
(((((6,5),13),(17,(((1,((3,(20,9)),((10,(2,7)),19))),15),((8,14),16)))),12),((11,18),4));

STEP 65 [TBR_IncrementalHeuristic_MC -> NNI_Substep_56] - Distance: 3.0000
(((((6,5),13),12),(17,(((1,((3,(20,9)),((10,(2,7)),19))),15),((8,14),16)))),((11,18),4));

STEP 66 [TBR_IncrementalHeuristic_MC -> NNI_Substep_57] - Distance: 0.0000
((((6,5),(13,12)),(17,(((1,((3,(20,9)),((10,(2,7)),19))),15),((8,14),16)))),((11,18),4));

========================================================
[FINAL] Total Steps: 66 | Final Distance: 0.0000
========================================================
