========================================================
HEURISTIC TRAJECTORY: VND Incremental (MS)
========================================================
STEP 0 [START] - Distance: 64.0000
(((11,(15,9)),(18,(2,20))),((14,3),(5,17)),(((4,((8,7),(1,(10,12)))),(19,13)),(6,16)));

STEP 1 [NNI_IncrementalHeuristic_MS -> NNI_Substep_1] - Distance: 62.0000
((6,16),((14,3),(5,17)),(((4,((8,7),(1,(10,12)))),(19,13)),((11,(15,9)),(18,(2,20)))));

STEP 2 [NNI_IncrementalHeuristic_MS -> NNI_Substep_2] - Distance: 60.0000
((6,16),((14,3),(5,17)),((((1,(10,12)),((8,7),4)),(19,13)),((11,(15,9)),(18,(2,20)))));

STEP 3 [NNI_IncrementalHeuristic_MS -> NNI_Substep_3] - Distance: 57.0000
((6,16),((14,3),(5,17)),((((19,13),((8,7),4)),(1,(10,12))),((11,(15,9)),(18,(2,20)))));

STEP 4 [NNI_IncrementalHeuristic_MS -> NNI_Substep_4] - Distance: 54.0000
((6,16),((14,3),(5,17)),((((11,(15,9)),(18,(2,20))),(1,(10,12))),((19,13),((8,7),4))));

STEP 5 [Heur. uSPR MS -> NNI_Substep_1] - Distance: 54.0000
((6,16),((14,3),(5,17)),(((((11,15),9),(18,(2,20))),(1,(10,12))),((19,13),((8,7),4))));

STEP 6 [Heur. uSPR MS -> NNI_Substep_2] - Distance: 56.0000
((6,16),((14,3),(5,17)),(((((11,15),(18,(2,20))),9),(1,(10,12))),((19,13),((8,7),4))));

STEP 7 [Heur. uSPR MS -> NNI_Substep_3] - Distance: 56.0000
((6,16),((14,3),(5,17)),(((((11,15),(18,(2,20))),(1,(10,12))),9),((19,13),((8,7),4))));

STEP 8 [Heur. uSPR MS -> NNI_Substep_4] - Distance: 54.0000
((6,16),((14,3),(5,17)),(((((11,15),(18,(2,20))),(1,(10,12))),((19,13),((8,7),4))),9));

STEP 9 [Heur. uSPR MS -> NNI_Substep_5] - Distance: 53.0000
((6,16),((14,3),(5,17)),((((11,15),(18,(2,20))),(1,(10,12))),(((19,13),((8,7),4)),9)));

STEP 10 [Heur. uSPR MS -> NNI_Substep_6] - Distance: 50.0000
((6,16),((14,3),(5,17)),((((11,15),(18,(2,20))),(1,(10,12))),((19,13),(((8,7),4),9))));

STEP 11 [Heur. uSPR MS -> NNI_Substep_7] - Distance: 48.0000
((6,16),((14,3),(5,17)),((((11,15),(18,(2,20))),(1,(10,12))),((19,13),(((8,7),9),4))));

STEP 12 [Heur. uSPR MS -> NNI_Substep_8] - Distance: 49.0000
((6,16),((14,3),(5,17)),(((((11,15),(2,20)),18),(1,(10,12))),((19,13),(((8,7),9),4))));

STEP 13 [Heur. uSPR MS -> NNI_Substep_9] - Distance: 51.0000
((6,16),((14,3),(5,17)),(((((11,15),(2,20)),(1,(10,12))),18),((19,13),(((8,7),9),4))));

STEP 14 [Heur. uSPR MS -> NNI_Substep_10] - Distance: 50.0000
((6,16),((14,3),(5,17)),(((((11,15),(2,20)),(1,(10,12))),((19,13),(((8,7),9),4))),18));

STEP 15 [Heur. uSPR MS -> NNI_Substep_11] - Distance: 48.0000
((6,16),((14,3),(5,17)),((((11,15),(2,20)),(1,(10,12))),(((19,13),(((8,7),9),4)),18)));

STEP 16 [Heur. uSPR MS -> NNI_Substep_12] - Distance: 43.0000
((6,16),((14,3),(5,17)),((((11,15),(2,20)),(1,(10,12))),(((19,13),18),(((8,7),9),4))));

STEP 17 [Heur. uSPR MS -> NNI_Substep_13] - Distance: 43.0000
((6,16),((14,3),(5,17)),((((11,15),(2,20)),(1,(10,12))),(((13,18),19),(((8,7),9),4))));

STEP 18 [Heur. uSPR MS -> NNI_Substep_14] - Distance: 46.0000
((6,16),((14,3),(5,17)),((((11,15),(2,20)),(1,(10,12))),(((13,18),(((8,7),9),4)),19)));

STEP 19 [Heur. uSPR MS -> NNI_Substep_15] - Distance: 46.0000
((6,16),((14,3),(5,17)),(((((11,15),(2,20)),(1,(10,12))),((13,18),(((8,7),9),4))),19));

STEP 20 [Heur. uSPR MS -> NNI_Substep_16] - Distance: 45.0000
((6,16),((14,3),(5,17)),(((((11,15),(2,20)),(1,(10,12))),19),((13,18),(((8,7),9),4))));

STEP 21 [Heur. uSPR MS -> NNI_Substep_17] - Distance: 40.0000
((6,16),((14,3),(5,17)),((((11,15),(2,20)),((1,(10,12)),19)),((13,18),(((8,7),9),4))));

STEP 22 [Heur. uSPR MS -> NNI_Substep_18] - Distance: 37.0000
((6,16),((14,3),(5,17)),((((11,15),(2,20)),((1,19),(10,12))),((13,18),(((8,7),9),4))));

STEP 23 [Heur. uSPR MS -> NNI_Substep_19] - Distance: 38.0000
((6,16),((14,(5,17)),3),((((11,15),(2,20)),((1,19),(10,12))),((13,18),(((8,7),9),4))));

STEP 24 [Heur. uSPR MS -> NNI_Substep_20] - Distance: 39.0000
((6,16),(14,(5,17)),(((((11,15),(2,20)),((1,19),(10,12))),((13,18),(((8,7),9),4))),3));

STEP 25 [Heur. uSPR MS -> NNI_Substep_21] - Distance: 38.0000
((6,16),(14,(5,17)),(((((11,15),(2,20)),((1,19),(10,12))),3),((13,18),(((8,7),9),4))));

STEP 26 [Heur. uSPR MS -> NNI_Substep_22] - Distance: 35.0000
((6,16),(14,(5,17)),(((((11,15),(2,20)),3),((1,19),(10,12))),((13,18),(((8,7),9),4))));

STEP 27 [Heur. uSPR MS -> NNI_Substep_23] - Distance: 34.0000
((6,16),(14,(5,17)),(((((11,15),3),(2,20)),((1,19),(10,12))),((13,18),(((8,7),9),4))));

STEP 28 [Heur. uSPR MS -> NNI_Substep_24] - Distance: 32.0000
((6,16),(14,(5,17)),(((((11,3),15),(2,20)),((1,19),(10,12))),((13,18),(((8,7),9),4))));

STEP 29 [Heur. uSPR MS -> NNI_Substep_25] - Distance: 33.0000
((6,16),(5,17),((((((11,3),15),(2,20)),((1,19),(10,12))),((13,18),(((8,7),9),4))),14));

STEP 30 [Heur. uSPR MS -> NNI_Substep_26] - Distance: 31.0000
((6,16),(5,17),(((((11,3),15),(2,20)),((1,19),(10,12))),(((13,18),(((8,7),9),4)),14)));

STEP 31 [Heur. uSPR MS -> NNI_Substep_27] - Distance: 28.0000
((6,16),(5,17),(((((11,3),15),(2,20)),((1,19),(10,12))),(((13,18),14),(((8,7),9),4))));

STEP 32 [Heur. uSPR MS -> NNI_Substep_28] - Distance: 27.0000
((6,16),5,((((((11,3),15),(2,20)),((1,19),(10,12))),(((13,18),14),(((8,7),9),4))),17));

STEP 33 [Heur. uSPR MS -> NNI_Substep_29] - Distance: 25.0000
((6,16),5,(((((11,3),15),(2,20)),((1,19),(10,12))),((((13,18),14),(((8,7),9),4)),17)));

STEP 34 [Heur. uSPR MS -> NNI_Substep_30] - Distance: 22.0000
((6,16),5,(((((11,3),15),(2,20)),((1,19),(10,12))),((((13,18),14),17),(((8,7),9),4))));

STEP 35 [Heur. uSPR MS -> NNI_Substep_31] - Distance: 21.0000
((6,16),5,(((((11,3),(2,20)),15),((1,19),(10,12))),((((13,18),14),17),(((8,7),9),4))));

STEP 36 [Heur. uSPR MS -> NNI_Substep_32] - Distance: 24.0000
((6,16),5,(((((11,3),(2,20)),((1,19),(10,12))),15),((((13,18),14),17),(((8,7),9),4))));

STEP 37 [Heur. uSPR MS -> NNI_Substep_33] - Distance: 17.0000
((6,16),5,(((((11,3),(2,20)),((1,19),(10,12))),((((13,18),14),17),(((8,7),9),4))),15));

STEP 38 [Heur. uSPR MS -> NNI_Substep_34] - Distance: 18.0000
((6,16),5,(((((11,3),(2,20)),(((1,19),12),10)),((((13,18),14),17),(((8,7),9),4))),15));

STEP 39 [Heur. uSPR MS -> NNI_Substep_35] - Distance: 19.0000
((6,16),5,((((((11,3),(2,20)),((1,19),12)),10),((((13,18),14),17),(((8,7),9),4))),15));

STEP 40 [Heur. uSPR MS -> NNI_Substep_36] - Distance: 14.0000
((6,16),5,((((((11,3),(2,20)),((1,19),12)),((((13,18),14),17),(((8,7),9),4))),10),15));

STEP 41 [Heur. uSPR MS -> NNI_Substep_37] - Distance: 12.0000
((6,16),5,((((((11,3),(2,20)),((1,19),12)),((((13,18),14),17),(((8,7),9),4))),15),10));

STEP 42 [Heur. uSPR MS -> NNI_Substep_38] - Distance: 12.0000
((6,16),5,((((((11,3),(2,20)),((1,19),12)),((((13,18),14),17),(((8,9),7),4))),15),10));

STEP 43 [Heur. uSPR MS -> NNI_Substep_39] - Distance: 12.0000
((6,16),5,((((((11,3),(2,20)),((1,19),12)),((((13,18),14),17),(((8,9),4),7))),15),10));

STEP 44 [Heur. uSPR MS -> NNI_Substep_40] - Distance: 15.0000
((6,16),5,((((((11,3),(2,20)),((1,19),12)),(((((13,18),14),17),((8,9),4)),7)),15),10));

STEP 45 [Heur. uSPR MS -> NNI_Substep_41] - Distance: 11.0000
((6,16),5,((((((11,3),(2,20)),((1,19),12)),(((((13,18),14),17),7),((8,9),4))),15),10));

STEP 46 [Heur. uSPR MS -> NNI_Substep_42] - Distance: 7.0000
((6,16),5,((((((11,3),(2,20)),((1,19),12)),((((13,18),14),(17,7)),((8,9),4))),15),10));

STEP 47 [Heur. uSPR MS -> NNI_Substep_43] - Distance: 7.0000
(16,5,(((((((11,3),(2,20)),((1,19),12)),((((13,18),14),(17,7)),((8,9),4))),15),10),6));

STEP 48 [Heur. uSPR MS -> NNI_Substep_44] - Distance: 7.0000
(16,5,(((((((11,3),(2,20)),((1,19),12)),((((13,18),14),(17,7)),((8,9),4))),15),6),10));

STEP 49 [Heur. uSPR MS -> NNI_Substep_45] - Distance: 3.0000
(16,5,((((((11,3),(2,20)),((1,19),12)),((((13,18),14),(17,7)),((8,9),4))),(15,6)),10));

STEP 50 [Heur. uSPR MS -> NNI_Substep_46] - Distance: 0.0000
(16,5,(((((((11,3),20),2),((1,19),12)),((((13,18),14),(17,7)),((8,9),4))),(15,6)),10));

========================================================
[FINAL] Total Steps: 50 | Final Distance: 0.0000
========================================================
