========================================================
HEURISTIC TRAJECTORY: VND Incremental (MP)
========================================================
STEP 0 [START] - Distance: 136.0000
((18,(((10,((11,(6,(14,(17,8)))),(13,(5,(16,15))))),(9,(3,19))),(7,12))),(4,(2,(20,1))));

STEP 1 [NNI_IncrementalHeuristic_MP -> NNI_Substep_1] - Distance: 132.0000
((18,(((7,12),(9,(3,19))),(10,((11,(6,(14,(17,8)))),(13,(5,(16,15))))))),(4,(2,(20,1))));

STEP 2 [NNI_IncrementalHeuristic_MP -> NNI_Substep_2] - Distance: 130.0000
(((10,((11,(6,(14,(17,8)))),(13,(5,(16,15))))),(((7,12),(9,(3,19))),18)),(4,(2,(20,1))));

STEP 3 [NNI_IncrementalHeuristic_MP -> NNI_Substep_3] - Distance: 121.0000
(((4,(2,(20,1))),(((7,12),(9,(3,19))),18)),((11,(6,(14,(17,8)))),(10,(13,(5,(16,15))))));

STEP 4 [NNI_IncrementalHeuristic_MP -> NNI_Substep_4] - Distance: 120.0000
(((4,(2,(20,1))),((((9,(3,19)),12),7),18)),((11,(6,(14,(17,8)))),(10,(13,(5,(16,15))))));

STEP 5 [NNI_IncrementalHeuristic_MP -> NNI_Substep_5] - Distance: 119.0000
(((4,(2,(20,1))),((((9,(3,19)),12),18),7)),((11,(6,(14,(17,8)))),(10,(13,(5,(16,15))))));

STEP 6 [Heur. rSPR MP -> NNI_Substep_1] - Distance: 119.0000
(((4,(2,(20,1))),((((9,(3,19)),12),18),7)),(((11,6),(14,(17,8))),(10,(13,(5,(16,15))))));

STEP 7 [Heur. rSPR MP -> NNI_Substep_2] - Distance: 118.0000
(((4,(2,(20,1))),((((9,(3,19)),12),18),7)),(((11,6),(10,(13,(5,(16,15))))),(14,(17,8))));

STEP 8 [Heur. rSPR MP -> NNI_Substep_3] - Distance: 102.0000
((((4,(2,(20,1))),(14,(17,8))),((((9,(3,19)),12),18),7)),((11,6),(10,(13,(5,(16,15))))));

STEP 9 [Heur. rSPR MP -> NNI_Substep_4] - Distance: 102.0000
(((4,((2,(20,1)),(14,(17,8)))),((((9,(3,19)),12),18),7)),((11,6),(10,(13,(5,(16,15))))));

STEP 10 [Heur. rSPR MP -> NNI_Substep_5] - Distance: 102.0000
(((4,(2,((20,1),(14,(17,8))))),((((9,(3,19)),12),18),7)),((11,6),(10,(13,(5,(16,15))))));

STEP 11 [Heur. rSPR MP -> NNI_Substep_6] - Distance: 101.0000
(((4,(2,((20,(14,(17,8))),1))),((((9,(3,19)),12),18),7)),((11,6),(10,(13,(5,(16,15))))));

STEP 12 [Heur. rSPR MP -> NNI_Substep_7] - Distance: 101.0000
((((4,((20,(14,(17,8))),1)),2),((((9,(3,19)),12),18),7)),((11,6),(10,(13,(5,(16,15))))));

STEP 13 [Heur. rSPR MP -> NNI_Substep_8] - Distance: 101.0000
((((4,((20,(14,(17,8))),1)),((((9,(3,19)),12),18),7)),2),((11,6),(10,(13,(5,(16,15))))));

STEP 14 [Heur. rSPR MP -> NNI_Substep_9] - Distance: 88.0000
(((4,((20,(14,(17,8))),1)),((((9,(3,19)),12),18),7)),((11,6),((10,(13,(5,(16,15)))),2)));

STEP 15 [Heur. rSPR MP -> NNI_Substep_10] - Distance: 88.0000
(((((20,(14,(17,8))),1),((((9,(3,19)),12),18),7)),4),((11,6),((10,(13,(5,(16,15)))),2)));

STEP 16 [Heur. rSPR MP -> NNI_Substep_11] - Distance: 75.0000
((((20,(14,(17,8))),1),((((9,(3,19)),12),18),7)),(((11,6),(((10,(5,(16,15))),13),2)),4));

STEP 17 [Heur. rSPR MP -> NNI_Substep_12] - Distance: 75.0000
((((20,(14,(17,8))),1),((((9,(3,19)),12),18),7)),(((11,6),(((10,(5,(16,15))),2),13)),4));

STEP 18 [Heur. rSPR MP -> NNI_Substep_13] - Distance: 75.0000
((((20,(14,(17,8))),1),((((9,(3,19)),12),18),7)),((((11,6),((10,(5,(16,15))),2)),13),4));

STEP 19 [Heur. rSPR MP -> NNI_Substep_14] - Distance: 75.0000
((((20,(14,(17,8))),1),((((9,(3,19)),12),18),7)),((((11,6),((10,(5,(16,15))),2)),4),13));

STEP 20 [Heur. rSPR MP -> NNI_Substep_15] - Distance: 63.0000
(((((20,(14,(17,8))),1),13),((((9,(3,19)),12),18),7)),(((11,6),((10,(5,(16,15))),2)),4));

STEP 21 [Heur. rSPR MP -> NNI_Substep_16] - Distance: 62.0000
(((((20,(14,(17,8))),13),1),((((9,(3,19)),12),18),7)),(((11,6),((10,(5,(16,15))),2)),4));

STEP 22 [Heur. rSPR MP -> NNI_Substep_17] - Distance: 62.0000
(((((20,(14,(17,8))),13),1),((((9,(3,19)),12),18),7)),(((11,6),((10,((5,15),16)),2)),4));

STEP 23 [Heur. rSPR MP -> NNI_Substep_18] - Distance: 62.0000
(((((20,(14,(17,8))),13),1),((((9,(3,19)),12),18),7)),(((11,6),(((10,(5,15)),16),2)),4));

STEP 24 [Heur. rSPR MP -> NNI_Substep_19] - Distance: 62.0000
(((((20,(14,(17,8))),13),1),((((9,(3,19)),12),18),7)),(((11,6),(((10,(5,15)),2),16)),4));

STEP 25 [Heur. rSPR MP -> NNI_Substep_20] - Distance: 62.0000
(((((20,(14,(17,8))),13),1),((((9,(3,19)),12),18),7)),((((11,6),((10,(5,15)),2)),16),4));

STEP 26 [Heur. rSPR MP -> NNI_Substep_21] - Distance: 62.0000
(((((20,(14,(17,8))),13),1),((((9,(3,19)),12),18),7)),((((11,6),((10,(5,15)),2)),4),16));

STEP 27 [Heur. rSPR MP -> NNI_Substep_22] - Distance: 49.0000
((((((20,(14,(17,8))),13),1),16),((((9,(3,19)),12),18),7)),(((11,6),((10,(5,15)),2)),4));

STEP 28 [Heur. rSPR MP -> NNI_Substep_23] - Distance: 48.0000
((((((20,(14,(17,8))),13),16),1),((((9,(3,19)),12),18),7)),(((11,6),((10,(5,15)),2)),4));

STEP 29 [Heur. rSPR MP -> NNI_Substep_24] - Distance: 47.0000
((((((20,(14,(17,8))),16),13),1),((((9,(3,19)),12),18),7)),(((11,6),((10,(5,15)),2)),4));

STEP 30 [Heur. rSPR MP -> NNI_Substep_25] - Distance: 47.0000
(((((((20,14),(17,8)),16),13),1),((((9,(3,19)),12),18),7)),(((11,6),((10,(5,15)),2)),4));

STEP 31 [Heur. rSPR MP -> NNI_Substep_26] - Distance: 47.0000
(((((((20,14),16),(17,8)),13),1),((((9,(3,19)),12),18),7)),(((11,6),((10,(5,15)),2)),4));

STEP 32 [Heur. rSPR MP -> NNI_Substep_27] - Distance: 47.0000
(((((((20,14),16),13),(17,8)),1),((((9,(3,19)),12),18),7)),(((11,6),((10,(5,15)),2)),4));

STEP 33 [Heur. rSPR MP -> NNI_Substep_28] - Distance: 47.0000
(((((((20,14),16),13),1),(17,8)),((((9,(3,19)),12),18),7)),(((11,6),((10,(5,15)),2)),4));

STEP 34 [Heur. rSPR MP -> NNI_Substep_29] - Distance: 47.0000
(((((((20,14),16),13),1),((((9,(3,19)),12),18),7)),(17,8)),(((11,6),((10,(5,15)),2)),4));

STEP 35 [Heur. rSPR MP -> NNI_Substep_30] - Distance: 40.0000
((((((20,14),16),13),1),(((((9,(3,19)),12),18),7),(17,8))),(((11,6),((10,(5,15)),2)),4));

STEP 36 [Heur. rSPR MP -> NNI_Substep_31] - Distance: 38.0000
((((((20,14),16),13),1),(((((9,(3,19)),12),18),(17,8)),7)),(((11,6),((10,(5,15)),2)),4));

STEP 37 [Heur. rSPR MP -> NNI_Substep_32] - Distance: 38.0000
((((((20,14),16),13),1),(((((9,(3,19)),12),(17,8)),18),7)),(((11,6),((10,(5,15)),2)),4));

STEP 38 [Heur. rSPR MP -> NNI_Substep_33] - Distance: 37.0000
((((((20,14),16),13),1),((((9,(3,19)),(12,(17,8))),18),7)),(((11,6),((10,(5,15)),2)),4));

STEP 39 [Heur. rSPR MP -> NNI_Substep_34] - Distance: 37.0000
((((((20,14),16),13),1),(((((9,3),19),(12,(17,8))),18),7)),(((11,6),((10,(5,15)),2)),4));

STEP 40 [Heur. rSPR MP -> NNI_Substep_35] - Distance: 37.0000
((((((20,14),16),13),1),(((((9,3),(12,(17,8))),19),18),7)),(((11,6),((10,(5,15)),2)),4));

STEP 41 [Heur. rSPR MP -> NNI_Substep_36] - Distance: 37.0000
((((((20,14),16),13),1),(((((9,3),(12,(17,8))),18),19),7)),(((11,6),((10,(5,15)),2)),4));

STEP 42 [Heur. rSPR MP -> NNI_Substep_37] - Distance: 37.0000
((((((20,14),16),13),1),(((((9,3),(12,(17,8))),18),7),19)),(((11,6),((10,(5,15)),2)),4));

STEP 43 [Heur. rSPR MP -> NNI_Substep_38] - Distance: 34.0000
(((((((20,14),16),13),1),((((9,3),(12,(17,8))),18),7)),19),(((11,6),((10,(5,15)),2)),4));

STEP 44 [Heur. rSPR MP -> NNI_Substep_39] - Distance: 27.0000
(((((((20,14),16),13),1),19),((((9,3),(12,(17,8))),18),7)),(((11,6),((10,(5,15)),2)),4));

STEP 45 [Heur. rSPR MP -> NNI_Substep_40] - Distance: 27.0000
(((((((14,16),20),13),1),19),((((9,3),(12,(17,8))),18),7)),(((11,6),((10,(5,15)),2)),4));

STEP 46 [Heur. rSPR MP -> NNI_Substep_41] - Distance: 27.0000
(((((((14,16),13),20),1),19),((((9,3),(12,(17,8))),18),7)),(((11,6),((10,(5,15)),2)),4));

STEP 47 [Heur. rSPR MP -> NNI_Substep_42] - Distance: 27.0000
(((((((14,16),13),1),20),19),((((9,3),(12,(17,8))),18),7)),(((11,6),((10,(5,15)),2)),4));

STEP 48 [Heur. rSPR MP -> NNI_Substep_43] - Distance: 27.0000
(((((((14,16),13),1),19),20),((((9,3),(12,(17,8))),18),7)),(((11,6),((10,(5,15)),2)),4));

STEP 49 [Heur. rSPR MP -> NNI_Substep_44] - Distance: 26.0000
(((((((14,16),13),1),19),((((9,3),(12,(17,8))),18),7)),20),(((11,6),((10,(5,15)),2)),4));

STEP 50 [Heur. rSPR MP -> NNI_Substep_45] - Distance: 21.0000
((((((14,16),13),1),19),(((((9,3),(12,(17,8))),18),7),20)),(((11,6),((10,(5,15)),2)),4));

STEP 51 [Heur. rSPR MP -> NNI_Substep_46] - Distance: 20.0000
((((((14,16),13),1),19),(((((9,3),(12,(17,8))),18),20),7)),(((11,6),((10,(5,15)),2)),4));

STEP 52 [Heur. rSPR MP -> NNI_Substep_47] - Distance: 19.0000
((((((14,16),13),1),19),(((((9,3),(12,(17,8))),20),18),7)),(((11,6),((10,(5,15)),2)),4));

STEP 53 [Heur. rSPR MP -> NNI_Substep_48] - Distance: 18.0000
((((((14,16),13),1),19),((((9,3),((12,(17,8)),20)),18),7)),(((11,6),((10,(5,15)),2)),4));

STEP 54 [Heur. rSPR MP -> NNI_Substep_49] - Distance: 17.0000
((((((14,16),13),1),19),((((9,3),(12,((17,8),20))),18),7)),(((11,6),((10,(5,15)),2)),4));

STEP 55 [Heur. rSPR MP -> NNI_Substep_50] - Distance: 16.0000
((((((14,16),13),1),19),((((9,3),(12,((17,20),8))),18),7)),(((11,6),((10,(5,15)),2)),4));

STEP 56 [Heur. rSPR MP -> NNI_Substep_51] - Distance: 16.0000
((((((14,16),13),1),19),((((3,(12,((17,20),8))),9),18),7)),(((11,6),((10,(5,15)),2)),4));

STEP 57 [Heur. rSPR MP -> NNI_Substep_52] - Distance: 15.0000
((((((14,16),13),1),19),((((3,(12,((17,20),8))),18),9),7)),(((11,6),((10,(5,15)),2)),4));

STEP 58 [Heur. rSPR MP -> NNI_Substep_53] - Distance: 15.0000
((((((14,16),13),1),19),((((3,(12,((17,20),8))),18),7),9)),(((11,6),((10,(5,15)),2)),4));

STEP 59 [Heur. rSPR MP -> NNI_Substep_54] - Distance: 9.0000
((((((14,16),13),1),19),(((3,(12,((17,20),8))),18),(7,9))),(((11,6),((10,(5,15)),2)),4));

STEP 60 [Heur. rSPR MP -> NNI_Substep_55] - Distance: 9.0000
((((((14,16),13),1),19),(((3,(12,((17,20),8))),18),(7,9))),(((11,6),(((10,15),5),2)),4));

STEP 61 [Heur. rSPR MP -> NNI_Substep_56] - Distance: 9.0000
((((((14,16),13),1),19),(((3,(12,((17,20),8))),18),(7,9))),(((11,6),(((10,15),2),5)),4));

STEP 62 [Heur. rSPR MP -> NNI_Substep_57] - Distance: 8.0000
((((((14,16),13),1),19),(((3,(12,((17,20),8))),18),(7,9))),((((11,6),((10,15),2)),5),4));

STEP 63 [Heur. rSPR MP -> NNI_Substep_58] - Distance: 8.0000
((((((14,16),13),1),19),(((3,(12,((17,20),8))),18),(7,9))),((((11,6),((10,15),2)),4),5));

STEP 64 [Heur. rSPR MP -> NNI_Substep_59] - Distance: 3.0000
((((((14,16),13),1),19),(((3,(12,((17,20),8))),18),(7,9))),(((11,6),((10,15),2)),(4,5)));

STEP 65 [Heur. rSPR MP -> NNI_Substep_60] - Distance: 2.0000
((((((14,16),13),1),19),(((3,((12,(17,20)),8)),18),(7,9))),(((11,6),((10,15),2)),(4,5)));

STEP 66 [Heur. rSPR MP -> NNI_Substep_61] - Distance: 1.0000
((((((14,16),13),1),19),((((3,(12,(17,20))),8),18),(7,9))),(((11,6),((10,15),2)),(4,5)));

STEP 67 [Heur. rSPR MP -> NNI_Substep_62] - Distance: 0.0000
((((((14,16),13),1),19),((((3,(12,(17,20))),18),8),(7,9))),(((11,6),((10,15),2)),(4,5)));

========================================================
[FINAL] Total Steps: 67 | Final Distance: 0.0000
========================================================
