========================================================
HEURISTIC TRAJECTORY: VND Incremental (RFC)
========================================================
STEP 0 [START] - Distance: 18.0000
((11,((((6,((1,10),(7,13))),(2,4)),(15,(9,(17,(19,(3,5)))))),(20,(8,(14,16))))),(12,18));

STEP 1 [Heur. rSPR RFC -> NNI_Substep_1] - Distance: 18.0000
((((((6,((1,10),(7,13))),(2,4)),(15,(9,(17,(19,(3,5)))))),11),(20,(8,(14,16)))),(12,18));

STEP 2 [Heur. rSPR RFC -> NNI_Substep_2] - Distance: 18.0000
((((((6,((1,10),(7,13))),(2,4)),11),(15,(9,(17,(19,(3,5)))))),(20,(8,(14,16)))),(12,18));

STEP 3 [Heur. rSPR RFC -> NNI_Substep_3] - Distance: 18.0000
((((((6,((1,10),(7,13))),11),(2,4)),(15,(9,(17,(19,(3,5)))))),(20,(8,(14,16)))),(12,18));

STEP 4 [Heur. rSPR RFC -> NNI_Substep_4] - Distance: 18.0000
(((((6,(((1,10),(7,13)),11)),(2,4)),(15,(9,(17,(19,(3,5)))))),(20,(8,(14,16)))),(12,18));

STEP 5 [Heur. rSPR RFC -> NNI_Substep_5] - Distance: 18.0000
(((((6,(((1,10),11),(7,13))),(2,4)),(15,(9,(17,(19,(3,5)))))),(20,(8,(14,16)))),(12,18));

STEP 6 [Heur. rSPR RFC -> NNI_Substep_6] - Distance: 17.0000
(((((6,(((1,11),10),(7,13))),(2,4)),(15,(9,(17,(19,(3,5)))))),(20,(8,(14,16)))),(12,18));

STEP 7 [Heur. rSPR RFC -> NNI_Substep_7] - Distance: 17.0000
(((((6,(((1,11),10),(7,13))),(2,4)),((15,(17,(19,(3,5)))),9)),(20,(8,(14,16)))),(12,18));

STEP 8 [Heur. rSPR RFC -> NNI_Substep_8] - Distance: 17.0000
((((((6,(((1,11),10),(7,13))),(2,4)),(15,(17,(19,(3,5))))),9),(20,(8,(14,16)))),(12,18));

STEP 9 [Heur. rSPR RFC -> NNI_Substep_9] - Distance: 17.0000
((((((6,(((1,11),10),(7,13))),(2,4)),(15,(17,(19,(3,5))))),(20,(8,(14,16)))),9),(12,18));

STEP 10 [Heur. rSPR RFC -> NNI_Substep_10] - Distance: 16.0000
(((((6,(((1,11),10),(7,13))),(2,4)),(15,(17,(19,(3,5))))),(20,(8,(14,16)))),(12,(18,9)));

STEP 11 [Heur. rSPR RFC -> NNI_Substep_11] - Distance: 16.0000
((((((((1,11),10),(7,13)),(2,4)),6),(15,(17,(19,(3,5))))),(20,(8,(14,16)))),(12,(18,9)));

STEP 12 [Heur. rSPR RFC -> NNI_Substep_12] - Distance: 16.0000
((((((((1,11),10),(7,13)),(2,4)),(15,(17,(19,(3,5))))),6),(20,(8,(14,16)))),(12,(18,9)));

STEP 13 [Heur. rSPR RFC -> NNI_Substep_13] - Distance: 16.0000
((((((((1,11),10),(7,13)),(2,4)),(15,(17,(19,(3,5))))),(20,(8,(14,16)))),6),(12,(18,9)));

STEP 14 [Heur. rSPR RFC -> NNI_Substep_14] - Distance: 15.0000
(((((((1,11),10),(7,13)),(2,4)),(15,(17,(19,(3,5))))),(20,(8,(14,16)))),(12,((18,9),6)));

STEP 15 [Heur. rSPR RFC -> NNI_Substep_15] - Distance: 15.0000
(((((((1,11),10),(7,13)),(2,4)),(15,(17,(19,(3,5))))),((20,(14,16)),8)),(12,((18,9),6)));

STEP 16 [Heur. rSPR RFC -> NNI_Substep_16] - Distance: 15.0000
((((((((1,11),10),(7,13)),(2,4)),(15,(17,(19,(3,5))))),(20,(14,16))),8),(12,((18,9),6)));

STEP 17 [Heur. rSPR RFC -> NNI_Substep_17] - Distance: 14.0000
(((((((1,11),10),(7,13)),(2,4)),(15,(17,(19,(3,5))))),(20,(14,16))),(12,(((18,9),6),8)));

STEP 18 [Heur. rSPR RFC -> NNI_Substep_18] - Distance: 14.0000
((((((((1,11),10),(7,13)),2),4),(15,(17,(19,(3,5))))),(20,(14,16))),(12,(((18,9),6),8)));

STEP 19 [Heur. rSPR RFC -> NNI_Substep_19] - Distance: 14.0000
((((((((1,11),10),(7,13)),2),(15,(17,(19,(3,5))))),4),(20,(14,16))),(12,(((18,9),6),8)));

STEP 20 [Heur. rSPR RFC -> NNI_Substep_20] - Distance: 14.0000
((((((((1,11),10),(7,13)),2),(15,(17,(19,(3,5))))),(20,(14,16))),4),(12,(((18,9),6),8)));

STEP 21 [Heur. rSPR RFC -> NNI_Substep_21] - Distance: 14.0000
(((((((1,11),10),(7,13)),2),(15,(17,(19,(3,5))))),((20,(14,16)),4)),(12,(((18,9),6),8)));

STEP 22 [Heur. rSPR RFC -> NNI_Substep_22] - Distance: 14.0000
(((((((1,11),10),(7,13)),2),(15,(17,(19,(3,5))))),(20,((14,16),4))),(12,(((18,9),6),8)));

STEP 23 [Heur. rSPR RFC -> NNI_Substep_23] - Distance: 13.0000
(((((((1,11),10),(7,13)),2),(15,(17,(19,(3,5))))),(20,(14,(16,4)))),(12,(((18,9),6),8)));

STEP 24 [Heur. rSPR RFC -> NNI_Substep_24] - Distance: 13.0000
(((((((1,11),10),(7,13)),2),(15,(17,(19,(3,5))))),((20,14),(16,4))),(12,(((18,9),6),8)));

STEP 25 [Heur. rSPR RFC -> NNI_Substep_25] - Distance: 13.0000
((((((((1,11),10),(7,13)),2),(15,(17,(19,(3,5))))),(20,14)),(16,4)),(12,(((18,9),6),8)));

STEP 26 [Heur. rSPR RFC -> NNI_Substep_26] - Distance: 12.0000
(((((((1,11),10),(7,13)),2),(15,(17,(19,(3,5))))),(20,14)),((12,(16,4)),(((18,9),6),8)));

STEP 27 [Heur. rSPR RFC -> NNI_Substep_27] - Distance: 12.0000
((((((((1,11),10),(7,13)),2),(17,(19,(3,5)))),15),(20,14)),((12,(16,4)),(((18,9),6),8)));

STEP 28 [Heur. rSPR RFC -> NNI_Substep_28] - Distance: 12.0000
((((((((1,11),10),(7,13)),2),(17,(19,(3,5)))),(20,14)),15),((12,(16,4)),(((18,9),6),8)));

STEP 29 [Heur. rSPR RFC -> NNI_Substep_29] - Distance: 11.0000
(((((((1,11),10),(7,13)),2),(17,(19,(3,5)))),(20,14)),(((12,(16,4)),15),(((18,9),6),8)));

STEP 30 [Heur. rSPR RFC -> NNI_Substep_30] - Distance: 11.0000
((((((((1,11),10),(7,13)),2),(19,(3,5))),17),(20,14)),(((12,(16,4)),15),(((18,9),6),8)));

STEP 31 [Heur. rSPR RFC -> NNI_Substep_31] - Distance: 11.0000
((((((((1,11),10),(7,13)),2),(19,(3,5))),(20,14)),17),(((12,(16,4)),15),(((18,9),6),8)));

STEP 32 [Heur. rSPR RFC -> NNI_Substep_32] - Distance: 10.0000
(((((((1,11),10),(7,13)),2),(19,(3,5))),(20,14)),(((12,(16,4)),15),((((18,9),6),8),17)));

STEP 33 [Heur. rSPR RFC -> NNI_Substep_33] - Distance: 10.0000
((((((10,(7,13)),(1,11)),2),(19,(3,5))),(20,14)),(((12,(16,4)),15),((((18,9),6),8),17)));

STEP 34 [Heur. rSPR RFC -> NNI_Substep_34] - Distance: 10.0000
((((((10,(7,13)),2),(1,11)),(19,(3,5))),(20,14)),(((12,(16,4)),15),((((18,9),6),8),17)));

STEP 35 [Heur. rSPR RFC -> NNI_Substep_35] - Distance: 10.0000
((((((10,(7,13)),2),(19,(3,5))),(1,11)),(20,14)),(((12,(16,4)),15),((((18,9),6),8),17)));

STEP 36 [Heur. rSPR RFC -> NNI_Substep_36] - Distance: 10.0000
(((((10,(7,13)),2),((19,(3,5)),(1,11))),(20,14)),(((12,(16,4)),15),((((18,9),6),8),17)));

STEP 37 [Heur. rSPR RFC -> NNI_Substep_37] - Distance: 10.0000
(((((10,(7,13)),2),(19,((3,5),(1,11)))),(20,14)),(((12,(16,4)),15),((((18,9),6),8),17)));

STEP 38 [Heur. rSPR RFC -> NNI_Substep_38] - Distance: 9.0000
(((((10,(7,13)),2),(19,((3,(1,11)),5))),(20,14)),(((12,(16,4)),15),((((18,9),6),8),17)));

STEP 39 [Heur. rSPR RFC -> NNI_Substep_39] - Distance: 9.0000
(((((10,(7,13)),2),((19,5),(3,(1,11)))),(20,14)),(((12,(16,4)),15),((((18,9),6),8),17)));

STEP 40 [Heur. rSPR RFC -> NNI_Substep_40] - Distance: 9.0000
((((((10,(7,13)),2),(19,5)),(3,(1,11))),(20,14)),(((12,(16,4)),15),((((18,9),6),8),17)));

STEP 41 [Heur. rSPR RFC -> NNI_Substep_41] - Distance: 9.0000
((((((10,(7,13)),2),(19,5)),(20,14)),(3,(1,11))),(((12,(16,4)),15),((((18,9),6),8),17)));

STEP 42 [Heur. rSPR RFC -> NNI_Substep_42] - Distance: 9.0000
(((((10,(7,13)),2),(19,5)),((20,14),(3,(1,11)))),(((12,(16,4)),15),((((18,9),6),8),17)));

STEP 43 [Heur. rSPR RFC -> NNI_Substep_43] - Distance: 8.0000
(((((10,(7,13)),2),(19,5)),((20,(3,(1,11))),14)),(((12,(16,4)),15),((((18,9),6),8),17)));

STEP 44 [Heur. rSPR RFC -> NNI_Substep_44] - Distance: 8.0000
((((((7,13),2),10),(19,5)),((20,(3,(1,11))),14)),(((12,(16,4)),15),((((18,9),6),8),17)));

STEP 45 [Heur. rSPR RFC -> NNI_Substep_45] - Distance: 8.0000
((((((7,13),2),(19,5)),10),((20,(3,(1,11))),14)),(((12,(16,4)),15),((((18,9),6),8),17)));

STEP 46 [Heur. rSPR RFC -> NNI_Substep_46] - Distance: 8.0000
((((((7,13),2),(19,5)),((20,(3,(1,11))),14)),10),(((12,(16,4)),15),((((18,9),6),8),17)));

STEP 47 [Heur. rSPR RFC -> NNI_Substep_47] - Distance: 8.0000
(((((7,13),2),(19,5)),(((20,(3,(1,11))),14),10)),(((12,(16,4)),15),((((18,9),6),8),17)));

STEP 48 [Heur. rSPR RFC -> NNI_Substep_48] - Distance: 7.0000
(((((7,13),2),(19,5)),(((20,(3,(1,11))),10),14)),(((12,(16,4)),15),((((18,9),6),8),17)));

STEP 49 [Heur. rSPR RFC -> NNI_Substep_49] - Distance: 7.0000
(((((7,2),13),(19,5)),(((20,(3,(1,11))),10),14)),(((12,(16,4)),15),((((18,9),6),8),17)));

STEP 50 [Heur. rSPR RFC -> NNI_Substep_50] - Distance: 6.0000
(((((7,2),(19,5)),13),(((20,(3,(1,11))),10),14)),(((12,(16,4)),15),((((18,9),6),8),17)));

STEP 51 [Heur. rSPR RFC -> NNI_Substep_51] - Distance: 6.0000
(((((7,2),(19,5)),(((20,(3,(1,11))),10),14)),13),(((12,(16,4)),15),((((18,9),6),8),17)));

STEP 52 [Heur. rSPR RFC -> NNI_Substep_52] - Distance: 6.0000
((((7,2),(19,5)),((((20,(3,(1,11))),10),14),13)),(((12,(16,4)),15),((((18,9),6),8),17)));

STEP 53 [Heur. rSPR RFC -> NNI_Substep_53] - Distance: 5.0000
((((7,2),(19,5)),(((20,(3,(1,11))),10),(14,13))),(((12,(16,4)),15),((((18,9),6),8),17)));

STEP 54 [Heur. rSPR RFC -> NNI_Substep_54] - Distance: 5.0000
(((((7,2),19),5),(((20,(3,(1,11))),10),(14,13))),(((12,(16,4)),15),((((18,9),6),8),17)));

STEP 55 [Heur. rSPR RFC -> NNI_Substep_55] - Distance: 4.0000
(((((7,2),5),19),(((20,(3,(1,11))),10),(14,13))),(((12,(16,4)),15),((((18,9),6),8),17)));

STEP 56 [Heur. rSPR RFC -> NNI_Substep_56] - Distance: 3.0000
(((((7,5),2),19),(((20,(3,(1,11))),10),(14,13))),(((12,(16,4)),15),((((18,9),6),8),17)));

STEP 57 [Heur. rSPR RFC -> NNI_Substep_57] - Distance: 2.0000
((((7,5),2),19),((((((18,9),6),8),17),(((20,(3,(1,11))),10),(14,13))),((12,(16,4)),15)));

STEP 58 [Heur. rSPR RFC -> NNI_Substep_58] - Distance: 2.0000
((((7,5),2),19),(((((18,9),6),8),17),((((20,(3,(1,11))),10),(14,13)),((12,(16,4)),15))));

STEP 59 [Heur. rSPR RFC -> NNI_Substep_59] - Distance: 1.0000
((((7,5),2),19),(((((18,9),6),8),17),((((20,(3,(1,11))),10),((12,(16,4)),15)),(14,13))));

STEP 60 [Heur. rSPR RFC -> NNI_Substep_60] - Distance: 0.0000
((((7,5),2),19),((((((18,9),6),8),17),(14,13)),(((20,(3,(1,11))),10),((12,(16,4)),15))));

========================================================
[FINAL] Total Steps: 60 | Final Distance: 0.0000
========================================================
