========================================================
HEURISTIC TRAJECTORY: VND Incremental (MC)
========================================================
STEP 0 [START] - Distance: 71.0000
((((15,(14,5)),((((13,(4,(17,9))),(19,16)),(12,(8,11))),(2,(18,(10,6))))),(1,3)),(7,20));

STEP 1 [NNI_IncrementalHeuristic_MC -> NNI_Substep_1] - Distance: 64.0000
((((15,(14,5)),(1,3)),((((13,(4,(17,9))),(19,16)),(12,(8,11))),(2,(18,(10,6))))),(7,20));

STEP 2 [NNI_IncrementalHeuristic_MC -> NNI_Substep_2] - Distance: 60.0000
(((((13,(4,(17,9))),(19,16)),(12,(8,11))),(((15,(14,5)),(1,3)),(2,(18,(10,6))))),(7,20));

STEP 3 [NNI_IncrementalHeuristic_MC -> NNI_Substep_3] - Distance: 57.0000
((((((17,9),(4,13)),(19,16)),(12,(8,11))),(((15,(14,5)),(1,3)),(2,(18,(10,6))))),(7,20));

STEP 4 [NNI_IncrementalHeuristic_MC -> NNI_Substep_4] - Distance: 54.0000
((((((17,9),(4,13)),(19,16)),(12,(8,11))),(((15,(14,5)),(1,3)),((10,6),(18,2)))),(7,20));

STEP 5 [NNI_IncrementalHeuristic_MC -> NNI_Substep_5] - Distance: 53.0000
((((((15,(14,5)),(1,3)),((10,6),(18,2))),(12,(8,11))),(((17,9),(4,13)),(19,16))),(7,20));

STEP 6 [NNI_IncrementalHeuristic_MC -> NNI_Substep_6] - Distance: 50.0000
((((((15,(14,5)),(1,3)),(12,(8,11))),((10,6),(18,2))),(((17,9),(4,13)),(19,16))),(7,20));

STEP 7 [2sECR_IncrementalHeuristic_MC -> NNI_Substep_1] - Distance: 50.0000
((((((15,(14,5)),(1,3)),(12,(8,11))),((10,6),(18,2))),((17,9),((4,13),(19,16)))),(7,20));

STEP 8 [2sECR_IncrementalHeuristic_MC -> NNI_Substep_2] - Distance: 51.0000
((((((15,(14,5)),(1,3)),(12,(8,11))),((10,6),(18,2))),((17,9),(16,((4,13),19)))),(7,20));

STEP 9 [2sECR_IncrementalHeuristic_MC -> NNI_Substep_3] - Distance: 48.0000
((((((15,(14,5)),(1,3)),(12,(8,11))),((10,6),(18,2))),(((17,9),16),((4,13),19))),(7,20));

STEP 10 [2sECR_IncrementalHeuristic_MC -> NNI_Substep_4] - Distance: 50.0000
(((((15,(14,5)),((1,3),(12,(8,11)))),((10,6),(18,2))),(((17,9),16),((4,13),19))),(7,20));

STEP 11 [2sECR_IncrementalHeuristic_MC -> NNI_Substep_5] - Distance: 48.0000
(((((15,(14,5)),((8,11),((1,3),12))),((10,6),(18,2))),(((17,9),16),((4,13),19))),(7,20));

STEP 12 [2sECR_IncrementalHeuristic_MC -> NNI_Substep_6] - Distance: 46.0000
((((((15,(14,5)),(8,11)),((1,3),12)),((10,6),(18,2))),(((17,9),16),((4,13),19))),(7,20));

STEP 13 [2sECR_IncrementalHeuristic_MC -> NNI_Substep_7] - Distance: 45.0000
(((((15,((14,5),(8,11))),((1,3),12)),((10,6),(18,2))),(((17,9),16),((4,13),19))),(7,20));

STEP 14 [2sECR_IncrementalHeuristic_MC -> NNI_Substep_8] - Distance: 46.0000
(((((15,(8,((14,5),11))),((1,3),12)),((10,6),(18,2))),(((17,9),16),((4,13),19))),(7,20));

STEP 15 [2sECR_IncrementalHeuristic_MC -> NNI_Substep_9] - Distance: 44.0000
((((((15,8),((14,5),11)),((1,3),12)),((10,6),(18,2))),(((17,9),16),((4,13),19))),(7,20));

STEP 16 [2sECR_IncrementalHeuristic_MC -> NNI_Substep_10] - Distance: 43.0000
(((((15,8),(((1,3),12),((14,5),11))),((10,6),(18,2))),(((17,9),16),((4,13),19))),(7,20));

STEP 17 [3sECR_IncrementalHeuristic_MC -> NNI_Substep_1] - Distance: 49.0000
((7,20),((((17,9),16),((4,13),19)),((((15,8),(((1,3),12),((14,5),11))),(10,6)),(18,2))));

STEP 18 [3sECR_IncrementalHeuristic_MC -> NNI_Substep_2] - Distance: 49.0000
((7,20),(((((17,9),16),((4,13),19)),(((15,8),(((1,3),12),((14,5),11))),(10,6))),(18,2)));

STEP 19 [3sECR_IncrementalHeuristic_MC -> NNI_Substep_3] - Distance: 39.0000
(((7,20),(18,2)),((((17,9),16),((4,13),19)),((((1,3),12),((14,5),11)),((15,8),(10,6)))));

STEP 20 [3sECR_IncrementalHeuristic_MC -> NNI_Substep_4] - Distance: 38.0000
(((7,20),(18,2)),((((17,9),16),((4,13),19)),((((1,3),12),((14,5),11)),(15,(8,(10,6))))));

STEP 21 [3sECR_IncrementalHeuristic_MC -> NNI_Substep_5] - Distance: 38.0000
(((7,20),(18,2)),((((17,9),16),((4,13),19)),((((1,3),12),((14,5),11)),(15,((8,6),10)))));

STEP 22 [3sECR_IncrementalHeuristic_MC -> NNI_Substep_6] - Distance: 37.0000
(((7,20),(18,2)),((((17,9),16),((4,13),19)),((((1,3),12),((14,5),11)),((15,10),(8,6)))));

STEP 23 [3sECR_IncrementalHeuristic_MC -> NNI_Substep_7] - Distance: 33.0000
(((7,20),(18,2)),((((17,9),16),((4,13),19)),(((((1,3),12),((14,5),11)),(8,6)),(15,10))));

STEP 24 [3sECR_IncrementalHeuristic_MC -> NNI_Substep_8] - Distance: 35.0000
(((7,20),(18,2)),(((((17,9),16),(4,13)),19),(((((1,3),12),((14,5),11)),(8,6)),(15,10))));

STEP 25 [3sECR_IncrementalHeuristic_MC -> NNI_Substep_9] - Distance: 38.0000
(((7,20),(18,2)),((((17,9),16),(4,13)),(19,(((((1,3),12),((14,5),11)),(8,6)),(15,10)))));

STEP 26 [3sECR_IncrementalHeuristic_MC -> NNI_Substep_10] - Distance: 29.0000
(((7,20),(18,2)),((((17,9),16),(4,13)),((19,(15,10)),((((1,3),12),((14,5),11)),(8,6)))));

STEP 27 [3sECR_IncrementalHeuristic_MC -> NNI_Substep_11] - Distance: 29.0000
(((7,20),(18,2)),((((17,9),16),(4,13)),((19,(15,10)),((8,6),(((14,5),11),((12,3),1))))));

STEP 28 [3sECR_IncrementalHeuristic_MC -> NNI_Substep_12] - Distance: 30.0000
(((7,20),(18,2)),((((17,9),16),(4,13)),((19,(15,10)),((8,6),((((14,5),11),1),(12,3))))));

STEP 29 [3sECR_IncrementalHeuristic_MC -> NNI_Substep_13] - Distance: 28.0000
(((7,20),(18,2)),((((17,9),16),(4,13)),((19,(15,10)),(((8,6),(12,3)),(((14,5),11),1)))));

STEP 30 [3sECR_IncrementalHeuristic_MC -> NNI_Substep_14] - Distance: 30.0000
(((7,20),(18,2)),((((17,9),16),(4,13)),((19,(15,10)),(((((14,5),11),1),(8,6)),(12,3)))));

STEP 31 [3sECR_IncrementalHeuristic_MC -> NNI_Substep_15] - Distance: 31.0000
(((7,20),(18,2)),((((17,9),16),(4,13)),(((19,(15,10)),((((14,5),11),1),(8,6))),(12,3))));

STEP 32 [3sECR_IncrementalHeuristic_MC -> NNI_Substep_16] - Distance: 23.0000
(((7,20),(18,2)),(((((17,9),16),(4,13)),(12,3)),((19,(15,10)),((((14,5),11),1),(8,6)))));

STEP 33 [3sECR_IncrementalHeuristic_MC -> NNI_Substep_17] - Distance: 19.0000
(((7,20),(18,2)),(((4,13),(((17,9),16),(12,3))),((19,(15,10)),((((14,5),11),1),(8,6)))));

STEP 34 [3sECR_IncrementalHeuristic_MC -> NNI_Substep_18] - Distance: 17.0000
(((7,20),(18,2)),(((4,13),((17,9),(16,(12,3)))),((19,(15,10)),((((14,5),11),1),(8,6)))));

STEP 35 [3sECR_IncrementalHeuristic_MC -> NNI_Substep_19] - Distance: 15.0000
(((7,20),(18,2)),(((4,13),((17,9),((16,3),12))),((19,(15,10)),((((14,5),11),1),(8,6)))));

STEP 36 [3sECR_IncrementalHeuristic_MC -> NNI_Substep_20] - Distance: 15.0000
(((7,20),(18,2)),(((4,13),((17,(12,(16,3))),9)),((19,(15,10)),((((14,5),11),1),(8,6)))));

STEP 37 [3sECR_IncrementalHeuristic_MC -> NNI_Substep_21] - Distance: 12.0000
(((7,20),(18,2)),(((4,13),(((17,12),(16,3)),9)),((19,(15,10)),((((14,5),11),1),(8,6)))));

STEP 38 [Heur. rSPR MC -> NNI_Substep_1] - Distance: 13.0000
(((7,(18,2)),20),(((4,13),(((17,12),(16,3)),9)),((19,(15,10)),((((14,5),11),1),(8,6)))));

STEP 39 [Heur. rSPR MC -> NNI_Substep_2] - Distance: 16.0000
((7,(18,2)),(((4,13),(((17,12),(16,3)),9)),(((19,(15,10)),((((14,5),11),1),(8,6))),20)));

STEP 40 [Heur. rSPR MC -> NNI_Substep_3] - Distance: 9.0000
((7,(18,2)),(((4,13),(((17,12),(16,3)),9)),(((19,(15,10)),20),((((14,5),11),1),(8,6)))));

STEP 41 [Heur. rSPR MC -> NNI_Substep_4] - Distance: 6.0000
((7,(18,2)),(((4,13),(((17,12),(16,3)),9)),(((19,20),(15,10)),((((14,5),11),1),(8,6)))));

STEP 42 [Heur. rSPR MC -> NNI_Substep_5] - Distance: 7.0000
((7,(18,2)),(((4,13),(((17,12),(16,3)),9)),((((19,20),10),15),((((14,5),11),1),(8,6)))));

STEP 43 [Heur. rSPR MC -> NNI_Substep_6] - Distance: 12.0000
((7,(18,2)),(((4,13),(((17,12),(16,3)),9)),((((19,20),10),((((14,5),11),1),(8,6))),15)));

STEP 44 [Heur. rSPR MC -> NNI_Substep_7] - Distance: 18.0000
((7,(18,2)),((((4,13),(((17,12),(16,3)),9)),(((19,20),10),((((14,5),11),1),(8,6)))),15));

STEP 45 [Heur. rSPR MC -> NNI_Substep_8] - Distance: 8.0000
((7,(18,2)),((((4,13),(((17,12),(16,3)),9)),15),(((19,20),10),((((14,5),11),1),(8,6)))));

STEP 46 [Heur. rSPR MC -> NNI_Substep_9] - Distance: 2.0000
((7,(18,2)),((((4,13),15),(((17,12),(16,3)),9)),(((19,20),10),((((14,5),11),1),(8,6)))));

STEP 47 [Heur. rSPR MC -> NNI_Substep_10] - Distance: 0.0000
((7,(18,2)),(((4,(13,15)),(((17,12),(16,3)),9)),(((19,20),10),((((14,5),11),1),(8,6)))));

========================================================
[FINAL] Total Steps: 47 | Final Distance: 0.0000
========================================================
