========================================================
HEURISTIC TRAJECTORY: VND Classic (MC_RF)
========================================================
STEP 0 [START] - Distance: 86.0000
((((5,(4,(12,13))),(18,((19,(11,15)),(14,(20,9))))),((17,8),(10,1))),((2,(3,16)),(7,6)));

STEP 1 [NNI_ClassicHeuristic_MC_RF -> NNI_Substep_1] - Distance: 72.0000
((((2,(3,16)),(((5,(4,(12,13))),((19,(11,15)),(18,(14,(20,9))))),((17,8),(10,1)))),6),7);

STEP 2 [NNI_ClassicHeuristic_MC_RF -> NNI_Substep_2] - Distance: 70.0000
((((2,(3,16)),((((17,8),(10,1)),((19,(11,15)),(18,(14,(20,9))))),(5,(4,(12,13))))),6),7);

STEP 3 [NNI_ClassicHeuristic_MC_RF -> NNI_Substep_3] - Distance: 69.0000
((((2,(3,16)),((((17,8),(10,1)),((19,(11,15)),((20,9),(14,18)))),(5,(4,(12,13))))),6),7);

STEP 4 [NNI_ClassicHeuristic_MC_RF -> NNI_Substep_4] - Distance: 68.0000
((((2,(3,16)),((((17,8),(10,1)),((19,(11,15)),((20,9),(14,18)))),((12,13),(4,5)))),6),7);

STEP 5 [TBR_ClassicHeuristic_MC_RF -> NNI_Substep_1] - Distance: 68.0000
(((((2,3),16),((((17,8),(10,1)),((19,(11,15)),((20,9),(14,18)))),((12,13),(4,5)))),6),7);

STEP 6 [TBR_ClassicHeuristic_MC_RF -> NNI_Substep_2] - Distance: 74.0000
(((((2,3),((((17,8),(10,1)),((19,(11,15)),((20,9),(14,18)))),((12,13),(4,5)))),16),6),7);

STEP 7 [TBR_ClassicHeuristic_MC_RF -> NNI_Substep_3] - Distance: 71.0000
((((2,3),(((((17,8),(10,1)),((19,(11,15)),((20,9),(14,18)))),((12,13),(4,5))),16)),6),7);

STEP 8 [TBR_ClassicHeuristic_MC_RF -> NNI_Substep_4] - Distance: 70.0000
((((2,3),(((((17,8),(10,1)),((19,(11,15)),((20,9),(14,18)))),16),((12,13),(4,5)))),6),7);

STEP 9 [TBR_ClassicHeuristic_MC_RF -> NNI_Substep_5] - Distance: 68.0000
((((2,3),(((((17,8),(10,1)),16),((19,(11,15)),((20,9),(14,18)))),((12,13),(4,5)))),6),7);

STEP 10 [TBR_ClassicHeuristic_MC_RF -> NNI_Substep_6] - Distance: 65.0000
((((2,3),(((((17,8),16),(10,1)),((19,(11,15)),((20,9),(14,18)))),((12,13),(4,5)))),6),7);

STEP 11 [TBR_ClassicHeuristic_MC_RF -> NNI_Substep_7] - Distance: 66.0000
((((2,3),(((((17,8),16),(10,1)),(((11,15),((20,9),(14,18))),19)),((12,13),(4,5)))),6),7);

STEP 12 [TBR_ClassicHeuristic_MC_RF -> NNI_Substep_8] - Distance: 68.0000
((((2,3),((((((17,8),16),(10,1)),((11,15),((20,9),(14,18)))),19),((12,13),(4,5)))),6),7);

STEP 13 [TBR_ClassicHeuristic_MC_RF -> NNI_Substep_9] - Distance: 67.0000
((((2,3),((((((17,8),16),(10,1)),((11,15),((20,9),(14,18)))),((12,13),(4,5))),19)),6),7);

STEP 14 [TBR_ClassicHeuristic_MC_RF -> NNI_Substep_10] - Distance: 63.0000
((((2,3),(((((17,8),16),(10,1)),((11,15),((20,9),(14,18)))),(((12,13),(4,5)),19))),6),7);

STEP 15 [TBR_ClassicHeuristic_MC_RF -> NNI_Substep_11] - Distance: 62.0000
((((2,3),(((((17,8),16),(10,1)),((11,15),((20,9),(14,18)))),((12,13),((4,5),19)))),6),7);

STEP 16 [TBR_ClassicHeuristic_MC_RF -> NNI_Substep_12] - Distance: 62.0000
((((2,3),(((((17,8),16),(10,1)),((11,15),((20,9),(14,18)))),((12,13),(4,(5,19))))),6),7);

STEP 17 [TBR_ClassicHeuristic_MC_RF -> NNI_Substep_13] - Distance: 62.0000
((((2,3),(((((17,8),16),(10,1)),((11,15),((20,9),(14,18)))),(((12,13),4),(5,19)))),6),7);

STEP 18 [TBR_ClassicHeuristic_MC_RF -> NNI_Substep_14] - Distance: 63.0000
((((2,3),((((((17,8),16),(10,1)),((11,15),((20,9),(14,18)))),((12,13),4)),(5,19))),6),7);

STEP 19 [TBR_ClassicHeuristic_MC_RF -> NNI_Substep_15] - Distance: 63.0000
(((((2,3),(((((17,8),16),(10,1)),((11,15),((20,9),(14,18)))),((12,13),4))),(5,19)),6),7);

STEP 20 [TBR_ClassicHeuristic_MC_RF -> NNI_Substep_16] - Distance: 60.0000
(((((2,3),(((((17,8),16),(10,1)),((11,15),((20,9),(14,18)))),((12,13),4))),6),(5,19)),7);

STEP 21 [TBR_ClassicHeuristic_MC_RF -> NNI_Substep_17] - Distance: 54.0000
((((2,3),((((((17,8),16),(10,1)),((11,15),((20,9),(14,18)))),((12,13),4)),6)),7),(5,19));

STEP 22 [TBR_ClassicHeuristic_MC_RF -> NNI_Substep_18] - Distance: 54.0000
((((2,3),((((((17,8),16),(10,1)),((11,15),((20,9),(14,18)))),6),((12,13),4))),7),(5,19));

STEP 23 [TBR_ClassicHeuristic_MC_RF -> NNI_Substep_19] - Distance: 50.0000
((((2,3),(((((17,8),16),(10,1)),(((11,15),((20,9),(14,18))),6)),((12,13),4))),7),(5,19));

STEP 24 [TBR_ClassicHeuristic_MC_RF -> NNI_Substep_20] - Distance: 49.0000
((((2,3),(((((17,8),16),(10,1)),((11,15),(((20,9),(14,18)),6))),((12,13),4))),7),(5,19));

STEP 25 [TBR_ClassicHeuristic_MC_RF -> NNI_Substep_21] - Distance: 46.0000
((((2,3),(((((17,8),16),(10,1)),((11,15),(((20,9),6),(14,18)))),((12,13),4))),7),(5,19));

STEP 26 [TBR_ClassicHeuristic_MC_RF -> NNI_Substep_22] - Distance: 46.0000
((((2,3),(((((17,8),16),(10,1)),((11,15),(((20,6),9),(14,18)))),((12,13),4))),7),(5,19));

STEP 27 [TBR_ClassicHeuristic_MC_RF -> NNI_Substep_23] - Distance: 45.0000
((((2,3),(((((17,8),16),(10,1)),((11,15),(((20,6),(14,18)),9))),((12,13),4))),7),(5,19));

STEP 28 [TBR_ClassicHeuristic_MC_RF -> NNI_Substep_24] - Distance: 44.0000
((((2,3),(((((17,8),16),(10,1)),(((11,15),((20,6),(14,18))),9)),((12,13),4))),7),(5,19));

STEP 29 [TBR_ClassicHeuristic_MC_RF -> NNI_Substep_25] - Distance: 43.0000
((((2,3),(((((17,8),16),(10,1)),(((11,15),9),((20,6),(14,18)))),((12,13),4))),7),(5,19));

STEP 30 [TBR_ClassicHeuristic_MC_RF -> NNI_Substep_26] - Distance: 41.0000
((((2,3),(((((17,8),16),(10,1)),(((11,9),15),((20,6),(14,18)))),((12,13),4))),7),(5,19));

STEP 31 [TBR_ClassicHeuristic_MC_RF -> NNI_Substep_27] - Distance: 44.0000
((((2,3),((((((17,8),16),(10,1)),(((11,9),15),((20,6),(14,18)))),(12,13)),4)),7),(5,19));

STEP 32 [TBR_ClassicHeuristic_MC_RF -> NNI_Substep_28] - Distance: 43.0000
((((2,3),((((((17,8),16),(10,1)),(((11,9),15),((20,6),(14,18)))),4),(12,13))),7),(5,19));

STEP 33 [TBR_ClassicHeuristic_MC_RF -> NNI_Substep_29] - Distance: 39.0000
((((2,3),(((((17,8),16),(10,1)),((((11,9),15),((20,6),(14,18))),4)),(12,13))),7),(5,19));

STEP 34 [TBR_ClassicHeuristic_MC_RF -> NNI_Substep_30] - Distance: 38.0000
((((2,3),(((((17,8),16),(10,1)),((((11,9),15),4),((20,6),(14,18)))),(12,13))),7),(5,19));

STEP 35 [TBR_ClassicHeuristic_MC_RF -> NNI_Substep_31] - Distance: 37.0000
((((2,3),(((((17,8),16),(10,1)),(((11,9),(15,4)),((20,6),(14,18)))),(12,13))),7),(5,19));

STEP 36 [TBR_ClassicHeuristic_MC_RF -> NNI_Substep_32] - Distance: 35.0000
((((2,3),(((((17,8),16),(10,1)),(((15,4),((20,6),(14,18))),(11,9))),(12,13))),7),(5,19));

STEP 37 [TBR_ClassicHeuristic_MC_RF -> NNI_Substep_33] - Distance: 36.0000
((((2,3),((((((17,8),16),(10,1)),((15,4),((20,6),(14,18)))),(11,9)),(12,13))),7),(5,19));

STEP 38 [TBR_ClassicHeuristic_MC_RF -> NNI_Substep_34] - Distance: 34.0000
((((2,3),((((((17,8),16),(10,1)),((15,4),((20,6),(14,18)))),(12,13)),(11,9))),7),(5,19));

STEP 39 [TBR_ClassicHeuristic_MC_RF -> NNI_Substep_35] - Distance: 31.0000
((((2,3),(((((17,8),16),(10,1)),((15,4),((20,6),(14,18)))),((12,13),(11,9)))),7),(5,19));

STEP 40 [TBR_ClassicHeuristic_MC_RF -> NNI_Substep_36] - Distance: 32.0000
((((2,3),(((((17,8),16),(10,1)),((15,4),((20,6),(14,18)))),(12,(13,(11,9))))),7),(5,19));

STEP 41 [TBR_ClassicHeuristic_MC_RF -> NNI_Substep_37] - Distance: 31.0000
((((2,3),(((((17,8),16),(10,1)),((15,4),(((20,6),18),14))),(12,(13,(11,9))))),7),(5,19));

STEP 42 [TBR_ClassicHeuristic_MC_RF -> NNI_Substep_38] - Distance: 28.0000
((((2,3),(((((17,8),16),(10,1)),(((15,4),((20,6),18)),14)),(12,(13,(11,9))))),7),(5,19));

STEP 43 [TBR_ClassicHeuristic_MC_RF -> NNI_Substep_39] - Distance: 36.0000
((((2,3),((((((17,8),16),(10,1)),(((15,4),((20,6),18)),14)),(13,(11,9))),12)),7),(5,19));

STEP 44 [TBR_ClassicHeuristic_MC_RF -> NNI_Substep_40] - Distance: 39.0000
(((((2,3),(((((17,8),16),(10,1)),(((15,4),((20,6),18)),14)),(13,(11,9)))),12),7),(5,19));

STEP 45 [TBR_ClassicHeuristic_MC_RF -> NNI_Substep_41] - Distance: 39.0000
(((((2,3),(((((17,8),16),(10,1)),(((15,4),((20,6),18)),14)),(13,(11,9)))),7),12),(5,19));

STEP 46 [TBR_ClassicHeuristic_MC_RF -> NNI_Substep_42] - Distance: 26.0000
((((2,3),(((((17,8),16),(10,1)),(((15,4),((20,6),18)),14)),(13,(11,9)))),(7,12)),(5,19));

STEP 47 [TBR_ClassicHeuristic_MC_RF -> NNI_Substep_43] - Distance: 28.0000
((((2,3),((((((17,8),16),10),1),(((15,4),((20,6),18)),14)),(13,(11,9)))),(7,12)),(5,19));

STEP 48 [TBR_ClassicHeuristic_MC_RF -> NNI_Substep_44] - Distance: 31.0000
((((2,3),((((((17,8),16),10),(((15,4),((20,6),18)),14)),1),(13,(11,9)))),(7,12)),(5,19));

STEP 49 [TBR_ClassicHeuristic_MC_RF -> NNI_Substep_45] - Distance: 26.0000
((((2,3),(((((17,8),16),10),((((15,4),((20,6),18)),14),1)),(13,(11,9)))),(7,12)),(5,19));

STEP 50 [TBR_ClassicHeuristic_MC_RF -> NNI_Substep_46] - Distance: 26.0000
((((2,3),(((((17,8),16),10),((((15,4),((20,6),18)),1),14)),(13,(11,9)))),(7,12)),(5,19));

STEP 51 [TBR_ClassicHeuristic_MC_RF -> NNI_Substep_47] - Distance: 26.0000
(((2,3),((((((17,8),16),10),((((15,4),((20,6),18)),1),14)),(13,(11,9))),(7,12))),(5,19));

STEP 52 [TBR_ClassicHeuristic_MC_RF -> NNI_Substep_48] - Distance: 27.0000
(((2,3),((((((17,8),16),10),((((15,4),((20,6),18)),1),14)),(7,12)),(13,(11,9)))),(5,19));

STEP 53 [TBR_ClassicHeuristic_MC_RF -> NNI_Substep_49] - Distance: 27.0000
(((2,3),(((((17,8),16),10),(((((15,4),((20,6),18)),1),14),(7,12))),(13,(11,9)))),(5,19));

STEP 54 [TBR_ClassicHeuristic_MC_RF -> NNI_Substep_50] - Distance: 19.0000
(((2,3),(((((17,8),16),10),((((15,4),((20,6),18)),1),(14,(7,12)))),(13,(11,9)))),(5,19));

STEP 55 [TBR_ClassicHeuristic_MC_RF -> NNI_Substep_51] - Distance: 17.0000
(((2,3),(((((17,8),16),((((15,4),((20,6),18)),1),(14,(7,12)))),10),(13,(11,9)))),(5,19));

STEP 56 [TBR_ClassicHeuristic_MC_RF -> NNI_Substep_52] - Distance: 13.0000
(((2,3),(((((17,8),16),((((15,4),((20,6),18)),1),(14,(7,12)))),(13,(11,9))),10)),(5,19));

STEP 57 [TBR_ClassicHeuristic_MC_RF -> NNI_Substep_53] - Distance: 10.0000
((((2,3),((((17,8),16),((((15,4),((20,6),18)),1),(14,(7,12)))),(13,(11,9)))),10),(5,19));

STEP 58 [TBR_ClassicHeuristic_MC_RF -> NNI_Substep_54] - Distance: 14.0000
((((2,3),(((((17,8),16),(((15,4),((20,6),18)),1)),(14,(7,12))),(13,(11,9)))),10),(5,19));

STEP 59 [TBR_ClassicHeuristic_MC_RF -> NNI_Substep_55] - Distance: 5.0000
((((2,3),(((((17,8),16),(14,(7,12))),(((15,4),((20,6),18)),1)),(13,(11,9)))),10),(5,19));

STEP 60 [TBR_ClassicHeuristic_MC_RF -> NNI_Substep_56] - Distance: 0.0000
((((2,3),((((17,8),(16,(14,(7,12)))),(((15,4),((20,6),18)),1)),(13,(11,9)))),10),(5,19));

========================================================
[FINAL] Total Steps: 60 | Final Distance: 0.0000
========================================================
