========================================================
HEURISTIC TRAJECTORY: VND Incremental (RF)
========================================================
STEP 0 [START] - Distance: 16.0000
(2,((12,(10,17)),(15,(5,(6,(16,1))))),((18,((19,(13,(11,3))),(8,7))),(4,(20,(14,9)))));

STEP 1 [2sECR_IncrementalHeuristic_RF -> NNI_Substep_1] - Distance: 16.0000
(2,((10,17),(12,(15,(5,(6,(16,1)))))),((18,((19,(13,(11,3))),(8,7))),(4,(20,(14,9)))));

STEP 2 [2sECR_IncrementalHeuristic_RF -> NNI_Substep_2] - Distance: 15.0000
(2,((10,17),((5,(6,(16,1))),(12,15))),((18,((19,(13,(11,3))),(8,7))),(4,(20,(14,9)))));

STEP 3 [2sECR_IncrementalHeuristic_RF -> NNI_Substep_3] - Distance: 15.0000
(2,((10,17),((5,(6,(16,1))),(12,15))),((18,((13,(19,(11,3))),(8,7))),(4,(20,(14,9)))));

STEP 4 [2sECR_IncrementalHeuristic_RF -> NNI_Substep_4] - Distance: 14.0000
(2,((10,17),((5,(6,(16,1))),(12,15))),((18,((13,(11,(19,3))),(8,7))),(4,(20,(14,9)))));

STEP 5 [3sECR_IncrementalHeuristic_RF -> NNI_Substep_1] - Distance: 14.0000
(2,((10,17),((5,(6,(16,1))),(12,15))),((18,(13,((11,(19,3)),(8,7)))),(4,(20,(14,9)))));

STEP 6 [3sECR_IncrementalHeuristic_RF -> NNI_Substep_2] - Distance: 14.0000
(2,((10,17),((5,(6,(16,1))),(12,15))),((18,(13,(11,((19,3),(8,7))))),(4,(20,(14,9)))));

STEP 7 [3sECR_IncrementalHeuristic_RF -> NNI_Substep_3] - Distance: 14.0000
(2,((10,17),((5,(6,(16,1))),(12,15))),((18,(13,(11,(((19,3),7),8)))),(4,(20,(14,9)))));

STEP 8 [3sECR_IncrementalHeuristic_RF -> NNI_Substep_4] - Distance: 13.0000
(2,((10,17),((5,(6,(16,1))),(12,15))),((18,(13,((11,8),((19,3),7)))),(4,(20,(14,9)))));

STEP 9 [Heur. uSPR RF -> NNI_Substep_1] - Distance: 13.0000
((10,17),((5,(6,(16,1))),(12,15)),((18,(13,((11,8),((19,3),7)))),((4,(20,(14,9))),2)));

STEP 10 [Heur. uSPR RF -> NNI_Substep_2] - Distance: 13.0000
((10,17),((5,(6,(16,1))),(12,15)),((18,(13,((11,8),((19,3),7)))),(4,((20,(14,9)),2))));

STEP 11 [Heur. uSPR RF -> NNI_Substep_3] - Distance: 12.0000
((10,17),((5,(6,(16,1))),(12,15)),((18,(13,((11,8),((19,3),7)))),(4,((20,2),(14,9)))));

STEP 12 [Heur. uSPR RF -> NNI_Substep_4] - Distance: 12.0000
((10,17),(5,(6,(16,1))),(((18,(13,((11,8),((19,3),7)))),(4,((20,2),(14,9)))),(12,15)));

STEP 13 [Heur. uSPR RF -> NNI_Substep_5] - Distance: 12.0000
((10,17),(5,(6,(16,1))),((18,(13,((11,8),((19,3),7)))),((4,((20,2),(14,9))),(12,15))));

STEP 14 [Heur. uSPR RF -> NNI_Substep_6] - Distance: 11.0000
((10,17),(5,(6,(16,1))),((18,(13,((11,8),((19,3),7)))),((4,(12,15)),((20,2),(14,9)))));

STEP 15 [Heur. uSPR RF -> NNI_Substep_7] - Distance: 11.0000
(17,((5,(6,(16,1))),10),((18,(13,((11,8),((19,3),7)))),((4,(12,15)),((20,2),(14,9)))));

STEP 16 [Heur. uSPR RF -> NNI_Substep_8] - Distance: 11.0000
(17,(5,((6,(16,1)),10)),((18,(13,((11,8),((19,3),7)))),((4,(12,15)),((20,2),(14,9)))));

STEP 17 [Heur. uSPR RF -> NNI_Substep_9] - Distance: 10.0000
(17,(5,((6,10),(16,1))),((18,(13,((11,8),((19,3),7)))),((4,(12,15)),((20,2),(14,9)))));

STEP 18 [Heur. uSPR RF -> NNI_Substep_10] - Distance: 10.0000
(5,((6,10),(16,1)),(((18,(13,((11,8),((19,3),7)))),17),((4,(12,15)),((20,2),(14,9)))));

STEP 19 [Heur. uSPR RF -> NNI_Substep_11] - Distance: 10.0000
(5,((6,10),(16,1)),((18,((13,((11,8),((19,3),7))),17)),((4,(12,15)),((20,2),(14,9)))));

STEP 20 [Heur. uSPR RF -> NNI_Substep_12] - Distance: 10.0000
(5,((6,10),(16,1)),((18,(13,(((11,8),((19,3),7)),17))),((4,(12,15)),((20,2),(14,9)))));

STEP 21 [Heur. uSPR RF -> NNI_Substep_13] - Distance: 10.0000
(5,((6,10),(16,1)),((18,(13,((11,8),(((19,3),7),17)))),((4,(12,15)),((20,2),(14,9)))));

STEP 22 [Heur. uSPR RF -> NNI_Substep_14] - Distance: 9.0000
(5,((6,10),(16,1)),((18,(13,((11,8),((19,3),(7,17))))),((4,(12,15)),((20,2),(14,9)))));

STEP 23 [Heur. uSPR RF -> NNI_Substep_15] - Distance: 9.0000
((6,10),(16,1),(((18,(13,((11,8),((19,3),(7,17))))),5),((4,(12,15)),((20,2),(14,9)))));

STEP 24 [Heur. uSPR RF -> NNI_Substep_16] - Distance: 9.0000
((6,10),(16,1),((18,((13,((11,8),((19,3),(7,17)))),5)),((4,(12,15)),((20,2),(14,9)))));

STEP 25 [Heur. uSPR RF -> NNI_Substep_17] - Distance: 9.0000
((6,10),(16,1),((18,(13,(((11,8),((19,3),(7,17))),5))),((4,(12,15)),((20,2),(14,9)))));

STEP 26 [Heur. uSPR RF -> NNI_Substep_18] - Distance: 8.0000
((6,10),(16,1),((18,(13,(((11,8),5),((19,3),(7,17))))),((4,(12,15)),((20,2),(14,9)))));

STEP 27 [Heur. uSPR RF -> NNI_Substep_19] - Distance: 8.0000
(16,1,((18,(13,(((11,8),5),((19,3),(7,17))))),(((4,(12,15)),((20,2),(14,9))),(6,10))));

STEP 28 [Heur. uSPR RF -> NNI_Substep_20] - Distance: 8.0000
(16,1,((18,(13,(((11,8),5),((19,3),(7,17))))),((4,(12,15)),(((20,2),(14,9)),(6,10)))));

STEP 29 [Heur. uSPR RF -> NNI_Substep_21] - Distance: 7.0000
(16,1,((18,(13,(((11,8),5),((19,3),(7,17))))),((4,(12,15)),((20,2),((14,9),(6,10))))));

STEP 30 [Heur. uSPR RF -> NNI_Substep_22] - Distance: 7.0000
((18,(13,(((11,8),5),((19,3),(7,17))))),(((4,(12,15)),((20,2),((14,9),(6,10)))),1),16);

STEP 31 [Heur. uSPR RF -> NNI_Substep_23] - Distance: 6.0000
((18,(13,(((11,8),5),((19,3),(7,17))))),(((4,(12,15)),1),((20,2),((14,9),(6,10)))),16);

STEP 32 [Heur. uSPR RF -> NNI_Substep_24] - Distance: 6.0000
(((18,(((11,8),5),((19,3),(7,17)))),13),(((4,(12,15)),1),((20,2),((14,9),(6,10)))),16);

STEP 33 [Heur. uSPR RF -> NNI_Substep_25] - Distance: 5.0000
((18,(((11,8),5),((19,3),(7,17)))),(((4,(12,15)),1),((20,2),((14,9),(6,10)))),(16,13));

STEP 34 [Heur. uSPR RF -> NNI_Substep_26] - Distance: 5.0000
(((18,((19,3),(7,17))),((11,8),5)),(((4,(12,15)),1),((20,2),((14,9),(6,10)))),(16,13));

STEP 35 [Heur. uSPR RF -> NNI_Substep_27] - Distance: 5.0000
((18,((19,3),(7,17))),((((4,(12,15)),1),((20,2),((14,9),(6,10)))),((11,8),5)),(16,13));

STEP 36 [Heur. uSPR RF -> NNI_Substep_28] - Distance: 5.0000
((18,((19,3),(7,17))),(((4,(12,15)),1),(((20,2),((14,9),(6,10))),((11,8),5))),(16,13));

STEP 37 [Heur. uSPR RF -> NNI_Substep_29] - Distance: 4.0000
((18,((19,3),(7,17))),(((4,(12,15)),1),(((20,2),((11,8),5)),((14,9),(6,10)))),(16,13));

STEP 38 [Heur. uSPR RF -> NNI_Substep_30] - Distance: 4.0000
(((19,3),(7,17)),((((4,(12,15)),1),(((20,2),((11,8),5)),((14,9),(6,10)))),18),(16,13));

STEP 39 [Heur. uSPR RF -> NNI_Substep_31] - Distance: 4.0000
(((19,3),(7,17)),(((4,(12,15)),1),((((20,2),((11,8),5)),((14,9),(6,10))),18)),(16,13));

STEP 40 [Heur. uSPR RF -> NNI_Substep_32] - Distance: 3.0000
(((19,3),(7,17)),(((4,(12,15)),1),((((20,2),((11,8),5)),18),((14,9),(6,10)))),(16,13));

STEP 41 [Heur. uSPR RF -> NNI_Substep_33] - Distance: 3.0000
((7,17),((((4,(12,15)),1),((((20,2),((11,8),5)),18),((14,9),(6,10)))),(19,3)),(16,13));

STEP 42 [Heur. uSPR RF -> NNI_Substep_34] - Distance: 2.0000
((7,17),((((4,(12,15)),1),(19,3)),((((20,2),((11,8),5)),18),((14,9),(6,10)))),(16,13));

STEP 43 [Heur. uSPR RF -> NNI_Substep_35] - Distance: 1.0000
((7,17),(((((4,(12,15)),1),(19,3)),(((20,2),((11,8),5)),18)),((14,9),(6,10))),(16,13));

STEP 44 [Heur. uSPR RF -> NNI_Substep_36] - Distance: 0.0000
(((7,17),((14,9),(6,10))),((((4,(12,15)),1),(19,3)),(((20,2),((11,8),5)),18)),(16,13));

========================================================
[FINAL] Total Steps: 44 | Final Distance: 0.0000
========================================================
