========================================================
HEURISTIC TRAJECTORY: VND Classic (MC)
========================================================
STEP 0 [START] - Distance: 91.0000
(9,((11,17),(7,(((13,(8,(2,(3,(14,18))))),((16,(5,20)),(4,6))),(12,(19,(15,(1,10))))))));

STEP 1 [NNI_ClassicHeuristic_MC -> NNI_Substep_1] - Distance: 83.0000
(9,((11,17),(((13,(8,(2,(3,(14,18))))),((16,(5,20)),(4,6))),(7,(12,(19,(15,(1,10))))))));

STEP 2 [NNI_ClassicHeuristic_MC -> NNI_Substep_2] - Distance: 78.0000
(9,((11,17),(((13,(8,(2,(3,(14,18))))),((16,(5,20)),(4,6))),((19,(15,(1,10))),(12,7)))));

STEP 3 [NNI_ClassicHeuristic_MC -> NNI_Substep_3] - Distance: 67.0000
((((11,17),9),(((12,7),(15,(1,10))),19)),((13,(8,(2,(3,(14,18))))),((16,(5,20)),(4,6))));

STEP 4 [NNI_ClassicHeuristic_MC -> NNI_Substep_4] - Distance: 65.0000
((((11,17),9),(((1,10),(15,(12,7))),19)),((13,(8,(2,(3,(14,18))))),((16,(5,20)),(4,6))));

STEP 5 [NNI_ClassicHeuristic_MC -> NNI_Substep_5] - Distance: 63.0000
((((11,17),9),(((1,10),(15,(12,7))),19)),((13,((3,(14,18)),(2,8))),((16,(5,20)),(4,6))));

STEP 6 [NNI_ClassicHeuristic_MC -> NNI_Substep_6] - Distance: 61.0000
((((11,17),9),(((1,10),(15,(12,7))),19)),(((3,(14,18)),(13,(2,8))),((16,(5,20)),(4,6))));

STEP 7 [NNI_ClassicHeuristic_MC -> NNI_Substep_7] - Distance: 60.0000
((((11,17),9),(((1,10),(15,(12,7))),19)),(((3,(14,18)),(13,(2,8))),(((4,6),(5,20)),16)));

STEP 8 [SPR_ClassicHeuristic_MC -> NNI_Substep_1] - Distance: 62.0000
((((11,17),9),(((1,(15,(12,7))),10),19)),(((3,(14,18)),(13,(2,8))),(((4,6),(5,20)),16)));

STEP 9 [SPR_ClassicHeuristic_MC -> NNI_Substep_2] - Distance: 62.0000
((((11,17),9),(((1,(15,(12,7))),19),10)),(((3,(14,18)),(13,(2,8))),(((4,6),(5,20)),16)));

STEP 10 [SPR_ClassicHeuristic_MC -> NNI_Substep_3] - Distance: 64.0000
(((((11,17),9),((1,(15,(12,7))),19)),10),(((3,(14,18)),(13,(2,8))),(((4,6),(5,20)),16)));

STEP 11 [SPR_ClassicHeuristic_MC -> NNI_Substep_4] - Distance: 57.0000
((((11,17),9),((1,(15,(12,7))),19)),((((3,(14,18)),(13,(2,8))),10),(((4,6),(5,20)),16)));

STEP 12 [SPR_ClassicHeuristic_MC -> NNI_Substep_5] - Distance: 55.0000
((((11,17),9),((1,(15,(12,7))),19)),(((3,(14,18)),((13,(2,8)),10)),(((4,6),(5,20)),16)));

STEP 13 [SPR_ClassicHeuristic_MC -> NNI_Substep_6] - Distance: 53.0000
((((11,17),9),((1,(15,(12,7))),19)),(((3,(14,18)),(13,((2,8),10))),(((4,6),(5,20)),16)));

STEP 14 [SPR_ClassicHeuristic_MC -> NNI_Substep_7] - Distance: 51.0000
((((11,17),9),((1,(15,(12,7))),19)),(((3,(14,18)),(13,((2,10),8))),(((4,6),(5,20)),16)));

STEP 15 [SPR_ClassicHeuristic_MC -> NNI_Substep_8] - Distance: 52.0000
(((9,((1,(15,(12,7))),19)),(11,17)),(((3,(14,18)),(13,((2,10),8))),(((4,6),(5,20)),16)));

STEP 16 [SPR_ClassicHeuristic_MC -> NNI_Substep_9] - Distance: 47.0000
((9,((1,(15,(12,7))),19)),((((3,(14,18)),(13,((2,10),8))),(11,17)),(((4,6),(5,20)),16)));

STEP 17 [SPR_ClassicHeuristic_MC -> NNI_Substep_10] - Distance: 46.0000
((9,((1,(15,(12,7))),19)),(((3,(14,18)),((13,((2,10),8)),(11,17))),(((4,6),(5,20)),16)));

STEP 18 [SPR_ClassicHeuristic_MC -> NNI_Substep_11] - Distance: 43.0000
((9,((1,(15,(12,7))),19)),(((3,(14,18)),((13,(11,17)),((2,10),8))),(((4,6),(5,20)),16)));

STEP 19 [SPR_ClassicHeuristic_MC -> NNI_Substep_12] - Distance: 44.0000
((9,((1,(15,(12,7))),19)),(((3,(14,18)),((13,(11,17)),((2,10),8))),(((4,(5,20)),6),16)));

STEP 20 [SPR_ClassicHeuristic_MC -> NNI_Substep_13] - Distance: 44.0000
((9,((1,(15,(12,7))),19)),(((3,(14,18)),((13,(11,17)),((2,10),8))),(((4,(5,20)),16),6)));

STEP 21 [SPR_ClassicHeuristic_MC -> NNI_Substep_14] - Distance: 52.0000
((9,((1,(15,(12,7))),19)),((((3,(14,18)),((13,(11,17)),((2,10),8))),((4,(5,20)),16)),6));

STEP 22 [SPR_ClassicHeuristic_MC -> NNI_Substep_15] - Distance: 41.0000
((9,(((1,(15,(12,7))),19),6)),(((3,(14,18)),((13,(11,17)),((2,10),8))),((4,(5,20)),16)));

STEP 23 [SPR_ClassicHeuristic_MC -> NNI_Substep_16] - Distance: 39.0000
((9,(((1,(15,(12,7))),6),19)),(((3,(14,18)),((13,(11,17)),((2,10),8))),((4,(5,20)),16)));

STEP 24 [SPR_ClassicHeuristic_MC -> NNI_Substep_17] - Distance: 35.0000
((9,(((1,6),(15,(12,7))),19)),(((3,(14,18)),((13,(11,17)),((2,10),8))),((4,(5,20)),16)));

STEP 25 [SPR_ClassicHeuristic_MC -> NNI_Substep_18] - Distance: 35.0000
((9,(((1,6),(15,(12,7))),19)),((((3,14),18),((13,(11,17)),((2,10),8))),((4,(5,20)),16)));

STEP 26 [SPR_ClassicHeuristic_MC -> NNI_Substep_19] - Distance: 40.0000
((9,(((1,6),(15,(12,7))),19)),((((3,14),((13,(11,17)),((2,10),8))),18),((4,(5,20)),16)));

STEP 27 [SPR_ClassicHeuristic_MC -> NNI_Substep_20] - Distance: 43.0000
((9,(((1,6),(15,(12,7))),19)),((((3,14),((13,(11,17)),((2,10),8))),((4,(5,20)),16)),18));

STEP 28 [SPR_ClassicHeuristic_MC -> NNI_Substep_21] - Distance: 34.0000
((9,((((1,6),(15,(12,7))),19),18)),(((3,14),((13,(11,17)),((2,10),8))),((4,(5,20)),16)));

STEP 29 [SPR_ClassicHeuristic_MC -> NNI_Substep_22] - Distance: 32.0000
((9,((((1,6),(15,(12,7))),18),19)),(((3,14),((13,(11,17)),((2,10),8))),((4,(5,20)),16)));

STEP 30 [SPR_ClassicHeuristic_MC -> NNI_Substep_23] - Distance: 29.0000
((9,(((1,6),((15,(12,7)),18)),19)),(((3,14),((13,(11,17)),((2,10),8))),((4,(5,20)),16)));

STEP 31 [SPR_ClassicHeuristic_MC -> NNI_Substep_24] - Distance: 27.0000
((9,(((1,6),(15,((12,7),18))),19)),(((3,14),((13,(11,17)),((2,10),8))),((4,(5,20)),16)));

STEP 32 [SPR_ClassicHeuristic_MC -> NNI_Substep_25] - Distance: 28.0000
((9,((((1,6),((12,7),18)),15),19)),(((3,14),((13,(11,17)),((2,10),8))),((4,(5,20)),16)));

STEP 33 [SPR_ClassicHeuristic_MC -> NNI_Substep_26] - Distance: 28.0000
((9,((((1,6),((12,7),18)),19),15)),(((3,14),((13,(11,17)),((2,10),8))),((4,(5,20)),16)));

STEP 34 [SPR_ClassicHeuristic_MC -> NNI_Substep_27] - Distance: 26.0000
(((9,(((1,6),((12,7),18)),19)),15),(((3,14),((13,(11,17)),((2,10),8))),((4,(5,20)),16)));

STEP 35 [SPR_ClassicHeuristic_MC -> NNI_Substep_28] - Distance: 26.0000
((9,(((1,6),((12,7),18)),19)),(((3,14),((13,(11,17)),((2,10),8))),(((4,(5,20)),16),15)));

STEP 36 [SPR_ClassicHeuristic_MC -> NNI_Substep_29] - Distance: 24.0000
((9,(((1,6),((12,7),18)),19)),(((3,14),((13,(11,17)),((2,10),8))),(((4,(5,20)),15),16)));

STEP 37 [SPR_ClassicHeuristic_MC -> NNI_Substep_30] - Distance: 22.0000
((9,(((1,6),((12,7),18)),19)),(((3,14),((13,(11,17)),((2,10),8))),((4,((5,20),15)),16)));

STEP 38 [SPR_ClassicHeuristic_MC -> NNI_Substep_31] - Distance: 22.0000
((9,(((1,6),((12,7),18)),19)),(((3,14),((13,(11,17)),((2,10),8))),((4,((20,15),5)),16)));

STEP 39 [SPR_ClassicHeuristic_MC -> NNI_Substep_32] - Distance: 22.0000
((9,(((1,6),((12,7),18)),19)),(((3,14),((13,(11,17)),((2,10),8))),(((4,(20,15)),5),16)));

STEP 40 [SPR_ClassicHeuristic_MC -> NNI_Substep_33] - Distance: 22.0000
((9,(((1,6),((12,7),18)),19)),(((3,14),((13,(11,17)),((2,10),8))),(((4,(20,15)),16),5)));

STEP 41 [SPR_ClassicHeuristic_MC -> NNI_Substep_34] - Distance: 27.0000
((9,(((1,6),((12,7),18)),19)),((((3,14),((13,(11,17)),((2,10),8))),((4,(20,15)),16)),5));

STEP 42 [SPR_ClassicHeuristic_MC -> NNI_Substep_35] - Distance: 15.0000
(((9,5),(((1,6),((12,7),18)),19)),(((3,14),((13,(11,17)),((2,10),8))),((4,(20,15)),16)));

STEP 43 [SPR_ClassicHeuristic_MC -> NNI_Substep_36] - Distance: 20.0000
(((9,5),(((1,6),((12,7),18)),19)),(((3,((13,(11,17)),((2,10),8))),14),((4,(20,15)),16)));

STEP 44 [SPR_ClassicHeuristic_MC -> NNI_Substep_37] - Distance: 18.0000
(((9,5),(((1,6),((12,7),18)),19)),((3,(((13,(11,17)),((2,10),8)),14)),((4,(20,15)),16)));

STEP 45 [SPR_ClassicHeuristic_MC -> NNI_Substep_38] - Distance: 14.0000
(((9,5),(((1,6),((12,7),18)),19)),((3,((13,(11,17)),(((2,10),8),14))),((4,(20,15)),16)));

STEP 46 [SPR_ClassicHeuristic_MC -> NNI_Substep_39] - Distance: 11.0000
(((9,5),(((1,6),((12,7),18)),19)),((3,((13,(11,17)),((2,10),(8,14)))),((4,(20,15)),16)));

STEP 47 [SPR_ClassicHeuristic_MC -> NNI_Substep_40] - Distance: 11.0000
(((9,5),(((1,6),((12,7),18)),19)),((3,(((13,17),11),((2,10),(8,14)))),((4,(20,15)),16)));

STEP 48 [SPR_ClassicHeuristic_MC -> NNI_Substep_41] - Distance: 14.0000
(((9,5),(((1,6),((12,7),18)),19)),((3,(((13,17),((2,10),(8,14))),11)),((4,(20,15)),16)));

STEP 49 [SPR_ClassicHeuristic_MC -> NNI_Substep_42] - Distance: 14.0000
(((9,5),(((1,6),((12,7),18)),19)),(((3,((13,17),((2,10),(8,14)))),11),((4,(20,15)),16)));

STEP 50 [SPR_ClassicHeuristic_MC -> NNI_Substep_43] - Distance: 7.0000
(((9,5),(((1,6),((12,7),18)),19)),(((3,11),((13,17),((2,10),(8,14)))),((4,(20,15)),16)));

STEP 51 [SPR_ClassicHeuristic_MC -> NNI_Substep_44] - Distance: 10.0000
(((5,(((1,6),((12,7),18)),19)),9),(((3,11),((13,17),((2,10),(8,14)))),((4,(20,15)),16)));

STEP 52 [SPR_ClassicHeuristic_MC -> NNI_Substep_45] - Distance: 8.0000
((5,((((1,6),((12,7),18)),19),9)),(((3,11),((13,17),((2,10),(8,14)))),((4,(20,15)),16)));

STEP 53 [SPR_ClassicHeuristic_MC -> NNI_Substep_46] - Distance: 6.0000
((5,((((1,6),((12,7),18)),9),19)),(((3,11),((13,17),((2,10),(8,14)))),((4,(20,15)),16)));

STEP 54 [SPR_ClassicHeuristic_MC -> NNI_Substep_47] - Distance: 3.0000
((5,(((1,6),(((12,7),18),9)),19)),(((3,11),((13,17),((2,10),(8,14)))),((4,(20,15)),16)));

STEP 55 [SPR_ClassicHeuristic_MC -> NNI_Substep_48] - Distance: 3.0000
((5,(((1,6),(((7,18),12),9)),19)),(((3,11),((13,17),((2,10),(8,14)))),((4,(20,15)),16)));

STEP 56 [SPR_ClassicHeuristic_MC -> NNI_Substep_49] - Distance: 3.0000
((5,(((1,6),(((7,18),9),12)),19)),(((3,11),((13,17),((2,10),(8,14)))),((4,(20,15)),16)));

STEP 57 [SPR_ClassicHeuristic_MC -> NNI_Substep_50] - Distance: 0.0000
((5,(((1,6),((7,18),(9,12))),19)),(((3,11),((13,17),((2,10),(8,14)))),((4,(20,15)),16)));

========================================================
[FINAL] Total Steps: 57 | Final Distance: 0.0000
========================================================
