========================================================
HEURISTIC TRAJECTORY: VND Classic (MP_RF)
========================================================
STEP 0 [START] - Distance: 137.0000
(((((14,5),(16,(17,(11,6)))),(2,9)),((10,3),((13,(15,(18,7))),(12,(8,1))))),(19,(4,20)));

STEP 1 [NNI_ClassicHeuristic_MP_RF -> NNI_Substep_1] - Distance: 135.0000
(((((14,5),(16,(17,(11,6)))),(2,9)),((10,3),(((12,(8,1)),(15,(18,7))),13))),(19,(4,20)));

STEP 2 [NNI_ClassicHeuristic_MP_RF -> NNI_Substep_2] - Distance: 121.0000
((10,(((12,(8,1)),(15,(18,7))),(((((14,5),(16,(17,(11,6)))),(2,9)),(19,(4,20))),13))),3);

STEP 3 [NNI_ClassicHeuristic_MP_RF -> NNI_Substep_3] - Distance: 117.0000
(((((((14,5),(16,(17,(11,6)))),(2,9)),(19,(4,20))),13),(((12,(8,1)),(15,(18,7))),10)),3);

STEP 4 [NNI_ClassicHeuristic_MP_RF -> NNI_Substep_4] - Distance: 116.0000
(((((2,(((14,5),(16,(17,(11,6)))),9)),(19,(4,20))),13),(((12,(8,1)),(15,(18,7))),10)),3);

STEP 5 [NNI_ClassicHeuristic_MP_RF -> NNI_Substep_5] - Distance: 115.0000
(((((2,(19,(4,20))),(((14,5),(16,(17,(11,6)))),9)),13),(((12,(8,1)),(15,(18,7))),10)),3);

STEP 6 [TBR_ClassicHeuristic_MP_RF -> NNI_Substep_1] - Distance: 115.0000
(((((2,((19,20),4)),(((14,5),(16,(17,(11,6)))),9)),13),(((12,(8,1)),(15,(18,7))),10)),3);

STEP 7 [TBR_ClassicHeuristic_MP_RF -> NNI_Substep_2] - Distance: 115.0000
((((((2,(19,20)),4),(((14,5),(16,(17,(11,6)))),9)),13),(((12,(8,1)),(15,(18,7))),10)),3);

STEP 8 [TBR_ClassicHeuristic_MP_RF -> NNI_Substep_3] - Distance: 114.0000
((((((2,(19,20)),(((14,5),(16,(17,(11,6)))),9)),4),13),(((12,(8,1)),(15,(18,7))),10)),3);

STEP 9 [TBR_ClassicHeuristic_MP_RF -> NNI_Substep_4] - Distance: 114.0000
((((((2,(19,20)),(((14,5),(16,(17,(11,6)))),9)),13),4),(((12,(8,1)),(15,(18,7))),10)),3);

STEP 10 [TBR_ClassicHeuristic_MP_RF -> NNI_Substep_5] - Distance: 117.0000
((((((2,(19,20)),(((14,5),(16,(17,(11,6)))),9)),13),(((12,(8,1)),(15,(18,7))),10)),4),3);

STEP 11 [TBR_ClassicHeuristic_MP_RF -> NNI_Substep_6] - Distance: 110.0000
(((((2,(19,20)),(((14,5),(16,(17,(11,6)))),9)),13),((((12,(8,1)),(15,(18,7))),10),4)),3);

STEP 12 [TBR_ClassicHeuristic_MP_RF -> NNI_Substep_7] - Distance: 109.0000
(((((2,(19,20)),(((14,5),(16,(17,(11,6)))),9)),13),((((12,(8,1)),(15,(18,7))),4),10)),3);

STEP 13 [TBR_ClassicHeuristic_MP_RF -> NNI_Substep_8] - Distance: 109.0000
(((((2,(19,20)),(((14,5),(16,(17,(11,6)))),9)),13),(((12,(8,1)),((15,(18,7)),4)),10)),3);

STEP 14 [TBR_ClassicHeuristic_MP_RF -> NNI_Substep_9] - Distance: 109.0000
(((((2,(19,20)),(((14,5),(16,(17,(11,6)))),9)),13),(((12,(8,1)),(15,((18,7),4))),10)),3);

STEP 15 [TBR_ClassicHeuristic_MP_RF -> NNI_Substep_10] - Distance: 108.0000
(((((2,(19,20)),(((14,5),(16,(17,(11,6)))),9)),13),(((12,(8,1)),(15,((18,4),7))),10)),3);

STEP 16 [TBR_ClassicHeuristic_MP_RF -> NNI_Substep_11] - Distance: 108.0000
(((((2,(19,20)),(((5,(16,(17,(11,6)))),14),9)),13),(((12,(8,1)),(15,((18,4),7))),10)),3);

STEP 17 [TBR_ClassicHeuristic_MP_RF -> NNI_Substep_12] - Distance: 108.0000
(((((2,(19,20)),(((5,(16,(17,(11,6)))),9),14)),13),(((12,(8,1)),(15,((18,4),7))),10)),3);

STEP 18 [TBR_ClassicHeuristic_MP_RF -> NNI_Substep_13] - Distance: 108.0000
((((((2,(19,20)),((5,(16,(17,(11,6)))),9)),14),13),(((12,(8,1)),(15,((18,4),7))),10)),3);

STEP 19 [TBR_ClassicHeuristic_MP_RF -> NNI_Substep_14] - Distance: 108.0000
((((((2,(19,20)),((5,(16,(17,(11,6)))),9)),13),14),(((12,(8,1)),(15,((18,4),7))),10)),3);

STEP 20 [TBR_ClassicHeuristic_MP_RF -> NNI_Substep_15] - Distance: 110.0000
((((((2,(19,20)),((5,(16,(17,(11,6)))),9)),13),(((12,(8,1)),(15,((18,4),7))),10)),14),3);

STEP 21 [TBR_ClassicHeuristic_MP_RF -> NNI_Substep_16] - Distance: 103.0000
(((((2,(19,20)),((5,(16,(17,(11,6)))),9)),13),((((12,(8,1)),(15,((18,4),7))),10),14)),3);

STEP 22 [TBR_ClassicHeuristic_MP_RF -> NNI_Substep_17] - Distance: 102.0000
(((((2,(19,20)),((5,(16,(17,(11,6)))),9)),13),((((12,(8,1)),(15,((18,4),7))),14),10)),3);

STEP 23 [TBR_ClassicHeuristic_MP_RF -> NNI_Substep_18] - Distance: 101.0000
(((((2,(19,20)),((5,(16,(17,(11,6)))),9)),13),(((12,(8,1)),((15,((18,4),7)),14)),10)),3);

STEP 24 [TBR_ClassicHeuristic_MP_RF -> NNI_Substep_19] - Distance: 101.0000
(((((2,(19,20)),((5,(16,(17,(11,6)))),9)),13),(((12,(8,1)),(15,(((18,4),7),14))),10)),3);

STEP 25 [TBR_ClassicHeuristic_MP_RF -> NNI_Substep_20] - Distance: 100.0000
(((((2,(19,20)),((5,(16,(17,(11,6)))),9)),13),(((12,(8,1)),(15,(((18,4),14),7))),10)),3);

STEP 26 [TBR_ClassicHeuristic_MP_RF -> NNI_Substep_21] - Distance: 100.0000
(((((2,(19,20)),((5,(16,(17,(11,6)))),9)),13),((((8,1),(15,(((18,4),14),7))),12),10)),3);

STEP 27 [TBR_ClassicHeuristic_MP_RF -> NNI_Substep_22] - Distance: 100.0000
(((((2,(19,20)),((5,(16,(17,(11,6)))),9)),13),((((8,1),(15,(((18,4),14),7))),10),12)),3);

STEP 28 [TBR_ClassicHeuristic_MP_RF -> NNI_Substep_23] - Distance: 100.0000
((((((2,(19,20)),((5,(16,(17,(11,6)))),9)),13),(((8,1),(15,(((18,4),14),7))),10)),12),3);

STEP 29 [TBR_ClassicHeuristic_MP_RF -> NNI_Substep_24] - Distance: 95.0000
((((((2,(19,20)),((5,(16,(17,(11,6)))),9)),13),12),(((8,1),(15,(((18,4),14),7))),10)),3);

STEP 30 [TBR_ClassicHeuristic_MP_RF -> NNI_Substep_25] - Distance: 94.0000
((((((2,(19,20)),((5,(16,(17,(11,6)))),9)),12),13),(((8,1),(15,(((18,4),14),7))),10)),3);

STEP 31 [TBR_ClassicHeuristic_MP_RF -> NNI_Substep_26] - Distance: 92.0000
((((((2,(19,20)),12),((5,(16,(17,(11,6)))),9)),13),(((8,1),(15,(((18,4),14),7))),10)),3);

STEP 32 [TBR_ClassicHeuristic_MP_RF -> NNI_Substep_27] - Distance: 91.0000
(((((2,((19,20),12)),((5,(16,(17,(11,6)))),9)),13),(((8,1),(15,(((18,4),14),7))),10)),3);

STEP 33 [TBR_ClassicHeuristic_MP_RF -> NNI_Substep_28] - Distance: 91.0000
(((((2,((19,12),20)),((5,(16,(17,(11,6)))),9)),13),(((8,1),(15,(((18,4),14),7))),10)),3);

STEP 34 [TBR_ClassicHeuristic_MP_RF -> NNI_Substep_29] - Distance: 91.0000
(((((2,((19,12),20)),(((16,(17,(11,6))),9),5)),13),(((8,1),(15,(((18,4),14),7))),10)),3);

STEP 35 [TBR_ClassicHeuristic_MP_RF -> NNI_Substep_30] - Distance: 91.0000
((((((2,((19,12),20)),((16,(17,(11,6))),9)),5),13),(((8,1),(15,(((18,4),14),7))),10)),3);

STEP 36 [TBR_ClassicHeuristic_MP_RF -> NNI_Substep_31] - Distance: 91.0000
((((((2,((19,12),20)),((16,(17,(11,6))),9)),13),5),(((8,1),(15,(((18,4),14),7))),10)),3);

STEP 37 [TBR_ClassicHeuristic_MP_RF -> NNI_Substep_32] - Distance: 92.0000
((((((2,((19,12),20)),((16,(17,(11,6))),9)),13),(((8,1),(15,(((18,4),14),7))),10)),5),3);

STEP 38 [TBR_ClassicHeuristic_MP_RF -> NNI_Substep_33] - Distance: 84.0000
(((((2,((19,12),20)),((16,(17,(11,6))),9)),13),((((8,1),(15,(((18,4),14),7))),10),5)),3);

STEP 39 [TBR_ClassicHeuristic_MP_RF -> NNI_Substep_34] - Distance: 83.0000
(((((2,((19,12),20)),((16,(17,(11,6))),9)),13),((((8,1),(15,(((18,4),14),7))),5),10)),3);

STEP 40 [TBR_ClassicHeuristic_MP_RF -> NNI_Substep_35] - Distance: 80.0000
(((((2,((19,12),20)),((16,(17,(11,6))),9)),13),((((8,1),5),(15,(((18,4),14),7))),10)),3);

STEP 41 [TBR_ClassicHeuristic_MP_RF -> NNI_Substep_36] - Distance: 80.0000
(((((2,((19,12),20)),((16,(17,(11,6))),9)),13),(((8,(1,5)),(15,(((18,4),14),7))),10)),3);

STEP 42 [TBR_ClassicHeuristic_MP_RF -> NNI_Substep_37] - Distance: 79.0000
(((((2,((19,12),20)),((16,(17,(11,6))),9)),13),((((1,5),(15,(((18,4),14),7))),8),10)),3);

STEP 43 [TBR_ClassicHeuristic_MP_RF -> NNI_Substep_38] - Distance: 79.0000
(((((2,((19,12),20)),((16,(17,(11,6))),9)),13),((((1,5),(15,(((18,4),14),7))),10),8)),3);

STEP 44 [TBR_ClassicHeuristic_MP_RF -> NNI_Substep_39] - Distance: 78.0000
((((((2,((19,12),20)),((16,(17,(11,6))),9)),13),(((1,5),(15,(((18,4),14),7))),10)),8),3);

STEP 45 [TBR_ClassicHeuristic_MP_RF -> NNI_Substep_40] - Distance: 71.0000
((((((2,((19,12),20)),((16,(17,(11,6))),9)),13),8),(((1,5),(15,(((18,4),14),7))),10)),3);

STEP 46 [TBR_ClassicHeuristic_MP_RF -> NNI_Substep_41] - Distance: 70.0000
((((((2,((19,12),20)),((16,(17,(11,6))),9)),8),13),(((1,5),(15,(((18,4),14),7))),10)),3);

STEP 47 [TBR_ClassicHeuristic_MP_RF -> NNI_Substep_42] - Distance: 70.0000
(((((2,((19,12),20)),(((16,(17,(11,6))),9),8)),13),(((1,5),(15,(((18,4),14),7))),10)),3);

STEP 48 [TBR_ClassicHeuristic_MP_RF -> NNI_Substep_43] - Distance: 70.0000
(((((2,((19,12),20)),(((16,(17,(11,6))),8),9)),13),(((1,5),(15,(((18,4),14),7))),10)),3);

STEP 49 [TBR_ClassicHeuristic_MP_RF -> NNI_Substep_44] - Distance: 70.0000
(((((2,((19,12),20)),((16,((17,(11,6)),8)),9)),13),(((1,5),(15,(((18,4),14),7))),10)),3);

STEP 50 [TBR_ClassicHeuristic_MP_RF -> NNI_Substep_45] - Distance: 70.0000
(((((2,((19,12),20)),((16,((17,8),(11,6))),9)),13),(((1,5),(15,(((18,4),14),7))),10)),3);

STEP 51 [TBR_ClassicHeuristic_MP_RF -> NNI_Substep_46] - Distance: 70.0000
(((((2,((19,12),20)),((16,((17,8),(11,6))),9)),13),((((1,5),(((18,4),14),7)),15),10)),3);

STEP 52 [TBR_ClassicHeuristic_MP_RF -> NNI_Substep_47] - Distance: 70.0000
(((((2,((19,12),20)),((16,((17,8),(11,6))),9)),13),((((1,5),(((18,4),14),7)),10),15)),3);

STEP 53 [TBR_ClassicHeuristic_MP_RF -> NNI_Substep_48] - Distance: 65.0000
((((((2,((19,12),20)),((16,((17,8),(11,6))),9)),13),(((1,5),(((18,4),14),7)),10)),15),3);

STEP 54 [TBR_ClassicHeuristic_MP_RF -> NNI_Substep_49] - Distance: 58.0000
((((((2,((19,12),20)),((16,((17,8),(11,6))),9)),13),15),(((1,5),(((18,4),14),7)),10)),3);

STEP 55 [TBR_ClassicHeuristic_MP_RF -> NNI_Substep_50] - Distance: 57.0000
((((((2,((19,12),20)),((16,((17,8),(11,6))),9)),15),13),(((1,5),(((18,4),14),7)),10)),3);

STEP 56 [TBR_ClassicHeuristic_MP_RF -> NNI_Substep_51] - Distance: 55.0000
((((((2,((19,12),20)),((16,((17,8),(11,6))),9)),15),13),((((1,5),((18,4),14)),7),10)),3);

STEP 57 [TBR_ClassicHeuristic_MP_RF -> NNI_Substep_52] - Distance: 54.0000
((((((2,((19,12),20)),((16,((17,8),(11,6))),9)),15),13),((((1,5),((18,4),14)),10),7)),3);

STEP 58 [TBR_ClassicHeuristic_MP_RF -> NNI_Substep_53] - Distance: 54.0000
((((((2,((19,12),20)),(((16,(11,6)),(17,8)),9)),15),13),((((1,5),((18,4),14)),10),7)),3);

STEP 59 [TBR_ClassicHeuristic_MP_RF -> NNI_Substep_54] - Distance: 54.0000
((((((2,((19,12),20)),(((16,(11,6)),9),(17,8))),15),13),((((1,5),((18,4),14)),10),7)),3);

STEP 60 [TBR_ClassicHeuristic_MP_RF -> NNI_Substep_55] - Distance: 52.0000
(((((((2,((19,12),20)),((16,(11,6)),9)),(17,8)),15),13),((((1,5),((18,4),14)),10),7)),3);

STEP 61 [TBR_ClassicHeuristic_MP_RF -> NNI_Substep_56] - Distance: 48.0000
(((((((2,((19,12),20)),(17,8)),((16,(11,6)),9)),15),13),((((1,5),((18,4),14)),10),7)),3);

STEP 62 [TBR_ClassicHeuristic_MP_RF -> NNI_Substep_57] - Distance: 46.0000
((((((2,(((19,12),20),(17,8))),((16,(11,6)),9)),15),13),((((1,5),((18,4),14)),10),7)),3);

STEP 63 [TBR_ClassicHeuristic_MP_RF -> NNI_Substep_58] - Distance: 46.0000
((((((2,(((19,12),(17,8)),20)),((16,(11,6)),9)),15),13),((((1,5),((18,4),14)),10),7)),3);

STEP 64 [TBR_ClassicHeuristic_MP_RF -> NNI_Substep_59] - Distance: 46.0000
(((((((2,((19,12),(17,8))),20),((16,(11,6)),9)),15),13),((((1,5),((18,4),14)),10),7)),3);

STEP 65 [TBR_ClassicHeuristic_MP_RF -> NNI_Substep_60] - Distance: 45.0000
(((((((2,((19,12),(17,8))),((16,(11,6)),9)),20),15),13),((((1,5),((18,4),14)),10),7)),3);

STEP 66 [TBR_ClassicHeuristic_MP_RF -> NNI_Substep_61] - Distance: 40.0000
((((((2,((19,12),(17,8))),(((16,(11,6)),9),20)),15),13),((((1,5),((18,4),14)),10),7)),3);

STEP 67 [TBR_ClassicHeuristic_MP_RF -> NNI_Substep_62] - Distance: 40.0000
((((((2,((19,12),(17,8))),(((16,(11,6)),20),9)),15),13),((((1,5),((18,4),14)),10),7)),3);

STEP 68 [TBR_ClassicHeuristic_MP_RF -> NNI_Substep_63] - Distance: 39.0000
((((((2,((19,12),(17,8))),((16,((11,6),20)),9)),15),13),((((1,5),((18,4),14)),10),7)),3);

STEP 69 [TBR_ClassicHeuristic_MP_RF -> NNI_Substep_64] - Distance: 39.0000
((((((2,((19,12),(17,8))),((16,(11,(6,20))),9)),15),13),((((1,5),((18,4),14)),10),7)),3);

STEP 70 [TBR_ClassicHeuristic_MP_RF -> NNI_Substep_65] - Distance: 39.0000
((((((2,((19,12),(17,8))),(((16,(6,20)),11),9)),15),13),((((1,5),((18,4),14)),10),7)),3);

STEP 71 [TBR_ClassicHeuristic_MP_RF -> NNI_Substep_66] - Distance: 39.0000
((((((2,((19,12),(17,8))),(((16,(6,20)),9),11)),15),13),((((1,5),((18,4),14)),10),7)),3);

STEP 72 [TBR_ClassicHeuristic_MP_RF -> NNI_Substep_67] - Distance: 39.0000
((((((2,((19,12),(17,8))),((16,(6,20)),(9,11))),15),13),((((1,5),((18,4),14)),10),7)),3);

STEP 73 [TBR_ClassicHeuristic_MP_RF -> NNI_Substep_68] - Distance: 38.0000
(((((((2,((19,12),(17,8))),(16,(6,20))),(9,11)),15),13),((((1,5),((18,4),14)),10),7)),3);

STEP 74 [TBR_ClassicHeuristic_MP_RF -> NNI_Substep_69] - Distance: 36.0000
(((((((2,((19,12),(17,8))),(16,(6,20))),15),(9,11)),13),((((1,5),((18,4),14)),10),7)),3);

STEP 75 [TBR_ClassicHeuristic_MP_RF -> NNI_Substep_70] - Distance: 34.0000
(((((((2,((19,12),(17,8))),(16,(6,20))),15),13),(9,11)),((((1,5),((18,4),14)),10),7)),3);

STEP 76 [TBR_ClassicHeuristic_MP_RF -> NNI_Substep_71] - Distance: 20.0000
(((((((2,((19,12),(17,8))),(16,(6,20))),15),13),((((1,5),((18,4),14)),10),7)),(9,11)),3);

STEP 77 [TBR_ClassicHeuristic_MP_RF -> NNI_Substep_72] - Distance: 0.0000
(((13,((16,(6,20)),((2,((19,12),(17,8))),15))),((((1,5),((18,4),14)),10),7)),(3,(9,11)));

========================================================
[FINAL] Total Steps: 77 | Final Distance: 0.0000
========================================================
