========================================================
HEURISTIC TRAJECTORY: VND Incremental (RFC)
========================================================
STEP 0 [START] - Distance: 18.0000
((((10,(7,1)),(13,15)),(11,((3,(16,(6,8))),(((4,12),(5,19)),(2,(14,18)))))),(9,(20,17)));

STEP 1 [Heur. rSPR RFC -> NNI_Substep_1] - Distance: 18.0000
(((((7,1),(13,15)),10),(11,((3,(16,(6,8))),(((4,12),(5,19)),(2,(14,18)))))),(9,(20,17)));

STEP 2 [Heur. rSPR RFC -> NNI_Substep_2] - Distance: 18.0000
((((7,1),((13,15),10)),(11,((3,(16,(6,8))),(((4,12),(5,19)),(2,(14,18)))))),(9,(20,17)));

STEP 3 [Heur. rSPR RFC -> NNI_Substep_3] - Distance: 17.0000
((((7,1),(13,(15,10))),(11,((3,(16,(6,8))),(((4,12),(5,19)),(2,(14,18)))))),(9,(20,17)));

STEP 4 [Heur. rSPR RFC -> NNI_Substep_4] - Distance: 17.0000
((((7,1),(13,(15,10))),(((3,(16,(6,8))),11),(((4,12),(5,19)),(2,(14,18))))),(9,(20,17)));

STEP 5 [Heur. rSPR RFC -> NNI_Substep_5] - Distance: 17.0000
((((7,1),(13,(15,10))),((3,((16,(6,8)),11)),(((4,12),(5,19)),(2,(14,18))))),(9,(20,17)));

STEP 6 [Heur. rSPR RFC -> NNI_Substep_6] - Distance: 17.0000
((((7,1),(13,(15,10))),((3,(16,((6,8),11))),(((4,12),(5,19)),(2,(14,18))))),(9,(20,17)));

STEP 7 [Heur. rSPR RFC -> NNI_Substep_7] - Distance: 16.0000
((((7,1),(13,(15,10))),((3,(16,((6,11),8))),(((4,12),(5,19)),(2,(14,18))))),(9,(20,17)));

STEP 8 [Heur. rSPR RFC -> NNI_Substep_8] - Distance: 16.0000
(((((7,1),(15,10)),13),((3,(16,((6,11),8))),(((4,12),(5,19)),(2,(14,18))))),(9,(20,17)));

STEP 9 [Heur. rSPR RFC -> NNI_Substep_9] - Distance: 16.0000
(((((7,1),(15,10)),((3,(16,((6,11),8))),(((4,12),(5,19)),(2,(14,18))))),13),(9,(20,17)));

STEP 10 [Heur. rSPR RFC -> NNI_Substep_10] - Distance: 16.0000
((((7,1),(15,10)),(((3,(16,((6,11),8))),(((4,12),(5,19)),(2,(14,18)))),13)),(9,(20,17)));

STEP 11 [Heur. rSPR RFC -> NNI_Substep_11] - Distance: 16.0000
((((7,1),(15,10)),((3,(16,((6,11),8))),((((4,12),(5,19)),(2,(14,18))),13))),(9,(20,17)));

STEP 12 [Heur. rSPR RFC -> NNI_Substep_12] - Distance: 16.0000
((((7,1),(15,10)),((3,(16,((6,11),8))),(((4,12),(5,19)),((2,(14,18)),13)))),(9,(20,17)));

STEP 13 [Heur. rSPR RFC -> NNI_Substep_13] - Distance: 15.0000
((((7,1),(15,10)),((3,(16,((6,11),8))),(((4,12),(5,19)),((2,13),(14,18))))),(9,(20,17)));

STEP 14 [Heur. rSPR RFC -> NNI_Substep_14] - Distance: 14.0000
((((7,1),(15,10)),((3,(16,((6,11),8))),(((4,12),(5,19)),(((2,13),18),14)))),(9,(20,17)));

STEP 15 [Heur. rSPR RFC -> NNI_Substep_15] - Distance: 14.0000
((((7,1),(15,10)),(((3,((6,11),8)),16),(((4,12),(5,19)),(((2,13),18),14)))),(9,(20,17)));

STEP 16 [Heur. rSPR RFC -> NNI_Substep_16] - Distance: 14.0000
((((7,1),(15,10)),(((3,((6,11),8)),(((4,12),(5,19)),(((2,13),18),14))),16)),(9,(20,17)));

STEP 17 [Heur. rSPR RFC -> NNI_Substep_17] - Distance: 14.0000
((((7,1),(15,10)),((3,((6,11),8)),((((4,12),(5,19)),(((2,13),18),14)),16))),(9,(20,17)));

STEP 18 [Heur. rSPR RFC -> NNI_Substep_18] - Distance: 14.0000
((((7,1),(15,10)),((3,((6,11),8)),((((4,12),(5,19)),16),(((2,13),18),14)))),(9,(20,17)));

STEP 19 [Heur. rSPR RFC -> NNI_Substep_19] - Distance: 14.0000
((((7,1),(15,10)),((3,((6,11),8)),(((4,12),((5,19),16)),(((2,13),18),14)))),(9,(20,17)));

STEP 20 [Heur. rSPR RFC -> NNI_Substep_20] - Distance: 13.0000
((((7,1),(15,10)),((3,((6,11),8)),(((4,12),(5,(19,16))),(((2,13),18),14)))),(9,(20,17)));

STEP 21 [Heur. rSPR RFC -> NNI_Substep_21] - Distance: 13.0000
((((1,(15,10)),7),((3,((6,11),8)),(((4,12),(5,(19,16))),(((2,13),18),14)))),(9,(20,17)));

STEP 22 [Heur. rSPR RFC -> NNI_Substep_22] - Distance: 13.0000
((((1,(15,10)),((3,((6,11),8)),(((4,12),(5,(19,16))),(((2,13),18),14)))),7),(9,(20,17)));

STEP 23 [Heur. rSPR RFC -> NNI_Substep_23] - Distance: 13.0000
(((1,(15,10)),(((3,((6,11),8)),(((4,12),(5,(19,16))),(((2,13),18),14))),7)),(9,(20,17)));

STEP 24 [Heur. rSPR RFC -> NNI_Substep_24] - Distance: 13.0000
(((1,(15,10)),(((3,((6,11),8)),7),(((4,12),(5,(19,16))),(((2,13),18),14)))),(9,(20,17)));

STEP 25 [Heur. rSPR RFC -> NNI_Substep_25] - Distance: 13.0000
(((1,(15,10)),((3,(((6,11),8),7)),(((4,12),(5,(19,16))),(((2,13),18),14)))),(9,(20,17)));

STEP 26 [Heur. rSPR RFC -> NNI_Substep_26] - Distance: 12.0000
(((1,(15,10)),((3,((6,11),(8,7))),(((4,12),(5,(19,16))),(((2,13),18),14)))),(9,(20,17)));

STEP 27 [Heur. rSPR RFC -> NNI_Substep_27] - Distance: 12.0000
(((1,(15,10)),(((3,(6,11)),(8,7)),(((4,12),(5,(19,16))),(((2,13),18),14)))),(9,(20,17)));

STEP 28 [Heur. rSPR RFC -> NNI_Substep_28] - Distance: 12.0000
(((1,(15,10)),(((3,(6,11)),(((4,12),(5,(19,16))),(((2,13),18),14))),(8,7))),(9,(20,17)));

STEP 29 [Heur. rSPR RFC -> NNI_Substep_29] - Distance: 12.0000
(((1,(15,10)),((3,(6,11)),((((4,12),(5,(19,16))),(((2,13),18),14)),(8,7)))),(9,(20,17)));

STEP 30 [Heur. rSPR RFC -> NNI_Substep_30] - Distance: 12.0000
(((1,(15,10)),((3,(6,11)),(((4,12),(5,(19,16))),((((2,13),18),14),(8,7))))),(9,(20,17)));

STEP 31 [Heur. rSPR RFC -> NNI_Substep_31] - Distance: 11.0000
(((1,(15,10)),((3,(6,11)),(((4,12),(5,(19,16))),((((2,13),18),(8,7)),14)))),(9,(20,17)));

STEP 32 [Heur. rSPR RFC -> NNI_Substep_32] - Distance: 11.0000
(((1,(15,10)),((3,(6,11)),(((12,(5,(19,16))),4),((((2,13),18),(8,7)),14)))),(9,(20,17)));

STEP 33 [Heur. rSPR RFC -> NNI_Substep_33] - Distance: 11.0000
(((1,(15,10)),((3,(6,11)),(((12,(5,(19,16))),((((2,13),18),(8,7)),14)),4))),(9,(20,17)));

STEP 34 [Heur. rSPR RFC -> NNI_Substep_34] - Distance: 11.0000
(((1,(15,10)),(((3,(6,11)),((12,(5,(19,16))),((((2,13),18),(8,7)),14))),4)),(9,(20,17)));

STEP 35 [Heur. rSPR RFC -> NNI_Substep_35] - Distance: 11.0000
((((1,(15,10)),((3,(6,11)),((12,(5,(19,16))),((((2,13),18),(8,7)),14)))),4),(9,(20,17)));

STEP 36 [Heur. rSPR RFC -> NNI_Substep_36] - Distance: 10.0000
(((1,(15,10)),((3,(6,11)),((12,(5,(19,16))),((((2,13),18),(8,7)),14)))),((9,4),(20,17)));

STEP 37 [Heur. rSPR RFC -> NNI_Substep_37] - Distance: 10.0000
(((1,(15,10)),(((6,11),((12,(5,(19,16))),((((2,13),18),(8,7)),14))),3)),((9,4),(20,17)));

STEP 38 [Heur. rSPR RFC -> NNI_Substep_38] - Distance: 10.0000
((((1,(15,10)),((6,11),((12,(5,(19,16))),((((2,13),18),(8,7)),14)))),3),((9,4),(20,17)));

STEP 39 [Heur. rSPR RFC -> NNI_Substep_39] - Distance: 9.0000
(((1,(15,10)),((6,11),((12,(5,(19,16))),((((2,13),18),(8,7)),14)))),(((9,4),3),(20,17)));

STEP 40 [Heur. rSPR RFC -> NNI_Substep_40] - Distance: 9.0000
(((1,((6,11),((12,(5,(19,16))),((((2,13),18),(8,7)),14)))),(15,10)),(((9,4),3),(20,17)));

STEP 41 [Heur. rSPR RFC -> NNI_Substep_41] - Distance: 8.0000
((1,((6,11),((12,(5,(19,16))),((((2,13),18),(8,7)),14)))),((((9,4),3),(15,10)),(20,17)));

STEP 42 [Heur. rSPR RFC -> NNI_Substep_42] - Distance: 8.0000
((1,(((6,11),((12,(5,(19,16))),((((2,13),18),(8,7)),14))),(((9,4),3),(15,10)))),(20,17));

STEP 43 [Heur. rSPR RFC -> NNI_Substep_43] - Distance: 8.0000
((1,((6,11),(((12,(5,(19,16))),((((2,13),18),(8,7)),14)),(((9,4),3),(15,10))))),(20,17));

STEP 44 [Heur. rSPR RFC -> NNI_Substep_44] - Distance: 7.0000
((1,((6,11),((12,(5,(19,16))),(((((2,13),18),(8,7)),14),(((9,4),3),(15,10)))))),(20,17));

STEP 45 [Heur. rSPR RFC -> NNI_Substep_45] - Distance: 6.0000
((1,((6,11),((12,(5,(19,16))),((((2,13),18),(8,7)),(14,(((9,4),3),(15,10))))))),(20,17));

STEP 46 [Heur. rSPR RFC -> NNI_Substep_46] - Distance: 6.0000
((1,((6,11),(((5,(19,16)),((((2,13),18),(8,7)),(14,(((9,4),3),(15,10))))),12))),(20,17));

STEP 47 [Heur. rSPR RFC -> NNI_Substep_47] - Distance: 6.0000
((1,(((6,11),((5,(19,16)),((((2,13),18),(8,7)),(14,(((9,4),3),(15,10)))))),12)),(20,17));

STEP 48 [Heur. rSPR RFC -> NNI_Substep_48] - Distance: 6.0000
(((1,((6,11),((5,(19,16)),((((2,13),18),(8,7)),(14,(((9,4),3),(15,10))))))),12),(20,17));

STEP 49 [Heur. rSPR RFC -> NNI_Substep_49] - Distance: 5.0000
((1,((6,11),((5,(19,16)),((((2,13),18),(8,7)),(14,(((9,4),3),(15,10))))))),((20,12),17));

STEP 50 [Heur. rSPR RFC -> NNI_Substep_50] - Distance: 5.0000
((1,((6,11),(((19,16),((((2,13),18),(8,7)),(14,(((9,4),3),(15,10))))),5))),((20,12),17));

STEP 51 [Heur. rSPR RFC -> NNI_Substep_51] - Distance: 5.0000
((1,(((6,11),((19,16),((((2,13),18),(8,7)),(14,(((9,4),3),(15,10)))))),5)),((20,12),17));

STEP 52 [Heur. rSPR RFC -> NNI_Substep_52] - Distance: 5.0000
(((1,((6,11),((19,16),((((2,13),18),(8,7)),(14,(((9,4),3),(15,10))))))),5),((20,12),17));

STEP 53 [Heur. rSPR RFC -> NNI_Substep_53] - Distance: 4.0000
((1,((6,11),((19,16),((((2,13),18),(8,7)),(14,(((9,4),3),(15,10))))))),(((20,12),5),17));

STEP 54 [Heur. rSPR RFC -> NNI_Substep_54] - Distance: 3.0000
(((6,11),((19,16),((((2,13),18),(8,7)),(14,(((9,4),3),(15,10)))))),((((20,12),5),1),17));

STEP 55 [Heur. rSPR RFC -> NNI_Substep_55] - Distance: 3.0000
((((6,11),((((2,13),18),(8,7)),(14,(((9,4),3),(15,10))))),(19,16)),((((20,12),5),1),17));

STEP 56 [Heur. rSPR RFC -> NNI_Substep_56] - Distance: 0.0000
(((6,11),((((2,13),18),(8,7)),(14,(((9,4),3),(15,10))))),((((20,12),5),1),(17,(19,16))));

========================================================
[FINAL] Total Steps: 56 | Final Distance: 0.0000
========================================================
