========================================================
HEURISTIC TRAJECTORY: VND Classic (RF)
========================================================
STEP 0 [START] - Distance: 17.0000
(20,(17,((8,7),(13,(11,12)))),((19,((4,(5,(2,(10,1)))),(15,16))),(3,(14,(6,(9,18))))));

STEP 1 [uSPR_ClassicHeuristic_RF -> NNI_Substep_1] - Distance: 17.0000
(20,(((8,7),17),(13,(11,12))),((19,((4,(5,(2,(10,1)))),(15,16))),(3,(14,(6,(9,18))))));

STEP 2 [uSPR_ClassicHeuristic_RF -> NNI_Substep_2] - Distance: 16.0000
(20,(((8,17),7),(13,(11,12))),((19,((4,(5,(2,(10,1)))),(15,16))),(3,(14,(6,(9,18))))));

STEP 3 [uSPR_ClassicHeuristic_RF -> NNI_Substep_3] - Distance: 16.0000
(20,(((8,17),7),(13,(11,12))),((((15,16),19),(4,(5,(2,(10,1))))),(3,(14,(6,(9,18))))));

STEP 4 [uSPR_ClassicHeuristic_RF -> NNI_Substep_4] - Distance: 15.0000
(20,(((8,17),7),(13,(11,12))),((((15,19),16),(4,(5,(2,(10,1))))),(3,(14,(6,(9,18))))));

STEP 5 [uSPR_ClassicHeuristic_RF -> NNI_Substep_5] - Distance: 15.0000
(20,(((8,17),7),(13,(11,12))),(((4,(5,(2,(10,1)))),((15,19),16)),(((6,(9,18)),3),14)));

STEP 6 [uSPR_ClassicHeuristic_RF -> NNI_Substep_6] - Distance: 15.0000
(20,(((8,17),7),(13,(11,12))),(((4,(5,(2,(10,1)))),((15,19),16)),((((9,18),3),6),14)));

STEP 7 [uSPR_ClassicHeuristic_RF -> NNI_Substep_7] - Distance: 14.0000
(20,(((8,17),7),(13,(11,12))),(((4,(5,(2,(10,1)))),((15,19),16)),(14,(6,((9,3),18)))));

STEP 8 [uSPR_ClassicHeuristic_RF -> NNI_Substep_8] - Distance: 14.0000
(20,(((8,17),7),(13,(11,12))),(((4,((5,(10,1)),2)),((15,19),16)),(14,(6,((9,3),18)))));

STEP 9 [uSPR_ClassicHeuristic_RF -> NNI_Substep_9] - Distance: 14.0000
(20,(((8,17),7),(13,(11,12))),((((4,(5,(10,1))),2),((15,19),16)),(14,(6,((9,3),18)))));

STEP 10 [uSPR_ClassicHeuristic_RF -> NNI_Substep_10] - Distance: 14.0000
(20,(((8,17),7),(13,(11,12))),((((4,(5,(10,1))),((15,19),16)),2),(14,(6,((9,3),18)))));

STEP 11 [uSPR_ClassicHeuristic_RF -> NNI_Substep_11] - Distance: 14.0000
(20,(((8,17),7),(13,(11,12))),(((4,(5,(10,1))),(((15,19),16),2)),(14,(6,((9,3),18)))));

STEP 12 [uSPR_ClassicHeuristic_RF -> NNI_Substep_12] - Distance: 13.0000
(20,(((8,17),7),(13,(11,12))),(((4,(5,(10,1))),((15,19),(16,2))),(14,(6,((9,3),18)))));

STEP 13 [uSPR_ClassicHeuristic_RF -> NNI_Substep_13] - Distance: 13.0000
(20,((7,(13,(11,12))),(8,17)),(((4,(5,(10,1))),((15,19),(16,2))),(14,(6,((9,3),18)))));

STEP 14 [uSPR_ClassicHeuristic_RF -> NNI_Substep_14] - Distance: 13.0000
(20,(7,(13,(11,12))),((((4,(5,(10,1))),((15,19),(16,2))),(14,(6,((9,3),18)))),(8,17)));

STEP 15 [uSPR_ClassicHeuristic_RF -> NNI_Substep_15] - Distance: 13.0000
(20,(7,(13,(11,12))),(((4,(5,(10,1))),((15,19),(16,2))),((14,(6,((9,3),18))),(8,17))));

STEP 16 [uSPR_ClassicHeuristic_RF -> NNI_Substep_16] - Distance: 12.0000
(20,(7,(13,(11,12))),(((4,(5,(10,1))),((15,19),(16,2))),((14,(8,17)),(6,((9,3),18)))));

STEP 17 [uSPR_ClassicHeuristic_RF -> NNI_Substep_17] - Distance: 12.0000
(20,(7,(13,(11,12))),((((4,(5,(10,1))),((15,19),(16,2))),(6,((9,3),18))),(14,(8,17))));

STEP 18 [uSPR_ClassicHeuristic_RF -> NNI_Substep_18] - Distance: 12.0000
(20,(7,(13,(11,12))),((((4,(5,(10,1))),((15,19),(16,2))),(14,(8,17))),(6,((9,3),18))));

STEP 19 [uSPR_ClassicHeuristic_RF -> NNI_Substep_19] - Distance: 12.0000
(20,(7,(13,(11,12))),((((4,(5,(10,1))),(14,(8,17))),((15,19),(16,2))),(6,((9,3),18))));

STEP 20 [uSPR_ClassicHeuristic_RF -> NNI_Substep_20] - Distance: 12.0000
(20,(7,(13,(11,12))),(((4,((5,(10,1)),(14,(8,17)))),((15,19),(16,2))),(6,((9,3),18))));

STEP 21 [uSPR_ClassicHeuristic_RF -> NNI_Substep_21] - Distance: 11.0000
(20,(7,(13,(11,12))),(((4,((5,(14,(8,17))),(10,1))),((15,19),(16,2))),(6,((9,3),18))));

STEP 22 [uSPR_ClassicHeuristic_RF -> NNI_Substep_22] - Distance: 11.0000
(20,(7,(13,(11,12))),(((4,((5,(14,(8,17))),(10,1))),((15,19),(16,2))),((6,18),(9,3))));

STEP 23 [uSPR_ClassicHeuristic_RF -> NNI_Substep_23] - Distance: 11.0000
(20,(7,(13,(11,12))),((((4,((5,(14,(8,17))),(10,1))),((15,19),(16,2))),(6,18)),(9,3)));

STEP 24 [uSPR_ClassicHeuristic_RF -> NNI_Substep_24] - Distance: 10.0000
((20,(9,3)),(7,(13,(11,12))),(((4,((5,(14,(8,17))),(10,1))),((15,19),(16,2))),(6,18)));

STEP 25 [uSPR_ClassicHeuristic_RF -> NNI_Substep_25] - Distance: 10.0000
(7,((13,(11,12)),(20,(9,3))),(((4,((5,(14,(8,17))),(10,1))),((15,19),(16,2))),(6,18)));

STEP 26 [uSPR_ClassicHeuristic_RF -> NNI_Substep_26] - Distance: 10.0000
(7,(13,((11,12),(20,(9,3)))),(((4,((5,(14,(8,17))),(10,1))),((15,19),(16,2))),(6,18)));

STEP 27 [uSPR_ClassicHeuristic_RF -> NNI_Substep_27] - Distance: 9.0000
(7,(13,(11,(12,(20,(9,3))))),(((4,((5,(14,(8,17))),(10,1))),((15,19),(16,2))),(6,18)));

STEP 28 [uSPR_ClassicHeuristic_RF -> NNI_Substep_28] - Distance: 9.0000
(7,(13,(11,(12,(20,(9,3))))),((((4,(10,1)),(5,(14,(8,17)))),((15,19),(16,2))),(6,18)));

STEP 29 [uSPR_ClassicHeuristic_RF -> NNI_Substep_29] - Distance: 9.0000
(7,(13,(11,(12,(20,(9,3))))),((((4,(10,1)),((15,19),(16,2))),(5,(14,(8,17)))),(6,18)));

STEP 30 [uSPR_ClassicHeuristic_RF -> NNI_Substep_30] - Distance: 9.0000
(7,(13,(11,(12,(20,(9,3))))),((((4,(10,1)),((15,19),(16,2))),(6,18)),(5,(14,(8,17)))));

STEP 31 [uSPR_ClassicHeuristic_RF -> NNI_Substep_31] - Distance: 9.0000
(7,(13,(11,(12,(20,(9,3))))),(((4,(10,1)),((15,19),(16,2))),((6,18),(5,(14,(8,17))))));

STEP 32 [uSPR_ClassicHeuristic_RF -> NNI_Substep_32] - Distance: 8.0000
(7,(13,(11,(12,(20,(9,3))))),(((4,(10,1)),((15,19),(16,2))),(6,(18,(5,(14,(8,17)))))));

STEP 33 [uSPR_ClassicHeuristic_RF -> NNI_Substep_33] - Distance: 8.0000
(7,(13,(11,(12,(20,(9,3))))),((((4,10),1),((15,19),(16,2))),(6,(18,(5,(14,(8,17)))))));

STEP 34 [uSPR_ClassicHeuristic_RF -> NNI_Substep_34] - Distance: 8.0000
(7,(13,(11,(12,(20,(9,3))))),((((4,10),((15,19),(16,2))),1),(6,(18,(5,(14,(8,17)))))));

STEP 35 [uSPR_ClassicHeuristic_RF -> NNI_Substep_35] - Distance: 8.0000
(7,(13,(11,(12,(20,(9,3))))),((((4,10),((15,19),(16,2))),(6,(18,(5,(14,(8,17)))))),1));

STEP 36 [uSPR_ClassicHeuristic_RF -> NNI_Substep_36] - Distance: 8.0000
(7,(13,(11,(12,(20,(9,3))))),(((4,10),((15,19),(16,2))),((6,(18,(5,(14,(8,17))))),1)));

STEP 37 [uSPR_ClassicHeuristic_RF -> NNI_Substep_37] - Distance: 7.0000
(7,(13,(11,(12,(20,(9,3))))),(((4,10),((15,19),(16,2))),((6,1),(18,(5,(14,(8,17)))))));

STEP 38 [uSPR_ClassicHeuristic_RF -> NNI_Substep_38] - Distance: 7.0000
(7,((13,(12,(20,(9,3)))),11),(((4,10),((15,19),(16,2))),((6,1),(18,(5,(14,(8,17)))))));

STEP 39 [uSPR_ClassicHeuristic_RF -> NNI_Substep_39] - Distance: 7.0000
(7,(13,(12,(20,(9,3)))),((((4,10),((15,19),(16,2))),((6,1),(18,(5,(14,(8,17)))))),11));

STEP 40 [uSPR_ClassicHeuristic_RF -> NNI_Substep_40] - Distance: 7.0000
(7,(13,(12,(20,(9,3)))),((((4,10),((15,19),(16,2))),11),((6,1),(18,(5,(14,(8,17)))))));

STEP 41 [uSPR_ClassicHeuristic_RF -> NNI_Substep_41] - Distance: 6.0000
(7,(13,(12,(20,(9,3)))),((((4,10),11),((15,19),(16,2))),((6,1),(18,(5,(14,(8,17)))))));

STEP 42 [uSPR_ClassicHeuristic_RF -> NNI_Substep_42] - Distance: 5.0000
(7,(13,(12,(20,(9,3)))),(((4,(10,11)),((15,19),(16,2))),((6,1),(18,(5,(14,(8,17)))))));

STEP 43 [uSPR_ClassicHeuristic_RF -> NNI_Substep_43] - Distance: 5.0000
(7,13,((((4,(10,11)),((15,19),(16,2))),((6,1),(18,(5,(14,(8,17)))))),(12,(20,(9,3)))));

STEP 44 [uSPR_ClassicHeuristic_RF -> NNI_Substep_44] - Distance: 5.0000
(7,13,(((4,(10,11)),((15,19),(16,2))),(((6,1),(18,(5,(14,(8,17))))),(12,(20,(9,3))))));

STEP 45 [uSPR_ClassicHeuristic_RF -> NNI_Substep_45] - Distance: 4.0000
(7,13,(((4,(10,11)),((15,19),(16,2))),((6,1),((18,(5,(14,(8,17)))),(12,(20,(9,3)))))));

STEP 46 [uSPR_ClassicHeuristic_RF -> NNI_Substep_46] - Distance: 4.0000
(7,13,((((4,(10,11)),(16,2)),(15,19)),((6,1),((18,(5,(14,(8,17)))),(12,(20,(9,3)))))));

STEP 47 [uSPR_ClassicHeuristic_RF -> NNI_Substep_47] - Distance: 4.0000
(7,13,((((4,(10,11)),(16,2)),((6,1),((18,(5,(14,(8,17)))),(12,(20,(9,3)))))),(15,19)));

STEP 48 [uSPR_ClassicHeuristic_RF -> NNI_Substep_48] - Distance: 4.0000
(7,13,(((4,(10,11)),(16,2)),(((6,1),((18,(5,(14,(8,17)))),(12,(20,(9,3))))),(15,19))));

STEP 49 [uSPR_ClassicHeuristic_RF -> NNI_Substep_49] - Distance: 3.0000
(7,13,(((4,(10,11)),(16,2)),(((6,1),(15,19)),((18,(5,(14,(8,17)))),(12,(20,(9,3)))))));

STEP 50 [uSPR_ClassicHeuristic_RF -> NNI_Substep_50] - Distance: 3.0000
(7,13,(((16,2),(((6,1),(15,19)),((18,(5,(14,(8,17)))),(12,(20,(9,3)))))),(4,(10,11))));

STEP 51 [uSPR_ClassicHeuristic_RF -> NNI_Substep_51] - Distance: 3.0000
(7,13,((16,2),((((6,1),(15,19)),((18,(5,(14,(8,17)))),(12,(20,(9,3))))),(4,(10,11)))));

STEP 52 [uSPR_ClassicHeuristic_RF -> NNI_Substep_52] - Distance: 2.0000
(7,13,((16,2),((((6,1),(15,19)),(4,(10,11))),((18,(5,(14,(8,17)))),(12,(20,(9,3)))))));

STEP 53 [uSPR_ClassicHeuristic_RF -> NNI_Substep_53] - Distance: 1.0000
(7,13,(((16,2),((18,(5,(14,(8,17)))),(12,(20,(9,3))))),(((6,1),(15,19)),(4,(10,11)))));

STEP 54 [uSPR_ClassicHeuristic_RF -> NNI_Substep_54] - Distance: 0.0000
((7,(((6,1),(15,19)),(4,(10,11)))),13,((16,2),((18,(5,(14,(8,17)))),(12,(20,(9,3))))));

========================================================
[FINAL] Total Steps: 54 | Final Distance: 0.0000
========================================================
