========================================================
HEURISTIC TRAJECTORY: VND Classic (MS)
========================================================
STEP 0 [START] - Distance: 62.0000
((2,(((14,(15,17)),(7,(11,(12,(10,(3,1)))))),(18,(19,(8,5))))),((16,4),(13,(20,6))),9);

STEP 1 [NNI_ClassicHeuristic_MS -> NNI_Substep_1] - Distance: 58.0000
((16,4),((2,(((14,(15,17)),(7,(11,(12,(10,(3,1)))))),(18,(19,(8,5))))),(13,(20,6))),9);

STEP 2 [NNI_ClassicHeuristic_MS -> NNI_Substep_2] - Distance: 55.0000
((16,4),((2,(((14,(15,17)),((12,(10,(3,1))),(11,7))),(18,(19,(8,5))))),(13,(20,6))),9);

STEP 3 [NNI_ClassicHeuristic_MS -> NNI_Substep_3] - Distance: 53.0000
((16,4),((2,(((14,(15,17)),(18,(19,(8,5)))),((12,(10,(3,1))),(11,7)))),(13,(20,6))),9);

STEP 4 [NNI_ClassicHeuristic_MS -> NNI_Substep_4] - Distance: 52.0000
((16,4),((((12,(10,(3,1))),(11,7)),(((14,(15,17)),(18,(19,(8,5)))),2)),(13,(20,6))),9);

STEP 5 [NNI_ClassicHeuristic_MS -> NNI_Substep_5] - Distance: 50.0000
((16,4),((((12,(10,(3,1))),(11,7)),((2,(18,(19,(8,5)))),(14,(15,17)))),(13,(20,6))),9);

STEP 6 [NNI_ClassicHeuristic_MS -> NNI_Substep_6] - Distance: 48.0000
((16,4),((((12,(10,(3,1))),(11,7)),((18,(2,(19,(8,5)))),(14,(15,17)))),(13,(20,6))),9);

STEP 7 [NNI_ClassicHeuristic_MS -> NNI_Substep_7] - Distance: 46.0000
((16,4),((((12,(10,(3,1))),(11,7)),((18,(19,(2,(8,5)))),(14,(15,17)))),(13,(20,6))),9);

STEP 8 [NNI_ClassicHeuristic_MS -> NNI_Substep_8] - Distance: 44.0000
((16,4),((((12,(10,(3,1))),(11,7)),((18,(19,(8,(2,5)))),(14,(15,17)))),(13,(20,6))),9);

STEP 9 [uTBR_ClassicHeuristic_MS -> NNI_Substep_1] - Distance: 44.0000
((16,4),((((12,((10,1),3)),(11,7)),((18,(19,(8,(2,5)))),(14,(15,17)))),(13,(20,6))),9);

STEP 10 [uTBR_ClassicHeuristic_MS -> NNI_Substep_2] - Distance: 44.0000
((16,4),(((((12,(10,1)),3),(11,7)),((18,(19,(8,(2,5)))),(14,(15,17)))),(13,(20,6))),9);

STEP 11 [uTBR_ClassicHeuristic_MS -> NNI_Substep_3] - Distance: 45.0000
((16,4),(((((12,(10,1)),(11,7)),3),((18,(19,(8,(2,5)))),(14,(15,17)))),(13,(20,6))),9);

STEP 12 [uTBR_ClassicHeuristic_MS -> NNI_Substep_4] - Distance: 46.0000
((16,4),(((((12,(10,1)),(11,7)),((18,(19,(8,(2,5)))),(14,(15,17)))),3),(13,(20,6))),9);

STEP 13 [uTBR_ClassicHeuristic_MS -> NNI_Substep_5] - Distance: 44.0000
((16,4),((((12,(10,1)),(11,7)),(((18,(19,(8,(2,5)))),(14,(15,17))),3)),(13,(20,6))),9);

STEP 14 [uTBR_ClassicHeuristic_MS -> NNI_Substep_6] - Distance: 40.0000
((16,4),((((12,(10,1)),(11,7)),((18,(19,(8,(2,5)))),((14,(15,17)),3))),(13,(20,6))),9);

STEP 15 [uTBR_ClassicHeuristic_MS -> NNI_Substep_7] - Distance: 37.0000
((16,4),((((12,(10,1)),(11,7)),((18,(19,(8,(2,5)))),((14,3),(15,17)))),(13,(20,6))),9);

STEP 16 [uTBR_ClassicHeuristic_MS -> NNI_Substep_8] - Distance: 37.0000
((16,4),((((12,(10,1)),(11,7)),((18,(19,(8,(2,5)))),((14,3),(15,17)))),((13,6),20)),9);

STEP 17 [uTBR_ClassicHeuristic_MS -> NNI_Substep_9] - Distance: 38.0000
((16,4),(((((12,(10,1)),(11,7)),((18,(19,(8,(2,5)))),((14,3),(15,17)))),(13,6)),20),9);

STEP 18 [uTBR_ClassicHeuristic_MS -> NNI_Substep_10] - Distance: 39.0000
((16,4),(((((12,(10,1)),(11,7)),((18,(19,(8,(2,5)))),((14,3),(15,17)))),20),(13,6)),9);

STEP 19 [uTBR_ClassicHeuristic_MS -> NNI_Substep_11] - Distance: 37.0000
((16,4),(((((12,(10,1)),(11,7)),20),((18,(19,(8,(2,5)))),((14,3),(15,17)))),(13,6)),9);

STEP 20 [uTBR_ClassicHeuristic_MS -> NNI_Substep_12] - Distance: 34.0000
((16,4),(((((12,(10,1)),20),(11,7)),((18,(19,(8,(2,5)))),((14,3),(15,17)))),(13,6)),9);

STEP 21 [uTBR_ClassicHeuristic_MS -> NNI_Substep_13] - Distance: 32.0000
((16,4),((((12,((10,1),20)),(11,7)),((18,(19,(8,(2,5)))),((14,3),(15,17)))),(13,6)),9);

STEP 22 [uTBR_ClassicHeuristic_MS -> NNI_Substep_14] - Distance: 30.0000
((16,4),((((12,((10,20),1)),(11,7)),((18,(19,(8,(2,5)))),((14,3),(15,17)))),(13,6)),9);

STEP 23 [uTBR_ClassicHeuristic_MS -> NNI_Substep_15] - Distance: 30.0000
(16,(((((12,((10,20),1)),(11,7)),((18,(19,(8,(2,5)))),((14,3),(15,17)))),(13,6)),4),9);

STEP 24 [uTBR_ClassicHeuristic_MS -> NNI_Substep_16] - Distance: 31.0000
(16,(((((12,((10,20),1)),(11,7)),((18,(19,(8,(2,5)))),((14,3),(15,17)))),4),(13,6)),9);

STEP 25 [uTBR_ClassicHeuristic_MS -> NNI_Substep_17] - Distance: 31.0000
(16,(((((12,((10,20),1)),(11,7)),4),((18,(19,(8,(2,5)))),((14,3),(15,17)))),(13,6)),9);

STEP 26 [uTBR_ClassicHeuristic_MS -> NNI_Substep_18] - Distance: 28.0000
(16,((((12,((10,20),1)),((11,7),4)),((18,(19,(8,(2,5)))),((14,3),(15,17)))),(13,6)),9);

STEP 27 [uTBR_ClassicHeuristic_MS -> NNI_Substep_19] - Distance: 26.0000
(16,((((12,((10,20),1)),((11,4),7)),((18,(19,(8,(2,5)))),((14,3),(15,17)))),(13,6)),9);

STEP 28 [uTBR_ClassicHeuristic_MS -> NNI_Substep_20] - Distance: 28.0000
(16,(((((12,((10,20),1)),7),(11,4)),((18,(19,(8,(2,5)))),((14,3),(15,17)))),(13,6)),9);

STEP 29 [uTBR_ClassicHeuristic_MS -> NNI_Substep_21] - Distance: 29.0000
(16,(((((12,((10,20),1)),7),((18,(19,(8,(2,5)))),((14,3),(15,17)))),(11,4)),(13,6)),9);

STEP 30 [uTBR_ClassicHeuristic_MS -> NNI_Substep_22] - Distance: 30.0000
(16,((((12,((10,20),1)),7),(((18,(19,(8,(2,5)))),((14,3),(15,17))),(11,4))),(13,6)),9);

STEP 31 [uTBR_ClassicHeuristic_MS -> NNI_Substep_23] - Distance: 28.0000
(16,((((12,((10,20),1)),7),(((18,(19,(8,(2,5)))),(11,4)),((14,3),(15,17)))),(13,6)),9);

STEP 32 [uTBR_ClassicHeuristic_MS -> NNI_Substep_24] - Distance: 22.0000
(16,((((12,((10,20),1)),7),(((18,(11,4)),(19,(8,(2,5)))),((14,3),(15,17)))),(13,6)),9);

STEP 33 [uTBR_ClassicHeuristic_MS -> NNI_Substep_25] - Distance: 23.0000
(16,(((((12,((10,20),1)),7),(((18,(11,4)),(19,(8,(2,5)))),((14,3),(15,17)))),13),6),9);

STEP 34 [uTBR_ClassicHeuristic_MS -> NNI_Substep_26] - Distance: 23.0000
(16,(((((12,((10,20),1)),7),(((18,(11,4)),(19,(8,(2,5)))),((14,3),(15,17)))),6),13),9);

STEP 35 [uTBR_ClassicHeuristic_MS -> NNI_Substep_27] - Distance: 27.0000
(16,((((((18,(11,4)),(19,(8,(2,5)))),((14,3),(15,17))),6),((12,((10,20),1)),7)),13),9);

STEP 36 [uTBR_ClassicHeuristic_MS -> NNI_Substep_28] - Distance: 23.0000
(16,((((12,((10,20),1)),7),(((18,(11,4)),(19,(8,(2,5)))),(((14,3),(15,17)),6))),13),9);

STEP 37 [uTBR_ClassicHeuristic_MS -> NNI_Substep_29] - Distance: 20.0000
(16,((((12,((10,20),1)),7),(((18,(11,4)),(19,(8,(2,5)))),((14,3),((15,17),6)))),13),9);

STEP 38 [uTBR_ClassicHeuristic_MS -> NNI_Substep_30] - Distance: 18.0000
(16,((((12,((10,20),1)),7),(((18,(11,4)),(19,(8,(2,5)))),((14,3),((15,6),17)))),13),9);

STEP 39 [uTBR_ClassicHeuristic_MS -> NNI_Substep_31] - Distance: 19.0000
(16,((((12,((10,20),1)),7),(((18,(11,4)),(19,(8,(2,5)))),(((14,3),(15,6)),17))),13),9);

STEP 40 [uTBR_ClassicHeuristic_MS -> NNI_Substep_32] - Distance: 23.0000
(16,((((12,((10,20),1)),7),((((18,(11,4)),(19,(8,(2,5)))),((14,3),(15,6))),17)),13),9);

STEP 41 [uTBR_ClassicHeuristic_MS -> NNI_Substep_33] - Distance: 20.0000
(16,((((12,((10,20),1)),7),((((18,(11,4)),(19,(8,(2,5)))),17),((14,3),(15,6)))),13),9);

STEP 42 [uTBR_ClassicHeuristic_MS -> NNI_Substep_34] - Distance: 16.0000
(16,((((12,((10,20),1)),7),(((18,(11,4)),((19,(8,(2,5))),17)),((14,3),(15,6)))),13),9);

STEP 43 [uTBR_ClassicHeuristic_MS -> NNI_Substep_35] - Distance: 14.0000
(16,((((12,((10,20),1)),7),(((18,(11,4)),((19,17),(8,(2,5)))),((14,3),(15,6)))),13),9);

STEP 44 [uTBR_ClassicHeuristic_MS -> NNI_Substep_36] - Distance: 16.0000
(16,((((12,((10,20),1)),7),(((18,(11,4)),((17,(8,(2,5))),19)),((14,3),(15,6)))),13),9);

STEP 45 [uTBR_ClassicHeuristic_MS -> NNI_Substep_37] - Distance: 18.0000
(16,((((12,((10,20),1)),7),((((18,(11,4)),(17,(8,(2,5)))),19),((14,3),(15,6)))),13),9);

STEP 46 [uTBR_ClassicHeuristic_MS -> NNI_Substep_38] - Distance: 19.0000
(16,((((12,((10,20),1)),7),((((18,(11,4)),(17,(8,(2,5)))),((14,3),(15,6))),19)),13),9);

STEP 47 [uTBR_ClassicHeuristic_MS -> NNI_Substep_39] - Distance: 13.0000
(16,((((12,((10,20),1)),7),(((18,(11,4)),(17,(8,(2,5)))),(((14,3),(15,6)),19))),13),9);

STEP 48 [uTBR_ClassicHeuristic_MS -> NNI_Substep_40] - Distance: 10.0000
(16,((((12,((10,20),1)),7),(((18,(11,4)),(17,(8,(2,5)))),((14,3),((15,6),19)))),13),9);

STEP 49 [uTBR_ClassicHeuristic_MS -> NNI_Substep_41] - Distance: 8.0000
(16,((((12,((10,20),1)),7),(((18,(11,4)),(17,(8,(2,5)))),((14,3),(15,(6,19))))),13),9);

STEP 50 [uTBR_ClassicHeuristic_MS -> NNI_Substep_42] - Distance: 11.0000
(16,((((12,((10,20),1)),7),((((11,4),(17,(8,(2,5)))),18),((14,3),(15,(6,19))))),13),9);

STEP 51 [uTBR_ClassicHeuristic_MS -> NNI_Substep_43] - Distance: 13.0000
(16,((((12,((10,20),1)),7),((((11,4),(17,(8,(2,5)))),((14,3),(15,(6,19)))),18)),13),9);

STEP 52 [uTBR_ClassicHeuristic_MS -> NNI_Substep_44] - Distance: 11.0000
(16,(((((12,((10,20),1)),7),(((11,4),(17,(8,(2,5)))),((14,3),(15,(6,19))))),18),13),9);

STEP 53 [uTBR_ClassicHeuristic_MS -> NNI_Substep_45] - Distance: 9.0000
(16,(((((12,((10,20),1)),7),18),(((11,4),(17,(8,(2,5)))),((14,3),(15,(6,19))))),13),9);

STEP 54 [uTBR_ClassicHeuristic_MS -> NNI_Substep_46] - Distance: 6.0000
(16,((((12,((10,20),1)),(7,18)),(((11,4),(17,(8,(2,5)))),((14,3),(15,(6,19))))),13),9);

STEP 55 [uTBR_ClassicHeuristic_MS -> NNI_Substep_47] - Distance: 9.0000
(16,(((((12,((10,20),1)),18),7),(((11,4),(17,(8,(2,5)))),((14,3),(15,(6,19))))),13),9);

STEP 56 [uTBR_ClassicHeuristic_MS -> NNI_Substep_48] - Distance: 7.0000
(16,(((((12,((10,20),1)),18),(((11,4),(17,(8,(2,5)))),((14,3),(15,(6,19))))),7),13),9);

STEP 57 [uTBR_ClassicHeuristic_MS -> NNI_Substep_49] - Distance: 11.0000
(16,((((12,((10,20),1)),18),((((11,4),(17,(8,(2,5)))),((14,3),(15,(6,19)))),7)),13),9);

STEP 58 [uTBR_ClassicHeuristic_MS -> NNI_Substep_50] - Distance: 5.0000
(16,((((12,((10,20),1)),18),((((11,4),(17,(8,(2,5)))),7),((14,3),(15,(6,19))))),13),9);

STEP 59 [uTBR_ClassicHeuristic_MS -> NNI_Substep_51] - Distance: 0.0000
(16,((((12,((10,20),1)),18),((((11,4),7),(17,(8,(2,5)))),((14,3),(15,(6,19))))),13),9);

========================================================
[FINAL] Total Steps: 59 | Final Distance: 0.0000
========================================================
