========================================================
HEURISTIC TRAJECTORY: VND Classic (MS)
========================================================
STEP 0 [START] - Distance: 71.0000
(17,((18,(((15,1),(14,(11,16))),((4,(20,(5,8))),(10,7)))),(((19,3),(9,12)),(2,13))),6);

STEP 1 [NNI_ClassicHeuristic_MS -> NNI_Substep_1] - Distance: 69.0000
(17,((18,(((15,1),(14,(11,16))),((4,(20,(5,8))),(10,7)))),(((19,3),(2,13)),(9,12))),6);

STEP 2 [NNI_ClassicHeuristic_MS -> NNI_Substep_2] - Distance: 67.0000
(17,((9,12),(((19,3),(2,13)),(18,(((15,1),(14,(11,16))),((4,(20,(5,8))),(10,7)))))),6);

STEP 3 [NNI_ClassicHeuristic_MS -> NNI_Substep_3] - Distance: 64.0000
(17,((9,12),(18,(((19,3),(2,13)),(((15,1),(14,(11,16))),((4,(20,(5,8))),(10,7)))))),6);

STEP 4 [NNI_ClassicHeuristic_MS -> NNI_Substep_4] - Distance: 63.0000
(17,((9,12),(18,(((19,3),(2,13)),(((15,1),(14,(11,16))),(((5,8),(20,4)),(10,7)))))),6);

STEP 5 [2sECR_ClassicHeuristic_MS -> NNI_Substep_1] - Distance: 64.0000
(17,(9,(12,(18,(((19,3),(2,13)),(((15,1),(14,(11,16))),(((5,8),(20,4)),(10,7))))))),6);

STEP 6 [2sECR_ClassicHeuristic_MS -> NNI_Substep_2] - Distance: 60.0000
(17,(9,((((19,3),(2,13)),(((15,1),(14,(11,16))),(((5,8),(20,4)),(10,7)))),(12,18))),6);

STEP 7 [2sECR_ClassicHeuristic_MS -> NNI_Substep_3] - Distance: 61.0000
(17,(9,((((19,3),(2,13)),(((5,8),(20,4)),((10,7),((15,1),(14,(11,16)))))),(12,18))),6);

STEP 8 [2sECR_ClassicHeuristic_MS -> NNI_Substep_4] - Distance: 58.0000
(17,(9,((((19,3),(2,13)),(((5,8),(20,4)),((14,(11,16)),((15,1),(10,7))))),(12,18))),6);

STEP 9 [2sECR_ClassicHeuristic_MS -> NNI_Substep_5] - Distance: 59.0000
(17,(9,((((14,(11,16)),((15,1),(10,7))),(((19,3),(2,13)),((5,8),(20,4)))),(12,18))),6);

STEP 10 [2sECR_ClassicHeuristic_MS -> NNI_Substep_6] - Distance: 57.0000
(17,(9,((((14,(11,16)),((15,1),(10,7))),((5,8),(((19,3),(2,13)),(20,4)))),(12,18))),6);

STEP 11 [3sECR_ClassicHeuristic_MS -> NNI_Substep_1] - Distance: 58.0000
(17,(9,((((14,(11,16)),((15,1),(10,7))),((5,8),((20,4),(((2,13),19),3)))),(12,18))),6);

STEP 12 [3sECR_ClassicHeuristic_MS -> NNI_Substep_2] - Distance: 59.0000
(17,(9,((((14,(11,16)),((15,1),(10,7))),((5,8),(((20,4),((2,13),19)),3))),(12,18))),6);

STEP 13 [3sECR_ClassicHeuristic_MS -> NNI_Substep_3] - Distance: 54.0000
(17,(9,((((14,(11,16)),((15,1),(10,7))),(((5,8),3),((20,4),((2,13),19)))),(12,18))),6);

STEP 14 [3sECR_ClassicHeuristic_MS -> NNI_Substep_4] - Distance: 54.0000
(17,(9,((12,18),((((14,(11,16)),((15,1),(10,7))),((20,4),((2,13),19))),((5,8),3)))),6);

STEP 15 [3sECR_ClassicHeuristic_MS -> NNI_Substep_5] - Distance: 53.0000
(17,(9,(((12,18),(((14,(11,16)),((15,1),(10,7))),((20,4),((2,13),19)))),((5,8),3))),6);

STEP 16 [3sECR_ClassicHeuristic_MS -> NNI_Substep_6] - Distance: 51.0000
(17,((9,((12,18),(((14,(11,16)),((15,1),(10,7))),((20,4),((2,13),19))))),((5,8),3)),6);

STEP 17 [3sECR_ClassicHeuristic_MS -> NNI_Substep_7] - Distance: 49.0000
(17,((9,((12,18),(((14,(11,16)),((15,1),(10,7))),((((2,13),19),20),4)))),((5,8),3)),6);

STEP 18 [3sECR_ClassicHeuristic_MS -> NNI_Substep_8] - Distance: 49.0000
(17,((9,((12,18),((((14,(11,16)),((15,1),(10,7))),(((2,13),19),20)),4))),((5,8),3)),6);

STEP 19 [3sECR_ClassicHeuristic_MS -> NNI_Substep_9] - Distance: 46.0000
(17,((9,((12,18),(((14,(11,16)),(((15,1),(10,7)),(((2,13),19),20))),4))),((5,8),3)),6);

STEP 20 [3sECR_ClassicHeuristic_MS -> NNI_Substep_10] - Distance: 44.0000
(17,((9,((12,18),(((14,(11,16)),(((15,1),(10,7)),(((2,13),19),20))),4))),((3,8),5)),6);

STEP 21 [3sECR_ClassicHeuristic_MS -> NNI_Substep_11] - Distance: 43.0000
(17,(((9,((12,18),(((14,(11,16)),(((15,1),(10,7)),(((2,13),19),20))),4))),5),(3,8)),6);

STEP 22 [3sECR_ClassicHeuristic_MS -> NNI_Substep_12] - Distance: 44.0000
(17,((5,(9,(((12,18),((14,(11,16)),(((15,1),(10,7)),(((2,13),19),20)))),4))),(3,8)),6);

STEP 23 [3sECR_ClassicHeuristic_MS -> NNI_Substep_13] - Distance: 44.0000
(17,((5,((9,((12,18),((14,(11,16)),(((15,1),(10,7)),(((2,13),19),20))))),4)),(3,8)),6);

STEP 24 [3sECR_ClassicHeuristic_MS -> NNI_Substep_14] - Distance: 42.0000
(17,(((5,(9,((12,18),((14,(11,16)),(((15,1),(10,7)),(((2,13),19),20)))))),4),(3,8)),6);

STEP 25 [3sECR_ClassicHeuristic_MS -> NNI_Substep_15] - Distance: 40.0000
(17,((((5,((12,18),((14,(11,16)),(((15,1),(10,7)),(((2,13),19),20))))),9),4),(3,8)),6);

STEP 26 [3sECR_ClassicHeuristic_MS -> NNI_Substep_16] - Distance: 37.0000
(17,(((((5,((14,(11,16)),(((15,1),(10,7)),(((2,13),19),20)))),(12,18)),9),4),(3,8)),6);

STEP 27 [3sECR_ClassicHeuristic_MS -> NNI_Substep_17] - Distance: 38.0000
(17,(((((5,((14,(11,16)),((((15,1),10),7),(((2,13),19),20)))),(12,18)),9),4),(3,8)),6);

STEP 28 [3sECR_ClassicHeuristic_MS -> NNI_Substep_18] - Distance: 37.0000
(17,(((((5,((14,(11,16)),((((15,1),10),(((2,13),19),20)),7))),(12,18)),9),4),(3,8)),6);

STEP 29 [3sECR_ClassicHeuristic_MS -> NNI_Substep_19] - Distance: 35.0000
(17,(((((5,((14,(11,16)),(((((15,1),10),((2,13),19)),20),7))),(12,18)),9),4),(3,8)),6);

STEP 30 [3sECR_ClassicHeuristic_MS -> NNI_Substep_20] - Distance: 34.0000
(17,(((((5,((14,(11,16)),((((((15,1),10),19),(2,13)),20),7))),(12,18)),9),4),(3,8)),6);

STEP 31 [3sECR_ClassicHeuristic_MS -> NNI_Substep_21] - Distance: 31.0000
(17,(((((5,((14,(11,16)),(((((15,1),(10,19)),(2,13)),20),7))),(12,18)),9),4),(3,8)),6);

STEP 32 [3sECR_ClassicHeuristic_MS -> NNI_Substep_22] - Distance: 34.0000
(17,(((((5,((14,(11,16)),(7,(20,((((15,1),(10,19)),2),13))))),(12,18)),9),4),(3,8)),6);

STEP 33 [3sECR_ClassicHeuristic_MS -> NNI_Substep_23] - Distance: 32.0000
(17,(((((5,((14,(11,16)),(7,((20,(((15,1),(10,19)),2)),13)))),(12,18)),9),4),(3,8)),6);

STEP 34 [3sECR_ClassicHeuristic_MS -> NNI_Substep_24] - Distance: 27.0000
(17,(((((5,((14,(11,16)),((7,13),(20,(((15,1),(10,19)),2))))),(12,18)),9),4),(3,8)),6);

STEP 35 [3sECR_ClassicHeuristic_MS -> NNI_Substep_25] - Distance: 32.0000
(17,(((((5,(((14,(11,16)),(7,13)),(20,(((15,1),(10,19)),2)))),(12,18)),9),4),(3,8)),6);

STEP 36 [3sECR_ClassicHeuristic_MS -> NNI_Substep_26] - Distance: 28.0000
(17,((((((5,(20,(((15,1),(10,19)),2))),((14,(11,16)),(7,13))),(12,18)),9),4),(3,8)),6);

STEP 37 [3sECR_ClassicHeuristic_MS -> NNI_Substep_27] - Distance: 21.0000
(17,(((((((5,(20,(((15,1),(10,19)),2))),(14,(11,16))),(7,13)),(12,18)),9),4),(3,8)),6);

STEP 38 [3sECR_ClassicHeuristic_MS -> NNI_Substep_28] - Distance: 22.0000
(17,(((((((5,(20,(2,(((10,19),15),1)))),(14,(11,16))),(7,13)),(12,18)),9),4),(3,8)),6);

STEP 39 [3sECR_ClassicHeuristic_MS -> NNI_Substep_29] - Distance: 22.0000
(17,(((((((5,(20,((2,((10,19),15)),1))),(14,(11,16))),(7,13)),(12,18)),9),4),(3,8)),6);

STEP 40 [3sECR_ClassicHeuristic_MS -> NNI_Substep_30] - Distance: 19.0000
(17,(((((((5,((20,1),(2,((10,19),15)))),(14,(11,16))),(7,13)),(12,18)),9),4),(3,8)),6);

STEP 41 [3sECR_ClassicHeuristic_MS -> NNI_Substep_31] - Distance: 19.0000
(17,(((((((5,((20,1),(2,((10,19),15)))),((14,11),16)),(7,13)),(12,18)),9),4),(3,8)),6);

STEP 42 [3sECR_ClassicHeuristic_MS -> NNI_Substep_32] - Distance: 22.0000
(17,((((((((5,((20,1),(2,((10,19),15)))),16),(14,11)),(7,13)),(12,18)),9),4),(3,8)),6);

STEP 43 [3sECR_ClassicHeuristic_MS -> NNI_Substep_33] - Distance: 17.0000
(17,((((((((5,16),((20,1),(2,((10,19),15)))),(14,11)),(7,13)),(12,18)),9),4),(3,8)),6);

STEP 44 [3sECR_ClassicHeuristic_MS -> NNI_Substep_34] - Distance: 20.0000
(17,(((((((5,(16,((20,1),(2,((10,19),15))))),(14,11)),(7,13)),(12,18)),9),4),(3,8)),6);

STEP 45 [3sECR_ClassicHeuristic_MS -> NNI_Substep_35] - Distance: 17.0000
(17,(((((((5,((16,(2,((10,19),15))),(20,1))),(14,11)),(7,13)),(12,18)),9),4),(3,8)),6);

STEP 46 [3sECR_ClassicHeuristic_MS -> NNI_Substep_36] - Distance: 13.0000
(17,(((((((5,(((16,2),((10,19),15)),(20,1))),(14,11)),(7,13)),(12,18)),9),4),(3,8)),6);

STEP 47 [3sECR_ClassicHeuristic_MS -> NNI_Substep_37] - Distance: 17.0000
(17,(((((((5,((((16,2),((10,19),15)),20),1)),(14,11)),(7,13)),(12,18)),9),4),(3,8)),6);

STEP 48 [3sECR_ClassicHeuristic_MS -> NNI_Substep_38] - Distance: 12.0000
(17,((((((((5,1),(((16,2),((10,19),15)),20)),(14,11)),(7,13)),(12,18)),9),4),(3,8)),6);

STEP 49 [3sECR_ClassicHeuristic_MS -> NNI_Substep_39] - Distance: 17.0000
(17,((((((7,13),((14,11),(((((16,2),((10,19),15)),20),5),1))),(12,18)),9),4),(3,8)),6);

STEP 50 [3sECR_ClassicHeuristic_MS -> NNI_Substep_40] - Distance: 18.0000
(17,((((((7,13),(((14,11),((((16,2),((10,19),15)),20),5)),1)),(12,18)),9),4),(3,8)),6);

STEP 51 [3sECR_ClassicHeuristic_MS -> NNI_Substep_41] - Distance: 11.0000
(17,(((((((7,13),1),((14,11),((((16,2),((10,19),15)),20),5))),(12,18)),9),4),(3,8)),6);

STEP 52 [3sECR_ClassicHeuristic_MS -> NNI_Substep_42] - Distance: 15.0000
(17,(((9,((12,18),((((14,11),((((16,2),((10,19),15)),20),5)),(7,13)),1))),4),(3,8)),6);

STEP 53 [3sECR_ClassicHeuristic_MS -> NNI_Substep_43] - Distance: 12.0000
(17,(((9,(((12,18),(((14,11),((((16,2),((10,19),15)),20),5)),(7,13))),1)),4),(3,8)),6);

STEP 54 [3sECR_ClassicHeuristic_MS -> NNI_Substep_44] - Distance: 8.0000
(17,((((9,1),((12,18),(((14,11),((((16,2),((10,19),15)),20),5)),(7,13)))),4),(3,8)),6);

STEP 55 [3sECR_ClassicHeuristic_MS -> NNI_Substep_45] - Distance: 10.0000
(17,((3,8),(4,((((12,18),(((14,11),((((16,2),((10,19),15)),20),5)),(7,13))),9),1))),6);

STEP 56 [3sECR_ClassicHeuristic_MS -> NNI_Substep_46] - Distance: 8.0000
(17,((3,8),((4,(((12,18),(((14,11),((((16,2),((10,19),15)),20),5)),(7,13))),9)),1)),6);

STEP 57 [3sECR_ClassicHeuristic_MS -> NNI_Substep_47] - Distance: 5.0000
(17,(((3,8),1),(4,(((12,18),(((14,11),((((16,2),((10,19),15)),20),5)),(7,13))),9))),6);

STEP 58 [3sECR_ClassicHeuristic_MS -> NNI_Substep_48] - Distance: 3.0000
(17,(((1,3),8),(4,(((12,18),(((14,11),((((16,2),((10,19),15)),20),5)),(7,13))),9))),6);

STEP 59 [2sECR_ClassicHeuristic_MS -> NNI_Substep_1] - Distance: 5.0000
(((1,3),8),(17,(4,(((12,18),(((14,11),((((16,2),((10,19),15)),20),5)),(7,13))),9))),6);

STEP 60 [2sECR_ClassicHeuristic_MS -> NNI_Substep_2] - Distance: 0.0000
(((1,3),8),((((12,18),(((14,11),((((16,2),((10,19),15)),20),5)),(7,13))),9),(17,4)),6);

========================================================
[FINAL] Total Steps: 60 | Final Distance: 0.0000
========================================================
