========================================================
HEURISTIC TRAJECTORY: VND Classic (MS_RF)
========================================================
STEP 0 [START] - Distance: 71.0000
(10,(6,17),((((14,(12,(18,15))),(20,(4,7))),(3,(16,(9,(13,5))))),(2,(1,(19,(8,11))))));

STEP 1 [NNI_ClassicHeuristic_MS_RF -> NNI_Substep_1] - Distance: 69.0000
(10,(6,17),((((14,(12,(18,15))),(20,(4,7))),(3,(16,(9,(13,5))))),((19,(8,11)),(1,2))));

STEP 2 [NNI_ClassicHeuristic_MS_RF -> NNI_Substep_2] - Distance: 68.0000
(10,(6,17),(((((18,15),(12,14)),(20,(4,7))),(3,(16,(9,(13,5))))),((19,(8,11)),(1,2))));

STEP 3 [NNI_ClassicHeuristic_MS_RF -> NNI_Substep_3] - Distance: 67.0000
(10,(6,17),(((((20,(4,7)),(12,14)),(18,15)),(3,(16,(9,(13,5))))),((19,(8,11)),(1,2))));

STEP 4 [NNI_ClassicHeuristic_MS_RF -> NNI_Substep_4] - Distance: 66.0000
(10,(6,17),(((((20,(4,7)),(12,14)),(18,15)),(3,((13,5),(9,16)))),((19,(8,11)),(1,2))));

STEP 5 [NNI_ClassicHeuristic_MS_RF -> NNI_Substep_5] - Distance: 64.0000
(17,(6,10),(((((20,(4,7)),(12,14)),(18,15)),(3,((13,5),(9,16)))),((19,(8,11)),(1,2))));

STEP 6 [NNI_ClassicHeuristic_MS_RF -> NNI_Substep_6] - Distance: 63.0000
(17,(6,10),(((((20,(4,7)),(12,14)),(18,15)),(3,((13,(9,16)),5))),((19,(8,11)),(1,2))));

STEP 7 [NNI_ClassicHeuristic_MS_RF -> NNI_Substep_7] - Distance: 62.0000
(17,(6,10),(((((20,(4,7)),(12,14)),(18,15)),(3,((13,(9,16)),5))),(((1,2),(8,11)),19)));

STEP 8 [2sECR_ClassicHeuristic_MS_RF -> NNI_Substep_1] - Distance: 62.0000
(17,(6,10),((3,((((20,(4,7)),(12,14)),(18,15)),((13,(9,16)),5))),(((1,2),(8,11)),19)));

STEP 9 [2sECR_ClassicHeuristic_MS_RF -> NNI_Substep_2] - Distance: 60.0000
(17,(6,10),(((((1,2),(8,11)),19),((((20,(4,7)),(12,14)),(18,15)),((13,(9,16)),5))),3));

STEP 10 [2sECR_ClassicHeuristic_MS_RF -> NNI_Substep_3] - Distance: 61.0000
(17,(6,10),((((1,2),(8,11)),(((((20,(4,7)),(12,14)),(18,15)),((13,(9,16)),5)),19)),3));

STEP 11 [2sECR_ClassicHeuristic_MS_RF -> NNI_Substep_4] - Distance: 58.0000
(17,(6,10),((((((20,(4,7)),(12,14)),(18,15)),((13,(9,16)),5)),19),(3,((1,2),(8,11)))));

STEP 12 [2sECR_ClassicHeuristic_MS_RF -> NNI_Substep_5] - Distance: 59.0000
(17,(6,10),(((19,(((20,(4,7)),(12,14)),(18,15))),((13,(9,16)),5)),(3,((1,2),(8,11)))));

STEP 13 [2sECR_ClassicHeuristic_MS_RF -> NNI_Substep_6] - Distance: 55.0000
(17,(6,10),(((((20,(4,7)),(12,14)),(19,(18,15))),((13,(9,16)),5)),(3,((1,2),(8,11)))));

STEP 14 [2sECR_ClassicHeuristic_MS_RF -> NNI_Substep_7] - Distance: 57.0000
(17,(6,10),((((20,(4,7)),((19,(18,15)),(12,14))),((13,(9,16)),5)),(3,((1,2),(8,11)))));

STEP 15 [2sECR_ClassicHeuristic_MS_RF -> NNI_Substep_8] - Distance: 52.0000
(17,(6,10),((((19,(18,15)),(12,14)),(((13,(9,16)),5),(20,(4,7)))),(3,((1,2),(8,11)))));

STEP 16 [2sECR_ClassicHeuristic_MS_RF -> NNI_Substep_9] - Distance: 53.0000
(17,(6,10),((((19,(18,15)),(12,14)),(((13,(9,16)),5),(20,(4,7)))),(3,(1,((8,11),2)))));

STEP 17 [2sECR_ClassicHeuristic_MS_RF -> NNI_Substep_10] - Distance: 51.0000
(17,(6,10),((((19,(18,15)),(12,14)),(((13,(9,16)),5),(20,(4,7)))),((3,1),((8,11),2))));

STEP 18 [2sECR_ClassicHeuristic_MS_RF -> NNI_Substep_11] - Distance: 53.0000
(17,(6,10),((((19,(18,15)),(12,14)),(((13,(9,16)),5),(20,(4,7)))),(1,(((8,11),2),3))));

STEP 19 [2sECR_ClassicHeuristic_MS_RF -> NNI_Substep_12] - Distance: 50.0000
(17,(6,10),(1,((((19,(18,15)),(12,14)),(((13,(9,16)),5),(20,(4,7)))),(((8,11),2),3))));

STEP 20 [2sECR_ClassicHeuristic_MS_RF -> NNI_Substep_13] - Distance: 49.0000
((17,1),(6,10),((((19,(18,15)),(12,14)),(((13,(9,16)),5),(20,(4,7)))),(((8,11),2),3)));

STEP 21 [2sECR_ClassicHeuristic_MS_RF -> NNI_Substep_14] - Distance: 49.0000
((17,1),(6,10),((((19,(18,15)),(12,14)),(((9,(13,16)),5),(20,(4,7)))),(((8,11),2),3)));

STEP 22 [2sECR_ClassicHeuristic_MS_RF -> NNI_Substep_15] - Distance: 48.0000
((17,1),(6,10),((((19,(18,15)),(12,14)),(((13,16),(5,9)),(20,(4,7)))),(((8,11),2),3)));

STEP 23 [2sECR_ClassicHeuristic_MS_RF -> NNI_Substep_16] - Distance: 49.0000
((17,1),(6,10),((((19,(18,15)),(12,14)),(20,((4,7),((13,16),(5,9))))),(((8,11),2),3)));

STEP 24 [2sECR_ClassicHeuristic_MS_RF -> NNI_Substep_17] - Distance: 47.0000
((17,1),(6,10),((((19,(18,15)),(12,14)),(20,((5,9),((13,16),(4,7))))),(((8,11),2),3)));

STEP 25 [2sECR_ClassicHeuristic_MS_RF -> NNI_Substep_18] - Distance: 46.0000
((17,1),(6,10),((((19,(18,15)),(12,14)),(20,((5,9),(13,(16,(4,7)))))),(((8,11),2),3)));

STEP 26 [2sECR_ClassicHeuristic_MS_RF -> NNI_Substep_19] - Distance: 46.0000
((17,1),(6,10),((((19,(18,15)),(12,14)),(20,((5,9),(13,(7,(16,4)))))),(((8,11),2),3)));

STEP 27 [2sECR_ClassicHeuristic_MS_RF -> NNI_Substep_20] - Distance: 45.0000
((17,1),(6,10),((((19,(18,15)),(12,14)),(20,((5,9),((13,7),(16,4))))),(((8,11),2),3)));

STEP 28 [2sECR_ClassicHeuristic_MS_RF -> NNI_Substep_21] - Distance: 48.0000
((17,1),(6,10),((((19,(18,15)),(12,14)),(20,(9,(((13,7),(16,4)),5)))),(((8,11),2),3)));

STEP 29 [2sECR_ClassicHeuristic_MS_RF -> NNI_Substep_22] - Distance: 44.0000
((17,1),(6,10),((((19,(18,15)),(12,14)),((20,9),(((13,7),(16,4)),5))),(((8,11),2),3)));

STEP 30 [2sECR_ClassicHeuristic_MS_RF -> NNI_Substep_23] - Distance: 45.0000
((17,1),(6,10),((((19,(18,15)),(12,14)),((20,9),((7,((16,4),13)),5))),(((8,11),2),3)));

STEP 31 [2sECR_ClassicHeuristic_MS_RF -> NNI_Substep_24] - Distance: 43.0000
((17,1),(6,10),((((19,(18,15)),(12,14)),((20,9),(((16,4),13),(5,7)))),(((8,11),2),3)));

STEP 32 [2sECR_ClassicHeuristic_MS_RF -> NNI_Substep_25] - Distance: 43.0000
((17,1),(6,10),((((19,(18,15)),(12,14)),((20,9),(((16,4),13),(5,7)))),((8,(2,11)),3)));

STEP 33 [2sECR_ClassicHeuristic_MS_RF -> NNI_Substep_26] - Distance: 42.0000
((17,1),(6,10),((((19,(18,15)),(12,14)),((20,9),(((16,4),13),(5,7)))),((2,11),(3,8))));

STEP 34 [3sECR_ClassicHeuristic_MS_RF -> NNI_Substep_1] - Distance: 46.0000
((17,1),(6,10),(((2,11),(3,8)),(((19,(18,15)),(12,14)),(((((16,4),13),(5,7)),20),9))));

STEP 35 [3sECR_ClassicHeuristic_MS_RF -> NNI_Substep_2] - Distance: 44.0000
((17,1),(6,10),(((2,11),(3,8)),((((19,(18,15)),(12,14)),((((16,4),13),(5,7)),20)),9)));

STEP 36 [3sECR_ClassicHeuristic_MS_RF -> NNI_Substep_3] - Distance: 39.0000
((17,1),(6,10),((((2,11),(3,8)),(((19,(18,15)),(12,14)),((((16,4),13),(5,7)),20))),9));

STEP 37 [3sECR_ClassicHeuristic_MS_RF -> NNI_Substep_4] - Distance: 41.0000
((17,1),(6,10),((((2,11),(3,8)),(((19,(18,15)),(12,14)),(20,((((16,4),13),5),7)))),9));

STEP 38 [3sECR_ClassicHeuristic_MS_RF -> NNI_Substep_5] - Distance: 38.0000
((17,1),(6,10),((((2,11),(3,8)),(((19,(18,15)),(12,14)),((20,7),(((16,4),13),5)))),9));

STEP 39 [3sECR_ClassicHeuristic_MS_RF -> NNI_Substep_6] - Distance: 41.0000
((17,1),(6,10),((((2,11),(3,8)),(((19,(18,15)),(12,14)),(((((16,4),13),5),20),7))),9));

STEP 40 [3sECR_ClassicHeuristic_MS_RF -> NNI_Substep_7] - Distance: 39.0000
((17,1),(6,10),((((2,11),(3,8)),((((19,(18,15)),(12,14)),7),((((16,4),13),5),20))),9));

STEP 41 [3sECR_ClassicHeuristic_MS_RF -> NNI_Substep_8] - Distance: 35.0000
((17,1),(6,10),((((2,11),(3,8)),(((19,(18,15)),((12,14),7)),((((16,4),13),5),20))),9));

STEP 42 [NNI_ClassicHeuristic_MS_RF] - Distance: 34.0000
((((2,11),(3,8)),(((19,(18,15)),((12,14),7)),((((16,4),13),5),20))),(6,10),((17,1),9));

STEP 43 [uSPR_ClassicHeuristic_null_MS_RF -> NNI_Substep_1] - Distance: 34.0000
(((((2,11),(3,8)),(((19,(18,15)),((12,14),7)),((((16,4),13),5),20))),(17,1)),(6,10),9);

STEP 44 [uSPR_ClassicHeuristic_null_MS_RF -> NNI_Substep_2] - Distance: 36.0000
((((2,11),(3,8)),((((19,(18,15)),((12,14),7)),((((16,4),13),5),20)),(17,1))),(6,10),9);

STEP 45 [uSPR_ClassicHeuristic_null_MS_RF -> NNI_Substep_3] - Distance: 32.0000
((((2,11),(3,8)),(((19,(18,15)),((12,14),7)),(((((16,4),13),5),20),(17,1)))),(6,10),9);

STEP 46 [uSPR_ClassicHeuristic_null_MS_RF -> NNI_Substep_4] - Distance: 29.0000
((((2,11),(3,8)),(((19,(18,15)),((12,14),7)),(((((16,4),13),5),(17,1)),20))),(6,10),9);

STEP 47 [uSPR_ClassicHeuristic_null_MS_RF -> NNI_Substep_5] - Distance: 26.0000
((((2,11),(3,8)),(((19,(18,15)),((12,14),7)),(((((16,4),13),(17,1)),5),20))),(6,10),9);

STEP 48 [uSPR_ClassicHeuristic_null_MS_RF -> NNI_Substep_6] - Distance: 23.0000
((((2,11),(3,8)),(((19,(18,15)),((12,14),7)),(((((16,4),(17,1)),13),5),20))),(6,10),9);

STEP 49 [uSPR_ClassicHeuristic_null_MS_RF -> NNI_Substep_7] - Distance: 20.0000
((((2,11),(3,8)),(((19,(18,15)),((12,14),7)),(((((16,(17,1)),4),13),5),20))),(6,10),9);

STEP 50 [uSPR_ClassicHeuristic_null_MS_RF -> NNI_Substep_8] - Distance: 20.0000
((((2,11),(3,8)),((((19,18),15),((12,14),7)),(((((16,(17,1)),4),13),5),20))),(6,10),9);

STEP 51 [uSPR_ClassicHeuristic_null_MS_RF -> NNI_Substep_9] - Distance: 22.0000
((((2,11),(3,8)),((((19,18),((12,14),7)),15),(((((16,(17,1)),4),13),5),20))),(6,10),9);

STEP 52 [uSPR_ClassicHeuristic_null_MS_RF -> NNI_Substep_10] - Distance: 24.0000
((((2,11),(3,8)),((((19,18),((12,14),7)),(((((16,(17,1)),4),13),5),20)),15)),(6,10),9);

STEP 53 [uSPR_ClassicHeuristic_null_MS_RF -> NNI_Substep_11] - Distance: 22.0000
((((2,11),(3,8)),(((19,18),((12,14),7)),((((((16,(17,1)),4),13),5),20),15))),(6,10),9);

STEP 54 [uSPR_ClassicHeuristic_null_MS_RF -> NNI_Substep_12] - Distance: 20.0000
((((2,11),(3,8)),(((19,18),((12,14),7)),((((((16,(17,1)),4),13),5),15),20))),(6,10),9);

STEP 55 [uSPR_ClassicHeuristic_null_MS_RF -> NNI_Substep_13] - Distance: 18.0000
((((2,11),(3,8)),(((19,18),((12,14),7)),((((((16,(17,1)),4),13),15),5),20))),(6,10),9);

STEP 56 [uSPR_ClassicHeuristic_null_MS_RF -> NNI_Substep_14] - Distance: 16.0000
((((2,11),(3,8)),(((19,18),((12,14),7)),((((((16,(17,1)),4),15),13),5),20))),(6,10),9);

STEP 57 [uSPR_ClassicHeuristic_null_MS_RF -> NNI_Substep_15] - Distance: 12.0000
((((2,11),(3,8)),(((19,18),((12,14),7)),(((((16,(17,1)),(4,15)),13),5),20))),(6,10),9);

STEP 58 [uSPR_ClassicHeuristic_null_MS_RF -> NNI_Substep_16] - Distance: 13.0000
(((((2,11),3),8),(((19,18),((12,14),7)),(((((16,(17,1)),(4,15)),13),5),20))),(6,10),9);

STEP 59 [uSPR_ClassicHeuristic_null_MS_RF -> NNI_Substep_17] - Distance: 13.0000
(((((2,11),3),(((19,18),((12,14),7)),(((((16,(17,1)),(4,15)),13),5),20))),8),(6,10),9);

STEP 60 [uSPR_ClassicHeuristic_null_MS_RF -> NNI_Substep_18] - Distance: 15.0000
((((2,11),3),((((19,18),((12,14),7)),(((((16,(17,1)),(4,15)),13),5),20)),8)),(6,10),9);

STEP 61 [uSPR_ClassicHeuristic_null_MS_RF -> NNI_Substep_19] - Distance: 12.0000
((((2,11),3),((((19,18),((12,14),7)),8),(((((16,(17,1)),(4,15)),13),5),20))),(6,10),9);

STEP 62 [uSPR_ClassicHeuristic_null_MS_RF -> NNI_Substep_20] - Distance: 9.0000
((((2,11),3),(((19,18),(((12,14),7),8)),(((((16,(17,1)),(4,15)),13),5),20))),(6,10),9);

STEP 63 [uSPR_ClassicHeuristic_null_MS_RF -> NNI_Substep_21] - Distance: 6.0000
((((2,11),3),(((19,18),((12,14),(7,8))),(((((16,(17,1)),(4,15)),13),5),20))),(6,10),9);

STEP 64 [uSPR_ClassicHeuristic_null_MS_RF -> NNI_Substep_22] - Distance: 7.0000
((((2,11),3),(((19,18),((12,(7,8)),14)),(((((16,(17,1)),(4,15)),13),5),20))),(6,10),9);

STEP 65 [uSPR_ClassicHeuristic_null_MS_RF -> NNI_Substep_23] - Distance: 8.0000
((((2,11),3),((((19,18),(12,(7,8))),14),(((((16,(17,1)),(4,15)),13),5),20))),(6,10),9);

STEP 66 [uSPR_ClassicHeuristic_null_MS_RF -> NNI_Substep_24] - Distance: 7.0000
((((2,11),3),((((19,18),(12,(7,8))),(((((16,(17,1)),(4,15)),13),5),20)),14)),(6,10),9);

STEP 67 [uSPR_ClassicHeuristic_null_MS_RF -> NNI_Substep_25] - Distance: 5.0000
(((((2,11),3),(((19,18),(12,(7,8))),(((((16,(17,1)),(4,15)),13),5),20))),14),(6,10),9);

STEP 68 [uSPR_ClassicHeuristic_null_MS_RF -> NNI_Substep_26] - Distance: 3.0000
(((((2,11),3),14),(((19,18),(12,(7,8))),(((((16,(17,1)),(4,15)),13),5),20))),(6,10),9);

STEP 69 [uSPR_ClassicHeuristic_null_MS_RF -> NNI_Substep_27] - Distance: 0.0000
((((2,11),(3,14)),(((19,18),(12,(7,8))),(((((16,(17,1)),(4,15)),13),5),20))),(6,10),9);

========================================================
[FINAL] Total Steps: 69 | Final Distance: 0.0000
========================================================
