========================================================
HEURISTIC TRAJECTORY: VND Incremental (MP_RF)
========================================================
STEP 0 [START] - Distance: 139.0000
(((((5,(8,(12,14))),((6,9),((2,(3,20)),(18,19)))),(17,11)),((1,13),(15,4))),(10,(16,7)));

STEP 1 [NNI_IncrementalHeuristic_MP_RF -> NNI_Substep_1] - Distance: 129.0000
(((((1,13),(15,4)),(17,11)),((5,(8,(12,14))),((6,9),((2,(3,20)),(18,19))))),(10,(16,7)));

STEP 2 [NNI_IncrementalHeuristic_MP_RF -> NNI_Substep_2] - Distance: 127.0000
(((((1,13),(15,4)),(17,11)),(((2,(3,20)),(18,19)),((6,9),(5,(8,(12,14)))))),(10,(16,7)));

STEP 3 [NNI_IncrementalHeuristic_MP_RF -> NNI_Substep_3] - Distance: 118.0000
(10,(((16,7),(((2,(3,20)),(18,19)),((6,9),(5,(8,(12,14)))))),(((1,13),(15,4)),(17,11))));

STEP 4 [NNI_IncrementalHeuristic_MP_RF -> NNI_Substep_4] - Distance: 114.0000
(10,((((6,9),(5,(8,(12,14)))),(((2,(3,20)),(18,19)),(16,7))),(((1,13),(15,4)),(17,11))));

STEP 5 [NNI_IncrementalHeuristic_MP_RF -> NNI_Substep_5] - Distance: 111.0000
(10,((((6,9),(5,(8,(12,14)))),(16,(((2,(3,20)),(18,19)),7))),(((1,13),(15,4)),(17,11))));

STEP 6 [NNI_IncrementalHeuristic_MP_RF -> NNI_Substep_6] - Distance: 110.0000
(10,(((((5,(8,(12,14))),9),6),(16,(((2,(3,20)),(18,19)),7))),(((1,13),(15,4)),(17,11))));

STEP 7 [NNI_IncrementalHeuristic_MP_RF -> NNI_Substep_7] - Distance: 109.0000
(10,(((((5,(8,(12,14))),9),(16,(((2,(3,20)),(18,19)),7))),6),(((1,13),(15,4)),(17,11))));

STEP 8 [NNI_IncrementalHeuristic_MP_RF -> NNI_Substep_8] - Distance: 100.0000
(10,(((((1,13),(15,4)),(17,11)),6),(((5,(8,(12,14))),9),(16,(((2,(3,20)),(18,19)),7)))));

STEP 9 [2sECR_IncrementalHeuristic_MP_RF -> NNI_Substep_1] - Distance: 100.0000
(10,(((((1,13),(15,4)),(17,11)),6),(((5,(8,(12,14))),9),(16,((((18,19),(3,20)),2),7)))));

STEP 10 [2sECR_IncrementalHeuristic_MP_RF -> NNI_Substep_2] - Distance: 99.0000
(10,(((((1,13),(15,4)),(17,11)),6),(((5,(8,(12,14))),9),(16,(((3,((18,19),20)),2),7)))));

STEP 11 [3sECR_IncrementalHeuristic_MP_RF -> NNI_Substep_1] - Distance: 99.0000
(10,(((((1,13),(15,4)),(17,11)),6),((16,(((3,((18,19),20)),2),7)),((9,(8,(12,14))),5))));

STEP 12 [3sECR_IncrementalHeuristic_MP_RF -> NNI_Substep_2] - Distance: 99.0000
(10,(((((1,13),(15,4)),(17,11)),6),(((16,(((3,((18,19),20)),2),7)),(9,(8,(12,14)))),5)));

STEP 13 [3sECR_IncrementalHeuristic_MP_RF -> NNI_Substep_3] - Distance: 97.0000
(10,((((((1,13),(15,4)),(17,11)),6),((16,(((3,((18,19),20)),2),7)),(9,(8,(12,14))))),5));

STEP 14 [3sECR_IncrementalHeuristic_MP_RF -> NNI_Substep_4] - Distance: 81.0000
((10,5),(((((1,13),(15,4)),(17,11)),6),((16,(((3,((18,19),20)),2),7)),((9,(12,14)),8))));

STEP 15 [3sECR_IncrementalHeuristic_MP_RF -> NNI_Substep_5] - Distance: 81.0000
((10,5),(((((1,13),(15,4)),(17,11)),6),(((16,(((3,((18,19),20)),2),7)),(9,(12,14))),8)));

STEP 16 [3sECR_IncrementalHeuristic_MP_RF -> NNI_Substep_6] - Distance: 73.0000
((10,5),((((((1,13),(15,4)),(17,11)),6),8),((16,(((3,((18,19),20)),2),7)),(9,(12,14)))));

STEP 17 [3sECR_IncrementalHeuristic_MP_RF -> NNI_Substep_7] - Distance: 73.0000
((10,5),((((((1,13),(15,4)),(17,11)),6),8),((16,(((3,((18,19),20)),2),7)),((9,12),14))));

STEP 18 [3sECR_IncrementalHeuristic_MP_RF -> NNI_Substep_8] - Distance: 70.0000
((10,5),((((((1,13),(15,4)),(17,11)),6),8),(((16,(((3,((18,19),20)),2),7)),14),(9,12))));

STEP 19 [3sECR_IncrementalHeuristic_MP_RF -> NNI_Substep_9] - Distance: 66.0000
((10,5),((((((1,13),(15,4)),(17,11)),6),8),(((16,14),(((3,((18,19),20)),2),7)),(9,12))));

STEP 20 [3sECR_IncrementalHeuristic_MP_RF -> NNI_Substep_10] - Distance: 65.0000
((10,5),(((8,((17,11),((1,13),(15,4)))),6),(((16,14),(((3,((18,19),20)),2),7)),(9,12))));

STEP 21 [3sECR_IncrementalHeuristic_MP_RF -> NNI_Substep_11] - Distance: 63.0000
((10,5),((((8,((1,13),(15,4))),(17,11)),6),(((16,14),(((3,((18,19),20)),2),7)),(9,12))));

STEP 22 [3sECR_IncrementalHeuristic_MP_RF -> NNI_Substep_12] - Distance: 62.0000
((10,5),(((((8,(1,13)),(15,4)),(17,11)),6),(((16,14),(((3,((18,19),20)),2),7)),(9,12))));

STEP 23 [Heur. rSPR MP_RF -> NNI_Substep_1] - Distance: 62.0000
((10,5),(((((8,(1,13)),(15,4)),(17,11)),6),(((16,14),(((3,((18,20),19)),2),7)),(9,12))));

STEP 24 [Heur. rSPR MP_RF -> NNI_Substep_2] - Distance: 62.0000
((10,5),(((((8,(1,13)),(15,4)),(17,11)),6),(((16,14),((((3,(18,20)),19),2),7)),(9,12))));

STEP 25 [Heur. rSPR MP_RF -> NNI_Substep_3] - Distance: 62.0000
((10,5),(((((8,(1,13)),(15,4)),(17,11)),6),(((16,14),((((3,(18,20)),2),19),7)),(9,12))));

STEP 26 [Heur. rSPR MP_RF -> NNI_Substep_4] - Distance: 62.0000
((10,5),(((((8,(1,13)),(15,4)),(17,11)),6),(((16,14),((((3,(18,20)),2),7),19)),(9,12))));

STEP 27 [Heur. rSPR MP_RF -> NNI_Substep_5] - Distance: 62.0000
((10,5),(((((8,(1,13)),(15,4)),(17,11)),6),((((16,14),(((3,(18,20)),2),7)),19),(9,12))));

STEP 28 [Heur. rSPR MP_RF -> NNI_Substep_6] - Distance: 62.0000
((10,5),(((((8,(1,13)),(15,4)),(17,11)),6),((((16,14),(((3,(18,20)),2),7)),(9,12)),19)));

STEP 29 [Heur. rSPR MP_RF -> NNI_Substep_7] - Distance: 62.0000
((10,5),((((((8,(1,13)),(15,4)),(17,11)),6),(((16,14),(((3,(18,20)),2),7)),(9,12))),19));

STEP 30 [Heur. rSPR MP_RF -> NNI_Substep_8] - Distance: 54.0000
((10,5),((((((8,(1,13)),(15,4)),(17,11)),6),19),(((16,14),(((3,(18,20)),2),7)),(9,12))));

STEP 31 [Heur. rSPR MP_RF -> NNI_Substep_9] - Distance: 53.0000
((10,5),((((((8,(1,13)),(15,4)),(17,11)),19),6),(((16,14),(((3,(18,20)),2),7)),(9,12))));

STEP 32 [Heur. rSPR MP_RF -> NNI_Substep_10] - Distance: 50.0000
((10,5),(((((8,(1,13)),(15,4)),((17,11),19)),6),(((16,14),(((3,(18,20)),2),7)),(9,12))));

STEP 33 [Heur. rSPR MP_RF -> NNI_Substep_11] - Distance: 49.0000
((10,5),(((((8,(1,13)),(15,4)),((17,19),11)),6),(((16,14),(((3,(18,20)),2),7)),(9,12))));

STEP 34 [Heur. rSPR MP_RF -> NNI_Substep_12] - Distance: 49.0000
((10,5),((((((8,(1,13)),15),4),((17,19),11)),6),(((16,14),(((3,(18,20)),2),7)),(9,12))));

STEP 35 [Heur. rSPR MP_RF -> NNI_Substep_13] - Distance: 49.0000
((10,5),((((((8,(1,13)),15),((17,19),11)),4),6),(((16,14),(((3,(18,20)),2),7)),(9,12))));

STEP 36 [Heur. rSPR MP_RF -> NNI_Substep_14] - Distance: 49.0000
((10,5),((((((8,(1,13)),15),((17,19),11)),6),4),(((16,14),(((3,(18,20)),2),7)),(9,12))));

STEP 37 [Heur. rSPR MP_RF -> NNI_Substep_15] - Distance: 49.0000
((10,5),((((((8,(1,13)),15),((17,19),11)),6),(((16,14),(((3,(18,20)),2),7)),(9,12))),4));

STEP 38 [Heur. rSPR MP_RF -> NNI_Substep_16] - Distance: 30.0000
((10,(5,4)),(((((8,(1,13)),15),((17,19),11)),6),(((16,14),(((3,(18,20)),2),7)),(9,12))));

STEP 39 [Heur. rSPR MP_RF -> NNI_Substep_17] - Distance: 30.0000
((10,(5,4)),((((((8,1),13),15),((17,19),11)),6),(((16,14),(((3,(18,20)),2),7)),(9,12))));

STEP 40 [Heur. rSPR MP_RF -> NNI_Substep_18] - Distance: 30.0000
((10,(5,4)),((((((8,1),15),13),((17,19),11)),6),(((16,14),(((3,(18,20)),2),7)),(9,12))));

STEP 41 [Heur. rSPR MP_RF -> NNI_Substep_19] - Distance: 30.0000
((10,(5,4)),((((((8,1),15),((17,19),11)),13),6),(((16,14),(((3,(18,20)),2),7)),(9,12))));

STEP 42 [Heur. rSPR MP_RF -> NNI_Substep_20] - Distance: 30.0000
((10,(5,4)),((((((8,1),15),((17,19),11)),6),13),(((16,14),(((3,(18,20)),2),7)),(9,12))));

STEP 43 [Heur. rSPR MP_RF -> NNI_Substep_21] - Distance: 30.0000
((10,(5,4)),((((((8,1),15),((17,19),11)),6),(((16,14),(((3,(18,20)),2),7)),(9,12))),13));

STEP 44 [Heur. rSPR MP_RF -> NNI_Substep_22] - Distance: 23.0000
((10,(5,4)),(((((8,1),15),((17,19),11)),6),((((16,14),(((3,(18,20)),2),7)),(9,12)),13)));

STEP 45 [Heur. rSPR MP_RF -> NNI_Substep_23] - Distance: 21.0000
((10,(5,4)),(((((8,1),15),((17,19),11)),6),((((16,14),(((3,(18,20)),2),7)),13),(9,12))));

STEP 46 [Heur. rSPR MP_RF -> NNI_Substep_24] - Distance: 19.0000
((10,(5,4)),(((((8,1),15),((17,19),11)),6),(((16,14),((((3,(18,20)),2),7),13)),(9,12))));

STEP 47 [Heur. rSPR MP_RF -> NNI_Substep_25] - Distance: 16.0000
((10,(5,4)),(((((8,1),15),((17,19),11)),6),(((16,14),(((3,(18,20)),2),(7,13))),(9,12))));

STEP 48 [Heur. rSPR MP_RF -> NNI_Substep_26] - Distance: 16.0000
((10,(5,4)),(((((8,1),15),((17,19),11)),6),(((16,14),(((3,(18,20)),(7,13)),2)),(9,12))));

STEP 49 [Heur. rSPR MP_RF -> NNI_Substep_27] - Distance: 16.0000
((10,(5,4)),(((((8,1),15),((17,19),11)),6),((((16,14),((3,(18,20)),(7,13))),2),(9,12))));

STEP 50 [Heur. rSPR MP_RF -> NNI_Substep_28] - Distance: 16.0000
((10,(5,4)),(((((8,1),15),((17,19),11)),6),((((16,14),((3,(18,20)),(7,13))),(9,12)),2)));

STEP 51 [Heur. rSPR MP_RF -> NNI_Substep_29] - Distance: 15.0000
((10,(5,4)),((((((8,1),15),((17,19),11)),6),(((16,14),((3,(18,20)),(7,13))),(9,12))),2));

STEP 52 [Heur. rSPR MP_RF -> NNI_Substep_30] - Distance: 6.0000
((10,(5,4)),((((((8,1),15),((17,19),11)),6),2),(((16,14),((3,(18,20)),(7,13))),(9,12))));

STEP 53 [Heur. rSPR MP_RF -> NNI_Substep_31] - Distance: 0.0000
((10,(5,4)),(((((8,1),15),((17,19),11)),(6,2)),(((16,14),((3,(18,20)),(7,13))),(9,12))));

========================================================
[FINAL] Total Steps: 53 | Final Distance: 0.0000
========================================================
