========================================================
HEURISTIC TRAJECTORY: VND Classic (MP)
========================================================
STEP 0 [START] - Distance: 141.0000
((((18,(10,((16,3),(8,11)))),(12,15)),(((2,(9,13)),(20,5)),((1,7),(19,6)))),(14,(4,17)));

STEP 1 [NNI_ClassicHeuristic_MP -> NNI_Substep_1] - Distance: 134.0000
((((18,(10,((16,3),(8,11)))),(((2,(9,13)),(20,5)),((1,7),(19,6)))),(12,15)),(14,(4,17)));

STEP 2 [NNI_ClassicHeuristic_MP -> NNI_Substep_2] - Distance: 127.0000
((12,(((18,(10,((16,3),(8,11)))),(((2,(9,13)),(20,5)),((1,7),(19,6)))),15)),(14,(4,17)));

STEP 3 [NNI_ClassicHeuristic_MP -> NNI_Substep_3] - Distance: 124.0000
((12,(((18,(10,((16,3),(8,11)))),((((1,7),(19,6)),(20,5)),(2,(9,13)))),15)),(14,(4,17)));

STEP 4 [NNI_ClassicHeuristic_MP -> NNI_Substep_4] - Distance: 120.0000
(((14,(4,17)),(((18,(10,((16,3),(8,11)))),((20,(((1,7),(19,6)),5)),(2,(9,13)))),15)),12);

STEP 5 [NNI_ClassicHeuristic_MP -> NNI_Substep_5] - Distance: 119.0000
(((14,(4,17)),(((18,((20,(((1,7),(19,6)),5)),(2,(9,13)))),(10,((16,3),(8,11)))),15)),12);

STEP 6 [NNI_ClassicHeuristic_MP -> NNI_Substep_6] - Distance: 115.0000
(((14,(4,17)),((10,((18,((20,(((1,7),(19,6)),5)),(2,(9,13)))),((16,3),(8,11)))),15)),12);

STEP 7 [NNI_ClassicHeuristic_MP -> NNI_Substep_7] - Distance: 114.0000
(((14,(4,17)),((15,((18,((20,(((1,7),(19,6)),5)),(2,(9,13)))),((16,3),(8,11)))),10)),12);

STEP 8 [NNI_ClassicHeuristic_MP -> NNI_Substep_8] - Distance: 113.0000
(((14,(4,17)),(((18,((20,(((1,7),(19,6)),5)),(2,(9,13)))),(15,((16,3),(8,11)))),10)),12);

STEP 9 [NNI_ClassicHeuristic_MP -> NNI_Substep_9] - Distance: 112.0000
((10,(((18,((20,(((1,7),(19,6)),5)),(2,(9,13)))),(15,((16,3),(8,11)))),(14,(4,17)))),12);

STEP 10 [SPR_ClassicHeuristic_MP -> NNI_Substep_1] - Distance: 112.0000
((10,((((18,(20,(((1,7),(19,6)),5))),(2,(9,13))),(15,((16,3),(8,11)))),(14,(4,17)))),12);

STEP 11 [SPR_ClassicHeuristic_MP -> NNI_Substep_2] - Distance: 110.0000
((10,((((18,(20,(((1,7),(19,6)),5))),(15,((16,3),(8,11)))),(2,(9,13))),(14,(4,17)))),12);

STEP 12 [SPR_ClassicHeuristic_MP -> NNI_Substep_3] - Distance: 103.0000
((10,(((18,(20,(((1,7),(19,6)),5))),((15,((16,3),(8,11))),(2,(9,13)))),(14,(4,17)))),12);

STEP 13 [SPR_ClassicHeuristic_MP -> NNI_Substep_4] - Distance: 101.0000
((10,(((18,(20,(((1,7),(19,6)),5))),(15,(((16,3),(8,11)),(2,(9,13))))),(14,(4,17)))),12);

STEP 14 [SPR_ClassicHeuristic_MP -> NNI_Substep_5] - Distance: 100.0000
((10,(((18,(20,(((1,7),(19,6)),5))),(15,((16,3),((8,11),(2,(9,13)))))),(14,(4,17)))),12);

STEP 15 [SPR_ClassicHeuristic_MP -> NNI_Substep_6] - Distance: 99.0000
((10,(((18,(20,(((1,7),(19,6)),5))),(15,((16,3),((8,(2,(9,13))),11)))),(14,(4,17)))),12);

STEP 16 [SPR_ClassicHeuristic_MP -> NNI_Substep_7] - Distance: 99.0000
((10,(((18,((20,((1,7),(19,6))),5)),(15,((16,3),((8,(2,(9,13))),11)))),(14,(4,17)))),12);

STEP 17 [SPR_ClassicHeuristic_MP -> NNI_Substep_8] - Distance: 99.0000
((10,((((18,(20,((1,7),(19,6)))),5),(15,((16,3),((8,(2,(9,13))),11)))),(14,(4,17)))),12);

STEP 18 [SPR_ClassicHeuristic_MP -> NNI_Substep_9] - Distance: 99.0000
((10,((((18,(20,((1,7),(19,6)))),(15,((16,3),((8,(2,(9,13))),11)))),5),(14,(4,17)))),12);

STEP 19 [SPR_ClassicHeuristic_MP -> NNI_Substep_10] - Distance: 100.0000
((10,((((18,(20,((1,7),(19,6)))),(15,((16,3),((8,(2,(9,13))),11)))),(14,(4,17))),5)),12);

STEP 20 [SPR_ClassicHeuristic_MP -> NNI_Substep_11] - Distance: 100.0000
(((10,(((18,(20,((1,7),(19,6)))),(15,((16,3),((8,(2,(9,13))),11)))),(14,(4,17)))),5),12);

STEP 21 [SPR_ClassicHeuristic_MP -> NNI_Substep_12] - Distance: 87.0000
(((10,5),(((18,(20,((1,7),(19,6)))),(15,((16,3),((8,(2,(9,13))),11)))),(14,(4,17)))),12);

STEP 22 [SPR_ClassicHeuristic_MP -> NNI_Substep_13] - Distance: 87.0000
(((10,5),(((18,(20,((1,(19,6)),7))),(15,((16,3),((8,(2,(9,13))),11)))),(14,(4,17)))),12);

STEP 23 [SPR_ClassicHeuristic_MP -> NNI_Substep_14] - Distance: 87.0000
(((10,5),(((18,((20,(1,(19,6))),7)),(15,((16,3),((8,(2,(9,13))),11)))),(14,(4,17)))),12);

STEP 24 [SPR_ClassicHeuristic_MP -> NNI_Substep_15] - Distance: 87.0000
(((10,5),((((18,(20,(1,(19,6)))),7),(15,((16,3),((8,(2,(9,13))),11)))),(14,(4,17)))),12);

STEP 25 [SPR_ClassicHeuristic_MP -> NNI_Substep_16] - Distance: 87.0000
(((10,5),((((18,(20,(1,(19,6)))),(15,((16,3),((8,(2,(9,13))),11)))),7),(14,(4,17)))),12);

STEP 26 [SPR_ClassicHeuristic_MP -> NNI_Substep_17] - Distance: 88.0000
(((10,5),((((18,(20,(1,(19,6)))),(15,((16,3),((8,(2,(9,13))),11)))),(14,(4,17))),7)),12);

STEP 27 [SPR_ClassicHeuristic_MP -> NNI_Substep_18] - Distance: 86.0000
((((10,5),(((18,(20,(1,(19,6)))),(15,((16,3),((8,(2,(9,13))),11)))),(14,(4,17)))),7),12);

STEP 28 [SPR_ClassicHeuristic_MP -> NNI_Substep_19] - Distance: 73.0000
((((10,5),7),(((18,(20,(1,(19,6)))),(15,((16,3),((8,(2,(9,13))),11)))),(14,(4,17)))),12);

STEP 29 [SPR_ClassicHeuristic_MP -> NNI_Substep_20] - Distance: 73.0000
((((10,5),7),(((18,(20,(1,(19,6)))),(15,((16,3),(((2,(9,13)),11),8)))),(14,(4,17)))),12);

STEP 30 [SPR_ClassicHeuristic_MP -> NNI_Substep_21] - Distance: 73.0000
((((10,5),7),(((18,(20,(1,(19,6)))),(15,(((16,3),((2,(9,13)),11)),8))),(14,(4,17)))),12);

STEP 31 [SPR_ClassicHeuristic_MP -> NNI_Substep_22] - Distance: 73.0000
((((10,5),7),(((18,(20,(1,(19,6)))),((15,((16,3),((2,(9,13)),11))),8)),(14,(4,17)))),12);

STEP 32 [SPR_ClassicHeuristic_MP -> NNI_Substep_23] - Distance: 73.0000
((((10,5),7),((((18,(20,(1,(19,6)))),(15,((16,3),((2,(9,13)),11)))),8),(14,(4,17)))),12);

STEP 33 [SPR_ClassicHeuristic_MP -> NNI_Substep_24] - Distance: 74.0000
((((10,5),7),((((18,(20,(1,(19,6)))),(15,((16,3),((2,(9,13)),11)))),(14,(4,17))),8)),12);

STEP 34 [SPR_ClassicHeuristic_MP -> NNI_Substep_25] - Distance: 64.0000
((((10,5),7),(((18,(20,(1,(19,6)))),(15,((16,3),((2,(9,13)),11)))),((14,(4,17)),8))),12);

STEP 35 [SPR_ClassicHeuristic_MP -> NNI_Substep_26] - Distance: 64.0000
((((10,5),7),(((18,(20,(1,(19,6)))),(15,((16,3),(((2,9),13),11)))),((14,(4,17)),8))),12);

STEP 36 [SPR_ClassicHeuristic_MP -> NNI_Substep_27] - Distance: 64.0000
((((10,5),7),(((18,(20,(1,(19,6)))),(15,((16,3),(((2,9),11),13)))),((14,(4,17)),8))),12);

STEP 37 [SPR_ClassicHeuristic_MP -> NNI_Substep_28] - Distance: 64.0000
((((10,5),7),(((18,(20,(1,(19,6)))),(15,(((16,3),((2,9),11)),13))),((14,(4,17)),8))),12);

STEP 38 [SPR_ClassicHeuristic_MP -> NNI_Substep_29] - Distance: 64.0000
((((10,5),7),(((18,(20,(1,(19,6)))),((15,((16,3),((2,9),11))),13)),((14,(4,17)),8))),12);

STEP 39 [SPR_ClassicHeuristic_MP -> NNI_Substep_30] - Distance: 64.0000
((((10,5),7),((((18,(20,(1,(19,6)))),(15,((16,3),((2,9),11)))),13),((14,(4,17)),8))),12);

STEP 40 [SPR_ClassicHeuristic_MP -> NNI_Substep_31] - Distance: 65.0000
((((10,5),7),((((18,(20,(1,(19,6)))),(15,((16,3),((2,9),11)))),((14,(4,17)),8)),13)),12);

STEP 41 [SPR_ClassicHeuristic_MP -> NNI_Substep_32] - Distance: 54.0000
((((10,5),7),(((18,(20,(1,(19,6)))),(15,((16,3),((2,9),11)))),(((14,(4,17)),8),13))),12);

STEP 42 [SPR_ClassicHeuristic_MP -> NNI_Substep_33] - Distance: 53.0000
((((10,5),7),(((18,(20,(1,(19,6)))),(15,((16,3),((2,9),11)))),(((14,(4,17)),13),8))),12);

STEP 43 [SPR_ClassicHeuristic_MP -> NNI_Substep_34] - Distance: 53.0000
((((10,5),7),(((18,(20,(1,(19,6)))),(15,((16,3),((2,9),11)))),((((4,17),13),14),8))),12);

STEP 44 [SPR_ClassicHeuristic_MP -> NNI_Substep_35] - Distance: 53.0000
((((10,5),7),(((18,(20,(1,(19,6)))),(15,((16,3),((2,9),11)))),((((4,17),13),8),14))),12);

STEP 45 [SPR_ClassicHeuristic_MP -> NNI_Substep_36] - Distance: 52.0000
((((10,5),7),((((18,(20,(1,(19,6)))),(15,((16,3),((2,9),11)))),(((4,17),13),8)),14)),12);

STEP 46 [SPR_ClassicHeuristic_MP -> NNI_Substep_37] - Distance: 49.0000
((((10,5),7),((((18,(20,(1,(19,6)))),(15,((16,3),((2,9),11)))),14),(((4,17),13),8))),12);

STEP 47 [SPR_ClassicHeuristic_MP -> NNI_Substep_38] - Distance: 43.0000
((((10,5),7),((((18,(20,(1,(19,6)))),14),(15,((16,3),((2,9),11)))),(((4,17),13),8))),12);

STEP 48 [SPR_ClassicHeuristic_MP -> NNI_Substep_39] - Distance: 43.0000
((((10,5),7),(((18,((20,(1,(19,6))),14)),(15,((16,3),((2,9),11)))),(((4,17),13),8))),12);

STEP 49 [SPR_ClassicHeuristic_MP -> NNI_Substep_40] - Distance: 41.0000
((((10,5),7),(((18,((20,14),(1,(19,6)))),(15,((16,3),((2,9),11)))),(((4,17),13),8))),12);

STEP 50 [SPR_ClassicHeuristic_MP -> NNI_Substep_41] - Distance: 41.0000
((((10,5),7),(((18,((20,14),(1,(19,6)))),(15,((16,3),((2,9),11)))),(((4,13),17),8))),12);

STEP 51 [SPR_ClassicHeuristic_MP -> NNI_Substep_42] - Distance: 41.0000
((((10,5),7),(((18,((20,14),(1,(19,6)))),(15,((16,3),((2,9),11)))),(((4,13),8),17))),12);

STEP 52 [SPR_ClassicHeuristic_MP -> NNI_Substep_43] - Distance: 39.0000
((((10,5),7),((((18,((20,14),(1,(19,6)))),(15,((16,3),((2,9),11)))),((4,13),8)),17)),12);

STEP 53 [SPR_ClassicHeuristic_MP -> NNI_Substep_44] - Distance: 36.0000
((((10,5),7),((((18,((20,14),(1,(19,6)))),(15,((16,3),((2,9),11)))),17),((4,13),8))),12);

STEP 54 [SPR_ClassicHeuristic_MP -> NNI_Substep_45] - Distance: 31.0000
((((10,5),7),(((18,((20,14),(1,(19,6)))),((15,((16,3),((2,9),11))),17)),((4,13),8))),12);

STEP 55 [SPR_ClassicHeuristic_MP -> NNI_Substep_46] - Distance: 30.0000
((((10,5),7),(((18,((20,14),(1,(19,6)))),(15,(((16,3),((2,9),11)),17))),((4,13),8))),12);

STEP 56 [SPR_ClassicHeuristic_MP -> NNI_Substep_47] - Distance: 28.0000
((((10,5),7),(((18,((20,14),(1,(19,6)))),(15,(((16,3),17),((2,9),11)))),((4,13),8))),12);

STEP 57 [SPR_ClassicHeuristic_MP -> NNI_Substep_48] - Distance: 28.0000
((((10,5),7),(((18,((20,14),((1,19),6))),(15,(((16,3),17),((2,9),11)))),((4,13),8))),12);

STEP 58 [SPR_ClassicHeuristic_MP -> NNI_Substep_49] - Distance: 28.0000
((((10,5),7),(((18,(((20,14),(1,19)),6)),(15,(((16,3),17),((2,9),11)))),((4,13),8))),12);

STEP 59 [SPR_ClassicHeuristic_MP -> NNI_Substep_50] - Distance: 28.0000
((((10,5),7),((((18,((20,14),(1,19))),6),(15,(((16,3),17),((2,9),11)))),((4,13),8))),12);

STEP 60 [SPR_ClassicHeuristic_MP -> NNI_Substep_51] - Distance: 27.0000
((((10,5),7),((((18,((20,14),(1,19))),(15,(((16,3),17),((2,9),11)))),6),((4,13),8))),12);

STEP 61 [SPR_ClassicHeuristic_MP -> NNI_Substep_52] - Distance: 22.0000
((((10,5),7),(((18,((20,14),(1,19))),((15,(((16,3),17),((2,9),11))),6)),((4,13),8))),12);

STEP 62 [SPR_ClassicHeuristic_MP -> NNI_Substep_53] - Distance: 21.0000
((((10,5),7),(((18,((20,14),(1,19))),(15,((((16,3),17),((2,9),11)),6))),((4,13),8))),12);

STEP 63 [SPR_ClassicHeuristic_MP -> NNI_Substep_54] - Distance: 19.0000
((((10,5),7),(((18,((20,14),(1,19))),(15,((((16,3),17),6),((2,9),11)))),((4,13),8))),12);

STEP 64 [SPR_ClassicHeuristic_MP -> NNI_Substep_55] - Distance: 17.0000
((((10,5),7),(((18,((20,14),(1,19))),(15,(((16,3),(17,6)),((2,9),11)))),((4,13),8))),12);

STEP 65 [SPR_ClassicHeuristic_MP -> NNI_Substep_56] - Distance: 8.0000
(((((18,((20,14),(1,19))),(15,(((16,3),(17,6)),((2,9),11)))),((10,5),7)),((4,13),8)),12);

STEP 66 [SPR_ClassicHeuristic_MP -> NNI_Substep_57] - Distance: 8.0000
(((((18,((20,14),(1,19))),(15,(((16,3),(17,6)),((9,11),2)))),((10,5),7)),((4,13),8)),12);

STEP 67 [SPR_ClassicHeuristic_MP -> NNI_Substep_58] - Distance: 4.0000
(((((18,((20,14),(1,19))),(15,((((16,3),(17,6)),(9,11)),2))),((10,5),7)),((4,13),8)),12);

STEP 68 [SPR_ClassicHeuristic_MP -> NNI_Substep_59] - Distance: 2.0000
(((((18,((20,14),(1,19))),(15,((((16,3),(17,6)),2),(9,11)))),((10,5),7)),((4,13),8)),12);

STEP 69 [SPR_ClassicHeuristic_MP -> NNI_Substep_60] - Distance: 4.0000
((((((18,(20,14)),(1,19)),(15,((((16,3),(17,6)),2),(9,11)))),((10,5),7)),((4,13),8)),12);

STEP 70 [SPR_ClassicHeuristic_MP -> NNI_Substep_61] - Distance: 0.0000
((((((18,(1,19)),(20,14)),(15,((((16,3),(17,6)),2),(9,11)))),((10,5),7)),((4,13),8)),12);

========================================================
[FINAL] Total Steps: 70 | Final Distance: 0.0000
========================================================
