========================================================
HEURISTIC TRAJECTORY: VND Classic (MC)
========================================================
STEP 0 [START] - Distance: 76.0000
((((((15,3),(11,((14,12),(20,4)))),(1,(5,(9,6)))),(16,((7,2),(13,10)))),(19,8)),(18,17));

STEP 1 [NNI_ClassicHeuristic_MC -> NNI_Substep_1] - Distance: 67.0000
(((18,17),(19,8)),((((15,3),(1,(5,(9,6)))),(11,((14,12),(20,4)))),(16,((7,2),(13,10)))));

STEP 2 [NNI_ClassicHeuristic_MC -> NNI_Substep_2] - Distance: 64.0000
(((18,17),(19,8)),((((15,3),(1,(5,(9,6)))),(11,((14,12),(20,4)))),((7,2),(16,(13,10)))));

STEP 3 [NNI_ClassicHeuristic_MC -> NNI_Substep_3] - Distance: 63.0000
((19,((18,17),8)),((((15,3),(1,(5,(9,6)))),(11,((14,12),(20,4)))),((7,2),(16,(13,10)))));

STEP 4 [NNI_ClassicHeuristic_MC -> NNI_Substep_4] - Distance: 62.0000
((19,((18,17),8)),((((5,(9,6)),(1,(15,3))),(11,((14,12),(20,4)))),((7,2),(16,(13,10)))));

STEP 5 [NNI_ClassicHeuristic_MC -> NNI_Substep_5] - Distance: 61.0000
((19,((18,17),8)),((((5,(9,6)),(1,(15,3))),((14,12),(11,(20,4)))),((7,2),(16,(13,10)))));

STEP 6 [NNI_ClassicHeuristic_MC -> NNI_Substep_6] - Distance: 60.0000
((19,((18,17),8)),(((11,(20,4)),((14,12),((5,(9,6)),(1,(15,3))))),((7,2),(16,(13,10)))));

STEP 7 [NNI_ClassicHeuristic_MC -> NNI_Substep_7] - Distance: 59.0000
((19,((18,17),8)),(((11,(20,4)),((5,(9,6)),((14,12),(1,(15,3))))),((7,2),(16,(13,10)))));

STEP 8 [2sECR_ClassicHeuristic_MC -> NNI_Substep_1] - Distance: 63.0000
((19,((18,17),8)),((16,(13,10)),(((11,(20,4)),((5,(9,6)),((14,12),(1,(15,3))))),(7,2))));

STEP 9 [2sECR_ClassicHeuristic_MC -> NNI_Substep_2] - Distance: 50.0000
((19,(((18,17),8),(16,(13,10)))),(((11,(20,4)),((5,(9,6)),((14,12),(1,(15,3))))),(7,2)));

STEP 10 [2sECR_ClassicHeuristic_MC -> NNI_Substep_3] - Distance: 47.0000
((19,((13,10),(((18,17),8),16))),(((11,(20,4)),((5,(9,6)),((14,12),(1,(15,3))))),(7,2)));

STEP 11 [2sECR_ClassicHeuristic_MC -> NNI_Substep_4] - Distance: 47.0000
((19,((13,10),((18,(8,17)),16))),(((11,(20,4)),((5,(9,6)),((14,12),(1,(15,3))))),(7,2)));

STEP 12 [2sECR_ClassicHeuristic_MC -> NNI_Substep_5] - Distance: 45.0000
((19,((13,10),((16,(8,17)),18))),(((11,(20,4)),((5,(9,6)),((14,12),(1,(15,3))))),(7,2)));

STEP 13 [2sECR_ClassicHeuristic_MC -> NNI_Substep_6] - Distance: 43.0000
((19,((13,10),((8,(16,17)),18))),(((11,(20,4)),((5,(9,6)),((14,12),(1,(15,3))))),(7,2)));

STEP 14 [2sECR_ClassicHeuristic_MC -> NNI_Substep_7] - Distance: 48.0000
((19,((13,10),((8,(16,17)),18))),((11,(((5,(9,6)),((14,12),(1,(15,3)))),(20,4))),(7,2)));

STEP 15 [2sECR_ClassicHeuristic_MC -> NNI_Substep_8] - Distance: 42.0000
((19,((13,10),((8,(16,17)),18))),((((5,(9,6)),((14,12),(1,(15,3)))),(20,4)),((7,2),11)));

STEP 16 [2sECR_ClassicHeuristic_MC -> NNI_Substep_9] - Distance: 39.0000
((19,((13,10),((8,(16,17)),18))),((((5,(9,6)),((14,12),(1,(15,3)))),((7,2),11)),(20,4)));

STEP 17 [2sECR_ClassicHeuristic_MC -> NNI_Substep_10] - Distance: 40.0000
((19,(13,(10,((8,(16,17)),18)))),((((5,(9,6)),((14,12),(1,(15,3)))),((7,2),11)),(20,4)));

STEP 18 [2sECR_ClassicHeuristic_MC -> NNI_Substep_11] - Distance: 36.0000
((19,(13,((8,(16,17)),(10,18)))),((((5,(9,6)),((14,12),(1,(15,3)))),((7,2),11)),(20,4)));

STEP 19 [2sECR_ClassicHeuristic_MC -> NNI_Substep_12] - Distance: 38.0000
((19,(13,((8,(16,17)),(10,18)))),(4,(20,(((5,(9,6)),((14,12),(1,(15,3)))),((7,2),11)))));

STEP 20 [2sECR_ClassicHeuristic_MC -> NNI_Substep_13] - Distance: 33.0000
((19,(13,((8,(16,17)),(10,18)))),(4,(((5,(9,6)),((14,12),(1,(15,3)))),(((7,2),11),20))));

STEP 21 [2sECR_ClassicHeuristic_MC -> NNI_Substep_14] - Distance: 37.0000
(19,((((5,(9,6)),((14,12),(1,(15,3)))),(((7,2),11),20)),((13,((8,(16,17)),(10,18))),4)));

STEP 22 [2sECR_ClassicHeuristic_MC -> NNI_Substep_15] - Distance: 29.0000
((19,(((5,(9,6)),((14,12),(1,(15,3)))),((7,(11,2)),20))),((13,((8,(16,17)),(10,18))),4));

STEP 23 [2sECR_ClassicHeuristic_MC -> NNI_Substep_16] - Distance: 26.0000
((19,(((5,(9,6)),((14,12),(1,(15,3)))),((11,2),(20,7)))),((13,((8,(16,17)),(10,18))),4));

STEP 24 [2sECR_ClassicHeuristic_MC -> NNI_Substep_17] - Distance: 26.0000
((19,(((5,(9,6)),(14,(12,(1,(15,3))))),((11,2),(20,7)))),((13,((8,(16,17)),(10,18))),4));

STEP 25 [2sECR_ClassicHeuristic_MC -> NNI_Substep_18] - Distance: 25.0000
((19,(((5,(9,6)),(14,((15,3),(12,1)))),((11,2),(20,7)))),((13,((8,(16,17)),(10,18))),4));

STEP 26 [2sECR_ClassicHeuristic_MC -> NNI_Substep_19] - Distance: 24.0000
((19,(((5,(9,6)),((14,(15,3)),(12,1))),((11,2),(20,7)))),((13,((8,(16,17)),(10,18))),4));

STEP 27 [2sECR_ClassicHeuristic_MC -> NNI_Substep_20] - Distance: 27.0000
((19,(((9,6),(((14,(15,3)),(12,1)),5)),((11,2),(20,7)))),((13,((8,(16,17)),(10,18))),4));

STEP 28 [2sECR_ClassicHeuristic_MC -> NNI_Substep_21] - Distance: 23.0000
((19,((((14,(15,3)),(12,1)),5),(((11,2),(20,7)),(9,6)))),((13,((8,(16,17)),(10,18))),4));

STEP 29 [2sECR_ClassicHeuristic_MC -> NNI_Substep_22] - Distance: 23.0000
((19,((((14,(15,3)),(12,1)),5),((11,2),((20,7),(9,6))))),((13,((8,(16,17)),(10,18))),4));

STEP 30 [2sECR_ClassicHeuristic_MC -> NNI_Substep_23] - Distance: 24.0000
((19,((((14,(15,3)),(12,1)),5),((11,2),(9,((20,7),6))))),((13,((8,(16,17)),(10,18))),4));

STEP 31 [2sECR_ClassicHeuristic_MC -> NNI_Substep_24] - Distance: 21.0000
((19,((((14,(15,3)),(12,1)),5),(((11,2),9),((20,7),6)))),((13,((8,(16,17)),(10,18))),4));

STEP 32 [2sECR_ClassicHeuristic_MC -> NNI_Substep_25] - Distance: 19.0000
((19,((((14,(15,3)),(12,1)),5),((11,(9,2)),((20,7),6)))),((13,((8,(16,17)),(10,18))),4));

STEP 33 [3sECR_ClassicHeuristic_MC -> NNI_Substep_1] - Distance: 21.0000
((19,((((14,(15,3)),(12,1)),5),(((11,(9,2)),(20,7)),6))),((13,((8,(16,17)),(10,18))),4));

STEP 34 [3sECR_ClassicHeuristic_MC -> NNI_Substep_2] - Distance: 24.0000
((19,(((((14,(15,3)),(12,1)),5),((11,(9,2)),(20,7))),6)),((13,((8,(16,17)),(10,18))),4));

STEP 35 [3sECR_ClassicHeuristic_MC -> NNI_Substep_3] - Distance: 24.0000
(((19,((((14,(15,3)),(12,1)),5),((11,(9,2)),(20,7)))),6),((13,((8,(16,17)),(10,18))),4));

STEP 36 [3sECR_ClassicHeuristic_MC -> NNI_Substep_4] - Distance: 19.0000
((((19,((11,(9,2)),(20,7))),(((14,(15,3)),(12,1)),5)),6),((13,((8,(16,17)),(10,18))),4));

STEP 37 [3sECR_ClassicHeuristic_MC -> NNI_Substep_5] - Distance: 15.0000
(((((19,(20,7)),(11,(9,2))),(((14,(15,3)),(12,1)),5)),6),((13,((8,(16,17)),(10,18))),4));

STEP 38 [3sECR_ClassicHeuristic_MC -> NNI_Substep_6] - Distance: 18.0000
((6,(((19,(20,7)),(11,(9,2))),((5,(14,(15,3))),(12,1)))),((13,((8,(16,17)),(10,18))),4));

STEP 39 [3sECR_ClassicHeuristic_MC -> NNI_Substep_7] - Distance: 23.0000
(((6,((5,(14,(15,3))),(12,1))),((19,(20,7)),(11,(9,2)))),((13,((8,(16,17)),(10,18))),4));

STEP 40 [3sECR_ClassicHeuristic_MC -> NNI_Substep_8] - Distance: 20.0000
((((6,(12,1)),(5,(14,(15,3)))),((19,(20,7)),(11,(9,2)))),((13,((8,(16,17)),(10,18))),4));

STEP 41 [3sECR_ClassicHeuristic_MC -> NNI_Substep_9] - Distance: 16.0000
(((((6,(12,1)),5),(14,(15,3))),((19,(20,7)),(11,(9,2)))),((13,((8,(16,17)),(10,18))),4));

STEP 42 [3sECR_ClassicHeuristic_MC -> NNI_Substep_10] - Distance: 11.0000
(((((6,(12,1)),5),((19,(20,7)),(11,(9,2)))),(14,(15,3))),((13,((8,(16,17)),(10,18))),4));

STEP 43 [3sECR_ClassicHeuristic_MC -> NNI_Substep_11] - Distance: 16.0000
((((((6,(12,1)),5),((19,(20,7)),(11,(9,2)))),(15,3)),14),((13,((8,(16,17)),(10,18))),4));

STEP 44 [3sECR_ClassicHeuristic_MC -> NNI_Substep_12] - Distance: 12.0000
(((((6,(12,1)),5),(((19,(20,7)),(11,(9,2))),(15,3))),14),((13,((8,(16,17)),(10,18))),4));

STEP 45 [3sECR_ClassicHeuristic_MC -> NNI_Substep_13] - Distance: 9.0000
(((((6,(12,1)),5),(((19,(20,7)),(15,3)),(11,(9,2)))),14),((13,((8,(16,17)),(10,18))),4));

STEP 46 [3sECR_ClassicHeuristic_MC -> NNI_Substep_14] - Distance: 7.0000
(((((6,(12,1)),5),(((19,(15,3)),(20,7)),(11,(9,2)))),14),((13,((8,(16,17)),(10,18))),4));

STEP 47 [SPR_ClassicHeuristic_MC -> NNI_Substep_1] - Distance: 7.0000
(((((6,(12,1)),5),((((19,3),15),(20,7)),(11,(9,2)))),14),((13,((8,(16,17)),(10,18))),4));

STEP 48 [SPR_ClassicHeuristic_MC -> NNI_Substep_2] - Distance: 8.0000
(((((6,(12,1)),5),((((19,3),(20,7)),15),(11,(9,2)))),14),((13,((8,(16,17)),(10,18))),4));

STEP 49 [SPR_ClassicHeuristic_MC -> NNI_Substep_3] - Distance: 10.0000
(((((6,(12,1)),5),((((19,3),(20,7)),(11,(9,2))),15)),14),((13,((8,(16,17)),(10,18))),4));

STEP 50 [SPR_ClassicHeuristic_MC -> NNI_Substep_4] - Distance: 13.0000
((((((6,(12,1)),5),(((19,3),(20,7)),(11,(9,2)))),15),14),((13,((8,(16,17)),(10,18))),4));

STEP 51 [SPR_ClassicHeuristic_MC -> NNI_Substep_5] - Distance: 5.0000
((((((6,(12,1)),5),15),(((19,3),(20,7)),(11,(9,2)))),14),((13,((8,(16,17)),(10,18))),4));

STEP 52 [SPR_ClassicHeuristic_MC -> NNI_Substep_6] - Distance: 3.0000
((((((6,(12,1)),15),5),(((19,3),(20,7)),(11,(9,2)))),14),((13,((8,(16,17)),(10,18))),4));

STEP 53 [SPR_ClassicHeuristic_MC -> NNI_Substep_7] - Distance: 0.0000
((((((6,15),(12,1)),5),(((19,3),(20,7)),(11,(9,2)))),14),((13,((8,(16,17)),(10,18))),4));

========================================================
[FINAL] Total Steps: 53 | Final Distance: 0.0000
========================================================
