========================================================
HEURISTIC TRAJECTORY: VND Classic (MP)
========================================================
STEP 0 [START] - Distance: 124.0000
((((18,(12,20)),((16,2),(17,6))),(7,(13,8))),(((10,(19,((14,1),(4,15)))),(9,3)),(5,11)));

STEP 1 [NNI_ClassicHeuristic_MP -> NNI_Substep_1] - Distance: 122.0000
((((18,(12,20)),((16,2),(17,6))),(7,(13,8))),(11,(5,((10,(19,((14,1),(4,15)))),(9,3)))));

STEP 2 [NNI_ClassicHeuristic_MP -> NNI_Substep_2] - Distance: 121.0000
((((18,(12,20)),((16,(17,6)),2)),(7,(13,8))),(11,(5,((10,(19,((14,1),(4,15)))),(9,3)))));

STEP 3 [NNI_ClassicHeuristic_MP -> NNI_Substep_3] - Distance: 120.0000
((((((16,(17,6)),2),(12,20)),18),(7,(13,8))),(11,(5,((10,(19,((14,1),(4,15)))),(9,3)))));

STEP 4 [NNI_ClassicHeuristic_MP -> NNI_Substep_4] - Distance: 117.0000
((((((16,(17,6)),2),(12,20)),(7,(13,8))),18),(11,(5,((10,(19,((14,1),(4,15)))),(9,3)))));

STEP 5 [NNI_ClassicHeuristic_MP -> NNI_Substep_5] - Distance: 116.0000
((((((16,(17,6)),(12,20)),2),(7,(13,8))),18),(11,(5,((10,(19,((14,1),(4,15)))),(9,3)))));

STEP 6 [NNI_ClassicHeuristic_MP -> NNI_Substep_6] - Distance: 114.0000
(((((((12,20),(17,6)),16),2),(7,(13,8))),18),(11,(5,((10,(19,((14,1),(4,15)))),(9,3)))));

STEP 7 [SPR_ClassicHeuristic_MP -> NNI_Substep_1] - Distance: 115.0000
(((((((12,20),(17,6)),16),2),(7,(13,8))),(11,((5,(9,3)),(10,(19,((14,1),(4,15))))))),18);

STEP 8 [SPR_ClassicHeuristic_MP -> NNI_Substep_2] - Distance: 116.0000
(((((((12,20),(17,6)),16),2),(7,(13,8))),((11,(5,(9,3))),(10,(19,((14,1),(4,15)))))),18);

STEP 9 [SPR_ClassicHeuristic_MP -> NNI_Substep_3] - Distance: 117.0000
((((((((12,20),(17,6)),16),2),(7,(13,8))),(11,(5,(9,3)))),(10,(19,((14,1),(4,15))))),18);

STEP 10 [SPR_ClassicHeuristic_MP -> NNI_Substep_4] - Distance: 101.0000
((((((((12,20),(17,6)),16),2),(7,(13,8))),(10,(19,((14,1),(4,15))))),(11,(5,(9,3)))),18);

STEP 11 [SPR_ClassicHeuristic_MP -> NNI_Substep_5] - Distance: 99.0000
(((((((12,20),(17,6)),16),2),((7,(13,8)),(10,(19,((14,1),(4,15)))))),(11,(5,(9,3)))),18);

STEP 12 [SPR_ClassicHeuristic_MP -> NNI_Substep_6] - Distance: 97.0000
(((((((12,20),(17,6)),16),2),(7,((13,8),(10,(19,((14,1),(4,15))))))),(11,(5,(9,3)))),18);

STEP 13 [SPR_ClassicHeuristic_MP -> NNI_Substep_7] - Distance: 96.0000
(((((((12,20),(17,6)),16),2),(7,((13,(10,(19,((14,1),(4,15))))),8))),(11,(5,(9,3)))),18);

STEP 14 [SPR_ClassicHeuristic_MP -> NNI_Substep_8] - Distance: 96.0000
(((((((20,(17,6)),12),16),2),(7,((13,(10,(19,((14,1),(4,15))))),8))),(11,(5,(9,3)))),18);

STEP 15 [SPR_ClassicHeuristic_MP -> NNI_Substep_9] - Distance: 96.0000
(((((((20,(17,6)),16),12),2),(7,((13,(10,(19,((14,1),(4,15))))),8))),(11,(5,(9,3)))),18);

STEP 16 [SPR_ClassicHeuristic_MP -> NNI_Substep_10] - Distance: 96.0000
(((((((20,(17,6)),16),2),12),(7,((13,(10,(19,((14,1),(4,15))))),8))),(11,(5,(9,3)))),18);

STEP 17 [SPR_ClassicHeuristic_MP -> NNI_Substep_11] - Distance: 95.0000
(((((((20,(17,6)),16),2),(7,((13,(10,(19,((14,1),(4,15))))),8))),12),(11,(5,(9,3)))),18);

STEP 18 [SPR_ClassicHeuristic_MP -> NNI_Substep_12] - Distance: 95.0000
(((((((20,(17,6)),16),2),(7,((13,(10,(19,((14,1),(4,15))))),8))),(11,(5,(9,3)))),12),18);

STEP 19 [SPR_ClassicHeuristic_MP -> NNI_Substep_13] - Distance: 83.0000
((((((20,(17,6)),16),2),(7,((13,(10,(19,((14,1),(4,15))))),8))),((11,(5,(9,3))),12)),18);

STEP 20 [SPR_ClassicHeuristic_MP -> NNI_Substep_14] - Distance: 82.0000
((((((20,(17,6)),16),2),(7,((13,(10,(19,((14,1),(4,15))))),8))),(11,((5,(9,3)),12))),18);

STEP 21 [SPR_ClassicHeuristic_MP -> NNI_Substep_15] - Distance: 81.0000
((((((20,(17,6)),16),2),(7,((13,(10,(19,((14,1),(4,15))))),8))),(11,(5,((9,3),12)))),18);

STEP 22 [SPR_ClassicHeuristic_MP -> NNI_Substep_16] - Distance: 81.0000
((((((20,(17,6)),16),2),(7,((13,(10,(19,((14,(4,15)),1)))),8))),(11,(5,((9,3),12)))),18);

STEP 23 [SPR_ClassicHeuristic_MP -> NNI_Substep_17] - Distance: 81.0000
((((((20,(17,6)),16),2),(7,((13,(10,((19,(14,(4,15))),1))),8))),(11,(5,((9,3),12)))),18);

STEP 24 [SPR_ClassicHeuristic_MP -> NNI_Substep_18] - Distance: 81.0000
((((((20,(17,6)),16),2),(7,((13,((10,(19,(14,(4,15)))),1)),8))),(11,(5,((9,3),12)))),18);

STEP 25 [SPR_ClassicHeuristic_MP -> NNI_Substep_19] - Distance: 81.0000
((((((20,(17,6)),16),2),(7,(((13,(10,(19,(14,(4,15))))),1),8))),(11,(5,((9,3),12)))),18);

STEP 26 [SPR_ClassicHeuristic_MP -> NNI_Substep_20] - Distance: 81.0000
((((((20,(17,6)),16),2),(7,(((13,(10,(19,(14,(4,15))))),8),1))),(11,(5,((9,3),12)))),18);

STEP 27 [SPR_ClassicHeuristic_MP -> NNI_Substep_21] - Distance: 81.0000
((((((20,(17,6)),16),2),((7,((13,(10,(19,(14,(4,15))))),8)),1)),(11,(5,((9,3),12)))),18);

STEP 28 [SPR_ClassicHeuristic_MP -> NNI_Substep_22] - Distance: 81.0000
(((((((20,(17,6)),16),2),(7,((13,(10,(19,(14,(4,15))))),8))),1),(11,(5,((9,3),12)))),18);

STEP 29 [SPR_ClassicHeuristic_MP -> NNI_Substep_23] - Distance: 81.0000
(((((((20,(17,6)),16),2),(7,((13,(10,(19,(14,(4,15))))),8))),(11,(5,((9,3),12)))),1),18);

STEP 30 [SPR_ClassicHeuristic_MP -> NNI_Substep_24] - Distance: 68.0000
((((((20,(17,6)),16),2),(7,((13,(10,(19,(14,(4,15))))),8))),((11,(5,((9,3),12))),1)),18);

STEP 31 [SPR_ClassicHeuristic_MP -> NNI_Substep_25] - Distance: 67.0000
((((((20,(17,6)),16),2),(7,((13,(10,(19,(14,(4,15))))),8))),(11,((5,((9,3),12)),1))),18);

STEP 32 [SPR_ClassicHeuristic_MP -> NNI_Substep_26] - Distance: 66.0000
((((((20,(17,6)),16),2),(7,((13,(10,(19,(14,(4,15))))),8))),(11,(5,(((9,3),12),1)))),18);

STEP 33 [SPR_ClassicHeuristic_MP -> NNI_Substep_27] - Distance: 65.0000
((((((20,(17,6)),16),2),(7,((13,(10,(19,(14,(4,15))))),8))),(11,(5,(((9,3),1),12)))),18);

STEP 34 [SPR_ClassicHeuristic_MP -> NNI_Substep_28] - Distance: 65.0000
((((((20,(17,6)),16),2),(7,((13,(10,(19,(14,(4,15))))),8))),(11,(5,(((9,1),3),12)))),18);

STEP 35 [SPR_ClassicHeuristic_MP -> NNI_Substep_29] - Distance: 65.0000
((((((20,(17,6)),16),2),(7,((13,(10,(19,(14,(4,15))))),8))),(11,(5,(((9,1),12),3)))),18);

STEP 36 [SPR_ClassicHeuristic_MP -> NNI_Substep_30] - Distance: 65.0000
((((((20,(17,6)),16),2),(7,((13,(10,(19,(14,(4,15))))),8))),(11,((5,((9,1),12)),3))),18);

STEP 37 [SPR_ClassicHeuristic_MP -> NNI_Substep_31] - Distance: 65.0000
((((((20,(17,6)),16),2),(7,((13,(10,(19,(14,(4,15))))),8))),((11,(5,((9,1),12))),3)),18);

STEP 38 [SPR_ClassicHeuristic_MP -> NNI_Substep_32] - Distance: 64.0000
(((((((20,(17,6)),16),2),(7,((13,(10,(19,(14,(4,15))))),8))),(11,(5,((9,1),12)))),3),18);

STEP 39 [SPR_ClassicHeuristic_MP -> NNI_Substep_33] - Distance: 41.0000
((11,(5,((9,1),12))),((18,3),((((20,(17,6)),16),2),((7,(13,(10,(19,(14,(4,15)))))),8))));

STEP 40 [SPR_ClassicHeuristic_MP -> NNI_Substep_34] - Distance: 42.0000
((11,(5,((9,1),12))),((18,3),(((((20,(17,6)),16),2),(7,(13,(10,(19,(14,(4,15))))))),8)));

STEP 41 [SPR_ClassicHeuristic_MP -> NNI_Substep_35] - Distance: 37.0000
((11,(5,((9,1),12))),((18,3),(((((20,(17,6)),16),2),8),(7,(13,(10,(19,(14,(4,15)))))))));

STEP 42 [SPR_ClassicHeuristic_MP -> NNI_Substep_36] - Distance: 36.0000
((11,(5,((9,1),12))),((18,3),(((((20,(17,6)),16),8),2),(7,(13,(10,(19,(14,(4,15)))))))));

STEP 43 [SPR_ClassicHeuristic_MP -> NNI_Substep_37] - Distance: 35.0000
((11,(5,((9,1),12))),((18,3),(((((20,(17,6)),8),16),2),(7,(13,(10,(19,(14,(4,15)))))))));

STEP 44 [SPR_ClassicHeuristic_MP -> NNI_Substep_38] - Distance: 34.0000
((11,(5,((9,1),12))),((18,3),(((((20,8),(17,6)),16),2),(7,(13,(10,(19,(14,(4,15)))))))));

STEP 45 [SPR_ClassicHeuristic_MP -> NNI_Substep_39] - Distance: 34.0000
((11,(5,((9,1),12))),((18,3),(((((20,8),(17,6)),16),2),(7,(13,((10,(14,(4,15))),19))))));

STEP 46 [SPR_ClassicHeuristic_MP -> NNI_Substep_40] - Distance: 34.0000
((11,(5,((9,1),12))),((18,3),(((((20,8),(17,6)),16),2),(7,((13,(10,(14,(4,15)))),19)))));

STEP 47 [SPR_ClassicHeuristic_MP -> NNI_Substep_41] - Distance: 34.0000
((11,(5,((9,1),12))),((18,3),(((((20,8),(17,6)),16),2),((7,(13,(10,(14,(4,15))))),19))));

STEP 48 [SPR_ClassicHeuristic_MP -> NNI_Substep_42] - Distance: 30.0000
((11,(5,((9,1),12))),((18,3),((((((20,8),(17,6)),16),2),(7,(13,(10,(14,(4,15)))))),19)));

STEP 49 [SPR_ClassicHeuristic_MP -> NNI_Substep_43] - Distance: 26.0000
((11,(5,((9,1),12))),((18,3),((((((20,8),(17,6)),16),2),19),(7,(13,(10,(14,(4,15))))))));

STEP 50 [SPR_ClassicHeuristic_MP -> NNI_Substep_44] - Distance: 26.0000
((11,(5,((9,1),12))),((18,3),((((((20,8),(17,6)),16),2),19),(7,(13,(10,((14,4),15)))))));

STEP 51 [SPR_ClassicHeuristic_MP -> NNI_Substep_45] - Distance: 26.0000
((11,(5,((9,1),12))),((18,3),((((((20,8),(17,6)),16),2),19),(7,(13,((10,(14,4)),15))))));

STEP 52 [SPR_ClassicHeuristic_MP -> NNI_Substep_46] - Distance: 26.0000
((11,(5,((9,1),12))),((18,3),((((((20,8),(17,6)),16),2),19),(7,((13,(10,(14,4))),15)))));

STEP 53 [SPR_ClassicHeuristic_MP -> NNI_Substep_47] - Distance: 26.0000
((11,(5,((9,1),12))),((18,3),((((((20,8),(17,6)),16),2),19),((7,(13,(10,(14,4)))),15))));

STEP 54 [SPR_ClassicHeuristic_MP -> NNI_Substep_48] - Distance: 22.0000
((11,(5,((9,1),12))),((18,3),(((((((20,8),(17,6)),16),2),19),(7,(13,(10,(14,4))))),15)));

STEP 55 [SPR_ClassicHeuristic_MP -> NNI_Substep_49] - Distance: 17.0000
((11,(5,((9,1),12))),((18,3),(((((((20,8),(17,6)),16),2),19),15),(7,(13,(10,(14,4)))))));

STEP 56 [SPR_ClassicHeuristic_MP -> NNI_Substep_50] - Distance: 16.0000
((11,(5,((9,1),12))),((18,3),(((((((20,8),(17,6)),16),2),15),19),(7,(13,(10,(14,4)))))));

STEP 57 [SPR_ClassicHeuristic_MP -> NNI_Substep_51] - Distance: 16.0000
((11,(5,((9,1),12))),((18,3),((((((((20,8),17),6),16),2),15),19),(7,(13,(10,(14,4)))))));

STEP 58 [SPR_ClassicHeuristic_MP -> NNI_Substep_52] - Distance: 16.0000
((11,(5,((9,1),12))),((18,3),((((((((20,8),17),16),6),2),15),19),(7,(13,(10,(14,4)))))));

STEP 59 [SPR_ClassicHeuristic_MP -> NNI_Substep_53] - Distance: 16.0000
((11,(5,((9,1),12))),((18,3),((((((((20,8),17),16),2),6),15),19),(7,(13,(10,(14,4)))))));

STEP 60 [SPR_ClassicHeuristic_MP -> NNI_Substep_54] - Distance: 16.0000
((11,(5,((9,1),12))),((18,3),((((((((20,8),17),16),2),15),6),19),(7,(13,(10,(14,4)))))));

STEP 61 [SPR_ClassicHeuristic_MP -> NNI_Substep_55] - Distance: 16.0000
((11,(5,((9,1),12))),((18,3),((((((((20,8),17),16),2),15),19),6),(7,(13,(10,(14,4)))))));

STEP 62 [SPR_ClassicHeuristic_MP -> NNI_Substep_56] - Distance: 14.0000
((11,(5,((9,1),12))),((18,3),((((((((20,8),17),16),2),15),19),(7,(13,(10,(14,4))))),6)));

STEP 63 [SPR_ClassicHeuristic_MP -> NNI_Substep_57] - Distance: 7.0000
((11,(5,((9,1),12))),((18,3),(((((((20,8),17),16),2),15),19),((7,(13,(10,(14,4)))),6))));

STEP 64 [SPR_ClassicHeuristic_MP -> NNI_Substep_58] - Distance: 6.0000
((11,(5,((9,1),12))),((18,3),(((((((20,8),17),16),2),15),19),(7,((13,(10,(14,4))),6)))));

STEP 65 [SPR_ClassicHeuristic_MP -> NNI_Substep_59] - Distance: 5.0000
((11,(5,((9,1),12))),((18,3),(((((((20,8),17),16),2),15),19),(7,((13,((10,4),14)),6)))));

STEP 66 [SPR_ClassicHeuristic_MP -> NNI_Substep_60] - Distance: 4.0000
((11,(5,((9,1),12))),((18,3),(((((((20,8),17),16),2),15),19),(7,(((13,(10,4)),14),6)))));

STEP 67 [SPR_ClassicHeuristic_MP -> NNI_Substep_61] - Distance: 3.0000
((11,(5,((9,1),12))),((18,3),(((((((20,8),17),16),2),15),19),(7,(((13,(10,4)),6),14)))));

STEP 68 [SPR_ClassicHeuristic_MP -> NNI_Substep_62] - Distance: 2.0000
((11,(5,((9,1),12))),((18,3),(((((((20,8),17),16),2),15),19),((7,((13,(10,4)),6)),14))));

STEP 69 [SPR_ClassicHeuristic_MP -> NNI_Substep_63] - Distance: 1.0000
((11,(5,((9,1),12))),((18,3),(((((((20,8),17),16),2),15),19),((7,(((13,10),4),6)),14))));

STEP 70 [SPR_ClassicHeuristic_MP -> NNI_Substep_64] - Distance: 0.0000
((11,(5,((9,1),12))),((18,3),(((((((20,8),17),16),2),15),19),((7,(((13,10),6),4)),14))));

========================================================
[FINAL] Total Steps: 70 | Final Distance: 0.0000
========================================================
