========================================================
HEURISTIC TRAJECTORY: 1. NNI (Classic) (M3)
========================================================
STEP 0 [START] - Distance: 873.0000
(5,((10,6),(12,(((14,13),(8,(11,20))),(17,(4,9))))),(1,(18,((19,(16,15)),(7,(3,2))))));

STEP 1 [NNI_ClassicHeuristic_M3 -> NNI_Substep_1] - Distance: 847.0000
(5,((10,6),(12,(((11,20),(8,(14,13))),(17,(4,9))))),(1,(18,((19,(16,15)),(7,(3,2))))));

STEP 2 [NNI_ClassicHeuristic_M3 -> NNI_Substep_2] - Distance: 826.0000
(5,(((12,(((11,20),(8,(14,13))),(17,(4,9)))),6),10),(1,(18,((19,(16,15)),(7,(3,2))))));

STEP 3 [NNI_ClassicHeuristic_M3 -> NNI_Substep_3] - Distance: 815.0000
(5,(((12,(((11,20),(8,(14,13))),(17,(4,9)))),6),10),(((19,(16,15)),(7,(3,2))),(18,1)));

STEP 4 [NNI_ClassicHeuristic_M3 -> NNI_Substep_4] - Distance: 807.0000
(5,(((12,(((11,20),(8,(14,13))),(17,(4,9)))),6),10),(((18,1),(7,(3,2))),(19,(16,15))));

STEP 5 [NNI_ClassicHeuristic_M3 -> NNI_Substep_5] - Distance: 796.0000
(5,(((12,(((11,20),(8,(14,13))),(17,(4,9)))),6),10),(19,(((18,1),(7,(3,2))),(16,15))));

STEP 6 [NNI_ClassicHeuristic_M3 -> NNI_Substep_6] - Distance: 790.0000
(5,(((12,(((11,20),(8,(14,13))),(17,(4,9)))),6),10),(19,((7,((18,1),(3,2))),(16,15))));

STEP 7 [NNI_ClassicHeuristic_M3 -> NNI_Substep_7] - Distance: 784.0000
(5,(((12,(((11,20),(8,(14,13))),(17,(4,9)))),6),10),(19,(16,((7,((18,1),(3,2))),15))));

STEP 8 [NNI_ClassicHeuristic_M3 -> NNI_Substep_8] - Distance: 779.0000
(5,(((((11,20),(8,(14,13))),(12,(17,(4,9)))),6),10),(19,(16,((7,((18,1),(3,2))),15))));

STEP 9 [NNI_ClassicHeuristic_M3 -> NNI_Substep_9] - Distance: 775.0000
(5,(((((11,20),(8,(14,13))),(12,(17,(4,9)))),6),10),(19,(16,((7,(2,(3,(18,1)))),15))));

STEP 10 [NNI_ClassicHeuristic_M3 -> NNI_Substep_10] - Distance: 773.0000
(5,(((((11,20),(13,(14,8))),(12,(17,(4,9)))),6),10),(19,(16,((7,(2,(3,(18,1)))),15))));

STEP 11 [NNI_ClassicHeuristic_M3 -> NNI_Substep_11] - Distance: 769.0000
(5,((((13,((11,20),(14,8))),(12,(17,(4,9)))),6),10),(19,(16,((7,(2,(3,(18,1)))),15))));

STEP 12 [NNI_ClassicHeuristic_M3 -> NNI_Substep_12] - Distance: 752.0000
(5,((((13,(12,(17,(4,9)))),((11,20),(14,8))),6),10),(19,(16,((7,(2,(3,(18,1)))),15))));

STEP 13 [NNI_ClassicHeuristic_M3 -> NNI_Substep_13] - Distance: 748.0000
(5,((((13,(12,(17,(4,9)))),6),((11,20),(14,8))),10),(19,(16,((7,(2,(3,(18,1)))),15))));

STEP 14 [NNI_ClassicHeuristic_M3 -> NNI_Substep_14] - Distance: 745.0000
(5,((((12,(13,(17,(4,9)))),6),((11,20),(14,8))),10),(19,(16,((7,(2,(3,(18,1)))),15))));

STEP 15 [NNI_ClassicHeuristic_M3 -> NNI_Substep_15] - Distance: 743.0000
(5,((((12,(17,(13,(4,9)))),6),((11,20),(14,8))),10),(19,(16,((7,(2,(3,(18,1)))),15))));

STEP 16 [NNI_ClassicHeuristic_M3 -> NNI_Substep_16] - Distance: 741.0000
(5,((((12,(17,(9,(4,13)))),6),((11,20),(14,8))),10),(19,(16,((7,(2,(3,(18,1)))),15))));

STEP 17 [NNI_ClassicHeuristic_M3 -> NNI_Substep_17] - Distance: 739.0000
(5,((((6,(17,(9,(4,13)))),12),((11,20),(14,8))),10),(19,(16,((7,(2,(3,(18,1)))),15))));

STEP 18 [NNI_ClassicHeuristic_M3 -> NNI_Substep_18] - Distance: 731.0000
(5,((((6,(17,(9,(4,13)))),((11,20),(14,8))),12),10),(19,(16,((7,(2,(3,(18,1)))),15))));

STEP 19 [NNI_ClassicHeuristic_M3 -> NNI_Substep_19] - Distance: 728.0000
(5,((((6,(17,(9,(4,13)))),((11,20),(14,8))),10),12),(19,(16,((7,(2,(3,(18,1)))),15))));

STEP 20 [NNI_ClassicHeuristic_M3 -> NNI_Substep_20] - Distance: 725.0000
(12,((((6,(17,(9,(4,13)))),((11,20),(14,8))),10),5),(19,(16,((7,(2,(3,(18,1)))),15))));

STEP 21 [NNI_ClassicHeuristic_M3 -> NNI_Substep_21] - Distance: 721.0000
(12,((((6,(17,(9,(4,13)))),((11,20),(14,8))),5),10),(19,(16,((7,(2,(3,(18,1)))),15))));

STEP 22 [NNI_ClassicHeuristic_M3 -> NNI_Substep_22] - Distance: 705.0000
(12,((((6,(17,(9,(4,13)))),5),((11,20),(14,8))),10),(19,(16,((7,(2,(3,(18,1)))),15))));

STEP 23 [NNI_ClassicHeuristic_M3 -> NNI_Substep_23] - Distance: 694.0000
(12,((((5,(17,(9,(4,13)))),6),((11,20),(14,8))),10),(19,(16,((7,(2,(3,(18,1)))),15))));

STEP 24 [NNI_ClassicHeuristic_M3 -> NNI_Substep_24] - Distance: 690.0000
(19,((((5,(17,(9,(4,13)))),6),((11,20),(14,8))),10),(12,(16,((7,(2,(3,(18,1)))),15))));

STEP 25 [NNI_ClassicHeuristic_M3 -> NNI_Substep_25] - Distance: 685.0000
(10,((((5,(17,(9,(4,13)))),6),((11,20),(14,8))),19),(12,(16,((7,(2,(3,(18,1)))),15))));

STEP 26 [NNI_ClassicHeuristic_M3 -> NNI_Substep_26] - Distance: 649.0000
(10,((19,((11,20),(14,8))),((5,(17,(9,(4,13)))),6)),(12,(16,((7,(2,(3,(18,1)))),15))));

STEP 27 [NNI_ClassicHeuristic_M3 -> NNI_Substep_27] - Distance: 619.0000
(10,(((11,20),(19,(14,8))),((5,(17,(9,(4,13)))),6)),(12,(16,((7,(2,(3,(18,1)))),15))));

STEP 28 [NNI_ClassicHeuristic_M3 -> NNI_Substep_28] - Distance: 616.0000
(10,(((11,20),(19,(14,8))),((5,(17,(9,(4,13)))),6)),(16,(12,((7,(2,(3,(18,1)))),15))));

STEP 29 [NNI_ClassicHeuristic_M3 -> NNI_Substep_29] - Distance: 612.0000
(16,(((11,20),(19,(14,8))),((5,(17,(9,(4,13)))),6)),(10,(12,((7,(2,(3,(18,1)))),15))));

STEP 30 [NNI_ClassicHeuristic_M3 -> NNI_Substep_30] - Distance: 592.0000
(((11,20),(19,(14,8))),(16,((5,(17,(9,(4,13)))),6)),(10,(12,((7,(2,(3,(18,1)))),15))));

STEP 31 [NNI_ClassicHeuristic_M3 -> NNI_Substep_31] - Distance: 549.0000
(((11,20),(19,(14,8))),((5,(17,(9,(4,13)))),(16,6)),(10,(12,((7,(2,(3,(18,1)))),15))));

STEP 32 [NNI_ClassicHeuristic_M3 -> NNI_Substep_32] - Distance: 546.0000
(((11,20),(19,(14,8))),((5,(17,(9,(4,13)))),(16,6)),(10,(15,((7,(2,(3,(18,1)))),12))));

STEP 33 [NNI_ClassicHeuristic_M3 -> NNI_Substep_33] - Distance: 542.0000
(((11,20),(19,(14,8))),((5,(17,(9,(4,13)))),(16,6)),(10,(15,((12,(2,(3,(18,1)))),7))));

STEP 34 [NNI_ClassicHeuristic_M3 -> NNI_Substep_34] - Distance: 538.0000
(((11,20),(19,(14,8))),((5,(17,(9,(4,13)))),(16,6)),(15,(10,((12,(2,(3,(18,1)))),7))));

STEP 35 [NNI_ClassicHeuristic_M3 -> NNI_Substep_35] - Distance: 504.0000
((10,((12,(2,(3,(18,1)))),7)),((5,(17,(9,(4,13)))),(16,6)),(15,((11,20),(19,(14,8)))));

STEP 36 [NNI_ClassicHeuristic_M3 -> NNI_Substep_36] - Distance: 462.0000
((10,((12,(2,(3,(18,1)))),7)),((5,(17,(9,(4,13)))),(16,6)),((19,(14,8)),((11,20),15)));

STEP 37 [NNI_ClassicHeuristic_M3 -> NNI_Substep_37] - Distance: 457.0000
((7,((12,(2,(3,(18,1)))),10)),((5,(17,(9,(4,13)))),(16,6)),((19,(14,8)),((11,20),15)));

STEP 38 [NNI_ClassicHeuristic_M3 -> NNI_Substep_38] - Distance: 416.0000
((((5,(17,(9,(4,13)))),(16,6)),((12,(2,(3,(18,1)))),10)),7,((19,(14,8)),((11,20),15)));

STEP 39 [NNI_ClassicHeuristic_M3 -> NNI_Substep_39] - Distance: 371.0000
(((11,20),15),7,((19,(14,8)),(((5,(17,(9,(4,13)))),(16,6)),((12,(2,(3,(18,1)))),10))));

STEP 40 [NNI_ClassicHeuristic_M3 -> NNI_Substep_40] - Distance: 353.0000
(((11,20),7),15,((19,(14,8)),(((5,(17,(9,(4,13)))),(16,6)),((12,(2,(3,(18,1)))),10))));

STEP 41 [NNI_ClassicHeuristic_M3 -> NNI_Substep_41] - Distance: 350.0000
(((11,20),7),15,((19,(14,8)),(((5,(17,(9,(4,13)))),(16,6)),((2,(12,(3,(18,1)))),10))));

STEP 42 [NNI_ClassicHeuristic_M3 -> NNI_Substep_42] - Distance: 346.0000
(((11,20),7),15,((19,(14,8)),(((5,(17,(9,(4,13)))),(16,6)),((10,(12,(3,(18,1)))),2))));

STEP 43 [NNI_ClassicHeuristic_M3 -> NNI_Substep_43] - Distance: 318.0000
(((11,20),7),15,((19,(14,8)),((10,(12,(3,(18,1)))),(((5,(17,(9,(4,13)))),(16,6)),2))));

STEP 44 [NNI_ClassicHeuristic_M3 -> NNI_Substep_44] - Distance: 296.0000
(((11,20),7),15,((19,(14,8)),((10,(12,(3,(18,1)))),(((5,(17,(9,(4,13)))),2),(16,6)))));

STEP 45 [NNI_ClassicHeuristic_M3 -> NNI_Substep_45] - Distance: 283.0000
(((11,20),7),15,((19,(14,8)),((10,(12,(3,(18,1)))),(((2,(17,(9,(4,13)))),5),(16,6)))));

STEP 46 [NNI_ClassicHeuristic_M3 -> NNI_Substep_46] - Distance: 281.0000
(((11,20),7),15,((19,(14,8)),((10,(12,(3,(18,1)))),(((17,(2,(9,(4,13)))),5),(16,6)))));

STEP 47 [NNI_ClassicHeuristic_M3 -> NNI_Substep_47] - Distance: 277.0000
(((11,20),7),15,((19,(14,8)),((10,(12,(3,(18,1)))),(((5,(2,(9,(4,13)))),17),(16,6)))));

STEP 48 [NNI_ClassicHeuristic_M3 -> NNI_Substep_48] - Distance: 267.0000
(((11,20),7),15,((19,(14,8)),((10,(12,(3,(18,1)))),(((5,(2,(9,(4,13)))),(16,6)),17))));

STEP 49 [NNI_ClassicHeuristic_M3 -> NNI_Substep_49] - Distance: 218.0000
(((11,20),7),15,((19,(14,8)),(((5,(2,(9,(4,13)))),(16,6)),((10,(12,(3,(18,1)))),17))));

STEP 50 [NNI_ClassicHeuristic_M3 -> NNI_Substep_50] - Distance: 204.0000
(((11,20),7),15,((19,(14,8)),(((5,(2,(9,(4,13)))),(16,6)),((17,(12,(3,(18,1)))),10))));

STEP 51 [NNI_ClassicHeuristic_M3 -> NNI_Substep_51] - Distance: 188.0000
(((11,20),7),15,((19,(14,8)),(((5,(2,(9,(4,13)))),(16,6)),((12,(17,(3,(18,1)))),10))));

STEP 52 [NNI_ClassicHeuristic_M3 -> NNI_Substep_52] - Distance: 171.0000
(((11,20),7),15,((19,(14,8)),(((5,(2,(9,(4,13)))),(16,6)),((12,(3,(17,(18,1)))),10))));

STEP 53 [NNI_ClassicHeuristic_M3 -> NNI_Substep_53] - Distance: 153.0000
(((11,20),7),15,((19,(14,8)),(((5,(2,(9,(4,13)))),(16,6)),((12,(3,(1,(18,17)))),10))));

STEP 54 [NNI_ClassicHeuristic_M3 -> NNI_Substep_54] - Distance: 151.0000
(((11,20),7),15,((19,(14,8)),(((5,(9,(2,(4,13)))),(16,6)),((12,(3,(1,(18,17)))),10))));

STEP 55 [NNI_ClassicHeuristic_M3 -> NNI_Substep_55] - Distance: 133.0000
(((11,20),7),15,((19,(14,8)),(((5,(9,(4,(2,13)))),(16,6)),((12,(3,(1,(18,17)))),10))));

STEP 56 [NNI_ClassicHeuristic_M3 -> NNI_Substep_56] - Distance: 129.0000
(((11,20),7),15,((19,(14,8)),(((9,(5,(4,(2,13)))),(16,6)),((12,(3,(1,(18,17)))),10))));

STEP 57 [NNI_ClassicHeuristic_M3 -> NNI_Substep_57] - Distance: 119.0000
(((11,20),7),15,((19,(14,8)),((((16,6),(5,(4,(2,13)))),9),((12,(3,(1,(18,17)))),10))));

STEP 58 [NNI_ClassicHeuristic_M3 -> NNI_Substep_58] - Distance: 70.0000
(((11,20),7),15,((19,(14,8)),((((12,(3,(1,(18,17)))),10),9),((16,6),(5,(4,(2,13)))))));

STEP 59 [NNI_ClassicHeuristic_M3 -> NNI_Substep_59] - Distance: 0.0000
(((11,20),7),15,((19,(14,8)),(((9,10),(12,(3,(1,(18,17))))),((16,6),(5,(4,(2,13)))))));

========================================================
[FINAL] Total Steps: 59 | Final Distance: 0.0000
========================================================
