========================================================
HEURISTIC TRAJECTORY: VND Incremental (MP_RF)
========================================================
STEP 0 [START] - Distance: 113.0000
(((15,(11,(10,17))),((7,(16,(19,13))),(12,3))),(((20,(6,2)),(9,(1,8))),((4,5),(14,18))));

STEP 1 [NNI_IncrementalHeuristic_MP_RF -> NNI_Substep_1] - Distance: 88.0000
(((20,(6,2)),(9,(1,8))),(((12,3),((7,(16,(19,13))),(15,(11,(10,17))))),((4,5),(14,18))));

STEP 2 [NNI_IncrementalHeuristic_MP_RF -> NNI_Substep_2] - Distance: 86.0000
(((20,(6,2)),(9,(1,8))),(((12,3),((7,(15,(11,(10,17)))),(16,(19,13)))),((4,5),(14,18))));

STEP 3 [NNI_IncrementalHeuristic_MP_RF -> NNI_Substep_3] - Distance: 85.0000
(((20,(6,2)),(9,(1,8))),(((12,3),((7,(15,(11,(10,17)))),(16,(19,13)))),(((14,18),5),4)));

STEP 4 [NNI_IncrementalHeuristic_MP_RF -> NNI_Substep_4] - Distance: 84.0000
(((20,(6,2)),(9,(1,8))),(((12,3),((7,(15,(11,(10,17)))),(16,(19,13)))),(((5,18),14),4)));

STEP 5 [NNI_IncrementalHeuristic_MP_RF -> NNI_Substep_5] - Distance: 82.0000
(((20,(6,2)),(9,(1,8))),(((12,3),((7,(15,(11,(10,17)))),(16,(19,13)))),((4,14),(5,18))));

STEP 6 [Heur. rSPR MP_RF -> NNI_Substep_1] - Distance: 82.0000
(((20,(6,2)),(9,(1,8))),(((12,3),(((7,(15,(11,(10,17)))),(19,13)),16)),((4,14),(5,18))));

STEP 7 [Heur. rSPR MP_RF -> NNI_Substep_2] - Distance: 82.0000
(((20,(6,2)),(9,(1,8))),((((12,3),((7,(15,(11,(10,17)))),(19,13))),16),((4,14),(5,18))));

STEP 8 [Heur. rSPR MP_RF -> NNI_Substep_3] - Distance: 81.0000
(((20,(6,2)),(9,(1,8))),((((12,3),((7,(15,(11,(10,17)))),(19,13))),((4,14),(5,18))),16));

STEP 9 [Heur. rSPR MP_RF -> NNI_Substep_4] - Distance: 72.0000
(((20,(6,2)),(9,(1,8))),(((12,3),((7,(15,(11,(10,17)))),(19,13))),(((4,14),(5,18)),16)));

STEP 10 [Heur. rSPR MP_RF -> NNI_Substep_5] - Distance: 70.0000
(((20,(6,2)),(9,(1,8))),(((12,3),((7,(15,(11,(10,17)))),(19,13))),((4,14),((5,18),16))));

STEP 11 [Heur. rSPR MP_RF -> NNI_Substep_6] - Distance: 69.0000
(((20,(6,2)),(9,(1,8))),(((12,3),((7,(15,(11,(10,17)))),(19,13))),((4,14),((5,16),18))));

STEP 12 [Heur. rSPR MP_RF -> NNI_Substep_7] - Distance: 69.0000
((((20,6),2),(9,(1,8))),(((12,3),((7,(15,(11,(10,17)))),(19,13))),((4,14),((5,16),18))));

STEP 13 [Heur. rSPR MP_RF -> NNI_Substep_8] - Distance: 69.0000
((((20,6),(9,(1,8))),2),(((12,3),((7,(15,(11,(10,17)))),(19,13))),((4,14),((5,16),18))));

STEP 14 [Heur. rSPR MP_RF -> NNI_Substep_9] - Distance: 55.0000
(((20,6),(9,(1,8))),(((12,3),((7,(15,(11,(10,17)))),(19,13))),(((4,14),((5,16),18)),2)));

STEP 15 [Heur. rSPR MP_RF -> NNI_Substep_10] - Distance: 52.0000
(((20,6),(9,(1,8))),(((12,3),((7,(15,(11,(10,17)))),(19,13))),(((4,14),2),((5,16),18))));

STEP 16 [Heur. rSPR MP_RF -> NNI_Substep_11] - Distance: 52.0000
(((20,6),(9,(1,8))),(((12,3),(((7,(11,(10,17))),15),(19,13))),(((4,14),2),((5,16),18))));

STEP 17 [Heur. rSPR MP_RF -> NNI_Substep_12] - Distance: 52.0000
(((20,6),(9,(1,8))),(((12,3),(((7,(11,(10,17))),(19,13)),15)),(((4,14),2),((5,16),18))));

STEP 18 [Heur. rSPR MP_RF -> NNI_Substep_13] - Distance: 51.0000
(((20,6),(9,(1,8))),((((12,3),((7,(11,(10,17))),(19,13))),15),(((4,14),2),((5,16),18))));

STEP 19 [Heur. rSPR MP_RF -> NNI_Substep_14] - Distance: 45.0000
(((20,6),(9,(1,8))),((((12,3),15),((7,(11,(10,17))),(19,13))),(((4,14),2),((5,16),18))));

STEP 20 [Heur. rSPR MP_RF -> NNI_Substep_15] - Distance: 44.0000
(((20,6),(9,(1,8))),((((12,15),3),((7,(11,(10,17))),(19,13))),(((4,14),2),((5,16),18))));

STEP 21 [Heur. rSPR MP_RF -> NNI_Substep_16] - Distance: 44.0000
(((20,6),(9,(1,8))),((((12,15),3),((11,((10,17),7)),(19,13))),(((4,14),2),((5,16),18))));

STEP 22 [Heur. rSPR MP_RF -> NNI_Substep_17] - Distance: 43.0000
(((20,6),(9,(1,8))),((((12,15),3),((11,((10,7),17)),(19,13))),(((4,14),2),((5,16),18))));

STEP 23 [Heur. rSPR MP_RF -> NNI_Substep_18] - Distance: 43.0000
(((6,(9,(1,8))),20),((((12,15),3),((11,((10,7),17)),(19,13))),(((4,14),2),((5,16),18))));

STEP 24 [Heur. rSPR MP_RF -> NNI_Substep_19] - Distance: 43.0000
((6,((9,(1,8)),20)),((((12,15),3),((11,((10,7),17)),(19,13))),(((4,14),2),((5,16),18))));

STEP 25 [Heur. rSPR MP_RF -> NNI_Substep_20] - Distance: 43.0000
((6,(9,((1,8),20))),((((12,15),3),((11,((10,7),17)),(19,13))),(((4,14),2),((5,16),18))));

STEP 26 [Heur. rSPR MP_RF -> NNI_Substep_21] - Distance: 42.0000
((6,(9,(1,(8,20)))),((((12,15),3),((11,((10,7),17)),(19,13))),(((4,14),2),((5,16),18))));

STEP 27 [Heur. rSPR MP_RF -> NNI_Substep_22] - Distance: 42.0000
(((6,(1,(8,20))),9),((((12,15),3),((11,((10,7),17)),(19,13))),(((4,14),2),((5,16),18))));

STEP 28 [Heur. rSPR MP_RF -> NNI_Substep_23] - Distance: 32.0000
((6,(1,(8,20))),(((((12,15),3),((11,((10,7),17)),(19,13))),9),(((4,14),2),((5,16),18))));

STEP 29 [Heur. rSPR MP_RF -> NNI_Substep_24] - Distance: 29.0000
((6,(1,(8,20))),((((12,15),3),(((11,((10,7),17)),(19,13)),9)),(((4,14),2),((5,16),18))));

STEP 30 [Heur. rSPR MP_RF -> NNI_Substep_25] - Distance: 26.0000
((6,(1,(8,20))),((((12,15),3),((11,((10,7),17)),((19,13),9))),(((4,14),2),((5,16),18))));

STEP 31 [Heur. rSPR MP_RF -> NNI_Substep_26] - Distance: 25.0000
((6,(1,(8,20))),((((12,15),3),((11,((10,7),17)),(19,(13,9)))),(((4,14),2),((5,16),18))));

STEP 32 [Heur. rSPR MP_RF -> NNI_Substep_27] - Distance: 15.0000
((1,(8,20)),(((((12,15),3),((11,((10,7),17)),(19,(13,9)))),6),(((4,14),2),((5,16),18))));

STEP 33 [Heur. rSPR MP_RF -> NNI_Substep_28] - Distance: 12.0000
((1,(8,20)),((((12,15),3),(((11,((10,7),17)),(19,(13,9))),6)),(((4,14),2),((5,16),18))));

STEP 34 [Heur. rSPR MP_RF -> NNI_Substep_29] - Distance: 12.0000
((1,(8,20)),((((12,15),3),(((11,((10,7),17)),6),(19,(13,9)))),(((4,14),2),((5,16),18))));

STEP 35 [Heur. rSPR MP_RF -> NNI_Substep_30] - Distance: 12.0000
((1,(8,20)),((((12,15),3),(((11,6),((10,7),17)),(19,(13,9)))),(((4,14),2),((5,16),18))));

STEP 36 [Heur. rSPR MP_RF -> NNI_Substep_31] - Distance: 10.0000
((1,(8,20)),((((12,15),3),((((10,7),17),(19,(13,9))),(11,6))),(((4,14),2),((5,16),18))));

STEP 37 [Heur. rSPR MP_RF -> NNI_Substep_32] - Distance: 4.0000
((1,(8,20)),((((12,15),3),(((10,7),17),((19,(13,9)),(11,6)))),(((4,14),2),((5,16),18))));

STEP 38 [Heur. rSPR MP_RF -> NNI_Substep_33] - Distance: 0.0000
((1,(8,20)),((((12,15),3),(((10,7),17),((19,(11,6)),(13,9)))),(((4,14),2),((5,16),18))));

========================================================
[FINAL] Total Steps: 38 | Final Distance: 0.0000
========================================================
