========================================================
HEURISTIC TRAJECTORY: VND Incremental (MS_RF)
========================================================
STEP 0 [START] - Distance: 73.0000
(((9,17),(16,(7,19))),(((5,(20,(15,(3,1)))),(8,13)),(10,(4,18))),(12,(2,(14,(11,6)))));

STEP 1 [NNI_IncrementalHeuristic_MS_RF -> NNI_Substep_1] - Distance: 69.0000
(((9,17),(16,(7,19))),(((5,(8,13)),(20,(15,(3,1)))),(10,(4,18))),(12,(2,(14,(11,6)))));

STEP 2 [NNI_IncrementalHeuristic_MS_RF -> NNI_Substep_2] - Distance: 67.0000
(((7,19),(16,(9,17))),(((5,(8,13)),(20,(15,(3,1)))),(10,(4,18))),(12,(2,(14,(11,6)))));

STEP 3 [NNI_IncrementalHeuristic_MS_RF -> NNI_Substep_3] - Distance: 65.0000
(((7,19),(16,(9,17))),(((10,(4,18)),(20,(15,(3,1)))),(5,(8,13))),(12,(2,(14,(11,6)))));

STEP 4 [NNI_IncrementalHeuristic_MS_RF -> NNI_Substep_4] - Distance: 63.0000
(((7,19),(16,(9,17))),(((18,(4,10)),(20,(15,(3,1)))),(5,(8,13))),(12,(2,(14,(11,6)))));

STEP 5 [NNI_IncrementalHeuristic_MS_RF -> NNI_Substep_5] - Distance: 61.0000
(((7,19),(16,(9,17))),(((18,(4,10)),(20,(15,(3,1)))),(5,(8,13))),((14,(11,6)),(2,12)));

STEP 6 [NNI_IncrementalHeuristic_MS_RF -> NNI_Substep_6] - Distance: 60.0000
(((7,19),(16,(9,17))),(((18,(4,10)),((3,1),(15,20))),(5,(8,13))),((14,(11,6)),(2,12)));

STEP 7 [NNI_IncrementalHeuristic_MS_RF -> NNI_Substep_7] - Distance: 59.0000
(((7,19),(16,(9,17))),(((3,1),((18,(4,10)),(15,20))),(5,(8,13))),((14,(11,6)),(2,12)));

STEP 8 [NNI_IncrementalHeuristic_MS_RF -> NNI_Substep_8] - Distance: 55.0000
((5,(8,13)),(((3,1),((18,(4,10)),(15,20))),((7,19),(16,(9,17)))),((14,(11,6)),(2,12)));

STEP 9 [NNI_IncrementalHeuristic_MS_RF -> NNI_Substep_9] - Distance: 53.0000
((5,(((3,1),((18,(4,10)),(15,20))),((7,19),(16,(9,17))))),(8,13),((14,(11,6)),(2,12)));

STEP 10 [NNI_IncrementalHeuristic_MS_RF -> NNI_Substep_10] - Distance: 51.0000
((5,(((3,1),(20,(15,(18,(4,10))))),((7,19),(16,(9,17))))),(8,13),((14,(11,6)),(2,12)));

STEP 11 [NNI_IncrementalHeuristic_MS_RF -> NNI_Substep_11] - Distance: 50.0000
((5,(((3,1),(20,((4,10),(18,15)))),((7,19),(16,(9,17))))),(8,13),((14,(11,6)),(2,12)));

STEP 12 [NNI_IncrementalHeuristic_MS_RF -> NNI_Substep_12] - Distance: 49.0000
((2,12),(8,13),((14,(11,6)),(5,(((3,1),(20,((4,10),(18,15)))),((7,19),(16,(9,17)))))));

STEP 13 [NNI_IncrementalHeuristic_MS_RF -> NNI_Substep_13] - Distance: 46.0000
(13,(8,(2,12)),((14,(11,6)),(5,(((3,1),(20,((4,10),(18,15)))),((7,19),(16,(9,17)))))));

STEP 14 [Heur. uSPR MS_RF -> NNI_Substep_1] - Distance: 46.0000
(13,(8,(2,12)),(((14,6),11),(5,(((3,1),(20,((4,10),(18,15)))),((7,19),(16,(9,17)))))));

STEP 15 [Heur. uSPR MS_RF -> NNI_Substep_2] - Distance: 48.0000
(13,(8,(2,12)),(((14,6),(5,(((3,1),(20,((4,10),(18,15)))),((7,19),(16,(9,17)))))),11));

STEP 16 [Heur. uSPR MS_RF -> NNI_Substep_3] - Distance: 47.0000
(13,(8,(2,12)),((14,6),((5,(((3,1),(20,((4,10),(18,15)))),((7,19),(16,(9,17))))),11)));

STEP 17 [Heur. uSPR MS_RF -> NNI_Substep_4] - Distance: 47.0000
(13,(8,(2,12)),((14,6),(5,((((3,1),(20,((4,10),(18,15)))),((7,19),(16,(9,17)))),11))));

STEP 18 [Heur. uSPR MS_RF -> NNI_Substep_5] - Distance: 43.0000
(13,(8,(2,12)),((14,6),(5,((((3,1),(20,((4,10),(18,15)))),11),((7,19),(16,(9,17)))))));

STEP 19 [Heur. uSPR MS_RF -> NNI_Substep_6] - Distance: 40.0000
(13,(8,(2,12)),((14,6),(5,(((3,1),((20,((4,10),(18,15))),11)),((7,19),(16,(9,17)))))));

STEP 20 [Heur. uSPR MS_RF -> NNI_Substep_7] - Distance: 38.0000
(13,(8,(2,12)),((14,6),(5,(((3,1),(20,(((4,10),(18,15)),11))),((7,19),(16,(9,17)))))));

STEP 21 [Heur. uSPR MS_RF -> NNI_Substep_8] - Distance: 38.0000
(13,(8,(2,12)),((14,6),(5,(((3,1),(20,(((4,10),(18,15)),11))),((7,19),((16,17),9))))));

STEP 22 [Heur. uSPR MS_RF -> NNI_Substep_9] - Distance: 37.0000
(13,(8,(2,12)),((14,6),(5,(((3,1),(20,(((4,10),(18,15)),11))),(((7,19),(16,17)),9)))));

STEP 23 [Heur. uSPR MS_RF -> NNI_Substep_10] - Distance: 38.0000
(13,(8,(2,12)),((14,6),(5,((((3,1),(20,(((4,10),(18,15)),11))),((7,19),(16,17))),9))));

STEP 24 [Heur. uSPR MS_RF -> NNI_Substep_11] - Distance: 39.0000
(13,(8,(2,12)),((14,6),(5,((((3,1),(20,(((4,10),(18,15)),11))),9),((7,19),(16,17))))));

STEP 25 [Heur. uSPR MS_RF -> NNI_Substep_12] - Distance: 36.0000
(13,(8,(2,12)),((14,6),(5,(((3,1),((20,(((4,10),(18,15)),11)),9)),((7,19),(16,17))))));

STEP 26 [Heur. uSPR MS_RF -> NNI_Substep_13] - Distance: 34.0000
(13,(8,(2,12)),((14,6),(5,(((3,1),(20,((((4,10),(18,15)),11),9))),((7,19),(16,17))))));

STEP 27 [Heur. uSPR MS_RF -> NNI_Substep_14] - Distance: 35.0000
(13,(8,(2,12)),((14,6),(5,(((3,1),(20,((((4,10),(18,15)),11),9))),((7,(16,17)),19)))));

STEP 28 [Heur. uSPR MS_RF -> NNI_Substep_15] - Distance: 37.0000
(13,(8,(2,12)),((14,6),(5,((((3,1),(20,((((4,10),(18,15)),11),9))),(7,(16,17))),19))));

STEP 29 [Heur. uSPR MS_RF -> NNI_Substep_16] - Distance: 35.0000
(13,(8,(2,12)),((14,6),((5,(((3,1),(20,((((4,10),(18,15)),11),9))),(7,(16,17)))),19)));

STEP 30 [Heur. uSPR MS_RF -> NNI_Substep_17] - Distance: 34.0000
(13,(8,(2,12)),(((14,6),(5,(((3,1),(20,((((4,10),(18,15)),11),9))),(7,(16,17))))),19));

STEP 31 [Heur. uSPR MS_RF -> NNI_Substep_18] - Distance: 30.0000
(13,(8,(2,12)),(((14,6),19),(5,(((3,1),(20,((((4,10),(18,15)),11),9))),(7,(16,17))))));

STEP 32 [Heur. uSPR MS_RF -> NNI_Substep_19] - Distance: 30.0000
(13,(8,(2,12)),((14,(6,19)),(5,(((3,1),(20,((((4,10),(18,15)),11),9))),(7,(16,17))))));

STEP 33 [Heur. uSPR MS_RF -> NNI_Substep_20] - Distance: 31.0000
(13,(8,(2,12)),((14,(5,(((3,1),(20,((((4,10),(18,15)),11),9))),(7,(16,17))))),(6,19)));

STEP 34 [Heur. uSPR MS_RF -> NNI_Substep_21] - Distance: 28.0000
(13,((8,(2,12)),(6,19)),(14,(5,(((3,1),(20,((((4,10),(18,15)),11),9))),(7,(16,17))))));

STEP 35 [Heur. uSPR MS_RF -> NNI_Substep_22] - Distance: 25.0000
(13,(8,((2,12),(6,19))),(14,(5,(((3,1),(20,((((4,10),(18,15)),11),9))),(7,(16,17))))));

STEP 36 [Heur. uSPR MS_RF -> NNI_Substep_23] - Distance: 22.0000
(13,(8,(2,(12,(6,19)))),(14,(5,(((3,1),(20,((((4,10),(18,15)),11),9))),(7,(16,17))))));

STEP 37 [Heur. uSPR MS_RF -> NNI_Substep_24] - Distance: 19.0000
(13,(8,(2,(12,(6,19)))),((5,14),(((3,1),(20,((((4,10),(18,15)),11),9))),(7,(16,17)))));

STEP 38 [Heur. uSPR MS_RF -> NNI_Substep_25] - Distance: 22.0000
(13,(8,(2,(12,(6,19)))),(((7,(16,17)),(5,14)),((3,1),(20,((((4,10),(18,15)),11),9)))));

STEP 39 [Heur. uSPR MS_RF -> NNI_Substep_26] - Distance: 23.0000
(13,(8,(2,(12,(6,19)))),((((16,17),(5,14)),7),((3,1),(20,((((4,10),(18,15)),11),9)))));

STEP 40 [Heur. uSPR MS_RF -> NNI_Substep_27] - Distance: 18.0000
(13,(8,(2,(12,(6,19)))),(((20,((((4,10),(18,15)),11),9)),(((16,17),(5,14)),7)),(3,1)));

STEP 41 [Heur. uSPR MS_RF -> NNI_Substep_28] - Distance: 15.0000
(13,(8,(2,(12,(6,19)))),((1,((20,((((4,10),(18,15)),11),9)),(((16,17),(5,14)),7))),3));

STEP 42 [Heur. uSPR MS_RF -> NNI_Substep_29] - Distance: 17.0000
(13,(8,(2,(12,(6,19)))),(3,(1,(((20,((((4,10),(18,15)),11),9)),((16,17),(5,14))),7))));

STEP 43 [Heur. uSPR MS_RF -> NNI_Substep_30] - Distance: 17.0000
(13,(8,(2,(12,(6,19)))),(3,((1,((20,((((4,10),(18,15)),11),9)),((16,17),(5,14)))),7)));

STEP 44 [Heur. uSPR MS_RF -> NNI_Substep_31] - Distance: 11.0000
(13,(8,(2,(12,(6,19)))),(3,((1,7),((20,((((4,10),(18,15)),11),9)),((16,17),(5,14))))));

STEP 45 [Heur. uSPR MS_RF -> NNI_Substep_32] - Distance: 12.0000
(13,(8,(2,(12,(6,19)))),(3,((1,7),((((((4,10),(18,15)),11),9),((16,17),(5,14))),20))));

STEP 46 [Heur. uSPR MS_RF -> NNI_Substep_33] - Distance: 9.0000
(13,(8,(2,(12,(6,19)))),(3,(((1,7),(((((4,10),(18,15)),11),9),((16,17),(5,14)))),20)));

STEP 47 [Heur. uSPR MS_RF -> NNI_Substep_34] - Distance: 12.0000
(13,(8,(2,(12,(6,19)))),(3,(((1,7),(((((4,10),(18,15)),11),9),(((16,17),5),14))),20)));

STEP 48 [Heur. uSPR MS_RF -> NNI_Substep_35] - Distance: 15.0000
(13,(8,(2,(12,(6,19)))),(3,(((1,7),((((((4,10),(18,15)),11),9),((16,17),5)),14)),20)));

STEP 49 [Heur. uSPR MS_RF -> NNI_Substep_36] - Distance: 16.0000
(13,(8,(2,(12,(6,19)))),(3,((((1,7),(((((4,10),(18,15)),11),9),((16,17),5))),14),20)));

STEP 50 [Heur. uSPR MS_RF -> NNI_Substep_37] - Distance: 6.0000
(13,(8,(2,(12,(6,19)))),(3,((((1,7),14),(((((4,10),(18,15)),11),9),((16,17),5))),20)));

STEP 51 [Heur. uSPR MS_RF -> NNI_Substep_38] - Distance: 10.0000
(13,(8,(2,(12,(6,19)))),(3,((((1,7),14),((((((4,10),(18,15)),11),9),5),(16,17))),20)));

STEP 52 [Heur. uSPR MS_RF -> NNI_Substep_39] - Distance: 9.0000
(13,(8,(2,(12,(6,19)))),(3,(((((1,7),14),(((((4,10),(18,15)),11),9),5)),(16,17)),20)));

STEP 53 [Heur. uSPR MS_RF -> NNI_Substep_40] - Distance: 0.0000
(13,(8,(2,(12,(6,19)))),(3,(((((1,7),14),(16,17)),(((((4,10),(18,15)),11),9),5)),20)));

========================================================
[FINAL] Total Steps: 53 | Final Distance: 0.0000
========================================================
