========================================================
HEURISTIC TRAJECTORY: VND Classic (RF)
========================================================
STEP 0 [START] - Distance: 17.0000
(((5,18),(8,((9,2),(12,10)))),((19,(11,(3,(15,(6,(1,7)))))),((14,(4,17)),(20,16))),13);

STEP 1 [uSPR_ClassicHeuristic_RF -> NNI_Substep_1] - Distance: 17.0000
(((5,18),(8,((9,2),(12,10)))),((19,(11,(3,(15,(6,(1,7)))))),(((14,17),4),(20,16))),13);

STEP 2 [uSPR_ClassicHeuristic_RF -> NNI_Substep_2] - Distance: 17.0000
(((5,18),(8,((9,2),(12,10)))),((19,(11,(3,(15,(6,(1,7)))))),(((14,17),(20,16)),4)),13);

STEP 3 [uSPR_ClassicHeuristic_RF -> NNI_Substep_3] - Distance: 17.0000
(((5,18),(8,((9,2),(12,10)))),(((19,(11,(3,(15,(6,(1,7)))))),((14,17),(20,16))),4),13);

STEP 4 [uSPR_ClassicHeuristic_RF -> NNI_Substep_4] - Distance: 17.0000
(((5,18),(8,((9,2),(12,10)))),(((19,(11,(3,(15,(6,(1,7)))))),4),((14,17),(20,16))),13);

STEP 5 [uSPR_ClassicHeuristic_RF -> NNI_Substep_5] - Distance: 17.0000
(((5,18),(8,((9,2),(12,10)))),((19,((11,(3,(15,(6,(1,7))))),4)),((14,17),(20,16))),13);

STEP 6 [uSPR_ClassicHeuristic_RF -> NNI_Substep_6] - Distance: 17.0000
(((5,18),(8,((9,2),(12,10)))),((19,(11,((3,(15,(6,(1,7)))),4))),((14,17),(20,16))),13);

STEP 7 [uSPR_ClassicHeuristic_RF -> NNI_Substep_7] - Distance: 17.0000
(((5,18),(8,((9,2),(12,10)))),((19,(11,(3,((15,(6,(1,7))),4)))),((14,17),(20,16))),13);

STEP 8 [uSPR_ClassicHeuristic_RF -> NNI_Substep_8] - Distance: 17.0000
(((5,18),(8,((9,2),(12,10)))),((19,(11,(3,(15,((6,(1,7)),4))))),((14,17),(20,16))),13);

STEP 9 [uSPR_ClassicHeuristic_RF -> NNI_Substep_9] - Distance: 16.0000
(((5,18),(8,((9,2),(12,10)))),((19,(11,(3,(15,(6,((1,7),4)))))),((14,17),(20,16))),13);

STEP 10 [uSPR_ClassicHeuristic_RF -> NNI_Substep_10] - Distance: 15.0000
(((5,18),(8,((9,2),(12,10)))),((19,(11,(3,(15,(6,((1,4),7)))))),((14,17),(20,16))),13);

STEP 11 [uSPR_ClassicHeuristic_RF -> NNI_Substep_11] - Distance: 15.0000
(((5,18),(8,((2,(12,10)),9))),((19,(11,(3,(15,(6,((1,4),7)))))),((14,17),(20,16))),13);

STEP 12 [uSPR_ClassicHeuristic_RF -> NNI_Substep_12] - Distance: 15.0000
(((5,18),((8,(2,(12,10))),9)),((19,(11,(3,(15,(6,((1,4),7)))))),((14,17),(20,16))),13);

STEP 13 [uSPR_ClassicHeuristic_RF -> NNI_Substep_13] - Distance: 15.0000
((((5,18),(8,(2,(12,10)))),9),((19,(11,(3,(15,(6,((1,4),7)))))),((14,17),(20,16))),13);

STEP 14 [uSPR_ClassicHeuristic_RF -> NNI_Substep_14] - Distance: 15.0000
(((5,18),(8,(2,(12,10)))),(((19,(11,(3,(15,(6,((1,4),7)))))),((14,17),(20,16))),9),13);

STEP 15 [uSPR_ClassicHeuristic_RF -> NNI_Substep_15] - Distance: 15.0000
(((5,18),(8,(2,(12,10)))),((19,(11,(3,(15,(6,((1,4),7)))))),(((14,17),(20,16)),9)),13);

STEP 16 [uSPR_ClassicHeuristic_RF -> NNI_Substep_16] - Distance: 14.0000
(((5,18),(8,(2,(12,10)))),((19,(11,(3,(15,(6,((1,4),7)))))),(((14,17),9),(20,16))),13);

STEP 17 [uSPR_ClassicHeuristic_RF -> NNI_Substep_17] - Distance: 13.0000
(((5,18),(8,(2,(12,10)))),((19,(11,(3,(15,(6,((1,4),7)))))),(((14,9),17),(20,16))),13);

STEP 18 [uSPR_ClassicHeuristic_RF -> NNI_Substep_18] - Distance: 13.0000
(((5,18),(8,(2,(12,10)))),(((19,(3,(15,(6,((1,4),7))))),11),(((14,9),17),(20,16))),13);

STEP 19 [uSPR_ClassicHeuristic_RF -> NNI_Substep_19] - Distance: 13.0000
(((5,18),(8,(2,(12,10)))),(((19,(3,(15,(6,((1,4),7))))),(((14,9),17),(20,16))),11),13);

STEP 20 [uSPR_ClassicHeuristic_RF -> NNI_Substep_20] - Distance: 12.0000
(((5,18),(8,(2,(12,10)))),((19,(3,(15,(6,((1,4),7))))),(((14,9),17),(20,16))),(13,11));

STEP 21 [uSPR_ClassicHeuristic_RF -> NNI_Substep_21] - Distance: 12.0000
((5,18),((8,(2,(12,10))),(13,11)),((19,(3,(15,(6,((1,4),7))))),(((14,9),17),(20,16))));

STEP 22 [uSPR_ClassicHeuristic_RF -> NNI_Substep_22] - Distance: 11.0000
((5,18),((8,(13,11)),(2,(12,10))),((19,(3,(15,(6,((1,4),7))))),(((14,9),17),(20,16))));

STEP 23 [uSPR_ClassicHeuristic_RF -> NNI_Substep_23] - Distance: 11.0000
(18,((8,(13,11)),(2,(12,10))),(((19,(3,(15,(6,((1,4),7))))),(((14,9),17),(20,16))),5));

STEP 24 [uSPR_ClassicHeuristic_RF -> NNI_Substep_24] - Distance: 11.0000
(18,((8,(13,11)),(2,(12,10))),((19,(3,(15,(6,((1,4),7))))),((((14,9),17),(20,16)),5)));

STEP 25 [uSPR_ClassicHeuristic_RF -> NNI_Substep_25] - Distance: 11.0000
(18,((8,(13,11)),(2,(12,10))),((19,(3,(15,(6,((1,4),7))))),(((14,9),17),((20,16),5))));

STEP 26 [uSPR_ClassicHeuristic_RF -> NNI_Substep_26] - Distance: 10.0000
(18,((8,(13,11)),(2,(12,10))),((19,(3,(15,(6,((1,4),7))))),(((14,9),17),((20,5),16))));

STEP 27 [uSPR_ClassicHeuristic_RF -> NNI_Substep_27] - Distance: 10.0000
(18,((8,(13,11)),((2,10),12)),((19,(3,(15,(6,((1,4),7))))),(((14,9),17),((20,5),16))));

STEP 28 [uSPR_ClassicHeuristic_RF -> NNI_Substep_28] - Distance: 10.0000
(18,(((8,(13,11)),(2,10)),12),((19,(3,(15,(6,((1,4),7))))),(((14,9),17),((20,5),16))));

STEP 29 [uSPR_ClassicHeuristic_RF -> NNI_Substep_29] - Distance: 10.0000
(18,((8,(13,11)),(2,10)),(((19,(3,(15,(6,((1,4),7))))),(((14,9),17),((20,5),16))),12));

STEP 30 [uSPR_ClassicHeuristic_RF -> NNI_Substep_30] - Distance: 10.0000
(18,((8,(13,11)),(2,10)),(((19,(3,(15,(6,((1,4),7))))),12),(((14,9),17),((20,5),16))));

STEP 31 [uSPR_ClassicHeuristic_RF -> NNI_Substep_31] - Distance: 9.0000
(18,((8,(13,11)),(2,10)),(((19,12),(3,(15,(6,((1,4),7))))),(((14,9),17),((20,5),16))));

STEP 32 [uSPR_ClassicHeuristic_RF -> NNI_Substep_32] - Distance: 9.0000
(18,(((8,(13,11)),2),10),(((19,12),(3,(15,(6,((1,4),7))))),(((14,9),17),((20,5),16))));

STEP 33 [uSPR_ClassicHeuristic_RF -> NNI_Substep_33] - Distance: 9.0000
(18,((8,(13,11)),2),((((19,12),(3,(15,(6,((1,4),7))))),(((14,9),17),((20,5),16))),10));

STEP 34 [uSPR_ClassicHeuristic_RF -> NNI_Substep_34] - Distance: 9.0000
(18,((8,(13,11)),2),((((19,12),(3,(15,(6,((1,4),7))))),10),(((14,9),17),((20,5),16))));

STEP 35 [uSPR_ClassicHeuristic_RF -> NNI_Substep_35] - Distance: 9.0000
(18,((8,(13,11)),2),(((19,12),((3,(15,(6,((1,4),7)))),10)),(((14,9),17),((20,5),16))));

STEP 36 [uSPR_ClassicHeuristic_RF -> NNI_Substep_36] - Distance: 8.0000
(18,((8,(13,11)),2),(((19,12),((3,10),(15,(6,((1,4),7))))),(((14,9),17),((20,5),16))));

STEP 37 [uSPR_ClassicHeuristic_RF -> NNI_Substep_37] - Distance: 8.0000
(18,((8,(13,11)),2),((((19,12),(15,(6,((1,4),7)))),(3,10)),(((14,9),17),((20,5),16))));

STEP 38 [uSPR_ClassicHeuristic_RF -> NNI_Substep_38] - Distance: 8.0000
(18,((8,(13,11)),2),((((19,12),(15,(6,((1,4),7)))),(((14,9),17),((20,5),16))),(3,10)));

STEP 39 [uSPR_ClassicHeuristic_RF -> NNI_Substep_39] - Distance: 8.0000
(18,((8,(13,11)),2),(((19,12),(15,(6,((1,4),7)))),((((14,9),17),((20,5),16)),(3,10))));

STEP 40 [uSPR_ClassicHeuristic_RF -> NNI_Substep_40] - Distance: 7.0000
(18,((8,(13,11)),2),(((19,12),(15,(6,((1,4),7)))),((((14,9),17),(3,10)),((20,5),16))));

STEP 41 [uSPR_ClassicHeuristic_RF -> NNI_Substep_41] - Distance: 7.0000
(18,((8,(13,11)),2),((((19,12),(15,(6,((1,4),7)))),((20,5),16)),(((14,9),17),(3,10))));

STEP 42 [uSPR_ClassicHeuristic_RF -> NNI_Substep_42] - Distance: 7.0000
(18,((8,(13,11)),2),((((19,12),(15,(6,((1,4),7)))),(((14,9),17),(3,10))),((20,5),16)));

STEP 43 [uSPR_ClassicHeuristic_RF -> NNI_Substep_43] - Distance: 7.0000
(18,((8,(13,11)),2),((((15,(6,((1,4),7))),(((14,9),17),(3,10))),(19,12)),((20,5),16)));

STEP 44 [uSPR_ClassicHeuristic_RF -> NNI_Substep_44] - Distance: 6.0000
(18,((8,(13,11)),2),(((19,12),((15,(((14,9),17),(3,10))),(6,((1,4),7)))),((20,5),16)));

STEP 45 [uSPR_ClassicHeuristic_RF -> NNI_Substep_45] - Distance: 6.0000
(18,2,((((19,12),((15,(((14,9),17),(3,10))),(6,((1,4),7)))),((20,5),16)),(8,(13,11))));

STEP 46 [uSPR_ClassicHeuristic_RF -> NNI_Substep_46] - Distance: 6.0000
(18,2,((((19,12),((15,(((14,9),17),(3,10))),(6,((1,4),7)))),(8,(13,11))),((20,5),16)));

STEP 47 [uSPR_ClassicHeuristic_RF -> NNI_Substep_47] - Distance: 6.0000
(18,2,(((19,12),(((15,(((14,9),17),(3,10))),(6,((1,4),7))),(8,(13,11)))),((20,5),16)));

STEP 48 [uSPR_ClassicHeuristic_RF -> NNI_Substep_48] - Distance: 6.0000
(18,2,(((19,12),((15,(((14,9),17),(3,10))),((6,((1,4),7)),(8,(13,11))))),((20,5),16)));

STEP 49 [uSPR_ClassicHeuristic_RF -> NNI_Substep_49] - Distance: 5.0000
(18,2,(((19,12),((15,(((14,9),17),(3,10))),((6,(8,(13,11))),((1,4),7)))),((20,5),16)));

STEP 50 [uSPR_ClassicHeuristic_RF -> NNI_Substep_50] - Distance: 4.0000
(18,2,(((19,12),(((15,(((14,9),17),(3,10))),(6,(8,(13,11)))),((1,4),7))),((20,5),16)));

STEP 51 [uSPR_ClassicHeuristic_RF -> NNI_Substep_51] - Distance: 4.0000
(18,2,((((19,12),((15,(((14,9),17),(3,10))),(6,(8,(13,11))))),((1,4),7)),((20,5),16)));

STEP 52 [uSPR_ClassicHeuristic_RF -> NNI_Substep_52] - Distance: 4.0000
(18,2,((((19,12),((15,(((14,9),17),(3,10))),(6,(8,(13,11))))),((20,5),16)),((1,4),7)));

STEP 53 [uSPR_ClassicHeuristic_RF -> NNI_Substep_53] - Distance: 3.0000
(18,(2,((1,4),7)),(((19,12),((15,(((14,9),17),(3,10))),(6,(8,(13,11))))),((20,5),16)));

STEP 54 [uSPR_ClassicHeuristic_RF -> NNI_Substep_54] - Distance: 3.0000
(((19,12),((15,(((14,9),17),(3,10))),(6,(8,(13,11))))),(((20,5),16),(2,((1,4),7))),18);

STEP 55 [uSPR_ClassicHeuristic_RF -> NNI_Substep_55] - Distance: 2.0000
(((19,12),((15,(((14,9),17),(3,10))),(6,(8,(13,11))))),((20,5),(16,(2,((1,4),7)))),18);

STEP 56 [uSPR_ClassicHeuristic_RF -> NNI_Substep_56] - Distance: 1.0000
(((15,(((14,9),17),(3,10))),(6,(8,(13,11)))),(((20,5),(16,(2,((1,4),7)))),(19,12)),18);

STEP 57 [uSPR_ClassicHeuristic_RF -> NNI_Substep_57] - Distance: 0.0000
(((15,(((14,9),17),(3,10))),(6,(8,(13,11)))),((20,5),((16,(2,((1,4),7))),(19,12))),18);

========================================================
[FINAL] Total Steps: 57 | Final Distance: 0.0000
========================================================
