========================================================
HEURISTIC TRAJECTORY: VND Incremental (MC_RF)
========================================================
STEP 0 [START] - Distance: 91.0000
(4,(2,((((17,(16,(13,(1,(5,18))))),(15,((12,7),(8,(3,19))))),(11,(10,9))),(14,(20,6)))));

STEP 1 [NNI_IncrementalHeuristic_MC_RF -> NNI_Substep_1] - Distance: 83.0000
((((14,(20,6)),(11,(10,9))),((17,(16,(13,(1,(5,18))))),(15,((12,7),(8,(3,19)))))),(2,4));

STEP 2 [NNI_IncrementalHeuristic_MC_RF -> NNI_Substep_2] - Distance: 81.0000
((((14,(20,6)),(11,(10,9))),((17,(16,(1,(13,(5,18))))),(15,((12,7),(8,(3,19)))))),(2,4));

STEP 3 [NNI_IncrementalHeuristic_MC_RF -> NNI_Substep_3] - Distance: 80.0000
((((14,(11,(10,9))),(20,6)),((17,(16,(1,(13,(5,18))))),(15,((12,7),(8,(3,19)))))),(2,4));

STEP 4 [NNI_IncrementalHeuristic_MC_RF -> NNI_Substep_4] - Distance: 79.0000
((((14,(11,(10,9))),(20,6)),(((1,(13,(5,18))),(16,17)),(15,((12,7),(8,(3,19)))))),(2,4));

STEP 5 [NNI_IncrementalHeuristic_MC_RF -> NNI_Substep_5] - Distance: 76.0000
((((14,(11,(10,9))),(20,6)),(((12,7),(8,(3,19))),(15,((1,(13,(5,18))),(16,17))))),(2,4));

STEP 6 [NNI_IncrementalHeuristic_MC_RF -> NNI_Substep_6] - Distance: 74.0000
((((14,(11,(10,9))),(20,6)),(((12,7),(19,(3,8))),(15,((1,(13,(5,18))),(16,17))))),(2,4));

STEP 7 [NNI_IncrementalHeuristic_MC_RF -> NNI_Substep_7] - Distance: 73.0000
((((14,(11,(10,9))),(20,6)),(((12,7),(19,(3,8))),((1,(13,(5,18))),(15,(16,17))))),(2,4));

STEP 8 [Heur. rSPR MC_RF -> NNI_Substep_1] - Distance: 73.0000
((((14,(11,(10,9))),(20,6)),(((12,7),(19,(3,8))),((1,((13,5),18)),(15,(16,17))))),(2,4));

STEP 9 [Heur. rSPR MC_RF -> NNI_Substep_2] - Distance: 73.0000
((((14,(11,(10,9))),(20,6)),(((12,7),(19,(3,8))),(((1,(13,5)),18),(15,(16,17))))),(2,4));

STEP 10 [Heur. rSPR MC_RF -> NNI_Substep_3] - Distance: 73.0000
((((14,(11,(10,9))),(20,6)),(((12,7),(19,(3,8))),(((1,(13,5)),(15,(16,17))),18))),(2,4));

STEP 11 [Heur. rSPR MC_RF -> NNI_Substep_4] - Distance: 75.0000
((((14,(11,(10,9))),(20,6)),((((12,7),(19,(3,8))),((1,(13,5)),(15,(16,17)))),18)),(2,4));

STEP 12 [Heur. rSPR MC_RF -> NNI_Substep_5] - Distance: 76.0000
(((((14,(11,(10,9))),(20,6)),(((12,7),(19,(3,8))),((1,(13,5)),(15,(16,17))))),18),(2,4));

STEP 13 [Heur. rSPR MC_RF -> NNI_Substep_6] - Distance: 74.0000
(((((14,(11,(10,9))),(20,6)),18),(((12,7),(19,(3,8))),((1,(13,5)),(15,(16,17))))),(2,4));

STEP 14 [Heur. rSPR MC_RF -> NNI_Substep_7] - Distance: 73.0000
(((((14,(11,(10,9))),18),(20,6)),(((12,7),(19,(3,8))),((1,(13,5)),(15,(16,17))))),(2,4));

STEP 15 [Heur. rSPR MC_RF -> NNI_Substep_8] - Distance: 73.0000
((((14,((11,(10,9)),18)),(20,6)),(((12,7),(19,(3,8))),((1,(13,5)),(15,(16,17))))),(2,4));

STEP 16 [Heur. rSPR MC_RF -> NNI_Substep_9] - Distance: 73.0000
((((14,(11,((10,9),18))),(20,6)),(((12,7),(19,(3,8))),((1,(13,5)),(15,(16,17))))),(2,4));

STEP 17 [Heur. rSPR MC_RF -> NNI_Substep_10] - Distance: 73.0000
((((14,(11,((10,18),9))),(20,6)),(((12,7),(19,(3,8))),((1,(13,5)),(15,(16,17))))),(2,4));

STEP 18 [Heur. rSPR MC_RF -> NNI_Substep_11] - Distance: 76.0000
((((14,(11,((10,18),9))),(20,6)),(((12,7),(19,(3,8))),((1,(15,(16,17))),(13,5)))),(2,4));

STEP 19 [Heur. rSPR MC_RF -> NNI_Substep_12] - Distance: 77.0000
((((14,(11,((10,18),9))),(20,6)),((((12,7),(19,(3,8))),(1,(15,(16,17)))),(13,5))),(2,4));

STEP 20 [Heur. rSPR MC_RF -> NNI_Substep_13] - Distance: 78.0000
(((((14,(11,((10,18),9))),(20,6)),(((12,7),(19,(3,8))),(1,(15,(16,17))))),(13,5)),(2,4));

STEP 21 [Heur. rSPR MC_RF -> NNI_Substep_14] - Distance: 75.0000
(((((14,(11,((10,18),9))),(20,6)),(13,5)),(((12,7),(19,(3,8))),(1,(15,(16,17))))),(2,4));

STEP 22 [Heur. rSPR MC_RF -> NNI_Substep_15] - Distance: 71.0000
(((((14,(11,((10,18),9))),(13,5)),(20,6)),(((12,7),(19,(3,8))),(1,(15,(16,17))))),(2,4));

STEP 23 [Heur. rSPR MC_RF -> NNI_Substep_16] - Distance: 65.0000
(((((14,(13,5)),(11,((10,18),9))),(20,6)),(((12,7),(19,(3,8))),(1,(15,(16,17))))),(2,4));

STEP 24 [Heur. rSPR MC_RF -> NNI_Substep_17] - Distance: 65.0000
(((((14,(13,5)),(11,((10,18),9))),(20,6)),(((12,7),(19,(3,8))),((1,(16,17)),15))),(2,4));

STEP 25 [Heur. rSPR MC_RF -> NNI_Substep_18] - Distance: 67.0000
(((((14,(13,5)),(11,((10,18),9))),(20,6)),((((12,7),(19,(3,8))),(1,(16,17))),15)),(2,4));

STEP 26 [Heur. rSPR MC_RF -> NNI_Substep_19] - Distance: 69.0000
((((((14,(13,5)),(11,((10,18),9))),(20,6)),(((12,7),(19,(3,8))),(1,(16,17)))),15),(2,4));

STEP 27 [Heur. rSPR MC_RF -> NNI_Substep_20] - Distance: 64.0000
((((((14,(13,5)),(11,((10,18),9))),(20,6)),15),(((12,7),(19,(3,8))),(1,(16,17)))),(2,4));

STEP 28 [Heur. rSPR MC_RF -> NNI_Substep_21] - Distance: 61.0000
((((((14,(13,5)),(11,((10,18),9))),15),(20,6)),(((12,7),(19,(3,8))),(1,(16,17)))),(2,4));

STEP 29 [Heur. rSPR MC_RF -> NNI_Substep_22] - Distance: 56.0000
((((((14,(13,5)),15),(11,((10,18),9))),(20,6)),(((12,7),(19,(3,8))),(1,(16,17)))),(2,4));

STEP 30 [Heur. rSPR MC_RF -> NNI_Substep_23] - Distance: 62.0000
(((((((14,(13,5)),15),(11,((10,18),9))),(20,6)),4),(((12,7),(19,(3,8))),(1,(16,17)))),2);

STEP 31 [Heur. rSPR MC_RF -> NNI_Substep_24] - Distance: 59.0000
(((((((14,(13,5)),15),(11,((10,18),9))),4),(20,6)),(((12,7),(19,(3,8))),(1,(16,17)))),2);

STEP 32 [Heur. rSPR MC_RF -> NNI_Substep_25] - Distance: 54.0000
((((((14,(13,5)),15),((11,((10,18),9)),4)),(20,6)),(((12,7),(19,(3,8))),(1,(16,17)))),2);

STEP 33 [Heur. rSPR MC_RF -> NNI_Substep_26] - Distance: 50.0000
((((((14,(13,5)),15),((11,4),((10,18),9))),(20,6)),(((12,7),(19,(3,8))),(1,(16,17)))),2);

STEP 34 [Heur. rSPR MC_RF -> NNI_Substep_27] - Distance: 52.0000
((((((14,(13,5)),15),((11,4),((10,18),9))),(20,6)),(((7,(19,(3,8))),12),(1,(16,17)))),2);

STEP 35 [Heur. rSPR MC_RF -> NNI_Substep_28] - Distance: 52.0000
((((((14,(13,5)),15),((11,4),((10,18),9))),(20,6)),(((7,(19,(3,8))),(1,(16,17))),12)),2);

STEP 36 [Heur. rSPR MC_RF -> NNI_Substep_29] - Distance: 56.0000
(((((((14,(13,5)),15),((11,4),((10,18),9))),(20,6)),((7,(19,(3,8))),(1,(16,17)))),12),2);

STEP 37 [Heur. rSPR MC_RF -> NNI_Substep_30] - Distance: 54.0000
(((((((14,(13,5)),15),((11,4),((10,18),9))),(20,6)),12),((7,(19,(3,8))),(1,(16,17)))),2);

STEP 38 [Heur. rSPR MC_RF -> NNI_Substep_31] - Distance: 51.0000
(((((((14,(13,5)),15),((11,4),((10,18),9))),12),(20,6)),((7,(19,(3,8))),(1,(16,17)))),2);

STEP 39 [Heur. rSPR MC_RF -> NNI_Substep_32] - Distance: 46.0000
((((((14,(13,5)),15),(((11,4),((10,18),9)),12)),(20,6)),((7,(19,(3,8))),(1,(16,17)))),2);

STEP 40 [Heur. rSPR MC_RF -> NNI_Substep_33] - Distance: 42.0000
((((((14,(13,5)),15),(((11,4),12),((10,18),9))),(20,6)),((7,(19,(3,8))),(1,(16,17)))),2);

STEP 41 [Heur. rSPR MC_RF -> NNI_Substep_34] - Distance: 45.0000
(((((((14,(13,5)),15),(((11,4),12),((10,18),9))),6),20),((7,(19,(3,8))),(1,(16,17)))),2);

STEP 42 [Heur. rSPR MC_RF -> NNI_Substep_35] - Distance: 47.0000
(((((((14,(13,5)),15),(((11,4),12),((10,18),9))),6),((7,(19,(3,8))),(1,(16,17)))),20),2);

STEP 43 [Heur. rSPR MC_RF -> NNI_Substep_36] - Distance: 41.0000
((((((14,(13,5)),15),(((11,4),12),((10,18),9))),6),(((7,(19,(3,8))),(1,(16,17))),20)),2);

STEP 44 [Heur. rSPR MC_RF -> NNI_Substep_37] - Distance: 41.0000
((((((14,(13,5)),15),(((11,4),12),((10,18),9))),6),(((7,(19,(3,8))),20),(1,(16,17)))),2);

STEP 45 [Heur. rSPR MC_RF -> NNI_Substep_38] - Distance: 39.0000
((((((14,(13,5)),15),(((11,4),12),((10,18),9))),6),((7,((19,(3,8)),20)),(1,(16,17)))),2);

STEP 46 [Heur. rSPR MC_RF -> NNI_Substep_39] - Distance: 38.0000
((((((14,(13,5)),15),(((11,4),12),((10,18),9))),6),((7,((19,20),(3,8))),(1,(16,17)))),2);

STEP 47 [Heur. rSPR MC_RF -> NNI_Substep_40] - Distance: 38.0000
((((((14,(13,5)),15),(((11,4),12),((10,18),9))),6),((7,((19,20),(3,8))),((1,17),16))),2);

STEP 48 [Heur. rSPR MC_RF -> NNI_Substep_41] - Distance: 40.0000
((((((14,(13,5)),15),(((11,4),12),((10,18),9))),6),(((7,((19,20),(3,8))),(1,17)),16)),2);

STEP 49 [Heur. rSPR MC_RF -> NNI_Substep_42] - Distance: 46.0000
(((((((14,(13,5)),15),(((11,4),12),((10,18),9))),6),((7,((19,20),(3,8))),(1,17))),16),2);

STEP 50 [Heur. rSPR MC_RF -> NNI_Substep_43] - Distance: 42.0000
(((((((14,(13,5)),15),(((11,4),12),((10,18),9))),6),16),((7,((19,20),(3,8))),(1,17))),2);

STEP 51 [Heur. rSPR MC_RF -> NNI_Substep_44] - Distance: 42.0000
(((((((14,(13,5)),15),(((11,4),12),((10,18),9))),16),6),((7,((19,20),(3,8))),(1,17))),2);

STEP 52 [Heur. rSPR MC_RF -> NNI_Substep_45] - Distance: 39.0000
((((((14,(13,5)),15),((((11,4),12),((10,18),9)),16)),6),((7,((19,20),(3,8))),(1,17))),2);

STEP 53 [Heur. rSPR MC_RF -> NNI_Substep_46] - Distance: 35.0000
((((((14,(13,5)),15),(((11,4),12),(((10,18),9),16))),6),((7,((19,20),(3,8))),(1,17))),2);

STEP 54 [Heur. rSPR MC_RF -> NNI_Substep_47] - Distance: 34.0000
((((((14,(13,5)),15),(((11,4),12),((10,18),(9,16)))),6),((7,((19,20),(3,8))),(1,17))),2);

STEP 55 [Heur. rSPR MC_RF -> NNI_Substep_48] - Distance: 35.0000
((((((14,(13,5)),15),((((11,4),12),(9,16)),(10,18))),6),((7,((19,20),(3,8))),(1,17))),2);

STEP 56 [Heur. rSPR MC_RF -> NNI_Substep_49] - Distance: 33.0000
(((((((14,(13,5)),15),(((11,4),12),(9,16))),(10,18)),6),((7,((19,20),(3,8))),(1,17))),2);

STEP 57 [Heur. rSPR MC_RF -> NNI_Substep_50] - Distance: 30.0000
(((((((14,(13,5)),15),(((11,4),12),(9,16))),6),(10,18)),((7,((19,20),(3,8))),(1,17))),2);

STEP 58 [Heur. rSPR MC_RF -> NNI_Substep_51] - Distance: 33.0000
(((((((14,(13,5)),15),(((11,4),12),(9,16))),6),((7,((19,20),(3,8))),(1,17))),(10,18)),2);

STEP 59 [Heur. rSPR MC_RF -> NNI_Substep_52] - Distance: 25.0000
((((((14,(13,5)),15),(((11,4),12),(9,16))),6),(((7,((19,20),(3,8))),(1,17)),2)),(10,18));

STEP 60 [Heur. rSPR MC_RF -> NNI_Substep_53] - Distance: 21.0000
((((((14,(13,5)),15),(((11,4),12),(9,16))),6),((7,((19,20),(3,8))),((1,17),2))),(10,18));

STEP 61 [Heur. rSPR MC_RF -> NNI_Substep_54] - Distance: 19.0000
((((((14,(13,5)),15),(((11,4),12),(9,16))),6),((7,((19,20),(3,8))),(1,(17,2)))),(10,18));

STEP 62 [Heur. rSPR MC_RF -> NNI_Substep_55] - Distance: 15.0000
((((((14,(13,5)),15),(((11,4),12),(9,16))),6),(7,(((19,20),(3,8)),(1,(17,2))))),(10,18));

STEP 63 [Heur. rSPR MC_RF -> NNI_Substep_56] - Distance: 10.0000
((((((14,(13,5)),15),(((11,4),12),(9,16))),6),(7,((19,20),((3,8),(1,(17,2)))))),(10,18));

STEP 64 [Heur. rSPR MC_RF -> NNI_Substep_57] - Distance: 0.0000
(((((((14,(13,5)),15),(((11,4),12),(9,16))),6),7),((19,20),((3,8),(1,(17,2))))),(10,18));

========================================================
[FINAL] Total Steps: 64 | Final Distance: 0.0000
========================================================
