========================================================
HEURISTIC TRAJECTORY: VND Classic (MP_RF)
========================================================
STEP 0 [START] - Distance: 135.0000
(17,(4,(16,((((((7,15),(14,6)),(20,(19,8))),(18,3)),((11,12),(2,1))),((13,10),(9,5))))));

STEP 1 [NNI_ClassicHeuristic_MP_RF -> NNI_Substep_1] - Distance: 125.0000
(17,(4,(16,((((((7,15),(14,6)),(20,(19,8))),(18,3)),((13,10),(9,5))),((11,12),(2,1))))));

STEP 2 [NNI_ClassicHeuristic_MP_RF -> NNI_Substep_2] - Distance: 122.0000
(17,(4,(((11,12),(2,1)),((((((7,15),(14,6)),(20,(19,8))),(18,3)),((13,10),(9,5))),16))));

STEP 3 [NNI_ClassicHeuristic_MP_RF -> NNI_Substep_3] - Distance: 119.0000
(17,(((11,12),(2,1)),(4,((((((7,15),(14,6)),(20,(19,8))),(18,3)),((13,10),(9,5))),16))));

STEP 4 [NNI_ClassicHeuristic_MP_RF -> NNI_Substep_4] - Distance: 109.0000
((4,((((20,(((7,15),(14,6)),(19,8))),(18,3)),((13,10),(9,5))),16)),(((11,12),(2,1)),17));

STEP 5 [NNI_ClassicHeuristic_MP_RF -> NNI_Substep_5] - Distance: 108.0000
((4,((((20,(19,(((7,15),(14,6)),8))),(18,3)),((13,10),(9,5))),16)),(((11,12),(2,1)),17));

STEP 6 [NNI_ClassicHeuristic_MP_RF -> NNI_Substep_6] - Distance: 107.0000
((4,(((18,((20,(19,(((7,15),(14,6)),8))),3)),((13,10),(9,5))),16)),(((11,12),(2,1)),17));

STEP 7 [NNI_ClassicHeuristic_MP_RF -> NNI_Substep_7] - Distance: 105.0000
((4,(((18,((13,10),(9,5))),((20,(19,(((7,15),(14,6)),8))),3)),16)),(((11,12),(2,1)),17));

STEP 8 [NNI_ClassicHeuristic_MP_RF -> NNI_Substep_8] - Distance: 104.0000
((4,((16,((20,(19,(((7,15),(14,6)),8))),3)),(18,((13,10),(9,5))))),(((11,12),(2,1)),17));

STEP 9 [NNI_ClassicHeuristic_MP_RF -> NNI_Substep_9] - Distance: 101.0000
(((16,((20,(19,(((7,15),(14,6)),8))),3)),(4,(18,((13,10),(9,5))))),(((11,12),(2,1)),17));

STEP 10 [NNI_ClassicHeuristic_MP_RF -> NNI_Substep_10] - Distance: 99.0000
(((16,((20,(19,(((7,15),(14,6)),8))),3)),(((13,10),(9,5)),(18,4))),(((11,12),(2,1)),17));

STEP 11 [NNI_ClassicHeuristic_MP_RF -> NNI_Substep_11] - Distance: 98.0000
(((16,((20,(19,(((7,15),(14,6)),8))),3)),(((13,10),(9,5)),(18,4))),(((11,(2,1)),12),17));

STEP 12 [3sECR_ClassicHeuristic_MP_RF -> NNI_Substep_1] - Distance: 98.0000
(((16,((20,(19,(((7,15),(14,6)),8))),3)),((18,4),(((13,10),9),5))),(((11,(2,1)),12),17));

STEP 13 [3sECR_ClassicHeuristic_MP_RF -> NNI_Substep_2] - Distance: 98.0000
(((16,((20,(19,(((7,15),(14,6)),8))),3)),(((18,4),((13,10),9)),5)),(((11,(2,1)),12),17));

STEP 14 [3sECR_ClassicHeuristic_MP_RF -> NNI_Substep_3] - Distance: 94.0000
((((16,((20,(19,(((7,15),(14,6)),8))),3)),5),((18,4),((13,10),9))),(((11,(2,1)),12),17));

STEP 15 [3sECR_ClassicHeuristic_MP_RF -> NNI_Substep_4] - Distance: 94.0000
((((16,((20,(19,(((7,15),(14,6)),8))),3)),5),((18,4),((9,10),13))),(((11,(2,1)),12),17));

STEP 16 [3sECR_ClassicHeuristic_MP_RF -> NNI_Substep_5] - Distance: 94.0000
((((16,((20,(19,(((7,15),(14,6)),8))),3)),5),(((18,4),(9,10)),13)),(((11,(2,1)),12),17));

STEP 17 [3sECR_ClassicHeuristic_MP_RF -> NNI_Substep_6] - Distance: 91.0000
(((((16,((20,(19,(((7,15),(14,6)),8))),3)),5),13),((18,4),(9,10))),(((11,(2,1)),12),17));

STEP 18 [3sECR_ClassicHeuristic_MP_RF -> NNI_Substep_7] - Distance: 90.0000
(((13,((5,((20,(19,(((7,15),(14,6)),8))),3)),16)),((18,4),(9,10))),(((11,(2,1)),12),17));

STEP 19 [3sECR_ClassicHeuristic_MP_RF -> NNI_Substep_8] - Distance: 89.0000
(((13,(((5,(20,(19,(((7,15),(14,6)),8)))),3),16)),((18,4),(9,10))),(((11,(2,1)),12),17));

STEP 20 [3sECR_ClassicHeuristic_MP_RF -> NNI_Substep_9] - Distance: 88.0000
((((13,((5,(20,(19,(((7,15),(14,6)),8)))),3)),16),((18,4),(9,10))),(((11,(2,1)),12),17));

STEP 21 [3sECR_ClassicHeuristic_MP_RF -> NNI_Substep_10] - Distance: 85.0000
(((((13,3),(5,(20,(19,(((7,15),(14,6)),8))))),16),((18,4),(9,10))),(((11,(2,1)),12),17));

STEP 22 [SPR_ClassicHeuristic_MP_RF -> NNI_Substep_1] - Distance: 85.0000
(((((13,3),(5,(20,(19,((((7,15),6),14),8))))),16),((18,4),(9,10))),(((11,(2,1)),12),17));

STEP 23 [SPR_ClassicHeuristic_MP_RF -> NNI_Substep_2] - Distance: 85.0000
(((((13,3),(5,(20,(19,((((7,15),6),8),14))))),16),((18,4),(9,10))),(((11,(2,1)),12),17));

STEP 24 [SPR_ClassicHeuristic_MP_RF -> NNI_Substep_3] - Distance: 85.0000
(((((13,3),(5,(20,((19,(((7,15),6),8)),14)))),16),((18,4),(9,10))),(((11,(2,1)),12),17));

STEP 25 [SPR_ClassicHeuristic_MP_RF -> NNI_Substep_4] - Distance: 85.0000
(((((13,3),(5,((20,(19,(((7,15),6),8))),14))),16),((18,4),(9,10))),(((11,(2,1)),12),17));

STEP 26 [SPR_ClassicHeuristic_MP_RF -> NNI_Substep_5] - Distance: 85.0000
(((((13,3),((5,(20,(19,(((7,15),6),8)))),14)),16),((18,4),(9,10))),(((11,(2,1)),12),17));

STEP 27 [SPR_ClassicHeuristic_MP_RF -> NNI_Substep_6] - Distance: 85.0000
((((((13,3),(5,(20,(19,(((7,15),6),8))))),14),16),((18,4),(9,10))),(((11,(2,1)),12),17));

STEP 28 [SPR_ClassicHeuristic_MP_RF -> NNI_Substep_7] - Distance: 85.0000
((((((13,3),(5,(20,(19,(((7,15),6),8))))),16),14),((18,4),(9,10))),(((11,(2,1)),12),17));

STEP 29 [SPR_ClassicHeuristic_MP_RF -> NNI_Substep_8] - Distance: 85.0000
((((((13,3),(5,(20,(19,(((7,15),6),8))))),16),((18,4),(9,10))),14),(((11,(2,1)),12),17));

STEP 30 [SPR_ClassicHeuristic_MP_RF -> NNI_Substep_9] - Distance: 79.0000
(((((13,3),(5,(20,(19,(((7,15),6),8))))),16),(((18,4),(9,10)),14)),(((11,(2,1)),12),17));

STEP 31 [SPR_ClassicHeuristic_MP_RF -> NNI_Substep_10] - Distance: 77.0000
(((((13,3),(5,(20,(19,(((7,15),6),8))))),16),(((18,4),14),(9,10))),(((11,(2,1)),12),17));

STEP 32 [SPR_ClassicHeuristic_MP_RF -> NNI_Substep_11] - Distance: 76.0000
(((((13,3),(5,(20,(19,(((7,15),6),8))))),16),(((18,14),4),(9,10))),(((11,(2,1)),12),17));

STEP 33 [SPR_ClassicHeuristic_MP_RF -> NNI_Substep_12] - Distance: 76.0000
(((((13,3),(5,(20,(19,(((7,6),15),8))))),16),(((18,14),4),(9,10))),(((11,(2,1)),12),17));

STEP 34 [SPR_ClassicHeuristic_MP_RF -> NNI_Substep_13] - Distance: 76.0000
(((((13,3),(5,(20,(19,(((7,6),8),15))))),16),(((18,14),4),(9,10))),(((11,(2,1)),12),17));

STEP 35 [SPR_ClassicHeuristic_MP_RF -> NNI_Substep_14] - Distance: 76.0000
(((((13,3),(5,(20,((19,((7,6),8)),15)))),16),(((18,14),4),(9,10))),(((11,(2,1)),12),17));

STEP 36 [SPR_ClassicHeuristic_MP_RF -> NNI_Substep_15] - Distance: 76.0000
(((((13,3),(5,(20,((19,15),((7,6),8))))),16),(((18,14),4),(9,10))),(((11,(2,1)),12),17));

STEP 37 [SPR_ClassicHeuristic_MP_RF -> NNI_Substep_16] - Distance: 76.0000
(((((13,3),(5,((20,((7,6),8)),(19,15)))),16),(((18,14),4),(9,10))),(((11,(2,1)),12),17));

STEP 38 [SPR_ClassicHeuristic_MP_RF -> NNI_Substep_17] - Distance: 76.0000
(((((13,3),((5,(20,((7,6),8))),(19,15))),16),(((18,14),4),(9,10))),(((11,(2,1)),12),17));

STEP 39 [SPR_ClassicHeuristic_MP_RF -> NNI_Substep_18] - Distance: 76.0000
((((((13,3),(5,(20,((7,6),8)))),(19,15)),16),(((18,14),4),(9,10))),(((11,(2,1)),12),17));

STEP 40 [SPR_ClassicHeuristic_MP_RF -> NNI_Substep_19] - Distance: 76.0000
((((((13,3),(5,(20,((7,6),8)))),16),(19,15)),(((18,14),4),(9,10))),(((11,(2,1)),12),17));

STEP 41 [SPR_ClassicHeuristic_MP_RF -> NNI_Substep_20] - Distance: 76.0000
((((((13,3),(5,(20,((7,6),8)))),16),(((18,14),4),(9,10))),(19,15)),(((11,(2,1)),12),17));

STEP 42 [SPR_ClassicHeuristic_MP_RF -> NNI_Substep_21] - Distance: 51.0000
(((((13,3),(5,(20,((7,6),8)))),16),(((18,14),4),(9,10))),((((11,(2,1)),12),(19,15)),17));

STEP 43 [SPR_ClassicHeuristic_MP_RF -> NNI_Substep_22] - Distance: 49.0000
(((((13,3),(5,(20,((7,6),8)))),16),(((18,14),4),(9,10))),((((11,(2,1)),(19,15)),12),17));

STEP 44 [SPR_ClassicHeuristic_MP_RF -> NNI_Substep_23] - Distance: 47.0000
(((((13,3),(5,(20,((7,6),8)))),16),(((18,14),4),(9,10))),((((11,(19,15)),(2,1)),12),17));

STEP 45 [SPR_ClassicHeuristic_MP_RF -> NNI_Substep_24] - Distance: 47.0000
(((((13,3),((5,((7,6),8)),20)),16),(((18,14),4),(9,10))),((((11,(19,15)),(2,1)),12),17));

STEP 46 [SPR_ClassicHeuristic_MP_RF -> NNI_Substep_25] - Distance: 47.0000
((((((13,3),(5,((7,6),8))),20),16),(((18,14),4),(9,10))),((((11,(19,15)),(2,1)),12),17));

STEP 47 [SPR_ClassicHeuristic_MP_RF -> NNI_Substep_26] - Distance: 47.0000
((((((13,3),(5,((7,6),8))),16),20),(((18,14),4),(9,10))),((((11,(19,15)),(2,1)),12),17));

STEP 48 [SPR_ClassicHeuristic_MP_RF -> NNI_Substep_27] - Distance: 47.0000
((((((13,3),(5,((7,6),8))),16),(((18,14),4),(9,10))),20),((((11,(19,15)),(2,1)),12),17));

STEP 49 [SPR_ClassicHeuristic_MP_RF -> NNI_Substep_28] - Distance: 34.0000
(((((13,3),(5,((7,6),8))),16),(((18,14),4),(9,10))),(((((11,(19,15)),(2,1)),12),20),17));

STEP 50 [SPR_ClassicHeuristic_MP_RF -> NNI_Substep_29] - Distance: 33.0000
(((((13,3),(5,((7,6),8))),16),(((18,14),4),(9,10))),(((((11,(19,15)),(2,1)),20),12),17));

STEP 51 [SPR_ClassicHeuristic_MP_RF -> NNI_Substep_30] - Distance: 30.0000
(((((13,3),(5,((7,6),8))),16),(((18,14),4),(9,10))),((((11,(19,15)),((2,1),20)),12),17));

STEP 52 [SPR_ClassicHeuristic_MP_RF -> NNI_Substep_31] - Distance: 30.0000
(((((13,3),(5,((7,6),8))),16),(((18,14),4),(9,10))),((((11,(19,15)),((2,20),1)),12),17));

STEP 53 [SPR_ClassicHeuristic_MP_RF -> NNI_Substep_32] - Distance: 30.0000
(((((13,3),(5,((7,6),8))),16),(((18,14),4),(9,10))),(((((11,(19,15)),(2,20)),1),12),17));

STEP 54 [SPR_ClassicHeuristic_MP_RF -> NNI_Substep_33] - Distance: 30.0000
(((((13,3),(5,((7,6),8))),16),(((18,14),4),(9,10))),(((((11,(19,15)),(2,20)),12),1),17));

STEP 55 [SPR_ClassicHeuristic_MP_RF -> NNI_Substep_34] - Distance: 30.0000
(((((13,3),(5,((7,6),8))),16),(((18,14),4),(9,10))),(((((11,(19,15)),(2,20)),12),17),1));

STEP 56 [SPR_ClassicHeuristic_MP_RF -> NNI_Substep_35] - Distance: 12.0000
((((((13,3),(5,((7,6),8))),16),1),(((18,14),4),(9,10))),((((11,(19,15)),(2,20)),12),17));

STEP 57 [SPR_ClassicHeuristic_MP_RF -> NNI_Substep_36] - Distance: 12.0000
((((((13,3),((5,(7,6)),8)),16),1),(((18,14),4),(9,10))),((((11,(19,15)),(2,20)),12),17));

STEP 58 [SPR_ClassicHeuristic_MP_RF -> NNI_Substep_37] - Distance: 12.0000
(((((((13,3),(5,(7,6))),8),16),1),(((18,14),4),(9,10))),((((11,(19,15)),(2,20)),12),17));

STEP 59 [SPR_ClassicHeuristic_MP_RF -> NNI_Substep_38] - Distance: 12.0000
(((((((13,3),(5,(7,6))),16),8),1),(((18,14),4),(9,10))),((((11,(19,15)),(2,20)),12),17));

STEP 60 [SPR_ClassicHeuristic_MP_RF -> NNI_Substep_39] - Distance: 12.0000
(((((((13,3),(5,(7,6))),16),1),8),(((18,14),4),(9,10))),((((11,(19,15)),(2,20)),12),17));

STEP 61 [SPR_ClassicHeuristic_MP_RF -> NNI_Substep_40] - Distance: 7.0000
(((((((13,3),(5,(7,6))),16),1),(((18,14),4),(9,10))),8),((((11,(19,15)),(2,20)),12),17));

STEP 62 [SPR_ClassicHeuristic_MP_RF -> NNI_Substep_41] - Distance: 0.0000
((((((13,3),(5,(7,6))),16),1),((((18,14),4),(9,10)),8)),((((11,(19,15)),(2,20)),12),17));

========================================================
[FINAL] Total Steps: 62 | Final Distance: 0.0000
========================================================
