========================================================
HEURISTIC TRAJECTORY: VND Incremental (MP_RF)
========================================================
STEP 0 [START] - Distance: 136.0000
((((12,(10,((1,(4,(7,16))),(17,8)))),(20,(5,15))),(11,(14,(13,(6,18))))),((3,9),(2,19)));

STEP 1 [NNI_IncrementalHeuristic_MP_RF -> NNI_Substep_1] - Distance: 122.0000
((((11,(14,(13,(6,18)))),(2,19)),(3,9)),((12,(10,((1,(4,(7,16))),(17,8)))),(20,(5,15))));

STEP 2 [NNI_IncrementalHeuristic_MP_RF -> NNI_Substep_2] - Distance: 121.0000
(((((2,19),(14,(13,(6,18)))),11),(3,9)),((12,(10,((1,(4,(7,16))),(17,8)))),(20,(5,15))));

STEP 3 [NNI_IncrementalHeuristic_MP_RF -> NNI_Substep_3] - Distance: 120.0000
((3,((((2,19),(14,(13,(6,18)))),11),9)),((12,(10,((1,(4,(7,16))),(17,8)))),(20,(5,15))));

STEP 4 [NNI_IncrementalHeuristic_MP_RF -> NNI_Substep_4] - Distance: 119.0000
((3,((((2,19),(14,(13,(6,18)))),11),9)),((12,(10,(17,((1,(4,(7,16))),8)))),(20,(5,15))));

STEP 5 [Heur. rSPR MP_RF -> NNI_Substep_1] - Distance: 119.0000
((3,((((2,19),(14,(13,(6,18)))),11),9)),(((12,(17,((1,(4,(7,16))),8))),10),(20,(5,15))));

STEP 6 [Heur. rSPR MP_RF -> NNI_Substep_2] - Distance: 119.0000
((3,((((2,19),(14,(13,(6,18)))),11),9)),(((12,(17,((1,(4,(7,16))),8))),(20,(5,15))),10));

STEP 7 [Heur. rSPR MP_RF -> NNI_Substep_3] - Distance: 114.0000
((3,(((((2,19),(14,(13,(6,18)))),11),9),10)),((12,(17,((1,(4,(7,16))),8))),(20,(5,15))));

STEP 8 [Heur. rSPR MP_RF -> NNI_Substep_4] - Distance: 113.0000
((3,(((((2,19),(14,(13,(6,18)))),11),10),9)),((12,(17,((1,(4,(7,16))),8))),(20,(5,15))));

STEP 9 [Heur. rSPR MP_RF -> NNI_Substep_5] - Distance: 112.0000
((3,((((2,19),(14,(13,(6,18)))),(11,10)),9)),((12,(17,((1,(4,(7,16))),8))),(20,(5,15))));

STEP 10 [Heur. rSPR MP_RF -> NNI_Substep_6] - Distance: 112.0000
((3,((((2,19),(14,(13,(6,18)))),(11,10)),9)),((12,((17,(1,(4,(7,16)))),8)),(20,(5,15))));

STEP 11 [Heur. rSPR MP_RF -> NNI_Substep_7] - Distance: 112.0000
((3,((((2,19),(14,(13,(6,18)))),(11,10)),9)),(((12,(17,(1,(4,(7,16))))),8),(20,(5,15))));

STEP 12 [Heur. rSPR MP_RF -> NNI_Substep_8] - Distance: 111.0000
((3,((((2,19),(14,(13,(6,18)))),(11,10)),9)),(((12,(17,(1,(4,(7,16))))),(20,(5,15))),8));

STEP 13 [Heur. rSPR MP_RF -> NNI_Substep_9] - Distance: 105.0000
(((3,8),((((2,19),(14,(13,(6,18)))),(11,10)),9)),((12,(17,(1,(4,(7,16))))),(20,(5,15))));

STEP 14 [Heur. rSPR MP_RF -> NNI_Substep_10] - Distance: 105.0000
(((3,8),((((2,19),((14,(6,18)),13)),(11,10)),9)),((12,(17,(1,(4,(7,16))))),(20,(5,15))));

STEP 15 [Heur. rSPR MP_RF -> NNI_Substep_11] - Distance: 104.0000
(((3,8),(((((2,19),(14,(6,18))),13),(11,10)),9)),((12,(17,(1,(4,(7,16))))),(20,(5,15))));

STEP 16 [Heur. rSPR MP_RF -> NNI_Substep_12] - Distance: 104.0000
(((3,8),(((((2,19),(14,(6,18))),(11,10)),13),9)),((12,(17,(1,(4,(7,16))))),(20,(5,15))));

STEP 17 [Heur. rSPR MP_RF -> NNI_Substep_13] - Distance: 104.0000
(((3,8),(((((2,19),(14,(6,18))),(11,10)),9),13)),((12,(17,(1,(4,(7,16))))),(20,(5,15))));

STEP 18 [Heur. rSPR MP_RF -> NNI_Substep_14] - Distance: 104.0000
((((3,8),((((2,19),(14,(6,18))),(11,10)),9)),13),((12,(17,(1,(4,(7,16))))),(20,(5,15))));

STEP 19 [Heur. rSPR MP_RF -> NNI_Substep_15] - Distance: 97.0000
(((3,8),((((2,19),(14,(6,18))),(11,10)),9)),(((12,(17,(1,(4,(7,16))))),13),(20,(5,15))));

STEP 20 [Heur. rSPR MP_RF -> NNI_Substep_16] - Distance: 97.0000
(((3,8),((((2,19),(14,(6,18))),(11,10)),9)),((12,((17,(1,(4,(7,16)))),13)),(20,(5,15))));

STEP 21 [Heur. rSPR MP_RF -> NNI_Substep_17] - Distance: 96.0000
(((3,8),((((2,19),(14,(6,18))),(11,10)),9)),((12,((17,13),(1,(4,(7,16))))),(20,(5,15))));

STEP 22 [Heur. rSPR MP_RF -> NNI_Substep_18] - Distance: 96.0000
(((3,8),((((2,19),((14,18),6)),(11,10)),9)),((12,((17,13),(1,(4,(7,16))))),(20,(5,15))));

STEP 23 [Heur. rSPR MP_RF -> NNI_Substep_19] - Distance: 96.0000
(((3,8),(((((2,19),(14,18)),6),(11,10)),9)),((12,((17,13),(1,(4,(7,16))))),(20,(5,15))));

STEP 24 [Heur. rSPR MP_RF -> NNI_Substep_20] - Distance: 96.0000
(((3,8),(((((2,19),(14,18)),(11,10)),6),9)),((12,((17,13),(1,(4,(7,16))))),(20,(5,15))));

STEP 25 [Heur. rSPR MP_RF -> NNI_Substep_21] - Distance: 96.0000
(((3,8),(((((2,19),(14,18)),(11,10)),9),6)),((12,((17,13),(1,(4,(7,16))))),(20,(5,15))));

STEP 26 [Heur. rSPR MP_RF -> NNI_Substep_22] - Distance: 96.0000
((((3,8),((((2,19),(14,18)),(11,10)),9)),6),((12,((17,13),(1,(4,(7,16))))),(20,(5,15))));

STEP 27 [Heur. rSPR MP_RF -> NNI_Substep_23] - Distance: 87.0000
(((3,8),((((2,19),(14,18)),(11,10)),9)),(((12,((17,13),(1,(4,(7,16))))),6),(20,(5,15))));

STEP 28 [Heur. rSPR MP_RF -> NNI_Substep_24] - Distance: 88.0000
(((3,8),((((2,19),(14,18)),(11,10)),9)),((12,(((17,13),(1,(4,(7,16)))),6)),(20,(5,15))));

STEP 29 [Heur. rSPR MP_RF -> NNI_Substep_25] - Distance: 87.0000
(((3,8),((((2,19),(14,18)),(11,10)),9)),((12,((17,13),((1,(4,(7,16))),6))),(20,(5,15))));

STEP 30 [Heur. rSPR MP_RF -> NNI_Substep_26] - Distance: 87.0000
(((3,8),((((2,19),(14,18)),(11,10)),9)),((12,((17,13),(1,((4,(7,16)),6)))),(20,(5,15))));

STEP 31 [Heur. rSPR MP_RF -> NNI_Substep_27] - Distance: 87.0000
(((3,8),((((2,19),(14,18)),(11,10)),9)),((12,((17,13),(1,((4,6),(7,16))))),(20,(5,15))));

STEP 32 [Heur. rSPR MP_RF -> NNI_Substep_28] - Distance: 87.0000
(((3,8),((((2,(14,18)),19),(11,10)),9)),((12,((17,13),(1,((4,6),(7,16))))),(20,(5,15))));

STEP 33 [Heur. rSPR MP_RF -> NNI_Substep_29] - Distance: 87.0000
(((3,8),((((2,(14,18)),(11,10)),19),9)),((12,((17,13),(1,((4,6),(7,16))))),(20,(5,15))));

STEP 34 [Heur. rSPR MP_RF -> NNI_Substep_30] - Distance: 87.0000
(((3,8),((((2,(14,18)),(11,10)),9),19)),((12,((17,13),(1,((4,6),(7,16))))),(20,(5,15))));

STEP 35 [Heur. rSPR MP_RF -> NNI_Substep_31] - Distance: 87.0000
((((3,8),(((2,(14,18)),(11,10)),9)),19),((12,((17,13),(1,((4,6),(7,16))))),(20,(5,15))));

STEP 36 [Heur. rSPR MP_RF -> NNI_Substep_32] - Distance: 78.0000
(((3,8),(((2,(14,18)),(11,10)),9)),(((12,((17,13),(1,((4,6),(7,16))))),19),(20,(5,15))));

STEP 37 [Heur. rSPR MP_RF -> NNI_Substep_33] - Distance: 78.0000
(((3,8),(((2,(14,18)),(11,10)),9)),((12,(((17,13),(1,((4,6),(7,16)))),19)),(20,(5,15))));

STEP 38 [Heur. rSPR MP_RF -> NNI_Substep_34] - Distance: 76.0000
(((3,8),(((2,(14,18)),(11,10)),9)),((12,((17,13),((1,((4,6),(7,16))),19))),(20,(5,15))));

STEP 39 [Heur. rSPR MP_RF -> NNI_Substep_35] - Distance: 76.0000
(((3,8),(((2,(14,18)),(11,10)),9)),((12,((17,13),(1,(((4,6),(7,16)),19)))),(20,(5,15))));

STEP 40 [Heur. rSPR MP_RF -> NNI_Substep_36] - Distance: 76.0000
(((3,8),(((2,(14,18)),(11,10)),9)),((12,((17,13),(1,(((4,6),19),(7,16))))),(20,(5,15))));

STEP 41 [Heur. rSPR MP_RF -> NNI_Substep_37] - Distance: 76.0000
(((3,8),(((2,(11,10)),(14,18)),9)),((12,((17,13),(1,(((4,6),19),(7,16))))),(20,(5,15))));

STEP 42 [Heur. rSPR MP_RF -> NNI_Substep_38] - Distance: 76.0000
(((3,8),(((2,(11,10)),9),(14,18))),((12,((17,13),(1,(((4,6),19),(7,16))))),(20,(5,15))));

STEP 43 [Heur. rSPR MP_RF -> NNI_Substep_39] - Distance: 74.0000
((((3,8),((2,(11,10)),9)),(14,18)),((12,((17,13),(1,(((4,6),19),(7,16))))),(20,(5,15))));

STEP 44 [Heur. rSPR MP_RF -> NNI_Substep_40] - Distance: 70.0000
((((3,8),(14,18)),((2,(11,10)),9)),((12,((17,13),(1,(((4,6),19),(7,16))))),(20,(5,15))));

STEP 45 [Heur. rSPR MP_RF -> NNI_Substep_41] - Distance: 70.0000
((((3,8),(14,18)),((2,(11,10)),9)),((12,(((17,13),(((4,6),19),(7,16))),1)),(20,(5,15))));

STEP 46 [Heur. rSPR MP_RF -> NNI_Substep_42] - Distance: 70.0000
((((3,8),(14,18)),((2,(11,10)),9)),(((12,((17,13),(((4,6),19),(7,16)))),1),(20,(5,15))));

STEP 47 [Heur. rSPR MP_RF -> NNI_Substep_43] - Distance: 69.0000
((((3,8),(14,18)),((2,(11,10)),9)),(((12,((17,13),(((4,6),19),(7,16)))),(20,(5,15))),1));

STEP 48 [Heur. rSPR MP_RF -> NNI_Substep_44] - Distance: 62.0000
((((3,8),(14,18)),((2,(11,10)),9)),((12,((17,13),(((4,6),19),(7,16)))),((20,(5,15)),1)));

STEP 49 [Heur. rSPR MP_RF -> NNI_Substep_45] - Distance: 61.0000
((((3,8),(14,18)),((2,(11,10)),9)),((12,((17,13),(((4,6),19),(7,16)))),(20,((5,15),1))));

STEP 50 [Heur. rSPR MP_RF -> NNI_Substep_46] - Distance: 61.0000
((((3,8),(14,18)),((2,(11,10)),9)),((12,((17,13),(((4,6),19),(7,16)))),(20,((5,1),15))));

STEP 51 [Heur. rSPR MP_RF -> NNI_Substep_47] - Distance: 61.0000
((((3,8),(14,18)),((2,(11,10)),9)),((12,((17,13),((((4,6),19),16),7))),(20,((5,1),15))));

STEP 52 [Heur. rSPR MP_RF -> NNI_Substep_48] - Distance: 61.0000
((((3,8),(14,18)),((2,(11,10)),9)),((12,(((17,13),(((4,6),19),16)),7)),(20,((5,1),15))));

STEP 53 [Heur. rSPR MP_RF -> NNI_Substep_49] - Distance: 61.0000
((((3,8),(14,18)),((2,(11,10)),9)),(((12,((17,13),(((4,6),19),16))),7),(20,((5,1),15))));

STEP 54 [Heur. rSPR MP_RF -> NNI_Substep_50] - Distance: 60.0000
((((3,8),(14,18)),((2,(11,10)),9)),(((12,((17,13),(((4,6),19),16))),(20,((5,1),15))),7));

STEP 55 [Heur. rSPR MP_RF -> NNI_Substep_51] - Distance: 60.0000
((((3,8),(14,18)),((2,(11,10)),9)),((12,((17,13),(((4,6),19),16))),((20,((5,1),15)),7)));

STEP 56 [Heur. rSPR MP_RF -> NNI_Substep_52] - Distance: 60.0000
((((3,8),(14,18)),((2,(11,10)),9)),((12,((17,13),(((4,6),19),16))),(20,(((5,1),15),7))));

STEP 57 [Heur. rSPR MP_RF -> NNI_Substep_53] - Distance: 60.0000
((((3,8),(14,18)),((2,(11,10)),9)),((12,((17,13),(((4,6),19),16))),(20,((5,1),(15,7)))));

STEP 58 [Heur. rSPR MP_RF -> NNI_Substep_54] - Distance: 60.0000
((((3,8),(14,18)),((2,(11,10)),9)),((12,((17,13),(((4,6),19),16))),((20,(5,1)),(15,7))));

STEP 59 [Heur. rSPR MP_RF -> NNI_Substep_55] - Distance: 60.0000
((((3,8),(14,18)),((2,(11,10)),9)),(((12,((17,13),(((4,6),19),16))),(20,(5,1))),(15,7)));

STEP 60 [Heur. rSPR MP_RF -> NNI_Substep_56] - Distance: 32.0000
(((((3,8),(14,18)),(15,7)),((2,(11,10)),9)),((12,((17,13),(((4,6),19),16))),(20,(5,1))));

STEP 61 [Heur. rSPR MP_RF -> NNI_Substep_57] - Distance: 28.0000
((((3,8),((14,18),(15,7))),((2,(11,10)),9)),((12,((17,13),(((4,6),19),16))),(20,(5,1))));

STEP 62 [Heur. rSPR MP_RF -> NNI_Substep_58] - Distance: 28.0000
((((3,8),(14,(18,(15,7)))),((2,(11,10)),9)),((12,((17,13),(((4,6),19),16))),(20,(5,1))));

STEP 63 [Heur. rSPR MP_RF -> NNI_Substep_59] - Distance: 28.0000
(((((3,8),(18,(15,7))),14),((2,(11,10)),9)),((12,((17,13),(((4,6),19),16))),(20,(5,1))));

STEP 64 [Heur. rSPR MP_RF -> NNI_Substep_60] - Distance: 28.0000
(((((3,8),(18,(15,7))),((2,(11,10)),9)),14),((12,((17,13),(((4,6),19),16))),(20,(5,1))));

STEP 65 [Heur. rSPR MP_RF -> NNI_Substep_61] - Distance: 10.0000
((((3,8),(18,(15,7))),((2,(11,10)),9)),((12,((17,13),(((4,6),19),16))),((20,(5,1)),14)));

STEP 66 [Heur. rSPR MP_RF -> NNI_Substep_62] - Distance: 9.0000
((((3,8),(18,(15,7))),((2,(11,10)),9)),((12,((17,13),(((4,6),19),16))),(20,((5,1),14))));

STEP 67 [Heur. rSPR MP_RF -> NNI_Substep_63] - Distance: 5.0000
((((3,8),(18,(15,7))),((2,(11,10)),9)),((12,(((17,13),16),((4,6),19))),(20,((5,1),14))));

STEP 68 [Heur. rSPR MP_RF -> NNI_Substep_64] - Distance: 2.0000
((((3,8),(18,(15,7))),((2,(11,10)),9)),(((12,((17,13),16)),((4,6),19)),(20,((5,1),14))));

STEP 69 [Heur. rSPR MP_RF -> NNI_Substep_65] - Distance: 0.0000
((((3,8),(18,(15,7))),((2,(11,10)),9)),((((12,16),(17,13)),((4,6),19)),(20,((5,1),14))));

========================================================
[FINAL] Total Steps: 69 | Final Distance: 0.0000
========================================================
