========================================================
HEURISTIC TRAJECTORY: 2. NNI (Incremental) (M3)
========================================================
STEP 0 [START] - Distance: 813.0000
((17,(7,(13,(2,4)))),(6,14),(((((16,12),(3,9)),(15,10)),(19,11)),(1,((18,20),(5,8)))));

STEP 1 [NNI_IncrementalHeuristic_M3 -> NNI_Substep_1] - Distance: 791.0000
((17,(7,(13,(2,4)))),(6,14),((((19,11),(15,10)),((16,12),(3,9))),(1,((18,20),(5,8)))));

STEP 2 [NNI_IncrementalHeuristic_M3 -> NNI_Substep_2] - Distance: 763.0000
((17,(7,(13,(2,4)))),(6,14),(((16,12),(((19,11),(15,10)),(3,9))),(1,((18,20),(5,8)))));

STEP 3 [NNI_IncrementalHeuristic_M3 -> NNI_Substep_3] - Distance: 737.0000
((17,(7,(13,(2,4)))),(6,14),(((18,20),(5,8)),(1,((16,12),(((19,11),(15,10)),(3,9))))));

STEP 4 [NNI_IncrementalHeuristic_M3 -> NNI_Substep_4] - Distance: 710.0000
((17,(7,(13,(2,4)))),(6,14),(((18,20),(1,((16,12),(((19,11),(15,10)),(3,9))))),(5,8)));

STEP 5 [NNI_IncrementalHeuristic_M3 -> NNI_Substep_5] - Distance: 678.0000
((5,8),(6,14),(((18,20),(1,((16,12),(((19,11),(15,10)),(3,9))))),(17,(7,(13,(2,4))))));

STEP 6 [NNI_IncrementalHeuristic_M3 -> NNI_Substep_6] - Distance: 662.0000
(((6,14),8),5,(((18,20),(1,((16,12),(((19,11),(15,10)),(3,9))))),(17,(7,(13,(2,4))))));

STEP 7 [NNI_IncrementalHeuristic_M3 -> NNI_Substep_7] - Distance: 646.0000
(((6,14),8),5,(((18,20),(1,((16,12),((((15,10),11),19),(3,9))))),(17,(7,(13,(2,4))))));

STEP 8 [NNI_IncrementalHeuristic_M3 -> NNI_Substep_8] - Distance: 636.0000
(((6,14),8),5,((7,(13,(2,4))),(17,((18,20),(1,((16,12),((((15,10),11),19),(3,9))))))));

STEP 9 [NNI_IncrementalHeuristic_M3 -> NNI_Substep_9] - Distance: 626.0000
(((6,14),8),5,((7,(13,(2,4))),((18,20),(17,(1,((16,12),((((15,10),11),19),(3,9))))))));

STEP 10 [NNI_IncrementalHeuristic_M3 -> NNI_Substep_10] - Distance: 619.0000
(((6,14),8),5,((7,(13,(2,4))),((18,20),(1,(17,((16,12),((((15,10),11),19),(3,9))))))));

STEP 11 [NNI_IncrementalHeuristic_M3 -> NNI_Substep_11] - Distance: 608.0000
(((6,14),8),5,((7,(13,(2,4))),((18,20),(1,((16,12),(17,((((15,10),11),19),(3,9))))))));

STEP 12 [NNI_IncrementalHeuristic_M3 -> NNI_Substep_12] - Distance: 567.0000
(((6,14),8),5,((7,(13,(2,4))),((18,20),(1,((16,12),((((15,10),11),19),(17,(3,9))))))));

STEP 13 [NNI_IncrementalHeuristic_M3 -> NNI_Substep_13] - Distance: 549.0000
(((6,14),8),5,((7,(13,(2,4))),((18,20),(1,((16,12),((((15,10),11),19),(3,(17,9))))))));

STEP 14 [NNI_IncrementalHeuristic_M3 -> NNI_Substep_14] - Distance: 542.0000
(((6,14),8),5,((7,(13,(2,4))),((18,20),(1,((16,((((15,10),11),19),(3,(17,9)))),12)))));

STEP 15 [NNI_IncrementalHeuristic_M3 -> NNI_Substep_15] - Distance: 535.0000
(((6,14),8),5,((7,(13,(2,4))),((18,20),(12,((16,((((15,10),11),19),(3,(17,9)))),1)))));

STEP 16 [NNI_IncrementalHeuristic_M3 -> NNI_Substep_16] - Distance: 519.0000
(((6,14),8),5,((7,(13,(2,4))),(12,((18,20),((16,((((15,10),11),19),(3,(17,9)))),1)))));

STEP 17 [NNI_IncrementalHeuristic_M3 -> NNI_Substep_17] - Distance: 484.0000
(((6,14),8),5,(12,((7,(13,(2,4))),((18,20),((16,((((15,10),11),19),(3,(17,9)))),1)))));

STEP 18 [NNI_IncrementalHeuristic_M3 -> NNI_Substep_18] - Distance: 481.0000
(((6,14),8),5,(12,((7,(13,(2,4))),((18,20),((16,((((11,10),15),19),(3,(17,9)))),1)))));

STEP 19 [NNI_IncrementalHeuristic_M3 -> NNI_Substep_19] - Distance: 477.0000
(((6,14),8),5,(12,((7,(13,(2,4))),((18,20),((16,((((11,10),19),15),(3,(17,9)))),1)))));

STEP 20 [NNI_IncrementalHeuristic_M3 -> NNI_Substep_20] - Distance: 462.0000
(((6,14),8),5,(12,((7,(13,(2,4))),((18,20),((16,((((11,10),19),(3,(17,9))),15)),1)))));

STEP 21 [NNI_IncrementalHeuristic_M3 -> NNI_Substep_21] - Distance: 410.0000
(((6,14),8),5,(12,((7,(13,(2,4))),((18,20),(((((11,10),19),(3,(17,9))),(16,15)),1)))));

STEP 22 [NNI_IncrementalHeuristic_M3 -> NNI_Substep_22] - Distance: 408.0000
(((8,14),6),5,(12,((7,(13,(2,4))),((18,20),(((((11,10),19),(3,(17,9))),(16,15)),1)))));

STEP 23 [NNI_IncrementalHeuristic_M3 -> NNI_Substep_23] - Distance: 404.0000
((5,6),(8,14),(12,((7,(13,(2,4))),((18,20),(((((11,10),19),(3,(17,9))),(16,15)),1)))));

STEP 24 [NNI_IncrementalHeuristic_M3 -> NNI_Substep_24] - Distance: 398.0000
(12,(8,14),((5,6),((7,(13,(2,4))),((18,20),(((((11,10),19),(3,(17,9))),(16,15)),1)))));

STEP 25 [NNI_IncrementalHeuristic_M3 -> NNI_Substep_25] - Distance: 372.0000
(12,(8,14),((7,(13,(2,4))),((5,6),((18,20),(((((11,10),19),(3,(17,9))),(16,15)),1)))));

STEP 26 [NNI_IncrementalHeuristic_M3 -> NNI_Substep_26] - Distance: 344.0000
(12,(8,14),((7,(13,(2,4))),((18,20),((5,6),(((((11,10),19),(3,(17,9))),(16,15)),1)))));

STEP 27 [NNI_IncrementalHeuristic_M3 -> NNI_Substep_27] - Distance: 326.0000
(12,(8,14),((7,(13,(2,4))),((18,20),(1,(((((11,10),19),(3,(17,9))),(16,15)),(5,6))))));

STEP 28 [NNI_IncrementalHeuristic_M3 -> NNI_Substep_28] - Distance: 206.0000
(12,(8,14),((7,(13,(2,4))),((18,20),(1,(((5,6),(16,15)),(((11,10),19),(3,(17,9))))))));

STEP 29 [NNI_IncrementalHeuristic_M3 -> NNI_Substep_29] - Distance: 172.0000
(12,(8,14),((7,(13,(2,4))),((18,20),(1,((15,(16,(5,6))),(((11,10),19),(3,(17,9))))))));

STEP 30 [NNI_IncrementalHeuristic_M3 -> NNI_Substep_30] - Distance: 170.0000
(12,(8,14),((13,(7,(2,4))),((18,20),(1,((15,(16,(5,6))),(((11,10),19),(3,(17,9))))))));

STEP 31 [NNI_IncrementalHeuristic_M3 -> NNI_Substep_31] - Distance: 152.0000
(12,(8,14),((13,(2,(7,4))),((18,20),(1,((15,(16,(5,6))),(((11,10),19),(3,(17,9))))))));

STEP 32 [NNI_IncrementalHeuristic_M3 -> NNI_Substep_32] - Distance: 140.0000
(12,(8,14),((13,((18,20),(1,((15,(16,(5,6))),(((11,10),19),(3,(17,9))))))),(2,(7,4))));

STEP 33 [NNI_IncrementalHeuristic_M3 -> NNI_Substep_33] - Distance: 126.0000
(12,(8,14),(((18,20),(13,(1,((15,(16,(5,6))),(((11,10),19),(3,(17,9))))))),(2,(7,4))));

STEP 34 [NNI_IncrementalHeuristic_M3 -> NNI_Substep_34] - Distance: 117.0000
(12,(8,14),(((18,20),(1,(13,((15,(16,(5,6))),(((11,10),19),(3,(17,9))))))),(2,(7,4))));

STEP 35 [NNI_IncrementalHeuristic_M3 -> NNI_Substep_35] - Distance: 77.0000
(12,(8,14),(((18,20),(1,((15,(16,(5,6))),(13,(((11,10),19),(3,(17,9))))))),(2,(7,4))));

STEP 36 [NNI_IncrementalHeuristic_M3 -> NNI_Substep_36] - Distance: 35.0000
(12,(8,14),(((18,20),(1,((15,(16,(5,6))),((3,(17,9)),(((11,10),19),13))))),(2,(7,4))));

STEP 37 [NNI_IncrementalHeuristic_M3 -> NNI_Substep_37] - Distance: 18.0000
(12,(8,14),(((18,20),(1,((15,(16,(5,6))),((3,(17,9)),(((11,10),13),19))))),(2,(7,4))));

STEP 38 [NNI_IncrementalHeuristic_M3 -> NNI_Substep_38] - Distance: 0.0000
(12,(8,14),(((18,20),(1,((15,(16,(5,6))),((3,(17,9)),(((13,10),11),19))))),(2,(7,4))));

========================================================
[FINAL] Total Steps: 38 | Final Distance: 0.0000
========================================================
