========================================================
HEURISTIC TRAJECTORY: VND Incremental (M3)
========================================================
STEP 0 [START] - Distance: 873.0000
(5,((10,6),(12,(((14,13),(8,(11,20))),(17,(4,9))))),(1,(18,((19,(16,15)),(7,(3,2))))));

STEP 1 [NNI_IncrementalHeuristic_M3 -> NNI_Substep_1] - Distance: 847.0000
(5,((10,6),(12,(((11,20),(8,(14,13))),(17,(4,9))))),(1,(18,((19,(16,15)),(7,(3,2))))));

STEP 2 [NNI_IncrementalHeuristic_M3 -> NNI_Substep_2] - Distance: 826.0000
(5,(((12,(((11,20),(8,(14,13))),(17,(4,9)))),6),10),(1,(18,((19,(16,15)),(7,(3,2))))));

STEP 3 [NNI_IncrementalHeuristic_M3 -> NNI_Substep_3] - Distance: 815.0000
(5,(((12,(((11,20),(8,(14,13))),(17,(4,9)))),6),10),(((19,(16,15)),(7,(3,2))),(18,1)));

STEP 4 [NNI_IncrementalHeuristic_M3 -> NNI_Substep_4] - Distance: 807.0000
(5,(((12,(((11,20),(8,(14,13))),(17,(4,9)))),6),10),(((18,1),(7,(3,2))),(19,(16,15))));

STEP 5 [NNI_IncrementalHeuristic_M3 -> NNI_Substep_5] - Distance: 796.0000
(5,(((12,(((11,20),(8,(14,13))),(17,(4,9)))),6),10),(19,(((18,1),(7,(3,2))),(16,15))));

STEP 6 [NNI_IncrementalHeuristic_M3 -> NNI_Substep_6] - Distance: 790.0000
(5,(((12,(((11,20),(8,(14,13))),(17,(4,9)))),6),10),(19,((7,((18,1),(3,2))),(16,15))));

STEP 7 [NNI_IncrementalHeuristic_M3 -> NNI_Substep_7] - Distance: 784.0000
(5,(((12,(((11,20),(8,(14,13))),(17,(4,9)))),6),10),(19,(16,((7,((18,1),(3,2))),15))));

STEP 8 [NNI_IncrementalHeuristic_M3 -> NNI_Substep_8] - Distance: 779.0000
(5,(((((11,20),(8,(14,13))),(12,(17,(4,9)))),6),10),(19,(16,((7,((18,1),(3,2))),15))));

STEP 9 [NNI_IncrementalHeuristic_M3 -> NNI_Substep_9] - Distance: 775.0000
(5,(((((11,20),(8,(14,13))),(12,(17,(4,9)))),6),10),(19,(16,((7,(2,(3,(18,1)))),15))));

STEP 10 [NNI_IncrementalHeuristic_M3 -> NNI_Substep_10] - Distance: 773.0000
(10,(((((11,20),(8,(14,13))),(12,(17,(4,9)))),6),5),(19,(16,((7,(2,(3,(18,1)))),15))));

STEP 11 [NNI_IncrementalHeuristic_M3 -> NNI_Substep_11] - Distance: 770.0000
(19,(((((11,20),(8,(14,13))),(12,(17,(4,9)))),6),5),(10,(16,((7,(2,(3,(18,1)))),15))));

STEP 12 [NNI_IncrementalHeuristic_M3 -> NNI_Substep_12] - Distance: 768.0000
(19,(((((11,20),(13,(14,8))),(12,(17,(4,9)))),6),5),(10,(16,((7,(2,(3,(18,1)))),15))));

STEP 13 [NNI_IncrementalHeuristic_M3 -> NNI_Substep_13] - Distance: 764.0000
(19,((((13,((11,20),(14,8))),(12,(17,(4,9)))),6),5),(10,(16,((7,(2,(3,(18,1)))),15))));

STEP 14 [NNI_IncrementalHeuristic_M3 -> NNI_Substep_14] - Distance: 747.0000
(19,((((13,(12,(17,(4,9)))),((11,20),(14,8))),6),5),(10,(16,((7,(2,(3,(18,1)))),15))));

STEP 15 [NNI_IncrementalHeuristic_M3 -> NNI_Substep_15] - Distance: 743.0000
(19,((((13,(12,(17,(4,9)))),6),((11,20),(14,8))),5),(10,(16,((7,(2,(3,(18,1)))),15))));

STEP 16 [NNI_IncrementalHeuristic_M3 -> NNI_Substep_16] - Distance: 735.0000
(19,((((13,(12,(17,(4,9)))),6),5),((11,20),(14,8))),(10,(16,((7,(2,(3,(18,1)))),15))));

STEP 17 [NNI_IncrementalHeuristic_M3 -> NNI_Substep_17] - Distance: 699.0000
((((13,(12,(17,(4,9)))),6),5),(19,((11,20),(14,8))),(10,(16,((7,(2,(3,(18,1)))),15))));

STEP 18 [NNI_IncrementalHeuristic_M3 -> NNI_Substep_18] - Distance: 669.0000
((((13,(12,(17,(4,9)))),6),5),((11,20),(19,(14,8))),(10,(16,((7,(2,(3,(18,1)))),15))));

STEP 19 [NNI_IncrementalHeuristic_M3 -> NNI_Substep_19] - Distance: 660.0000
((((13,(12,(17,(4,9)))),5),6),((11,20),(19,(14,8))),(10,(16,((7,(2,(3,(18,1)))),15))));

STEP 20 [NNI_IncrementalHeuristic_M3 -> NNI_Substep_20] - Distance: 657.0000
((((12,(13,(17,(4,9)))),5),6),((11,20),(19,(14,8))),(10,(16,((7,(2,(3,(18,1)))),15))));

STEP 21 [NNI_IncrementalHeuristic_M3 -> NNI_Substep_21] - Distance: 654.0000
((((5,(13,(17,(4,9)))),12),6),((11,20),(19,(14,8))),(10,(16,((7,(2,(3,(18,1)))),15))));

STEP 22 [NNI_IncrementalHeuristic_M3 -> NNI_Substep_22] - Distance: 650.0000
((((5,(13,(17,(4,9)))),6),12),((11,20),(19,(14,8))),(10,(16,((7,(2,(3,(18,1)))),15))));

STEP 23 [NNI_IncrementalHeuristic_M3 -> NNI_Substep_23] - Distance: 630.0000
((((5,(13,(17,(4,9)))),6),((11,20),(19,(14,8)))),12,(10,(16,((7,(2,(3,(18,1)))),15))));

STEP 24 [NNI_IncrementalHeuristic_M3 -> NNI_Substep_24] - Distance: 623.0000
((16,((7,(2,(3,(18,1)))),15)),12,(10,(((5,(13,(17,(4,9)))),6),((11,20),(19,(14,8))))));

STEP 25 [NNI_IncrementalHeuristic_M3 -> NNI_Substep_25] - Distance: 620.0000
((12,((7,(2,(3,(18,1)))),15)),16,(10,(((5,(13,(17,(4,9)))),6),((11,20),(19,(14,8))))));

STEP 26 [NNI_IncrementalHeuristic_M3 -> NNI_Substep_26] - Distance: 616.0000
((((5,(13,(17,(4,9)))),6),((11,20),(19,(14,8)))),16,(10,(12,((7,(2,(3,(18,1)))),15))));

STEP 27 [NNI_IncrementalHeuristic_M3 -> NNI_Substep_27] - Distance: 596.0000
((((5,(13,(17,(4,9)))),6),16),((11,20),(19,(14,8))),(10,(12,((7,(2,(3,(18,1)))),15))));

STEP 28 [NNI_IncrementalHeuristic_M3 -> NNI_Substep_28] - Distance: 553.0000
(((16,6),(5,(13,(17,(4,9))))),((11,20),(19,(14,8))),(10,(12,((7,(2,(3,(18,1)))),15))));

STEP 29 [NNI_IncrementalHeuristic_M3 -> NNI_Substep_29] - Distance: 550.0000
(((16,6),(5,(13,(17,(4,9))))),((11,20),(19,(14,8))),(10,(15,((7,(2,(3,(18,1)))),12))));

STEP 30 [NNI_IncrementalHeuristic_M3 -> NNI_Substep_30] - Distance: 546.0000
(((16,6),(5,(13,(17,(4,9))))),((11,20),(19,(14,8))),(15,(10,((7,(2,(3,(18,1)))),12))));

STEP 31 [NNI_IncrementalHeuristic_M3 -> NNI_Substep_31] - Distance: 512.0000
(15,((11,20),(19,(14,8))),(((16,6),(5,(13,(17,(4,9))))),(10,((7,(2,(3,(18,1)))),12))));

STEP 32 [NNI_IncrementalHeuristic_M3 -> NNI_Substep_32] - Distance: 470.0000
((19,(14,8)),((11,20),15),(((16,6),(5,(13,(17,(4,9))))),(10,((7,(2,(3,(18,1)))),12))));

STEP 33 [NNI_IncrementalHeuristic_M3 -> NNI_Substep_33] - Distance: 466.0000
((19,(14,8)),((11,20),15),(((16,6),(5,(13,(17,(4,9))))),(10,((12,(2,(3,(18,1)))),7))));

STEP 34 [NNI_IncrementalHeuristic_M3 -> NNI_Substep_34] - Distance: 461.0000
((19,(14,8)),((11,20),15),(((16,6),(5,(13,(17,(4,9))))),(7,((12,(2,(3,(18,1)))),10))));

STEP 35 [NNI_IncrementalHeuristic_M3 -> NNI_Substep_35] - Distance: 420.0000
((19,(14,8)),((11,20),15),(7,(((16,6),(5,(13,(17,(4,9))))),((12,(2,(3,(18,1)))),10))));

STEP 36 [NNI_IncrementalHeuristic_M3 -> NNI_Substep_36] - Distance: 375.0000
(7,((11,20),15),((19,(14,8)),(((16,6),(5,(13,(17,(4,9))))),((12,(2,(3,(18,1)))),10))));

STEP 37 [NNI_IncrementalHeuristic_M3 -> NNI_Substep_37] - Distance: 357.0000
(15,((11,20),7),((19,(14,8)),(((16,6),(5,(13,(17,(4,9))))),((12,(2,(3,(18,1)))),10))));

STEP 38 [NNI_IncrementalHeuristic_M3 -> NNI_Substep_38] - Distance: 354.0000
(15,((11,20),7),((19,(14,8)),(((16,6),(5,(13,(17,(4,9))))),((2,(12,(3,(18,1)))),10))));

STEP 39 [NNI_IncrementalHeuristic_M3 -> NNI_Substep_39] - Distance: 350.0000
(15,((11,20),7),((19,(14,8)),(((16,6),(5,(13,(17,(4,9))))),((10,(12,(3,(18,1)))),2))));

STEP 40 [NNI_IncrementalHeuristic_M3 -> NNI_Substep_40] - Distance: 322.0000
(15,((11,20),7),((19,(14,8)),((10,(12,(3,(18,1)))),(((16,6),(5,(13,(17,(4,9))))),2))));

STEP 41 [NNI_IncrementalHeuristic_M3 -> NNI_Substep_41] - Distance: 300.0000
(15,((11,20),7),((19,(14,8)),((10,(12,(3,(18,1)))),((2,(5,(13,(17,(4,9))))),(16,6)))));

STEP 42 [NNI_IncrementalHeuristic_M3 -> NNI_Substep_42] - Distance: 287.0000
(15,((11,20),7),((19,(14,8)),((10,(12,(3,(18,1)))),((5,(2,(13,(17,(4,9))))),(16,6)))));

STEP 43 [NNI_IncrementalHeuristic_M3 -> NNI_Substep_43] - Distance: 269.0000
(15,((11,20),7),((19,(14,8)),((10,(12,(3,(18,1)))),((5,((17,(4,9)),(13,2))),(16,6)))));

STEP 44 [NNI_IncrementalHeuristic_M3 -> NNI_Substep_44] - Distance: 265.0000
(15,((11,20),7),((19,(14,8)),((10,(12,(3,(18,1)))),((5,(((13,2),(4,9)),17)),(16,6)))));

STEP 45 [NNI_IncrementalHeuristic_M3 -> NNI_Substep_45] - Distance: 261.0000
(15,((11,20),7),((19,(14,8)),((10,(12,(3,(18,1)))),((17,(((13,2),(4,9)),5)),(16,6)))));

STEP 46 [NNI_IncrementalHeuristic_M3 -> NNI_Substep_46] - Distance: 251.0000
(15,((11,20),7),((19,(14,8)),((10,(12,(3,(18,1)))),(((16,6),(((13,2),(4,9)),5)),17))));

STEP 47 [NNI_IncrementalHeuristic_M3 -> NNI_Substep_47] - Distance: 202.0000
(15,((11,20),7),((19,(14,8)),(((16,6),(((13,2),(4,9)),5)),((10,(12,(3,(18,1)))),17))));

STEP 48 [NNI_IncrementalHeuristic_M3 -> NNI_Substep_48] - Distance: 188.0000
(15,((11,20),7),((19,(14,8)),(((16,6),(((13,2),(4,9)),5)),((17,(12,(3,(18,1)))),10))));

STEP 49 [NNI_IncrementalHeuristic_M3 -> NNI_Substep_49] - Distance: 172.0000
(15,((11,20),7),((19,(14,8)),(((16,6),(((13,2),(4,9)),5)),((12,(17,(3,(18,1)))),10))));

STEP 50 [NNI_IncrementalHeuristic_M3 -> NNI_Substep_50] - Distance: 155.0000
(15,((11,20),7),((19,(14,8)),(((16,6),(((13,2),(4,9)),5)),((12,(3,(17,(18,1)))),10))));

STEP 51 [NNI_IncrementalHeuristic_M3 -> NNI_Substep_51] - Distance: 137.0000
(15,((11,20),7),((19,(14,8)),(((16,6),(((13,2),(4,9)),5)),((12,(3,(1,(18,17)))),10))));

STEP 52 [NNI_IncrementalHeuristic_M3 -> NNI_Substep_52] - Distance: 133.0000
(15,((11,20),7),((19,(14,8)),(((16,6),((9,(4,(13,2))),5)),((12,(3,(1,(18,17)))),10))));

STEP 53 [NNI_IncrementalHeuristic_M3 -> NNI_Substep_53] - Distance: 129.0000
(15,((11,20),7),((19,(14,8)),(((16,6),((5,(4,(13,2))),9)),((12,(3,(1,(18,17)))),10))));

STEP 54 [NNI_IncrementalHeuristic_M3 -> NNI_Substep_54] - Distance: 119.0000
(15,((11,20),7),((19,(14,8)),((9,((5,(4,(13,2))),(16,6))),((12,(3,(1,(18,17)))),10))));

STEP 55 [NNI_IncrementalHeuristic_M3 -> NNI_Substep_55] - Distance: 70.0000
(15,((11,20),7),((19,(14,8)),((9,((12,(3,(1,(18,17)))),10)),((5,(4,(13,2))),(16,6)))));

STEP 56 [NNI_IncrementalHeuristic_M3 -> NNI_Substep_56] - Distance: 0.0000
(15,((11,20),7),((19,(14,8)),(((12,(3,(1,(18,17)))),(9,10)),((5,(4,(13,2))),(16,6)))));

========================================================
[FINAL] Total Steps: 56 | Final Distance: 0.0000
========================================================
