========================================================
HEURISTIC TRAJECTORY: VND Classic (RF)
========================================================
STEP 0 [START] - Distance: 17.0000
((2,(10,1)),(3,13),(6,(((((18,14),(15,(16,20))),(7,(8,(5,(11,19))))),(17,4)),(12,9))));

STEP 1 [3sECR_ClassicHeuristic_RF -> NNI_Substep_1] - Distance: 17.0000
((2,(10,1)),(3,13),(6,((((18,14),(15,(16,20))),((7,(8,(5,(11,19)))),(17,4))),(12,9))));

STEP 2 [3sECR_ClassicHeuristic_RF -> NNI_Substep_2] - Distance: 17.0000
((2,(10,1)),(3,13),(6,((((18,14),(15,(16,20))),(((7,(8,(5,(11,19)))),17),4)),(12,9))));

STEP 3 [3sECR_ClassicHeuristic_RF -> NNI_Substep_3] - Distance: 16.0000
((2,(10,1)),(3,13),(6,((((18,14),(15,(16,20))),(((7,17),(8,(5,(11,19)))),4)),(12,9))));

STEP 4 [uSPR_ClassicHeuristic_RF -> NNI_Substep_1] - Distance: 16.0000
(((2,1),10),(3,13),(6,((((18,14),(15,(16,20))),(((7,17),(8,(5,(11,19)))),4)),(12,9))));

STEP 5 [uSPR_ClassicHeuristic_RF -> NNI_Substep_2] - Distance: 16.0000
((2,1),(3,13),((6,((((18,14),(15,(16,20))),(((7,17),(8,(5,(11,19)))),4)),(12,9))),10));

STEP 6 [uSPR_ClassicHeuristic_RF -> NNI_Substep_3] - Distance: 15.0000
((2,1),(3,13),((6,10),((((18,14),(15,(16,20))),(((7,17),(8,(5,(11,19)))),4)),(12,9))));

STEP 7 [uSPR_ClassicHeuristic_RF -> NNI_Substep_4] - Distance: 15.0000
((2,1),13,(((6,10),((((18,14),(15,(16,20))),(((7,17),(8,(5,(11,19)))),4)),(12,9))),3));

STEP 8 [uSPR_ClassicHeuristic_RF -> NNI_Substep_5] - Distance: 15.0000
((2,1),13,((6,10),(((((18,14),(15,(16,20))),(((7,17),(8,(5,(11,19)))),4)),(12,9)),3)));

STEP 9 [uSPR_ClassicHeuristic_RF -> NNI_Substep_6] - Distance: 15.0000
((2,1),13,((6,10),(((((18,14),(15,(16,20))),(((7,17),(8,(5,(11,19)))),4)),3),(12,9))));

STEP 10 [uSPR_ClassicHeuristic_RF -> NNI_Substep_7] - Distance: 15.0000
((2,1),13,((6,10),((((18,14),(15,(16,20))),((((7,17),(8,(5,(11,19)))),4),3)),(12,9))));

STEP 11 [uSPR_ClassicHeuristic_RF -> NNI_Substep_8] - Distance: 14.0000
((2,1),13,((6,10),((((18,14),(15,(16,20))),(((7,17),(8,(5,(11,19)))),(4,3))),(12,9))));

STEP 12 [uSPR_ClassicHeuristic_RF -> NNI_Substep_9] - Distance: 14.0000
(2,1,((6,10),(((((18,14),(15,(16,20))),(((7,17),(8,(5,(11,19)))),(4,3))),(12,9)),13)));

STEP 13 [uSPR_ClassicHeuristic_RF -> NNI_Substep_10] - Distance: 14.0000
(2,1,((6,10),(((((18,14),(15,(16,20))),(((7,17),(8,(5,(11,19)))),(4,3))),13),(12,9))));

STEP 14 [uSPR_ClassicHeuristic_RF -> NNI_Substep_11] - Distance: 14.0000
(2,1,((6,10),(((((18,14),(15,(16,20))),13),(((7,17),(8,(5,(11,19)))),(4,3))),(12,9))));

STEP 15 [uSPR_ClassicHeuristic_RF -> NNI_Substep_12] - Distance: 14.0000
(2,1,((6,10),(((((18,14),13),(15,(16,20))),(((7,17),(8,(5,(11,19)))),(4,3))),(12,9))));

STEP 16 [uSPR_ClassicHeuristic_RF -> NNI_Substep_13] - Distance: 13.0000
(2,1,((6,10),((((18,(14,13)),(15,(16,20))),(((7,17),(8,(5,(11,19)))),(4,3))),(12,9))));

STEP 17 [uSPR_ClassicHeuristic_RF -> NNI_Substep_14] - Distance: 13.0000
(2,1,((6,10),((((18,(15,(16,20))),(14,13)),(((7,17),(8,(5,(11,19)))),(4,3))),(12,9))));

STEP 18 [uSPR_ClassicHeuristic_RF -> NNI_Substep_15] - Distance: 13.0000
(2,1,((6,10),((((18,(15,(16,20))),(((7,17),(8,(5,(11,19)))),(4,3))),(14,13)),(12,9))));

STEP 19 [uSPR_ClassicHeuristic_RF -> NNI_Substep_16] - Distance: 13.0000
(2,1,((6,10),((((18,(15,(16,20))),(((7,17),(8,(5,(11,19)))),(4,3))),(12,9)),(14,13))));

STEP 20 [uSPR_ClassicHeuristic_RF -> NNI_Substep_17] - Distance: 13.0000
(2,1,((6,10),(((18,(15,(16,20))),(((7,17),(8,(5,(11,19)))),(4,3))),((12,9),(14,13)))));

STEP 21 [uSPR_ClassicHeuristic_RF -> NNI_Substep_18] - Distance: 12.0000
(2,1,((6,10),(((18,(15,(16,20))),(((7,17),(8,(5,(11,19)))),(4,3))),((12,(14,13)),9))));

STEP 22 [uSPR_ClassicHeuristic_RF -> NNI_Substep_19] - Distance: 12.0000
((6,10),((((18,(15,(16,20))),(((7,17),(8,(5,(11,19)))),(4,3))),((12,(14,13)),9)),2),1);

STEP 23 [uSPR_ClassicHeuristic_RF -> NNI_Substep_20] - Distance: 12.0000
((6,10),((((18,(15,(16,20))),(((7,17),(8,(5,(11,19)))),(4,3))),2),((12,(14,13)),9)),1);

STEP 24 [uSPR_ClassicHeuristic_RF -> NNI_Substep_21] - Distance: 12.0000
((6,10),((((18,(15,(16,20))),2),(((7,17),(8,(5,(11,19)))),(4,3))),((12,(14,13)),9)),1);

STEP 25 [uSPR_ClassicHeuristic_RF -> NNI_Substep_22] - Distance: 11.0000
((6,10),((((18,2),(15,(16,20))),(((7,17),(8,(5,(11,19)))),(4,3))),((12,(14,13)),9)),1);

STEP 26 [uSPR_ClassicHeuristic_RF -> NNI_Substep_23] - Distance: 11.0000
((6,10),((((15,(16,20)),(((7,17),(8,(5,(11,19)))),(4,3))),(18,2)),((12,(14,13)),9)),1);

STEP 27 [uSPR_ClassicHeuristic_RF -> NNI_Substep_24] - Distance: 11.0000
((6,10),(((15,(16,20)),((((7,17),(8,(5,(11,19)))),(4,3)),(18,2))),((12,(14,13)),9)),1);

STEP 28 [uSPR_ClassicHeuristic_RF -> NNI_Substep_25] - Distance: 11.0000
((6,10),(((15,(16,20)),((((7,17),(8,(5,(11,19)))),(18,2)),(4,3))),((12,(14,13)),9)),1);

STEP 29 [uSPR_ClassicHeuristic_RF -> NNI_Substep_26] - Distance: 11.0000
((6,10),(((15,(16,20)),(((7,17),((8,(5,(11,19))),(18,2))),(4,3))),((12,(14,13)),9)),1);

STEP 30 [uSPR_ClassicHeuristic_RF -> NNI_Substep_27] - Distance: 10.0000
((6,10),(((15,(16,20)),(((7,17),((8,(18,2)),(5,(11,19)))),(4,3))),((12,(14,13)),9)),1);

STEP 31 [uSPR_ClassicHeuristic_RF -> NNI_Substep_28] - Distance: 10.0000
((6,10),(((15,(16,20)),(((7,17),(5,((11,19),(8,(18,2))))),(4,3))),((12,(14,13)),9)),1);

STEP 32 [uSPR_ClassicHeuristic_RF -> NNI_Substep_29] - Distance: 9.0000
((6,10),(((15,(16,20)),(((7,17),(5,(11,(19,(8,(18,2)))))),(4,3))),((12,(14,13)),9)),1);

STEP 33 [uSPR_ClassicHeuristic_RF -> NNI_Substep_30] - Distance: 9.0000
((6,10),((((16,20),(((7,17),(5,(11,(19,(8,(18,2)))))),(4,3))),15),((12,(14,13)),9)),1);

STEP 34 [uSPR_ClassicHeuristic_RF -> NNI_Substep_31] - Distance: 9.0000
((6,10),((((((7,17),(5,(11,(19,(8,(18,2)))))),(4,3)),15),(16,20)),((12,(14,13)),9)),1);

STEP 35 [uSPR_ClassicHeuristic_RF -> NNI_Substep_32] - Distance: 9.0000
((6,10),((((((7,17),(5,(11,(19,(8,(18,2)))))),15),(4,3)),(16,20)),((12,(14,13)),9)),1);

STEP 36 [uSPR_ClassicHeuristic_RF -> NNI_Substep_33] - Distance: 9.0000
((6,10),(((16,20),(((7,17),((5,(11,(19,(8,(18,2))))),15)),(4,3))),((12,(14,13)),9)),1);

STEP 37 [uSPR_ClassicHeuristic_RF -> NNI_Substep_34] - Distance: 8.0000
((6,10),(((16,20),(((7,17),((5,15),(11,(19,(8,(18,2)))))),(4,3))),((12,(14,13)),9)),1);

STEP 38 [uSPR_ClassicHeuristic_RF -> NNI_Substep_35] - Distance: 7.0000
((6,10),(((16,20),(((7,17),(((5,15),(19,(8,(18,2)))),11)),(4,3))),((12,(14,13)),9)),1);

STEP 39 [uSPR_ClassicHeuristic_RF -> NNI_Substep_36] - Distance: 6.0000
((6,10),(((16,20),((((7,17),((5,15),(19,(8,(18,2))))),11),(4,3))),((12,(14,13)),9)),1);

STEP 40 [uSPR_ClassicHeuristic_RF -> NNI_Substep_37] - Distance: 6.0000
((6,10),(((16,20),((((7,17),((5,15),(19,(8,(18,2))))),(4,3)),11)),((12,(14,13)),9)),1);

STEP 41 [uSPR_ClassicHeuristic_RF -> NNI_Substep_38] - Distance: 6.0000
((6,10),((((16,20),(((7,17),((5,15),(19,(8,(18,2))))),(4,3))),11),((12,(14,13)),9)),1);

STEP 42 [uSPR_ClassicHeuristic_RF -> NNI_Substep_39] - Distance: 6.0000
((6,10),((((16,20),(((7,17),((5,15),(19,(8,(18,2))))),(4,3))),((12,(14,13)),9)),11),1);

STEP 43 [uSPR_ClassicHeuristic_RF -> NNI_Substep_40] - Distance: 6.0000
((6,10),(((16,20),(((7,17),((5,15),(19,(8,(18,2))))),(4,3))),(((12,(14,13)),9),11)),1);

STEP 44 [uSPR_ClassicHeuristic_RF -> NNI_Substep_41] - Distance: 5.0000
((6,10),(((16,20),(((7,17),((5,15),(19,(8,(18,2))))),(4,3))),((12,(14,13)),(9,11))),1);

STEP 45 [uSPR_ClassicHeuristic_RF -> NNI_Substep_42] - Distance: 5.0000
((6,10),(((16,(((7,17),((5,15),(19,(8,(18,2))))),(4,3))),20),((12,(14,13)),(9,11))),1);

STEP 46 [uSPR_ClassicHeuristic_RF -> NNI_Substep_43] - Distance: 5.0000
((6,10),(((16,(((7,17),((5,15),(19,(8,(18,2))))),(4,3))),((12,(14,13)),(9,11))),20),1);

STEP 47 [uSPR_ClassicHeuristic_RF -> NNI_Substep_44] - Distance: 4.0000
((6,10),((16,(((7,17),((5,15),(19,(8,(18,2))))),(4,3))),((12,(14,13)),(9,11))),(1,20));

STEP 48 [uSPR_ClassicHeuristic_RF -> NNI_Substep_45] - Distance: 4.0000
(((16,(((7,17),((5,15),(19,(8,(18,2))))),(4,3))),(6,10)),((12,(14,13)),(9,11)),(1,20));

STEP 49 [uSPR_ClassicHeuristic_RF -> NNI_Substep_46] - Distance: 3.0000
(((16,(6,10)),(((7,17),((5,15),(19,(8,(18,2))))),(4,3))),((12,(14,13)),(9,11)),(1,20));

STEP 50 [uSPR_ClassicHeuristic_RF -> NNI_Substep_47] - Distance: 2.0000
((((16,(6,10)),(4,3)),((7,17),((5,15),(19,(8,(18,2)))))),((12,(14,13)),(9,11)),(1,20));

STEP 51 [uSPR_ClassicHeuristic_RF -> NNI_Substep_48] - Distance: 2.0000
(((16,(6,10)),(4,3)),(((12,(14,13)),(9,11)),((7,17),((5,15),(19,(8,(18,2)))))),(1,20));

STEP 52 [uSPR_ClassicHeuristic_RF -> NNI_Substep_49] - Distance: 1.0000
(((16,(6,10)),(4,3)),((12,(14,13)),((9,11),((7,17),((5,15),(19,(8,(18,2))))))),(1,20));

STEP 53 [uSPR_ClassicHeuristic_RF -> NNI_Substep_50] - Distance: 0.0000
((12,(14,13)),(((9,11),((7,17),((5,15),(19,(8,(18,2)))))),((16,(6,10)),(4,3))),(1,20));

========================================================
[FINAL] Total Steps: 53 | Final Distance: 0.0000
========================================================
