========================================================
HEURISTIC TRAJECTORY: VND Classic (MC_RF)
========================================================
STEP 0 [START] - Distance: 80.0000
(((4,(((19,11),(8,20)),(16,(14,(7,17))))),(5,18)),(((1,(15,(9,(12,3)))),(13,10)),(6,2)));

STEP 1 [NNI_ClassicHeuristic_MC_RF -> NNI_Substep_1] - Distance: 75.0000
(((4,(((19,11),(8,20)),(16,(14,(7,17))))),(5,18)),(((6,2),(13,10)),(1,(15,(9,(12,3))))));

STEP 2 [NNI_ClassicHeuristic_MC_RF -> NNI_Substep_2] - Distance: 73.0000
(((4,(5,18)),(((19,11),(8,20)),(16,(14,(7,17))))),(((6,2),(13,10)),(1,(15,(9,(12,3))))));

STEP 3 [NNI_ClassicHeuristic_MC_RF -> NNI_Substep_3] - Distance: 71.0000
(((4,(5,18)),(((19,11),(8,20)),(16,(14,(7,17))))),(((6,2),(13,10)),((9,(12,3)),(15,1))));

STEP 4 [NNI_ClassicHeuristic_MC_RF -> NNI_Substep_4] - Distance: 70.0000
(((4,(5,18)),((((8,20),11),19),(16,(14,(7,17))))),(((6,2),(13,10)),((9,(12,3)),(15,1))));

STEP 5 [NNI_ClassicHeuristic_MC_RF -> NNI_Substep_5] - Distance: 69.0000
(((4,(5,18)),((((8,20),11),19),((7,17),(14,16)))),(((6,2),(13,10)),((9,(12,3)),(15,1))));

STEP 6 [NNI_ClassicHeuristic_MC_RF -> NNI_Substep_6] - Distance: 68.0000
((((7,17),(14,16)),((((8,20),11),19),(4,(5,18)))),(((6,2),(13,10)),((9,(12,3)),(15,1))));

STEP 7 [NNI_ClassicHeuristic_MC_RF -> NNI_Substep_7] - Distance: 66.0000
((((7,17),(14,16)),((((11,20),8),19),(4,(5,18)))),(((6,2),(13,10)),((9,(12,3)),(15,1))));

STEP 8 [NNI_ClassicHeuristic_MC_RF -> NNI_Substep_8] - Distance: 65.0000
((((7,17),(14,16)),(((19,8),(11,20)),(4,(5,18)))),(((6,2),(13,10)),((9,(12,3)),(15,1))));

STEP 9 [NNI_ClassicHeuristic_MC_RF -> NNI_Substep_9] - Distance: 64.0000
((((7,17),(14,16)),(((4,(5,18)),(11,20)),(19,8))),(((6,2),(13,10)),((9,(12,3)),(15,1))));

STEP 10 [NNI_ClassicHeuristic_MC_RF -> NNI_Substep_10] - Distance: 63.0000
((((7,17),(14,16)),((((11,20),(5,18)),4),(19,8))),(((6,2),(13,10)),((9,(12,3)),(15,1))));

STEP 11 [NNI_ClassicHeuristic_MC_RF -> NNI_Substep_11] - Distance: 62.0000
((((7,17),(14,16)),((((11,(5,18)),20),4),(19,8))),(((6,2),(13,10)),((9,(12,3)),(15,1))));

STEP 12 [NNI_ClassicHeuristic_MC_RF -> NNI_Substep_12] - Distance: 61.0000
((((7,17),(14,16)),((((11,(5,18)),20),4),(19,8))),((((13,10),2),6),((9,(12,3)),(15,1))));

STEP 13 [TBR_ClassicHeuristic_MC_RF -> NNI_Substep_1] - Distance: 61.0000
((((7,17),(14,16)),((((11,(5,18)),20),4),(19,8))),((((13,2),10),6),((9,(12,3)),(15,1))));

STEP 14 [TBR_ClassicHeuristic_MC_RF -> NNI_Substep_2] - Distance: 61.0000
((((7,17),(14,16)),((((11,(5,18)),20),4),(19,8))),((((13,2),6),10),((9,(12,3)),(15,1))));

STEP 15 [TBR_ClassicHeuristic_MC_RF -> NNI_Substep_3] - Distance: 67.0000
((((7,17),(14,16)),((((11,(5,18)),20),4),(19,8))),((((13,2),6),((9,(12,3)),(15,1))),10));

STEP 16 [TBR_ClassicHeuristic_MC_RF -> NNI_Substep_4] - Distance: 67.0000
((((7,17),(14,16)),(((((11,(5,18)),20),4),(19,8)),10)),(((13,2),6),((9,(12,3)),(15,1))));

STEP 17 [TBR_ClassicHeuristic_MC_RF -> NNI_Substep_5] - Distance: 66.0000
((((7,17),(14,16)),(((((11,(5,18)),20),4),10),(19,8))),(((13,2),6),((9,(12,3)),(15,1))));

STEP 18 [TBR_ClassicHeuristic_MC_RF -> NNI_Substep_6] - Distance: 63.0000
((((7,17),(14,16)),((((11,(5,18)),20),(4,10)),(19,8))),(((13,2),6),((9,(12,3)),(15,1))));

STEP 19 [TBR_ClassicHeuristic_MC_RF -> NNI_Substep_7] - Distance: 64.0000
((((7,(14,16)),17),((((11,(5,18)),20),(4,10)),(19,8))),(((13,2),6),((9,(12,3)),(15,1))));

STEP 20 [TBR_ClassicHeuristic_MC_RF -> NNI_Substep_8] - Distance: 67.0000
((((7,(14,16)),((((11,(5,18)),20),(4,10)),(19,8))),17),(((13,2),6),((9,(12,3)),(15,1))));

STEP 21 [TBR_ClassicHeuristic_MC_RF -> NNI_Substep_9] - Distance: 58.0000
(((7,(14,16)),((((11,(5,18)),20),(4,10)),(19,8))),((((13,2),6),17),((9,(12,3)),(15,1))));

STEP 22 [TBR_ClassicHeuristic_MC_RF -> NNI_Substep_10] - Distance: 56.0000
(((7,(14,16)),((((11,(5,18)),20),(4,10)),(19,8))),((((13,2),17),6),((9,(12,3)),(15,1))));

STEP 23 [TBR_ClassicHeuristic_MC_RF -> NNI_Substep_11] - Distance: 57.0000
(((7,(14,16)),((((11,(5,18)),20),(4,10)),(19,8))),((((13,2),17),6),(((12,3),(15,1)),9)));

STEP 24 [TBR_ClassicHeuristic_MC_RF -> NNI_Substep_12] - Distance: 60.0000
(((7,(14,16)),((((11,(5,18)),20),(4,10)),(19,8))),(((((13,2),17),6),((12,3),(15,1))),9));

STEP 25 [TBR_ClassicHeuristic_MC_RF -> NNI_Substep_13] - Distance: 52.0000
((((7,(14,16)),9),((((11,(5,18)),20),(4,10)),(19,8))),((((13,2),17),6),((12,3),(15,1))));

STEP 26 [TBR_ClassicHeuristic_MC_RF -> NNI_Substep_14] - Distance: 52.0000
(((7,((14,16),9)),((((11,(5,18)),20),(4,10)),(19,8))),((((13,2),17),6),((12,3),(15,1))));

STEP 27 [TBR_ClassicHeuristic_MC_RF -> NNI_Substep_15] - Distance: 50.0000
(((7,(14,(16,9))),((((11,(5,18)),20),(4,10)),(19,8))),((((13,2),17),6),((12,3),(15,1))));

STEP 28 [TBR_ClassicHeuristic_MC_RF -> NNI_Substep_16] - Distance: 51.0000
(((7,(14,(16,9))),((((11,(5,18)),20),(4,10)),(19,8))),((((13,2),17),6),(((12,3),1),15)));

STEP 29 [TBR_ClassicHeuristic_MC_RF -> NNI_Substep_17] - Distance: 54.0000
(((7,(14,(16,9))),((((11,(5,18)),20),(4,10)),(19,8))),(((((13,2),17),6),((12,3),1)),15));

STEP 30 [TBR_ClassicHeuristic_MC_RF -> NNI_Substep_18] - Distance: 48.0000
((((7,(14,(16,9))),15),((((11,(5,18)),20),(4,10)),(19,8))),((((13,2),17),6),((12,3),1)));

STEP 31 [TBR_ClassicHeuristic_MC_RF -> NNI_Substep_19] - Distance: 48.0000
(((7,((14,(16,9)),15)),((((11,(5,18)),20),(4,10)),(19,8))),((((13,2),17),6),((12,3),1)));

STEP 32 [TBR_ClassicHeuristic_MC_RF -> NNI_Substep_20] - Distance: 45.0000
(((7,((14,15),(16,9))),((((11,(5,18)),20),(4,10)),(19,8))),((((13,2),17),6),((12,3),1)));

STEP 33 [TBR_ClassicHeuristic_MC_RF -> NNI_Substep_21] - Distance: 45.0000
(((7,((14,15),(16,9))),((((11,(5,18)),20),(19,8)),(4,10))),((((13,2),17),6),((12,3),1)));

STEP 34 [TBR_ClassicHeuristic_MC_RF -> NNI_Substep_22] - Distance: 46.0000
((((7,((14,15),(16,9))),(((11,(5,18)),20),(19,8))),(4,10)),((((13,2),17),6),((12,3),1)));

STEP 35 [TBR_ClassicHeuristic_MC_RF -> NNI_Substep_23] - Distance: 39.0000
(((7,((14,15),(16,9))),(((11,(5,18)),20),(19,8))),(((((13,2),17),6),(4,10)),((12,3),1)));

STEP 36 [TBR_ClassicHeuristic_MC_RF -> NNI_Substep_24] - Distance: 40.0000
(((7,((14,15),(16,9))),(((11,(5,18)),20),(19,8))),(((((13,2),17),(4,10)),6),((12,3),1)));

STEP 37 [TBR_ClassicHeuristic_MC_RF -> NNI_Substep_25] - Distance: 42.0000
(((7,((14,15),(16,9))),(((11,(5,18)),20),(19,8))),(((((13,2),17),(4,10)),((12,3),1)),6));

STEP 38 [TBR_ClassicHeuristic_MC_RF -> NNI_Substep_26] - Distance: 37.0000
(((7,((14,15),(16,9))),((((11,(5,18)),20),(19,8)),6)),((((13,2),17),(4,10)),((12,3),1)));

STEP 39 [TBR_ClassicHeuristic_MC_RF -> NNI_Substep_27] - Distance: 36.0000
(((7,((14,15),(16,9))),((((11,(5,18)),20),6),(19,8))),((((13,2),17),(4,10)),((12,3),1)));

STEP 40 [TBR_ClassicHeuristic_MC_RF -> NNI_Substep_28] - Distance: 36.0000
(((7,((14,15),(16,9))),((((11,(5,18)),6),20),(19,8))),((((13,2),17),(4,10)),((12,3),1)));

STEP 41 [TBR_ClassicHeuristic_MC_RF -> NNI_Substep_29] - Distance: 34.0000
(((7,((14,15),(16,9))),(((11,((5,18),6)),20),(19,8))),((((13,2),17),(4,10)),((12,3),1)));

STEP 42 [TBR_ClassicHeuristic_MC_RF -> NNI_Substep_30] - Distance: 32.0000
(((7,((14,15),(16,9))),(((11,(5,(18,6))),20),(19,8))),((((13,2),17),(4,10)),((12,3),1)));

STEP 43 [TBR_ClassicHeuristic_MC_RF -> NNI_Substep_31] - Distance: 32.0000
(((((14,15),(16,9)),(((11,(5,(18,6))),20),(19,8))),7),((((13,2),17),(4,10)),((12,3),1)));

STEP 44 [TBR_ClassicHeuristic_MC_RF -> NNI_Substep_32] - Distance: 29.0000
((((14,15),(16,9)),((((11,(5,(18,6))),20),(19,8)),7)),((((13,2),17),(4,10)),((12,3),1)));

STEP 45 [TBR_ClassicHeuristic_MC_RF -> NNI_Substep_33] - Distance: 28.0000
((((14,15),(16,9)),((((11,(5,(18,6))),20),7),(19,8))),((((13,2),17),(4,10)),((12,3),1)));

STEP 46 [TBR_ClassicHeuristic_MC_RF -> NNI_Substep_34] - Distance: 28.0000
((((14,15),(16,9)),((((11,(5,(18,6))),7),20),(19,8))),((((13,2),17),(4,10)),((12,3),1)));

STEP 47 [TBR_ClassicHeuristic_MC_RF -> NNI_Substep_35] - Distance: 26.0000
((((14,15),(16,9)),(((11,((5,(18,6)),7)),20),(19,8))),((((13,2),17),(4,10)),((12,3),1)));

STEP 48 [TBR_ClassicHeuristic_MC_RF -> NNI_Substep_36] - Distance: 26.0000
((((14,15),(16,9)),(((11,(5,((18,6),7))),20),(19,8))),((((13,2),17),(4,10)),((12,3),1)));

STEP 49 [TBR_ClassicHeuristic_MC_RF -> NNI_Substep_37] - Distance: 24.0000
((((14,15),(16,9)),((((11,((18,6),7)),5),20),(19,8))),((((13,2),17),(4,10)),((12,3),1)));

STEP 50 [TBR_ClassicHeuristic_MC_RF -> NNI_Substep_38] - Distance: 22.0000
((((14,15),(16,9)),((((11,((18,6),7)),20),5),(19,8))),((((13,2),17),(4,10)),((12,3),1)));

STEP 51 [TBR_ClassicHeuristic_MC_RF -> NNI_Substep_39] - Distance: 23.0000
((((14,15),(16,9)),((((11,((18,6),7)),20),(19,8)),5)),((((13,2),17),(4,10)),((12,3),1)));

STEP 52 [TBR_ClassicHeuristic_MC_RF -> NNI_Substep_40] - Distance: 19.0000
((((14,15),(16,9)),(((11,((18,6),7)),20),((19,8),5))),((((13,2),17),(4,10)),((12,3),1)));

STEP 53 [TBR_ClassicHeuristic_MC_RF -> NNI_Substep_41] - Distance: 18.0000
(((((14,15),(16,9)),((19,8),5)),((11,((18,6),7)),20)),((((13,2),17),(4,10)),((12,3),1)));

STEP 54 [TBR_ClassicHeuristic_MC_RF -> NNI_Substep_42] - Distance: 7.0000
((((14,15),(16,9)),((19,8),5)),((((13,2),17),(4,10)),(((12,3),1),((11,((18,6),7)),20))));

STEP 55 [TBR_ClassicHeuristic_MC_RF -> NNI_Substep_43] - Distance: 0.0000
((((14,15),(16,9)),((19,8),5)),((((13,2),17),(4,10)),((12,3),(1,((11,((18,6),7)),20)))));

========================================================
[FINAL] Total Steps: 55 | Final Distance: 0.0000
========================================================
