========================================================
HEURISTIC TRAJECTORY: VND Classic (MP_RF)
========================================================
STEP 0 [START] - Distance: 131.0000
(((13,((11,12),(20,6))),((17,(5,(9,14))),(8,(18,(16,7))))),((1,(15,(3,2))),(4,(10,19))));

STEP 1 [NNI_ClassicHeuristic_MP_RF -> NNI_Substep_1] - Distance: 129.0000
(((13,((11,12),(20,6))),((17,(5,(9,14))),(8,(18,(16,7))))),((1,(4,(10,19))),(15,(3,2))));

STEP 2 [NNI_ClassicHeuristic_MP_RF -> NNI_Substep_2] - Distance: 126.0000
(((13,((11,12),(20,6))),((17,(5,(9,14))),(8,(18,(16,7))))),(15,((1,(4,(10,19))),(3,2))));

STEP 3 [NNI_ClassicHeuristic_MP_RF -> NNI_Substep_3] - Distance: 112.0000
(15,(((13,(((20,6),12),11)),((17,(5,(9,14))),(8,(18,(16,7))))),((1,(4,(10,19))),(3,2))));

STEP 4 [NNI_ClassicHeuristic_MP_RF -> NNI_Substep_4] - Distance: 111.0000
(15,(((13,(((20,6),12),11)),((18,(16,7)),(8,(17,(5,(9,14)))))),((1,(4,(10,19))),(3,2))));

STEP 5 [NNI_ClassicHeuristic_MP_RF -> NNI_Substep_5] - Distance: 110.0000
(15,(((13,(((20,6),12),11)),(((8,(17,(5,(9,14)))),(16,7)),18)),((1,(4,(10,19))),(3,2))));

STEP 6 [NNI_ClassicHeuristic_MP_RF -> NNI_Substep_6] - Distance: 109.0000
(15,(((13,(((20,6),12),11)),((7,(16,(8,(17,(5,(9,14)))))),18)),((1,(4,(10,19))),(3,2))));

STEP 7 [NNI_ClassicHeuristic_MP_RF -> NNI_Substep_7] - Distance: 108.0000
(15,(((((7,(16,(8,(17,(5,(9,14)))))),18),(((20,6),12),11)),13),((1,(4,(10,19))),(3,2))));

STEP 8 [NNI_ClassicHeuristic_MP_RF -> NNI_Substep_8] - Distance: 100.0000
(15,((((1,(4,(10,19))),(3,2)),13),(((7,(16,(8,(17,(5,(9,14)))))),18),(((20,6),12),11))));

STEP 9 [NNI_ClassicHeuristic_MP_RF -> NNI_Substep_9] - Distance: 97.0000
(15,((((1,(4,(10,19))),(3,2)),13),(((20,6),12),(((7,(16,(8,(17,(5,(9,14)))))),18),11))));

STEP 10 [NNI_ClassicHeuristic_MP_RF -> NNI_Substep_10] - Distance: 96.0000
(15,(((3,((1,(4,(10,19))),2)),13),(((20,6),12),(((7,(16,(8,(17,(5,(9,14)))))),18),11))));

STEP 11 [TBR_ClassicHeuristic_MP_RF -> NNI_Substep_1] - Distance: 96.0000
(15,(((3,((1,(4,(10,19))),2)),13),(((20,6),12),(((7,((16,(17,(5,(9,14)))),8)),18),11))));

STEP 12 [TBR_ClassicHeuristic_MP_RF -> NNI_Substep_2] - Distance: 96.0000
(15,(((3,((1,(4,(10,19))),2)),13),(((20,6),12),((((7,(16,(17,(5,(9,14))))),8),18),11))));

STEP 13 [TBR_ClassicHeuristic_MP_RF -> NNI_Substep_3] - Distance: 97.0000
(15,(((3,((1,(4,(10,19))),2)),13),(((20,6),12),((((7,(16,(17,(5,(9,14))))),18),8),11))));

STEP 14 [TBR_ClassicHeuristic_MP_RF -> NNI_Substep_4] - Distance: 97.0000
(15,(((3,((1,(4,(10,19))),2)),13),(((20,6),12),((((7,(16,(17,(5,(9,14))))),18),11),8))));

STEP 15 [TBR_ClassicHeuristic_MP_RF -> NNI_Substep_5] - Distance: 97.0000
(15,(((3,((1,(4,(10,19))),2)),13),((((20,6),12),(((7,(16,(17,(5,(9,14))))),18),11)),8)));

STEP 16 [TBR_ClassicHeuristic_MP_RF -> NNI_Substep_6] - Distance: 98.0000
(15,((((3,((1,(4,(10,19))),2)),13),(((20,6),12),(((7,(16,(17,(5,(9,14))))),18),11))),8));

STEP 17 [TBR_ClassicHeuristic_MP_RF -> NNI_Substep_7] - Distance: 90.0000
(15,((((3,((1,(4,(10,19))),2)),13),8),(((20,6),12),(((7,(16,(17,(5,(9,14))))),18),11))));

STEP 18 [TBR_ClassicHeuristic_MP_RF -> NNI_Substep_8] - Distance: 86.0000
(15,(((3,((1,(4,(10,19))),2)),(13,8)),(((20,6),12),(((7,(16,(17,(5,(9,14))))),18),11))));

STEP 19 [TBR_ClassicHeuristic_MP_RF -> NNI_Substep_9] - Distance: 86.0000
(15,(((3,((1,(4,(10,19))),2)),(13,8)),(((20,6),12),(((7,(16,(17,((5,9),14)))),18),11))));

STEP 20 [TBR_ClassicHeuristic_MP_RF -> NNI_Substep_10] - Distance: 86.0000
(15,(((3,((1,(4,(10,19))),2)),(13,8)),(((20,6),12),(((7,(16,((17,(5,9)),14))),18),11))));

STEP 21 [TBR_ClassicHeuristic_MP_RF -> NNI_Substep_11] - Distance: 86.0000
(15,(((3,((1,(4,(10,19))),2)),(13,8)),(((20,6),12),(((7,((16,(17,(5,9))),14)),18),11))));

STEP 22 [TBR_ClassicHeuristic_MP_RF -> NNI_Substep_12] - Distance: 86.0000
(15,(((3,((1,(4,(10,19))),2)),(13,8)),(((20,6),12),((((7,(16,(17,(5,9)))),14),18),11))));

STEP 23 [TBR_ClassicHeuristic_MP_RF -> NNI_Substep_13] - Distance: 86.0000
(15,(((3,((1,(4,(10,19))),2)),(13,8)),(((20,6),12),((((7,(16,(17,(5,9)))),18),14),11))));

STEP 24 [TBR_ClassicHeuristic_MP_RF -> NNI_Substep_14] - Distance: 86.0000
(15,(((3,((1,(4,(10,19))),2)),(13,8)),(((20,6),12),((((7,(16,(17,(5,9)))),18),11),14))));

STEP 25 [TBR_ClassicHeuristic_MP_RF -> NNI_Substep_15] - Distance: 86.0000
(15,(((3,((1,(4,(10,19))),2)),(13,8)),((((20,6),12),(((7,(16,(17,(5,9)))),18),11)),14)));

STEP 26 [TBR_ClassicHeuristic_MP_RF -> NNI_Substep_16] - Distance: 88.0000
(15,((((3,((1,(4,(10,19))),2)),(13,8)),(((20,6),12),(((7,(16,(17,(5,9)))),18),11))),14));

STEP 27 [TBR_ClassicHeuristic_MP_RF -> NNI_Substep_17] - Distance: 80.0000
(15,((((3,((1,(4,(10,19))),2)),(13,8)),14),(((20,6),12),(((7,(16,(17,(5,9)))),18),11))));

STEP 28 [TBR_ClassicHeuristic_MP_RF -> NNI_Substep_18] - Distance: 78.0000
(15,((((3,((1,(4,(10,19))),2)),14),(13,8)),(((20,6),12),(((7,(16,(17,(5,9)))),18),11))));

STEP 29 [TBR_ClassicHeuristic_MP_RF -> NNI_Substep_19] - Distance: 76.0000
(15,((((3,14),((1,(4,(10,19))),2)),(13,8)),(((20,6),12),(((7,(16,(17,(5,9)))),18),11))));

STEP 30 [TBR_ClassicHeuristic_MP_RF -> NNI_Substep_20] - Distance: 76.0000
(15,((((3,14),(((1,(10,19)),4),2)),(13,8)),(((20,6),12),(((7,(16,(17,(5,9)))),18),11))));

STEP 31 [TBR_ClassicHeuristic_MP_RF -> NNI_Substep_21] - Distance: 76.0000
(15,((((3,14),(((1,(10,19)),2),4)),(13,8)),(((20,6),12),(((7,(16,(17,(5,9)))),18),11))));

STEP 32 [TBR_ClassicHeuristic_MP_RF -> NNI_Substep_22] - Distance: 76.0000
(15,(((((3,14),((1,(10,19)),2)),4),(13,8)),(((20,6),12),(((7,(16,(17,(5,9)))),18),11))));

STEP 33 [TBR_ClassicHeuristic_MP_RF -> NNI_Substep_23] - Distance: 76.0000
(15,(((((3,14),((1,(10,19)),2)),(13,8)),4),(((20,6),12),(((7,(16,(17,(5,9)))),18),11))));

STEP 34 [TBR_ClassicHeuristic_MP_RF -> NNI_Substep_24] - Distance: 78.0000
(15,(((((3,14),((1,(10,19)),2)),(13,8)),(((20,6),12),(((7,(16,(17,(5,9)))),18),11))),4));

STEP 35 [TBR_ClassicHeuristic_MP_RF -> NNI_Substep_25] - Distance: 71.0000
(15,((((3,14),((1,(10,19)),2)),(13,8)),((((20,6),12),(((7,(16,(17,(5,9)))),18),11)),4)));

STEP 36 [TBR_ClassicHeuristic_MP_RF -> NNI_Substep_26] - Distance: 69.0000
(15,((((3,14),((1,(10,19)),2)),(13,8)),(((20,6),12),((((7,(16,(17,(5,9)))),18),11),4))));

STEP 37 [TBR_ClassicHeuristic_MP_RF -> NNI_Substep_27] - Distance: 68.0000
(15,((((3,14),((1,(10,19)),2)),(13,8)),(((20,6),12),((((7,(16,(17,(5,9)))),18),4),11))));

STEP 38 [TBR_ClassicHeuristic_MP_RF -> NNI_Substep_28] - Distance: 68.0000
(15,((((3,14),((1,(10,19)),2)),(13,8)),(((20,6),12),((((7,(16,(17,(5,9)))),4),18),11))));

STEP 39 [TBR_ClassicHeuristic_MP_RF -> NNI_Substep_29] - Distance: 66.0000
(15,((((3,14),((1,(10,19)),2)),(13,8)),(((20,6),12),((((7,4),(16,(17,(5,9)))),18),11))));

STEP 40 [TBR_ClassicHeuristic_MP_RF -> NNI_Substep_30] - Distance: 66.0000
(15,(((((3,14),(1,(10,19))),2),(13,8)),(((20,6),12),((((7,4),(16,(17,(5,9)))),18),11))));

STEP 41 [TBR_ClassicHeuristic_MP_RF -> NNI_Substep_31] - Distance: 66.0000
(15,(((((3,14),(1,(10,19))),(13,8)),2),(((20,6),12),((((7,4),(16,(17,(5,9)))),18),11))));

STEP 42 [TBR_ClassicHeuristic_MP_RF -> NNI_Substep_32] - Distance: 65.0000
(15,(((((3,14),(1,(10,19))),(13,8)),(((20,6),12),((((7,4),(16,(17,(5,9)))),18),11))),2));

STEP 43 [TBR_ClassicHeuristic_MP_RF -> NNI_Substep_33] - Distance: 58.0000
(15,((((3,14),(1,(10,19))),(13,8)),((((20,6),12),((((7,4),(16,(17,(5,9)))),18),11)),2)));

STEP 44 [TBR_ClassicHeuristic_MP_RF -> NNI_Substep_34] - Distance: 57.0000
(15,((((3,14),(1,(10,19))),(13,8)),(((20,6),12),(((((7,4),(16,(17,(5,9)))),18),11),2))));

STEP 45 [TBR_ClassicHeuristic_MP_RF -> NNI_Substep_35] - Distance: 56.0000
(15,((((3,14),(1,(10,19))),(13,8)),(((20,6),12),(((((7,4),(16,(17,(5,9)))),18),2),11))));

STEP 46 [TBR_ClassicHeuristic_MP_RF -> NNI_Substep_36] - Distance: 56.0000
(15,((((3,14),(1,(10,19))),(13,8)),(((20,6),12),(((((7,4),(16,(17,(5,9)))),2),18),11))));

STEP 47 [TBR_ClassicHeuristic_MP_RF -> NNI_Substep_37] - Distance: 54.0000
(15,((((3,14),(1,(10,19))),(13,8)),(((20,6),12),(((((7,4),2),(16,(17,(5,9)))),18),11))));

STEP 48 [TBR_ClassicHeuristic_MP_RF -> NNI_Substep_38] - Distance: 54.0000
(15,((((3,14),(1,(10,19))),(13,8)),(((6,12),20),(((((7,4),2),(16,(17,(5,9)))),18),11))));

STEP 49 [TBR_ClassicHeuristic_MP_RF -> NNI_Substep_39] - Distance: 53.0000
(15,((((3,14),(1,(10,19))),(13,8)),(((6,12),(((((7,4),2),(16,(17,(5,9)))),18),11)),20)));

STEP 50 [TBR_ClassicHeuristic_MP_RF -> NNI_Substep_40] - Distance: 51.0000
(15,((((3,14),(1,(10,19))),(13,8)),((6,12),((((((7,4),2),(16,(17,(5,9)))),18),11),20))));

STEP 51 [TBR_ClassicHeuristic_MP_RF -> NNI_Substep_41] - Distance: 50.0000
(15,((((3,14),(1,(10,19))),(13,8)),((6,12),((((((7,4),2),(16,(17,(5,9)))),18),20),11))));

STEP 52 [TBR_ClassicHeuristic_MP_RF -> NNI_Substep_42] - Distance: 50.0000
(15,((((3,14),(1,(10,19))),(13,8)),((6,12),((((((7,4),2),(16,(17,(5,9)))),20),18),11))));

STEP 53 [TBR_ClassicHeuristic_MP_RF -> NNI_Substep_43] - Distance: 48.0000
(15,((((3,14),(1,(10,19))),(13,8)),((6,12),((((((7,4),2),20),(16,(17,(5,9)))),18),11))));

STEP 54 [TBR_ClassicHeuristic_MP_RF -> NNI_Substep_44] - Distance: 47.0000
(15,((((3,14),(1,(10,19))),(13,8)),((6,12),((((((7,4),20),2),(16,(17,(5,9)))),18),11))));

STEP 55 [TBR_ClassicHeuristic_MP_RF -> NNI_Substep_45] - Distance: 47.0000
(15,((((3,14),(1,(10,19))),(13,8)),((6,12),((((((7,4),20),2),((16,(5,9)),17)),18),11))));

STEP 56 [TBR_ClassicHeuristic_MP_RF -> NNI_Substep_46] - Distance: 47.0000
(15,((((3,14),(1,(10,19))),(13,8)),((6,12),(((((((7,4),20),2),(16,(5,9))),17),18),11))));

STEP 57 [TBR_ClassicHeuristic_MP_RF -> NNI_Substep_47] - Distance: 47.0000
(15,((((3,14),(1,(10,19))),(13,8)),((6,12),(((((((7,4),20),2),(16,(5,9))),18),17),11))));

STEP 58 [TBR_ClassicHeuristic_MP_RF -> NNI_Substep_48] - Distance: 47.0000
(15,((((3,14),(1,(10,19))),(13,8)),((6,12),(((((((7,4),20),2),(16,(5,9))),18),11),17))));

STEP 59 [TBR_ClassicHeuristic_MP_RF -> NNI_Substep_49] - Distance: 46.0000
(15,((((3,14),(1,(10,19))),(13,8)),(((6,12),((((((7,4),20),2),(16,(5,9))),18),11)),17)));

STEP 60 [TBR_ClassicHeuristic_MP_RF -> NNI_Substep_50] - Distance: 39.0000
(15,((((3,14),(1,(10,19))),(13,8)),(((6,12),17),((((((7,4),20),2),(16,(5,9))),18),11))));

STEP 61 [TBR_ClassicHeuristic_MP_RF -> NNI_Substep_51] - Distance: 38.0000
(15,((((3,14),(1,(10,19))),(13,8)),(((6,17),12),((((((7,4),20),2),(16,(5,9))),18),11))));

STEP 62 [TBR_ClassicHeuristic_MP_RF -> NNI_Substep_52] - Distance: 38.0000
(15,((((3,14),(1,(10,19))),(13,8)),(((6,17),12),((((((7,4),20),2),((16,9),5)),18),11))));

STEP 63 [TBR_ClassicHeuristic_MP_RF -> NNI_Substep_53] - Distance: 38.0000
(15,((((3,14),(1,(10,19))),(13,8)),(((6,17),12),(((((((7,4),20),2),(16,9)),5),18),11))));

STEP 64 [TBR_ClassicHeuristic_MP_RF -> NNI_Substep_54] - Distance: 38.0000
(15,((((3,14),(1,(10,19))),(13,8)),(((6,17),12),(((((((7,4),20),2),(16,9)),18),5),11))));

STEP 65 [TBR_ClassicHeuristic_MP_RF -> NNI_Substep_55] - Distance: 38.0000
(15,((((3,14),(1,(10,19))),(13,8)),(((6,17),12),(((((((7,4),20),2),(16,9)),18),11),5))));

STEP 66 [TBR_ClassicHeuristic_MP_RF -> NNI_Substep_56] - Distance: 38.0000
(15,((((3,14),(1,(10,19))),(13,8)),((((6,17),12),((((((7,4),20),2),(16,9)),18),11)),5)));

STEP 67 [TBR_ClassicHeuristic_MP_RF -> NNI_Substep_57] - Distance: 31.0000
(15,(((((3,14),(1,(10,19))),(13,8)),(((6,17),12),((((((7,4),20),2),(16,9)),18),11))),5));

STEP 68 [TBR_ClassicHeuristic_MP_RF -> NNI_Substep_58] - Distance: 22.0000
(15,(((((3,14),(1,(10,19))),(13,8)),5),(((6,17),12),((((((7,4),20),2),(16,9)),18),11))));

STEP 69 [TBR_ClassicHeuristic_MP_RF -> NNI_Substep_59] - Distance: 22.0000
(15,(((((3,14),(1,(10,19))),(13,8)),5),(((6,17),12),((((((7,4),20),2),(16,9)),11),18))));

STEP 70 [TBR_ClassicHeuristic_MP_RF -> NNI_Substep_60] - Distance: 22.0000
(15,(((((3,14),(1,(10,19))),(13,8)),5),((((6,17),12),(((((7,4),20),2),(16,9)),11)),18)));

STEP 71 [TBR_ClassicHeuristic_MP_RF -> NNI_Substep_61] - Distance: 15.0000
(15,((((((3,14),(1,(10,19))),(13,8)),5),(((6,17),12),(((((7,4),20),2),(16,9)),11))),18));

STEP 72 [TBR_ClassicHeuristic_MP_RF -> NNI_Substep_62] - Distance: 5.0000
(15,((((((3,14),(1,(10,19))),(13,8)),5),18),(((6,17),12),(((((7,4),20),2),(16,9)),11))));

STEP 73 [TBR_ClassicHeuristic_MP_RF -> NNI_Substep_63] - Distance: 4.0000
(15,((((((3,14),(1,(10,19))),(13,8)),18),5),(((6,17),12),(((((7,4),20),2),(16,9)),11))));

STEP 74 [TBR_ClassicHeuristic_MP_RF -> NNI_Substep_64] - Distance: 4.0000
(15,((((((3,14),((1,10),19)),(13,8)),18),5),(((6,17),12),(((((7,4),20),2),(16,9)),11))));

STEP 75 [TBR_ClassicHeuristic_MP_RF -> NNI_Substep_65] - Distance: 2.0000
(15,(((((((3,14),(1,10)),19),(13,8)),18),5),(((6,17),12),(((((7,4),20),2),(16,9)),11))));

STEP 76 [TBR_ClassicHeuristic_MP_RF -> NNI_Substep_66] - Distance: 0.0000
(15,(((((((3,14),19),(1,10)),(13,8)),18),5),(((6,17),12),(((((7,4),20),2),(16,9)),11))));

========================================================
[FINAL] Total Steps: 76 | Final Distance: 0.0000
========================================================
