========================================================
HEURISTIC TRAJECTORY: VND Incremental (MC)
========================================================
STEP 0 [START] - Distance: 78.0000
(((20,(19,1)),(13,(9,(((6,(14,(18,16))),(11,8)),(3,15))))),((5,(12,17)),((4,10),(7,2))));

STEP 1 [NNI_IncrementalHeuristic_MC -> NNI_Substep_1] - Distance: 69.0000
((5,(12,17)),(((20,(19,1)),((((6,(14,(18,16))),(11,8)),(3,15)),(9,13))),((4,10),(7,2))));

STEP 2 [NNI_IncrementalHeuristic_MC -> NNI_Substep_2] - Distance: 66.0000
((5,(12,17)),(((((6,(14,(18,16))),(11,8)),(3,15)),((20,(19,1)),(9,13))),((4,10),(7,2))));

STEP 3 [NNI_IncrementalHeuristic_MC -> NNI_Substep_3] - Distance: 61.0000
((5,(12,17)),(((((6,(14,(18,16))),(11,8)),((20,(19,1)),(9,13))),(3,15)),((4,10),(7,2))));

STEP 4 [NNI_IncrementalHeuristic_MC -> NNI_Substep_4] - Distance: 58.0000
((5,(12,17)),((((((20,(19,1)),(9,13)),(11,8)),(6,(14,(18,16)))),(3,15)),((4,10),(7,2))));

STEP 5 [NNI_IncrementalHeuristic_MC -> NNI_Substep_5] - Distance: 57.0000
((5,(12,17)),((((4,10),(7,2)),(3,15)),((((20,(19,1)),(9,13)),(11,8)),(6,(14,(18,16))))));

STEP 6 [NNI_IncrementalHeuristic_MC -> NNI_Substep_6] - Distance: 55.0000
((5,(12,17)),((((3,15),(7,2)),(4,10)),((((20,(19,1)),(9,13)),(11,8)),(6,(14,(18,16))))));

STEP 7 [NNI_IncrementalHeuristic_MC -> NNI_Substep_7] - Distance: 53.0000
((5,(12,17)),((((3,15),(7,2)),(4,10)),((14,(18,16)),(6,(((20,(19,1)),(9,13)),(11,8))))));

STEP 8 [NNI_IncrementalHeuristic_MC -> NNI_Substep_8] - Distance: 52.0000
((5,(12,17)),((((3,(7,2)),15),(4,10)),((14,(18,16)),(6,(((20,(19,1)),(9,13)),(11,8))))));

STEP 9 [NNI_IncrementalHeuristic_MC -> NNI_Substep_9] - Distance: 51.0000
((5,(12,17)),((((3,(7,2)),15),(4,10)),(((6,(((20,(19,1)),(9,13)),(11,8))),(18,16)),14)));

STEP 10 [NNI_IncrementalHeuristic_MC -> NNI_Substep_10] - Distance: 48.0000
((5,(12,17)),((((3,(7,2)),15),(4,10)),((((11,8),(((20,(19,1)),(9,13)),6)),(18,16)),14)));

STEP 11 [NNI_IncrementalHeuristic_MC -> NNI_Substep_11] - Distance: 46.0000
((5,(12,17)),((((3,(7,2)),15),(4,10)),((((11,8),((6,(9,13)),(20,(19,1)))),(18,16)),14)));

STEP 12 [2sECR_IncrementalHeuristic_MC -> NNI_Substep_1] - Distance: 46.0000
((5,(12,17)),((((3,(7,2)),15),(4,10)),((((11,8),((13,(6,9)),(20,(19,1)))),(18,16)),14)));

STEP 13 [2sECR_IncrementalHeuristic_MC -> NNI_Substep_2] - Distance: 44.0000
((5,(12,17)),((((3,(7,2)),15),(4,10)),((((11,8),(((20,(19,1)),(6,9)),13)),(18,16)),14)));

STEP 14 [2sECR_IncrementalHeuristic_MC -> NNI_Substep_3] - Distance: 44.0000
((5,(12,17)),((((3,(7,2)),15),(4,10)),((((11,8),(((1,(20,19)),(6,9)),13)),(18,16)),14)));

STEP 15 [2sECR_IncrementalHeuristic_MC -> NNI_Substep_4] - Distance: 42.0000
((5,(12,17)),((((3,(7,2)),15),(4,10)),((((11,8),(((20,19),((6,9),1)),13)),(18,16)),14)));

STEP 16 [2sECR_IncrementalHeuristic_MC -> NNI_Substep_5] - Distance: 40.0000
((5,(12,17)),((((3,(7,2)),15),(4,10)),((((11,8),(((20,19),(6,(1,9))),13)),(18,16)),14)));

STEP 17 [2sECR_IncrementalHeuristic_MC -> NNI_Substep_6] - Distance: 45.0000
((5,(12,17)),((((3,(7,2)),15),(4,10)),(((11,(8,(((20,19),(6,(1,9))),13))),(18,16)),14)));

STEP 18 [2sECR_IncrementalHeuristic_MC -> NNI_Substep_7] - Distance: 45.0000
((5,(12,17)),((((3,(7,2)),15),(4,10)),(((11,(13,(8,((20,19),(6,(1,9)))))),(18,16)),14)));

STEP 19 [2sECR_IncrementalHeuristic_MC -> NNI_Substep_8] - Distance: 38.0000
((5,(12,17)),((((3,(7,2)),15),(4,10)),((((11,13),(8,((20,19),(6,(1,9))))),(18,16)),14)));

STEP 20 [2sECR_IncrementalHeuristic_MC -> NNI_Substep_9] - Distance: 41.0000
((5,(12,17)),((((3,(7,2)),15),(4,10)),((16,(18,((11,13),(8,((20,19),(6,(1,9))))))),14)));

STEP 21 [2sECR_IncrementalHeuristic_MC -> NNI_Substep_10] - Distance: 34.0000
((5,(12,17)),((((3,(7,2)),15),(4,10)),((16,((8,((20,19),(6,(1,9)))),((11,13),18))),14)));

STEP 22 [2sECR_IncrementalHeuristic_MC -> NNI_Substep_11] - Distance: 42.0000
((5,(12,17)),((16,((8,((20,19),(6,(1,9)))),((11,13),18))),((((3,(7,2)),15),(4,10)),14)));

STEP 23 [2sECR_IncrementalHeuristic_MC -> NNI_Substep_12] - Distance: 34.0000
(14,((((3,(7,2)),15),(4,10)),((5,(12,17)),(16,((8,(20,((6,(1,9)),19))),((11,13),18))))));

STEP 24 [2sECR_IncrementalHeuristic_MC -> NNI_Substep_13] - Distance: 31.0000
(14,((((3,(7,2)),15),(4,10)),((5,(12,17)),(16,(((8,20),((6,(1,9)),19)),((11,13),18))))));

STEP 25 [2sECR_IncrementalHeuristic_MC -> NNI_Substep_14] - Distance: 34.0000
(14,((((3,(7,2)),15),(4,10)),((5,(12,17)),(16,((8,(((6,(1,9)),19),20)),((11,13),18))))));

STEP 26 [2sECR_IncrementalHeuristic_MC -> NNI_Substep_15] - Distance: 30.0000
(14,((((3,(7,2)),15),(4,10)),((5,(12,17)),(16,((((6,(1,9)),19),20),(((11,13),18),8))))));

STEP 27 [2sECR_IncrementalHeuristic_MC -> NNI_Substep_16] - Distance: 33.0000
(14,(((3,(7,2)),(15,(4,10))),((5,(12,17)),(16,((((6,(1,9)),19),20),(((11,13),18),8))))));

STEP 28 [2sECR_IncrementalHeuristic_MC -> NNI_Substep_17] - Distance: 33.0000
(14,(((3,(7,2)),(4,(15,10))),((5,(12,17)),(16,((((6,(1,9)),19),20),(((11,13),18),8))))));

STEP 29 [2sECR_IncrementalHeuristic_MC -> NNI_Substep_18] - Distance: 28.0000
(14,((((3,(7,2)),4),(15,10)),((5,(12,17)),(16,((((6,(1,9)),19),20),(((11,13),18),8))))));

STEP 30 [2sECR_IncrementalHeuristic_MC -> NNI_Substep_19] - Distance: 37.0000
(14,(((3,(7,2)),4),((15,10),((5,(12,17)),(16,((((6,(1,9)),19),20),(((11,13),18),8)))))));

STEP 31 [2sECR_IncrementalHeuristic_MC -> NNI_Substep_20] - Distance: 32.0000
(14,(((3,(7,2)),4),((5,(12,17)),((15,10),(16,((((6,(1,9)),19),20),(((11,13),18),8)))))));

STEP 32 [2sECR_IncrementalHeuristic_MC -> NNI_Substep_21] - Distance: 24.0000
(14,((((3,(7,2)),4),(5,(12,17))),((15,10),(16,((((6,(1,9)),19),20),(((11,13),18),8))))));

STEP 33 [2sECR_IncrementalHeuristic_MC -> NNI_Substep_22] - Distance: 21.0000
(14,((((3,(7,2)),4),(5,(12,17))),(16,((15,10),((((6,(1,9)),19),20),(((11,13),18),8))))));

STEP 34 [2sECR_IncrementalHeuristic_MC -> NNI_Substep_23] - Distance: 27.0000
(14,((((3,(7,2)),4),(5,(12,17))),(16,((15,10),(((11,13),18),((((6,(1,9)),19),20),8))))));

STEP 35 [2sECR_IncrementalHeuristic_MC -> NNI_Substep_24] - Distance: 23.0000
(14,((((3,(7,2)),4),(5,(12,17))),(16,(((15,10),((11,13),18)),((((6,(1,9)),19),20),8)))));

STEP 36 [2sECR_IncrementalHeuristic_MC -> NNI_Substep_25] - Distance: 17.0000
(14,((((3,(7,2)),4),(5,(12,17))),(16,(8,((((6,(1,9)),19),20),((15,10),((11,13),18)))))));

STEP 37 [2sECR_IncrementalHeuristic_MC -> NNI_Substep_26] - Distance: 17.0000
(14,(((12,17),(5,((3,(7,2)),4))),(16,(8,((((6,(1,9)),19),20),((15,10),((11,13),18)))))));

STEP 38 [2sECR_IncrementalHeuristic_MC -> NNI_Substep_27] - Distance: 15.0000
(14,(((12,17),((3,(7,2)),(4,5))),(16,(8,((((6,(1,9)),19),20),((15,10),((11,13),18)))))));

STEP 39 [2sECR_IncrementalHeuristic_MC -> NNI_Substep_28] - Distance: 23.0000
(14,((12,17),(((3,(7,2)),(4,5)),(16,(8,((((6,(1,9)),19),20),((15,10),((11,13),18))))))));

STEP 40 [2sECR_IncrementalHeuristic_MC -> NNI_Substep_29] - Distance: 17.0000
(14,((12,17),((8,((((6,(1,9)),19),20),((15,10),((11,13),18)))),(((3,(7,2)),(4,5)),16))));

STEP 41 [2sECR_IncrementalHeuristic_MC -> NNI_Substep_30] - Distance: 11.0000
(14,(((12,17),(8,((((6,(1,9)),19),20),((15,10),((11,13),18))))),(((3,(7,2)),(4,5)),16)));

STEP 42 [2sECR_IncrementalHeuristic_MC -> NNI_Substep_31] - Distance: 8.0000
(14,(((12,17),(8,((((6,(1,9)),19),20),((15,10),((11,13),18))))),((16,(3,(7,2))),(4,5))));

STEP 43 [3sECR_IncrementalHeuristic_MC -> NNI_Substep_1] - Distance: 10.0000
(14,(((12,17),(8,((((6,(1,9)),19),20),((((11,13),18),10),15)))),((16,(3,(7,2))),(4,5))));

STEP 44 [3sECR_IncrementalHeuristic_MC -> NNI_Substep_2] - Distance: 9.0000
(14,(((12,17),(8,(((((6,(1,9)),19),20),15),(((11,13),18),10)))),((16,(3,(7,2))),(4,5))));

STEP 45 [3sECR_IncrementalHeuristic_MC -> NNI_Substep_3] - Distance: 4.0000
(14,(((12,17),(8,((((6,(1,9)),19),(20,15)),(((11,13),18),10)))),((16,(3,(7,2))),(4,5))));

STEP 46 [3sECR_IncrementalHeuristic_MC -> NNI_Substep_4] - Distance: 14.0000
(14,(((16,(3,(7,2))),(4,5)),(((8,((((6,(1,9)),19),(20,15)),(((11,13),18),10))),17),12)));

STEP 47 [3sECR_IncrementalHeuristic_MC -> NNI_Substep_5] - Distance: 0.0000
(14,((((16,(3,(7,2))),(4,5)),((8,((((6,(1,9)),19),(20,15)),(((11,13),18),10))),17)),12));

========================================================
[FINAL] Total Steps: 47 | Final Distance: 0.0000
========================================================
