========================================================
HEURISTIC TRAJECTORY: VND Classic (M3_RF)
========================================================
STEP 0 [START] - Distance: 908.0000
((4,15),(18,(17,(12,(10,13)))),((((1,(8,6)),(11,20)),(7,3)),((9,(5,(14,2))),(16,19))));

STEP 1 [NNI_ClassicHeuristic_M3_RF -> NNI_Substep_1] - Distance: 892.0000
((4,15),(18,(17,(12,(10,13)))),((((7,3),(11,20)),(1,(8,6))),((9,(5,(14,2))),(16,19))));

STEP 2 [NNI_ClassicHeuristic_M3_RF -> NNI_Substep_2] - Distance: 860.0000
((4,15),(18,(17,(12,(10,13)))),((((9,(5,(14,2))),(16,19)),(1,(8,6))),((7,3),(11,20))));

STEP 3 [NNI_ClassicHeuristic_M3_RF -> NNI_Substep_3] - Distance: 827.0000
((4,15),(18,(17,(12,(10,13)))),((((1,(8,6)),(16,19)),(9,(5,(14,2)))),((7,3),(11,20))));

STEP 4 [NNI_ClassicHeuristic_M3_RF -> NNI_Substep_4] - Distance: 802.0000
((4,15),(18,(17,(12,(10,13)))),((9,(((1,(8,6)),(16,19)),(5,(14,2)))),((7,3),(11,20))));

STEP 5 [NNI_ClassicHeuristic_M3_RF -> NNI_Substep_5] - Distance: 772.0000
((4,15),(18,(17,(12,(10,13)))),((9,(5,(((1,(8,6)),(16,19)),(14,2)))),((7,3),(11,20))));

STEP 6 [NNI_ClassicHeuristic_M3_RF -> NNI_Substep_6] - Distance: 756.0000
((17,(12,(10,13))),(18,(4,15)),((9,(5,(((1,(8,6)),(16,19)),(14,2)))),((7,3),(11,20))));

STEP 7 [NNI_ClassicHeuristic_M3_RF -> NNI_Substep_7] - Distance: 742.0000
((17,(12,(10,13))),(18,(4,15)),((9,(5,(((6,(8,1)),(16,19)),(14,2)))),((7,3),(11,20))));

STEP 8 [NNI_ClassicHeuristic_M3_RF -> NNI_Substep_8] - Distance: 712.0000
((17,(12,(10,13))),(18,(4,15)),((9,(5,((((16,19),(8,1)),6),(14,2)))),((7,3),(11,20))));

STEP 9 [NNI_ClassicHeuristic_M3_RF -> NNI_Substep_9] - Distance: 703.0000
((17,(12,(10,13))),(18,(4,15)),((5,(9,((((16,19),(8,1)),6),(14,2)))),((7,3),(11,20))));

STEP 10 [NNI_ClassicHeuristic_M3_RF -> NNI_Substep_10] - Distance: 698.0000
((17,(12,(10,13))),(18,(4,15)),((5,(9,(14,((((16,19),(8,1)),6),2)))),((7,3),(11,20))));

STEP 11 [NNI_ClassicHeuristic_M3_RF -> NNI_Substep_11] - Distance: 694.0000
((17,(12,(10,13))),(18,(4,15)),((5,(14,(9,((((16,19),(8,1)),6),2)))),((7,3),(11,20))));

STEP 12 [NNI_ClassicHeuristic_M3_RF -> NNI_Substep_12] - Distance: 690.0000
((17,(12,(10,13))),(18,(4,15)),((14,(5,(9,((((16,19),(8,1)),6),2)))),((7,3),(11,20))));

STEP 13 [NNI_ClassicHeuristic_M3_RF -> NNI_Substep_13] - Distance: 665.0000
((17,(12,(10,13))),(18,(4,15)),((14,((7,3),(11,20))),(5,(9,((((16,19),(8,1)),6),2)))));

STEP 14 [NNI_ClassicHeuristic_M3_RF -> NNI_Substep_14] - Distance: 649.0000
((17,(12,(10,13))),(18,(4,15)),(((7,3),(14,(11,20))),(5,(9,((((16,19),(8,1)),6),2)))));

STEP 15 [NNI_ClassicHeuristic_M3_RF -> NNI_Substep_15] - Distance: 646.0000
((17,(12,(10,13))),(15,(4,18)),(((7,3),(14,(11,20))),(5,(9,((((16,19),(8,1)),6),2)))));

STEP 16 [NNI_ClassicHeuristic_M3_RF -> NNI_Substep_16] - Distance: 631.0000
(15,((17,(12,(10,13))),(4,18)),(((7,3),(14,(11,20))),(5,(9,((((16,19),(8,1)),6),2)))));

STEP 17 [NNI_ClassicHeuristic_M3_RF -> NNI_Substep_17] - Distance: 621.0000
(((7,3),(14,(11,20))),((17,(12,(10,13))),(4,18)),(15,(5,(9,((((16,19),(8,1)),6),2)))));

STEP 18 [NNI_ClassicHeuristic_M3_RF -> NNI_Substep_18] - Distance: 613.0000
(((7,3),(14,(11,20))),((17,(12,(10,13))),(4,18)),(5,(15,(9,((((16,19),(8,1)),6),2)))));

STEP 19 [NNI_ClassicHeuristic_M3_RF -> NNI_Substep_19] - Distance: 604.0000
(((7,3),(14,(11,20))),((17,(12,(10,13))),(4,18)),(5,(9,(15,((((16,19),(8,1)),6),2)))));

STEP 20 [NNI_ClassicHeuristic_M3_RF -> NNI_Substep_20] - Distance: 593.0000
(((7,3),(14,(11,20))),((17,(12,(10,13))),(4,18)),(5,(9,(2,((((16,19),(8,1)),6),15)))));

STEP 21 [NNI_ClassicHeuristic_M3_RF -> NNI_Substep_21] - Distance: 580.0000
(((7,3),(14,(11,20))),((17,(12,(10,13))),(4,18)),(5,(9,(2,((((16,19),(8,1)),15),6)))));

STEP 22 [NNI_ClassicHeuristic_M3_RF -> NNI_Substep_22] - Distance: 552.0000
(((7,3),(14,(11,20))),((17,(12,(10,13))),(4,18)),(5,(9,(2,((((16,19),15),(8,1)),6)))));

STEP 23 [NNI_ClassicHeuristic_M3_RF -> NNI_Substep_23] - Distance: 536.0000
(((7,3),(14,(11,20))),((17,(12,(10,13))),(4,18)),(5,(9,(2,((((16,15),19),(8,1)),6)))));

STEP 24 [NNI_ClassicHeuristic_M3_RF -> NNI_Substep_24] - Distance: 533.0000
((((14,(11,20)),3),7),((17,(12,(10,13))),(4,18)),(5,(9,(2,((((16,15),19),(8,1)),6)))));

STEP 25 [NNI_ClassicHeuristic_M3_RF -> NNI_Substep_25] - Distance: 517.0000
((((14,(11,20)),3),((17,(12,(10,13))),(4,18))),7,(5,(9,(2,((((16,15),19),(8,1)),6)))));

STEP 26 [NNI_ClassicHeuristic_M3_RF -> NNI_Substep_26] - Distance: 508.0000
((9,(2,((((16,15),19),(8,1)),6))),7,(5,(((14,(11,20)),3),((17,(12,(10,13))),(4,18)))));

STEP 27 [NNI_ClassicHeuristic_M3_RF -> NNI_Substep_27] - Distance: 438.0000
((9,7),(2,((((16,15),19),(8,1)),6)),(5,(((14,(11,20)),3),((17,(12,(10,13))),(4,18)))));

STEP 28 [NNI_ClassicHeuristic_M3_RF -> NNI_Substep_28] - Distance: 436.0000
((9,7),(2,((((16,15),19),(8,1)),6)),(5,(((11,(14,20)),3),((17,(12,(10,13))),(4,18)))));

STEP 29 [NNI_ClassicHeuristic_M3_RF -> NNI_Substep_29] - Distance: 433.0000
((9,7),(2,((((16,15),19),(8,1)),6)),(5,(((3,(14,20)),11),((17,(12,(10,13))),(4,18)))));

STEP 30 [NNI_ClassicHeuristic_M3_RF -> NNI_Substep_30] - Distance: 403.0000
((9,7),(2,((((16,15),19),(8,1)),6)),(5,((((17,(12,(10,13))),(4,18)),11),(3,(14,20)))));

STEP 31 [NNI_ClassicHeuristic_M3_RF -> NNI_Substep_31] - Distance: 381.0000
((9,7),(2,((((16,15),19),(8,1)),6)),(5,((((17,(12,(10,13))),11),(4,18)),(3,(14,20)))));

STEP 32 [NNI_ClassicHeuristic_M3_RF -> NNI_Substep_32] - Distance: 379.0000
((9,7),(2,((((16,15),19),(8,1)),6)),(5,((((11,(12,(10,13))),17),(4,18)),(3,(14,20)))));

STEP 33 [NNI_ClassicHeuristic_M3_RF -> NNI_Substep_33] - Distance: 373.0000
((9,7),(2,((((16,15),19),(8,1)),6)),(5,((((11,(12,(10,13))),(4,18)),17),(3,(14,20)))));

STEP 34 [NNI_ClassicHeuristic_M3_RF -> NNI_Substep_34] - Distance: 323.0000
((9,7),(2,((((16,15),19),(8,1)),6)),(5,(((3,(14,20)),17),((11,(12,(10,13))),(4,18)))));

STEP 35 [NNI_ClassicHeuristic_M3_RF -> NNI_Substep_35] - Distance: 289.0000
((9,7),(2,((((16,15),19),(8,1)),6)),(5,(((3,17),(14,20)),((11,(12,(10,13))),(4,18)))));

STEP 36 [NNI_ClassicHeuristic_M3_RF -> NNI_Substep_36] - Distance: 287.0000
((9,7),(2,((((16,15),19),(8,1)),6)),(5,(((3,17),(14,20)),((12,(11,(10,13))),(4,18)))));

STEP 37 [NNI_ClassicHeuristic_M3_RF -> NNI_Substep_37] - Distance: 281.0000
((9,7),(2,((((16,15),19),(8,1)),6)),(5,(((3,17),(14,20)),(((4,18),(11,(10,13))),12))));

STEP 38 [NNI_ClassicHeuristic_M3_RF -> NNI_Substep_38] - Distance: 261.0000
((9,7),(2,((((16,15),19),(8,1)),6)),(5,(12,(((4,18),(11,(10,13))),((3,17),(14,20))))));

STEP 39 [NNI_ClassicHeuristic_M3_RF -> NNI_Substep_39] - Distance: 252.0000
((9,7),(2,((((16,15),19),(8,1)),6)),(12,(5,(((4,18),(11,(10,13))),((3,17),(14,20))))));

STEP 40 [NNI_ClassicHeuristic_M3_RF -> NNI_Substep_40] - Distance: 232.0000
(12,(2,((((16,15),19),(8,1)),6)),((9,7),(5,(((4,18),(11,(10,13))),((3,17),(14,20))))));

STEP 41 [NNI_ClassicHeuristic_M3_RF -> NNI_Substep_41] - Distance: 220.0000
(2,(12,((((16,15),19),(8,1)),6)),((9,7),(5,(((4,18),(11,(10,13))),((3,17),(14,20))))));

STEP 42 [NNI_ClassicHeuristic_M3_RF -> NNI_Substep_42] - Distance: 206.0000
(2,(6,((((16,15),19),(8,1)),12)),((9,7),(5,(((4,18),(11,(10,13))),((3,17),(14,20))))));

STEP 43 [NNI_ClassicHeuristic_M3_RF -> NNI_Substep_43] - Distance: 176.0000
(2,(6,((((16,15),19),12),(8,1))),((9,7),(5,(((4,18),(11,(10,13))),((3,17),(14,20))))));

STEP 44 [NNI_ClassicHeuristic_M3_RF -> NNI_Substep_44] - Distance: 159.0000
(2,(6,((((16,15),12),19),(8,1))),((9,7),(5,(((4,18),(11,(10,13))),((3,17),(14,20))))));

STEP 45 [NNI_ClassicHeuristic_M3_RF -> NNI_Substep_45] - Distance: 141.0000
(2,(6,((((16,12),15),19),(8,1))),((9,7),(5,(((4,18),(11,(10,13))),((3,17),(14,20))))));

STEP 46 [NNI_ClassicHeuristic_M3_RF -> NNI_Substep_46] - Distance: 139.0000
(2,(6,((((16,12),15),19),(8,1))),((9,7),(5,(((4,18),(13,(10,11))),((3,17),(14,20))))));

STEP 47 [NNI_ClassicHeuristic_M3_RF -> NNI_Substep_47] - Distance: 133.0000
(2,(6,((((16,12),15),19),(8,1))),((9,7),(5,((13,((4,18),(10,11))),((3,17),(14,20))))));

STEP 48 [NNI_ClassicHeuristic_M3_RF -> NNI_Substep_48] - Distance: 113.0000
(2,(6,((((16,12),15),19),(8,1))),((9,7),(5,((((3,17),(14,20)),((4,18),(10,11))),13))));

STEP 49 [NNI_ClassicHeuristic_M3_RF -> NNI_Substep_49] - Distance: 104.0000
(2,(6,((((16,12),15),19),(8,1))),((9,7),(13,((((3,17),(14,20)),((4,18),(10,11))),5))));

STEP 50 [NNI_ClassicHeuristic_M3_RF -> NNI_Substep_50] - Distance: 84.0000
(2,(6,((((16,12),15),19),(8,1))),(13,((9,7),((((3,17),(14,20)),((4,18),(10,11))),5))));

STEP 51 [NNI_ClassicHeuristic_M3_RF -> NNI_Substep_51] - Distance: 0.0000
(((9,7),((((3,17),(14,20)),((4,18),(10,11))),5)),(6,((((16,12),15),19),(8,1))),(13,2));

========================================================
[FINAL] Total Steps: 51 | Final Distance: 0.0000
========================================================
