========================================================
HEURISTIC TRAJECTORY: VND Classic (MC)
========================================================
STEP 0 [START] - Distance: 83.0000
(((13,((11,12),(20,6))),((17,(5,(9,14))),(8,(18,(16,7))))),((1,(15,(3,2))),(4,(10,19))));

STEP 1 [NNI_ClassicHeuristic_MC -> NNI_Substep_1] - Distance: 81.0000
(((13,((11,12),(20,6))),((17,(5,(9,14))),(8,(18,(16,7))))),((1,(4,(10,19))),(15,(3,2))));

STEP 2 [NNI_ClassicHeuristic_MC -> NNI_Substep_2] - Distance: 79.0000
(((13,((11,12),(20,6))),((17,(5,(9,14))),(8,(18,(16,7))))),((4,(1,(10,19))),(15,(3,2))));

STEP 3 [NNI_ClassicHeuristic_MC -> NNI_Substep_3] - Distance: 77.0000
(((13,((11,12),(20,6))),((17,(5,(9,14))),(8,(18,(16,7))))),((4,(19,(10,1))),(15,(3,2))));

STEP 4 [NNI_ClassicHeuristic_MC -> NNI_Substep_4] - Distance: 74.0000
((15,(3,2)),((4,(19,(10,1))),((13,(((20,6),12),11)),((17,(5,(9,14))),(8,(18,(16,7)))))));

STEP 5 [NNI_ClassicHeuristic_MC -> NNI_Substep_5] - Distance: 72.0000
((15,(3,2)),((4,(19,(10,1))),((((20,6),12),(13,11)),((17,(5,(9,14))),(8,(18,(16,7)))))));

STEP 6 [NNI_ClassicHeuristic_MC -> NNI_Substep_6] - Distance: 71.0000
((15,(3,2)),((4,(19,(10,1))),((((20,6),12),(13,11)),(((9,14),(5,17)),(8,(18,(16,7)))))));

STEP 7 [NNI_ClassicHeuristic_MC -> NNI_Substep_7] - Distance: 70.0000
((15,(3,2)),((4,(19,(10,1))),((((20,6),12),(13,11)),(((9,14),(5,17)),((16,7),(18,8))))));

STEP 8 [NNI_ClassicHeuristic_MC -> NNI_Substep_8] - Distance: 69.0000
((15,(3,2)),((((20,6),12),(13,11)),((4,(19,(10,1))),(((9,14),(5,17)),((16,7),(18,8))))));

STEP 9 [NNI_ClassicHeuristic_MC -> NNI_Substep_9] - Distance: 67.0000
((15,(3,2)),((((20,6),12),(13,11)),(((9,14),(5,17)),((4,(19,(10,1))),((16,7),(18,8))))));

STEP 10 [NNI_ClassicHeuristic_MC -> NNI_Substep_10] - Distance: 66.0000
((15,(3,2)),((((20,6),12),(13,11)),(((9,14),(5,17)),((4,(19,(10,1))),(18,((16,7),8))))));

STEP 11 [TBR_ClassicHeuristic_MC -> NNI_Substep_1] - Distance: 67.0000
((15,(3,2)),((((20,6),12),(13,11)),(((9,14),(5,17)),((4,(19,(10,1))),((18,8),(16,7))))));

STEP 12 [TBR_ClassicHeuristic_MC -> NNI_Substep_2] - Distance: 67.0000
((15,(3,2)),((((20,6),12),(13,11)),(((9,14),(5,17)),(((4,(19,(10,1))),(18,8)),(16,7)))));

STEP 13 [TBR_ClassicHeuristic_MC -> NNI_Substep_3] - Distance: 67.0000
((15,(3,2)),((((20,6),12),(13,11)),((((9,14),(5,17)),((4,(19,(10,1))),(18,8))),(16,7))));

STEP 14 [TBR_ClassicHeuristic_MC -> NNI_Substep_4] - Distance: 68.0000
((15,(3,2)),(((((20,6),12),(13,11)),(((9,14),(5,17)),((4,(19,(10,1))),(18,8)))),(16,7)));

STEP 15 [TBR_ClassicHeuristic_MC -> NNI_Substep_5] - Distance: 62.0000
((15,(3,2)),(((((20,6),12),(13,11)),(16,7)),(((9,14),(5,17)),((4,(19,(10,1))),(18,8)))));

STEP 16 [TBR_ClassicHeuristic_MC -> NNI_Substep_6] - Distance: 59.0000
((15,(3,2)),((((20,6),12),((13,11),(16,7))),(((9,14),(5,17)),((4,(19,(10,1))),(18,8)))));

STEP 17 [TBR_ClassicHeuristic_MC -> NNI_Substep_7] - Distance: 58.0000
((15,(3,2)),((((20,6),12),((13,(16,7)),11)),(((9,14),(5,17)),((4,(19,(10,1))),(18,8)))));

STEP 18 [TBR_ClassicHeuristic_MC -> NNI_Substep_8] - Distance: 58.0000
(((15,2),3),((((20,6),12),((13,(16,7)),11)),(((9,14),(5,17)),((4,(19,(10,1))),(18,8)))));

STEP 19 [TBR_ClassicHeuristic_MC -> NNI_Substep_9] - Distance: 59.0000
((15,2),((((20,6),12),((13,(16,7)),11)),((((9,14),(5,17)),((4,(19,(10,1))),(18,8))),3)));

STEP 20 [TBR_ClassicHeuristic_MC -> NNI_Substep_10] - Distance: 56.0000
((15,2),((((20,6),12),((13,(16,7)),11)),(((9,14),(5,17)),(((4,(19,(10,1))),(18,8)),3))));

STEP 21 [TBR_ClassicHeuristic_MC -> NNI_Substep_11] - Distance: 55.0000
((15,2),((((20,6),12),((13,(16,7)),11)),(((9,14),(5,17)),(((4,(19,(10,1))),3),(18,8)))));

STEP 22 [TBR_ClassicHeuristic_MC -> NNI_Substep_12] - Distance: 53.0000
((15,2),((((20,6),12),((13,(16,7)),11)),(((9,14),(5,17)),((4,((19,(10,1)),3)),(18,8)))));

STEP 23 [TBR_ClassicHeuristic_MC -> NNI_Substep_13] - Distance: 50.0000
((15,2),((((20,6),12),((13,(16,7)),11)),(((9,14),(5,17)),((4,((19,3),(10,1))),(18,8)))));

STEP 24 [TBR_ClassicHeuristic_MC -> NNI_Substep_14] - Distance: 51.0000
((15,2),((((20,6),12),((13,(16,7)),11)),(((9,(5,17)),14),((4,((19,3),(10,1))),(18,8)))));

STEP 25 [TBR_ClassicHeuristic_MC -> NNI_Substep_15] - Distance: 55.0000
((15,2),((((20,6),12),((13,(16,7)),11)),(((9,(5,17)),((4,((19,3),(10,1))),(18,8))),14)));

STEP 26 [TBR_ClassicHeuristic_MC -> NNI_Substep_16] - Distance: 51.0000
((15,2),((((20,6),12),((13,(16,7)),11)),((9,(5,17)),(((4,((19,3),(10,1))),(18,8)),14))));

STEP 27 [TBR_ClassicHeuristic_MC -> NNI_Substep_17] - Distance: 50.0000
((15,2),((((20,6),12),((13,(16,7)),11)),((9,(5,17)),(((4,((19,3),(10,1))),14),(18,8)))));

STEP 28 [TBR_ClassicHeuristic_MC -> NNI_Substep_18] - Distance: 48.0000
((15,2),((((20,6),12),((13,(16,7)),11)),((9,(5,17)),((4,(((19,3),(10,1)),14)),(18,8)))));

STEP 29 [TBR_ClassicHeuristic_MC -> NNI_Substep_19] - Distance: 45.0000
((15,2),((((20,6),12),((13,(16,7)),11)),((9,(5,17)),((4,(((19,3),14),(10,1))),(18,8)))));

STEP 30 [TBR_ClassicHeuristic_MC -> NNI_Substep_20] - Distance: 43.0000
((15,2),((((20,6),12),((13,(16,7)),11)),((9,(5,17)),((4,((19,(3,14)),(10,1))),(18,8)))));

STEP 31 [TBR_ClassicHeuristic_MC -> NNI_Substep_21] - Distance: 48.0000
((15,2),((((20,6),12),((13,(16,7)),11)),(((5,17),((4,((19,(3,14)),(10,1))),(18,8))),9)));

STEP 32 [TBR_ClassicHeuristic_MC -> NNI_Substep_22] - Distance: 50.0000
((15,2),(((((20,6),12),((13,(16,7)),11)),((5,17),((4,((19,(3,14)),(10,1))),(18,8)))),9));

STEP 33 [TBR_ClassicHeuristic_MC -> NNI_Substep_23] - Distance: 43.0000
((15,2),(((((20,6),12),((13,(16,7)),11)),9),((5,17),((4,((19,(3,14)),(10,1))),(18,8)))));

STEP 34 [TBR_ClassicHeuristic_MC -> NNI_Substep_24] - Distance: 41.0000
((15,2),((((20,6),12),(((13,(16,7)),11),9)),((5,17),((4,((19,(3,14)),(10,1))),(18,8)))));

STEP 35 [TBR_ClassicHeuristic_MC -> NNI_Substep_25] - Distance: 39.0000
((15,2),((((20,6),12),(((13,(16,7)),9),11)),((5,17),((4,((19,(3,14)),(10,1))),(18,8)))));

STEP 36 [TBR_ClassicHeuristic_MC -> NNI_Substep_26] - Distance: 37.0000
((15,2),((((20,6),12),((13,((16,7),9)),11)),((5,17),((4,((19,(3,14)),(10,1))),(18,8)))));

STEP 37 [TBR_ClassicHeuristic_MC -> NNI_Substep_27] - Distance: 37.0000
((15,2),((((20,6),12),((((16,7),9),11),13)),((5,17),((4,((19,(3,14)),(10,1))),(18,8)))));

STEP 38 [TBR_ClassicHeuristic_MC -> NNI_Substep_28] - Distance: 37.0000
((15,2),(((((20,6),12),(((16,7),9),11)),13),((5,17),((4,((19,(3,14)),(10,1))),(18,8)))));

STEP 39 [TBR_ClassicHeuristic_MC -> NNI_Substep_29] - Distance: 42.0000
((15,2),(((((20,6),12),(((16,7),9),11)),((5,17),((4,((19,(3,14)),(10,1))),(18,8)))),13));

STEP 40 [TBR_ClassicHeuristic_MC -> NNI_Substep_30] - Distance: 40.0000
((15,2),((((20,6),12),(((16,7),9),11)),(((5,17),((4,((19,(3,14)),(10,1))),(18,8))),13)));

STEP 41 [TBR_ClassicHeuristic_MC -> NNI_Substep_31] - Distance: 37.0000
((15,2),((((20,6),12),(((16,7),9),11)),((5,17),(((4,((19,(3,14)),(10,1))),(18,8)),13))));

STEP 42 [TBR_ClassicHeuristic_MC -> NNI_Substep_32] - Distance: 36.0000
((15,2),((((20,6),12),(((16,7),9),11)),((5,17),(((4,((19,(3,14)),(10,1))),13),(18,8)))));

STEP 43 [TBR_ClassicHeuristic_MC -> NNI_Substep_33] - Distance: 32.0000
((15,2),((((20,6),12),(((16,7),9),11)),((5,17),(((4,13),((19,(3,14)),(10,1))),(18,8)))));

STEP 44 [TBR_ClassicHeuristic_MC -> NNI_Substep_34] - Distance: 36.0000
((15,2),((((20,6),12),(((16,7),9),11)),((5,17),(((13,((19,(3,14)),(10,1))),4),(18,8)))));

STEP 45 [TBR_ClassicHeuristic_MC -> NNI_Substep_35] - Distance: 37.0000
((15,2),((((20,6),12),(((16,7),9),11)),((5,17),(((13,((19,(3,14)),(10,1))),(18,8)),4))));

STEP 46 [TBR_ClassicHeuristic_MC -> NNI_Substep_36] - Distance: 38.0000
((15,2),((((20,6),12),(((16,7),9),11)),(((5,17),((13,((19,(3,14)),(10,1))),(18,8))),4)));

STEP 47 [TBR_ClassicHeuristic_MC -> NNI_Substep_37] - Distance: 38.0000
((15,2),(((((20,6),12),(((16,7),9),11)),((5,17),((13,((19,(3,14)),(10,1))),(18,8)))),4));

STEP 48 [TBR_ClassicHeuristic_MC -> NNI_Substep_38] - Distance: 29.0000
((15,2),(((((20,6),12),(((16,7),9),11)),4),((5,17),((13,((19,(3,14)),(10,1))),(18,8)))));

STEP 49 [TBR_ClassicHeuristic_MC -> NNI_Substep_39] - Distance: 27.0000
((15,2),((((20,6),12),((((16,7),9),11),4)),((5,17),((13,((19,(3,14)),(10,1))),(18,8)))));

STEP 50 [TBR_ClassicHeuristic_MC -> NNI_Substep_40] - Distance: 25.0000
((15,2),((((20,6),12),((((16,7),9),4),11)),((5,17),((13,((19,(3,14)),(10,1))),(18,8)))));

STEP 51 [TBR_ClassicHeuristic_MC -> NNI_Substep_41] - Distance: 25.0000
(15,(((((20,6),12),((((16,7),9),4),11)),2),((5,17),((13,((19,(3,14)),(10,1))),(18,8)))));

STEP 52 [TBR_ClassicHeuristic_MC -> NNI_Substep_42] - Distance: 23.0000
(15,((((20,6),12),(((((16,7),9),4),11),2)),((5,17),((13,((19,(3,14)),(10,1))),(18,8)))));

STEP 53 [TBR_ClassicHeuristic_MC -> NNI_Substep_43] - Distance: 21.0000
(15,((((20,6),12),(((((16,7),9),4),2),11)),((5,17),((13,((19,(3,14)),(10,1))),(18,8)))));

STEP 54 [TBR_ClassicHeuristic_MC -> NNI_Substep_44] - Distance: 19.0000
(15,((((20,6),12),((((16,7),9),(4,2)),11)),((5,17),((13,((19,(3,14)),(10,1))),(18,8)))));

STEP 55 [TBR_ClassicHeuristic_MC -> NNI_Substep_45] - Distance: 19.0000
(15,((((6,12),20),((((16,7),9),(4,2)),11)),((5,17),((13,((19,(3,14)),(10,1))),(18,8)))));

STEP 56 [TBR_ClassicHeuristic_MC -> NNI_Substep_46] - Distance: 22.0000
(15,((((6,12),((((16,7),9),(4,2)),11)),20),((5,17),((13,((19,(3,14)),(10,1))),(18,8)))));

STEP 57 [TBR_ClassicHeuristic_MC -> NNI_Substep_47] - Distance: 19.0000
(15,(((6,12),(((((16,7),9),(4,2)),11),20)),((5,17),((13,((19,(3,14)),(10,1))),(18,8)))));

STEP 58 [TBR_ClassicHeuristic_MC -> NNI_Substep_48] - Distance: 17.0000
(15,(((6,12),(((((16,7),9),(4,2)),20),11)),((5,17),((13,((19,(3,14)),(10,1))),(18,8)))));

STEP 59 [TBR_ClassicHeuristic_MC -> NNI_Substep_49] - Distance: 15.0000
(15,(((6,12),((((16,7),9),((4,2),20)),11)),((5,17),((13,((19,(3,14)),(10,1))),(18,8)))));

STEP 60 [TBR_ClassicHeuristic_MC -> NNI_Substep_50] - Distance: 13.0000
(15,(((6,12),((((16,7),9),((4,20),2)),11)),((5,17),((13,((19,(3,14)),(10,1))),(18,8)))));

STEP 61 [TBR_ClassicHeuristic_MC -> NNI_Substep_51] - Distance: 13.0000
(15,(((6,12),((((16,9),7),((4,20),2)),11)),((5,17),((13,((19,(3,14)),(10,1))),(18,8)))));

STEP 62 [TBR_ClassicHeuristic_MC -> NNI_Substep_52] - Distance: 15.0000
(15,(((6,12),((((16,9),((4,20),2)),7),11)),((5,17),((13,((19,(3,14)),(10,1))),(18,8)))));

STEP 63 [TBR_ClassicHeuristic_MC -> NNI_Substep_53] - Distance: 12.0000
(15,(((6,12),(((16,9),(((4,20),2),7)),11)),((5,17),((13,((19,(3,14)),(10,1))),(18,8)))));

STEP 64 [TBR_ClassicHeuristic_MC -> NNI_Substep_54] - Distance: 10.0000
(15,(((6,12),(((16,9),(((4,20),7),2)),11)),((5,17),((13,((19,(3,14)),(10,1))),(18,8)))));

STEP 65 [TBR_ClassicHeuristic_MC -> NNI_Substep_55] - Distance: 8.0000
(15,(((6,12),(((16,9),(((4,7),20),2)),11)),((5,17),((13,((19,(3,14)),(10,1))),(18,8)))));

STEP 66 [TBR_ClassicHeuristic_MC -> NNI_Substep_56] - Distance: 15.0000
(15,(((6,12),(((16,9),(((4,7),20),2)),11)),((5,((13,((19,(3,14)),(10,1))),(18,8))),17)));

STEP 67 [TBR_ClassicHeuristic_MC -> NNI_Substep_57] - Distance: 23.0000
(15,((((6,12),(((16,9),(((4,7),20),2)),11)),(5,((13,((19,(3,14)),(10,1))),(18,8)))),17));

STEP 68 [TBR_ClassicHeuristic_MC -> NNI_Substep_58] - Distance: 13.0000
(15,((((6,12),(((16,9),(((4,7),20),2)),11)),17),(5,((13,((19,(3,14)),(10,1))),(18,8)))));

STEP 69 [TBR_ClassicHeuristic_MC -> NNI_Substep_59] - Distance: 5.0000
(15,((((6,12),17),(((16,9),(((4,7),20),2)),11)),(5,((13,((19,(3,14)),(10,1))),(18,8)))));

STEP 70 [TBR_ClassicHeuristic_MC -> NNI_Substep_60] - Distance: 3.0000
(15,((((6,17),12),(((16,9),(((4,7),20),2)),11)),(5,((13,((19,(3,14)),(10,1))),(18,8)))));

STEP 71 [TBR_ClassicHeuristic_MC -> NNI_Substep_61] - Distance: 8.0000
(15,((((6,17),12),(((16,9),(((4,7),20),2)),11)),(5,(((13,((19,(3,14)),(10,1))),18),8))));

STEP 72 [TBR_ClassicHeuristic_MC -> NNI_Substep_62] - Distance: 6.0000
(15,((((6,17),12),(((16,9),(((4,7),20),2)),11)),(5,(((13,((19,(3,14)),(10,1))),8),18))));

STEP 73 [TBR_ClassicHeuristic_MC -> NNI_Substep_63] - Distance: 0.0000
(15,((((6,17),12),(((16,9),(((4,7),20),2)),11)),(5,(((13,8),((19,(3,14)),(10,1))),18))));

========================================================
[FINAL] Total Steps: 73 | Final Distance: 0.0000
========================================================
