========================================================
HEURISTIC TRAJECTORY: VND Classic (MS)
========================================================
STEP 0 [START] - Distance: 71.0000
(17,((18,(((15,1),(14,(11,16))),((4,(20,(5,8))),(10,7)))),(((19,3),(9,12)),(2,13))),6);

STEP 1 [NNI_ClassicHeuristic_MS -> NNI_Substep_1] - Distance: 69.0000
(17,((18,(((15,1),(14,(11,16))),((4,(20,(5,8))),(10,7)))),(((19,3),(2,13)),(9,12))),6);

STEP 2 [NNI_ClassicHeuristic_MS -> NNI_Substep_2] - Distance: 67.0000
(17,((9,12),(((19,3),(2,13)),(18,(((15,1),(14,(11,16))),((4,(20,(5,8))),(10,7)))))),6);

STEP 3 [NNI_ClassicHeuristic_MS -> NNI_Substep_3] - Distance: 64.0000
(17,((9,12),(18,(((19,3),(2,13)),(((15,1),(14,(11,16))),((4,(20,(5,8))),(10,7)))))),6);

STEP 4 [NNI_ClassicHeuristic_MS -> NNI_Substep_4] - Distance: 63.0000
(17,((9,12),(18,(((19,3),(2,13)),(((15,1),(14,(11,16))),(((5,8),(20,4)),(10,7)))))),6);

STEP 5 [uSPR_ClassicHeuristic_MS -> NNI_Substep_1] - Distance: 64.0000
(17,((9,12),(18,(((19,3),(2,13)),(((15,1),(14,(11,16))),((((5,8),20),4),(10,7)))))),6);

STEP 6 [uSPR_ClassicHeuristic_MS -> NNI_Substep_2] - Distance: 65.0000
(17,((9,12),(18,(((19,3),(2,13)),(((15,1),(14,(11,16))),((((5,8),20),(10,7)),4))))),6);

STEP 7 [uSPR_ClassicHeuristic_MS -> NNI_Substep_3] - Distance: 65.0000
(17,((9,12),(18,(((19,3),(2,13)),((((15,1),(14,(11,16))),(((5,8),20),(10,7))),4)))),6);

STEP 8 [uSPR_ClassicHeuristic_MS -> NNI_Substep_4] - Distance: 62.0000
(17,((9,12),(18,((((19,3),(2,13)),(((15,1),(14,(11,16))),(((5,8),20),(10,7)))),4))),6);

STEP 9 [uSPR_ClassicHeuristic_MS -> NNI_Substep_5] - Distance: 60.0000
(17,((9,12),((18,(((19,3),(2,13)),(((15,1),(14,(11,16))),(((5,8),20),(10,7))))),4)),6);

STEP 10 [uSPR_ClassicHeuristic_MS -> NNI_Substep_6] - Distance: 57.0000
(17,(((9,12),(18,(((19,3),(2,13)),(((15,1),(14,(11,16))),(((5,8),20),(10,7)))))),4),6);

STEP 11 [uSPR_ClassicHeuristic_MS -> NNI_Substep_7] - Distance: 55.0000
((17,4),((9,12),(18,(((19,3),(2,13)),(((15,1),(14,(11,16))),(((5,8),20),(10,7)))))),6);

STEP 12 [uSPR_ClassicHeuristic_MS -> NNI_Substep_8] - Distance: 57.0000
((17,4),((9,12),(18,(((19,3),(2,13)),(((15,1),(14,(11,16))),(((5,20),8),(10,7)))))),6);

STEP 13 [uSPR_ClassicHeuristic_MS -> NNI_Substep_9] - Distance: 58.0000
((17,4),((9,12),(18,(((19,3),(2,13)),(((15,1),(14,(11,16))),(((5,20),(10,7)),8))))),6);

STEP 14 [uSPR_ClassicHeuristic_MS -> NNI_Substep_10] - Distance: 58.0000
((17,4),((9,12),(18,(((19,3),(2,13)),((((15,1),(14,(11,16))),((5,20),(10,7))),8)))),6);

STEP 15 [uSPR_ClassicHeuristic_MS -> NNI_Substep_11] - Distance: 57.0000
((17,4),((9,12),(18,((((19,3),(2,13)),(((15,1),(14,(11,16))),((5,20),(10,7)))),8))),6);

STEP 16 [uSPR_ClassicHeuristic_MS -> NNI_Substep_12] - Distance: 55.0000
((17,4),((9,12),((18,(((19,3),(2,13)),(((15,1),(14,(11,16))),((5,20),(10,7))))),8)),6);

STEP 17 [uSPR_ClassicHeuristic_MS -> NNI_Substep_13] - Distance: 52.0000
((17,4),(((9,12),(18,(((19,3),(2,13)),(((15,1),(14,(11,16))),((5,20),(10,7)))))),8),6);

STEP 18 [uSPR_ClassicHeuristic_MS -> NNI_Substep_14] - Distance: 49.0000
((17,4),((9,12),(18,(((19,3),(2,13)),(((15,1),(14,(11,16))),((5,20),(10,7)))))),(6,8));

STEP 19 [uSPR_ClassicHeuristic_MS -> NNI_Substep_15] - Distance: 51.0000
((17,4),((9,12),(18,(((19,3),(2,13)),(((15,(14,(11,16))),1),((5,20),(10,7)))))),(6,8));

STEP 20 [uSPR_ClassicHeuristic_MS -> NNI_Substep_16] - Distance: 50.0000
((17,4),((9,12),(18,(((19,3),(2,13)),(((15,(14,(11,16))),((5,20),(10,7))),1)))),(6,8));

STEP 21 [uSPR_ClassicHeuristic_MS -> NNI_Substep_17] - Distance: 49.0000
((17,4),((9,12),(18,((((19,3),(2,13)),((15,(14,(11,16))),((5,20),(10,7)))),1))),(6,8));

STEP 22 [uSPR_ClassicHeuristic_MS -> NNI_Substep_18] - Distance: 49.0000
((17,4),((9,12),((18,(((19,3),(2,13)),((15,(14,(11,16))),((5,20),(10,7))))),1)),(6,8));

STEP 23 [uSPR_ClassicHeuristic_MS -> NNI_Substep_19] - Distance: 46.0000
((17,4),(((9,12),(18,(((19,3),(2,13)),((15,(14,(11,16))),((5,20),(10,7)))))),1),(6,8));

STEP 24 [uSPR_ClassicHeuristic_MS -> NNI_Substep_20] - Distance: 43.0000
((17,4),((9,12),(18,(((19,3),(2,13)),((15,(14,(11,16))),((5,20),(10,7)))))),((6,8),1));

STEP 25 [uSPR_ClassicHeuristic_MS -> NNI_Substep_21] - Distance: 41.0000
((17,4),((9,12),(18,(((19,3),(2,13)),((15,(14,(11,16))),((5,20),(10,7)))))),(6,(8,1)));

STEP 26 [uSPR_ClassicHeuristic_MS -> NNI_Substep_22] - Distance: 42.0000
((17,4),((9,12),(18,(((19,(2,13)),3),((15,(14,(11,16))),((5,20),(10,7)))))),(6,(8,1)));

STEP 27 [uSPR_ClassicHeuristic_MS -> NNI_Substep_23] - Distance: 41.0000
((17,4),((9,12),(18,(((19,(2,13)),((15,(14,(11,16))),((5,20),(10,7)))),3))),(6,(8,1)));

STEP 28 [uSPR_ClassicHeuristic_MS -> NNI_Substep_24] - Distance: 41.0000
((17,4),((9,12),((18,((19,(2,13)),((15,(14,(11,16))),((5,20),(10,7))))),3)),(6,(8,1)));

STEP 29 [uSPR_ClassicHeuristic_MS -> NNI_Substep_25] - Distance: 40.0000
((17,4),(((9,12),(18,((19,(2,13)),((15,(14,(11,16))),((5,20),(10,7)))))),3),(6,(8,1)));

STEP 30 [uSPR_ClassicHeuristic_MS -> NNI_Substep_26] - Distance: 37.0000
((17,4),((9,12),(18,((19,(2,13)),((15,(14,(11,16))),((5,20),(10,7)))))),((6,(8,1)),3));

STEP 31 [uSPR_ClassicHeuristic_MS -> NNI_Substep_27] - Distance: 35.0000
((17,4),((9,12),(18,((19,(2,13)),((15,(14,(11,16))),((5,20),(10,7)))))),(6,((8,1),3)));

STEP 32 [uSPR_ClassicHeuristic_MS -> NNI_Substep_28] - Distance: 33.0000
((17,4),((9,12),(18,((19,(2,13)),((15,(14,(11,16))),((5,20),(10,7)))))),(6,(8,(1,3))));

STEP 33 [uSPR_ClassicHeuristic_MS -> NNI_Substep_29] - Distance: 34.0000
((17,4),((9,12),(18,(((2,13),((15,(14,(11,16))),((5,20),(10,7)))),19))),(6,(8,(1,3))));

STEP 34 [uSPR_ClassicHeuristic_MS -> NNI_Substep_30] - Distance: 33.0000
((17,4),((9,12),(18,((((15,(14,(11,16))),((5,20),(10,7))),19),(2,13)))),(6,(8,(1,3))));

STEP 35 [uSPR_ClassicHeuristic_MS -> NNI_Substep_31] - Distance: 32.0000
((17,4),((9,12),(18,(((((5,20),(10,7)),19),(15,(14,(11,16)))),(2,13)))),(6,(8,(1,3))));

STEP 36 [uSPR_ClassicHeuristic_MS -> NNI_Substep_32] - Distance: 29.0000
((17,4),((9,12),(18,((2,13),((15,(14,(11,16))),((5,20),((10,7),19)))))),(6,(8,(1,3))));

STEP 37 [uSPR_ClassicHeuristic_MS -> NNI_Substep_33] - Distance: 27.0000
((17,4),((9,12),(18,((2,13),((15,(14,(11,16))),((5,20),((10,19),7)))))),(6,(8,(1,3))));

STEP 38 [uSPR_ClassicHeuristic_MS -> NNI_Substep_34] - Distance: 29.0000
((17,4),((9,12),(18,((2,13),(((14,(11,16)),((5,20),((10,19),7))),15)))),(6,(8,(1,3))));

STEP 39 [uSPR_ClassicHeuristic_MS -> NNI_Substep_35] - Distance: 27.0000
((17,4),((9,12),(18,((2,13),((((5,20),((10,19),7)),15),(14,(11,16)))))),(6,(8,(1,3))));

STEP 40 [uSPR_ClassicHeuristic_MS -> NNI_Substep_36] - Distance: 24.0000
((17,4),((9,12),(18,((2,13),(((((10,19),7),15),(5,20)),(14,(11,16)))))),(6,(8,(1,3))));

STEP 41 [uSPR_ClassicHeuristic_MS -> NNI_Substep_37] - Distance: 22.0000
((17,4),((9,12),(18,((2,13),((14,(11,16)),((5,20),(((10,19),15),7)))))),(6,(8,(1,3))));

STEP 42 [uSPR_ClassicHeuristic_MS -> NNI_Substep_38] - Distance: 24.0000
((17,4),((9,12),(18,((13,((14,(11,16)),((5,20),(((10,19),15),7)))),2))),(6,(8,(1,3))));

STEP 43 [uSPR_ClassicHeuristic_MS -> NNI_Substep_39] - Distance: 22.0000
((17,4),((9,12),(18,((((14,(11,16)),((5,20),(((10,19),15),7))),2),13))),(6,(8,(1,3))));

STEP 44 [uSPR_ClassicHeuristic_MS -> NNI_Substep_40] - Distance: 20.0000
((17,4),((9,12),(18,(((((5,20),(((10,19),15),7)),2),(14,(11,16))),13))),(6,(8,(1,3))));

STEP 45 [uSPR_ClassicHeuristic_MS -> NNI_Substep_41] - Distance: 19.0000
((17,4),((9,12),(18,(13,((14,(11,16)),((5,20),((((10,19),15),7),2)))))),(6,(8,(1,3))));

STEP 46 [uSPR_ClassicHeuristic_MS -> NNI_Substep_42] - Distance: 17.0000
((17,4),((9,12),(18,(13,((14,(11,16)),((5,20),((((10,19),15),2),7)))))),(6,(8,(1,3))));

STEP 47 [uSPR_ClassicHeuristic_MS -> NNI_Substep_43] - Distance: 17.0000
((17,4),((9,12),(18,(13,(((14,11),16),((5,20),((((10,19),15),2),7)))))),(6,(8,(1,3))));

STEP 48 [uSPR_ClassicHeuristic_MS -> NNI_Substep_44] - Distance: 21.0000
((17,4),((9,12),(18,(13,(((14,11),((5,20),((((10,19),15),2),7))),16)))),(6,(8,(1,3))));

STEP 49 [uSPR_ClassicHeuristic_MS -> NNI_Substep_45] - Distance: 18.0000
((17,4),((9,12),(18,(13,((14,11),(((5,20),((((10,19),15),2),7)),16))))),(6,(8,(1,3))));

STEP 50 [uSPR_ClassicHeuristic_MS -> NNI_Substep_46] - Distance: 17.0000
((17,4),((9,12),(18,(13,((14,11),((5,20),(((((10,19),15),2),7),16)))))),(6,(8,(1,3))));

STEP 51 [uSPR_ClassicHeuristic_MS -> NNI_Substep_47] - Distance: 15.0000
((17,4),((9,12),(18,(13,((14,11),((5,20),(((((10,19),15),2),16),7)))))),(6,(8,(1,3))));

STEP 52 [uSPR_ClassicHeuristic_MS -> NNI_Substep_48] - Distance: 11.0000
((17,4),((9,12),(18,(13,((14,11),((5,20),((((10,19),15),(2,16)),7)))))),(6,(8,(1,3))));

STEP 53 [uSPR_ClassicHeuristic_MS -> NNI_Substep_49] - Distance: 16.0000
((17,4),((9,(18,(13,((14,11),((5,20),((((10,19),15),(2,16)),7)))))),12),(6,(8,(1,3))));

STEP 54 [uSPR_ClassicHeuristic_MS -> NNI_Substep_50] - Distance: 16.0000
((17,4),(((18,(13,((14,11),((5,20),((((10,19),15),(2,16)),7))))),12),9),(6,(8,(1,3))));

STEP 55 [uSPR_ClassicHeuristic_MS -> NNI_Substep_51] - Distance: 8.0000
((17,4),(((18,12),(13,((14,11),((5,20),((((10,19),15),(2,16)),7))))),9),(6,(8,(1,3))));

STEP 56 [uSPR_ClassicHeuristic_MS -> NNI_Substep_52] - Distance: 11.0000
((17,4),(9,((18,12),(13,((14,11),((5,((((10,19),15),(2,16)),7)),20))))),(6,(8,(1,3))));

STEP 57 [uSPR_ClassicHeuristic_MS -> NNI_Substep_53] - Distance: 9.0000
((17,4),(9,((18,12),(13,((14,11),((((((10,19),15),(2,16)),7),20),5))))),(6,(8,(1,3))));

STEP 58 [uSPR_ClassicHeuristic_MS -> NNI_Substep_54] - Distance: 5.0000
((17,4),(9,((18,12),(13,((14,11),(((7,20),(((10,19),15),(2,16))),5))))),(6,(8,(1,3))));

STEP 59 [uSPR_ClassicHeuristic_MS -> NNI_Substep_55] - Distance: 9.0000
((17,4),(9,((18,12),(13,((14,11),(5,(((((10,19),15),(2,16)),20),7)))))),(6,(8,(1,3))));

STEP 60 [uSPR_ClassicHeuristic_MS -> NNI_Substep_56] - Distance: 9.0000
((17,4),(9,((18,12),(13,((14,11),((5,((((10,19),15),(2,16)),20)),7))))),(6,(8,(1,3))));

STEP 61 [uSPR_ClassicHeuristic_MS -> NNI_Substep_57] - Distance: 10.0000
((17,4),(9,((18,12),(13,(((14,11),(5,((((10,19),15),(2,16)),20))),7)))),(6,(8,(1,3))));

STEP 62 [uSPR_ClassicHeuristic_MS -> NNI_Substep_58] - Distance: 10.0000
((17,4),(9,((18,12),((13,((14,11),(5,((((10,19),15),(2,16)),20)))),7))),(6,(8,(1,3))));

STEP 63 [uSPR_ClassicHeuristic_MS -> NNI_Substep_59] - Distance: 0.0000
((17,4),(9,((18,12),((13,7),((14,11),(5,((((10,19),15),(2,16)),20)))))),(6,(8,(1,3))));

========================================================
[FINAL] Total Steps: 63 | Final Distance: 0.0000
========================================================
