========================================================
HEURISTIC TRAJECTORY: VND Incremental (MP_RF)
========================================================
STEP 0 [START] - Distance: 128.0000
(((12,(((9,10),(19,6)),(11,20))),((16,((3,(13,4)),(17,5))),(14,(15,(7,(18,2)))))),(8,1));

STEP 1 [NNI_IncrementalHeuristic_MP_RF -> NNI_Substep_1] - Distance: 118.0000
((8,((12,(((9,10),(19,6)),(11,20))),1)),((16,((3,(13,4)),(17,5))),(14,(15,(7,(18,2))))));

STEP 2 [NNI_IncrementalHeuristic_MP_RF -> NNI_Substep_2] - Distance: 117.0000
((8,((12,(((9,10),(11,20)),(19,6))),1)),((16,((3,(13,4)),(17,5))),(14,(15,(7,(18,2))))));

STEP 3 [NNI_IncrementalHeuristic_MP_RF -> NNI_Substep_3] - Distance: 116.0000
((8,((12,((20,(11,(9,10))),(19,6))),1)),((16,((3,(13,4)),(17,5))),(14,(15,(7,(18,2))))));

STEP 4 [NNI_IncrementalHeuristic_MP_RF -> NNI_Substep_4] - Distance: 115.0000
((8,((12,(19,((20,(11,(9,10))),6))),1)),((16,((3,(13,4)),(17,5))),(14,(15,(7,(18,2))))));

STEP 5 [NNI_IncrementalHeuristic_MP_RF -> NNI_Substep_5] - Distance: 114.0000
((8,((19,(12,((20,(11,(9,10))),6))),1)),((16,((3,(13,4)),(17,5))),(14,(15,(7,(18,2))))));

STEP 6 [NNI_IncrementalHeuristic_MP_RF -> NNI_Substep_6] - Distance: 112.0000
((8,((19,(12,((20,(11,(9,10))),6))),1)),(14,((16,((3,(13,4)),(17,5))),(15,(7,(18,2))))));

STEP 7 [Heur. rSPR MP_RF -> NNI_Substep_1] - Distance: 112.0000
(((16,((3,(13,4)),(17,5))),(15,(7,(18,2)))),(14,(8,((19,(12,((20,((11,10),9)),6))),1))));

STEP 8 [Heur. rSPR MP_RF -> NNI_Substep_2] - Distance: 112.0000
(((16,((3,(13,4)),(17,5))),(15,(7,(18,2)))),(14,(8,((19,(12,(((20,(11,10)),9),6))),1))));

STEP 9 [Heur. rSPR MP_RF -> NNI_Substep_3] - Distance: 112.0000
(((16,((3,(13,4)),(17,5))),(15,(7,(18,2)))),(14,(8,((19,(12,(((20,(11,10)),6),9))),1))));

STEP 10 [Heur. rSPR MP_RF -> NNI_Substep_4] - Distance: 112.0000
(((16,((3,(13,4)),(17,5))),(15,(7,(18,2)))),(14,(8,((19,((12,((20,(11,10)),6)),9)),1))));

STEP 11 [Heur. rSPR MP_RF -> NNI_Substep_5] - Distance: 112.0000
(((16,((3,(13,4)),(17,5))),(15,(7,(18,2)))),(14,(8,((19,((12,9),((20,(11,10)),6))),1))));

STEP 12 [Heur. rSPR MP_RF -> NNI_Substep_6] - Distance: 112.0000
(((16,((3,(13,4)),(17,5))),(15,((7,18),2))),(14,(8,((19,((12,9),((20,(11,10)),6))),1))));

STEP 13 [Heur. rSPR MP_RF -> NNI_Substep_7] - Distance: 112.0000
(((16,((3,(13,4)),(17,5))),((15,(7,18)),2)),(14,(8,((19,((12,9),((20,(11,10)),6))),1))));

STEP 14 [Heur. rSPR MP_RF -> NNI_Substep_8] - Distance: 111.0000
((((16,((3,(13,4)),(17,5))),(15,(7,18))),2),(14,(8,((19,((12,9),((20,(11,10)),6))),1))));

STEP 15 [Heur. rSPR MP_RF -> NNI_Substep_9] - Distance: 111.0000
((((16,((3,(13,4)),(17,5))),2),(15,(7,18))),(14,(8,((19,((12,9),((20,(11,10)),6))),1))));

STEP 16 [Heur. rSPR MP_RF -> NNI_Substep_10] - Distance: 111.0000
(((16,(((3,(13,4)),(17,5)),2)),(15,(7,18))),(14,(8,((19,((12,9),((20,(11,10)),6))),1))));

STEP 17 [Heur. rSPR MP_RF -> NNI_Substep_11] - Distance: 109.0000
(((16,((3,(13,4)),((17,5),2))),(15,(7,18))),(14,(8,((19,((12,9),((20,(11,10)),6))),1))));

STEP 18 [Heur. rSPR MP_RF -> NNI_Substep_12] - Distance: 108.0000
(((16,((3,(13,4)),(17,(5,2)))),(15,(7,18))),(14,(8,((19,((12,9),((20,(11,10)),6))),1))));

STEP 19 [Heur. rSPR MP_RF -> NNI_Substep_13] - Distance: 108.0000
(((16,((3,(13,4)),(17,(5,2)))),(15,(7,18))),(14,(8,(((19,(12,9)),((20,(11,10)),6)),1))));

STEP 20 [Heur. rSPR MP_RF -> NNI_Substep_14] - Distance: 108.0000
(((16,((3,(13,4)),(17,(5,2)))),(15,(7,18))),(14,(8,(((19,(12,9)),1),((20,(11,10)),6)))));

STEP 21 [Heur. rSPR MP_RF -> NNI_Substep_15] - Distance: 108.0000
(((16,((3,(13,4)),(17,(5,2)))),(15,(7,18))),(14,((8,((19,(12,9)),1)),((20,(11,10)),6))));

STEP 22 [Heur. rSPR MP_RF -> NNI_Substep_16] - Distance: 108.0000
(((16,((3,(13,4)),(17,(5,2)))),(15,(7,18))),((14,(8,((19,(12,9)),1))),((20,(11,10)),6)));

STEP 23 [Heur. rSPR MP_RF -> NNI_Substep_17] - Distance: 102.0000
((((16,((3,(13,4)),(17,(5,2)))),((15,7),18)),(14,(8,((19,(12,9)),1)))),((20,(11,10)),6));

STEP 24 [Heur. rSPR MP_RF -> NNI_Substep_18] - Distance: 102.0000
(((((16,((3,(13,4)),(17,(5,2)))),(15,7)),18),(14,(8,((19,(12,9)),1)))),((20,(11,10)),6));

STEP 25 [Heur. rSPR MP_RF -> NNI_Substep_19] - Distance: 102.0000
(((((16,((3,(13,4)),(17,(5,2)))),(15,7)),(14,(8,((19,(12,9)),1)))),18),((20,(11,10)),6));

STEP 26 [Heur. rSPR MP_RF -> NNI_Substep_20] - Distance: 100.0000
((((16,((3,(13,4)),(17,(5,2)))),(15,7)),((14,(8,((19,(12,9)),1))),18)),((20,(11,10)),6));

STEP 27 [Heur. rSPR MP_RF -> NNI_Substep_21] - Distance: 100.0000
((((16,((3,(13,4)),(17,(5,2)))),(15,7)),(14,((8,((19,(12,9)),1)),18))),((20,(11,10)),6));

STEP 28 [Heur. rSPR MP_RF -> NNI_Substep_22] - Distance: 99.0000
((((16,((3,(13,4)),(17,(5,2)))),(15,7)),(14,(8,(((19,(12,9)),1),18)))),((20,(11,10)),6));

STEP 29 [Heur. rSPR MP_RF -> NNI_Substep_23] - Distance: 96.0000
((((16,((3,(13,4)),(17,(5,2)))),(15,7)),(14,(8,((19,(12,9)),(1,18))))),((20,(11,10)),6));

STEP 30 [Heur. rSPR MP_RF -> NNI_Substep_24] - Distance: 94.0000
(((((16,((3,(13,4)),(17,(5,2)))),7),15),(14,(8,((19,(12,9)),(1,18))))),((20,(11,10)),6));

STEP 31 [Heur. rSPR MP_RF -> NNI_Substep_25] - Distance: 94.0000
(((((16,((3,(13,4)),(17,(5,2)))),7),(14,(8,((19,(12,9)),(1,18))))),15),((20,(11,10)),6));

STEP 32 [Heur. rSPR MP_RF -> NNI_Substep_26] - Distance: 92.0000
((((16,((3,(13,4)),(17,(5,2)))),7),((14,(8,((19,(12,9)),(1,18)))),15)),((20,(11,10)),6));

STEP 33 [Heur. rSPR MP_RF -> NNI_Substep_27] - Distance: 92.0000
((((16,((3,(13,4)),(17,(5,2)))),7),(14,((8,((19,(12,9)),(1,18))),15))),((20,(11,10)),6));

STEP 34 [Heur. rSPR MP_RF -> NNI_Substep_28] - Distance: 87.0000
((((16,((3,(13,4)),(17,(5,2)))),7),(14,((8,15),((19,(12,9)),(1,18))))),((20,(11,10)),6));

STEP 35 [Heur. rSPR MP_RF -> NNI_Substep_29] - Distance: 85.0000
(((((16,((3,(13,4)),(17,(5,2)))),7),14),((8,15),((19,(12,9)),(1,18)))),((20,(11,10)),6));

STEP 36 [Heur. rSPR MP_RF -> NNI_Substep_30] - Distance: 85.0000
(((((16,((3,(13,4)),(17,(5,2)))),7),((8,15),((19,(12,9)),(1,18)))),14),((20,(11,10)),6));

STEP 37 [Heur. rSPR MP_RF -> NNI_Substep_31] - Distance: 85.0000
(((((16,((3,(13,4)),(17,(5,2)))),((8,15),((19,(12,9)),(1,18)))),7),14),((20,(11,10)),6));

STEP 38 [Heur. rSPR MP_RF -> NNI_Substep_32] - Distance: 85.0000
((((16,(((3,(13,4)),(17,(5,2))),((8,15),((19,(12,9)),(1,18))))),7),14),((20,(11,10)),6));

STEP 39 [Heur. rSPR MP_RF -> NNI_Substep_33] - Distance: 65.0000
((((16,(((3,(13,4)),((8,15),((19,(12,9)),(1,18)))),(17,(5,2)))),7),14),((20,(11,10)),6));

STEP 40 [Heur. rSPR MP_RF -> NNI_Substep_34] - Distance: 65.0000
((((16,((3,((13,4),((8,15),((19,(12,9)),(1,18))))),(17,(5,2)))),7),14),((20,(11,10)),6));

STEP 41 [Heur. rSPR MP_RF -> NNI_Substep_35] - Distance: 65.0000
((((16,((((13,4),((8,15),((19,(12,9)),(1,18)))),(17,(5,2))),3)),7),14),((20,(11,10)),6));

STEP 42 [Heur. rSPR MP_RF -> NNI_Substep_36] - Distance: 65.0000
(((((16,(((13,4),((8,15),((19,(12,9)),(1,18)))),(17,(5,2)))),3),7),14),((20,(11,10)),6));

STEP 43 [Heur. rSPR MP_RF -> NNI_Substep_37] - Distance: 65.0000
(((((16,3),(((13,4),((8,15),((19,(12,9)),(1,18)))),(17,(5,2)))),7),14),((20,(11,10)),6));

STEP 44 [Heur. rSPR MP_RF -> NNI_Substep_38] - Distance: 65.0000
(((((((13,4),((8,15),((19,(12,9)),(1,18)))),(17,(5,2))),7),(16,3)),14),((20,(11,10)),6));

STEP 45 [Heur. rSPR MP_RF -> NNI_Substep_39] - Distance: 66.0000
(((((((13,4),((8,15),((19,(12,9)),(1,18)))),(17,(5,2))),7),14),(16,3)),((20,(11,10)),6));

STEP 46 [Heur. rSPR MP_RF -> NNI_Substep_40] - Distance: 64.0000
((((((13,4),((8,15),((19,(12,9)),(1,18)))),(17,(5,2))),7),(14,(16,3))),((20,(11,10)),6));

STEP 47 [Heur. rSPR MP_RF -> NNI_Substep_41] - Distance: 0.0000
(((((13,4),((8,15),((19,(12,9)),(1,18)))),(17,(5,2))),7),((20,(11,10)),(6,(14,(16,3)))));

========================================================
[FINAL] Total Steps: 47 | Final Distance: 0.0000
========================================================
