========================================================
HEURISTIC TRAJECTORY: VND Classic (MP_RF)
========================================================
STEP 0 [START] - Distance: 132.0000
(((19,1),((7,((2,(16,(6,((5,12),((11,15),(17,10)))))),(8,(9,18)))),(4,3))),(14,(20,13)));

STEP 1 [NNI_ClassicHeuristic_MP_RF -> NNI_Substep_1] - Distance: 120.0000
(((19,1),(14,(20,13))),((7,(8,((2,(16,(6,((5,12),((11,15),(17,10)))))),(9,18)))),(4,3)));

STEP 2 [NNI_ClassicHeuristic_MP_RF -> NNI_Substep_2] - Distance: 119.0000
(((19,1),(14,(20,13))),((7,(8,((16,(2,(6,((5,12),((11,15),(17,10)))))),(9,18)))),(4,3)));

STEP 3 [NNI_ClassicHeuristic_MP_RF -> NNI_Substep_3] - Distance: 118.0000
(((19,1),(14,(20,13))),((7,(8,(((9,18),(2,(6,((5,12),((11,15),(17,10)))))),16))),(4,3)));

STEP 4 [NNI_ClassicHeuristic_MP_RF -> NNI_Substep_4] - Distance: 117.0000
(((19,1),(14,(20,13))),((7,(8,((((2,(6,((5,12),((11,15),(17,10))))),18),9),16))),(4,3)));

STEP 5 [TBR_ClassicHeuristic_MP_RF -> NNI_Substep_1] - Distance: 117.0000
(((19,1),(14,(20,13))),((7,(8,((((2,(6,((5,12),(((11,15),17),10)))),18),9),16))),(4,3)));

STEP 6 [TBR_ClassicHeuristic_MP_RF -> NNI_Substep_2] - Distance: 117.0000
(((19,1),(14,(20,13))),((7,(8,((((2,(6,(((5,12),((11,15),17)),10))),18),9),16))),(4,3)));

STEP 7 [TBR_ClassicHeuristic_MP_RF -> NNI_Substep_3] - Distance: 117.0000
(((19,1),(14,(20,13))),((7,(8,((((2,((6,((5,12),((11,15),17))),10)),18),9),16))),(4,3)));

STEP 8 [TBR_ClassicHeuristic_MP_RF -> NNI_Substep_4] - Distance: 116.0000
(((19,1),(14,(20,13))),((7,(8,(((((2,(6,((5,12),((11,15),17)))),10),18),9),16))),(4,3)));

STEP 9 [TBR_ClassicHeuristic_MP_RF -> NNI_Substep_5] - Distance: 116.0000
(((19,1),(14,(20,13))),((7,(8,(((((2,(6,((5,12),((11,15),17)))),18),10),9),16))),(4,3)));

STEP 10 [TBR_ClassicHeuristic_MP_RF -> NNI_Substep_6] - Distance: 115.0000
(((19,1),(14,(20,13))),((7,(8,(((((2,(6,((5,12),((11,15),17)))),18),9),10),16))),(4,3)));

STEP 11 [TBR_ClassicHeuristic_MP_RF -> NNI_Substep_7] - Distance: 116.0000
(((19,1),(14,(20,13))),((7,(8,(((((2,(6,((5,12),((11,15),17)))),18),9),16),10))),(4,3)));

STEP 12 [TBR_ClassicHeuristic_MP_RF -> NNI_Substep_8] - Distance: 116.0000
(((19,1),(14,(20,13))),((7,((8,((((2,(6,((5,12),((11,15),17)))),18),9),16)),10)),(4,3)));

STEP 13 [TBR_ClassicHeuristic_MP_RF -> NNI_Substep_9] - Distance: 115.0000
(((19,1),(14,(20,13))),(((7,(8,((((2,(6,((5,12),((11,15),17)))),18),9),16))),10),(4,3)));

STEP 14 [TBR_ClassicHeuristic_MP_RF -> NNI_Substep_10] - Distance: 115.0000
(((19,1),(14,(20,13))),(((7,(8,((((2,(6,((5,12),((11,15),17)))),18),9),16))),(4,3)),10));

STEP 15 [TBR_ClassicHeuristic_MP_RF -> NNI_Substep_11] - Distance: 111.0000
(((19,1),((14,(20,13)),10)),((7,(8,((((2,(6,((5,12),((11,15),17)))),18),9),16))),(4,3)));

STEP 16 [TBR_ClassicHeuristic_MP_RF -> NNI_Substep_12] - Distance: 111.0000
(((19,1),(14,((20,13),10))),((7,(8,((((2,(6,((5,12),((11,15),17)))),18),9),16))),(4,3)));

STEP 17 [TBR_ClassicHeuristic_MP_RF -> NNI_Substep_13] - Distance: 110.0000
(((19,1),(14,((20,10),13))),((7,(8,((((2,(6,((5,12),((11,15),17)))),18),9),16))),(4,3)));

STEP 18 [TBR_ClassicHeuristic_MP_RF -> NNI_Substep_14] - Distance: 110.0000
(((19,1),(14,((20,10),13))),((7,((8,(((2,(6,((5,12),((11,15),17)))),18),9)),16)),(4,3)));

STEP 19 [TBR_ClassicHeuristic_MP_RF -> NNI_Substep_15] - Distance: 109.0000
(((19,1),(14,((20,10),13))),(((7,(8,(((2,(6,((5,12),((11,15),17)))),18),9))),16),(4,3)));

STEP 20 [TBR_ClassicHeuristic_MP_RF -> NNI_Substep_16] - Distance: 109.0000
(((19,1),(14,((20,10),13))),(((7,(8,(((2,(6,((5,12),((11,15),17)))),18),9))),(4,3)),16));

STEP 21 [TBR_ClassicHeuristic_MP_RF -> NNI_Substep_17] - Distance: 99.0000
((((19,1),16),(14,((20,10),13))),((7,(8,(((2,(6,((5,12),((11,15),17)))),18),9))),(4,3)));

STEP 22 [TBR_ClassicHeuristic_MP_RF -> NNI_Substep_18] - Distance: 99.0000
((((19,16),1),(14,((20,10),13))),((7,(8,(((2,(6,((5,12),((11,15),17)))),18),9))),(4,3)));

STEP 23 [TBR_ClassicHeuristic_MP_RF -> NNI_Substep_19] - Distance: 99.0000
(((((19,16),1),((20,10),13)),14),((7,(8,(((2,(6,((5,12),((11,15),17)))),18),9))),(4,3)));

STEP 24 [TBR_ClassicHeuristic_MP_RF -> NNI_Substep_20] - Distance: 95.0000
((((19,16),1),((20,10),13)),(((7,(8,(((2,(6,((5,12),((11,15),17)))),18),9))),14),(4,3)));

STEP 25 [TBR_ClassicHeuristic_MP_RF -> NNI_Substep_21] - Distance: 95.0000
((((19,16),1),((20,10),13)),((7,((8,(((2,(6,((5,12),((11,15),17)))),18),9)),14)),(4,3)));

STEP 26 [TBR_ClassicHeuristic_MP_RF -> NNI_Substep_22] - Distance: 90.0000
((((19,16),1),((20,10),13)),((7,((8,14),(((2,(6,((5,12),((11,15),17)))),18),9))),(4,3)));

STEP 27 [TBR_ClassicHeuristic_MP_RF -> NNI_Substep_23] - Distance: 90.0000
((((19,16),1),((20,10),13)),((7,((8,14),(((2,(6,((5,12),((11,17),15)))),18),9))),(4,3)));

STEP 28 [TBR_ClassicHeuristic_MP_RF -> NNI_Substep_24] - Distance: 90.0000
((((19,16),1),((20,10),13)),((7,((8,14),(((2,(6,(((5,12),(11,17)),15))),18),9))),(4,3)));

STEP 29 [TBR_ClassicHeuristic_MP_RF -> NNI_Substep_25] - Distance: 89.0000
((((19,16),1),((20,10),13)),((7,((8,14),(((2,((6,((5,12),(11,17))),15)),18),9))),(4,3)));

STEP 30 [TBR_ClassicHeuristic_MP_RF -> NNI_Substep_26] - Distance: 89.0000
((((19,16),1),((20,10),13)),((7,((8,14),((((2,(6,((5,12),(11,17)))),15),18),9))),(4,3)));

STEP 31 [TBR_ClassicHeuristic_MP_RF -> NNI_Substep_27] - Distance: 89.0000
((((19,16),1),((20,10),13)),((7,((8,14),((((2,(6,((5,12),(11,17)))),18),15),9))),(4,3)));

STEP 32 [TBR_ClassicHeuristic_MP_RF -> NNI_Substep_28] - Distance: 86.0000
((((19,16),1),((20,10),13)),((7,((8,14),(((2,(6,((5,12),(11,17)))),(18,15)),9))),(4,3)));

STEP 33 [TBR_ClassicHeuristic_MP_RF -> NNI_Substep_29] - Distance: 86.0000
((((19,16),((20,10),13)),1),((7,((8,14),(((2,(6,((5,12),(11,17)))),(18,15)),9))),(4,3)));

STEP 34 [TBR_ClassicHeuristic_MP_RF -> NNI_Substep_30] - Distance: 84.0000
(((19,16),((20,10),13)),(((7,((8,14),(((2,(6,((5,12),(11,17)))),(18,15)),9))),1),(4,3)));

STEP 35 [TBR_ClassicHeuristic_MP_RF -> NNI_Substep_31] - Distance: 84.0000
(((19,16),((20,10),13)),((7,(((8,14),(((2,(6,((5,12),(11,17)))),(18,15)),9)),1)),(4,3)));

STEP 36 [TBR_ClassicHeuristic_MP_RF -> NNI_Substep_32] - Distance: 84.0000
(((19,16),((20,10),13)),((7,((8,14),((((2,(6,((5,12),(11,17)))),(18,15)),9),1))),(4,3)));

STEP 37 [TBR_ClassicHeuristic_MP_RF -> NNI_Substep_33] - Distance: 84.0000
(((19,16),((20,10),13)),((7,((8,14),((((2,(6,((5,12),(11,17)))),(18,15)),1),9))),(4,3)));

STEP 38 [TBR_ClassicHeuristic_MP_RF -> NNI_Substep_34] - Distance: 84.0000
(((19,16),((20,10),13)),((7,((8,14),((((2,(6,((5,12),(11,17)))),1),(18,15)),9))),(4,3)));

STEP 39 [TBR_ClassicHeuristic_MP_RF -> NNI_Substep_35] - Distance: 84.0000
(((19,16),((20,10),13)),((7,((8,14),(((2,((6,((5,12),(11,17))),1)),(18,15)),9))),(4,3)));

STEP 40 [TBR_ClassicHeuristic_MP_RF -> NNI_Substep_36] - Distance: 84.0000
(((19,16),((20,10),13)),((7,((8,14),(((2,(6,(((5,12),(11,17)),1))),(18,15)),9))),(4,3)));

STEP 41 [TBR_ClassicHeuristic_MP_RF -> NNI_Substep_37] - Distance: 84.0000
(((19,16),((20,10),13)),((7,((8,14),(((2,(6,(((5,12),1),(11,17)))),(18,15)),9))),(4,3)));

STEP 42 [TBR_ClassicHeuristic_MP_RF -> NNI_Substep_38] - Distance: 84.0000
(((19,16),((20,10),13)),((7,((8,14),(((2,(6,(((5,1),12),(11,17)))),(18,15)),9))),(4,3)));

STEP 43 [TBR_ClassicHeuristic_MP_RF -> NNI_Substep_39] - Distance: 84.0000
(((19,16),((20,10),13)),((7,((8,14),(((2,(6,((12,(11,17)),(5,1)))),(18,15)),9))),(4,3)));

STEP 44 [TBR_ClassicHeuristic_MP_RF -> NNI_Substep_40] - Distance: 84.0000
(((19,16),((20,10),13)),((7,((8,14),(((2,((6,(12,(11,17))),(5,1))),(18,15)),9))),(4,3)));

STEP 45 [TBR_ClassicHeuristic_MP_RF -> NNI_Substep_41] - Distance: 84.0000
(((19,16),((20,10),13)),((7,((8,14),((((2,(6,(12,(11,17)))),(5,1)),(18,15)),9))),(4,3)));

STEP 46 [TBR_ClassicHeuristic_MP_RF -> NNI_Substep_42] - Distance: 84.0000
(((19,16),((20,10),13)),((7,((8,14),((((2,(6,(12,(11,17)))),(18,15)),(5,1)),9))),(4,3)));

STEP 47 [TBR_ClassicHeuristic_MP_RF -> NNI_Substep_43] - Distance: 84.0000
(((19,16),((20,10),13)),((7,((8,14),((((2,(6,(12,(11,17)))),(18,15)),9),(5,1)))),(4,3)));

STEP 48 [TBR_ClassicHeuristic_MP_RF -> NNI_Substep_44] - Distance: 82.0000
(((19,16),((20,10),13)),((7,(((8,14),(((2,(6,(12,(11,17)))),(18,15)),9)),(5,1))),(4,3)));

STEP 49 [TBR_ClassicHeuristic_MP_RF -> NNI_Substep_45] - Distance: 82.0000
(((19,16),((20,10),13)),(((7,((8,14),(((2,(6,(12,(11,17)))),(18,15)),9))),(5,1)),(4,3)));

STEP 50 [TBR_ClassicHeuristic_MP_RF -> NNI_Substep_46] - Distance: 82.0000
(((19,16),((20,10),13)),(((7,((8,14),(((2,(6,(12,(11,17)))),(18,15)),9))),(4,3)),(5,1)));

STEP 51 [TBR_ClassicHeuristic_MP_RF -> NNI_Substep_47] - Distance: 68.0000
(((19,16),((20,10),13)),((7,((8,14),(((2,(6,(12,(11,17)))),(18,15)),9))),((4,3),(5,1))));

STEP 52 [TBR_ClassicHeuristic_MP_RF -> NNI_Substep_48] - Distance: 66.0000
(((19,16),((20,10),13)),((7,((8,14),(((2,(6,(12,(11,17)))),(18,15)),9))),((4,(5,1)),3)));

STEP 53 [TBR_ClassicHeuristic_MP_RF -> NNI_Substep_49] - Distance: 66.0000
(((19,16),((20,10),13)),((7,((8,14),(((2,(6,((12,11),17))),(18,15)),9))),((4,(5,1)),3)));

STEP 54 [TBR_ClassicHeuristic_MP_RF -> NNI_Substep_50] - Distance: 66.0000
(((19,16),((20,10),13)),((7,((8,14),(((2,((6,(12,11)),17)),(18,15)),9))),((4,(5,1)),3)));

STEP 55 [TBR_ClassicHeuristic_MP_RF -> NNI_Substep_51] - Distance: 66.0000
(((19,16),((20,10),13)),((7,((8,14),((((2,(6,(12,11))),17),(18,15)),9))),((4,(5,1)),3)));

STEP 56 [TBR_ClassicHeuristic_MP_RF -> NNI_Substep_52] - Distance: 66.0000
(((19,16),((20,10),13)),((7,((8,14),((((2,(6,(12,11))),(18,15)),17),9))),((4,(5,1)),3)));

STEP 57 [TBR_ClassicHeuristic_MP_RF -> NNI_Substep_53] - Distance: 66.0000
(((19,16),((20,10),13)),((7,((8,14),((((2,(6,(12,11))),(18,15)),9),17))),((4,(5,1)),3)));

STEP 58 [TBR_ClassicHeuristic_MP_RF -> NNI_Substep_54] - Distance: 65.0000
(((19,16),((20,10),13)),((7,((8,14),(((2,(6,(12,11))),(18,15)),(9,17)))),((4,(5,1)),3)));

STEP 59 [TBR_ClassicHeuristic_MP_RF -> NNI_Substep_55] - Distance: 65.0000
(((19,16),((20,10),13)),((7,((8,14),((((6,(12,11)),(18,15)),2),(9,17)))),((4,(5,1)),3)));

STEP 60 [TBR_ClassicHeuristic_MP_RF -> NNI_Substep_56] - Distance: 65.0000
(((19,16),((20,10),13)),((7,((8,14),((((6,(12,11)),(18,15)),(9,17)),2))),((4,(5,1)),3)));

STEP 61 [TBR_ClassicHeuristic_MP_RF -> NNI_Substep_57] - Distance: 65.0000
(((19,16),((20,10),13)),((7,(((8,14),(((6,(12,11)),(18,15)),(9,17))),2)),((4,(5,1)),3)));

STEP 62 [TBR_ClassicHeuristic_MP_RF -> NNI_Substep_58] - Distance: 64.0000
(((19,16),((20,10),13)),(((7,((8,14),(((6,(12,11)),(18,15)),(9,17)))),2),((4,(5,1)),3)));

STEP 63 [TBR_ClassicHeuristic_MP_RF -> NNI_Substep_59] - Distance: 64.0000
(((19,16),((20,10),13)),(((7,((8,14),(((6,(12,11)),(18,15)),(9,17)))),((4,(5,1)),3)),2));

STEP 64 [TBR_ClassicHeuristic_MP_RF -> NNI_Substep_60] - Distance: 51.0000
(((19,16),(((20,10),13),2)),((7,((8,14),(((6,(12,11)),(18,15)),(9,17)))),((4,(5,1)),3)));

STEP 65 [TBR_ClassicHeuristic_MP_RF -> NNI_Substep_61] - Distance: 51.0000
(((19,16),(((20,10),13),2)),((7,(((8,14),((6,(12,11)),(18,15))),(9,17))),((4,(5,1)),3)));

STEP 66 [TBR_ClassicHeuristic_MP_RF -> NNI_Substep_62] - Distance: 51.0000
(((19,16),(((20,10),13),2)),(((7,((8,14),((6,(12,11)),(18,15)))),(9,17)),((4,(5,1)),3)));

STEP 67 [TBR_ClassicHeuristic_MP_RF -> NNI_Substep_63] - Distance: 51.0000
(((19,16),(((20,10),13),2)),(((7,(9,17)),((8,14),((6,(12,11)),(18,15)))),((4,(5,1)),3)));

STEP 68 [TBR_ClassicHeuristic_MP_RF -> NNI_Substep_64] - Distance: 51.0000
(((19,16),(((20,10),13),2)),((((8,14),((6,(12,11)),(18,15))),((4,(5,1)),3)),(7,(9,17))));

STEP 69 [TBR_ClassicHeuristic_MP_RF -> NNI_Substep_65] - Distance: 6.0000
(((19,16),((((20,10),13),2),(7,(9,17)))),(((8,14),((6,(12,11)),(18,15))),((4,(5,1)),3)));

STEP 70 [TBR_ClassicHeuristic_MP_RF -> NNI_Substep_66] - Distance: 0.0000
(((19,16),(((20,10),13),(2,(7,(9,17))))),(((8,14),((6,(12,11)),(18,15))),((4,(5,1)),3)));

========================================================
[FINAL] Total Steps: 70 | Final Distance: 0.0000
========================================================
