========================================================
HEURISTIC TRAJECTORY: VND Classic (RF)
========================================================
STEP 0 [START] - Distance: 17.0000
(12,(9,(3,(16,(20,2)))),(((((18,15),(7,13)),(4,(11,(5,(14,17))))),(8,6)),(19,(1,10))));

STEP 1 [uTBR_ClassicHeuristic_RF -> NNI_Substep_1] - Distance: 17.0000
(12,(((16,(20,2)),9),3),(((((18,15),(7,13)),(4,(11,(5,(14,17))))),(8,6)),(19,(1,10))));

STEP 2 [uTBR_ClassicHeuristic_RF -> NNI_Substep_2] - Distance: 16.0000
(12,((((20,2),9),16),3),(((((18,15),(7,13)),(4,(11,(5,(14,17))))),(8,6)),(19,(1,10))));

STEP 3 [uTBR_ClassicHeuristic_RF -> NNI_Substep_3] - Distance: 15.0000
(12,(3,(16,(20,(2,9)))),(((((18,15),(7,13)),(4,(11,(5,(14,17))))),(8,6)),(19,(1,10))));

STEP 4 [uTBR_ClassicHeuristic_RF -> NNI_Substep_4] - Distance: 15.0000
(12,(16,(20,(2,9))),((((((18,15),(7,13)),(4,(11,(5,(14,17))))),(8,6)),(19,(1,10))),3));

STEP 5 [uTBR_ClassicHeuristic_RF -> NNI_Substep_5] - Distance: 15.0000
(12,(16,(20,(2,9))),((((((18,15),(7,13)),(4,(11,(5,(14,17))))),(8,6)),3),(19,(1,10))));

STEP 6 [uTBR_ClassicHeuristic_RF -> NNI_Substep_6] - Distance: 15.0000
(12,(16,(20,(2,9))),(((((18,15),(7,13)),(4,(11,(5,(14,17))))),((8,6),3)),(19,(1,10))));

STEP 7 [uTBR_ClassicHeuristic_RF -> NNI_Substep_7] - Distance: 14.0000
(12,(16,(20,(2,9))),(((((18,15),(7,13)),(4,(11,(5,(14,17))))),((8,3),6)),(19,(1,10))));

STEP 8 [uTBR_ClassicHeuristic_RF -> NNI_Substep_8] - Distance: 14.0000
(12,(20,(2,9)),((((((18,15),(7,13)),(4,(11,(5,(14,17))))),((8,3),6)),(19,(1,10))),16));

STEP 9 [uTBR_ClassicHeuristic_RF -> NNI_Substep_9] - Distance: 14.0000
(12,(20,(2,9)),(((((18,15),(7,13)),(4,(11,(5,(14,17))))),((8,3),6)),((19,(1,10)),16)));

STEP 10 [uTBR_ClassicHeuristic_RF -> NNI_Substep_10] - Distance: 14.0000
(12,(20,(2,9)),(((((18,15),(7,13)),(4,(11,(5,(14,17))))),((8,3),6)),(19,((1,10),16))));

STEP 11 [uTBR_ClassicHeuristic_RF -> NNI_Substep_11] - Distance: 13.0000
(12,(20,(2,9)),(((((18,15),(7,13)),(4,(11,(5,(14,17))))),((8,3),6)),(19,((1,16),10))));

STEP 12 [uTBR_ClassicHeuristic_RF -> NNI_Substep_12] - Distance: 13.0000
((((((18,15),(7,13)),(4,(11,(5,(14,17))))),((8,3),6)),(20,(2,9))),(19,((1,16),10)),12);

STEP 13 [uTBR_ClassicHeuristic_RF -> NNI_Substep_13] - Distance: 13.0000
(((((18,15),(7,13)),(4,(11,(5,(14,17))))),(((8,3),6),(20,(2,9)))),(19,((1,16),10)),12);

STEP 14 [uTBR_ClassicHeuristic_RF -> NNI_Substep_14] - Distance: 12.0000
(((((18,15),(7,13)),(4,(11,(5,(14,17))))),((8,3),(6,(20,(2,9))))),(19,((1,16),10)),12);

STEP 15 [uTBR_ClassicHeuristic_RF -> NNI_Substep_15] - Distance: 12.0000
(((((15,(7,13)),18),(4,(11,(5,(14,17))))),((8,3),(6,(20,(2,9))))),(19,((1,16),10)),12);

STEP 16 [uTBR_ClassicHeuristic_RF -> NNI_Substep_16] - Distance: 12.0000
(((((15,(7,13)),(4,(11,(5,(14,17))))),18),((8,3),(6,(20,(2,9))))),(19,((1,16),10)),12);

STEP 17 [uTBR_ClassicHeuristic_RF -> NNI_Substep_17] - Distance: 12.0000
(((((15,(7,13)),(4,(11,(5,(14,17))))),((8,3),(6,(20,(2,9))))),18),(19,((1,16),10)),12);

STEP 18 [uTBR_ClassicHeuristic_RF -> NNI_Substep_18] - Distance: 12.0000
((((15,(7,13)),(4,(11,(5,(14,17))))),(((8,3),(6,(20,(2,9)))),18)),(19,((1,16),10)),12);

STEP 19 [uTBR_ClassicHeuristic_RF -> NNI_Substep_19] - Distance: 11.0000
((((15,(7,13)),(4,(11,(5,(14,17))))),(((8,3),18),(6,(20,(2,9))))),(19,((1,16),10)),12);

STEP 20 [uTBR_ClassicHeuristic_RF -> NNI_Substep_20] - Distance: 11.0000
(((((15,13),7),(4,(11,(5,(14,17))))),(((8,3),18),(6,(20,(2,9))))),(19,((1,16),10)),12);

STEP 21 [uTBR_ClassicHeuristic_RF -> NNI_Substep_21] - Distance: 11.0000
(((((15,13),(4,(11,(5,(14,17))))),7),(((8,3),18),(6,(20,(2,9))))),(19,((1,16),10)),12);

STEP 22 [uTBR_ClassicHeuristic_RF -> NNI_Substep_22] - Distance: 11.0000
((((15,13),((4,(11,(5,(14,17)))),7)),(((8,3),18),(6,(20,(2,9))))),(19,((1,16),10)),12);

STEP 23 [uTBR_ClassicHeuristic_RF -> NNI_Substep_23] - Distance: 11.0000
((((15,13),(4,((11,(5,(14,17))),7))),(((8,3),18),(6,(20,(2,9))))),(19,((1,16),10)),12);

STEP 24 [uTBR_ClassicHeuristic_RF -> NNI_Substep_24] - Distance: 10.0000
((((15,13),(4,((11,7),(5,(14,17))))),(((8,3),18),(6,(20,(2,9))))),(19,((1,16),10)),12);

STEP 25 [uTBR_ClassicHeuristic_RF -> NNI_Substep_25] - Distance: 10.0000
((((15,(4,((11,7),(5,(14,17))))),13),(((8,3),18),(6,(20,(2,9))))),(19,((1,16),10)),12);

STEP 26 [uTBR_ClassicHeuristic_RF -> NNI_Substep_26] - Distance: 10.0000
((((15,(4,((11,7),(5,(14,17))))),(((8,3),18),(6,(20,(2,9))))),13),(19,((1,16),10)),12);

STEP 27 [uTBR_ClassicHeuristic_RF -> NNI_Substep_27] - Distance: 10.0000
(((15,(4,((11,7),(5,(14,17))))),((((8,3),18),(6,(20,(2,9)))),13)),(19,((1,16),10)),12);

STEP 28 [uTBR_ClassicHeuristic_RF -> NNI_Substep_28] - Distance: 9.0000
(((15,(4,((11,7),(5,(14,17))))),(((8,3),18),((6,(20,(2,9))),13))),(19,((1,16),10)),12);

STEP 29 [uTBR_ClassicHeuristic_RF -> NNI_Substep_29] - Distance: 9.0000
((((((11,7),(5,(14,17))),15),4),(((8,3),18),((6,(20,(2,9))),13))),(19,((1,16),10)),12);

STEP 30 [uTBR_ClassicHeuristic_RF -> NNI_Substep_30] - Distance: 9.0000
((((((5,(14,17)),15),(11,7)),4),(((8,3),18),((6,(20,(2,9))),13))),(19,((1,16),10)),12);

STEP 31 [uTBR_ClassicHeuristic_RF -> NNI_Substep_31] - Distance: 9.0000
(((4,((11,7),(5,((14,17),15)))),(((8,3),18),((6,(20,(2,9))),13))),(19,((1,16),10)),12);

STEP 32 [uTBR_ClassicHeuristic_RF -> NNI_Substep_32] - Distance: 8.0000
(((4,((11,7),(5,((14,15),17)))),(((8,3),18),((6,(20,(2,9))),13))),(19,((1,16),10)),12);

STEP 33 [uTBR_ClassicHeuristic_RF -> NNI_Substep_33] - Distance: 8.0000
(((((11,7),(5,((14,15),17))),(((8,3),18),((6,(20,(2,9))),13))),4),(19,((1,16),10)),12);

STEP 34 [uTBR_ClassicHeuristic_RF -> NNI_Substep_34] - Distance: 8.0000
((((11,7),(5,((14,15),17))),(((8,3),18),((6,(20,(2,9))),13))),((19,((1,16),10)),4),12);

STEP 35 [uTBR_ClassicHeuristic_RF -> NNI_Substep_35] - Distance: 7.0000
((((11,7),(5,((14,15),17))),(((8,3),18),((6,(20,(2,9))),13))),((19,4),((1,16),10)),12);

STEP 36 [uTBR_ClassicHeuristic_RF -> NNI_Substep_36] - Distance: 6.0000
((((11,7),(5,((14,15),17))),(((8,3),18),((6,(20,(2,9))),13))),(((19,4),10),(1,16)),12);

STEP 37 [uTBR_ClassicHeuristic_RF -> NNI_Substep_37] - Distance: 6.0000
(((((11,7),(5,((14,15),17))),(((8,3),18),((6,(20,(2,9))),13))),(1,16)),((19,4),10),12);

STEP 38 [uTBR_ClassicHeuristic_RF -> NNI_Substep_38] - Distance: 6.0000
(((((11,7),(5,((14,15),17))),(1,16)),(((8,3),18),((6,(20,(2,9))),13))),((19,4),10),12);

STEP 39 [uTBR_ClassicHeuristic_RF -> NNI_Substep_39] - Distance: 6.0000
((((11,7),((5,((14,15),17)),(1,16))),(((8,3),18),((6,(20,(2,9))),13))),((19,4),10),12);

STEP 40 [uTBR_ClassicHeuristic_RF -> NNI_Substep_40] - Distance: 6.0000
((((11,7),(5,(((14,15),17),(1,16)))),(((8,3),18),((6,(20,(2,9))),13))),((19,4),10),12);

STEP 41 [uTBR_ClassicHeuristic_RF -> NNI_Substep_41] - Distance: 5.0000
((((11,7),(5,(((14,15),(1,16)),17))),(((8,3),18),((6,(20,(2,9))),13))),((19,4),10),12);

STEP 42 [uTBR_ClassicHeuristic_RF -> NNI_Substep_42] - Distance: 5.0000
((((5,(((14,15),(1,16)),17)),(((8,3),18),((6,(20,(2,9))),13))),(11,7)),((19,4),10),12);

STEP 43 [uTBR_ClassicHeuristic_RF -> NNI_Substep_43] - Distance: 4.0000
(((5,(((14,15),(1,16)),17)),(((8,3),18),((6,(20,(2,9))),13))),((19,4),10),(12,(11,7)));

STEP 44 [uTBR_ClassicHeuristic_RF -> NNI_Substep_44] - Distance: 4.0000
((((((14,15),(1,16)),17),(((8,3),18),((6,(20,(2,9))),13))),5),((19,4),10),(12,(11,7)));

STEP 45 [uTBR_ClassicHeuristic_RF -> NNI_Substep_45] - Distance: 3.0000
(((((14,15),(1,16)),17),(((8,3),18),((6,(20,(2,9))),13))),((19,4),10),((12,(11,7)),5));

STEP 46 [uTBR_ClassicHeuristic_RF -> NNI_Substep_46] - Distance: 3.0000
(((17,(((8,3),18),((6,(20,(2,9))),13))),((14,15),(1,16))),((19,4),10),((12,(11,7)),5));

STEP 47 [uTBR_ClassicHeuristic_RF -> NNI_Substep_47] - Distance: 2.0000
((17,(((8,3),18),((6,(20,(2,9))),13))),((19,4),10),(((12,(11,7)),5),((14,15),(1,16))));

STEP 48 [uTBR_ClassicHeuristic_RF -> NNI_Substep_48] - Distance: 1.0000
(17,((((8,3),18),((6,(20,(2,9))),13)),(((12,(11,7)),5),((14,15),(1,16)))),((19,4),10));

STEP 49 [uTBR_ClassicHeuristic_RF -> NNI_Substep_49] - Distance: 0.0000
(17,(((8,3),18),(((6,(20,(2,9))),13),(((12,(11,7)),5),((14,15),(1,16))))),((19,4),10));

========================================================
[FINAL] Total Steps: 49 | Final Distance: 0.0000
========================================================
