========================================================
HEURISTIC TRAJECTORY: VND Classic (MP)
========================================================
STEP 0 [START] - Distance: 138.0000
((((9,3),(18,(10,1))),((14,(17,(20,15))),((11,(2,6)),(13,(7,(16,(19,12))))))),(5,(4,8)));

STEP 1 [NNI_ClassicHeuristic_MP -> NNI_Substep_1] - Distance: 110.0000
(((11,(2,6)),(13,((19,12),(16,7)))),((14,(17,(20,15))),(((9,3),(18,(10,1))),(5,(4,8)))));

STEP 2 [NNI_ClassicHeuristic_MP -> NNI_Substep_2] - Distance: 109.0000
(((11,(2,6)),(13,((19,12),(16,7)))),((14,(20,(17,15))),(((9,3),(18,(10,1))),(5,(4,8)))));

STEP 3 [NNI_ClassicHeuristic_MP -> NNI_Substep_3] - Distance: 108.0000
(((11,(2,6)),(13,((19,12),(16,7)))),((14,(20,(17,15))),(((5,(4,8)),(18,(10,1))),(9,3))));

STEP 4 [NNI_ClassicHeuristic_MP -> NNI_Substep_4] - Distance: 107.0000
(((11,(2,6)),(13,((19,12),(16,7)))),((14,(20,(17,15))),(9,(((5,(4,8)),(18,(10,1))),3))));

STEP 5 [NNI_ClassicHeuristic_MP -> NNI_Substep_5] - Distance: 105.0000
(((11,(2,6)),(13,((19,12),(16,7)))),((((5,(4,8)),(18,(10,1))),3),(9,(14,(20,(17,15))))));

STEP 6 [SPR_ClassicHeuristic_MP -> NNI_Substep_1] - Distance: 105.0000
(((11,(2,6)),(13,((19,12),(16,7)))),((((5,(4,8)),3),(18,(10,1))),(9,(14,(20,(17,15))))));

STEP 7 [SPR_ClassicHeuristic_MP -> NNI_Substep_2] - Distance: 105.0000
(((11,(2,6)),(13,((19,12),(16,7)))),((((5,(4,8)),3),(9,(14,(20,(17,15))))),(18,(10,1))));

STEP 8 [SPR_ClassicHeuristic_MP -> NNI_Substep_3] - Distance: 92.0000
((((11,(2,6)),(18,(10,1))),(13,((19,12),(16,7)))),(((5,(4,8)),3),(9,(14,(20,(17,15))))));

STEP 9 [SPR_ClassicHeuristic_MP -> NNI_Substep_4] - Distance: 91.0000
((((11,(18,(10,1))),(2,6)),(13,((19,12),(16,7)))),(((5,(4,8)),3),(9,(14,(20,(17,15))))));

STEP 10 [SPR_ClassicHeuristic_MP -> NNI_Substep_5] - Distance: 91.0000
(((((11,(18,(10,1))),(2,6)),((19,12),(16,7))),13),(((5,(4,8)),3),(9,(14,(20,(17,15))))));

STEP 11 [SPR_ClassicHeuristic_MP -> NNI_Substep_6] - Distance: 78.0000
((((11,(18,(10,1))),(2,6)),((19,12),(16,7))),((((5,(4,8)),3),13),(9,(14,(20,(17,15))))));

STEP 12 [SPR_ClassicHeuristic_MP -> NNI_Substep_7] - Distance: 78.0000
((((11,(18,(10,1))),(2,6)),((19,12),(16,7))),(((((5,8),4),3),13),(9,(14,(20,(17,15))))));

STEP 13 [SPR_ClassicHeuristic_MP -> NNI_Substep_8] - Distance: 78.0000
((((11,(18,(10,1))),(2,6)),((19,12),(16,7))),(((((5,8),3),4),13),(9,(14,(20,(17,15))))));

STEP 14 [SPR_ClassicHeuristic_MP -> NNI_Substep_9] - Distance: 78.0000
((((11,(18,(10,1))),(2,6)),((19,12),(16,7))),(((((5,8),3),13),4),(9,(14,(20,(17,15))))));

STEP 15 [SPR_ClassicHeuristic_MP -> NNI_Substep_10] - Distance: 78.0000
((((11,(18,(10,1))),(2,6)),((19,12),(16,7))),(((((5,8),3),13),(9,(14,(20,(17,15))))),4));

STEP 16 [SPR_ClassicHeuristic_MP -> NNI_Substep_11] - Distance: 64.0000
((((11,(18,(10,1))),(2,6)),(((19,12),(16,7)),4)),((((5,8),3),13),(9,(14,(20,(17,15))))));

STEP 17 [SPR_ClassicHeuristic_MP -> NNI_Substep_12] - Distance: 64.0000
((((11,((18,10),1)),(2,6)),(((19,12),(16,7)),4)),((((5,8),3),13),(9,(14,(20,(17,15))))));

STEP 18 [SPR_ClassicHeuristic_MP -> NNI_Substep_13] - Distance: 64.0000
(((((11,(18,10)),1),(2,6)),(((19,12),(16,7)),4)),((((5,8),3),13),(9,(14,(20,(17,15))))));

STEP 19 [SPR_ClassicHeuristic_MP -> NNI_Substep_14] - Distance: 64.0000
(((((11,(18,10)),(2,6)),1),(((19,12),(16,7)),4)),((((5,8),3),13),(9,(14,(20,(17,15))))));

STEP 20 [SPR_ClassicHeuristic_MP -> NNI_Substep_15] - Distance: 64.0000
(((((11,(18,10)),(2,6)),(((19,12),(16,7)),4)),1),((((5,8),3),13),(9,(14,(20,(17,15))))));

STEP 21 [SPR_ClassicHeuristic_MP -> NNI_Substep_16] - Distance: 51.0000
((((11,(18,10)),(2,6)),(((19,12),(16,7)),4)),((((5,8),3),13),((9,(14,(20,(17,15)))),1)));

STEP 22 [SPR_ClassicHeuristic_MP -> NNI_Substep_17] - Distance: 51.0000
((((11,(18,10)),(2,6)),(((19,12),(16,7)),4)),((((5,8),3),13),(9,((14,(20,(17,15))),1))));

STEP 23 [SPR_ClassicHeuristic_MP -> NNI_Substep_18] - Distance: 51.0000
((((11,(18,10)),(2,6)),(((19,12),(16,7)),4)),((((5,8),3),13),(9,(14,((20,(17,15)),1)))));

STEP 24 [SPR_ClassicHeuristic_MP -> NNI_Substep_19] - Distance: 50.0000
((((11,(18,10)),(2,6)),(((19,12),(16,7)),4)),((((5,8),3),13),(9,(14,(20,((17,15),1))))));

STEP 25 [SPR_ClassicHeuristic_MP -> NNI_Substep_20] - Distance: 49.0000
((((11,(18,10)),(2,6)),(((19,12),(16,7)),4)),((((5,8),3),13),(9,(14,(20,((17,1),15))))));

STEP 26 [SPR_ClassicHeuristic_MP -> NNI_Substep_21] - Distance: 49.0000
((((11,(18,10)),(2,6)),(((19,12),(16,7)),4)),((((5,8),3),13),((9,(20,((17,1),15))),14)));

STEP 27 [SPR_ClassicHeuristic_MP -> NNI_Substep_22] - Distance: 49.0000
((((11,(18,10)),(2,6)),(((19,12),(16,7)),4)),(((((5,8),3),13),(9,(20,((17,1),15)))),14));

STEP 28 [SPR_ClassicHeuristic_MP -> NNI_Substep_23] - Distance: 35.0000
(((((11,(18,10)),(2,6)),14),(((19,12),(16,7)),4)),((((5,8),3),13),(9,(20,((17,1),15)))));

STEP 29 [SPR_ClassicHeuristic_MP -> NNI_Substep_24] - Distance: 33.0000
((((11,(18,10)),((2,6),14)),(((19,12),(16,7)),4)),((((5,8),3),13),(9,(20,((17,1),15)))));

STEP 30 [SPR_ClassicHeuristic_MP -> NNI_Substep_25] - Distance: 33.0000
((((11,(18,10)),((6,14),2)),(((19,12),(16,7)),4)),((((5,8),3),13),(9,(20,((17,1),15)))));

STEP 31 [SPR_ClassicHeuristic_MP -> NNI_Substep_26] - Distance: 33.0000
(((((11,(18,10)),(6,14)),2),(((19,12),(16,7)),4)),((((5,8),3),13),(9,(20,((17,1),15)))));

STEP 32 [SPR_ClassicHeuristic_MP -> NNI_Substep_27] - Distance: 33.0000
(((((11,(18,10)),(6,14)),(((19,12),(16,7)),4)),2),((((5,8),3),13),(9,(20,((17,1),15)))));

STEP 33 [SPR_ClassicHeuristic_MP -> NNI_Substep_28] - Distance: 28.0000
((((11,(18,10)),(6,14)),((((19,12),(16,7)),4),2)),((((5,8),3),13),(9,(20,((17,1),15)))));

STEP 34 [SPR_ClassicHeuristic_MP -> NNI_Substep_29] - Distance: 25.0000
((((11,(18,10)),(6,14)),(((19,12),(16,7)),(4,2))),((((5,8),3),13),(9,(20,((17,1),15)))));

STEP 35 [SPR_ClassicHeuristic_MP -> NNI_Substep_30] - Distance: 25.0000
((((11,(18,10)),(6,14)),(((19,(16,7)),12),(4,2))),((((5,8),3),13),(9,(20,((17,1),15)))));

STEP 36 [SPR_ClassicHeuristic_MP -> NNI_Substep_31] - Distance: 25.0000
((((11,(18,10)),(6,14)),(((19,(16,7)),(4,2)),12)),((((5,8),3),13),(9,(20,((17,1),15)))));

STEP 37 [SPR_ClassicHeuristic_MP -> NNI_Substep_32] - Distance: 24.0000
(((((11,(18,10)),(6,14)),((19,(16,7)),(4,2))),12),((((5,8),3),13),(9,(20,((17,1),15)))));

STEP 38 [SPR_ClassicHeuristic_MP -> NNI_Substep_33] - Distance: 19.0000
(((((11,(18,10)),(6,14)),12),((19,(16,7)),(4,2))),((((5,8),3),13),(9,(20,((17,1),15)))));

STEP 39 [SPR_ClassicHeuristic_MP -> NNI_Substep_34] - Distance: 17.0000
((((11,(18,10)),((6,14),12)),((19,(16,7)),(4,2))),((((5,8),3),13),(9,(20,((17,1),15)))));

STEP 40 [SPR_ClassicHeuristic_MP -> NNI_Substep_35] - Distance: 16.0000
((((11,(18,10)),(6,(14,12))),((19,(16,7)),(4,2))),((((5,8),3),13),(9,(20,((17,1),15)))));

STEP 41 [SPR_ClassicHeuristic_MP -> NNI_Substep_36] - Distance: 16.0000
((((11,(18,10)),(6,(14,12))),((19,(16,7)),(4,2))),((((5,3),8),13),(9,(20,((17,1),15)))));

STEP 42 [SPR_ClassicHeuristic_MP -> NNI_Substep_37] - Distance: 16.0000
((((11,(18,10)),(6,(14,12))),((19,(16,7)),(4,2))),((((5,3),13),8),(9,(20,((17,1),15)))));

STEP 43 [SPR_ClassicHeuristic_MP -> NNI_Substep_38] - Distance: 15.0000
((((11,(18,10)),(6,(14,12))),((19,(16,7)),(4,2))),((((5,3),13),(9,(20,((17,1),15)))),8));

STEP 44 [SPR_ClassicHeuristic_MP -> NNI_Substep_39] - Distance: 12.0000
((((11,(18,10)),(6,(14,12))),((19,(16,7)),(4,2))),(((5,3),13),((9,(20,((17,1),15))),8)));

STEP 45 [SPR_ClassicHeuristic_MP -> NNI_Substep_40] - Distance: 12.0000
((((11,(18,10)),(6,(14,12))),((19,(16,7)),(4,2))),(((5,3),13),(9,((20,((17,1),15)),8))));

STEP 46 [SPR_ClassicHeuristic_MP -> NNI_Substep_41] - Distance: 11.0000
((((11,(18,10)),(6,(14,12))),((19,(16,7)),(4,2))),(((5,3),13),(9,(20,(((17,1),15),8)))));

STEP 47 [SPR_ClassicHeuristic_MP -> NNI_Substep_42] - Distance: 10.0000
((((11,(18,10)),(6,(14,12))),((19,(16,7)),(4,2))),(((5,3),13),(9,(20,(((17,1),8),15)))));

STEP 48 [SPR_ClassicHeuristic_MP -> NNI_Substep_43] - Distance: 9.0000
((((11,(18,10)),(6,(14,12))),((19,(16,7)),(4,2))),(((5,3),13),(9,(20,((17,(1,8)),15)))));

STEP 49 [SPR_ClassicHeuristic_MP -> NNI_Substep_44] - Distance: 9.0000
(((((11,18),10),(6,(14,12))),((19,(16,7)),(4,2))),(((5,3),13),(9,(20,((17,(1,8)),15)))));

STEP 50 [SPR_ClassicHeuristic_MP -> NNI_Substep_45] - Distance: 7.0000
(((((11,18),(6,(14,12))),10),((19,(16,7)),(4,2))),(((5,3),13),(9,(20,((17,(1,8)),15)))));

STEP 51 [SPR_ClassicHeuristic_MP -> NNI_Substep_46] - Distance: 5.0000
((((11,18),((6,(14,12)),10)),((19,(16,7)),(4,2))),(((5,3),13),(9,(20,((17,(1,8)),15)))));

STEP 52 [SPR_ClassicHeuristic_MP -> NNI_Substep_47] - Distance: 4.0000
((((11,18),(6,((14,12),10))),((19,(16,7)),(4,2))),(((5,3),13),(9,(20,((17,(1,8)),15)))));

STEP 53 [SPR_ClassicHeuristic_MP -> NNI_Substep_48] - Distance: 3.0000
((((11,18),(6,((14,12),10))),((19,(16,7)),(4,2))),(((5,3),13),(20,(((17,(1,8)),15),9))));

STEP 54 [SPR_ClassicHeuristic_MP -> NNI_Substep_49] - Distance: 0.0000
((((11,18),(6,((14,12),10))),((19,(16,7)),(4,2))),(((5,3),13),(20,((17,(1,8)),(15,9)))));

========================================================
[FINAL] Total Steps: 54 | Final Distance: 0.0000
========================================================
