========================================================
HEURISTIC TRAJECTORY: VND Incremental (MC)
========================================================
STEP 0 [START] - Distance: 81.0000
(((12,(5,((2,9),(13,(4,(10,15)))))),(17,11)),(((1,(19,(16,18))),(6,(3,7))),(8,(14,20))));

STEP 1 [NNI_IncrementalHeuristic_MC -> NNI_Substep_1] - Distance: 74.0000
(((((2,9),(13,(4,(10,15)))),(5,12)),(17,11)),(((1,(19,(16,18))),(6,(3,7))),(8,(14,20))));

STEP 2 [NNI_IncrementalHeuristic_MC -> NNI_Substep_2] - Distance: 64.0000
((8,(14,20)),(((1,(19,(16,18))),((((2,9),(13,(4,(10,15)))),(5,12)),(17,11))),(6,(3,7))));

STEP 3 [NNI_IncrementalHeuristic_MC -> NNI_Substep_3] - Distance: 62.0000
((8,(14,20)),(((((2,9),(13,(4,(10,15)))),(5,12)),((1,(19,(16,18))),(17,11))),(6,(3,7))));

STEP 4 [NNI_IncrementalHeuristic_MC -> NNI_Substep_4] - Distance: 60.0000
((8,(14,20)),(((((1,(19,(16,18))),(17,11)),(5,12)),((2,9),(13,(4,(10,15))))),(6,(3,7))));

STEP 5 [NNI_IncrementalHeuristic_MC -> NNI_Substep_5] - Distance: 58.0000
((8,(14,20)),(((((1,(19,(16,18))),(5,12)),(17,11)),((2,9),(13,(4,(10,15))))),(6,(3,7))));

STEP 6 [NNI_IncrementalHeuristic_MC -> NNI_Substep_6] - Distance: 57.0000
((8,(14,20)),((((((16,18),(19,1)),(5,12)),(17,11)),((2,9),(13,(4,(10,15))))),(6,(3,7))));

STEP 7 [NNI_IncrementalHeuristic_MC -> NNI_Substep_7] - Distance: 56.0000
((8,(14,20)),((((((16,18),(19,1)),(5,12)),(17,11)),(13,((2,9),(4,(10,15))))),(6,(3,7))));

STEP 8 [NNI_IncrementalHeuristic_MC -> NNI_Substep_8] - Distance: 54.0000
((8,(14,20)),((((((16,18),(19,1)),(5,12)),(17,11)),(13,((10,15),(4,(2,9))))),(6,(3,7))));

STEP 9 [2sECR_IncrementalHeuristic_MC -> NNI_Substep_1] - Distance: 54.0000
((8,(14,20)),(((((19,1),((5,12),(16,18))),(17,11)),(13,((10,15),(4,(2,9))))),(6,(3,7))));

STEP 10 [2sECR_IncrementalHeuristic_MC -> NNI_Substep_2] - Distance: 50.0000
((8,(14,20)),(((((5,12),(16,18)),((17,11),(19,1))),(13,((10,15),(4,(2,9))))),(6,(3,7))));

STEP 11 [2sECR_IncrementalHeuristic_MC -> NNI_Substep_3] - Distance: 51.0000
((8,(14,20)),(((((5,12),(16,18)),(17,(11,(19,1)))),(13,((10,15),(4,(2,9))))),(6,(3,7))));

STEP 12 [2sECR_IncrementalHeuristic_MC -> NNI_Substep_4] - Distance: 49.0000
((8,(14,20)),(((((5,12),(16,18)),(17,(1,(11,19)))),(13,((10,15),(4,(2,9))))),(6,(3,7))));

STEP 13 [2sECR_IncrementalHeuristic_MC -> NNI_Substep_5] - Distance: 48.0000
((8,(14,20)),(((((5,12),(16,18)),((17,1),(11,19))),(13,((10,15),(4,(2,9))))),(6,(3,7))));

STEP 14 [2sECR_IncrementalHeuristic_MC -> NNI_Substep_6] - Distance: 55.0000
((8,(14,20)),(6,(((((5,12),(16,18)),((17,1),(11,19))),(13,((10,15),(4,(2,9))))),(3,7))));

STEP 15 [2sECR_IncrementalHeuristic_MC -> NNI_Substep_7] - Distance: 51.0000
(((8,(14,20)),6),((13,((((5,12),(16,18)),((17,1),(11,19))),((10,15),(4,(2,9))))),(3,7)));

STEP 16 [2sECR_IncrementalHeuristic_MC -> NNI_Substep_8] - Distance: 44.0000
(((8,(14,20)),6),(((((5,12),(16,18)),((17,1),(11,19))),((10,15),(4,(2,9)))),((3,7),13)));

STEP 17 [2sECR_IncrementalHeuristic_MC -> NNI_Substep_9] - Distance: 49.0000
(((8,(14,20)),6),((((5,12),(16,18)),(((17,1),(11,19)),((10,15),(4,(2,9))))),((3,7),13)));

STEP 18 [2sECR_IncrementalHeuristic_MC -> NNI_Substep_10] - Distance: 48.0000
(((8,(14,20)),6),((((5,12),(16,18)),((4,(2,9)),(((17,1),(11,19)),(10,15)))),((3,7),13)));

STEP 19 [2sECR_IncrementalHeuristic_MC -> NNI_Substep_11] - Distance: 40.0000
(((8,(14,20)),6),(((((5,12),(16,18)),(4,(2,9))),(((17,1),(11,19)),(10,15))),((3,7),13)));

STEP 20 [2sECR_IncrementalHeuristic_MC -> NNI_Substep_12] - Distance: 38.0000
(((8,(14,20)),6),(((((5,12),(16,18)),(4,(2,9))),((17,1),((10,15),(11,19)))),((3,7),13)));

STEP 21 [2sECR_IncrementalHeuristic_MC -> NNI_Substep_13] - Distance: 37.0000
(((14,20),(6,8)),(((((5,12),(16,18)),(4,(2,9))),((17,1),((10,15),(11,19)))),((3,7),13)));

STEP 22 [3sECR_IncrementalHeuristic_MC -> NNI_Substep_1] - Distance: 40.0000
(((14,20),(6,8)),(((((5,12),(16,18)),(4,(2,9))),((((10,15),(11,19)),1),17)),((3,7),13)));

STEP 23 [3sECR_IncrementalHeuristic_MC -> NNI_Substep_2] - Distance: 40.0000
(((14,20),(6,8)),((((((5,12),(16,18)),(4,(2,9))),17),(((10,15),(11,19)),1)),((3,7),13)));

STEP 24 [3sECR_IncrementalHeuristic_MC -> NNI_Substep_3] - Distance: 35.0000
(((14,20),(6,8)),(((((5,12),(16,18)),((4,(2,9)),17)),(((10,15),(11,19)),1)),((3,7),13)));

STEP 25 [3sECR_IncrementalHeuristic_MC -> NNI_Substep_4] - Distance: 32.0000
(((14,20),(6,8)),(((((5,12),(16,18)),((17,4),(2,9))),(((10,15),(11,19)),1)),((3,7),13)));

STEP 26 [3sECR_IncrementalHeuristic_MC -> NNI_Substep_5] - Distance: 33.0000
((((14,20),6),8),(((((5,12),(16,18)),((17,4),(2,9))),(((10,15),(11,19)),1)),((3,7),13)));

STEP 27 [3sECR_IncrementalHeuristic_MC -> NNI_Substep_6] - Distance: 30.0000
(((14,20),6),((8,((3,7),13)),((((5,12),(16,18)),((17,4),(2,9))),(((10,15),(11,19)),1))));

STEP 28 [3sECR_IncrementalHeuristic_MC -> NNI_Substep_7] - Distance: 27.0000
(((14,20),6),(((8,13),(3,7)),((((5,12),(16,18)),((17,4),(2,9))),(((10,15),(11,19)),1))));

STEP 29 [3sECR_IncrementalHeuristic_MC -> NNI_Substep_8] - Distance: 28.0000
(((14,20),6),(((8,13),(3,7)),((((5,12),(16,18)),((17,4),(2,9))),(1,(10,(15,(11,19)))))));

STEP 30 [3sECR_IncrementalHeuristic_MC -> NNI_Substep_9] - Distance: 26.0000
(((14,20),6),(((8,13),(3,7)),((((5,12),(16,18)),((17,4),(2,9))),((1,10),(15,(11,19))))));

STEP 31 [3sECR_IncrementalHeuristic_MC -> NNI_Substep_10] - Distance: 28.0000
(((14,20),6),(((8,13),(3,7)),((((5,12),(16,18)),((17,4),(2,9))),(((15,(11,19)),1),10))));

STEP 32 [3sECR_IncrementalHeuristic_MC -> NNI_Substep_11] - Distance: 33.0000
(((14,20),6),(((8,13),(3,7)),(((((5,12),(16,18)),((17,4),(2,9))),((15,(11,19)),1)),10)));

STEP 33 [3sECR_IncrementalHeuristic_MC -> NNI_Substep_12] - Distance: 25.0000
(((14,20),6),((((8,13),(3,7)),10),((((5,12),(16,18)),((17,4),(2,9))),((15,(11,19)),1))));

STEP 34 [3sECR_IncrementalHeuristic_MC -> NNI_Substep_13] - Distance: 26.0000
(((14,20),6),((10,(((8,13),3),7)),((((5,12),(16,18)),((17,4),(2,9))),((15,(11,19)),1))));

STEP 35 [3sECR_IncrementalHeuristic_MC -> NNI_Substep_14] - Distance: 26.0000
(((14,20),6),((10,((8,(13,3)),7)),((((5,12),(16,18)),((17,4),(2,9))),((15,(11,19)),1))));

STEP 36 [3sECR_IncrementalHeuristic_MC -> NNI_Substep_15] - Distance: 22.0000
(((14,20),6),(((10,7),(8,(13,3))),((((5,12),(16,18)),((17,4),(2,9))),((15,(11,19)),1))));

STEP 37 [Heur. rSPR MC -> NNI_Substep_1] - Distance: 22.0000
(((14,6),20),(((10,7),(8,(13,3))),((((5,12),(16,18)),((17,4),(2,9))),((15,(11,19)),1))));

STEP 38 [Heur. rSPR MC -> NNI_Substep_2] - Distance: 29.0000
((14,6),(((10,7),(8,(13,3))),(((((5,12),(16,18)),((17,4),(2,9))),((15,(11,19)),1)),20)));

STEP 39 [Heur. rSPR MC -> NNI_Substep_3] - Distance: 24.0000
((14,6),(((10,7),(8,(13,3))),(((((5,12),(16,18)),((17,4),(2,9))),20),((15,(11,19)),1))));

STEP 40 [Heur. rSPR MC -> NNI_Substep_4] - Distance: 19.0000
((14,6),(((10,7),(8,(13,3))),(((((5,12),(16,18)),20),((17,4),(2,9))),((15,(11,19)),1))));

STEP 41 [Heur. rSPR MC -> NNI_Substep_5] - Distance: 16.0000
((14,6),(((10,7),(8,(13,3))),((((5,12),((16,18),20)),((17,4),(2,9))),((15,(11,19)),1))));

STEP 42 [Heur. rSPR MC -> NNI_Substep_6] - Distance: 14.0000
((14,6),(((10,7),(8,(13,3))),((((5,12),(16,(18,20))),((17,4),(2,9))),((15,(11,19)),1))));

STEP 43 [Heur. rSPR MC -> NNI_Substep_7] - Distance: 14.0000
((14,6),(((10,7),((8,13),3)),((((5,12),(16,(18,20))),((17,4),(2,9))),((15,(11,19)),1))));

STEP 44 [Heur. rSPR MC -> NNI_Substep_8] - Distance: 15.0000
((14,6),((((10,7),(8,13)),3),((((5,12),(16,(18,20))),((17,4),(2,9))),((15,(11,19)),1))));

STEP 45 [Heur. rSPR MC -> NNI_Substep_9] - Distance: 27.0000
((14,6),((((10,7),(8,13)),((((5,12),(16,(18,20))),((17,4),(2,9))),((15,(11,19)),1))),3));

STEP 46 [Heur. rSPR MC -> NNI_Substep_10] - Distance: 22.0000
((14,6),(((10,7),(8,13)),(((((5,12),(16,(18,20))),((17,4),(2,9))),((15,(11,19)),1)),3)));

STEP 47 [Heur. rSPR MC -> NNI_Substep_11] - Distance: 12.0000
((14,6),(((10,7),(8,13)),((((5,12),(16,(18,20))),((17,4),(2,9))),(((15,(11,19)),1),3))));

STEP 48 [Heur. rSPR MC -> NNI_Substep_12] - Distance: 10.0000
((14,6),(((10,7),(8,13)),((((5,12),(16,(18,20))),((17,4),(2,9))),(((15,(11,19)),3),1))));

STEP 49 [Heur. rSPR MC -> NNI_Substep_13] - Distance: 7.0000
((14,6),(((10,7),(8,13)),((((5,12),(16,(18,20))),((17,4),(2,9))),(((15,3),(11,19)),1))));

STEP 50 [Heur. rSPR MC -> NNI_Substep_14] - Distance: 8.0000
((14,6),(((10,7),(8,13)),((((5,12),(16,(18,20))),(((17,4),9),2)),(((15,3),(11,19)),1))));

STEP 51 [Heur. rSPR MC -> NNI_Substep_15] - Distance: 12.0000
((14,6),(((10,7),(8,13)),(((((5,12),(16,(18,20))),((17,4),9)),2),(((15,3),(11,19)),1))));

STEP 52 [Heur. rSPR MC -> NNI_Substep_16] - Distance: 16.0000
((14,6),(((10,7),(8,13)),(((((5,12),(16,(18,20))),((17,4),9)),(((15,3),(11,19)),1)),2)));

STEP 53 [Heur. rSPR MC -> NNI_Substep_17] - Distance: 19.0000
((14,6),((((10,7),(8,13)),((((5,12),(16,(18,20))),((17,4),9)),(((15,3),(11,19)),1))),2));

STEP 54 [Heur. rSPR MC -> NNI_Substep_18] - Distance: 5.0000
((14,6),((((10,7),(8,13)),2),((((5,12),(16,(18,20))),((17,4),9)),(((15,3),(11,19)),1))));

STEP 55 [Heur. rSPR MC -> NNI_Substep_19] - Distance: 2.0000
((14,6),((((10,7),2),(8,13)),((((5,12),(16,(18,20))),((17,4),9)),(((15,3),(11,19)),1))));

STEP 56 [Heur. rSPR MC -> NNI_Substep_20] - Distance: 0.0000
((14,6),(((10,(7,2)),(8,13)),((((5,12),(16,(18,20))),((17,4),9)),(((15,3),(11,19)),1))));

========================================================
[FINAL] Total Steps: 56 | Final Distance: 0.0000
========================================================
