========================================================
HEURISTIC TRAJECTORY: VND Classic (MC_RF)
========================================================
STEP 0 [START] - Distance: 85.0000
((((2,(18,7)),((16,(((14,(1,4)),(15,12)),(6,9))),(19,10))),((17,(13,3)),(20,11))),(8,5));

STEP 1 [NNI_ClassicHeuristic_MC_RF -> NNI_Substep_1] - Distance: 78.0000
((((2,(18,7)),((16,(19,10)),(((14,(1,4)),(15,12)),(6,9)))),((17,(13,3)),(20,11))),(8,5));

STEP 2 [NNI_ClassicHeuristic_MC_RF -> NNI_Substep_2] - Distance: 74.0000
((((((14,(1,4)),(15,12)),(6,9)),((16,(19,10)),(2,(18,7)))),((17,(13,3)),(20,11))),(8,5));

STEP 3 [NNI_ClassicHeuristic_MC_RF -> NNI_Substep_3] - Distance: 73.0000
((((((6,9),(15,12)),(14,(1,4))),((16,(19,10)),(2,(18,7)))),((17,(13,3)),(20,11))),(8,5));

STEP 4 [NNI_ClassicHeuristic_MC_RF -> NNI_Substep_4] - Distance: 71.0000
((((((6,9),(15,12)),(14,(1,4))),((16,(19,10)),(2,(18,7)))),(((20,11),(13,3)),17)),(8,5));

STEP 5 [SPR_ClassicHeuristic_MC_RF -> NNI_Substep_1] - Distance: 71.0000
(((8,5),(((20,11),(13,3)),17)),((((6,9),(15,12)),(14,(1,4))),(((16,(19,10)),(18,7)),2)));

STEP 6 [SPR_ClassicHeuristic_MC_RF -> NNI_Substep_2] - Distance: 75.0000
(((8,5),(((20,11),(13,3)),17)),(((((6,9),(15,12)),(14,(1,4))),((16,(19,10)),(18,7))),2));

STEP 7 [SPR_ClassicHeuristic_MC_RF -> NNI_Substep_3] - Distance: 69.0000
(((8,5),((((20,11),(13,3)),17),2)),((((6,9),(15,12)),(14,(1,4))),((16,(19,10)),(18,7))));

STEP 8 [SPR_ClassicHeuristic_MC_RF -> NNI_Substep_4] - Distance: 67.0000
(((8,5),((((20,11),(13,3)),2),17)),((((6,9),(15,12)),(14,(1,4))),((16,(19,10)),(18,7))));

STEP 9 [SPR_ClassicHeuristic_MC_RF -> NNI_Substep_5] - Distance: 64.0000
(((8,5),((((20,11),2),(13,3)),17)),((((6,9),(15,12)),(14,(1,4))),((16,(19,10)),(18,7))));

STEP 10 [SPR_ClassicHeuristic_MC_RF -> NNI_Substep_6] - Distance: 62.0000
(((8,5),((((20,2),11),(13,3)),17)),((((6,9),(15,12)),(14,(1,4))),((16,(19,10)),(18,7))));

STEP 11 [SPR_ClassicHeuristic_MC_RF -> NNI_Substep_7] - Distance: 62.0000
(((8,5),((((20,2),11),(13,3)),17)),((((6,9),(15,12)),((14,1),4)),((16,(19,10)),(18,7))));

STEP 12 [SPR_ClassicHeuristic_MC_RF -> NNI_Substep_8] - Distance: 65.0000
(((8,5),((((20,2),11),(13,3)),17)),(((((6,9),(15,12)),(14,1)),4),((16,(19,10)),(18,7))));

STEP 13 [SPR_ClassicHeuristic_MC_RF -> NNI_Substep_9] - Distance: 67.0000
(((8,5),((((20,2),11),(13,3)),17)),(((((6,9),(15,12)),(14,1)),((16,(19,10)),(18,7))),4));

STEP 14 [SPR_ClassicHeuristic_MC_RF -> NNI_Substep_10] - Distance: 61.0000
(((8,5),(((((20,2),11),(13,3)),17),4)),((((6,9),(15,12)),(14,1)),((16,(19,10)),(18,7))));

STEP 15 [SPR_ClassicHeuristic_MC_RF -> NNI_Substep_11] - Distance: 59.0000
(((8,5),(((((20,2),11),(13,3)),4),17)),((((6,9),(15,12)),(14,1)),((16,(19,10)),(18,7))));

STEP 16 [SPR_ClassicHeuristic_MC_RF -> NNI_Substep_12] - Distance: 58.0000
(((8,5),(((((20,2),11),4),(13,3)),17)),((((6,9),(15,12)),(14,1)),((16,(19,10)),(18,7))));

STEP 17 [SPR_ClassicHeuristic_MC_RF -> NNI_Substep_13] - Distance: 56.0000
(((8,5),(((((20,2),4),11),(13,3)),17)),((((6,9),(15,12)),(14,1)),((16,(19,10)),(18,7))));

STEP 18 [SPR_ClassicHeuristic_MC_RF -> NNI_Substep_14] - Distance: 57.0000
(((8,5),((((((20,2),4),11),3),13),17)),((((6,9),(15,12)),(14,1)),((16,(19,10)),(18,7))));

STEP 19 [SPR_ClassicHeuristic_MC_RF -> NNI_Substep_15] - Distance: 57.0000
(((8,5),((((((20,2),4),11),3),17),13)),((((6,9),(15,12)),(14,1)),((16,(19,10)),(18,7))));

STEP 20 [SPR_ClassicHeuristic_MC_RF -> NNI_Substep_16] - Distance: 58.0000
((((8,5),(((((20,2),4),11),3),17)),13),((((6,9),(15,12)),(14,1)),((16,(19,10)),(18,7))));

STEP 21 [SPR_ClassicHeuristic_MC_RF -> NNI_Substep_17] - Distance: 55.0000
(((8,5),(((((20,2),4),11),3),17)),(((((6,9),(15,12)),(14,1)),13),((16,(19,10)),(18,7))));

STEP 22 [SPR_ClassicHeuristic_MC_RF -> NNI_Substep_18] - Distance: 50.0000
(((8,5),(((((20,2),4),11),3),17)),((((6,9),(15,12)),((14,1),13)),((16,(19,10)),(18,7))));

STEP 23 [SPR_ClassicHeuristic_MC_RF -> NNI_Substep_19] - Distance: 50.0000
(((8,5),(((((20,2),4),11),3),17)),((((6,9),(15,12)),((14,13),1)),((16,(19,10)),(18,7))));

STEP 24 [SPR_ClassicHeuristic_MC_RF -> NNI_Substep_20] - Distance: 48.0000
(((8,5),(((((20,2),4),3),11),17)),((((6,9),(15,12)),((14,13),1)),((16,(19,10)),(18,7))));

STEP 25 [SPR_ClassicHeuristic_MC_RF -> NNI_Substep_21] - Distance: 48.0000
(((8,5),(((((20,2),4),3),17),11)),((((6,9),(15,12)),((14,13),1)),((16,(19,10)),(18,7))));

STEP 26 [SPR_ClassicHeuristic_MC_RF -> NNI_Substep_22] - Distance: 49.0000
((((8,5),((((20,2),4),3),17)),11),((((6,9),(15,12)),((14,13),1)),((16,(19,10)),(18,7))));

STEP 27 [SPR_ClassicHeuristic_MC_RF -> NNI_Substep_23] - Distance: 47.0000
((((8,5),11),((((20,2),4),3),17)),((((6,9),(15,12)),((14,13),1)),((16,(19,10)),(18,7))));

STEP 28 [SPR_ClassicHeuristic_MC_RF -> NNI_Substep_24] - Distance: 45.0000
(((8,(5,11)),((((20,2),4),3),17)),((((6,9),(15,12)),((14,13),1)),((16,(19,10)),(18,7))));

STEP 29 [SPR_ClassicHeuristic_MC_RF -> NNI_Substep_25] - Distance: 46.0000
(((8,(5,11)),((((20,2),4),3),17)),((((9,(15,12)),6),((14,13),1)),((16,(19,10)),(18,7))));

STEP 30 [SPR_ClassicHeuristic_MC_RF -> NNI_Substep_26] - Distance: 48.0000
(((8,(5,11)),((((20,2),4),3),17)),((((9,(15,12)),((14,13),1)),6),((16,(19,10)),(18,7))));

STEP 31 [SPR_ClassicHeuristic_MC_RF -> NNI_Substep_27] - Distance: 48.0000
(((8,(5,11)),((((20,2),4),3),17)),((((9,(15,12)),((14,13),1)),((16,(19,10)),(18,7))),6));

STEP 32 [SPR_ClassicHeuristic_MC_RF -> NNI_Substep_28] - Distance: 39.0000
((((8,(5,11)),6),((((20,2),4),3),17)),(((9,(15,12)),((14,13),1)),((16,(19,10)),(18,7))));

STEP 33 [SPR_ClassicHeuristic_MC_RF -> NNI_Substep_29] - Distance: 37.0000
(((8,((5,11),6)),((((20,2),4),3),17)),(((9,(15,12)),((14,13),1)),((16,(19,10)),(18,7))));

STEP 34 [SPR_ClassicHeuristic_MC_RF -> NNI_Substep_30] - Distance: 35.0000
(((8,((5,11),6)),((((20,2),4),3),17)),((((9,15),12),((14,13),1)),((16,(19,10)),(18,7))));

STEP 35 [SPR_ClassicHeuristic_MC_RF -> NNI_Substep_31] - Distance: 37.0000
(((8,((5,11),6)),((((20,2),4),3),17)),((((9,15),((14,13),1)),12),((16,(19,10)),(18,7))));

STEP 36 [SPR_ClassicHeuristic_MC_RF -> NNI_Substep_32] - Distance: 36.0000
(((8,((5,11),6)),((((20,2),4),3),17)),(((9,15),(((14,13),1),12)),((16,(19,10)),(18,7))));

STEP 37 [SPR_ClassicHeuristic_MC_RF -> NNI_Substep_33] - Distance: 36.0000
(((8,((5,11),6)),((((20,2),4),3),17)),(((9,15),(((14,13),12),1)),((16,(19,10)),(18,7))));

STEP 38 [SPR_ClassicHeuristic_MC_RF -> NNI_Substep_34] - Distance: 39.0000
(((8,((5,11),6)),((((20,2),4),3),17)),(((((14,13),12),1),((16,(19,10)),(18,7))),(9,15)));

STEP 39 [SPR_ClassicHeuristic_MC_RF -> NNI_Substep_35] - Distance: 25.0000
(((8,((5,11),6)),(((((20,2),4),3),17),(9,15))),((((14,13),12),1),((16,(19,10)),(18,7))));

STEP 40 [SPR_ClassicHeuristic_MC_RF -> NNI_Substep_36] - Distance: 22.0000
(((8,((5,11),6)),(((((20,2),4),3),(9,15)),17)),((((14,13),12),1),((16,(19,10)),(18,7))));

STEP 41 [SPR_ClassicHeuristic_MC_RF -> NNI_Substep_37] - Distance: 24.0000
(((8,((5,11),6)),(((((20,2),4),3),(9,15)),17)),((((14,13),12),((16,(19,10)),(18,7))),1));

STEP 42 [SPR_ClassicHeuristic_MC_RF -> NNI_Substep_38] - Distance: 20.0000
(((8,((5,11),6)),(((((20,2),4),3),(9,15)),17)),(((14,13),12),(((16,(19,10)),(18,7)),1)));

STEP 43 [SPR_ClassicHeuristic_MC_RF -> NNI_Substep_39] - Distance: 18.0000
(((8,((5,11),6)),(((((20,2),4),3),(9,15)),17)),(((14,13),12),((16,(19,10)),((18,7),1))));

STEP 44 [SPR_ClassicHeuristic_MC_RF -> NNI_Substep_40] - Distance: 16.0000
(((8,((5,11),6)),(((((20,2),4),3),(9,15)),17)),(((14,13),12),((16,(19,10)),((18,1),7))));

STEP 45 [SPR_ClassicHeuristic_MC_RF -> NNI_Substep_41] - Distance: 19.0000
(((8,((5,11),6)),(((((20,2),4),3),(9,15)),17)),(((14,13),12),(((16,(19,10)),7),(18,1))));

STEP 46 [SPR_ClassicHeuristic_MC_RF -> NNI_Substep_42] - Distance: 16.0000
(((8,((5,11),6)),(((((20,2),4),3),(9,15)),17)),(((14,13),12),(((16,(19,10)),(18,1)),7)));

STEP 47 [SPR_ClassicHeuristic_MC_RF -> NNI_Substep_43] - Distance: 13.0000
(((8,((5,11),6)),(((((20,2),4),3),(9,15)),17)),(((14,13),12),((16,((19,10),(18,1))),7)));

STEP 48 [SPR_ClassicHeuristic_MC_RF -> NNI_Substep_44] - Distance: 10.0000
(((8,((5,11),6)),(((((20,2),4),3),(9,15)),17)),(((14,13),12),((16,(19,(10,(18,1)))),7)));

STEP 49 [SPR_ClassicHeuristic_MC_RF -> NNI_Substep_45] - Distance: 16.0000
(((((5,11),6),(((((20,2),4),3),(9,15)),17)),8),(((14,13),12),((16,(19,(10,(18,1)))),7)));

STEP 50 [SPR_ClassicHeuristic_MC_RF -> NNI_Substep_46] - Distance: 13.0000
((((5,11),6),(((((20,2),4),3),(9,15)),17)),(((14,13),12),(((16,(19,(10,(18,1)))),7),8)));

STEP 51 [SPR_ClassicHeuristic_MC_RF -> NNI_Substep_47] - Distance: 13.0000
((((5,11),6),(((((20,2),4),3),(9,15)),17)),(((14,13),12),(((16,(19,(10,(18,1)))),8),7)));

STEP 52 [SPR_ClassicHeuristic_MC_RF -> NNI_Substep_48] - Distance: 11.0000
((((5,11),6),(((((20,2),4),3),(9,15)),17)),(((14,13),12),((16,((19,(10,(18,1))),8)),7)));

STEP 53 [SPR_ClassicHeuristic_MC_RF -> NNI_Substep_49] - Distance: 13.0000
((((5,11),6),(((((20,2),4),3),(9,15)),17)),((((14,13),12),(16,((19,(10,(18,1))),8))),7));

STEP 54 [SPR_ClassicHeuristic_MC_RF -> NNI_Substep_50] - Distance: 0.0000
(((((5,11),6),7),(((((20,2),4),3),(9,15)),17)),(((14,13),12),(16,((19,(10,(18,1))),8))));

========================================================
[FINAL] Total Steps: 54 | Final Distance: 0.0000
========================================================
