========================================================
HEURISTIC TRAJECTORY: VND Incremental (MP)
========================================================
STEP 0 [START] - Distance: 147.0000
(4,(2,((((17,(16,(13,(1,(5,18))))),(15,((12,7),(8,(3,19))))),(11,(10,9))),(14,(20,6)))));

STEP 1 [NNI_IncrementalHeuristic_MP -> NNI_Substep_1] - Distance: 136.0000
(4,(2,(((14,(20,6)),(11,(10,9))),((17,(16,(13,(1,(5,18))))),(15,((12,7),(8,(3,19))))))));

STEP 2 [NNI_IncrementalHeuristic_MP -> NNI_Substep_2] - Distance: 131.0000
(4,(((17,(16,(13,(1,(5,18))))),(15,((12,7),(8,(3,19))))),(((14,(20,6)),(11,(10,9))),2)));

STEP 3 [NNI_IncrementalHeuristic_MP -> NNI_Substep_3] - Distance: 124.0000
((15,((17,(16,(13,(1,(5,18))))),((12,7),(8,(3,19))))),(4,(((14,(20,6)),(11,(10,9))),2)));

STEP 4 [NNI_IncrementalHeuristic_MP -> NNI_Substep_4] - Distance: 120.0000
((15,(4,(((14,(20,6)),(11,(10,9))),2))),((12,7),((17,(16,(13,(1,(5,18))))),(8,(3,19)))));

STEP 5 [NNI_IncrementalHeuristic_MP -> NNI_Substep_5] - Distance: 108.0000
(((17,(16,(13,(1,(5,18))))),(8,(3,19))),((12,(15,(4,(((14,(20,6)),(11,(10,9))),2)))),7));

STEP 6 [NNI_IncrementalHeuristic_MP -> NNI_Substep_6] - Distance: 107.0000
(((17,(16,(13,(1,(5,18))))),(19,(3,8))),((12,(15,(4,(((14,(20,6)),(11,(10,9))),2)))),7));

STEP 7 [NNI_IncrementalHeuristic_MP -> NNI_Substep_7] - Distance: 105.0000
((19,((17,(16,(13,(1,(5,18))))),(3,8))),((12,(15,(4,(((14,(20,6)),(11,(10,9))),2)))),7));

STEP 8 [NNI_IncrementalHeuristic_MP -> NNI_Substep_8] - Distance: 104.0000
((19,((17,(16,(13,(1,(5,18))))),(3,8))),((15,(12,(4,(((14,(20,6)),(11,(10,9))),2)))),7));

STEP 9 [NNI_IncrementalHeuristic_MP -> NNI_Substep_9] - Distance: 103.0000
((19,((17,(16,(13,(1,(5,18))))),(3,8))),((15,(12,(4,(((14,(11,(10,9))),(20,6)),2)))),7));

STEP 10 [Heur. rSPR MP -> NNI_Substep_1] - Distance: 103.0000
((19,((17,(16,(13,(1,(5,18))))),(3,8))),((15,(12,(4,((((14,(11,(10,9))),6),20),2)))),7));

STEP 11 [Heur. rSPR MP -> NNI_Substep_2] - Distance: 103.0000
((19,((17,(16,(13,(1,(5,18))))),(3,8))),((15,(12,(4,((((14,(11,(10,9))),6),2),20)))),7));

STEP 12 [Heur. rSPR MP -> NNI_Substep_3] - Distance: 103.0000
((19,((17,(16,(13,(1,(5,18))))),(3,8))),((15,(12,((4,(((14,(11,(10,9))),6),2)),20))),7));

STEP 13 [Heur. rSPR MP -> NNI_Substep_4] - Distance: 103.0000
((19,((17,(16,(13,(1,(5,18))))),(3,8))),((15,((12,(4,(((14,(11,(10,9))),6),2))),20)),7));

STEP 14 [Heur. rSPR MP -> NNI_Substep_5] - Distance: 103.0000
((19,((17,(16,(13,(1,(5,18))))),(3,8))),(((15,(12,(4,(((14,(11,(10,9))),6),2)))),20),7));

STEP 15 [Heur. rSPR MP -> NNI_Substep_6] - Distance: 103.0000
((19,((17,(16,(13,(1,(5,18))))),(3,8))),(((15,(12,(4,(((14,(11,(10,9))),6),2)))),7),20));

STEP 16 [Heur. rSPR MP -> NNI_Substep_7] - Distance: 93.0000
(((19,20),((17,(16,(13,(1,(5,18))))),(3,8))),((15,(12,(4,(((14,(11,(10,9))),6),2)))),7));

STEP 17 [Heur. rSPR MP -> NNI_Substep_8] - Distance: 93.0000
(((19,20),((17,(16,(13,(1,(5,18))))),(3,8))),((15,(12,((4,((14,(11,(10,9))),6)),2))),7));

STEP 18 [Heur. rSPR MP -> NNI_Substep_9] - Distance: 93.0000
(((19,20),((17,(16,(13,(1,(5,18))))),(3,8))),((15,((12,(4,((14,(11,(10,9))),6))),2)),7));

STEP 19 [Heur. rSPR MP -> NNI_Substep_10] - Distance: 93.0000
(((19,20),((17,(16,(13,(1,(5,18))))),(3,8))),(((15,(12,(4,((14,(11,(10,9))),6)))),2),7));

STEP 20 [Heur. rSPR MP -> NNI_Substep_11] - Distance: 93.0000
(((19,20),((17,(16,(13,(1,(5,18))))),(3,8))),(((15,(12,(4,((14,(11,(10,9))),6)))),7),2));

STEP 21 [Heur. rSPR MP -> NNI_Substep_12] - Distance: 85.0000
(((19,20),(((17,(16,(13,(1,(5,18))))),(3,8)),2)),((15,(12,(4,((14,(11,(10,9))),6)))),7));

STEP 22 [Heur. rSPR MP -> NNI_Substep_13] - Distance: 83.0000
(((19,20),(((17,(16,(13,(1,(5,18))))),2),(3,8))),((15,(12,(4,((14,(11,(10,9))),6)))),7));

STEP 23 [Heur. rSPR MP -> NNI_Substep_14] - Distance: 82.0000
(((19,20),(((17,2),(16,(13,(1,(5,18))))),(3,8))),((15,(12,(4,((14,(11,(10,9))),6)))),7));

STEP 24 [Heur. rSPR MP -> NNI_Substep_15] - Distance: 82.0000
(((19,20),(((17,2),((16,(1,(5,18))),13)),(3,8))),((15,(12,(4,((14,(11,(10,9))),6)))),7));

STEP 25 [Heur. rSPR MP -> NNI_Substep_16] - Distance: 82.0000
(((19,20),((((17,2),(16,(1,(5,18)))),13),(3,8))),((15,(12,(4,((14,(11,(10,9))),6)))),7));

STEP 26 [Heur. rSPR MP -> NNI_Substep_17] - Distance: 82.0000
(((19,20),((((17,2),(16,(1,(5,18)))),(3,8)),13)),((15,(12,(4,((14,(11,(10,9))),6)))),7));

STEP 27 [Heur. rSPR MP -> NNI_Substep_18] - Distance: 82.0000
((((19,20),(((17,2),(16,(1,(5,18)))),(3,8))),13),((15,(12,(4,((14,(11,(10,9))),6)))),7));

STEP 28 [Heur. rSPR MP -> NNI_Substep_19] - Distance: 74.0000
(((19,20),(((17,2),(16,(1,(5,18)))),(3,8))),(((15,(12,(4,((14,(11,(10,9))),6)))),13),7));

STEP 29 [Heur. rSPR MP -> NNI_Substep_20] - Distance: 70.0000
(((19,20),(((17,2),(16,(1,(5,18)))),(3,8))),(((15,13),(12,(4,((14,(11,(10,9))),6)))),7));

STEP 30 [Heur. rSPR MP -> NNI_Substep_21] - Distance: 70.0000
(((19,20),(((17,2),(16,((1,18),5))),(3,8))),(((15,13),(12,(4,((14,(11,(10,9))),6)))),7));

STEP 31 [Heur. rSPR MP -> NNI_Substep_22] - Distance: 70.0000
(((19,20),(((17,2),((16,(1,18)),5)),(3,8))),(((15,13),(12,(4,((14,(11,(10,9))),6)))),7));

STEP 32 [Heur. rSPR MP -> NNI_Substep_23] - Distance: 70.0000
(((19,20),((((17,2),(16,(1,18))),5),(3,8))),(((15,13),(12,(4,((14,(11,(10,9))),6)))),7));

STEP 33 [Heur. rSPR MP -> NNI_Substep_24] - Distance: 70.0000
(((19,20),((((17,2),(16,(1,18))),(3,8)),5)),(((15,13),(12,(4,((14,(11,(10,9))),6)))),7));

STEP 34 [Heur. rSPR MP -> NNI_Substep_25] - Distance: 70.0000
((((19,20),(((17,2),(16,(1,18))),(3,8))),5),(((15,13),(12,(4,((14,(11,(10,9))),6)))),7));

STEP 35 [Heur. rSPR MP -> NNI_Substep_26] - Distance: 61.0000
(((19,20),(((17,2),(16,(1,18))),(3,8))),((((15,13),(12,(4,((14,(11,(10,9))),6)))),5),7));

STEP 36 [Heur. rSPR MP -> NNI_Substep_27] - Distance: 57.0000
(((19,20),(((17,2),(16,(1,18))),(3,8))),((((15,13),5),(12,(4,((14,(11,(10,9))),6)))),7));

STEP 37 [Heur. rSPR MP -> NNI_Substep_28] - Distance: 56.0000
(((19,20),(((17,2),(16,(1,18))),(3,8))),(((15,(13,5)),(12,(4,((14,(11,(10,9))),6)))),7));

STEP 38 [Heur. rSPR MP -> NNI_Substep_29] - Distance: 56.0000
(((19,20),(((17,2),(16,(1,18))),(3,8))),(((15,(13,5)),(12,(4,((14,((11,9),10)),6)))),7));

STEP 39 [Heur. rSPR MP -> NNI_Substep_30] - Distance: 56.0000
(((19,20),(((17,2),(16,(1,18))),(3,8))),(((15,(13,5)),(12,(4,(((14,(11,9)),10),6)))),7));

STEP 40 [Heur. rSPR MP -> NNI_Substep_31] - Distance: 56.0000
(((19,20),(((17,2),(16,(1,18))),(3,8))),(((15,(13,5)),(12,(4,(((14,(11,9)),6),10)))),7));

STEP 41 [Heur. rSPR MP -> NNI_Substep_32] - Distance: 56.0000
(((19,20),(((17,2),(16,(1,18))),(3,8))),(((15,(13,5)),(12,((4,((14,(11,9)),6)),10))),7));

STEP 42 [Heur. rSPR MP -> NNI_Substep_33] - Distance: 56.0000
(((19,20),(((17,2),(16,(1,18))),(3,8))),(((15,(13,5)),((12,(4,((14,(11,9)),6))),10)),7));

STEP 43 [Heur. rSPR MP -> NNI_Substep_34] - Distance: 56.0000
(((19,20),(((17,2),(16,(1,18))),(3,8))),((((15,(13,5)),(12,(4,((14,(11,9)),6)))),10),7));

STEP 44 [Heur. rSPR MP -> NNI_Substep_35] - Distance: 56.0000
(((19,20),(((17,2),(16,(1,18))),(3,8))),((((15,(13,5)),(12,(4,((14,(11,9)),6)))),7),10));

STEP 45 [Heur. rSPR MP -> NNI_Substep_36] - Distance: 41.0000
((((19,20),((((17,2),(1,18)),16),(3,8))),10),(((15,(13,5)),(12,(4,((14,(11,9)),6)))),7));

STEP 46 [Heur. rSPR MP -> NNI_Substep_37] - Distance: 41.0000
((((19,20),((((17,2),(1,18)),(3,8)),16)),10),(((15,(13,5)),(12,(4,((14,(11,9)),6)))),7));

STEP 47 [Heur. rSPR MP -> NNI_Substep_38] - Distance: 41.0000
(((((19,20),(((17,2),(1,18)),(3,8))),16),10),(((15,(13,5)),(12,(4,((14,(11,9)),6)))),7));

STEP 48 [Heur. rSPR MP -> NNI_Substep_39] - Distance: 41.0000
(((((19,20),(((17,2),(1,18)),(3,8))),10),16),(((15,(13,5)),(12,(4,((14,(11,9)),6)))),7));

STEP 49 [Heur. rSPR MP -> NNI_Substep_40] - Distance: 29.0000
((((19,20),(((17,2),(1,18)),(3,8))),10),((((15,(13,5)),(12,(4,((14,(11,9)),6)))),16),7));

STEP 50 [Heur. rSPR MP -> NNI_Substep_41] - Distance: 26.0000
((((19,20),(((17,2),(1,18)),(3,8))),10),(((15,(13,5)),((12,(4,((14,(11,9)),6))),16)),7));

STEP 51 [Heur. rSPR MP -> NNI_Substep_42] - Distance: 27.0000
((((19,20),(((17,2),(1,18)),(3,8))),10),(((15,(13,5)),(12,((4,((14,(11,9)),6)),16))),7));

STEP 52 [Heur. rSPR MP -> NNI_Substep_43] - Distance: 27.0000
((((19,20),(((17,2),(1,18)),(3,8))),10),(((15,(13,5)),(12,(4,(((14,(11,9)),6),16)))),7));

STEP 53 [Heur. rSPR MP -> NNI_Substep_44] - Distance: 26.0000
((((19,20),(((17,2),(1,18)),(3,8))),10),(((15,(13,5)),(12,(4,(((14,(11,9)),16),6)))),7));

STEP 54 [Heur. rSPR MP -> NNI_Substep_45] - Distance: 26.0000
((((19,20),(((17,2),(1,18)),(3,8))),10),(((15,(13,5)),(12,(4,((14,((11,9),16)),6)))),7));

STEP 55 [Heur. rSPR MP -> NNI_Substep_46] - Distance: 25.0000
((((19,20),(((17,2),(1,18)),(3,8))),10),(((15,(13,5)),(12,(4,((14,(11,(9,16))),6)))),7));

STEP 56 [Heur. rSPR MP -> NNI_Substep_47] - Distance: 25.0000
((((19,20),((((17,2),1),18),(3,8))),10),(((15,(13,5)),(12,(4,((14,(11,(9,16))),6)))),7));

STEP 57 [Heur. rSPR MP -> NNI_Substep_48] - Distance: 25.0000
((((19,20),((((17,2),1),(3,8)),18)),10),(((15,(13,5)),(12,(4,((14,(11,(9,16))),6)))),7));

STEP 58 [Heur. rSPR MP -> NNI_Substep_49] - Distance: 24.0000
(((((19,20),(((17,2),1),(3,8))),18),10),(((15,(13,5)),(12,(4,((14,(11,(9,16))),6)))),7));

STEP 59 [Heur. rSPR MP -> NNI_Substep_50] - Distance: 24.0000
(((((19,20),(((17,2),1),(3,8))),10),18),(((15,(13,5)),(12,(4,((14,(11,(9,16))),6)))),7));

STEP 60 [Heur. rSPR MP -> NNI_Substep_51] - Distance: 17.0000
((((19,20),(((17,2),1),(3,8))),(10,18)),(((15,(13,5)),(12,(4,((14,(11,(9,16))),6)))),7));

STEP 61 [Heur. rSPR MP -> NNI_Substep_52] - Distance: 18.0000
((((19,20),(((17,2),1),(3,8))),(10,18)),(((15,(13,5)),(12,(4,(((11,(9,16)),6),14)))),7));

STEP 62 [Heur. rSPR MP -> NNI_Substep_53] - Distance: 18.0000
((((19,20),(((17,2),1),(3,8))),(10,18)),(((15,(13,5)),(12,((4,((11,(9,16)),6)),14))),7));

STEP 63 [Heur. rSPR MP -> NNI_Substep_54] - Distance: 18.0000
((((19,20),(((17,2),1),(3,8))),(10,18)),(((15,(13,5)),((12,(4,((11,(9,16)),6))),14)),7));

STEP 64 [Heur. rSPR MP -> NNI_Substep_55] - Distance: 16.0000
((((19,20),(((17,2),1),(3,8))),(10,18)),((((15,(13,5)),(12,(4,((11,(9,16)),6)))),14),7));

STEP 65 [Heur. rSPR MP -> NNI_Substep_56] - Distance: 11.0000
((((19,20),(((17,2),1),(3,8))),(10,18)),((((15,(13,5)),14),(12,(4,((11,(9,16)),6)))),7));

STEP 66 [Heur. rSPR MP -> NNI_Substep_57] - Distance: 10.0000
((((19,20),(((17,2),1),(3,8))),(10,18)),(((15,((13,5),14)),(12,(4,((11,(9,16)),6)))),7));

STEP 67 [Heur. rSPR MP -> NNI_Substep_58] - Distance: 9.0000
((((19,20),(((17,2),1),(3,8))),(10,18)),(((15,((13,5),14)),(12,((4,(11,(9,16))),6))),7));

STEP 68 [Heur. rSPR MP -> NNI_Substep_59] - Distance: 8.0000
((((19,20),(((17,2),1),(3,8))),(10,18)),(((15,((13,5),14)),((12,(4,(11,(9,16)))),6)),7));

STEP 69 [Heur. rSPR MP -> NNI_Substep_60] - Distance: 4.0000
((((19,20),(((17,2),1),(3,8))),(10,18)),((((15,((13,5),14)),(12,(4,(11,(9,16))))),6),7));

STEP 70 [Heur. rSPR MP -> NNI_Substep_61] - Distance: 2.0000
((((19,20),(((17,2),1),(3,8))),(10,18)),((((15,((13,5),14)),(12,((4,11),(9,16)))),6),7));

STEP 71 [Heur. rSPR MP -> NNI_Substep_62] - Distance: 0.0000
((((19,20),(((17,2),1),(3,8))),(10,18)),((((15,((13,5),14)),((12,(4,11)),(9,16))),6),7));

========================================================
[FINAL] Total Steps: 71 | Final Distance: 0.0000
========================================================
