========================================================
HEURISTIC TRAJECTORY: VND Classic (RFC)
========================================================
STEP 0 [START] - Distance: 18.0000
(((((12,11),(4,2)),(8,((6,(18,(5,9))),(7,1)))),((14,(3,(10,20))),(16,(17,15)))),(13,19));

STEP 1 [TBR_ClassicHeuristic_RFC -> NNI_Substep_1] - Distance: 18.0000
(((((12,11),(4,2)),(8,((6,(18,(5,9))),(7,1)))),((3,((10,20),14)),(16,(17,15)))),(13,19));

STEP 2 [TBR_ClassicHeuristic_RFC -> NNI_Substep_2] - Distance: 17.0000
(((((12,11),(4,2)),(8,((6,(18,(5,9))),(7,1)))),((3,(10,(20,14))),(16,(17,15)))),(13,19));

STEP 3 [TBR_ClassicHeuristic_RFC -> NNI_Substep_3] - Distance: 17.0000
(((((12,11),(4,2)),(8,(((6,(5,9)),18),(7,1)))),((3,(10,(20,14))),(16,(17,15)))),(13,19));

STEP 4 [TBR_ClassicHeuristic_RFC -> NNI_Substep_4] - Distance: 17.0000
(((((12,11),(4,2)),(8,(((6,(5,9)),(7,1)),18))),((3,(10,(20,14))),(16,(17,15)))),(13,19));

STEP 5 [TBR_ClassicHeuristic_RFC -> NNI_Substep_5] - Distance: 17.0000
(((((12,11),(4,2)),(8,((6,(5,9)),((7,1),18)))),((3,(10,(20,14))),(16,(17,15)))),(13,19));

STEP 6 [TBR_ClassicHeuristic_RFC -> NNI_Substep_6] - Distance: 16.0000
(((((12,11),(4,2)),(8,((6,(5,9)),(7,(1,18))))),((3,(10,(20,14))),(16,(17,15)))),(13,19));

STEP 7 [TBR_ClassicHeuristic_RFC -> NNI_Substep_7] - Distance: 16.0000
(((((12,11),(4,2)),(8,((6,(5,9)),(7,(1,18))))),(((3,(10,(20,14))),(17,15)),16)),(13,19));

STEP 8 [TBR_ClassicHeuristic_RFC -> NNI_Substep_8] - Distance: 16.0000
((((((12,11),(4,2)),(8,((6,(5,9)),(7,(1,18))))),((3,(10,(20,14))),(17,15))),16),(13,19));

STEP 9 [TBR_ClassicHeuristic_RFC -> NNI_Substep_9] - Distance: 15.0000
(((((12,11),(4,2)),(8,((6,(5,9)),(7,(1,18))))),((3,(10,(20,14))),(17,15))),(13,(19,16)));

STEP 10 [TBR_ClassicHeuristic_RFC -> NNI_Substep_10] - Distance: 15.0000
(((((11,(4,2)),12),(8,((6,(5,9)),(7,(1,18))))),((3,(10,(20,14))),(17,15))),(13,(19,16)));

STEP 11 [TBR_ClassicHeuristic_RFC -> NNI_Substep_11] - Distance: 15.0000
(((((11,(4,2)),(8,((6,(5,9)),(7,(1,18))))),12),((3,(10,(20,14))),(17,15))),(13,(19,16)));

STEP 12 [TBR_ClassicHeuristic_RFC -> NNI_Substep_12] - Distance: 15.0000
(((((11,(4,2)),(8,((6,(5,9)),(7,(1,18))))),((3,(10,(20,14))),(17,15))),12),(13,(19,16)));

STEP 13 [TBR_ClassicHeuristic_RFC -> NNI_Substep_13] - Distance: 14.0000
((((11,(4,2)),(8,((6,(5,9)),(7,(1,18))))),((3,(10,(20,14))),(17,15))),((13,12),(19,16)));

STEP 14 [TBR_ClassicHeuristic_RFC -> NNI_Substep_14] - Distance: 14.0000
((((11,(4,2)),(8,((6,(5,9)),(7,(1,18))))),(((3,(10,(20,14))),15),17)),((13,12),(19,16)));

STEP 15 [TBR_ClassicHeuristic_RFC -> NNI_Substep_15] - Distance: 14.0000
(((((11,(4,2)),(8,((6,(5,9)),(7,(1,18))))),((3,(10,(20,14))),15)),17),((13,12),(19,16)));

STEP 16 [TBR_ClassicHeuristic_RFC -> NNI_Substep_16] - Distance: 13.0000
((((11,(4,2)),(8,((6,(5,9)),(7,(1,18))))),((3,(10,(20,14))),15)),(((13,12),17),(19,16)));

STEP 17 [TBR_ClassicHeuristic_RFC -> NNI_Substep_17] - Distance: 13.0000
(((((11,2),4),(8,((6,(5,9)),(7,(1,18))))),((3,(10,(20,14))),15)),(((13,12),17),(19,16)));

STEP 18 [TBR_ClassicHeuristic_RFC -> NNI_Substep_18] - Distance: 13.0000
(((((11,2),(8,((6,(5,9)),(7,(1,18))))),4),((3,(10,(20,14))),15)),(((13,12),17),(19,16)));

STEP 19 [TBR_ClassicHeuristic_RFC -> NNI_Substep_19] - Distance: 13.0000
(((((11,2),(8,((6,(5,9)),(7,(1,18))))),((3,(10,(20,14))),15)),4),(((13,12),17),(19,16)));

STEP 20 [TBR_ClassicHeuristic_RFC -> NNI_Substep_20] - Distance: 13.0000
((((11,2),(8,((6,(5,9)),(7,(1,18))))),(((3,(10,(20,14))),15),4)),(((13,12),17),(19,16)));

STEP 21 [TBR_ClassicHeuristic_RFC -> NNI_Substep_21] - Distance: 13.0000
((((11,2),(8,((6,(5,9)),(7,(1,18))))),(((3,(10,(20,14))),4),15)),(((13,12),17),(19,16)));

STEP 22 [TBR_ClassicHeuristic_RFC -> NNI_Substep_22] - Distance: 13.0000
((((11,2),(8,((6,(5,9)),(7,(1,18))))),((3,((10,(20,14)),4)),15)),(((13,12),17),(19,16)));

STEP 23 [TBR_ClassicHeuristic_RFC -> NNI_Substep_23] - Distance: 12.0000
((((11,2),(8,((6,(5,9)),(7,(1,18))))),((3,((10,4),(20,14))),15)),(((13,12),17),(19,16)));

STEP 24 [TBR_ClassicHeuristic_RFC -> NNI_Substep_24] - Distance: 12.0000
((((11,2),(8,((6,(5,9)),(7,(1,18))))),(((3,(10,4)),(20,14)),15)),(((13,12),17),(19,16)));

STEP 25 [TBR_ClassicHeuristic_RFC -> NNI_Substep_25] - Distance: 12.0000
((((11,2),(8,((6,(5,9)),(7,(1,18))))),(((3,(10,4)),15),(20,14))),(((13,12),17),(19,16)));

STEP 26 [TBR_ClassicHeuristic_RFC -> NNI_Substep_26] - Distance: 12.0000
(((((11,2),(8,((6,(5,9)),(7,(1,18))))),((3,(10,4)),15)),(20,14)),(((13,12),17),(19,16)));

STEP 27 [TBR_ClassicHeuristic_RFC -> NNI_Substep_27] - Distance: 12.0000
(((((11,2),(8,((6,(5,9)),(7,(1,18))))),(20,14)),((3,(10,4)),15)),(((13,12),17),(19,16)));

STEP 28 [TBR_ClassicHeuristic_RFC -> NNI_Substep_28] - Distance: 11.0000
(((((11,2),(20,14)),(8,((6,(5,9)),(7,(1,18))))),((3,(10,4)),15)),(((13,12),17),(19,16)));

STEP 29 [TBR_ClassicHeuristic_RFC -> NNI_Substep_29] - Distance: 10.0000
((((11,(2,(20,14))),(8,((6,(5,9)),(7,(1,18))))),((3,(10,4)),15)),(((13,12),17),(19,16)));

STEP 30 [TBR_ClassicHeuristic_RFC -> NNI_Substep_30] - Distance: 9.0000
((((11,(2,(20,14))),(8,((6,(5,9)),(7,(1,18))))),(((10,4),15),3)),(((13,12),17),(19,16)));

STEP 31 [TBR_ClassicHeuristic_RFC -> NNI_Substep_31] - Distance: 9.0000
(((((11,(2,(20,14))),(8,((6,(5,9)),(7,(1,18))))),((10,4),15)),3),(((13,12),17),(19,16)));

STEP 32 [TBR_ClassicHeuristic_RFC -> NNI_Substep_32] - Distance: 9.0000
(((((11,(2,(20,14))),(8,((6,(5,9)),(7,(1,18))))),3),((10,4),15)),(((13,12),17),(19,16)));

STEP 33 [TBR_ClassicHeuristic_RFC -> NNI_Substep_33] - Distance: 9.0000
((((11,(2,(20,14))),((8,((6,(5,9)),(7,(1,18)))),3)),((10,4),15)),(((13,12),17),(19,16)));

STEP 34 [TBR_ClassicHeuristic_RFC -> NNI_Substep_34] - Distance: 9.0000
((((11,(2,(20,14))),(8,(((6,(5,9)),(7,(1,18))),3))),((10,4),15)),(((13,12),17),(19,16)));

STEP 35 [TBR_ClassicHeuristic_RFC -> NNI_Substep_35] - Distance: 9.0000
((((11,(2,(20,14))),(8,((6,(5,9)),((7,(1,18)),3)))),((10,4),15)),(((13,12),17),(19,16)));

STEP 36 [TBR_ClassicHeuristic_RFC -> NNI_Substep_36] - Distance: 8.0000
((((11,(2,(20,14))),(8,((6,(5,9)),((7,3),(1,18))))),((10,4),15)),(((13,12),17),(19,16)));

STEP 37 [TBR_ClassicHeuristic_RFC -> NNI_Substep_37] - Distance: 7.0000
(((((11,(2,(20,14))),8),((6,(5,9)),((7,3),(1,18)))),((10,4),15)),(((13,12),17),(19,16)));

STEP 38 [TBR_ClassicHeuristic_RFC -> NNI_Substep_38] - Distance: 7.0000
(((((11,(2,(20,14))),8),((10,4),15)),((6,(5,9)),((7,3),(1,18)))),(((13,12),17),(19,16)));

STEP 39 [TBR_ClassicHeuristic_RFC -> NNI_Substep_39] - Distance: 7.0000
(((((10,4),15),((6,(5,9)),((7,3),(1,18)))),((11,(2,(20,14))),8)),(((13,12),17),(19,16)));

STEP 40 [TBR_ClassicHeuristic_RFC -> NNI_Substep_40] - Distance: 6.0000
((((6,(5,9)),(((7,3),(1,18)),((10,4),15))),(((13,12),17),(19,16))),((11,(2,(20,14))),8));

STEP 41 [TBR_ClassicHeuristic_RFC -> NNI_Substep_41] - Distance: 5.0000
((((6,(5,9)),((7,3),((1,18),((10,4),15)))),(((13,12),17),(19,16))),((11,(2,(20,14))),8));

STEP 42 [TBR_ClassicHeuristic_RFC -> NNI_Substep_42] - Distance: 5.0000
(((((6,9),5),((7,3),((1,18),((10,4),15)))),(((13,12),17),(19,16))),((11,(2,(20,14))),8));

STEP 43 [TBR_ClassicHeuristic_RFC -> NNI_Substep_43] - Distance: 5.0000
(((((6,9),((7,3),((1,18),((10,4),15)))),5),(((13,12),17),(19,16))),((11,(2,(20,14))),8));

STEP 44 [TBR_ClassicHeuristic_RFC -> NNI_Substep_44] - Distance: 4.0000
(((((6,9),((7,3),((1,18),((10,4),15)))),(((13,12),17),(19,16))),5),((11,(2,(20,14))),8));

STEP 45 [TBR_ClassicHeuristic_RFC -> NNI_Substep_45] - Distance: 4.0000
(((((9,((7,3),((1,18),((10,4),15)))),6),(((13,12),17),(19,16))),5),((11,(2,(20,14))),8));

STEP 46 [TBR_ClassicHeuristic_RFC -> NNI_Substep_46] - Distance: 4.0000
(((((9,((7,3),((1,18),((10,4),15)))),(((13,12),17),(19,16))),6),5),((11,(2,(20,14))),8));

STEP 47 [TBR_ClassicHeuristic_RFC -> NNI_Substep_47] - Distance: 4.0000
((((9,((7,3),((1,18),((10,4),15)))),((((13,12),17),(19,16)),6)),5),((11,(2,(20,14))),8));

STEP 48 [TBR_ClassicHeuristic_RFC -> NNI_Substep_48] - Distance: 3.0000
((((9,((7,3),((1,18),((10,4),15)))),((((13,12),17),6),(19,16))),5),((11,(2,(20,14))),8));

STEP 49 [TBR_ClassicHeuristic_RFC -> NNI_Substep_49] - Distance: 3.0000
(((((9,((1,18),((10,4),15))),(7,3)),((((13,12),17),6),(19,16))),5),((11,(2,(20,14))),8));

STEP 50 [TBR_ClassicHeuristic_RFC -> NNI_Substep_50] - Distance: 3.0000
(((((9,((1,18),((10,4),15))),((((13,12),17),6),(19,16))),(7,3)),5),((11,(2,(20,14))),8));

STEP 51 [TBR_ClassicHeuristic_RFC -> NNI_Substep_51] - Distance: 3.0000
((((9,((1,18),((10,4),15))),(((((13,12),17),6),(19,16)),(7,3))),5),((11,(2,(20,14))),8));

STEP 52 [TBR_ClassicHeuristic_RFC -> NNI_Substep_52] - Distance: 2.0000
((((9,((1,18),((10,4),15))),((((13,12),17),6),((19,16),(7,3)))),5),((11,(2,(20,14))),8));

STEP 53 [TBR_ClassicHeuristic_RFC -> NNI_Substep_53] - Distance: 2.0000
((((((1,18),((10,4),15)),((((13,12),17),6),((19,16),(7,3)))),9),5),((11,(2,(20,14))),8));

STEP 54 [TBR_ClassicHeuristic_RFC -> NNI_Substep_54] - Distance: 2.0000
(((((1,18),((10,4),15)),(((((13,12),17),6),((19,16),(7,3))),9)),5),((11,(2,(20,14))),8));

STEP 55 [TBR_ClassicHeuristic_RFC -> NNI_Substep_55] - Distance: 1.0000
(((((1,18),((10,4),15)),((((13,12),17),6),(((19,16),(7,3)),9))),5),((11,(2,(20,14))),8));

STEP 56 [TBR_ClassicHeuristic_RFC -> NNI_Substep_56] - Distance: 0.0000
((5,((((19,16),(7,3)),9),((((13,12),17),6),((1,18),((10,4),15))))),((11,(2,(20,14))),8));

========================================================
[FINAL] Total Steps: 56 | Final Distance: 0.0000
========================================================
