========================================================
HEURISTIC TRAJECTORY: VND Incremental (MC)
========================================================
STEP 0 [START] - Distance: 92.0000
(((17,((5,3),(19,14))),((10,6),((8,11),(20,18)))),(13,((15,((7,(16,2)),(12,4))),(1,9))));

STEP 1 [NNI_IncrementalHeuristic_MC -> NNI_Substep_1] - Distance: 83.0000
(13,(((17,((5,3),(19,14))),((10,6),((8,11),(20,18)))),((15,(1,9)),((7,(16,2)),(12,4)))));

STEP 2 [NNI_IncrementalHeuristic_MC -> NNI_Substep_2] - Distance: 82.0000
(13,((((5,3),(17,(19,14))),((10,6),((8,11),(20,18)))),((15,(1,9)),((7,(16,2)),(12,4)))));

STEP 3 [NNI_IncrementalHeuristic_MC -> NNI_Substep_3] - Distance: 80.0000
(13,(((((10,6),((8,11),(20,18))),(17,(19,14))),(5,3)),((15,(1,9)),((7,(16,2)),(12,4)))));

STEP 4 [NNI_IncrementalHeuristic_MC -> NNI_Substep_4] - Distance: 77.0000
(13,(((((17,(19,14)),((8,11),(20,18))),(10,6)),(5,3)),((15,(1,9)),((7,(16,2)),(12,4)))));

STEP 5 [NNI_IncrementalHeuristic_MC -> NNI_Substep_5] - Distance: 75.0000
(13,(((((17,(19,14)),((8,11),(20,18))),(10,6)),((15,(1,9)),((7,(16,2)),(12,4)))),(5,3)));

STEP 6 [NNI_IncrementalHeuristic_MC -> NNI_Substep_6] - Distance: 73.0000
((5,3),(((((17,(19,14)),((8,11),(20,18))),(10,6)),13),((15,(1,9)),((7,(16,2)),(12,4)))));

STEP 7 [NNI_IncrementalHeuristic_MC -> NNI_Substep_7] - Distance: 70.0000
((5,3),((15,(1,9)),(((((17,(19,14)),((8,11),(20,18))),(10,6)),13),((7,(16,2)),(12,4)))));

STEP 8 [NNI_IncrementalHeuristic_MC -> NNI_Substep_8] - Distance: 69.0000
((5,3),((15,(1,9)),(((((17,(19,14)),((8,11),(20,18))),13),(10,6)),((7,(16,2)),(12,4)))));

STEP 9 [NNI_IncrementalHeuristic_MC -> NNI_Substep_9] - Distance: 68.0000
((5,3),((15,(1,9)),(((((17,(19,14)),13),((8,11),(20,18))),(10,6)),((7,(16,2)),(12,4)))));

STEP 10 [NNI_IncrementalHeuristic_MC -> NNI_Substep_10] - Distance: 65.0000
((5,3),((15,(1,9)),(((((17,13),(19,14)),((8,11),(20,18))),(10,6)),((7,(16,2)),(12,4)))));

STEP 11 [NNI_IncrementalHeuristic_MC -> NNI_Substep_11] - Distance: 64.0000
((5,3),((15,(1,9)),(((((17,13),(19,14)),((8,11),(20,18))),(10,6)),(((12,4),(16,2)),7))));

STEP 12 [2sECR_IncrementalHeuristic_MC -> NNI_Substep_1] - Distance: 64.0000
((5,3),((15,(1,9)),((((19,14),((17,13),((8,11),(20,18)))),(10,6)),(((12,4),(16,2)),7))));

STEP 13 [2sECR_IncrementalHeuristic_MC -> NNI_Substep_2] - Distance: 62.0000
((5,3),((15,(1,9)),((((19,14),((8,11),((17,13),(20,18)))),(10,6)),(((12,4),(16,2)),7))));

STEP 14 [2sECR_IncrementalHeuristic_MC -> NNI_Substep_3] - Distance: 65.0000
((5,3),((15,(1,9)),((((19,14),(8,(((17,13),(20,18)),11))),(10,6)),(((12,4),(16,2)),7))));

STEP 15 [2sECR_IncrementalHeuristic_MC -> NNI_Substep_4] - Distance: 64.0000
((5,3),((15,(1,9)),(((8,((19,14),(((17,13),(20,18)),11))),(10,6)),(((12,4),(16,2)),7))));

STEP 16 [2sECR_IncrementalHeuristic_MC -> NNI_Substep_5] - Distance: 60.0000
((5,3),((15,(1,9)),(((8,(((17,13),(20,18)),((19,14),11))),(10,6)),(((12,4),(16,2)),7))));

STEP 17 [2sECR_IncrementalHeuristic_MC -> NNI_Substep_6] - Distance: 59.0000
((5,3),((15,(1,9)),(((8,((17,(13,(20,18))),((19,14),11))),(10,6)),(((12,4),(16,2)),7))));

STEP 18 [2sECR_IncrementalHeuristic_MC -> NNI_Substep_7] - Distance: 59.0000
((5,3),((15,(1,9)),(((8,((17,(18,(13,20))),((19,14),11))),(10,6)),(((12,4),(16,2)),7))));

STEP 19 [2sECR_IncrementalHeuristic_MC -> NNI_Substep_8] - Distance: 58.0000
((5,3),((15,(1,9)),(((8,(((17,18),(13,20)),((19,14),11))),(10,6)),(((12,4),(16,2)),7))));

STEP 20 [2sECR_IncrementalHeuristic_MC -> NNI_Substep_9] - Distance: 57.0000
((5,3),((15,(1,9)),((8,((((17,18),(13,20)),((19,14),11)),(10,6))),(((12,4),(16,2)),7))));

STEP 21 [2sECR_IncrementalHeuristic_MC -> NNI_Substep_10] - Distance: 63.0000
((5,3),((15,(1,9)),((8,(6,((((17,18),(13,20)),((19,14),11)),10))),(((12,4),(16,2)),7))));

STEP 22 [2sECR_IncrementalHeuristic_MC -> NNI_Substep_11] - Distance: 56.0000
((5,3),((15,(1,9)),(((8,6),((((17,18),(13,20)),((19,14),11)),10)),(((12,4),(16,2)),7))));

STEP 23 [2sECR_IncrementalHeuristic_MC -> NNI_Substep_12] - Distance: 55.0000
((5,3),((15,(1,9)),((8,6),(((((17,18),(13,20)),((19,14),11)),10),(((12,4),(16,2)),7)))));

STEP 24 [2sECR_IncrementalHeuristic_MC -> NNI_Substep_13] - Distance: 61.0000
((5,3),((15,(1,9)),((8,6),(((12,4),(16,2)),(((((17,18),(13,20)),((19,14),11)),10),7)))));

STEP 25 [2sECR_IncrementalHeuristic_MC -> NNI_Substep_14] - Distance: 52.0000
((5,3),((15,(1,9)),(((8,6),((12,4),(16,2))),(((((17,18),(13,20)),((19,14),11)),10),7))));

STEP 26 [2sECR_IncrementalHeuristic_MC -> NNI_Substep_15] - Distance: 53.0000
((5,3),((15,(1,9)),(((8,6),(4,((16,2),12))),(((((17,18),(13,20)),((19,14),11)),10),7))));

STEP 27 [2sECR_IncrementalHeuristic_MC -> NNI_Substep_16] - Distance: 50.0000
((5,3),((15,(1,9)),((((8,6),4),((16,2),12)),(((((17,18),(13,20)),((19,14),11)),10),7))));

STEP 28 [2sECR_IncrementalHeuristic_MC -> NNI_Substep_17] - Distance: 60.0000
((5,3),(15,(((((8,6),4),((16,2),12)),(((((17,18),(13,20)),((19,14),11)),10),7)),(1,9))));

STEP 29 [2sECR_IncrementalHeuristic_MC -> NNI_Substep_18] - Distance: 57.0000
(((5,3),15),((((16,2),12),((((((17,18),(13,20)),((19,14),11)),10),7),((8,6),4))),(1,9)));

STEP 30 [2sECR_IncrementalHeuristic_MC -> NNI_Substep_19] - Distance: 47.0000
(((5,3),15),(((((((17,18),(13,20)),((19,14),11)),10),7),((8,6),4)),((1,9),((16,2),12))));

STEP 31 [2sECR_IncrementalHeuristic_MC -> NNI_Substep_20] - Distance: 47.0000
(((5,3),15),(((((((17,18),(13,20)),((19,14),11)),10),7),((8,6),4)),(1,(9,((16,2),12)))));

STEP 32 [2sECR_IncrementalHeuristic_MC -> NNI_Substep_21] - Distance: 47.0000
(((5,3),15),(((((((17,18),(13,20)),((19,14),11)),10),7),((8,6),4)),(1,(12,(9,(16,2))))));

STEP 33 [2sECR_IncrementalHeuristic_MC -> NNI_Substep_22] - Distance: 43.0000
(((5,3),15),(((((((17,18),(13,20)),((19,14),11)),10),7),((8,6),4)),((1,12),(9,(16,2)))));

STEP 34 [2sECR_IncrementalHeuristic_MC -> NNI_Substep_23] - Distance: 41.0000
(((5,3),15),(((((((17,18),(13,20)),((19,14),11)),10),7),((8,6),4)),((1,12),(16,(9,2)))));

STEP 35 [3sECR_IncrementalHeuristic_MC -> NNI_Substep_1] - Distance: 41.0000
(((5,3),15),((((10,(((17,18),(13,20)),((11,14),19))),7),((8,6),4)),((1,12),(16,(9,2)))));

STEP 36 [3sECR_IncrementalHeuristic_MC -> NNI_Substep_2] - Distance: 44.0000
(((5,3),15),((((10,((((17,18),(13,20)),(11,14)),19)),7),((8,6),4)),((1,12),(16,(9,2)))));

STEP 37 [3sECR_IncrementalHeuristic_MC -> NNI_Substep_3] - Distance: 37.0000
(((5,3),15),(((((10,19),(((17,18),(13,20)),(11,14))),7),((8,6),4)),((1,12),(16,(9,2)))));

STEP 38 [3sECR_IncrementalHeuristic_MC -> NNI_Substep_4] - Distance: 37.0000
(((15,3),5),(((((10,19),(((17,18),(13,20)),(11,14))),7),((8,6),4)),((1,12),(16,(9,2)))));

STEP 39 [3sECR_IncrementalHeuristic_MC -> NNI_Substep_5] - Distance: 33.0000
((15,3),((5,((1,12),(16,(9,2)))),((((10,19),(((17,18),(13,20)),(11,14))),7),((8,6),4))));

STEP 40 [3sECR_IncrementalHeuristic_MC -> NNI_Substep_6] - Distance: 33.0000
((15,3),((5,(((1,12),16),(9,2))),((((10,19),(((17,18),(13,20)),(11,14))),7),((8,6),4))));

STEP 41 [3sECR_IncrementalHeuristic_MC -> NNI_Substep_7] - Distance: 31.0000
((15,3),(((5,(9,2)),((1,12),16)),((((10,19),(((17,18),(13,20)),(11,14))),7),((8,6),4))));

STEP 42 [3sECR_IncrementalHeuristic_MC -> NNI_Substep_8] - Distance: 32.0000
((15,3),(((((1,12),16),5),(9,2)),((((10,19),(((17,18),(13,20)),(11,14))),7),((8,6),4))));

STEP 43 [3sECR_IncrementalHeuristic_MC -> NNI_Substep_9] - Distance: 38.0000
((15,3),((((1,12),16),5),((9,2),((((10,19),(((17,18),(13,20)),(11,14))),7),((8,6),4)))));

STEP 44 [3sECR_IncrementalHeuristic_MC -> NNI_Substep_10] - Distance: 29.0000
((15,3),((((1,12),16),5),(((9,2),((8,6),4)),(((10,19),(((17,18),(13,20)),(11,14))),7))));

STEP 45 [3sECR_IncrementalHeuristic_MC -> NNI_Substep_11] - Distance: 33.0000
((15,3),((((1,12),16),5),(((9,2),(7,((10,19),(((17,18),(13,20)),(11,14))))),((8,6),4))));

STEP 46 [3sECR_IncrementalHeuristic_MC -> NNI_Substep_12] - Distance: 30.0000
((15,3),((((1,12),16),5),((((9,2),((10,19),(((17,18),(13,20)),(11,14)))),7),((8,6),4))));

STEP 47 [3sECR_IncrementalHeuristic_MC -> NNI_Substep_13] - Distance: 24.0000
((15,3),((((1,12),16),5),(((((9,2),(10,19)),(((17,18),(13,20)),(11,14))),7),((8,6),4))));

STEP 48 [3sECR_IncrementalHeuristic_MC -> NNI_Substep_14] - Distance: 26.0000
((15,3),((((1,12),16),5),(((((9,2),((11,14),((17,18),(13,20)))),(10,19)),7),((8,6),4))));

STEP 49 [3sECR_IncrementalHeuristic_MC -> NNI_Substep_15] - Distance: 22.0000
((15,3),((((1,12),16),5),((((((9,2),((17,18),(13,20))),(11,14)),(10,19)),7),((8,6),4))));

STEP 50 [3sECR_IncrementalHeuristic_MC -> NNI_Substep_16] - Distance: 18.0000
((15,3),((((1,12),16),5),(((((((9,2),(13,20)),(17,18)),(11,14)),(10,19)),7),((8,6),4))));

STEP 51 [3sECR_IncrementalHeuristic_MC -> NNI_Substep_17] - Distance: 15.0000
((15,3),((((1,12),16),5),((((((((9,2),20),13),(17,18)),(11,14)),(10,19)),7),((8,6),4))));

STEP 52 [3sECR_IncrementalHeuristic_MC -> NNI_Substep_18] - Distance: 18.0000
((15,3),((((1,12),16),5),((((10,19),((11,14),(((((9,2),20),13),17),18))),7),((8,6),4))));

STEP 53 [3sECR_IncrementalHeuristic_MC -> NNI_Substep_19] - Distance: 19.0000
((15,3),((((1,12),16),5),((((10,19),(((11,14),((((9,2),20),13),17)),18)),7),((8,6),4))));

STEP 54 [3sECR_IncrementalHeuristic_MC -> NNI_Substep_20] - Distance: 14.0000
((15,3),((((1,12),16),5),(((((10,19),18),((11,14),((((9,2),20),13),17))),7),((8,6),4))));

STEP 55 [3sECR_IncrementalHeuristic_MC -> NNI_Substep_21] - Distance: 20.0000
((15,3),((((1,12),16),5),((7,(((10,19),((11,14),((((9,2),20),13),17))),18)),((8,6),4))));

STEP 56 [3sECR_IncrementalHeuristic_MC -> NNI_Substep_22] - Distance: 12.0000
((15,3),((((1,12),16),5),(((7,18),((10,19),((11,14),((((9,2),20),13),17)))),((8,6),4))));

STEP 57 [3sECR_IncrementalHeuristic_MC -> NNI_Substep_23] - Distance: 12.0000
((15,3),((((1,12),16),5),(((7,18),((10,19),((11,14),((((9,2),20),13),17)))),((4,8),6))));

STEP 58 [3sECR_IncrementalHeuristic_MC -> NNI_Substep_24] - Distance: 22.0000
((15,3),((((1,12),16),5),((((7,18),((10,19),((11,14),((((9,2),20),13),17)))),(4,8)),6)));

STEP 59 [3sECR_IncrementalHeuristic_MC -> NNI_Substep_25] - Distance: 11.0000
((15,3),(((((1,12),16),5),6),(((7,18),((10,19),((11,14),((((9,2),20),13),17)))),(4,8))));

STEP 60 [3sECR_IncrementalHeuristic_MC -> NNI_Substep_26] - Distance: 9.0000
((15,3),(((6,(16,(1,12))),5),(((7,18),((10,19),((11,14),((((9,2),20),13),17)))),(4,8))));

STEP 61 [3sECR_IncrementalHeuristic_MC -> NNI_Substep_27] - Distance: 6.0000
((15,3),((((6,16),(1,12)),5),(((7,18),((10,19),((11,14),((((9,2),20),13),17)))),(4,8))));

STEP 62 [Heur. rSPR MC -> NNI_Substep_1] - Distance: 14.0000
((15,3),((((6,16),(1,12)),5),(((7,((10,19),((11,14),((((9,2),20),13),17)))),18),(4,8))));

STEP 63 [Heur. rSPR MC -> NNI_Substep_2] - Distance: 15.0000
((15,3),((((6,16),(1,12)),5),(((7,((10,19),((11,14),((((9,2),20),13),17)))),(4,8)),18)));

STEP 64 [Heur. rSPR MC -> NNI_Substep_3] - Distance: 19.0000
((15,3),(((((6,16),(1,12)),5),((7,((10,19),((11,14),((((9,2),20),13),17)))),(4,8))),18));

STEP 65 [Heur. rSPR MC -> NNI_Substep_4] - Distance: 0.0000
(((15,18),3),((((6,16),(1,12)),5),((7,((10,19),((11,14),((((9,2),20),13),17)))),(4,8))));

========================================================
[FINAL] Total Steps: 65 | Final Distance: 0.0000
========================================================
