========================================================
HEURISTIC TRAJECTORY: VND Incremental (MC_RF)
========================================================
STEP 0 [START] - Distance: 86.0000
(((19,1),((7,((2,(16,(6,((5,12),((11,15),(17,10)))))),(8,(9,18)))),(4,3))),(14,(20,13)));

STEP 1 [NNI_IncrementalHeuristic_MC_RF -> NNI_Substep_1] - Distance: 77.0000
(((7,((2,(16,(6,((5,12),((11,15),(17,10)))))),(8,(9,18)))),((19,1),(4,3))),(14,(20,13)));

STEP 2 [NNI_IncrementalHeuristic_MC_RF -> NNI_Substep_2] - Distance: 72.0000
(((7,((2,(8,(9,18))),(16,(6,((5,12),((11,15),(17,10))))))),((19,1),(4,3))),(14,(20,13)));

STEP 3 [NNI_IncrementalHeuristic_MC_RF -> NNI_Substep_3] - Distance: 71.0000
((((16,(6,((5,12),((11,15),(17,10))))),((2,(8,(9,18))),7)),((19,1),(4,3))),(14,(20,13)));

STEP 4 [NNI_IncrementalHeuristic_MC_RF -> NNI_Substep_4] - Distance: 68.0000
((((16,(((11,15),(17,10)),((5,12),6))),((2,(8,(9,18))),7)),((19,1),(4,3))),(14,(20,13)));

STEP 5 [NNI_IncrementalHeuristic_MC_RF -> NNI_Substep_5] - Distance: 66.0000
((((16,((2,(8,(9,18))),7)),(((11,15),(17,10)),((5,12),6))),((19,1),(4,3))),(14,(20,13)));

STEP 6 [NNI_IncrementalHeuristic_MC_RF -> NNI_Substep_6] - Distance: 64.0000
((((16,((7,(8,(9,18))),2)),(((11,15),(17,10)),((5,12),6))),((19,1),(4,3))),(14,(20,13)));

STEP 7 [NNI_IncrementalHeuristic_MC_RF -> NNI_Substep_7] - Distance: 63.0000
((((16,(((9,18),(8,7)),2)),(((11,15),(17,10)),((5,12),6))),((19,1),(4,3))),(14,(20,13)));

STEP 8 [NNI_IncrementalHeuristic_MC_RF -> NNI_Substep_8] - Distance: 62.0000
((((16,(((9,18),(8,7)),2)),(((11,15),((5,12),6)),(17,10))),((19,1),(4,3))),(14,(20,13)));

STEP 9 [NNI_IncrementalHeuristic_MC_RF -> NNI_Substep_9] - Distance: 59.0000
(((((11,15),((5,12),6)),((16,(((9,18),(8,7)),2)),(17,10))),((19,1),(4,3))),(14,(20,13)));

STEP 10 [NNI_IncrementalHeuristic_MC_RF -> NNI_Substep_10] - Distance: 56.0000
(((((11,15),((5,12),6)),(((17,10),(((9,18),(8,7)),2)),16)),((19,1),(4,3))),(14,(20,13)));

STEP 11 [NNI_IncrementalHeuristic_MC_RF -> NNI_Substep_11] - Distance: 55.0000
(((((11,15),((5,12),6)),(((17,10),(((9,18),(8,7)),2)),16)),(3,(4,(19,1)))),(14,(20,13)));

STEP 12 [2sECR_IncrementalHeuristic_MC_RF -> NNI_Substep_1] - Distance: 58.0000
((((11,15),((5,12),6)),((3,(4,(19,1))),(((17,10),(((9,18),(8,7)),2)),16))),(14,(20,13)));

STEP 13 [2sECR_IncrementalHeuristic_MC_RF -> NNI_Substep_2] - Distance: 49.0000
(((3,(4,(19,1))),((14,(20,13)),(15,(11,((5,12),6))))),(((17,10),(((9,18),(8,7)),2)),16));

STEP 14 [2sECR_IncrementalHeuristic_MC_RF -> NNI_Substep_3] - Distance: 47.0000
(((3,(4,(19,1))),((14,(20,13)),(15,(6,(11,(5,12)))))),(((17,10),(((9,18),(8,7)),2)),16));

STEP 15 [2sECR_IncrementalHeuristic_MC_RF -> NNI_Substep_4] - Distance: 47.0000
(((3,(19,(4,1))),((14,(20,13)),(15,(6,(11,(5,12)))))),(((17,10),(((9,18),(8,7)),2)),16));

STEP 16 [2sECR_IncrementalHeuristic_MC_RF -> NNI_Substep_5] - Distance: 46.0000
((((3,19),(4,1)),((14,(20,13)),(15,(6,(11,(5,12)))))),(((17,10),(((9,18),(8,7)),2)),16));

STEP 17 [2sECR_IncrementalHeuristic_MC_RF -> NNI_Substep_6] - Distance: 46.0000
((((3,19),(4,1)),((14,(20,13)),(15,(6,(5,(11,12)))))),(((17,10),(((9,18),(8,7)),2)),16));

STEP 18 [2sECR_IncrementalHeuristic_MC_RF -> NNI_Substep_7] - Distance: 45.0000
((((3,19),(4,1)),((14,(20,13)),(15,((6,5),(11,12))))),(((17,10),(((9,18),(8,7)),2)),16));

STEP 19 [2sECR_IncrementalHeuristic_MC_RF -> NNI_Substep_8] - Distance: 46.0000
((((3,19),(4,1)),((14,(20,13)),(15,(5,((11,12),6))))),(((17,10),(((9,18),(8,7)),2)),16));

STEP 20 [2sECR_IncrementalHeuristic_MC_RF -> NNI_Substep_9] - Distance: 44.0000
((((3,19),(4,1)),((14,(20,13)),((15,5),((11,12),6)))),(((17,10),(((9,18),(8,7)),2)),16));

STEP 21 [2sECR_IncrementalHeuristic_MC_RF -> NNI_Substep_10] - Distance: 45.0000
((((3,19),(4,1)),((14,(20,13)),((15,5),((11,12),6)))),(((17,10),((18,((8,7),9)),2)),16));

STEP 22 [2sECR_IncrementalHeuristic_MC_RF -> NNI_Substep_11] - Distance: 43.0000
((((3,19),(4,1)),((14,(20,13)),((15,5),((11,12),6)))),(((17,10),(((8,7),9),(2,18))),16));

STEP 23 [2sECR_IncrementalHeuristic_MC_RF -> NNI_Substep_12] - Distance: 45.0000
((((3,19),(4,1)),((14,(20,13)),((15,5),((11,12),6)))),((10,(17,(((8,7),9),(2,18)))),16));

STEP 24 [2sECR_IncrementalHeuristic_MC_RF -> NNI_Substep_13] - Distance: 42.0000
((((3,19),(4,1)),((14,(20,13)),((15,5),((11,12),6)))),((10,((2,18),(17,((8,7),9)))),16));

STEP 25 [2sECR_IncrementalHeuristic_MC_RF -> NNI_Substep_14] - Distance: 39.0000
((((3,19),(4,1)),((14,(20,13)),((15,5),((11,12),6)))),((10,((2,18),((17,9),(8,7)))),16));

STEP 26 [2sECR_IncrementalHeuristic_MC_RF -> NNI_Substep_15] - Distance: 42.0000
((((3,19),(4,1)),((14,(20,13)),((15,5),((11,12),6)))),((10,(18,(((17,9),(8,7)),2))),16));

STEP 27 [2sECR_IncrementalHeuristic_MC_RF -> NNI_Substep_16] - Distance: 38.0000
((((3,19),(4,1)),((14,(20,13)),((15,5),((11,12),6)))),(((10,18),(((17,9),(8,7)),2)),16));

STEP 28 [2sECR_IncrementalHeuristic_MC_RF -> NNI_Substep_17] - Distance: 42.0000
((((3,19),(4,1)),((14,(20,13)),((15,5),((11,12),6)))),((18,((((17,9),(8,7)),2),10)),16));

STEP 29 [2sECR_IncrementalHeuristic_MC_RF -> NNI_Substep_18] - Distance: 37.0000
((((3,19),(4,1)),((14,(20,13)),((15,5),((11,12),6)))),(((((17,9),(8,7)),2),10),(16,18)));

STEP 30 [2sECR_IncrementalHeuristic_MC_RF -> NNI_Substep_19] - Distance: 38.0000
((((3,19),(4,1)),((14,(20,13)),((15,5),((11,12),6)))),((((8,((17,9),7)),2),10),(16,18)));

STEP 31 [2sECR_IncrementalHeuristic_MC_RF -> NNI_Substep_20] - Distance: 36.0000
((((3,19),(4,1)),((14,(20,13)),((15,5),((11,12),6)))),(((((17,9),7),(2,8)),10),(16,18)));

STEP 32 [2sECR_IncrementalHeuristic_MC_RF -> NNI_Substep_21] - Distance: 38.0000
((((3,19),(4,1)),((14,(20,13)),((15,5),((11,12),6)))),(((8,(((17,9),7),2)),10),(16,18)));

STEP 33 [2sECR_IncrementalHeuristic_MC_RF -> NNI_Substep_22] - Distance: 35.0000
((((3,19),(4,1)),((14,(20,13)),((15,5),((11,12),6)))),(((((17,9),7),2),(10,8)),(16,18)));

STEP 34 [3sECR_IncrementalHeuristic_MC_RF -> NNI_Substep_1] - Distance: 44.0000
(((3,19),(4,1)),((14,(20,13)),(((15,5),((11,12),6)),(((((17,9),7),2),(10,8)),(16,18)))));

STEP 35 [3sECR_IncrementalHeuristic_MC_RF -> NNI_Substep_2] - Distance: 43.0000
(((3,19),(4,1)),((14,(20,13)),((((15,5),((11,12),6)),(16,18)),((((17,9),7),2),(10,8)))));

STEP 36 [3sECR_IncrementalHeuristic_MC_RF -> NNI_Substep_3] - Distance: 39.0000
(((3,19),(4,1)),(((14,(20,13)),((((17,9),7),2),(10,8))),(((15,5),((11,12),6)),(16,18))));

STEP 37 [3sECR_IncrementalHeuristic_MC_RF -> NNI_Substep_4] - Distance: 33.0000
((((3,19),(4,1)),(((15,5),((11,12),6)),(16,18))),(14,((20,13),((((17,9),7),2),(10,8)))));

STEP 38 [3sECR_IncrementalHeuristic_MC_RF -> NNI_Substep_5] - Distance: 36.0000
((((3,19),(4,1)),(((15,5),((11,12),6)),(16,18))),(14,((20,13),(((((17,9),7),2),10),8))));

STEP 39 [3sECR_IncrementalHeuristic_MC_RF -> NNI_Substep_6] - Distance: 35.0000
((((3,19),(4,1)),(((15,5),((11,12),6)),(16,18))),(14,(((20,13),((((17,9),7),2),10)),8)));

STEP 40 [3sECR_IncrementalHeuristic_MC_RF -> NNI_Substep_7] - Distance: 31.0000
((((3,19),(4,1)),(((15,5),((11,12),6)),(16,18))),(14,((((20,13),10),(((17,9),7),2)),8)));

STEP 41 [3sECR_IncrementalHeuristic_MC_RF -> NNI_Substep_8] - Distance: 25.0000
((((3,19),(4,1)),(((15,5),((11,12),6)),(16,18))),((14,8),(((20,13),10),(((17,9),7),2))));

STEP 42 [3sECR_IncrementalHeuristic_MC_RF -> NNI_Substep_9] - Distance: 40.0000
(((3,19),(4,1)),(((15,5),((11,12),6)),((16,18),((14,8),(((20,13),10),(((17,9),7),2))))));

STEP 43 [3sECR_IncrementalHeuristic_MC_RF -> NNI_Substep_10] - Distance: 38.0000
(((3,19),(4,1)),(((15,5),((11,12),6)),(((16,18),(((20,13),10),(((17,9),7),2))),(14,8))));

STEP 44 [3sECR_IncrementalHeuristic_MC_RF -> NNI_Substep_11] - Distance: 28.0000
(((3,19),(4,1)),((((15,5),((11,12),6)),(14,8)),((16,18),(((20,13),10),(((17,9),7),2)))));

STEP 45 [3sECR_IncrementalHeuristic_MC_RF -> NNI_Substep_12] - Distance: 17.0000
((((3,19),(4,1)),(((15,5),((11,12),6)),(14,8))),((16,18),(((10,20),13),(((17,9),7),2))));

STEP 46 [3sECR_IncrementalHeuristic_MC_RF -> NNI_Substep_13] - Distance: 19.0000
((((3,19),(4,1)),((14,8),((((11,12),6),15),5))),((16,18),(((10,20),13),(((17,9),7),2))));

STEP 47 [3sECR_IncrementalHeuristic_MC_RF -> NNI_Substep_14] - Distance: 20.0000
((((3,19),(4,1)),(((14,8),(((11,12),6),15)),5)),((16,18),(((10,20),13),(((17,9),7),2))));

STEP 48 [3sECR_IncrementalHeuristic_MC_RF -> NNI_Substep_15] - Distance: 16.0000
(((((3,19),(4,1)),5),((14,8),(((11,12),6),15))),((16,18),(((10,20),13),(((17,9),7),2))));

STEP 49 [3sECR_IncrementalHeuristic_MC_RF -> NNI_Substep_16] - Distance: 13.0000
((((5,(4,1)),(3,19)),((14,8),(((11,12),6),15))),((16,18),(((10,20),13),(((17,9),7),2))));

STEP 50 [3sECR_IncrementalHeuristic_MC_RF -> NNI_Substep_17] - Distance: 11.0000
(((((5,1),4),(3,19)),((14,8),(((11,12),6),15))),((16,18),(((10,20),13),(((17,9),7),2))));

STEP 51 [Heur. rSPR MC_RF -> NNI_Substep_1] - Distance: 17.0000
(((((5,1),4),(3,19)),((14,8),(((11,12),6),15))),((16,(((10,20),13),(((17,9),7),2))),18));

STEP 52 [Heur. rSPR MC_RF -> NNI_Substep_2] - Distance: 12.0000
(((((5,1),4),(3,19)),(((14,8),(((11,12),6),15)),18)),(16,(((10,20),13),(((17,9),7),2))));

STEP 53 [Heur. rSPR MC_RF -> NNI_Substep_3] - Distance: 9.0000
(((((5,1),4),(3,19)),((14,8),((((11,12),6),15),18))),(16,(((10,20),13),(((17,9),7),2))));

STEP 54 [Heur. rSPR MC_RF -> NNI_Substep_4] - Distance: 5.0000
(((((5,1),4),(3,19)),((14,8),(((11,12),6),(15,18)))),(16,(((10,20),13),(((17,9),7),2))));

STEP 55 [Heur. rSPR MC_RF -> NNI_Substep_5] - Distance: 7.0000
((((((5,1),4),3),19),((14,8),(((11,12),6),(15,18)))),(16,(((10,20),13),(((17,9),7),2))));

STEP 56 [Heur. rSPR MC_RF -> NNI_Substep_6] - Distance: 13.0000
((((((5,1),4),3),((14,8),(((11,12),6),(15,18)))),19),(16,(((10,20),13),(((17,9),7),2))));

STEP 57 [Heur. rSPR MC_RF -> NNI_Substep_7] - Distance: 0.0000
(((((5,1),4),3),((14,8),(((11,12),6),(15,18)))),((16,19),(((10,20),13),(((17,9),7),2))));

========================================================
[FINAL] Total Steps: 57 | Final Distance: 0.0000
========================================================
