========================================================
HEURISTIC TRAJECTORY: VND Incremental (MP)
========================================================
STEP 0 [START] - Distance: 140.0000
(((15,(12,3)),(18,(((9,(8,11)),(1,16)),(17,2)))),(6,(5,((10,(13,(7,(4,20)))),(14,19)))));

STEP 1 [NNI_IncrementalHeuristic_MP -> NNI_Substep_1] - Distance: 128.0000
(6,(((15,(12,3)),(5,((10,(13,(7,(4,20)))),(14,19)))),(18,(((9,(8,11)),(1,16)),(17,2)))));

STEP 2 [NNI_IncrementalHeuristic_MP -> NNI_Substep_2] - Distance: 125.0000
(6,((((5,((10,(13,(7,(4,20)))),(14,19))),(12,3)),15),(18,(((9,(8,11)),(1,16)),(17,2)))));

STEP 3 [NNI_IncrementalHeuristic_MP -> NNI_Substep_3] - Distance: 123.0000
(6,((((5,(19,(14,(10,(13,(7,(4,20))))))),(12,3)),15),(18,(((9,(8,11)),(1,16)),(17,2)))));

STEP 4 [NNI_IncrementalHeuristic_MP -> NNI_Substep_4] - Distance: 122.0000
(6,(((((12,3),(19,(14,(10,(13,(7,(4,20))))))),5),15),(18,(((9,(8,11)),(1,16)),(17,2)))));

STEP 5 [NNI_IncrementalHeuristic_MP -> NNI_Substep_5] - Distance: 120.0000
(6,((((19,((12,3),(14,(10,(13,(7,(4,20))))))),5),15),(18,(((9,(8,11)),(1,16)),(17,2)))));

STEP 6 [NNI_IncrementalHeuristic_MP -> NNI_Substep_6] - Distance: 119.0000
(6,((((5,((12,3),(14,(10,(13,(7,(4,20))))))),19),15),(18,(((9,(8,11)),(1,16)),(17,2)))));

STEP 7 [NNI_IncrementalHeuristic_MP -> NNI_Substep_7] - Distance: 118.0000
(6,((((5,((12,3),(14,(10,(13,(7,(4,20))))))),15),19),(18,(((9,(8,11)),(1,16)),(17,2)))));

STEP 8 [NNI_IncrementalHeuristic_MP -> NNI_Substep_8] - Distance: 112.0000
(6,((((5,((12,3),(14,(10,(13,(7,(4,20))))))),15),(18,(((9,(8,11)),(1,16)),(17,2)))),19));

STEP 9 [NNI_IncrementalHeuristic_MP -> NNI_Substep_9] - Distance: 111.0000
(6,((((5,(((14,(10,(13,(7,(4,20))))),3),12)),15),(18,(((9,(8,11)),(1,16)),(17,2)))),19));

STEP 10 [NNI_IncrementalHeuristic_MP -> NNI_Substep_10] - Distance: 110.0000
(6,((((5,(((14,(10,(13,(7,(4,20))))),3),12)),15),(18,(((9,(8,11)),(17,2)),(1,16)))),19));

STEP 11 [NNI_IncrementalHeuristic_MP -> NNI_Substep_11] - Distance: 109.0000
(6,((((5,(((14,(10,(13,(7,(4,20))))),3),12)),15),(18,((((17,2),(8,11)),9),(1,16)))),19));

STEP 12 [NNI_IncrementalHeuristic_MP -> NNI_Substep_12] - Distance: 108.0000
(6,((((5,(((14,(10,(13,(7,(4,20))))),3),12)),15),(18,(1,((((17,2),(8,11)),9),16)))),19));

STEP 13 [TBR_IncrementalHeuristic_MP -> NNI_Substep_1] - Distance: 108.0000
(6,((((5,(((14,(10,(13,(7,(4,20))))),3),12)),15),(18,(1,((((17,(8,11)),2),9),16)))),19));

STEP 14 [TBR_IncrementalHeuristic_MP -> NNI_Substep_2] - Distance: 108.0000
(6,((((5,(((14,(10,(13,(7,(4,20))))),3),12)),15),(18,(1,((((17,(8,11)),9),2),16)))),19));

STEP 15 [TBR_IncrementalHeuristic_MP -> NNI_Substep_3] - Distance: 108.0000
(6,((((5,(((14,(10,(13,(7,(4,20))))),3),12)),15),(18,(1,((((17,(8,11)),9),16),2)))),19));

STEP 16 [TBR_IncrementalHeuristic_MP -> NNI_Substep_4] - Distance: 108.0000
(6,((((5,(((14,(10,(13,(7,(4,20))))),3),12)),15),(18,((1,(((17,(8,11)),9),16)),2))),19));

STEP 17 [TBR_IncrementalHeuristic_MP -> NNI_Substep_5] - Distance: 108.0000
(6,((((5,(((14,(10,(13,(7,(4,20))))),3),12)),15),((18,(1,(((17,(8,11)),9),16))),2)),19));

STEP 18 [TBR_IncrementalHeuristic_MP -> NNI_Substep_6] - Distance: 108.0000
(6,(((((5,(((14,(10,(13,(7,(4,20))))),3),12)),15),(18,(1,(((17,(8,11)),9),16)))),2),19));

STEP 19 [TBR_IncrementalHeuristic_MP -> NNI_Substep_7] - Distance: 107.0000
(6,(((((5,(((14,(10,(13,(7,(4,20))))),3),12)),15),(18,(1,(((17,(8,11)),9),16)))),19),2));

STEP 20 [TBR_IncrementalHeuristic_MP -> NNI_Substep_8] - Distance: 91.0000
((6,2),((((5,(((14,(10,(13,(7,(4,20))))),3),12)),15),(18,(1,((((17,8),11),9),16)))),19));

STEP 21 [TBR_IncrementalHeuristic_MP -> NNI_Substep_9] - Distance: 91.0000
((6,2),((((5,(((14,(10,(13,(7,(4,20))))),3),12)),15),(18,(1,((((17,8),9),11),16)))),19));

STEP 22 [TBR_IncrementalHeuristic_MP -> NNI_Substep_10] - Distance: 91.0000
((6,2),((((5,(((14,(10,(13,(7,(4,20))))),3),12)),15),(18,(1,((((17,8),9),16),11)))),19));

STEP 23 [TBR_IncrementalHeuristic_MP -> NNI_Substep_11] - Distance: 91.0000
((6,2),((((5,(((14,(10,(13,(7,(4,20))))),3),12)),15),(18,((1,(((17,8),9),16)),11))),19));

STEP 24 [TBR_IncrementalHeuristic_MP -> NNI_Substep_12] - Distance: 91.0000
((6,2),((((5,(((14,(10,(13,(7,(4,20))))),3),12)),15),((18,(1,(((17,8),9),16))),11)),19));

STEP 25 [TBR_IncrementalHeuristic_MP -> NNI_Substep_13] - Distance: 91.0000
((6,2),(((((5,(((14,(10,(13,(7,(4,20))))),3),12)),15),(18,(1,(((17,8),9),16)))),11),19));

STEP 26 [TBR_IncrementalHeuristic_MP -> NNI_Substep_14] - Distance: 91.0000
((6,2),(((((5,(((14,(10,(13,(7,(4,20))))),3),12)),15),(18,(1,(((17,8),9),16)))),19),11));

STEP 27 [TBR_IncrementalHeuristic_MP -> NNI_Substep_15] - Distance: 72.0000
((6,(2,11)),((((5,(((14,(10,(13,(7,(4,20))))),3),12)),15),(18,(1,(((17,8),9),16)))),19));

STEP 28 [TBR_IncrementalHeuristic_MP -> NNI_Substep_16] - Distance: 72.0000
((6,(2,11)),((((5,(((14,(10,(13,((7,4),20)))),3),12)),15),(18,(1,(((17,8),9),16)))),19));

STEP 29 [TBR_IncrementalHeuristic_MP -> NNI_Substep_17] - Distance: 72.0000
((6,(2,11)),((((5,(((14,(10,((13,(7,4)),20))),3),12)),15),(18,(1,(((17,8),9),16)))),19));

STEP 30 [TBR_IncrementalHeuristic_MP -> NNI_Substep_18] - Distance: 72.0000
((6,(2,11)),((((5,(((14,((10,(13,(7,4))),20)),3),12)),15),(18,(1,(((17,8),9),16)))),19));

STEP 31 [TBR_IncrementalHeuristic_MP -> NNI_Substep_19] - Distance: 72.0000
((6,(2,11)),((((5,((((14,(10,(13,(7,4)))),20),3),12)),15),(18,(1,(((17,8),9),16)))),19));

STEP 32 [TBR_IncrementalHeuristic_MP -> NNI_Substep_20] - Distance: 72.0000
((6,(2,11)),((((5,((((14,(10,(13,(7,4)))),3),20),12)),15),(18,(1,(((17,8),9),16)))),19));

STEP 33 [TBR_IncrementalHeuristic_MP -> NNI_Substep_21] - Distance: 72.0000
((6,(2,11)),((((5,((((14,(10,(13,(7,4)))),3),12),20)),15),(18,(1,(((17,8),9),16)))),19));

STEP 34 [TBR_IncrementalHeuristic_MP -> NNI_Substep_22] - Distance: 72.0000
((6,(2,11)),(((((5,(((14,(10,(13,(7,4)))),3),12)),20),15),(18,(1,(((17,8),9),16)))),19));

STEP 35 [TBR_IncrementalHeuristic_MP -> NNI_Substep_23] - Distance: 72.0000
((6,(2,11)),(((((5,(((14,(10,(13,(7,4)))),3),12)),15),20),(18,(1,(((17,8),9),16)))),19));

STEP 36 [TBR_IncrementalHeuristic_MP -> NNI_Substep_24] - Distance: 71.0000
((6,(2,11)),(((((5,(((14,(10,(13,(7,4)))),3),12)),15),(18,(1,(((17,8),9),16)))),20),19));

STEP 37 [TBR_IncrementalHeuristic_MP -> NNI_Substep_25] - Distance: 71.0000
((6,(2,11)),(((((5,(((14,(10,(13,(7,4)))),3),12)),15),(18,(1,(((17,8),9),16)))),19),20));

STEP 38 [TBR_IncrementalHeuristic_MP -> NNI_Substep_26] - Distance: 56.0000
((6,(2,11)),((((5,(((14,(10,(13,(7,4)))),3),12)),15),(18,(1,(((17,8),9),16)))),(19,20)));

STEP 39 [TBR_IncrementalHeuristic_MP -> NNI_Substep_27] - Distance: 56.0000
((6,(2,11)),(((((5,((14,(10,(13,(7,4)))),3)),12),15),(18,(1,(((17,8),9),16)))),(19,20)));

STEP 40 [TBR_IncrementalHeuristic_MP -> NNI_Substep_28] - Distance: 56.0000
((6,(2,11)),(((((5,((14,(10,(13,(7,4)))),3)),15),12),(18,(1,(((17,8),9),16)))),(19,20)));

STEP 41 [TBR_IncrementalHeuristic_MP -> NNI_Substep_29] - Distance: 57.0000
((6,(2,11)),(((((5,((14,(10,(13,(7,4)))),3)),15),(18,(1,(((17,8),9),16)))),12),(19,20)));

STEP 42 [TBR_IncrementalHeuristic_MP -> NNI_Substep_30] - Distance: 55.0000
((6,(2,11)),((((5,((14,(10,(13,(7,4)))),3)),15),((18,(1,(((17,8),9),16))),12)),(19,20)));

STEP 43 [TBR_IncrementalHeuristic_MP -> NNI_Substep_31] - Distance: 52.0000
((6,(2,11)),((((5,((14,(10,(13,(7,4)))),3)),15),((18,12),(1,(((17,8),9),16)))),(19,20)));

STEP 44 [TBR_IncrementalHeuristic_MP -> NNI_Substep_32] - Distance: 52.0000
((6,(2,11)),((((5,(((10,(13,(7,4))),3),14)),15),((18,12),(1,(((17,8),9),16)))),(19,20)));

STEP 45 [TBR_IncrementalHeuristic_MP -> NNI_Substep_33] - Distance: 52.0000
((6,(2,11)),(((((5,((10,(13,(7,4))),3)),14),15),((18,12),(1,(((17,8),9),16)))),(19,20)));

STEP 46 [TBR_IncrementalHeuristic_MP -> NNI_Substep_34] - Distance: 52.0000
((6,(2,11)),(((((5,((10,(13,(7,4))),3)),15),14),((18,12),(1,(((17,8),9),16)))),(19,20)));

STEP 47 [TBR_IncrementalHeuristic_MP -> NNI_Substep_35] - Distance: 54.0000
((6,(2,11)),(((((5,((10,(13,(7,4))),3)),15),((18,12),(1,(((17,8),9),16)))),14),(19,20)));

STEP 48 [TBR_IncrementalHeuristic_MP -> NNI_Substep_36] - Distance: 50.0000
((6,(2,11)),((((5,((10,(13,(7,4))),3)),15),(((18,12),(1,(((17,8),9),16))),14)),(19,20)));

STEP 49 [TBR_IncrementalHeuristic_MP -> NNI_Substep_37] - Distance: 47.0000
((6,(2,11)),((((5,((10,(13,(7,4))),3)),15),(((18,12),14),(1,(((17,8),9),16)))),(19,20)));

STEP 50 [TBR_IncrementalHeuristic_MP -> NNI_Substep_38] - Distance: 46.0000
((6,(2,11)),((((5,((10,(13,(7,4))),3)),15),(((18,14),12),(1,(((17,8),9),16)))),(19,20)));

STEP 51 [TBR_IncrementalHeuristic_MP -> NNI_Substep_39] - Distance: 46.0000
((6,(2,11)),((((5,(((13,(7,4)),3),10)),15),(((18,14),12),(1,(((17,8),9),16)))),(19,20)));

STEP 52 [TBR_IncrementalHeuristic_MP -> NNI_Substep_40] - Distance: 46.0000
((6,(2,11)),(((((5,((13,(7,4)),3)),10),15),(((18,14),12),(1,(((17,8),9),16)))),(19,20)));

STEP 53 [TBR_IncrementalHeuristic_MP -> NNI_Substep_41] - Distance: 46.0000
((6,(2,11)),(((((5,((13,(7,4)),3)),15),10),(((18,14),12),(1,(((17,8),9),16)))),(19,20)));

STEP 54 [TBR_IncrementalHeuristic_MP -> NNI_Substep_42] - Distance: 47.0000
((6,(2,11)),(((((5,((13,(7,4)),3)),15),(((18,14),12),(1,(((17,8),9),16)))),10),(19,20)));

STEP 55 [TBR_IncrementalHeuristic_MP -> NNI_Substep_43] - Distance: 42.0000
((6,(2,11)),((((5,((13,(7,4)),3)),15),((((18,14),12),(1,(((17,8),9),16))),10)),(19,20)));

STEP 56 [TBR_IncrementalHeuristic_MP -> NNI_Substep_44] - Distance: 39.0000
((6,(2,11)),((((5,((13,(7,4)),3)),15),((((18,14),12),10),(1,(((17,8),9),16)))),(19,20)));

STEP 57 [TBR_IncrementalHeuristic_MP -> NNI_Substep_45] - Distance: 38.0000
((6,(2,11)),((((5,((13,(7,4)),3)),15),((((18,14),10),12),(1,(((17,8),9),16)))),(19,20)));

STEP 58 [TBR_IncrementalHeuristic_MP -> NNI_Substep_46] - Distance: 38.0000
((6,(2,11)),((((5,(((13,7),4),3)),15),((((18,14),10),12),(1,(((17,8),9),16)))),(19,20)));

STEP 59 [TBR_IncrementalHeuristic_MP -> NNI_Substep_47] - Distance: 38.0000
((6,(2,11)),((((5,(((13,7),3),4)),15),((((18,14),10),12),(1,(((17,8),9),16)))),(19,20)));

STEP 60 [TBR_IncrementalHeuristic_MP -> NNI_Substep_48] - Distance: 38.0000
((6,(2,11)),(((((5,((13,7),3)),4),15),((((18,14),10),12),(1,(((17,8),9),16)))),(19,20)));

STEP 61 [TBR_IncrementalHeuristic_MP -> NNI_Substep_49] - Distance: 38.0000
((6,(2,11)),(((((5,((13,7),3)),15),4),((((18,14),10),12),(1,(((17,8),9),16)))),(19,20)));

STEP 62 [TBR_IncrementalHeuristic_MP -> NNI_Substep_50] - Distance: 39.0000
((6,(2,11)),(((((5,((13,7),3)),15),((((18,14),10),12),(1,(((17,8),9),16)))),4),(19,20)));

STEP 63 [TBR_IncrementalHeuristic_MP -> NNI_Substep_51] - Distance: 34.0000
((6,(2,11)),((((5,((13,7),3)),15),(((((18,14),10),12),(1,(((17,8),9),16))),4)),(19,20)));

STEP 64 [TBR_IncrementalHeuristic_MP -> NNI_Substep_52] - Distance: 31.0000
((6,(2,11)),((((5,((13,7),3)),15),(((((18,14),10),12),4),(1,(((17,8),9),16)))),(19,20)));

STEP 65 [TBR_IncrementalHeuristic_MP -> NNI_Substep_53] - Distance: 30.0000
((6,(2,11)),((((5,((13,7),3)),15),(((((18,14),10),4),12),(1,(((17,8),9),16)))),(19,20)));

STEP 66 [TBR_IncrementalHeuristic_MP -> NNI_Substep_54] - Distance: 28.0000
((6,(2,11)),((((5,((13,7),3)),15),((((18,14),(10,4)),12),(1,(((17,8),9),16)))),(19,20)));

STEP 67 [TBR_IncrementalHeuristic_MP -> NNI_Substep_55] - Distance: 28.0000
((6,(2,11)),((((5,((13,7),3)),15),((((18,14),(10,4)),12),(1,(((17,9),8),16)))),(19,20)));

STEP 68 [TBR_IncrementalHeuristic_MP -> NNI_Substep_56] - Distance: 28.0000
((6,(2,11)),((((5,((13,7),3)),15),((((18,14),(10,4)),12),(1,(((17,9),16),8)))),(19,20)));

STEP 69 [TBR_IncrementalHeuristic_MP -> NNI_Substep_57] - Distance: 28.0000
((6,(2,11)),((((5,((13,7),3)),15),((((18,14),(10,4)),12),((1,((17,9),16)),8))),(19,20)));

STEP 70 [TBR_IncrementalHeuristic_MP -> NNI_Substep_58] - Distance: 28.0000
((6,(2,11)),((((5,((13,7),3)),15),(((((18,14),(10,4)),12),(1,((17,9),16))),8)),(19,20)));

STEP 71 [TBR_IncrementalHeuristic_MP -> NNI_Substep_59] - Distance: 28.0000
((6,(2,11)),(((((5,((13,7),3)),15),((((18,14),(10,4)),12),(1,((17,9),16)))),8),(19,20)));

STEP 72 [TBR_IncrementalHeuristic_MP -> NNI_Substep_60] - Distance: 20.0000
((6,(2,11)),(((((5,((13,7),3)),15),8),((((18,14),(10,4)),12),(1,((17,9),16)))),(19,20)));

STEP 73 [TBR_IncrementalHeuristic_MP -> NNI_Substep_61] - Distance: 19.0000
((6,(2,11)),(((((5,((13,7),3)),8),15),((((18,14),(10,4)),12),(1,((17,9),16)))),(19,20)));

STEP 74 [TBR_IncrementalHeuristic_MP -> NNI_Substep_62] - Distance: 18.0000
((6,(2,11)),((((5,(((13,7),3),8)),15),((((18,14),(10,4)),12),(1,((17,9),16)))),(19,20)));

STEP 75 [TBR_IncrementalHeuristic_MP -> NNI_Substep_63] - Distance: 17.0000
((6,(2,11)),((((5,(((13,7),8),3)),15),((((18,14),(10,4)),12),(1,((17,9),16)))),(19,20)));

STEP 76 [TBR_IncrementalHeuristic_MP -> NNI_Substep_64] - Distance: 16.0000
((6,(2,11)),((((5,((13,(7,8)),3)),15),((((18,14),(10,4)),12),(1,((17,9),16)))),(19,20)));

STEP 77 [TBR_IncrementalHeuristic_MP -> NNI_Substep_65] - Distance: 16.0000
((6,(2,11)),((((5,((13,(7,8)),3)),15),(((((18,14),(10,4)),12),((17,9),16)),1)),(19,20)));

STEP 78 [TBR_IncrementalHeuristic_MP -> NNI_Substep_66] - Distance: 13.0000
((6,(2,11)),(((((5,((13,(7,8)),3)),15),((((18,14),(10,4)),12),((17,9),16))),1),(19,20)));

STEP 79 [TBR_IncrementalHeuristic_MP -> NNI_Substep_67] - Distance: 5.0000
((6,(2,11)),(((((5,((13,(7,8)),3)),15),1),((((18,14),(10,4)),12),((17,9),16))),(19,20)));

STEP 80 [TBR_IncrementalHeuristic_MP -> NNI_Substep_68] - Distance: 4.0000
((6,(2,11)),(((((5,((13,(7,8)),3)),1),15),((((18,14),(10,4)),12),((17,9),16))),(19,20)));

STEP 81 [TBR_IncrementalHeuristic_MP -> NNI_Substep_69] - Distance: 3.0000
((6,(2,11)),((((5,(((13,(7,8)),3),1)),15),((((18,14),(10,4)),12),((17,9),16))),(19,20)));

STEP 82 [TBR_IncrementalHeuristic_MP -> NNI_Substep_70] - Distance: 2.0000
((6,(2,11)),((((5,((((7,8),3),13),1)),15),((((18,14),(10,4)),12),((17,9),16))),(19,20)));

STEP 83 [TBR_IncrementalHeuristic_MP -> NNI_Substep_71] - Distance: 1.0000
((6,(2,11)),((((5,((((7,8),3),1),13)),15),((((18,14),(10,4)),12),((17,9),16))),(19,20)));

STEP 84 [TBR_IncrementalHeuristic_MP -> NNI_Substep_72] - Distance: 0.0000
((6,(2,11)),(((((5,(((7,8),3),1)),13),15),((((18,14),(10,4)),12),((17,9),16))),(19,20)));

========================================================
[FINAL] Total Steps: 84 | Final Distance: 0.0000
========================================================
