========================================================
HEURISTIC TRAJECTORY: VND Incremental (MC)
========================================================
STEP 0 [START] - Distance: 82.0000
(((16,((2,13),(10,(19,14)))),((3,(6,5)),(((1,(15,12)),(8,(20,4))),(11,18)))),(9,(7,17)));

STEP 1 [NNI_IncrementalHeuristic_MC -> NNI_Substep_1] - Distance: 77.0000
(((3,(6,5)),((16,((2,13),(10,(19,14)))),(((1,(15,12)),(8,(20,4))),(11,18)))),(9,(7,17)));

STEP 2 [NNI_IncrementalHeuristic_MC -> NNI_Substep_2] - Distance: 75.0000
(((3,(6,5)),((11,18),(((1,(15,12)),(8,(20,4))),(16,((2,13),(10,(19,14))))))),(9,(7,17)));

STEP 3 [NNI_IncrementalHeuristic_MC -> NNI_Substep_3] - Distance: 74.0000
(((11,18),((3,(6,5)),(((1,(15,12)),(8,(20,4))),(16,((2,13),(10,(19,14))))))),(9,(7,17)));

STEP 4 [NNI_IncrementalHeuristic_MC -> NNI_Substep_4] - Distance: 65.0000
(((3,(6,5)),((9,(7,17)),(((1,(15,12)),(8,(20,4))),(16,((2,13),(10,(19,14))))))),(11,18));

STEP 5 [NNI_IncrementalHeuristic_MC -> NNI_Substep_5] - Distance: 64.0000
(((3,(6,5)),((9,(7,17)),(((16,((2,13),(10,(19,14)))),(8,(20,4))),(1,(15,12))))),(11,18));

STEP 6 [NNI_IncrementalHeuristic_MC -> NNI_Substep_6] - Distance: 62.0000
(((3,(6,5)),((9,(7,17)),(((16,(8,(20,4))),((2,13),(10,(19,14)))),(1,(15,12))))),(11,18));

STEP 7 [NNI_IncrementalHeuristic_MC -> NNI_Substep_7] - Distance: 61.0000
(((3,(6,5)),((9,(7,17)),(((1,(15,12)),((2,13),(10,(19,14)))),(16,(8,(20,4)))))),(11,18));

STEP 8 [NNI_IncrementalHeuristic_MC -> NNI_Substep_8] - Distance: 58.0000
(((3,(6,5)),((9,(7,17)),(((1,((2,13),(10,(19,14)))),(15,12)),(16,(8,(20,4)))))),(11,18));

STEP 9 [NNI_IncrementalHeuristic_MC -> NNI_Substep_9] - Distance: 57.0000
(((3,(6,5)),((9,(7,17)),(((1,((2,13),(10,(19,14)))),(15,12)),((20,4),(8,16))))),(11,18));

STEP 10 [2sECR_IncrementalHeuristic_MC -> NNI_Substep_1] - Distance: 57.0000
(((3,(6,5)),((9,(7,17)),(((1,(13,(2,(10,(19,14))))),(15,12)),((20,4),(8,16))))),(11,18));

STEP 11 [2sECR_IncrementalHeuristic_MC -> NNI_Substep_2] - Distance: 54.0000
(((3,(6,5)),((9,(7,17)),(((1,(13,((19,14),(2,10)))),(15,12)),((20,4),(8,16))))),(11,18));

STEP 12 [2sECR_IncrementalHeuristic_MC -> NNI_Substep_3] - Distance: 58.0000
(((3,(6,5)),((9,(7,17)),((1,(13,((19,14),(2,10)))),(((20,4),(8,16)),(15,12))))),(11,18));

STEP 13 [2sECR_IncrementalHeuristic_MC -> NNI_Substep_4] - Distance: 57.0000
(((3,(6,5)),(((9,(7,17)),(1,(13,((19,14),(2,10))))),(((20,4),(8,16)),(15,12)))),(11,18));

STEP 14 [2sECR_IncrementalHeuristic_MC -> NNI_Substep_5] - Distance: 52.0000
(((3,(6,5)),((15,12),(((20,4),(8,16)),((9,(7,17)),(1,(13,((19,14),(2,10)))))))),(11,18));

STEP 15 [2sECR_IncrementalHeuristic_MC -> NNI_Substep_6] - Distance: 52.0000
(((3,(6,5)),((15,12),(((20,4),(8,16)),((9,(7,17)),(13,(1,((19,14),(2,10)))))))),(11,18));

STEP 16 [2sECR_IncrementalHeuristic_MC -> NNI_Substep_7] - Distance: 50.0000
(((3,(6,5)),((15,12),(((20,4),(8,16)),(13,((9,(7,17)),(1,((19,14),(2,10)))))))),(11,18));

STEP 17 [2sECR_IncrementalHeuristic_MC -> NNI_Substep_8] - Distance: 48.0000
(((3,(6,5)),((15,12),(((20,4),(8,16)),(13,(1,((9,(7,17)),((19,14),(2,10)))))))),(11,18));

STEP 18 [2sECR_IncrementalHeuristic_MC -> NNI_Substep_9] - Distance: 49.0000
(((3,(6,5)),((15,12),(13,(((20,4),(8,16)),(1,((9,(7,17)),((19,14),(2,10)))))))),(11,18));

STEP 19 [2sECR_IncrementalHeuristic_MC -> NNI_Substep_10] - Distance: 48.0000
(((3,(6,5)),(13,((15,12),(((20,4),(8,16)),(1,((9,(7,17)),((19,14),(2,10)))))))),(11,18));

STEP 20 [2sECR_IncrementalHeuristic_MC -> NNI_Substep_11] - Distance: 46.0000
(((3,(6,5)),(13,(((20,4),(8,16)),((15,12),(1,((9,(7,17)),((19,14),(2,10)))))))),(11,18));

STEP 21 [2sECR_IncrementalHeuristic_MC -> NNI_Substep_12] - Distance: 56.0000
((3,((6,5),(13,(((20,4),(8,16)),((15,12),(1,((9,(7,17)),((19,14),(2,10))))))))),(11,18));

STEP 22 [2sECR_IncrementalHeuristic_MC -> NNI_Substep_13] - Distance: 46.0000
((3,((((20,4),(8,16)),((15,12),(1,((9,(7,17)),((19,14),(2,10)))))),((6,5),13))),(11,18));

STEP 23 [2sECR_IncrementalHeuristic_MC -> NNI_Substep_14] - Distance: 42.0000
(((3,(((20,4),(8,16)),((15,12),(1,((9,(7,17)),((19,14),(2,10))))))),((6,5),13)),(11,18));

STEP 24 [2sECR_IncrementalHeuristic_MC -> NNI_Substep_15] - Distance: 50.0000
(((3,((20,4),(((15,12),(1,((9,(7,17)),((19,14),(2,10))))),(8,16)))),((6,5),13)),(11,18));

STEP 25 [2sECR_IncrementalHeuristic_MC -> NNI_Substep_16] - Distance: 39.0000
((((3,(20,4)),(((15,12),(1,((9,(7,17)),((19,14),(2,10))))),(8,16))),((6,5),13)),(11,18));

STEP 26 [2sECR_IncrementalHeuristic_MC -> NNI_Substep_17] - Distance: 41.0000
((((3,(20,4)),((15,12),((8,16),(1,((9,(7,17)),((19,14),(2,10))))))),((6,5),13)),(11,18));

STEP 27 [2sECR_IncrementalHeuristic_MC -> NNI_Substep_18] - Distance: 40.0000
((((15,12),((3,(20,4)),((8,16),(1,((9,(7,17)),((19,14),(2,10))))))),((6,5),13)),(11,18));

STEP 28 [2sECR_IncrementalHeuristic_MC -> NNI_Substep_19] - Distance: 37.0000
((((15,12),((8,16),((3,(20,4)),(1,((9,(7,17)),((19,14),(2,10))))))),((6,5),13)),(11,18));

STEP 29 [2sECR_IncrementalHeuristic_MC -> NNI_Substep_20] - Distance: 43.0000
(((12,(((8,16),((3,(20,4)),(1,((9,(7,17)),((19,14),(2,10)))))),15)),((6,5),13)),(11,18));

STEP 30 [2sECR_IncrementalHeuristic_MC -> NNI_Substep_21] - Distance: 36.0000
(((((8,16),((3,(20,4)),(1,((9,(7,17)),((19,14),(2,10)))))),15),(((6,5),13),12)),(11,18));

STEP 31 [2sECR_IncrementalHeuristic_MC -> NNI_Substep_22] - Distance: 33.0000
(((((8,16),((3,(20,4)),(1,((9,(7,17)),((19,14),(2,10)))))),15),((6,5),(12,13))),(11,18));

STEP 32 [3sECR_IncrementalHeuristic_MC -> NNI_Substep_1] - Distance: 33.0000
(((((8,16),((3,(20,4)),(1,(((9,17),7),((19,14),(2,10)))))),15),((6,5),(12,13))),(11,18));

STEP 33 [3sECR_IncrementalHeuristic_MC -> NNI_Substep_2] - Distance: 33.0000
(((((8,16),((3,(20,4)),(1,((9,17),(7,((19,14),(2,10))))))),15),((6,5),(12,13))),(11,18));

STEP 34 [3sECR_IncrementalHeuristic_MC -> NNI_Substep_3] - Distance: 30.0000
(((((8,16),((3,(20,4)),(1,((9,17),((7,(2,10)),(19,14)))))),15),((6,5),(12,13))),(11,18));

STEP 35 [3sECR_IncrementalHeuristic_MC -> NNI_Substep_4] - Distance: 34.0000
(((((8,16),((3,(20,4)),(1,((((7,(2,10)),(19,14)),9),17)))),15),((6,5),(12,13))),(11,18));

STEP 36 [3sECR_IncrementalHeuristic_MC -> NNI_Substep_5] - Distance: 34.0000
(((((8,16),((3,(20,4)),((1,(((7,(2,10)),(19,14)),9)),17))),15),((6,5),(12,13))),(11,18));

STEP 37 [3sECR_IncrementalHeuristic_MC -> NNI_Substep_6] - Distance: 32.0000
(((((8,16),(((3,(20,4)),(1,(((7,(2,10)),(19,14)),9))),17)),15),((6,5),(12,13))),(11,18));

STEP 38 [3sECR_IncrementalHeuristic_MC -> NNI_Substep_7] - Distance: 30.0000
(((((8,16),((((3,(20,4)),(((7,(2,10)),(19,14)),9)),1),17)),15),((6,5),(12,13))),(11,18));

STEP 39 [3sECR_IncrementalHeuristic_MC -> NNI_Substep_8] - Distance: 26.0000
(((((8,16),(((((3,(20,4)),9),((7,(2,10)),(19,14))),1),17)),15),((6,5),(12,13))),(11,18));

STEP 40 [3sECR_IncrementalHeuristic_MC -> NNI_Substep_9] - Distance: 32.0000
(((15,(((8,16),17),((((3,(20,4)),9),((7,(2,10)),(19,14))),1))),((6,5),(12,13))),(11,18));

STEP 41 [3sECR_IncrementalHeuristic_MC -> NNI_Substep_10] - Distance: 32.0000
((((15,((((3,(20,4)),9),((7,(2,10)),(19,14))),1)),((8,16),17)),((6,5),(12,13))),(11,18));

STEP 42 [3sECR_IncrementalHeuristic_MC -> NNI_Substep_11] - Distance: 22.0000
(((((15,((((3,(20,4)),9),((7,(2,10)),(19,14))),1)),(8,16)),17),((6,5),(12,13))),(11,18));

STEP 43 [3sECR_IncrementalHeuristic_MC -> NNI_Substep_12] - Distance: 22.0000
(((((15,((((7,(2,10)),(19,14)),(9,((3,4),20))),1)),(8,16)),17),((6,5),(12,13))),(11,18));

STEP 44 [3sECR_IncrementalHeuristic_MC -> NNI_Substep_13] - Distance: 19.0000
(((((15,((((7,(2,10)),(19,14)),((9,20),(3,4))),1)),(8,16)),17),((6,5),(12,13))),(11,18));

STEP 45 [3sECR_IncrementalHeuristic_MC -> NNI_Substep_14] - Distance: 17.0000
(((((15,(((((7,2),10),(19,14)),((9,20),(3,4))),1)),(8,16)),17),((6,5),(12,13))),(11,18));

STEP 46 [3sECR_IncrementalHeuristic_MC -> NNI_Substep_15] - Distance: 18.0000
(((((15,(1,((((7,2),10),(19,14)),(((9,20),3),4)))),(8,16)),17),((6,5),(12,13))),(11,18));

STEP 47 [3sECR_IncrementalHeuristic_MC -> NNI_Substep_16] - Distance: 22.0000
(((((15,(1,(((((7,2),10),(19,14)),((9,20),3)),4))),(8,16)),17),((6,5),(12,13))),(11,18));

STEP 48 [3sECR_IncrementalHeuristic_MC -> NNI_Substep_17] - Distance: 15.0000
(((((15,((1,4),((((7,2),10),(19,14)),((9,20),3)))),(8,16)),17),((6,5),(12,13))),(11,18));

STEP 49 [3sECR_IncrementalHeuristic_MC -> NNI_Substep_18] - Distance: 17.0000
(((((15,((1,4),(((9,20),3),((((7,2),10),19),14)))),(8,16)),17),((6,5),(12,13))),(11,18));

STEP 50 [3sECR_IncrementalHeuristic_MC -> NNI_Substep_19] - Distance: 19.0000
(((((15,((1,4),((((9,20),3),(((7,2),10),19)),14))),(8,16)),17),((6,5),(12,13))),(11,18));

STEP 51 [3sECR_IncrementalHeuristic_MC -> NNI_Substep_20] - Distance: 14.0000
(((((15,(((1,4),14),(((9,20),3),(((7,2),10),19)))),(8,16)),17),((6,5),(12,13))),(11,18));

STEP 52 [3sECR_IncrementalHeuristic_MC -> NNI_Substep_21] - Distance: 20.0000
(((((8,16),(15,(((((9,20),3),(((7,2),10),19)),(1,4)),14))),17),((6,5),(12,13))),(11,18));

STEP 53 [3sECR_IncrementalHeuristic_MC -> NNI_Substep_22] - Distance: 20.0000
(((((8,16),((15,((((9,20),3),(((7,2),10),19)),(1,4))),14)),17),((6,5),(12,13))),(11,18));

STEP 54 [3sECR_IncrementalHeuristic_MC -> NNI_Substep_23] - Distance: 10.0000
((((((8,16),14),(15,((((9,20),3),(((7,2),10),19)),(1,4)))),17),((6,5),(12,13))),(11,18));

STEP 55 [3sECR_IncrementalHeuristic_MC -> NNI_Substep_24] - Distance: 8.0000
((((((14,8),16),(15,((((9,20),3),(((7,2),10),19)),(1,4)))),17),((6,5),(12,13))),(11,18));

STEP 56 [3sECR_IncrementalHeuristic_MC -> NNI_Substep_25] - Distance: 14.0000
((((((14,8),16),(15,(((((9,20),3),(((7,2),10),19)),1),4))),17),((6,5),(12,13))),(11,18));

STEP 57 [3sECR_IncrementalHeuristic_MC -> NNI_Substep_26] - Distance: 7.0000
((((((14,8),16),((15,4),((((9,20),3),(((7,2),10),19)),1))),17),((6,5),(12,13))),(11,18));

STEP 58 [3sECR_IncrementalHeuristic_MC -> NNI_Substep_27] - Distance: 14.0000
(((17,(((14,8),16),((((((9,20),3),(((7,2),10),19)),1),15),4))),((6,5),(12,13))),(11,18));

STEP 59 [3sECR_IncrementalHeuristic_MC -> NNI_Substep_28] - Distance: 16.0000
(((17,((((14,8),16),(((((9,20),3),(((7,2),10),19)),1),15)),4)),((6,5),(12,13))),(11,18));

STEP 60 [3sECR_IncrementalHeuristic_MC -> NNI_Substep_29] - Distance: 5.0000
((((17,4),(((14,8),16),(((((9,20),3),(((7,2),10),19)),1),15))),((6,5),(12,13))),(11,18));

STEP 61 [3sECR_IncrementalHeuristic_MC -> NNI_Substep_30] - Distance: 16.0000
((11,18),(((6,5),(12,13)),(((((14,8),16),(((((9,20),3),(((7,2),10),19)),1),15)),17),4)));

STEP 62 [3sECR_IncrementalHeuristic_MC -> NNI_Substep_31] - Distance: 0.0000
((11,18),((((6,5),(12,13)),((((14,8),16),(((((9,20),3),(((7,2),10),19)),1),15)),17)),4));

========================================================
[FINAL] Total Steps: 62 | Final Distance: 0.0000
========================================================
